# X , Y , E Distribution=true
1
-0.1198,0,0
-0.1194,0.0133754,0.0134023
-0.119,0,0
-0.1186,0,0
-0.1182,0,0
-0.1178,0,0
-0.1174,0,0
-0.117,0,0
-0.1166,0,0
-0.1162,0,0
-0.1158,0,0
-0.1154,0,0
-0.115,0,0
-0.1146,0.012721,0.0127453
-0.1142,0,0
-0.1138,0,0
-0.1134,0.0125916,0.0126153
-0.113,0.012099,0.0121209
-0.1126,0,0
-0.1122,0,0
-0.1118,0,0
-0.1114,0,0
-0.111,0,0
-0.1106,0,0
-0.1102,0,0
-0.1098,0.0133703,0.013397
-0.1094,0,0
-0.109,0,0
-0.1086,0,0
-0.1082,0,0
-0.1078,0,0
-0.1074,0,0
-0.107,0,0
-0.1066,0,0
-0.1062,0.0121761,0.0121982
-0.1058,0,0
-0.1054,0,0
-0.105,0,0
-0.1046,0,0
-0.1042,0,0
-0.1038,0,0
-0.1034,0,0
-0.103,0,0
-0.1026,0,0
-0.1022,0,0
-0.1018,0,0
-0.1014,0,0
-0.101,0,0
-0.1006,0,0
-0.1002,0,0
-0.0998,0,0
-0.0994,0,0
-0.099,0,0
-0.0986,0,0
-0.0982,0,0
-0.0978,0,0
-0.0974,0.0130481,0.0130734
-0.097,0.013184,0.0132098
-0.0966,0,0
-0.0962,0,0
-0.0958,0,0
-0.0954,0,0
-0.095,0,0
-0.0946,0,0
-0.0942,0,0
-0.0938,0,0
-0.0934,0,0
-0.093,0,0
-0.0926,0,0
-0.0922,0,0
-0.0918,0,0
-0.0914,0,0
-0.091,0,0
-0.0906,0.0122667,0.0122889
-0.0902,0,0
-0.0898,0,0
-0.0894,0,0
-0.089,0,0
-0.0886,0,0
-0.0882,0,0
-0.0878,0,0
-0.0874,0,0
-0.087,0,0
-0.0866,0.0128446,0.012869
-0.0862,0,0
-0.0858,0,0
-0.0854,0,0
-0.085,0,0
-0.0846,0,0
-0.0842,0,0
-0.0838,0,0
-0.0834,0,0
-0.083,0,0
-0.0826,0,0
-0.0822,0,0
-0.0818,0,0
-0.0814,0,0
-0.081,0,0
-0.0806,0,0
-0.0802,0,0
-0.0798,0,0
-0.0794,0,0
-0.079,0,0
-0.0786,0,0
-0.0782,0,0
-0.0778,0,0
-0.0774,0,0
-0.077,0,0
-0.0766,0,0
-0.0762,0,0
-0.0758,0,0
-0.0754,0,0
-0.075,0,0
-0.0746,0.0102483,0.0116334
-0.0742,0,0
-0.0738,0.0137907,0.0138186
-0.0734,0,0
-0.073,0,0
-0.0726,0,0
-0.0722,0,0
-0.0718,0,0
-0.0714,0,0
-0.071,0,0
-0.0706,0,0
-0.0702,0,0
-0.0698,0,0
-0.0694,0,0
-0.069,0,0
-0.0686,0,0
-0.0682,0,0
-0.0678,0,0
-0.0674,0,0
-0.067,0,0
-0.0666,0,0
-0.0662,0,0
-0.0658,0,0
-0.0654,0,0
-0.065,0,0
-0.0646,0,0
-0.0642,0,0
-0.0638,0,0
-0.0634,0,0
-0.063,0,0
-0.0626,0,0
-0.0622,0,0
-0.0618,0,0
-0.0614,0,0
-0.061,0,0
-0.0606,0,0
-0.0602,0.0106525,0.0115584
-0.0598,0,0
-0.0594,0,0
-0.059,0,0
-0.0586,0,0
-0.0582,0.00785204,0.0101387
-0.0578,0,0
-0.0574,0,0
-0.057,0,0
-0.0566,0,0
-0.0562,0,0
-0.0558,0,0
-0.0554,0.0103442,0.0114013
-0.055,0,0
-0.0546,0,0
-0.0542,0,0
-0.0538,0,0
-0.0534,0,0
-0.053,0.0117079,0.0117279
-0.0526,0,0
-0.0522,0.0123346,0.0123568
-0.0518,0,0
-0.0514,0.0125269,0.0125497
-0.051,0,0
-0.0506,0,0
-0.0502,0,0
-0.0498,0,0
-0.0494,0,0
-0.049,0,0
-0.0486,0.0138552,0.0138831
-0.0482,0,0
-0.0478,0,0
-0.0474,0,0
-0.047,0,0
-0.0466,0,0
-0.0462,0,0
-0.0458,0,0
-0.0454,0,0
-0.045,0,0
-0.0446,0,0
-0.0442,0,0
-0.0438,0,0
-0.0434,0,0
-0.043,0,0
-0.0426,0,0
-0.0422,0,0
-0.0418,0,0
-0.0414,0,0
-0.041,0,0
-0.0406,0,0
-0.0402,0,0
-0.0398,0,0
-0.0394,0,0
-0.039,0,0
-0.0386,0,0
-0.0382,0.0126258,0.0126489
-0.0378,0.0069297,0.00932254
-0.0374,0,0
-0.037,0,0
-0.0366,0,0
-0.0362,0.0139023,0.0139302
-0.0358,0,0
-0.0354,0,0
-0.035,0,0
-0.0346,0.0136588,0.0136857
-0.0342,0,0
-0.0338,0,0
-0.0334,0,0
-0.033,0,0
-0.0326,0,0
-0.0322,0,0
-0.0318,0,0
-0.0314,0,0
-0.031,0,0
-0.0306,0,0
-0.0302,0.0129299,0.012954
-0.0298,0,0
-0.0294,0,0
-0.029,0,0
-0.0286,0,0
-0.0282,0,0
-0.0278,0,0
-0.0274,0,0
-0.027,0.0137698,0.0137971
-0.0266,0.0131952,0.0132203
-0.0262,0,0
-0.0258,0,0
-0.0254,0,0
-0.025,0,0
-0.0246,0,0
-0.0242,0,0
-0.0238,0,0
-0.0234,0,0
-0.023,0,0
-0.0226,0.0131682,0.0131931
-0.0222,0,0
-0.0218,0,0
-0.0214,0,0
-0.021,0.0140486,0.0140769
-0.0206,0,0
-0.0202,0,0
-0.0198,0,0
-0.0194,0,0
-0.019,0.0134721,0.0134981
-0.0186,0,0
-0.0182,0,0
-0.0178,0,0
-0.0174,0.0137536,0.0137807
-0.017,0,0
-0.0166,0,0
-0.0162,0,0
-0.0158,0,0
-0.0154,0.00480231,0.00785602
-0.015,0,0
-0.0146,0,0
-0.0142,0,0
-0.0138,0,0
-0.0134,0,0
-0.013,0,0
-0.0126,0.00487486,0.00804154
-0.0122,0.0066154,0.0092228
-0.0118,0.0140212,0.0140493
-0.0114,0,0
-0.011,0,0
-0.0106,0,0
-0.0102,0.0127603,0.0127835
-0.0098,0.0247613,0.0175399
-0.0094,0.0277609,0.0196689
-0.009,0.0149965,0.0135917
-0.0086,0.0125913,0.0126139
-0.0082,0,0
-0.0078,0.0012411,0.00400984
-0.0074,0.0141352,0.0141636
-0.007,0.012879,0.0129026
-0.0066,0.0131162,0.0131407
-0.0062,0,0
-0.0058,0.0138506,0.0138779
-0.0054,0.0391235,0.0226362
-0.005,0.0145759,0.0146062
-0.0046,0.051973,0.0260349
-0.0042,0.0749154,0.0317404
-0.0038,0.0482917,0.0261139
-0.0034,0.0724581,0.0309539
-0.003,0.180803,0.0474485
-0.0026,0.338148,0.065618
-0.0022,0.725477,0.0983744
-0.0018,1.28148,0.133264
-0.0014,2.11595,0.172294
-0.001,2.88651,0.191877
-0.0006,4.37189,0.238726
-0.0002,4.97934,0.259477
0.0002,4.16346,0.230269
0.0006,3.11171,0.199247
0.001,2.15471,0.165333
0.0014,0.849496,0.101357
0.0018,0.639083,0.087887
0.0022,0.259992,0.0562906
0.0026,0.0637612,0.028618
0.003,0.0128177,0.012841
0.0034,0,0
0.0038,0,0
0.0042,0,0
0.0046,0,0
0.005,0,0
0.0054,0.00246907,0.00573276
0.0058,0,0
0.0062,0,0
0.0066,0.0133137,0.0133388
0.007,0,0
0.0074,0,0
0.0078,0,0
0.0082,0.0129666,0.0129904
0.0086,0,0
0.009,0,0
0.0094,0,0
0.0098,0.0126507,0.0126733
0.0102,0,0
0.0106,0,0
0.011,0.0132711,0.013296
0.0114,0,0
0.0118,0,0
0.0122,0,0
0.0126,0.0246058,0.0178505
0.013,0,0
0.0134,0,0
0.0138,0.0129563,0.01298
0.0142,0.00199156,0.00508941
0.0146,0.0120397,0.0120601
0.015,0.0139711,0.0139986
0.0154,0.0134475,0.0134729
0.0158,0,0
0.0162,0,0
0.0166,0,0
0.017,0,0
0.0174,0.012836,0.0128592
0.0178,0,0
0.0182,0,0
0.0186,0,0
0.019,0,0
0.0194,0.0374313,0.0216491
0.0198,0,0
0.0202,0,0
0.0206,0.0132548,0.0132795
0.021,0,0
0.0214,0.0130354,0.0130593
0.0218,0,0
0.0222,0,0
0.0226,0,0
0.023,0,0
0.0234,0,0
0.0238,0,0
0.0242,0.0271951,0.0192665
0.0246,0,0
0.025,0,0
0.0254,0,0
0.0258,0,0
0.0262,0,0
0.0266,0.0141055,0.0141333
0.027,0,0
0.0274,0,0
0.0278,0,0
0.0282,0,0
0.0286,0,0
0.029,0,0
0.0294,0.0133016,0.0133264
0.0298,0,0
0.0302,0,0
0.0306,0,0
0.031,0,0
0.0314,0.0134167,0.0134419
0.0318,0,0
0.0322,0,0
0.0326,0.0137417,0.0137681
0.033,0,0
0.0334,0,0
0.0338,0,0
0.0342,0,0
0.0346,0,0
0.035,0.0128592,0.0128822
0.0354,0,0
0.0358,0,0
0.0362,0,0
0.0366,0,0
0.037,0,0
0.0374,0.0121912,0.0122119
0.0378,0,0
0.0382,0.0134612,0.0134864
0.0386,0,0
0.039,0,0
0.0394,0,0
0.0398,0,0
0.0402,0,0
0.0406,0,0
0.041,0,0
0.0414,0,0
0.0418,0,0
0.0422,0,0
0.0426,0,0
0.043,0,0
0.0434,0,0
0.0438,0,0
0.0442,0.0215584,0.0166658
0.0446,0,0
0.045,0,0
0.0454,0,0
0.0458,0,0
0.0462,0,0
0.0466,0,0
0.047,0,0
0.0474,0,0
0.0478,0,0
0.0482,0,0
0.0486,0,0
0.049,0,0
0.0494,0,0
0.0498,0,0
0.0502,0,0
0.0506,0.0138644,0.013891
0.051,0,0
0.0514,0,0
0.0518,0,0
0.0522,0,0
0.0526,0,0
0.053,0,0
0.0534,0.0124123,0.0124336
0.0538,0,0
0.0542,0,0
0.0546,0,0
0.055,0.0130549,0.0130784
0.0554,0,0
0.0558,0,0
0.0562,0,0
0.0566,0,0
0.057,0.0132511,0.0132753
0.0574,0,0
0.0578,0.0130109,0.0130343
0.0582,0,0
0.0586,0,0
0.059,0,0
0.0594,0,0
0.0598,0,0
0.0602,0,0
0.0606,0,0
0.061,0.013145,0.0131688
0.0614,0,0
0.0618,0,0
0.0622,0.0131663,0.0131901
0.0626,0,0
0.063,0,0
0.0634,0,0
0.0638,0.0124,0.0124211
0.0642,0,0
0.0646,0.0133666,0.0133912
0.065,0.0130913,0.0131149
0.0654,0,0
0.0658,0,0
0.0662,0,0
0.0666,0,0
0.067,0,0
0.0674,0,0
0.0678,0,0
0.0682,0.0137468,0.0137726
0.0686,0,0
0.069,0,0
0.0694,0,0
0.0698,0,0
0.0702,0,0
0.0706,0,0
0.071,0,0
0.0714,0,0
0.0718,0,0
0.0722,0,0
0.0726,0,0
0.073,0,0
0.0734,0,0
0.0738,0,0
0.0742,0,0
0.0746,0,0
0.075,0,0
0.0754,0,0
0.0758,0.0123459,0.0123667
0.0762,0,0
0.0766,0,0
0.077,0,0
0.0774,0,0
0.0778,0.013956,0.0134613
0.0782,0,0
0.0786,0,0
0.079,0,0
0.0794,0,0
0.0798,0,0
0.0802,0,0
0.0806,0,0
0.081,0,0
0.0814,0,0
0.0818,0.0141213,0.0141484
0.0822,0,0
0.0826,0,0
0.083,0.0146598,0.014689
0.0834,0,0
0.0838,0,0
0.0842,0,0
0.0846,0,0
0.085,0.0135829,0.0136079
0.0854,0.0151483,0.0151794
0.0858,0,0
0.0862,0,0
0.0866,0,0
0.087,0,0
0.0874,0,0
0.0878,0.00437015,0.00759429
0.0882,0,0
0.0886,0,0
0.089,0,0
0.0894,0.0134439,0.0134684
0.0898,0,0
0.0902,0,0
0.0906,0,0
0.091,0,0
0.0914,0,0
0.0918,0,0
0.0922,0.0139246,0.0139508
0.0926,0,0
0.093,0.0129667,0.0129895
0.0934,0,0
0.0938,0,0
0.0942,0.00656223,0.00969865
0.0946,0,0
0.095,0,0
0.0954,0,0
0.0958,0,0
0.0962,0.0046675,0.00837008
0.0966,0,0
0.097,0,0
0.0974,0,0
0.0978,0,0
0.0982,0,0
0.0986,0,0
0.099,0,0
0.0994,0,0
0.0998,0,0
0.1002,0,0
0.1006,0.0025902,0.00634334
0.101,0,0
0.1014,0,0
0.1018,0,0
0.1022,0,0
0.1026,0,0
0.103,0.0150513,0.0150818
0.1034,0,0
0.1038,0.0144447,0.0144728
0.1042,0,0
0.1046,0,0
0.105,0,0
0.1054,0.015505,0.0155373
0.1058,0,0
0.1062,0,0
0.1066,0,0
0.107,0,0
0.1074,0,0
0.1078,0,0
0.1082,0,0
0.1086,0,0
0.109,0,0
0.1094,0,0
0.1098,0,0
0.1102,0,0
0.1106,0,0
0.111,0,0
0.1114,0,0
0.1118,0,0
0.1122,0,0
0.1126,0,0
0.113,0,0
0.1134,0,0
0.1138,0,0
0.1142,0,0
0.1146,0,0
0.115,0,0
0.1154,0,0
0.1158,0.0210124,0.0210713
0.1162,0,0
0.1166,0,0
0.117,0,0
0.1174,0,0
0.1178,0,0
0.1182,0,0
0.1186,0,0
0.119,0,0
0.1194,0,0
0.1198,0,0
2
-0.1198,0,0
-0.1194,0,0
-0.119,0,0
-0.1186,0,0
-0.1182,0,0
-0.1178,0.00588166,0.00589273
-0.1174,0,0
-0.117,0.00613768,0.00614974
-0.1166,0,0
-0.1162,0,0
-0.1158,0,0
-0.1154,0,0
-0.115,0,0
-0.1146,0.00526215,0.00572952
-0.1142,0.00290885,0.00431321
-0.1138,0.00558022,0.00559019
-0.1134,0,0
-0.113,0,0
-0.1126,0.00614291,0.00615497
-0.1122,0,0
-0.1118,0,0
-0.1114,0,0
-0.111,0,0
-0.1106,0.00625068,0.00626316
-0.1102,0,0
-0.1098,0,0
-0.1094,0,0
-0.109,0,0
-0.1086,0,0
-0.1082,0,0
-0.1078,0.00611041,0.00612233
-0.1074,0,0
-0.107,0,0
-0.1066,0,0
-0.1062,0,0
-0.1058,0,0
-0.1054,0,0
-0.105,0,0
-0.1046,0,0
-0.1042,0,0
-0.1038,0,0
-0.1034,0,0
-0.103,0,0
-0.1026,0,0
-0.1022,0,0
-0.1018,0,0
-0.1014,0,0
-0.101,0,0
-0.1006,0,0
-0.1002,0,0
-0.0998,0,0
-0.0994,0,0
-0.099,0,0
-0.0986,0,0
-0.0982,0,0
-0.0978,0,0
-0.0974,0.00607555,0.00608731
-0.097,0,0
-0.0966,0,0
-0.0962,0,0
-0.0958,0,0
-0.0954,0,0
-0.095,0,0
-0.0946,0,0
-0.0942,0,0
-0.0938,0,0
-0.0934,0,0
-0.093,0,0
-0.0926,0,0
-0.0922,0,0
-0.0918,0,0
-0.0914,0,0
-0.091,0,0
-0.0906,0.00591249,0.00592362
-0.0902,0,0
-0.0898,0.00624967,0.00626209
-0.0894,0,0
-0.089,0,0
-0.0886,0,0
-0.0882,0.00560962,0.00561963
-0.0878,0,0
-0.0874,0.00592455,0.00593572
-0.087,0,0
-0.0866,0,0
-0.0862,0.00606458,0.00607627
-0.0858,0,0
-0.0854,0,0
-0.085,0,0
-0.0846,0,0
-0.0842,0.00580209,0.00581279
-0.0838,0.00614014,0.00615211
-0.0834,0.00579266,0.00580332
-0.083,0,0
-0.0826,0,0
-0.0822,0,0
-0.0818,0,0
-0.0814,0,0
-0.081,0.00584874,0.0058596
-0.0806,0,0
-0.0802,0.00597987,0.00599122
-0.0798,0,0
-0.0794,0,0
-0.079,0.00604347,0.00605506
-0.0786,0,0
-0.0782,0,0
-0.0778,0.00624756,0.00625994
-0.0774,0,0
-0.077,0,0
-0.0766,0,0
-0.0762,0,0
-0.0758,0,0
-0.0754,0,0
-0.075,0,0
-0.0746,0.00134612,0.0028693
-0.0742,0,0
-0.0738,0,0
-0.0734,0,0
-0.073,0,0
-0.0726,0,0
-0.0722,0,0
-0.0718,0,0
-0.0714,0,0
-0.071,0,0
-0.0706,0,0
-0.0702,0,0
-0.0698,0,0
-0.0694,0.00609157,0.00610332
-0.069,0,0
-0.0686,0,0
-0.0682,0,0
-0.0678,0,0
-0.0674,0.00490572,0.00536455
-0.067,0,0
-0.0666,0,0
-0.0662,0,0
-0.0658,0.00568428,0.0056945
-0.0654,0,0
-0.065,0,0
-0.0646,0,0
-0.0642,0,0
-0.0638,0,0
-0.0634,0,0
-0.063,0,0
-0.0626,0,0
-0.0622,0,0
-0.0618,0.00592698,0.00593808
-0.0614,0,0
-0.061,0,0
-0.0606,0,0
-0.0602,0.00652886,0.00610585
-0.0598,0.00525395,0.00526267
-0.0594,0,0
-0.059,0,0
-0.0586,0,0
-0.0582,0,0
-0.0578,0,0
-0.0574,0,0
-0.057,0,0
-0.0566,0,0
-0.0562,0,0
-0.0558,0,0
-0.0554,0.00100347,0.0024111
-0.055,0,0
-0.0546,0,0
-0.0542,0,0
-0.0538,0.00540825,0.00541748
-0.0534,0,0
-0.053,0,0
-0.0526,0,0
-0.0522,0,0
-0.0518,0,0
-0.0514,0,0
-0.051,0,0
-0.0506,0,0
-0.0502,0.00600985,0.00602124
-0.0498,0,0
-0.0494,0,0
-0.049,0,0
-0.0486,0,0
-0.0482,0,0
-0.0478,0,0
-0.0474,0,0
-0.047,0,0
-0.0466,0,0
-0.0462,0,0
-0.0458,0,0
-0.0454,0,0
-0.045,0,0
-0.0446,0,0
-0.0442,0,0
-0.0438,0,0
-0.0434,0,0
-0.043,0,0
-0.0426,0.00587316,0.00588401
-0.0422,0,0
-0.0418,0,0
-0.0414,0,0
-0.041,0,0
-0.0406,0,0
-0.0402,0,0
-0.0398,0.00601466,0.00602604
-0.0394,0,0
-0.039,0,0
-0.0386,0,0
-0.0382,0,0
-0.0378,0.00573776,0.00574811
-0.0374,0,0
-0.037,0,0
-0.0366,0,0
-0.0362,0.00638129,0.00639409
-0.0358,0,0
-0.0354,0.00544938,0.00545872
-0.035,0,0
-0.0346,0,0
-0.0342,0.00601976,0.00603114
-0.0338,0,0
-0.0334,0,0
-0.033,0,0
-0.0326,0,0
-0.0322,0,0
-0.0318,0.0058856,0.00589647
-0.0314,0,0
-0.031,0,0
-0.0306,0,0
-0.0302,0,0
-0.0298,0,0
-0.0294,0,0
-0.029,0.00574062,0.00575096
-0.0286,0,0
-0.0282,0,0
-0.0278,0.00577254,0.00578299
-0.0274,0,0
-0.027,0,0
-0.0266,0,0
-0.0262,0,0
-0.0258,0.0109488,0.00775527
-0.0254,0.00180333,0.00315223
-0.025,0,0
-0.0246,0,0
-0.0242,0,0
-0.0238,0,0
-0.0234,0,0
-0.023,0.00613054,0.00614232
-0.0226,0,0
-0.0222,0,0
-0.0218,0,0
-0.0214,0,0
-0.021,0.00642497,0.0064379
-0.0206,0.0126631,0.00897192
-0.0202,0.00607871,0.00609028
-0.0198,0,0
-0.0194,0.0055938,0.0056036
-0.019,0,0
-0.0186,0,0
-0.0182,0,0
-0.0178,0,0
-0.0174,0,0
-0.017,0,0
-0.0166,0,0
-0.0162,0.00625927,0.00627152
-0.0158,0,0
-0.0154,0.00950154,0.00746737
-0.015,0,0
-0.0146,0.000306682,0.00135473
-0.0142,0,0
-0.0138,0,0
-0.0134,0.0115888,0.00820938
-0.013,0.0175238,0.0101368
-0.0126,0.00380584,0.00479967
-0.0122,0.00282679,0.00407226
-0.0118,0,0
-0.0114,0,0
-0.011,0.00619508,0.00620707
-0.0106,0.00584271,0.00585337
-0.0102,0,0
-0.0098,0.00564505,0.005655
-0.0094,0.0113387,0.00803186
-0.009,0.0106842,0.00804179
-0.0086,0.00559619,0.00560598
-0.0082,0,0
-0.0078,0.0117573,0.00854622
-0.0074,0.00554497,0.00555457
-0.007,0.00586786,0.00587861
-0.0066,0,0
-0.0062,0.00609055,0.00610213
-0.0058,0.00574457,0.00575487
-0.0054,0.00574494,0.00575524
-0.005,0.00663725,0.00665099
-0.0046,0.0059158,0.00592672
-0.0042,0.0168698,0.0103177
-0.0038,0.0412196,0.0160703
-0.0034,0.0547409,0.0181603
-0.003,0.097912,0.0234198
-0.0026,0.12457,0.0268555
-0.0022,0.240618,0.0382119
-0.0018,0.357714,0.04757
-0.0014,0.65031,0.064366
-0.001,0.926512,0.0732738
-0.0006,1.59708,0.0972797
-0.0002,1.83447,0.106007
0.0002,1.59134,0.0959042
0.0006,1.30546,0.0869545
0.001,1.08951,0.0792214
0.0014,0.472282,0.0509409
0.0018,0.211741,0.0340941
0.0022,0.104101,0.0240422
0.0026,0.0652913,0.0197714
0.003,0.0157242,0.0100274
0.0034,0.0186105,0.0107656
0.0038,0.00611438,0.00612603
0.0042,0,0
0.0046,0.00585129,0.00586195
0.005,0.00987529,0.00781296
0.0054,0.0106121,0.00789671
0.0058,0.00217888,0.00365996
0.0062,0,0
0.0066,0,0
0.007,0.00562073,0.00563056
0.0074,0,0
0.0078,0.00605347,0.00606488
0.0082,0.00552022,0.00552971
0.0086,0.00552054,0.00553003
0.009,0,0
0.0094,0.00303448,0.00444023
0.0098,0,0
0.0102,0.00467194,0.00519918
0.0106,0.000335085,0.00140801
0.011,0.00601365,0.0060249
0.0114,0.00618423,0.00619613
0.0118,0,0
0.0122,0.00565316,0.0056631
0.0126,0.00638706,0.00612048
0.013,0,0
0.0134,0,0
0.0138,0,0
0.0142,0.0108305,0.00798525
0.0146,0,0
0.015,0,0
0.0154,0.00608494,0.00609644
0.0158,0.0229448,0.0114929
0.0162,0.00569568,0.00570576
0.0166,0,0
0.017,0.00556093,0.00557054
0.0174,0.00826016,0.00693295
0.0178,0.00118873,0.00276758
0.0182,0,0
0.0186,0.01703,0.0098763
0.019,0,0
0.0194,0,0
0.0198,0.00560891,0.00561868
0.0202,0,0
0.0206,0.00592464,0.00593553
0.021,0,0
0.0214,0,0
0.0218,0.00592308,0.00593397
0.0222,0,0
0.0226,0.00590945,0.00592029
0.023,0,0
0.0234,0,0
0.0238,0.0058472,0.0058578
0.0242,0,0
0.0246,0,0
0.025,0,0
0.0254,0,0
0.0258,0,0
0.0262,0.00615625,0.006168
0.0266,0,0
0.027,0,0
0.0274,0,0
0.0278,0,0
0.0282,0.00557814,0.00558779
0.0286,0,0
0.029,0,0
0.0294,0.0059914,0.00600252
0.0298,0,0
0.0302,0.00608192,0.00609338
0.0306,0,0
0.031,0,0
0.0314,0.0120785,0.00855681
0.0318,0,0
0.0322,0.00564166,0.00565152
0.0326,0,0
0.033,0,0
0.0334,0,0
0.0338,0,0
0.0342,0,0
0.0346,0.0120592,0.00854324
0.035,0,0
0.0354,0,0
0.0358,0,0
0.0362,0,0
0.0366,0.00562742,0.00563722
0.037,0,0
0.0374,0,0
0.0378,0.00544991,0.0054591
0.0382,0,0
0.0386,0,0
0.039,0,0
0.0394,0,0
0.0398,0.00614927,0.00616096
0.0402,0,0
0.0406,0,0
0.041,0,0
0.0414,0.00558532,0.00559496
0.0418,0,0
0.0422,0,0
0.0426,0.00500253,0.00501026
0.043,0,0
0.0434,0,0
0.0438,0,0
0.0442,0.00182152,0.0032231
0.0446,0,0
0.045,0.00586755,0.00587818
0.0454,0.00548188,0.00549116
0.0458,0,0
0.0462,0,0
0.0466,0.00482721,0.00533354
0.047,0.011602,0.00821853
0.0474,0,0
0.0478,0,0
0.0482,0,0
0.0486,0,0
0.049,0,0
0.0494,0,0
0.0498,0,0
0.0502,0.00620789,0.00621978
0.0506,0,0
0.051,0,0
0.0514,0,0
0.0518,0.00628438,0.00629655
0.0522,0,0
0.0526,0,0
0.053,0,0
0.0534,0,0
0.0538,0,0
0.0542,0,0
0.0546,0.00587962,0.00589027
0.055,0.00583947,0.00584998
0.0554,0,0
0.0558,0,0
0.0562,0,0
0.0566,0,0
0.057,0,0
0.0574,0,0
0.0578,0.0062261,0.00623803
0.0582,0,0
0.0586,0,0
0.059,0,0
0.0594,0,0
0.0598,0,0
0.0602,0.00597203,0.00598301
0.0606,0.0059094,0.00592014
0.061,0,0
0.0614,0,0
0.0618,0,0
0.0622,0,0
0.0626,0,0
0.063,0,0
0.0634,0,0
0.0638,0,0
0.0642,0.00615049,0.00616212
0.0646,0,0
0.065,0,0
0.0654,0,0
0.0658,0,0
0.0662,0,0
0.0666,0,0
0.067,0.00572211,0.00573217
0.0674,0,0
0.0678,0,0
0.0682,0.00163952,0.00317496
0.0686,0.00606614,0.00607744
0.069,0.00610194,0.00611337
0.0694,0,0
0.0698,0,0
0.0702,0,0
0.0706,0,0
0.071,0,0
0.0714,0,0
0.0718,0,0
0.0722,0,0
0.0726,0,0
0.073,0,0
0.0734,0,0
0.0738,0,0
0.0742,0,0
0.0746,0,0
0.075,0,0
0.0754,0,0
0.0758,0,0
0.0762,0,0
0.0766,0,0
0.077,0,0
0.0774,0,0
0.0778,0.00529696,0.00552809
0.0782,0.0056733,0.00568316
0.0786,0,0
0.079,0,0
0.0794,0,0
0.0798,0,0
0.0802,0,0
0.0806,0,0
0.081,0.00600698,0.00601803
0.0814,0,0
0.0818,0,0
0.0822,0,0
0.0826,0,0
0.083,0,0
0.0834,0,0
0.0838,0,0
0.0842,0,0
0.0846,0,0
0.085,0,0
0.0854,0,0
0.0858,0,0
0.0862,0,0
0.0866,0,0
0.087,0,0
0.0874,0,0
0.0878,0.00389004,0.00476918
0.0882,0.00561776,0.00562741
0.0886,0,0
0.089,0,0
0.0894,0.00597184,0.00598273
0.0898,0,0
0.0902,0,0
0.0906,0,0
0.091,0,0
0.0914,0,0
0.0918,0,0
0.0922,0,0
0.0926,0,0
0.093,0,0
0.0934,0.00616076,0.00617234
0.0938,0,0
0.0942,0.00341258,0.00465102
0.0946,0,0
0.095,0,0
0.0954,0.0113752,0.00805749
0.0958,0,0
0.0962,0.0111515,0.00860103
0.0966,0.00633756,0.0063498
0.097,0,0
0.0974,0,0
0.0978,0.00657247,0.00658563
0.0982,0,0
0.0986,0,0
0.099,0,0
0.0994,0,0
0.0998,0,0
0.1002,0,0
0.1006,0.00568531,0.00624375
0.101,0,0
0.1014,0,0
0.1018,0,0
0.1022,0,0
0.1026,0.00365416,0.00523729
0.103,0.0142385,0.0100491
0.1034,0.00663999,0.00665341
0.1038,0,0
0.1042,0,0
0.1046,0,0
0.105,0,0
0.1054,0,0
0.1058,0,0
0.1062,0,0
0.1066,0,0
0.107,0,0
0.1074,0,0
0.1078,0,0
0.1082,0,0
0.1086,0,0
0.109,0,0
0.1094,0,0
0.1098,0,0
0.1102,0,0
0.1106,0.0174095,0.0123429
0.111,0,0
0.1114,0,0
0.1118,0,0
0.1122,0,0
0.1126,0,0
0.113,0,0
0.1134,0,0
0.1138,0,0
0.1142,0,0
0.1146,0,0
0.115,0,0
0.1154,0,0
0.1158,0,0
0.1162,0.00923187,0.0092577
0.1166,0,0
0.117,0,0
0.1174,0,0
0.1178,0,0
0.1182,0,0
0.1186,0.00954058,0.00956815
0.119,0,0
0.1194,0,0
0.1198,0.00312749,0.00555957
3
-0.1198,0,0
-0.1194,0,0
-0.119,0,0
-0.1186,0,0
-0.1182,0,0
-0.1178,0,0
-0.1174,0.0062707,0.00628278
-0.117,0,0
-0.1166,0,0
-0.1162,0,0
-0.1158,0,0
-0.1154,0,0
-0.115,0,0
-0.1146,0.000992146,0.00254039
-0.1142,0.00360867,0.00490571
-0.1138,0,0
-0.1134,0,0
-0.113,0,0
-0.1126,0.00385889,0.00498205
-0.1122,0,0
-0.1118,0,0
-0.1114,0,0
-0.111,0,0
-0.1106,0.00652133,0.00653436
-0.1102,0.00639685,0.00640938
-0.1098,0,0
-0.1094,0,0
-0.109,0,0
-0.1086,0,0
-0.1082,0,0
-0.1078,0,0
-0.1074,0,0
-0.107,0,0
-0.1066,0,0
-0.1062,0,0
-0.1058,0,0
-0.1054,0,0
-0.105,0,0
-0.1046,0,0
-0.1042,0,0
-0.1038,0,0
-0.1034,0,0
-0.103,0,0
-0.1026,0.00612624,0.0061377
-0.1022,0,0
-0.1018,0,0
-0.1014,0,0
-0.101,0,0
-0.1006,0,0
-0.1002,0,0
-0.0998,0,0
-0.0994,0,0
-0.099,0.00635826,0.00637059
-0.0986,0,0
-0.0982,0,0
-0.0978,0,0
-0.0974,0,0
-0.097,0,0
-0.0966,0,0
-0.0962,0,0
-0.0958,0,0
-0.0954,0,0
-0.095,0.00600658,0.00601757
-0.0946,0,0
-0.0942,0,0
-0.0938,0,0
-0.0934,0,0
-0.093,0,0
-0.0926,0,0
-0.0922,0,0
-0.0918,0,0
-0.0914,0,0
-0.091,0,0
-0.0906,0,0
-0.0902,0,0
-0.0898,0,0
-0.0894,0,0
-0.089,0,0
-0.0886,0,0
-0.0882,0,0
-0.0878,0,0
-0.0874,0,0
-0.087,0,0
-0.0866,0,0
-0.0862,0,0
-0.0858,0.0063568,0.00636906
-0.0854,0.00632697,0.00633911
-0.085,0,0
-0.0846,0,0
-0.0842,0,0
-0.0838,0,0
-0.0834,0,0
-0.083,0,0
-0.0826,0,0
-0.0822,0.00663102,0.00664433
-0.0818,0,0
-0.0814,0,0
-0.081,0,0
-0.0806,0,0
-0.0802,0,0
-0.0798,0,0
-0.0794,0,0
-0.079,0,0
-0.0786,0,0
-0.0782,0,0
-0.0778,0,0
-0.0774,0,0
-0.077,0.00565482,0.00566448
-0.0766,0.00582292,0.00583316
-0.0762,0,0
-0.0758,0,0
-0.0754,0,0
-0.075,0,0
-0.0746,0,0
-0.0742,0,0
-0.0738,0,0
-0.0734,0,0
-0.073,0,0
-0.0726,0,0
-0.0722,0,0
-0.0718,0.00603211,0.00604308
-0.0714,0.0126021,0.00892797
-0.071,0.00599102,0.00600183
-0.0706,0,0
-0.0702,0,0
-0.0698,0,0
-0.0694,0,0
-0.069,0.00581258,0.00582275
-0.0686,0,0
-0.0682,0,0
-0.0678,0,0
-0.0674,0.000988824,0.00247163
-0.067,0.00609718,0.00610835
-0.0666,0,0
-0.0662,0.00629065,0.00630254
-0.0658,0,0
-0.0654,0,0
-0.065,0,0
-0.0646,0,0
-0.0642,0.00682473,0.006437
-0.0638,0,0
-0.0634,0,0
-0.063,0,0
-0.0626,0,0
-0.0622,0,0
-0.0618,0,0
-0.0614,0,0
-0.061,0,0
-0.0606,0,0
-0.0602,0.00608737,0.00609847
-0.0598,0.00599053,0.00600128
-0.0594,0,0
-0.059,0,0
-0.0586,0,0
-0.0582,0,0
-0.0578,0,0
-0.0574,0,0
-0.057,0,0
-0.0566,0,0
-0.0562,0,0
-0.0558,0,0
-0.0554,0,0
-0.055,0,0
-0.0546,0,0
-0.0542,0.00606427,0.00607525
-0.0538,0.00571566,0.00572542
-0.0534,0.00371082,0.00474128
-0.053,0,0
-0.0526,0,0
-0.0522,0,0
-0.0518,0,0
-0.0514,0.00871533,0.00730434
-0.051,0,0
-0.0506,0.00635653,0.00636858
-0.0502,0.00608486,0.0060959
-0.0498,0,0
-0.0494,0.00599281,0.00600351
-0.049,0,0
-0.0486,0,0
-0.0482,0.00607484,0.00608583
-0.0478,0,0
-0.0474,0,0
-0.047,0.00674148,0.00675501
-0.0466,0,0
-0.0462,0,0
-0.0458,0,0
-0.0454,0.00630384,0.00631566
-0.045,0,0
-0.0446,0,0
-0.0442,0,0
-0.0438,0.00620232,0.00621376
-0.0434,0,0
-0.043,0.00586089,0.00587109
-0.0426,0,0
-0.0422,0.0060378,0.00604863
-0.0418,0,0
-0.0414,0.00718299,0.0071983
-0.041,0,0
-0.0406,0,0
-0.0402,0,0
-0.0398,0,0
-0.0394,0.0129226,0.00915703
-0.039,0,0
-0.0386,0,0
-0.0382,0.00615092,0.00616213
-0.0378,0,0
-0.0374,0,0
-0.037,0,0
-0.0366,0.00614194,0.00615311
-0.0362,0.0057064,0.00571604
-0.0358,0,0
-0.0354,0,0
-0.035,0,0
-0.0346,0,0
-0.0342,0,0
-0.0338,0,0
-0.0334,0,0
-0.033,0,0
-0.0326,0,0
-0.0322,0,0
-0.0318,0,0
-0.0314,0,0
-0.031,0,0
-0.0306,0,0
-0.0302,0.0062982,0.00630992
-0.0298,0,0
-0.0294,0,0
-0.029,0,0
-0.0286,0.00610305,0.00611404
-0.0282,0,0
-0.0278,0.00613752,0.00614863
-0.0274,0,0
-0.027,0.00670727,0.00672053
-0.0266,0,0
-0.0262,0.0066245,0.00663744
-0.0258,0,0
-0.0254,0.00392325,0.00479554
-0.025,0.00587963,0.00588982
-0.0246,0,0
-0.0242,0.0100102,0.00829088
-0.0238,0.00620992,0.00622128
-0.0234,0,0
-0.023,0.00652585,0.00653839
-0.0226,0,0
-0.0222,0.00641476,0.00642687
-0.0218,0,0
-0.0214,0,0
-0.021,0.00684224,0.00685601
-0.0206,0,0
-0.0202,0,0
-0.0198,0,0
-0.0194,0,0
-0.019,0.00582267,0.00605996
-0.0186,0,0
-0.0182,0,0
-0.0178,0.00623761,0.00624904
-0.0174,0.00669774,0.00671091
-0.017,0,0
-0.0166,0,0
-0.0162,0,0
-0.0158,0,0
-0.0154,0,0
-0.015,0,0
-0.0146,0.0120542,0.00865426
-0.0142,0.0119487,0.0084638
-0.0138,0,0
-0.0134,0.00786013,0.0069889
-0.013,0,0
-0.0126,0,0
-0.0122,0,0
-0.0118,0.00775096,0.00728144
-0.0114,0,0
-0.011,0.013224,0.00936888
-0.0106,0.00861286,0.00738501
-0.0102,0,0
-0.0098,0,0
-0.0094,0,0
-0.009,0.00597476,0.0059852
-0.0086,0,0
-0.0082,0,0
-0.0078,0,0
-0.0074,0.00532914,0.00562765
-0.007,0,0
-0.0066,0,0
-0.0062,0.00673903,0.0067523
-0.0058,0.00328451,0.00449796
-0.0054,0.0153058,0.00985736
-0.005,0,0
-0.0046,0.018967,0.0109709
-0.0042,0.0207254,0.0118292
-0.0038,0.0338266,0.0150248
-0.0034,0.0256519,0.0128503
-0.003,0.0394822,0.0155728
-0.0026,0.0893529,0.0235271
-0.0022,0.14165,0.0303076
-0.0018,0.2602,0.0418334
-0.0014,0.506792,0.0587724
-0.001,0.690983,0.0652864
-0.0006,0.977873,0.0786964
-0.0002,1.23429,0.0899429
0.0002,1.08734,0.0819998
0.0006,0.978836,0.0779515
0.001,0.667125,0.0641242
0.0014,0.326992,0.0439915
0.0018,0.202671,0.0345048
0.0022,0.0812521,0.0219396
0.0026,0.0189741,0.011001
0.003,0.00951838,0.00771656
0.0034,0.025139,0.0126497
0.0038,0.00631352,0.00632512
0.0042,0,0
0.0046,0.00626517,0.00627659
0.005,0.00261289,0.00415874
0.0054,0,0
0.0058,0.0225825,0.0118554
0.0062,0.0100425,0.00807644
0.0066,0.0125117,0.00886854
0.007,0.00498905,0.00549057
0.0074,0.00267059,0.00398864
0.0078,0,0
0.0082,0,0
0.0086,0,0
0.009,0.0148377,0.0105144
0.0094,0.00368354,0.00506478
0.0098,0.00579575,0.00599527
0.0102,0.00215674,0.00365752
0.0106,0.00596075,0.00614901
0.011,0.00671132,0.00672438
0.0114,0,0
0.0118,0,0
0.0122,0,0
0.0126,0.00626793,0.00627932
0.013,0,0
0.0134,0.00640949,0.0064214
0.0138,0,0
0.0142,0,0
0.0146,0.00584719,0.00585709
0.015,0,0
0.0154,0.00678608,0.00679942
0.0158,0,0
0.0162,0.00610168,0.00611246
0.0166,0.00596864,0.00597895
0.017,0.0121775,0.00862764
0.0174,0.00357239,0.00471811
0.0178,0.00561412,0.00623199
0.0182,0,0
0.0186,9.87639e-05,0.000779358
0.019,0,0
0.0194,0.0131255,0.00929874
0.0198,0.00980921,0.00770022
0.0202,0,0
0.0206,0,0
0.021,0,0
0.0214,0,0
0.0218,0,0
0.0222,0,0
0.0226,0,0
0.023,0,0
0.0234,0,0
0.0238,0,0
0.0242,0,0
0.0246,0,0
0.025,0.00605624,0.00606682
0.0254,0,0
0.0258,0,0
0.0262,0,0
0.0266,0.00683774,0.00685122
0.027,0,0
0.0274,0,0
0.0278,0,0
0.0282,0,0
0.0286,0,0
0.029,0,0
0.0294,0,0
0.0298,0,0
0.0302,0,0
0.0306,0,0
0.031,0,0
0.0314,0,0
0.0318,0.00564752,0.0056567
0.0322,0,0
0.0326,0,0
0.033,0,0
0.0334,0,0
0.0338,0,0
0.0342,0,0
0.0346,0,0
0.035,0.00622507,0.00623621
0.0354,0.0063938,0.00640555
0.0358,0,0
0.0362,0,0
0.0366,0,0
0.037,0,0
0.0374,0,0
0.0378,0.0117401,0.00831555
0.0382,0,0
0.0386,0,0
0.039,0.00667833,0.00669113
0.0394,0,0
0.0398,0,0
0.0402,0,0
0.0406,0,0
0.041,0,0
0.0414,0,0
0.0418,0,0
0.0422,0,0
0.0426,0.0107832,0.0076367
0.043,0,0
0.0434,0.00622881,0.00623992
0.0438,0,0
0.0442,0,0
0.0446,0.00626217,0.0062734
0.045,0.00632632,0.00633779
0.0454,0.0120028,0.00850286
0.0458,0.00635278,0.00636433
0.0462,0.00635368,0.00636524
0.0466,0.00112634,0.0026754
0.047,0,0
0.0474,0,0
0.0478,0,0
0.0482,0,0
0.0486,0,0
0.049,0,0
0.0494,0,0
0.0498,0.00654148,0.00655371
0.0502,0,0
0.0506,0,0
0.051,0.00658671,0.00659911
0.0514,0,0
0.0518,0,0
0.0522,0,0
0.0526,0.00636939,0.00638098
0.053,0,0
0.0534,0.00599388,0.00600414
0.0538,0,0
0.0542,0,0
0.0546,0,0
0.055,0,0
0.0554,0,0
0.0558,0.00626631,0.00627752
0.0562,0,0
0.0566,0,0
0.057,0,0
0.0574,0,0
0.0578,0,0
0.0582,0,0
0.0586,0,0
0.059,0.00644351,0.00645535
0.0594,0,0
0.0598,0,0
0.0602,0,0
0.0606,0,0
0.061,0,0
0.0614,0,0
0.0618,0,0
0.0622,0,0
0.0626,0,0
0.063,0.0115645,0.00819083
0.0634,0,0
0.0638,0,0
0.0642,0,0
0.0646,0,0
0.065,0,0
0.0654,0,0
0.0658,0,0
0.0662,0,0
0.0666,0,0
0.067,0,0
0.0674,0,0
0.0678,0,0
0.0682,0.011463,0.00872564
0.0686,0,0
0.069,0,0
0.0694,0,0
0.0698,0,0
0.0702,0,0
0.0706,0.00650432,0.00651633
0.071,0,0
0.0714,0,0
0.0718,0.00637421,0.00638574
0.0722,0,0
0.0726,0,0
0.073,0,0
0.0734,0.00640543,0.00641708
0.0738,0.00688452,0.00689797
0.0742,0.0137707,0.0097564
0.0746,0,0
0.075,0,0
0.0754,0,0
0.0758,0,0
0.0762,0,0
0.0766,0,0
0.077,0,0
0.0774,0,0
0.0778,0.00663125,0.00664372
0.0782,0.00613287,0.00614353
0.0786,0,0
0.079,0.00682385,0.00683705
0.0794,0,0
0.0798,0,0
0.0802,0.00644472,0.00645649
0.0806,0,0
0.081,0,0
0.0814,0,0
0.0818,0,0
0.0822,0,0
0.0826,0,0
0.083,0,0
0.0834,0,0
0.0838,0,0
0.0842,0.00639608,0.00640765
0.0846,0.00661206,0.00662442
0.085,0,0
0.0854,0,0
0.0858,0,0
0.0862,0,0
0.0866,0.00656336,0.00657554
0.087,0.00621556,0.00622648
0.0874,0,0
0.0878,0,0
0.0882,0,0
0.0886,0,0
0.089,0.0064579,0.00646968
0.0894,0,0
0.0898,0,0
0.0902,0,0
0.0906,0,0
0.091,0,0
0.0914,0,0
0.0918,0,0
0.0922,0,0
0.0926,0.00647957,0.00649142
0.093,0.00635629,0.0063677
0.0934,0,0
0.0938,0,0
0.0942,0,0
0.0946,0,0
0.095,0,0
0.0954,0,0
0.0958,0,0
0.0962,0,0
0.0966,0,0
0.097,0,0
0.0974,0.00686048,0.00687375
0.0978,0,0
0.0982,0,0
0.0986,0.00708948,0.00710364
0.099,0,0
0.0994,0,0
0.0998,0,0
0.1002,0,0
0.1006,0,0
0.101,0,0
0.1014,0.00713103,0.00714535
0.1018,0,0
0.1022,0,0
0.1026,0.0122092,0.00995514
0.103,0.00730273,0.00739149
0.1034,0,0
0.1038,0,0
0.1042,0.00768732,0.00770395
0.1046,0,0
0.105,0,0
0.1054,0.0082802,0.00829948
0.1058,0,0
0.1062,0,0
0.1066,0,0
0.107,0,0
0.1074,0,0
0.1078,0,0
0.1082,0,0
0.1086,0,0
0.109,0,0
0.1094,0.0164326,0.01166
0.1098,0,0
0.1102,0,0
0.1106,0,0
0.111,0,0
0.1114,0,0
0.1118,0,0
0.1122,0.00874804,0.00876954
0.1126,0,0
0.113,0,0
0.1134,0,0
0.1138,0,0
0.1142,0,0
0.1146,0,0
0.115,0,0
0.1154,0.00973186,0.00975844
0.1158,0,0
0.1162,0,0
0.1166,0,0
0.117,0.0105342,0.0105654
0.1174,0,0
0.1178,0,0
0.1182,0,0
0.1186,0.0103017,0.0103314
0.119,0.0116911,0.0117294
0.1194,0,0
0.1198,0.00722997,0.00878297
4
-0.1198,0,0
-0.1194,0.00654003,0.00655314
-0.119,0,0
-0.1186,0,0
-0.1182,0,0
-0.1178,0,0
-0.1174,0.00441333,0.00527887
-0.117,0.0123205,0.00873601
-0.1166,0.00590435,0.00591502
-0.1162,0,0
-0.1158,0,0
-0.1154,0,0
-0.115,0,0
-0.1146,0.00650208,0.006515
-0.1142,0,0
-0.1138,0.00584069,0.00585112
-0.1134,0,0
-0.113,0,0
-0.1126,0.00899042,0.00761948
-0.1122,0,0
-0.1118,0,0
-0.1114,0,0
-0.111,0,0
-0.1106,0,0
-0.1102,0.00427696,0.0052522
-0.1098,0.00634556,0.00635784
-0.1094,0.00625122,0.00626313
-0.109,0,0
-0.1086,0,0
-0.1082,0,0
-0.1078,0,0
-0.1074,0,0
-0.107,0,0
-0.1066,0,0
-0.1062,0,0
-0.1058,0,0
-0.1054,0,0
-0.105,0,0
-0.1046,0.00335824,0.00443697
-0.1042,0,0
-0.1038,0.00656699,0.0065801
-0.1034,0,0
-0.103,0.0061294,0.00614082
-0.1026,0.0122162,0.0086545
-0.1022,0.00615932,0.00617084
-0.1018,0,0
-0.1014,0,0
-0.101,0,0
-0.1006,0,0
-0.1002,0,0
-0.0998,0.00660296,0.00661619
-0.0994,0,0
-0.099,0,0
-0.0986,0,0
-0.0982,0,0
-0.0978,0.00598651,0.00599737
-0.0974,0.00638879,0.00640116
-0.097,0.0063193,0.0063314
-0.0966,0,0
-0.0962,0,0
-0.0958,0,0
-0.0954,0,0
-0.095,0,0
-0.0946,0,0
-0.0942,0.0132173,0.00938109
-0.0938,0,0
-0.0934,0,0
-0.093,0,0
-0.0926,0,0
-0.0922,0,0
-0.0918,0,0
-0.0914,0,0
-0.091,0,0
-0.0906,0,0
-0.0902,0,0
-0.0898,0,0
-0.0894,0,0
-0.089,0,0
-0.0886,0,0
-0.0882,0,0
-0.0878,0,0
-0.0874,0,0
-0.087,0,0
-0.0866,0.00664876,0.00666209
-0.0862,0,0
-0.0858,0,0
-0.0854,0,0
-0.085,0.00620499,0.00621659
-0.0846,0,0
-0.0842,0,0
-0.0838,0,0
-0.0834,0,0
-0.083,0.00611111,0.00612236
-0.0826,0,0
-0.0822,0,0
-0.0818,0,0
-0.0814,0,0
-0.081,0,0
-0.0806,0,0
-0.0802,0,0
-0.0798,0.00616422,0.00617565
-0.0794,0,0
-0.079,0.00643596,0.00644841
-0.0786,0,0
-0.0782,0,0
-0.0778,0.00131473,0.00295037
-0.0774,0.00595203,0.00596268
-0.077,0,0
-0.0766,0,0
-0.0762,0,0
-0.0758,0,0
-0.0754,0,0
-0.075,0,0
-0.0746,0,0
-0.0742,0,0
-0.0738,0,0
-0.0734,0,0
-0.073,0,0
-0.0726,0,0
-0.0722,0,0
-0.0718,0.00605724,0.00606824
-0.0714,0,0
-0.071,0,0
-0.0706,0,0
-0.0702,0.00129533,0.00270983
-0.0698,0,0
-0.0694,0,0
-0.069,0,0
-0.0686,0.0123993,0.00878393
-0.0682,0,0
-0.0678,0,0
-0.0674,0,0
-0.067,0,0
-0.0666,0,0
-0.0662,0,0
-0.0658,0,0
-0.0654,0,0
-0.065,0,0
-0.0646,0,0
-0.0642,0.00528909,0.00567488
-0.0638,0,0
-0.0634,0.0063848,0.00639699
-0.063,0,0
-0.0626,0,0
-0.0622,0,0
-0.0618,0,0
-0.0614,0,0
-0.061,0,0
-0.0606,0,0
-0.0602,0,0
-0.0598,0,0
-0.0594,0,0
-0.059,0,0
-0.0586,0.0017089,0.00327073
-0.0582,0,0
-0.0578,0,0
-0.0574,0.0064314,0.00644375
-0.057,0,0
-0.0566,0,0
-0.0562,0,0
-0.0558,0,0
-0.0554,0,0
-0.055,0.00598292,0.0059936
-0.0546,0,0
-0.0542,0.00654628,0.00655907
-0.0538,0.00572109,0.00573086
-0.0534,0.00232738,0.00375654
-0.053,0,0
-0.0526,0.00570741,0.00571713
-0.0522,0,0
-0.0518,0,0
-0.0514,0.00348269,0.00461665
-0.051,0,0
-0.0506,0,0
-0.0502,0.00594436,0.00595489
-0.0498,0,0
-0.0494,0,0
-0.049,0,0
-0.0486,0,0
-0.0482,0,0
-0.0478,0,0
-0.0474,0,0
-0.047,0,0
-0.0466,0,0
-0.0462,0,0
-0.0458,0,0
-0.0454,0,0
-0.045,0,0
-0.0446,0,0
-0.0442,0.00659305,0.00660599
-0.0438,0,0
-0.0434,0.00616994,0.00618127
-0.043,0.00585103,0.00586121
-0.0426,0.0124171,0.00879644
-0.0422,0.0060266,0.00603741
-0.0418,0,0
-0.0414,0,0
-0.041,0,0
-0.0406,0,0
-0.0402,0,0
-0.0398,0.00657239,0.00658523
-0.0394,0.00657266,0.00658551
-0.039,0.0059394,0.00594989
-0.0386,0,0
-0.0382,0.00613386,0.00614504
-0.0378,0,0
-0.0374,0,0
-0.037,0,0
-0.0366,0,0
-0.0362,0,0
-0.0358,0,0
-0.0354,0,0
-0.035,0,0
-0.0346,0.00636702,0.00637906
-0.0342,0,0
-0.0338,0,0
-0.0334,0,0
-0.033,0,0
-0.0326,0.00627248,0.00628417
-0.0322,0,0
-0.0318,0.0124487,0.00881883
-0.0314,0,0
-0.031,0,0
-0.0306,0,0
-0.0302,0,0
-0.0298,0,0
-0.0294,0.00624798,0.00625957
-0.029,0,0
-0.0286,0,0
-0.0282,0,0
-0.0278,0,0
-0.0274,0.0128682,0.00912261
-0.027,0,0
-0.0266,0,0
-0.0262,0.00658385,0.00659671
-0.0258,0,0
-0.0254,0,0
-0.025,0,0
-0.0246,0,0
-0.0242,0.00364337,0.00498472
-0.0238,0,0
-0.0234,0,0
-0.023,0,0
-0.0226,0,0
-0.0222,0,0
-0.0218,0,0
-0.0214,0.00607375,0.00608469
-0.021,0.00678728,0.00680093
-0.0206,0,0
-0.0202,0,0
-0.0198,0,0
-0.0194,0.00590796,0.00591831
-0.019,0.000456977,0.0016902
-0.0186,0,0
-0.0182,0,0
-0.0178,0,0
-0.0174,0,0
-0.017,0.00659908,0.00661199
-0.0166,0,0
-0.0162,0,0
-0.0158,0,0
-0.0154,0.00617105,0.00618234
-0.015,0,0
-0.0146,0.00595884,0.00596937
-0.0142,0,0
-0.0138,0,0
-0.0134,0.0105964,0.00806965
-0.013,0,0
-0.0126,0.00636038,0.00637237
-0.0122,0.0123288,0.00873375
-0.0118,0.00581697,0.00627656
-0.0114,0,0
-0.011,0.00625723,0.00626884
-0.0106,0.00390978,0.00491641
-0.0102,0,0
-0.0098,0.00597507,0.00598565
-0.0094,0,0
-0.009,0.0133383,0.00945026
-0.0086,0,0
-0.0082,0.00587712,0.00588736
-0.0078,0.00619638,0.00620776
-0.0074,0.000584981,0.00185155
-0.007,0,0
-0.0066,0.0123583,0.0087547
-0.0062,0,0
-0.0058,0.015499,0.00990123
-0.0054,0.0221232,0.0117198
-0.005,0.00698496,0.00699943
-0.0046,0.0124505,0.00882011
-0.0042,0.0250521,0.0126832
-0.0038,0.0285778,0.0135082
-0.0034,0.0314875,0.0141084
-0.003,0.0405087,0.0156376
-0.0026,0.100387,0.0247459
-0.0022,0.170872,0.0330101
-0.0018,0.260345,0.041616
-0.0014,0.353763,0.0485483
-0.001,0.656862,0.0632426
-0.0006,0.883245,0.0741351
-0.0002,0.96145,0.0786914
0.0002,0.884055,0.0732865
0.0006,0.95281,0.076193
0.001,0.534095,0.0568381
0.0014,0.301967,0.0416844
0.0018,0.177299,0.031974
0.0022,0.0978147,0.0238011
0.0026,0.0372183,0.0152587
0.003,0.0183361,0.0106056
0.0034,0.0132205,0.00929076
0.0038,0.00618798,0.00619935
0.0042,0,0
0.0046,0.0120415,0.0085315
0.005,0.0125964,0.00892661
0.0054,0.0123049,0.00871978
0.0058,0.00642216,0.00643441
0.0062,0.002838,0.00424783
0.0066,0.006334,0.00634592
0.007,0.00690185,0.00638798
0.0074,0.00319517,0.00431517
0.0078,0.00634398,0.00635593
0.0082,0,0
0.0086,0,0
0.009,0.00725153,0.00726714
0.0094,0,0
0.0098,0.00638123,0.00620294
0.0102,0.0112478,0.00830604
0.0106,0,0
0.011,0,0
0.0114,0.00647408,0.00648653
0.0118,0.00601006,0.0060208
0.0122,0.0117575,0.00832852
0.0126,0.00591581,0.00592621
0.013,0,0
0.0134,0.00625031,0.00626192
0.0138,0,0
0.0142,0,0
0.0146,0,0
0.015,0,0
0.0154,0,0
0.0158,0,0
0.0162,0.0118942,0.00842539
0.0166,0,0
0.017,0,0
0.0174,0,0
0.0178,0,0
0.0182,0,0
0.0186,0,0
0.019,0.00595977,0.00597033
0.0194,0,0
0.0198,0.0138852,0.00903221
0.0202,0,0
0.0206,0,0
0.021,0,0
0.0214,0.00563251,0.00564195
0.0218,0,0
0.0222,0,0
0.0226,0,0
0.023,0,0
0.0234,0,0
0.0238,0.00609634,0.0061074
0.0242,0,0
0.0246,0,0
0.025,0.00587199,0.00588225
0.0254,0,0
0.0258,0,0
0.0262,0,0
0.0266,0.00662436,0.00663741
0.027,0,0
0.0274,0,0
0.0278,0,0
0.0282,0,0
0.0286,0,0
0.029,0.0173065,0.0100091
0.0294,0,0
0.0298,0,0
0.0302,0,0
0.0306,0,0
0.031,0,0
0.0314,0,0
0.0318,0,0
0.0322,0.0109163,0.00773153
0.0326,0.00642928,0.00644159
0.033,0,0
0.0334,0,0
0.0338,0,0
0.0342,0,0
0.0346,0,0
0.035,0,0
0.0354,0,0
0.0358,0,0
0.0362,0,0
0.0366,0,0
0.037,0.00612536,0.00613654
0.0374,0,0
0.0378,0,0
0.0382,0,0
0.0386,0,0
0.039,0,0
0.0394,0,0
0.0398,0,0
0.0402,0,0
0.0406,0,0
0.041,0,0
0.0414,0.00579243,0.00580243
0.0418,0,0
0.0422,0,0
0.0426,0,0
0.043,0,0
0.0434,0.00628798,0.00629976
0.0438,0.00628786,0.00629965
0.0442,0,0
0.0446,0,0
0.045,0.0121566,0.00861164
0.0454,0,0
0.0458,0,0
0.0462,0.00632573,0.00633766
0.0466,0,0
0.047,0.0120111,0.00850838
0.0474,0,0
0.0478,0.00599755,0.00600828
0.0482,0,0
0.0486,0.00606488,0.00607585
0.049,0.00599727,0.00600799
0.0494,0,0
0.0498,0.00660716,0.00662017
0.0502,0.00660666,0.00661968
0.0506,0.00584706,0.00585726
0.051,0,0
0.0514,0.00689793,0.00691211
0.0518,0.00649571,0.00650829
0.0522,0,0
0.0526,0.00613173,0.00614295
0.053,0.00573855,0.00574837
0.0534,0,0
0.0538,0,0
0.0542,0,0
0.0546,0,0
0.055,0,0
0.0554,0,0
0.0558,0,0
0.0562,0.00599378,0.00600449
0.0566,0,0
0.057,0,0
0.0574,0,0
0.0578,0,0
0.0582,0,0
0.0586,0,0
0.059,0,0
0.0594,0,0
0.0598,0,0
0.0602,0,0
0.0606,0,0
0.061,0.00605155,0.00606248
0.0614,0,0
0.0618,0.00575923,0.00576913
0.0622,0,0
0.0626,0,0
0.063,0,0
0.0634,0,0
0.0638,0,0
0.0642,0.00584535,0.00585555
0.0646,0,0
0.065,0.00601288,0.00602367
0.0654,0,0
0.0658,0,0
0.0662,0,0
0.0666,0,0
0.067,0.00588978,0.00590013
0.0674,0,0
0.0678,0,0
0.0682,0,0
0.0686,0,0
0.069,0,0
0.0694,0,0
0.0698,0.00576259,0.0057725
0.0702,0,0
0.0706,0,0
0.071,0.0128717,0.00911915
0.0714,0,0
0.0718,0.00624464,0.00625628
0.0722,0,0
0.0726,0,0
0.073,0,0
0.0734,0.00609045,0.00610152
0.0738,0,0
0.0742,0,0
0.0746,0,0
0.075,0.00638093,0.00639308
0.0754,0,0
0.0758,0,0
0.0762,0,0
0.0766,0.00575455,0.00576444
0.077,0,0
0.0774,0,0
0.0778,0,0
0.0782,0,0
0.0786,0,0
0.079,0,0
0.0794,0,0
0.0798,0,0
0.0802,0,0
0.0806,0.00639794,0.00641015
0.081,0,0
0.0814,0,0
0.0818,0,0
0.0822,0,0
0.0826,0,0
0.083,0,0
0.0834,0,0
0.0838,0.0057748,0.00578476
0.0842,0,0
0.0846,0,0
0.085,0.012342,0.00874318
0.0854,0,0
0.0858,0,0
0.0862,0,0
0.0866,0,0
0.087,0.00584072,0.0058509
0.0874,0,0
0.0878,0,0
0.0882,0,0
0.0886,0,0
0.089,0,0
0.0894,0,0
0.0898,0,0
0.0902,0,0
0.0906,0,0
0.091,0,0
0.0914,0,0
0.0918,0,0
0.0922,0,0
0.0926,0,0
0.093,0.00601159,0.00602238
0.0934,0.00586761,0.00587789
0.0938,0,0
0.0942,0,0
0.0946,0,0
0.095,0,0
0.0954,0,0
0.0958,0.00630131,0.00631315
0.0962,0,0
0.0966,0,0
0.097,0.00632429,0.00633622
0.0974,0,0
0.0978,0,0
0.0982,0,0
0.0986,0,0
0.099,0,0
0.0994,0.00701212,0.00702679
0.0998,0.00664485,0.00665802
0.1002,0,0
0.1006,0,0
0.101,0,0
0.1014,0.0202048,0.0116887
0.1018,0,0
0.1022,0.00763026,0.00764761
0.1026,0,0
0.103,0,0
0.1034,0.00693511,0.00694944
0.1038,0,0
0.1042,0,0
0.1046,0,0
0.105,0,0
0.1054,0,0
0.1058,0,0
0.1062,0.0068216,0.00683546
0.1066,0,0
0.107,0.00751582,0.00753264
0.1074,0,0
0.1078,0,0
0.1082,0,0
0.1086,0,0
0.109,0,0
0.1094,0,0
0.1098,0,0
0.1102,0,0
0.1106,0,0
0.111,0,0
0.1114,0,0
0.1118,0,0
0.1122,0,0
0.1126,0,0
0.113,0,0
0.1134,0,0
0.1138,0.0079669,0.00798579
0.1142,0,0
0.1146,0.0101796,0.0102105
0.115,0,0
0.1154,0,0
0.1158,0,0
0.1162,0,0
0.1166,0,0
0.117,0,0
0.1174,0,0
0.1178,0,0
0.1182,0,0
0.1186,0.00972211,0.0097502
0.119,0,0
0.1194,0,0
0.1198,0,0
5
-0.1198,0,0
-0.1194,0,0
-0.119,0.00592026,0.00593091
-0.1186,0,0
-0.1182,0.00628922,0.00630123
-0.1178,0,0
-0.1174,0.00189241,0.00347126
-0.117,0,0
-0.1166,0.0056941,0.00570394
-0.1162,0,0
-0.1158,0.0124519,0.00882147
-0.1154,0,0
-0.115,0,0
-0.1146,0,0
-0.1142,0,0
-0.1138,0,0
-0.1134,0,0
-0.113,0,0
-0.1126,0,0
-0.1122,0,0
-0.1118,0.00616239,0.00617388
-0.1114,0,0
-0.111,0,0
-0.1106,0,0
-0.1102,0.00216768,0.00375652
-0.1098,0,0
-0.1094,0.00617716,0.00618868
-0.109,0,0
-0.1086,0,0
-0.1082,0,0
-0.1078,0.00504605,0.00572525
-0.1074,0,0
-0.107,0.0064156,0.00642801
-0.1066,0,0
-0.1062,0,0
-0.1058,0,0
-0.1054,0.00595649,0.00596717
-0.105,0,0
-0.1046,0.00250941,0.00385563
-0.1042,0,0
-0.1038,0,0
-0.1034,0,0
-0.103,0,0
-0.1026,0,0
-0.1022,0,0
-0.1018,0.00482419,0.00558687
-0.1014,0,0
-0.101,0,0
-0.1006,0,0
-0.1002,0,0
-0.0998,0,0
-0.0994,0,0
-0.099,0.00627754,0.00628935
-0.0986,0,0
-0.0982,0,0
-0.0978,0,0
-0.0974,0,0
-0.097,0,0
-0.0966,0,0
-0.0962,0,0
-0.0958,0,0
-0.0954,0,0
-0.095,0.00611763,0.00612882
-0.0946,0,0
-0.0942,0,0
-0.0938,0,0
-0.0934,0,0
-0.093,0,0
-0.0926,0,0
-0.0922,0,0
-0.0918,0,0
-0.0914,0.00634852,0.00636054
-0.091,0,0
-0.0906,0,0
-0.0902,0,0
-0.0898,0,0
-0.0894,0,0
-0.089,0,0
-0.0886,0,0
-0.0882,0,0
-0.0878,0,0
-0.0874,0,0
-0.087,0,0
-0.0866,0,0
-0.0862,0,0
-0.0858,0,0
-0.0854,0,0
-0.085,0,0
-0.0846,0,0
-0.0842,0.00645114,0.0064635
-0.0838,0,0
-0.0834,0,0
-0.083,0,0
-0.0826,0,0
-0.0822,0,0
-0.0818,0.00676969,0.00678328
-0.0814,0,0
-0.081,0,0
-0.0806,0,0
-0.0802,0,0
-0.0798,0,0
-0.0794,0,0
-0.079,0,0
-0.0786,0,0
-0.0782,0,0
-0.0778,0.00536387,0.00600647
-0.0774,0,0
-0.077,0,0
-0.0766,0,0
-0.0762,0,0
-0.0758,0,0
-0.0754,0.00623135,0.00624282
-0.075,0,0
-0.0746,0,0
-0.0742,0.00610365,0.00611465
-0.0738,0,0
-0.0734,0,0
-0.073,0,0
-0.0726,0.00618256,0.00619384
-0.0722,0,0
-0.0718,0,0
-0.0714,0,0
-0.071,0.00611866,0.0061297
-0.0706,0,0
-0.0702,0.00443024,0.00505487
-0.0698,0.00574897,0.00575871
-0.0694,0,0
-0.069,0.0124858,0.00885581
-0.0686,0.00630877,0.00632049
-0.0682,0,0
-0.0678,0,0
-0.0674,0,0
-0.067,0.00622643,0.00623784
-0.0666,0.00655087,0.00656349
-0.0662,0,0
-0.0658,0,0
-0.0654,0,0
-0.065,0,0
-0.0646,0,0
-0.0642,0,0
-0.0638,0,0
-0.0634,0,0
-0.063,0,0
-0.0626,0,0
-0.0622,0,0
-0.0618,0,0
-0.0614,0,0
-0.061,0,0
-0.0606,0,0
-0.0602,0,0
-0.0598,0,0
-0.0594,0,0
-0.059,0,0
-0.0586,0.00461392,0.00542516
-0.0582,0,0
-0.0578,0,0
-0.0574,0,0
-0.057,0,0
-0.0566,0,0
-0.0562,0,0
-0.0558,0,0
-0.0554,0.00683803,0.00685172
-0.055,0,0
-0.0546,0,0
-0.0542,0.00667489,0.00668793
-0.0538,0,0
-0.0534,0,0
-0.053,0,0
-0.0526,0,0
-0.0522,0,0
-0.0518,0,0
-0.0514,0,0
-0.051,0,0
-0.0506,0,0
-0.0502,0.002556,0.00407952
-0.0498,0,0
-0.0494,0,0
-0.049,0.00615247,0.00616353
-0.0486,0,0
-0.0482,0,0
-0.0478,0,0
-0.0474,0.00657223,0.00658484
-0.047,0,0
-0.0466,0,0
-0.0462,0,0
-0.0458,0,0
-0.0454,0.00642846,0.00644051
-0.045,0,0
-0.0446,0,0
-0.0442,0,0
-0.0438,0.00630511,0.0063167
-0.0434,0.00597425,0.00598465
-0.043,0.00597505,0.00598546
-0.0426,0,0
-0.0422,0,0
-0.0418,0,0
-0.0414,0,0
-0.041,0,0
-0.0406,0,0
-0.0402,0.00649942,0.00651172
-0.0398,0,0
-0.0394,0,0
-0.039,0,0
-0.0386,0,0
-0.0382,0.00626705,0.00627847
-0.0378,0.00668815,0.00670116
-0.0374,0,0
-0.037,0,0
-0.0366,0,0
-0.0362,0,0
-0.0358,0,0
-0.0354,0,0
-0.035,0,0
-0.0346,0,0
-0.0342,0,0
-0.0338,0,0
-0.0334,0,0
-0.033,0,0
-0.0326,0,0
-0.0322,0,0
-0.0318,0,0
-0.0314,0,0
-0.031,0,0
-0.0306,0,0
-0.0302,0,0
-0.0298,0.00658964,0.00660224
-0.0294,0.00639,0.00640185
-0.029,0,0
-0.0286,0,0
-0.0282,0,0
-0.0278,0,0
-0.0274,0,0
-0.027,0,0
-0.0266,0,0
-0.0262,0,0
-0.0258,0.00592054,0.00593071
-0.0254,0.00593879,0.00594902
-0.025,0,0
-0.0246,0,0
-0.0242,0,0
-0.0238,0,0
-0.0234,0,0
-0.023,0,0
-0.0226,0.00649402,0.00650624
-0.0222,0,0
-0.0218,0,0
-0.0214,0,0
-0.021,0,0
-0.0206,0,0
-0.0202,0,0
-0.0198,0.00588373,0.00589376
-0.0194,0.00604961,0.00606021
-0.019,0,0
-0.0186,0,0
-0.0182,0.00636139,0.0063731
-0.0178,0,0
-0.0174,0,0
-0.017,0.00676021,0.00677344
-0.0166,0,0
-0.0162,0.00676907,0.00678232
-0.0158,0,0
-0.0154,0,0
-0.015,0,0
-0.0146,0,0
-0.0142,0,0
-0.0138,0,0
-0.0134,0,0
-0.013,0.0191316,0.011067
-0.0126,0,0
-0.0122,0,0
-0.0118,0,0
-0.0114,0,0
-0.011,0.00641748,0.00642939
-0.0106,0.00631817,0.00632971
-0.0102,0,0
-0.0098,0,0
-0.0094,0.00684332,0.00685685
-0.009,0,0
-0.0086,0,0
-0.0082,0.012239,0.00867049
-0.0078,0.0133255,0.00945047
-0.0074,0.00696503,0.00697904
-0.007,0,0
-0.0066,0.0128077,0.00907353
-0.0062,0.0134079,0.00950069
-0.0058,0.00682213,0.00683557
-0.0054,0.00652767,0.00653997
-0.005,0.000288808,0.00137569
-0.0046,0.0199734,0.0115716
-0.0042,0.0262989,0.0131745
-0.0038,0.0331066,0.0148445
-0.0034,0.0518108,0.0183529
-0.003,0.0773043,0.0221368
-0.0026,0.099896,0.0250208
-0.0022,0.184683,0.0347935
-0.0018,0.428922,0.0539946
-0.0014,0.642207,0.0664201
-0.001,0.790832,0.070343
-0.0006,1.14516,0.0855587
-0.0002,1.19982,0.0891351
0.0002,0.969408,0.0778326
0.0006,0.764216,0.0692274
0.001,0.537376,0.0578219
0.0014,0.372073,0.0469676
0.0018,0.215854,0.0357834
0.0022,0.131105,0.0279725
0.0026,0.0396525,0.0163711
0.003,0.0321697,0.0144279
0.0034,0.00670106,0.00671401
0.0038,0.0393906,0.0161132
0.0042,0.0249416,0.0126274
0.0046,0.0184731,0.0106863
0.005,0.0129666,0.00918892
0.0054,0.0259983,0.0130236
0.0058,0.00616778,0.00617875
0.0062,0,0
0.0066,0.0195628,0.0113159
0.007,0,0
0.0074,0.0179383,0.0103746
0.0078,0,0
0.0082,0.00634521,0.00635683
0.0086,0.00595528,0.00596551
0.009,0.0149335,0.0105823
0.0094,0,0
0.0098,0.0124018,0.00878517
0.0102,0,0
0.0106,0.006356,0.00636765
0.011,0.00674805,0.00676119
0.0114,0,0
0.0118,0,0
0.0122,0,0
0.0126,0,0
0.013,0,0
0.0134,0.00643784,0.0064498
0.0138,0,0
0.0142,0,0
0.0146,0,0
0.015,0,0
0.0154,0,0
0.0158,0,0
0.0162,0.00612175,0.00613257
0.0166,0,0
0.017,0,0
0.0174,0,0
0.0178,0,0
0.0182,0,0
0.0186,0.00669248,0.0067054
0.019,0.0127198,0.00901608
0.0194,0.00606802,0.00607865
0.0198,0,0
0.0202,0.0064421,0.00645408
0.0206,0,0
0.021,0,0
0.0214,0,0
0.0218,0,0
0.0222,0,0
0.0226,0,0
0.023,0,0
0.0234,0.0123786,0.00876867
0.0238,0.00628717,0.00629858
0.0242,0,0
0.0246,0,0
0.025,0,0
0.0254,0,0
0.0258,0,0
0.0262,0,0
0.0266,0,0
0.027,0,0
0.0274,0,0
0.0278,0,0
0.0282,0,0
0.0286,0,0
0.029,0,0
0.0294,0,0
0.0298,0.00628795,0.00629935
0.0302,0,0
0.0306,0,0
0.031,0,0
0.0314,0,0
0.0318,0,0
0.0322,0,0
0.0326,0.00663933,0.00665204
0.033,0,0
0.0334,0,0
0.0338,0,0
0.0342,0,0
0.0346,0,0
0.035,0,0
0.0354,0,0
0.0358,0,0
0.0362,0,0
0.0366,0,0
0.037,0,0
0.0374,0,0
0.0378,0,0
0.0382,0,0
0.0386,0,0
0.039,0,0
0.0394,0,0
0.0398,0,0
0.0402,0,0
0.0406,0,0
0.041,0,0
0.0414,0,0
0.0418,0,0
0.0422,0,0
0.0426,0,0
0.043,0,0
0.0434,0,0
0.0438,0,0
0.0442,0,0
0.0446,0.00622906,0.00624023
0.045,0.00629218,0.00630359
0.0454,0,0
0.0458,0,0
0.0462,0,0
0.0466,0,0
0.047,0.00621979,0.00623093
0.0474,0,0
0.0478,0,0
0.0482,0,0
0.0486,0,0
0.049,0,0
0.0494,0,0
0.0498,0,0
0.0502,0.00684851,0.006862
0.0506,0,0
0.051,0,0
0.0514,0,0
0.0518,0,0
0.0522,0.00667172,0.00668452
0.0526,0.0063267,0.00633821
0.053,0,0
0.0534,0.00595291,0.0059631
0.0538,0,0
0.0542,0,0
0.0546,0,0
0.055,0,0
0.0554,0,0
0.0558,0,0
0.0562,0.00622199,0.00623311
0.0566,0,0
0.057,0,0
0.0574,0,0
0.0578,0,0
0.0582,0.00667284,0.00668563
0.0586,0,0
0.059,0,0
0.0594,0.013085,0.00926993
0.0598,0,0
0.0602,0,0
0.0606,0,0
0.061,0,0
0.0614,0,0
0.0618,0.00571638,0.00572576
0.0622,0.00629797,0.00630935
0.0626,0,0
0.063,0,0
0.0634,0,0
0.0638,0.00608085,0.00609146
0.0642,0,0
0.0646,0,0
0.065,0,0
0.0654,0,0
0.0658,0.00600961,0.00601997
0.0662,0,0
0.0666,0,0
0.067,0,0
0.0674,0,0
0.0678,0.0060936,0.00610424
0.0682,0,0
0.0686,0,0
0.069,0.00654002,0.00655227
0.0694,0,0
0.0698,0,0
0.0702,0,0
0.0706,0,0
0.071,0,0
0.0714,0,0
0.0718,0,0
0.0722,0,0
0.0726,0,0
0.073,0.00636033,0.00637191
0.0734,0,0
0.0738,0,0
0.0742,0,0
0.0746,0,0
0.075,0,0
0.0754,0,0
0.0758,0,0
0.0762,0,0
0.0766,0,0
0.077,0.00595877,0.00596891
0.0774,0,0
0.0778,0,0
0.0782,0,0
0.0786,0,0
0.079,0,0
0.0794,0,0
0.0798,0,0
0.0802,0,0
0.0806,0,0
0.081,0,0
0.0814,0,0
0.0818,0.00672451,0.00673741
0.0822,0,0
0.0826,0,0
0.083,0,0
0.0834,0,0
0.0838,0,0
0.0842,0,0
0.0846,0,0
0.085,0,0
0.0854,0,0
0.0858,0,0
0.0862,0,0
0.0866,0,0
0.087,0,0
0.0874,0,0
0.0878,0,0
0.0882,0,0
0.0886,0,0
0.089,0,0
0.0894,0,0
0.0898,0,0
0.0902,0.00671541,0.00672824
0.0906,0,0
0.091,0.0069268,0.00694044
0.0914,0,0
0.0918,0,0
0.0922,0,0
0.0926,0,0
0.093,0.00457463,0.0053194
0.0934,0,0
0.0938,0,0
0.0942,0,0
0.0946,0.0135033,0.0095666
0.095,0,0
0.0954,0,0
0.0958,0,0
0.0962,0,0
0.0966,0,0
0.097,0,0
0.0974,0,0
0.0978,0,0
0.0982,0,0
0.0986,0.00681532,0.00682848
0.099,0,0
0.0994,0,0
0.0998,0,0
0.1002,0,0
0.1006,0.00734765,0.00736293
0.101,0,0
0.1014,0,0
0.1018,0,0
0.1022,0,0
0.1026,0,0
0.103,0,0
0.1034,0,0
0.1038,0,0
0.1042,0,0
0.1046,0,0
0.105,0.00810431,0.00812286
0.1054,0,0
0.1058,0,0
0.1062,0,0
0.1066,0,0
0.107,0,0
0.1074,0,0
0.1078,0,0
0.1082,0,0
0.1086,0.00872409,0.00874555
0.109,0,0
0.1094,0,0
0.1098,0,0
0.1102,0,0
0.1106,0.00938357,0.00940837
0.111,0,0
0.1114,0,0
0.1118,0,0
0.1122,0,0
0.1126,0,0
0.113,0,0
0.1134,0,0
0.1138,0,0
0.1142,0.00843023,0.00845021
0.1146,0,0
0.115,0,0
0.1154,0.00972105,0.00974761
0.1158,0,0
0.1162,0,0
0.1166,0,0
0.117,0,0
0.1174,0.0101509,0.0101798
0.1178,0.01048,0.0105108
0.1182,0,0
0.1186,0,0
0.119,0,0
0.1194,0,0
0.1198,0,0
6
-0.1198,0,0
-0.1194,0,0
-0.119,0,0
-0.1186,0,0
-0.1182,0,0
-0.1178,0,0
-0.1174,0,0
-0.117,0,0
-0.1166,0,0
-0.1162,0,0
-0.1158,0,0
-0.1154,0,0
-0.115,0,0
-0.1146,0,0
-0.1142,0,0
-0.1138,0,0
-0.1134,0,0
-0.113,0,0
-0.1126,0,0
-0.1122,0,0
-0.1118,0,0
-0.1114,0,0
-0.111,0,0
-0.1106,0,0
-0.1102,0,0
-0.1098,0,0
-0.1094,0,0
-0.109,0,0
-0.1086,0,0
-0.1082,0,0
-0.1078,0.00126967,0.00271126
-0.1074,0,0
-0.107,0,0
-0.1066,0,0
-0.1062,0,0
-0.1058,0,0
-0.1054,0,0
-0.105,0,0
-0.1046,0,0
-0.1042,0,0
-0.1038,0.00591784,0.00592965
-0.1034,0,0
-0.103,0,0
-0.1026,0,0
-0.1022,0,0
-0.1018,0.00144555,0.00288804
-0.1014,0,0
-0.101,0,0
-0.1006,0,0
-0.1002,0,0
-0.0998,0,0
-0.0994,0,0
-0.099,0,0
-0.0986,0,0
-0.0982,0,0
-0.0978,0,0
-0.0974,0,0
-0.097,0,0
-0.0966,0,0
-0.0962,0,0
-0.0958,0,0
-0.0954,0,0
-0.095,0,0
-0.0946,0,0
-0.0942,0,0
-0.0938,0,0
-0.0934,0,0
-0.093,0,0
-0.0926,0,0
-0.0922,0.00618224,0.006195
-0.0918,0,0
-0.0914,0,0
-0.091,0,0
-0.0906,0,0
-0.0902,0,0
-0.0898,0,0
-0.0894,0,0
-0.089,0,0
-0.0886,0,0
-0.0882,0,0
-0.0878,0,0
-0.0874,0,0
-0.087,0,0
-0.0866,0,0
-0.0862,0,0
-0.0858,0,0
-0.0854,0,0
-0.085,0,0
-0.0846,0,0
-0.0842,0,0
-0.0838,0,0
-0.0834,0,0
-0.083,0,0
-0.0826,0,0
-0.0822,0,0
-0.0818,0,0
-0.0814,0.00577939,0.00579061
-0.081,0,0
-0.0806,0,0
-0.0802,0,0
-0.0798,0,0
-0.0794,0,0
-0.079,0,0
-0.0786,0,0
-0.0782,0,0
-0.0778,0,0
-0.0774,0,0
-0.077,0,0
-0.0766,0,0
-0.0762,0,0
-0.0758,0,0
-0.0754,0,0
-0.075,0,0
-0.0746,0,0
-0.0742,0,0
-0.0738,0,0
-0.0734,0,0
-0.073,0,0
-0.0726,0,0
-0.0722,0.00532815,0.00533777
-0.0718,0,0
-0.0714,0,0
-0.071,0,0
-0.0706,0,0
-0.0702,0,0
-0.0698,0,0
-0.0694,0,0
-0.069,0,0
-0.0686,0,0
-0.0682,0,0
-0.0678,0,0
-0.0674,0,0
-0.067,0,0
-0.0666,0,0
-0.0662,0,0
-0.0658,0.00527475,0.00528424
-0.0654,0,0
-0.065,0,0
-0.0646,0,0
-0.0642,0,0
-0.0638,0,0
-0.0634,0,0
-0.063,0,0
-0.0626,0,0
-0.0622,0.00501634,0.00502495
-0.0618,0,0
-0.0614,0,0
-0.061,0,0
-0.0606,0,0
-0.0602,0,0
-0.0598,0.00484464,0.00485269
-0.0594,0,0
-0.059,0,0
-0.0586,0,0
-0.0582,0,0
-0.0578,0,0
-0.0574,0,0
-0.057,0.005413,0.00542306
-0.0566,0,0
-0.0562,0,0
-0.0558,0,0
-0.0554,0,0
-0.055,0,0
-0.0546,0,0
-0.0542,0,0
-0.0538,0,0
-0.0534,0.00523134,0.00524077
-0.053,0,0
-0.0526,0,0
-0.0522,0.00519909,0.00520841
-0.0518,0,0
-0.0514,0,0
-0.051,0,0
-0.0506,0,0
-0.0502,0.00332554,0.0042802
-0.0498,0,0
-0.0494,0,0
-0.049,0,0
-0.0486,0.00581458,0.00582627
-0.0482,0,0
-0.0478,0,0
-0.0474,0,0
-0.047,0,0
-0.0466,0,0
-0.0462,0,0
-0.0458,0,0
-0.0454,0,0
-0.045,0,0
-0.0446,0,0
-0.0442,0.00531524,0.00532504
-0.0438,0,0
-0.0434,0.00529215,0.00530186
-0.043,0.00531823,0.00532805
-0.0426,0,0
-0.0422,0,0
-0.0418,0,0
-0.0414,0,0
-0.041,0,0
-0.0406,0.00479824,0.00480624
-0.0402,0,0
-0.0398,0,0
-0.0394,0,0
-0.039,0,0
-0.0386,0.00528935,0.00529908
-0.0382,0,0
-0.0378,0,0
-0.0374,0,0
-0.037,0,0
-0.0366,0,0
-0.0362,0,0
-0.0358,0,0
-0.0354,0,0
-0.035,0.00575096,0.00576249
-0.0346,0,0
-0.0342,0,0
-0.0338,0,0
-0.0334,0,0
-0.033,0,0
-0.0326,0.00538619,0.00539632
-0.0322,0,0
-0.0318,0.00528921,0.00529899
-0.0314,0,0
-0.031,0,0
-0.0306,0,0
-0.0302,0,0
-0.0298,0,0
-0.0294,0.0111113,0.00787215
-0.029,0.00555448,0.00556527
-0.0286,0,0
-0.0282,0.00538751,0.00539767
-0.0278,0.00517183,0.00518119
-0.0274,0,0
-0.027,0,0
-0.0266,0,0
-0.0262,0,0
-0.0258,0,0
-0.0254,0,0
-0.025,0,0
-0.0246,0,0
-0.0242,0,0
-0.0238,0.00521376,0.0052233
-0.0234,0,0
-0.023,0,0
-0.0226,0,0
-0.0222,0,0
-0.0218,0,0
-0.0214,0,0
-0.021,0.00573017,0.00574169
-0.0206,0,0
-0.0202,0.00541832,0.00542863
-0.0198,0,0
-0.0194,0.00498389,0.00499262
-0.019,0,0
-0.0186,0,0
-0.0182,0,0
-0.0178,0,0
-0.0174,0,0
-0.017,0,0
-0.0166,0,0
-0.0162,0,0
-0.0158,0,0
-0.0154,0.00519685,0.00520635
-0.015,0,0
-0.0146,0,0
-0.0142,0,0
-0.0138,0,0
-0.0134,0,0
-0.013,0,0
-0.0126,0,0
-0.0122,0,0
-0.0118,0.00567348,0.00568482
-0.0114,0.00566073,0.00567202
-0.011,0,0
-0.0106,0,0
-0.0102,0.00515662,0.00516599
-0.0098,0.0050014,0.00501022
-0.0094,0,0
-0.009,0.00495592,0.00496458
-0.0086,0.00508199,0.0050911
-0.0082,0.00493826,0.00494686
-0.0078,0.00570056,0.00571203
-0.0074,0.00981391,0.00695151
-0.007,0,0
-0.0066,0,0
-0.0062,0,0
-0.0058,0,0
-0.0054,0.0104158,0.0073809
-0.005,0.00510003,0.00522656
-0.0046,0.0058662,0.00587835
-0.0042,0.0217731,0.0109104
-0.0038,0.0109014,0.00772881
-0.0034,0.0370044,0.014013
-0.003,0.0151767,0.00878374
-0.0026,0.046221,0.0154368
-0.0022,0.0746089,0.0199782
-0.0018,0.153578,0.0291305
-0.0014,0.190889,0.0328417
-0.001,0.328515,0.0408475
-0.0006,0.296417,0.0393443
-0.0002,0.3641,0.0442635
0.0002,0.384954,0.0442452
0.0006,0.315278,0.0401229
0.001,0.283593,0.0379356
0.0014,0.179087,0.0294984
0.0018,0.120564,0.024155
0.0022,0.170018,0.0287923
0.0026,0.0610273,0.0184008
0.003,0.0376861,0.0142919
0.0034,0.0215391,0.010794
0.0038,0.0107801,0.0076372
0.0042,0.0157952,0.00901253
0.0046,0,0
0.005,0.00542744,0.00543785
0.0054,0.0106131,0.00751868
0.0058,0.0100721,0.00713473
0.0062,0,0
0.0066,0.00497034,0.00497906
0.007,0,0
0.0074,0,0
0.0078,0.0106737,0.00756169
0.0082,0,0
0.0086,0,0
0.009,0,0
0.0094,0.00570767,0.00571916
0.0098,0,0
0.0102,0,0
0.0106,0.00530596,0.00531589
0.011,0,0
0.0114,0,0
0.0118,0.00999637,0.00708168
0.0122,0,0
0.0126,0,0
0.013,0,0
0.0134,0.0105591,0.00748029
0.0138,0,0
0.0142,0,0
0.0146,0.00481936,0.00482753
0.015,0,0
0.0154,0.00538487,0.00539505
0.0158,0.005078,0.00508705
0.0162,0,0
0.0166,0,0
0.017,0,0
0.0174,0,0
0.0178,0,0
0.0182,0.0107415,0.00761261
0.0186,0,0
0.019,0,0
0.0194,0,0
0.0198,0.00499127,0.00499997
0.0202,0,0
0.0206,0.00533466,0.00534457
0.021,0,0
0.0214,0,0
0.0218,0.00528667,0.00529639
0.0222,0,0
0.0226,0.00540233,0.00541246
0.023,0,0
0.0234,0,0
0.0238,0,0
0.0242,0,0
0.0246,0.00530945,0.00531921
0.025,0,0
0.0254,0,0
0.0258,0,0
0.0262,0,0
0.0266,0,0
0.027,0,0
0.0274,0,0
0.0278,0,0
0.0282,0.00502605,0.00503474
0.0286,0.00525273,0.00526221
0.029,0,0
0.0294,0,0
0.0298,0,0
0.0302,0,0
0.0306,0,0
0.031,0,0
0.0314,0,0
0.0318,0,0
0.0322,0,0
0.0326,0,0
0.033,0.00560681,0.00561753
0.0334,0,0
0.0338,0,0
0.0342,0,0
0.0346,0,0
0.035,0,0
0.0354,0,0
0.0358,0,0
0.0362,0,0
0.0366,0,0
0.037,0.005383,0.00539282
0.0374,0,0
0.0378,0,0
0.0382,0.00590304,0.00591482
0.0386,0,0
0.039,0,0
0.0394,0,0
0.0398,0,0
0.0402,0,0
0.0406,0,0
0.041,0,0
0.0414,0,0
0.0418,0,0
0.0422,0,0
0.0426,0,0
0.043,0,0
0.0434,0,0
0.0438,0,0
0.0442,0,0
0.0446,0,0
0.045,0,0
0.0454,0,0
0.0458,0,0
0.0462,0,0
0.0466,0,0
0.047,0,0
0.0474,0,0
0.0478,0,0
0.0482,0,0
0.0486,0,0
0.049,0.00601132,0.00602333
0.0494,0,0
0.0498,0,0
0.0502,0,0
0.0506,0,0
0.051,0,0
0.0514,0,0
0.0518,0.00585348,0.00586481
0.0522,0,0
0.0526,0,0
0.053,0,0
0.0534,0,0
0.0538,0,0
0.0542,0,0
0.0546,0,0
0.055,0,0
0.0554,0,0
0.0558,0,0
0.0562,0,0
0.0566,0,0
0.057,0,0
0.0574,0,0
0.0578,0,0
0.0582,0,0
0.0586,0,0
0.059,0,0
0.0594,0,0
0.0598,0,0
0.0602,0,0
0.0606,0,0
0.061,0,0
0.0614,0,0
0.0618,0,0
0.0622,0,0
0.0626,0,0
0.063,0,0
0.0634,0,0
0.0638,0,0
0.0642,0,0
0.0646,0.00277347,0.00396494
0.065,0,0
0.0654,0,0
0.0658,0,0
0.0662,0,0
0.0666,0,0
0.067,0,0
0.0674,0,0
0.0678,0,0
0.0682,0,0
0.0686,0.00258042,0.00386771
0.069,0.00581238,0.00582326
0.0694,0,0
0.0698,0,0
0.0702,0.00519618,0.00520487
0.0706,0.00574617,0.00575679
0.071,0,0
0.0714,0.00563594,0.00564614
0.0718,0,0
0.0722,0,0
0.0726,0,0
0.073,0,0
0.0734,0,0
0.0738,0,0
0.0742,0,0
0.0746,0.00217182,0.00358208
0.075,0,0
0.0754,0,0
0.0758,0,0
0.0762,0,0
0.0766,0,0
0.077,0,0
0.0774,0,0
0.0778,0,0
0.0782,0.00546639,0.00547589
0.0786,0,0
0.079,0.0060878,0.00609957
0.0794,0,0
0.0798,0,0
0.0802,0,0
0.0806,0,0
0.081,0.00619047,0.0062026
0.0814,0,0
0.0818,0,0
0.0822,0.00611585,0.00612767
0.0826,0,0
0.083,0.00571491,0.00572522
0.0834,0,0
0.0838,0.00524146,0.00525012
0.0842,0,0
0.0846,0,0
0.085,0,0
0.0854,0.0065272,0.0065406
0.0858,0,0
0.0862,0,0
0.0866,0,0
0.087,0,0
0.0874,0,0
0.0878,0,0
0.0882,0,0
0.0886,0,0
0.089,0,0
0.0894,0,0
0.0898,0,0
0.0902,0,0
0.0906,0,0
0.091,0,0
0.0914,0,0
0.0918,0,0
0.0922,0.00603517,0.00604652
0.0926,0.00575872,0.00576905
0.093,0.00144991,0.00286046
0.0934,0,0
0.0938,0,0
0.0942,0,0
0.0946,0,0
0.095,0.00579656,0.00580699
0.0954,0,0
0.0958,0,0
0.0962,0.00104564,0.00260419
0.0966,0,0
0.097,0,0
0.0974,0,0
0.0978,0.0064779,0.00649088
0.0982,0,0
0.0986,0,0
0.099,0,0
0.0994,0,0
0.0998,0,0
0.1002,0,0
0.1006,0,0
0.101,0,0
0.1014,0.0130418,0.00924051
0.1018,0,0
0.1022,0.00739278,0.00740959
0.1026,0,0
0.103,0,0
0.1034,0,0
0.1038,0,0
0.1042,0,0
0.1046,0,0
0.105,0,0
0.1054,0,0
0.1058,0,0
0.1062,0,0
0.1066,0,0
0.107,0,0
0.1074,0,0
0.1078,0,0
0.1082,0,0
0.1086,0,0
0.109,0,0
0.1094,0,0
0.1098,0,0
0.1102,0,0
0.1106,0,0
0.111,0,0
0.1114,0,0
0.1118,0,0
0.1122,0,0
0.1126,0,0
0.113,0,0
0.1134,0,0
0.1138,0,0
0.1142,0,0
0.1146,0,0
0.115,0,0
0.1154,0,0
0.1158,0,0
0.1162,0,0
0.1166,0.00911733,0.00914284
0.117,0.00962854,0.00965699
0.1174,0,0
0.1178,0.00957558,0.00960373
0.1182,0,0
0.1186,0,0
0.119,0,0
0.1194,0,0
0.1198,0,0
7
-0.1198,0,0
-0.1194,0,0
-0.119,0,0
-0.1186,0,0
-0.1182,0,0
-0.1178,0,0
-0.1174,0,0
-0.117,0,0
-0.1166,0,0
-0.1162,0,0
-0.1158,0,0
-0.1154,0,0
-0.115,0,0
-0.1146,0,0
-0.1142,0,0
-0.1138,0,0
-0.1134,0,0
-0.113,0,0
-0.1126,0,0
-0.1122,0,0
-0.1118,0,0
-0.1114,0,0
-0.111,0,0
-0.1106,0,0
-0.1102,0,0
-0.1098,0,0
-0.1094,0.00535778,0.00536777
-0.109,0,0
-0.1086,0,0
-0.1082,0,0
-0.1078,0,0
-0.1074,0,0
-0.107,0,0
-0.1066,0,0
-0.1062,0,0
-0.1058,0,0
-0.1054,0,0
-0.105,0,0
-0.1046,0,0
-0.1042,0,0
-0.1038,0,0
-0.1034,0,0
-0.103,0,0
-0.1026,0,0
-0.1022,0,0
-0.1018,0,0
-0.1014,0,0
-0.101,0,0
-0.1006,0,0
-0.1002,0,0
-0.0998,0,0
-0.0994,0,0
-0.099,0,0
-0.0986,0,0
-0.0982,0,0
-0.0978,0,0
-0.0974,0,0
-0.097,0,0
-0.0966,0,0
-0.0962,0,0
-0.0958,0,0
-0.0954,0,0
-0.095,0,0
-0.0946,0,0
-0.0942,0,0
-0.0938,0,0
-0.0934,0,0
-0.093,0,0
-0.0926,0,0
-0.0922,0,0
-0.0918,0.00528622,0.00529612
-0.0914,0,0
-0.091,0,0
-0.0906,0,0
-0.0902,0,0
-0.0898,0,0
-0.0894,0,0
-0.089,0,0
-0.0886,0,0
-0.0882,0,0
-0.0878,0.005031,0.00503997
-0.0874,0,0
-0.087,0,0
-0.0866,0,0
-0.0862,0,0
-0.0858,0,0
-0.0854,0,0
-0.085,0,0
-0.0846,0,0
-0.0842,0,0
-0.0838,0,0
-0.0834,0,0
-0.083,0,0
-0.0826,0,0
-0.0822,0.00514755,0.00515692
-0.0818,0,0
-0.0814,0,0
-0.081,0.00542143,0.00543182
-0.0806,0,0
-0.0802,0,0
-0.0798,0,0
-0.0794,0,0
-0.079,0,0
-0.0786,0,0
-0.0782,0,0
-0.0778,0,0
-0.0774,0,0
-0.077,0,0
-0.0766,0,0
-0.0762,0,0
-0.0758,0,0
-0.0754,0,0
-0.075,0.00990803,0.00701828
-0.0746,0,0
-0.0742,0,0
-0.0738,0,0
-0.0734,0,0
-0.073,0.00534888,0.00535894
-0.0726,0,0
-0.0722,0,0
-0.0718,0,0
-0.0714,0,0
-0.071,0,0
-0.0706,0,0
-0.0702,0.0104192,0.00738099
-0.0698,0,0
-0.0694,0,0
-0.069,0,0
-0.0686,0,0
-0.0682,0,0
-0.0678,0,0
-0.0674,0,0
-0.067,0,0
-0.0666,0,0
-0.0662,0,0
-0.0658,0.00514699,0.00515625
-0.0654,0,0
-0.065,0,0
-0.0646,0,0
-0.0642,0,0
-0.0638,0.011017,0.00780517
-0.0634,0,0
-0.063,0,0
-0.0626,0,0
-0.0622,0.00512529,0.00513443
-0.0618,0,0
-0.0614,0.00538789,0.00539798
-0.061,0.00539274,0.00540285
-0.0606,0,0
-0.0602,0,0
-0.0598,0.00350569,0.00410153
-0.0594,0,0
-0.059,0,0
-0.0586,0,0
-0.0582,0.00548508,0.0054955
-0.0578,0,0
-0.0574,0,0
-0.057,0,0
-0.0566,0,0
-0.0562,0,0
-0.0558,0,0
-0.0554,0.00527793,0.00528754
-0.055,0,0
-0.0546,0,0
-0.0542,0,0
-0.0538,0,0
-0.0534,0,0
-0.053,0,0
-0.0526,0,0
-0.0522,0,0
-0.0518,0,0
-0.0514,0,0
-0.051,0,0
-0.0506,0,0
-0.0502,0,0
-0.0498,0,0
-0.0494,0.0052145,0.00522381
-0.049,0,0
-0.0486,0,0
-0.0482,0,0
-0.0478,0.00529501,0.00530459
-0.0474,0,0
-0.047,0.00587934,0.00589113
-0.0466,0,0
-0.0462,0,0
-0.0458,0,0
-0.0454,0,0
-0.045,0.00570152,0.00571257
-0.0446,0,0
-0.0442,0.00818568,0.00674849
-0.0438,0,0
-0.0434,0,0
-0.043,0,0
-0.0426,0,0
-0.0422,0,0
-0.0418,0,0
-0.0414,0.00582419,0.00583566
-0.041,0.00582785,0.00583933
-0.0406,0,0
-0.0402,0,0
-0.0398,0,0
-0.0394,0,0
-0.039,0.00557476,0.00558523
-0.0386,0,0
-0.0382,0,0
-0.0378,0,0
-0.0374,0,0
-0.037,0,0
-0.0366,0,0
-0.0362,0,0
-0.0358,0,0
-0.0354,0,0
-0.035,0,0
-0.0346,0,0
-0.0342,0,0
-0.0338,0,0
-0.0334,0,0
-0.033,0,0
-0.0326,0,0
-0.0322,0,0
-0.0318,0,0
-0.0314,0,0
-0.031,0,0
-0.0306,0,0
-0.0302,0.00560815,0.00561858
-0.0298,0.0115401,0.0081757
-0.0294,0,0
-0.029,0,0
-0.0286,0,0
-0.0282,0,0
-0.0278,0,0
-0.0274,0,0
-0.027,0,0
-0.0266,0,0
-0.0262,0,0
-0.0258,0,0
-0.0254,0.00574503,0.00575588
-0.025,0,0
-0.0246,0,0
-0.0242,0.00614449,0.00615686
-0.0238,0.00614927,0.00616166
-0.0234,0.00573921,0.00574999
-0.023,0.0116172,0.00823075
-0.0226,0,0
-0.0222,0,0
-0.0218,0,0
-0.0214,0,0
-0.021,0,0
-0.0206,0.00609249,0.00610457
-0.0202,0.00585328,0.00586442
-0.0198,0,0
-0.0194,0,0
-0.019,0,0
-0.0186,0,0
-0.0182,0,0
-0.0178,0.00566151,0.00567188
-0.0174,0,0
-0.017,0,0
-0.0166,0,0
-0.0162,0,0
-0.0158,0,0
-0.0154,0,0
-0.015,0.00549112,0.00550082
-0.0146,0.0117525,0.00816993
-0.0142,0.00580677,0.0058176
-0.0138,0.0101906,0.00721763
-0.0134,0,0
-0.013,0,0
-0.0126,0.00581382,0.00582464
-0.0122,0,0
-0.0118,0,0
-0.0114,0,0
-0.011,0,0
-0.0106,0,0
-0.0102,0,0
-0.0098,0.00553656,0.00554632
-0.0094,0.00621024,0.00622251
-0.009,0,0
-0.0086,0,0
-0.0082,0,0
-0.0078,0.00578634,0.00579697
-0.0074,0,0
-0.007,0,0
-0.0066,0.011776,0.00834245
-0.0062,0.0180149,0.0104207
-0.0058,0.0118902,0.00843277
-0.0054,0.00595809,0.00596932
-0.005,0.0190721,0.0110442
-0.0046,0.00584597,0.00585676
-0.0042,0.0246813,0.0123689
-0.0038,0.0180796,0.010465
-0.0034,0.0296295,0.0132759
-0.003,0.0340372,0.0139297
-0.0026,0.0461322,0.0163419
-0.0022,0.111534,0.0258977
-0.0018,0.164399,0.0320939
-0.0014,0.214712,0.0367648
-0.001,0.337149,0.0439957
-0.0006,0.474889,0.0528151
-0.0002,0.48876,0.0544844
0.0002,0.617459,0.0595754
0.0006,0.572669,0.0574766
0.001,0.535612,0.0553892
0.0014,0.336178,0.042914
0.0018,0.259441,0.0376748
0.0022,0.163397,0.030058
0.0026,0.0920584,0.0239638
0.003,0.0628295,0.01959
0.0034,0.0797837,0.0221905
0.0038,0.0362197,0.0148168
0.0042,0.0174146,0.010075
0.0046,0.0171063,0.00989564
0.005,0.00976026,0.00776867
0.0054,0.0177675,0.0102801
0.0058,0.0175714,0.010169
0.0062,0.0127281,0.00882425
0.0066,0.0181598,0.0105043
0.007,0.0112664,0.00798053
0.0074,0.00555525,0.00556484
0.0078,0,0
0.0082,0.00589981,0.00591061
0.0086,0,0
0.009,0,0
0.0094,0.00649689,0.00650997
0.0098,0,0
0.0102,0.00579045,0.00580084
0.0106,0.0118439,0.00839027
0.011,0.00604245,0.00605376
0.0114,0,0
0.0118,0.00577113,0.00578143
0.0122,0.00151832,0.0029238
0.0126,0,0
0.013,0.0113811,0.00806614
0.0134,0.00600723,0.00601839
0.0138,0,0
0.0142,0.00589831,0.00590907
0.0146,0,0
0.015,0.00635745,0.00636994
0.0154,0,0
0.0158,0.0115338,0.00817017
0.0162,0,0
0.0166,0.0113141,0.00801487
0.017,0.00581158,0.00582202
0.0174,0.00583176,0.00584228
0.0178,0,0
0.0182,0,0
0.0186,0,0
0.019,0,0
0.0194,0,0
0.0198,0,0
0.0202,0,0
0.0206,0,0
0.021,0,0
0.0214,0,0
0.0218,0.00592911,0.00594001
0.0222,0,0
0.0226,0,0
0.023,0,0
0.0234,0,0
0.0238,0,0
0.0242,0,0
0.0246,0,0
0.025,0,0
0.0254,0,0
0.0258,0,0
0.0262,0,0
0.0266,0,0
0.027,0,0
0.0274,0,0
0.0278,0.00536919,0.00537817
0.0282,0,0
0.0286,0.00579332,0.00580378
0.029,0.00550836,0.00551782
0.0294,0,0
0.0298,0,0
0.0302,0,0
0.0306,0,0
0.031,0,0
0.0314,0,0
0.0318,0,0
0.0322,0,0
0.0326,0,0
0.033,0,0
0.0334,0,0
0.0338,0,0
0.0342,0,0
0.0346,0,0
0.035,0.0117031,0.008293
0.0354,0,0
0.0358,0,0
0.0362,0,0
0.0366,0,0
0.037,0,0
0.0374,0,0
0.0378,0.00635417,0.00636685
0.0382,0.00635142,0.0063641
0.0386,0,0
0.039,0,0
0.0394,0,0
0.0398,0,0
0.0402,0,0
0.0406,0,0
0.041,0,0
0.0414,0,0
0.0418,0,0
0.0422,0,0
0.0426,0,0
0.043,0,0
0.0434,0.00564645,0.00565653
0.0438,0,0
0.0442,0,0
0.0446,0.00547142,0.0054809
0.045,0,0
0.0454,0,0
0.0458,0,0
0.0462,0,0
0.0466,0,0
0.047,0.00571018,0.00572053
0.0474,0,0
0.0478,0.00562863,0.00563869
0.0482,0,0
0.0486,0,0
0.049,0.00628215,0.0062947
0.0494,0,0
0.0498,0,0
0.0502,0.00618434,0.00619652
0.0506,0,0
0.051,0.0113718,0.0080616
0.0514,0,0
0.0518,0.0060699,0.00608166
0.0522,0,0
0.0526,0,0
0.053,0,0
0.0534,0,0
0.0538,0.00550693,0.00551664
0.0542,0,0
0.0546,0,0
0.055,0,0
0.0554,0,0
0.0558,0,0
0.0562,0,0
0.0566,0,0
0.057,0,0
0.0574,0,0
0.0578,0,0
0.0582,0,0
0.0586,0,0
0.059,0,0
0.0594,0,0
0.0598,0,0
0.0602,0,0
0.0606,0,0
0.061,0,0
0.0614,0,0
0.0618,0,0
0.0622,0,0
0.0626,0,0
0.063,0,0
0.0634,0,0
0.0638,0,0
0.0642,0,0
0.0646,0.0028739,0.00403596
0.065,0,0
0.0654,0,0
0.0658,0,0
0.0662,0,0
0.0666,0,0
0.067,0,0
0.0674,0,0
0.0678,0,0
0.0682,0,0
0.0686,0.00315816,0.00425392
0.069,0,0
0.0694,0,0
0.0698,0,0
0.0702,0,0
0.0706,0,0
0.071,0,0
0.0714,0,0
0.0718,0,0
0.0722,0,0
0.0726,0,0
0.073,0,0
0.0734,0,0
0.0738,0,0
0.0742,0,0
0.0746,0.00361378,0.00455782
0.075,0,0
0.0754,0,0
0.0758,0,0
0.0762,0,0
0.0766,0.00522023,0.0052292
0.077,0,0
0.0774,0,0
0.0778,0,0
0.0782,0,0
0.0786,0,0
0.079,0,0
0.0794,0,0
0.0798,0,0
0.0802,0,0
0.0806,0,0
0.081,0.00557047,0.00558072
0.0814,0,0
0.0818,0,0
0.0822,0,0
0.0826,0,0
0.083,0,0
0.0834,0,0
0.0838,0,0
0.0842,0,0
0.0846,0,0
0.085,0.00524642,0.00541432
0.0854,0,0
0.0858,0,0
0.0862,0.00511184,0.0051205
0.0866,0,0
0.087,0,0
0.0874,0,0
0.0878,0,0
0.0882,0,0
0.0886,0.00557674,0.00558704
0.089,0,0
0.0894,0.00548621,0.00549619
0.0898,0,0
0.0902,0.00575835,0.00576935
0.0906,0,0
0.091,0,0
0.0914,0.00554873,0.00555895
0.0918,0,0
0.0922,0,0
0.0926,0,0
0.093,0.0052747,0.00528393
0.0934,0,0
0.0938,0,0
0.0942,0,0
0.0946,0,0
0.095,0,0
0.0954,0,0
0.0958,0,0
0.0962,0.00505221,0.00552959
0.0966,0,0
0.097,0,0
0.0974,0,0
0.0978,0,0
0.0982,0,0
0.0986,0,0
0.099,0,0
0.0994,0,0
0.0998,0,0
0.1002,0,0
0.1006,0.00625937,0.00627239
0.101,0,0
0.1014,0,0
0.1018,0,0
0.1022,0.00592411,0.00593577
0.1026,0,0
0.103,0,0
0.1034,0,0
0.1038,0,0
0.1042,0,0
0.1046,0,0
0.105,0,0
0.1054,0,0
0.1058,0.00612679,0.00613924
0.1062,0,0
0.1066,0,0
0.107,0,0
0.1074,0.00710314,0.00711986
0.1078,0,0
0.1082,0,0
0.1086,0,0
0.109,0,0
0.1094,0.00664311,0.00665771
0.1098,0.0066868,0.00729029
0.1102,0,0
0.1106,0,0
0.111,0,0
0.1114,0,0
0.1118,0,0
0.1122,0,0
0.1126,0,0
0.113,0,0
0.1134,0,0
0.1138,0,0
0.1142,0,0
0.1146,0,0
0.115,0,0
0.1154,0.00832466,0.0083474
0.1158,0.00282906,0.00486782
0.1162,0,0
0.1166,0.00854642,0.00857033
0.117,0,0
0.1174,0,0
0.1178,0,0
0.1182,0,0
0.1186,0.00885739,0.00888299
0.119,0,0
0.1194,0,0
0.1198,0.00913755,0.00916473
8
-0.1198,0,0
-0.1194,0.00410026,0.00410828
-0.119,0,0
-0.1186,0,0
-0.1182,0,0
-0.1178,0,0
-0.1174,0,0
-0.117,0,0
-0.1166,0,0
-0.1162,0,0
-0.1158,0,0
-0.1154,0,0
-0.115,0,0
-0.1146,0.0041853,0.00419361
-0.1142,0,0
-0.1138,0,0
-0.1134,0,0
-0.113,0.00381451,0.0038214
-0.1126,0,0
-0.1122,0,0
-0.1118,0,0
-0.1114,0.00392198,0.00392926
-0.111,0.00433168,0.00434054
-0.1106,0,0
-0.1102,0,0
-0.1098,0,0
-0.1094,0.0039531,0.00396047
-0.109,0.00404042,0.00404812
-0.1086,0,0
-0.1082,0,0
-0.1078,0,0
-0.1074,0,0
-0.107,0,0
-0.1066,0,0
-0.1062,0,0
-0.1058,0.0037763,0.00378299
-0.1054,0,0
-0.105,0,0
-0.1046,0.00378698,0.0037937
-0.1042,0,0
-0.1038,0.000934008,0.00198531
-0.1034,0,0
-0.103,0,0
-0.1026,0,0
-0.1022,0,0
-0.1018,0,0
-0.1014,0,0
-0.101,0,0
-0.1006,0,0
-0.1002,0.00363925,0.00364542
-0.0998,0,0
-0.0994,0,0
-0.099,0,0
-0.0986,0.00388929,0.00389632
-0.0982,0.00420067,0.00420886
-0.0978,0,0
-0.0974,0,0
-0.097,0,0
-0.0966,0,0
-0.0962,0,0
-0.0958,0.00235259,0.00311048
-0.0954,0,0
-0.095,0,0
-0.0946,0,0
-0.0942,0.00458407,0.00459377
-0.0938,0,0
-0.0934,0,0
-0.093,0,0
-0.0926,0.00447965,0.0044889
-0.0922,0.00410119,0.00410894
-0.0918,0,0
-0.0914,0.00411417,0.00412196
-0.091,0,0
-0.0906,0,0
-0.0902,0.00423688,0.00424512
-0.0898,0,0
-0.0894,0,0
-0.089,0,0
-0.0886,0,0
-0.0882,0,0
-0.0878,0,0
-0.0874,0,0
-0.087,0.00414287,0.00415072
-0.0866,0,0
-0.0862,0,0
-0.0858,0.00386317,0.00386999
-0.0854,0,0
-0.085,0,0
-0.0846,0,0
-0.0842,0,0
-0.0838,0,0
-0.0834,0,0
-0.083,0,0
-0.0826,0,0
-0.0822,0,0
-0.0818,0,0
-0.0814,0.00427031,0.0042786
-0.081,0,0
-0.0806,0.001085,0.00224226
-0.0802,0,0
-0.0798,0.00424676,0.00425494
-0.0794,0,0
-0.079,0,0
-0.0786,0,0
-0.0782,0,0
-0.0778,0,0
-0.0774,0,0
-0.077,0,0
-0.0766,0,0
-0.0762,0,0
-0.0758,0,0
-0.0754,0,0
-0.075,0.00407644,0.00408394
-0.0746,0,0
-0.0742,0,0
-0.0738,0,0
-0.0734,0,0
-0.073,0,0
-0.0726,0,0
-0.0722,0,0
-0.0718,0.00403263,0.00403995
-0.0714,0.00400447,0.00401169
-0.071,0,0
-0.0706,0.00401076,0.004018
-0.0702,0,0
-0.0698,0,0
-0.0694,0,0
-0.069,0,0
-0.0686,0,0
-0.0682,0,0
-0.0678,0,0
-0.0674,0,0
-0.067,0,0
-0.0666,0,0
-0.0662,0,0
-0.0658,0,0
-0.0654,0,0
-0.065,0,0
-0.0646,0,0
-0.0642,0,0
-0.0638,0.00436391,0.00437245
-0.0634,0,0
-0.063,0,0
-0.0626,0,0
-0.0622,0.00397879,0.00398588
-0.0618,0.00382687,0.00383343
-0.0614,0,0
-0.061,0,0
-0.0606,0,0
-0.0602,0,0
-0.0598,0.000989359,0.00191782
-0.0594,0,0
-0.059,0.00391777,0.00392464
-0.0586,0,0
-0.0582,0.00424268,0.00425074
-0.0578,0.00468139,0.0046912
-0.0574,0,0
-0.057,0.00412057,0.00412817
-0.0566,0,0
-0.0562,0,0
-0.0558,0.00447041,0.00447935
-0.0554,0,0
-0.055,0,0
-0.0546,0,0
-0.0542,0,0
-0.0538,0,0
-0.0534,0.004025,0.00403225
-0.053,0,0
-0.0526,0,0
-0.0522,0,0
-0.0518,0,0
-0.0514,0,0
-0.051,0,0
-0.0506,0,0
-0.0502,0,0
-0.0498,0.00807995,0.00572496
-0.0494,0,0
-0.049,0.00401239,0.0040196
-0.0486,0,0
-0.0482,0,0
-0.0478,0,0
-0.0474,0.00428418,0.00429239
-0.047,0,0
-0.0466,0,0
-0.0462,0.00392204,0.00392893
-0.0458,0,0
-0.0454,0,0
-0.045,0,0
-0.0446,0.0043344,0.0043428
-0.0442,0.00228846,0.00317405
-0.0438,0,0
-0.0434,0.00410396,0.00411149
-0.043,0,0
-0.0426,0,0
-0.0422,0.000731532,0.0017155
-0.0418,0.00903319,0.00641031
-0.0414,0,0
-0.041,0,0
-0.0406,0,0
-0.0402,0.00418376,0.00419158
-0.0398,0,0
-0.0394,0,0
-0.039,0,0
-0.0386,0,0
-0.0382,0,0
-0.0378,0,0
-0.0374,0,0
-0.037,0,0
-0.0366,0,0
-0.0362,0.00378413,0.00379052
-0.0358,0,0
-0.0354,0,0
-0.035,0.00449275,0.00450176
-0.0346,0,0
-0.0342,0,0
-0.0338,0,0
-0.0334,0,0
-0.033,0,0
-0.0326,0,0
-0.0322,0,0
-0.0318,0,0
-0.0314,0,0
-0.031,0,0
-0.0306,0.00360631,0.00361211
-0.0302,0,0
-0.0298,0.00415908,0.00416679
-0.0294,0,0
-0.029,0.0040409,0.00404817
-0.0286,0.00408458,0.00409201
-0.0282,0.00423129,0.00423927
-0.0278,0,0
-0.0274,0,0
-0.027,0.00443988,0.00444866
-0.0266,0.00322168,0.00370925
-0.0262,0,0
-0.0258,0,0
-0.0254,0.00423958,0.00424758
-0.025,0,0
-0.0246,0.00364485,0.00365077
-0.0242,0,0
-0.0238,0,0
-0.0234,0.00422076,0.00422869
-0.023,0,0
-0.0226,0,0
-0.0222,0,0
-0.0218,0,0
-0.0214,0,0
-0.021,0.00452411,0.00453321
-0.0206,0,0
-0.0202,0,0
-0.0198,0,0
-0.0194,0,0
-0.019,0.00849053,0.00601646
-0.0186,0,0
-0.0182,0,0
-0.0178,0,0
-0.0174,0.0044263,0.004435
-0.017,0,0
-0.0166,0.00452154,0.00453061
-0.0162,0,0
-0.0158,0,0
-0.0154,0,0
-0.015,0.0073324,0.00563533
-0.0146,0.00387183,0.0040406
-0.0142,0.00201098,0.00291228
-0.0138,0,0
-0.0134,0,0
-0.013,0.00419672,0.00420453
-0.0126,0,0
-0.0122,0.00683578,0.00535131
-0.0118,0.00451113,0.00452014
-0.0114,0,0
-0.011,0,0
-0.0106,0,0
-0.0102,0.00410707,0.00411454
-0.0098,0,0
-0.0094,0.00400295,0.00401004
-0.009,0.00790381,0.00559861
-0.0086,0.00405427,0.00406153
-0.0082,0.00394134,0.0039482
-0.0078,0,0
-0.0074,0,0
-0.007,0.00392094,0.00392773
-0.0066,0.00415026,0.00415786
-0.0062,0.00430814,0.00431633
-0.0058,0.0198881,0.00926562
-0.0054,0.00406563,0.00407292
-0.005,0.00427293,0.00428098
-0.0046,0.0387158,0.0129458
-0.0042,0.0421575,0.0135133
-0.0038,0.03042,0.011528
-0.0034,0.0294967,0.0111696
-0.003,0.045363,0.0137122
-0.0026,0.0965465,0.0198602
-0.0022,0.176113,0.0275093
-0.0018,0.212635,0.0307735
-0.0014,0.349497,0.0396213
-0.001,0.472112,0.0439506
-0.0006,0.628022,0.0512775
-0.0002,0.744503,0.0568589
0.0002,0.555999,0.0477398
0.0006,0.579449,0.0488665
0.001,0.456771,0.0431867
0.0014,0.350784,0.0369677
0.0018,0.213936,0.0288724
0.0022,0.188332,0.0272125
0.0026,0.14219,0.0250465
0.003,0.108673,0.0215406
0.0034,0.069527,0.0174113
0.0038,0.0407629,0.0133047
0.0042,0.00418837,0.00419607
0.0046,0.0164654,0.00824876
0.005,0.0234709,0.010107
0.0054,0.0337804,0.0119684
0.0058,0.020298,0.00909375
0.0062,0.0146752,0.00800739
0.0066,0.0128824,0.00745167
0.007,0.0159943,0.0080112
0.0074,0.0118182,0.00683505
0.0078,0,0
0.0082,0.0081079,0.00574623
0.0086,0.0078526,0.00556217
0.009,0,0
0.0094,0.00460372,0.00461298
0.0098,0,0
0.0102,0,0
0.0106,0.00427955,0.00428755
0.011,0,0
0.0114,0,0
0.0118,0,0
0.0122,0.00687358,0.00523588
0.0126,0.0123499,0.00714391
0.013,0.00416265,0.00417022
0.0134,0.0042562,0.00426411
0.0138,0,0
0.0142,0.0038824,0.00388898
0.0146,0.00606635,0.00486175
0.015,0,0
0.0154,0,0
0.0158,0,0
0.0162,0,0
0.0166,0.00396489,0.00397174
0.017,0.00412429,0.0041317
0.0174,0,0
0.0178,0,0
0.0182,0,0
0.0186,0,0
0.019,0.00407274,0.00407995
0.0194,0,0
0.0198,0.00400307,0.00401004
0.0202,0.00436919,0.00437749
0.0206,0,0
0.021,0,0
0.0214,0,0
0.0218,0,0
0.0222,0.00422028,0.00422801
0.0226,0.00422106,0.0042288
0.023,0,0
0.0234,0,0
0.0238,0,0
0.0242,0.00417898,0.00418656
0.0246,0,0
0.025,0,0
0.0254,0,0
0.0258,0.00403186,0.00403891
0.0262,0,0
0.0266,0,0
0.027,0,0
0.0274,0,0
0.0278,0.00404155,0.00404863
0.0282,0.00399104,0.00399793
0.0286,0.00833809,0.00590657
0.029,0,0
0.0294,0,0
0.0298,0,0
0.0302,0,0
0.0306,0,0
0.031,0,0
0.0314,0,0
0.0318,0,0
0.0322,0,0
0.0326,0,0
0.033,0,0
0.0334,0,0
0.0338,0,0
0.0342,0,0
0.0346,0,0
0.035,0,0
0.0354,0,0
0.0358,0,0
0.0362,0,0
0.0366,0.00807186,0.00571761
0.037,0.00846188,0.00599438
0.0374,0,0
0.0378,0,0
0.0382,0.00463291,0.00464216
0.0386,0,0
0.039,0,0
0.0394,0,0
0.0398,0,0
0.0402,0,0
0.0406,0,0
0.041,0,0
0.0414,0,0
0.0418,0,0
0.0422,0,0
0.0426,0.00418165,0.00418917
0.043,0,0
0.0434,0,0
0.0438,0.00408315,0.00409031
0.0442,0,0
0.0446,0,0
0.045,0.00421736,0.00422499
0.0454,0,0
0.0458,0,0
0.0462,0.00439196,0.00440024
0.0466,0.00422205,0.00422969
0.047,0.00834331,0.00591018
0.0474,0,0
0.0478,0,0
0.0482,0.00403495,0.00404193
0.0486,0.00417065,0.0041781
0.049,0,0
0.0494,0,0
0.0498,0,0
0.0502,0,0
0.0506,0.00447225,0.00448081
0.051,0,0
0.0514,0,0
0.0518,0,0
0.0522,0,0
0.0526,0.00425709,0.00426483
0.053,0.008563,0.00606603
0.0534,0,0
0.0538,0,0
0.0542,0,0
0.0546,0,0
0.055,0,0
0.0554,0.00327337,0.0036086
0.0558,0.00396632,0.00397302
0.0562,0,0
0.0566,0,0
0.057,0,0
0.0574,0,0
0.0578,0.00872172,0.00618225
0.0582,0,0
0.0586,0.00426603,0.00427376
0.059,0,0
0.0594,0,0
0.0598,0,0
0.0602,0.00433593,0.0043439
0.0606,0,0
0.061,0,0
0.0614,0,0
0.0618,0,0
0.0622,0,0
0.0626,0.00422178,0.0042293
0.063,0,0
0.0634,0,0
0.0638,0,0
0.0642,0.00897032,0.00635497
0.0646,0,0
0.065,0,0
0.0654,0,0
0.0658,0,0
0.0662,0,0
0.0666,0,0
0.067,0.00407658,0.00408356
0.0674,0,0
0.0678,0,0
0.0682,0.00448894,0.00449738
0.0686,0.00444777,0.00445605
0.069,0,0
0.0694,0,0
0.0698,0,0
0.0702,0,0
0.0706,0,0
0.071,0.00416904,0.0041763
0.0714,0.00417125,0.0041785
0.0718,0,0
0.0722,0,0
0.0726,0,0
0.073,0,0
0.0734,0,0
0.0738,0,0
0.0742,0,0
0.0746,0,0
0.075,0,0
0.0754,0,0
0.0758,0,0
0.0762,0,0
0.0766,0,0
0.077,0,0
0.0774,0,0
0.0778,0,0
0.0782,0.00426061,0.00426811
0.0786,0,0
0.079,0,0
0.0794,0.00453486,0.00454335
0.0798,0,0
0.0802,0.00442582,0.00443389
0.0806,0,0
0.081,0,0
0.0814,0,0
0.0818,0.00466021,0.00466915
0.0822,0,0
0.0826,0,0
0.083,0,0
0.0834,0,0
0.0838,0,0
0.0842,0,0
0.0846,0,0
0.085,0.000258709,0.00107996
0.0854,0,0
0.0858,0,0
0.0862,0,0
0.0866,0,0
0.087,0,0
0.0874,0.00430278,0.00431035
0.0878,0,0
0.0882,0,0
0.0886,0,0
0.089,0.00427291,0.00428036
0.0894,0,0
0.0898,0.00445895,0.00446706
0.0902,0,0
0.0906,0,0
0.091,0.00966746,0.00684939
0.0914,0,0
0.0918,0,0
0.0922,0,0
0.0926,0,0
0.093,0,0
0.0934,7.65197e-05,0.000596205
0.0938,0,0
0.0942,0,0
0.0946,0,0
0.095,0.00427712,0.00428454
0.0954,0,0
0.0958,0,0
0.0962,0,0
0.0966,0.00477088,0.00478009
0.097,0,0
0.0974,0,0
0.0978,0,0
0.0982,0,0
0.0986,0.00493902,0.00494888
0.099,0,0
0.0994,0,0
0.0998,0,0
0.1002,0,0
0.1006,0,0
0.101,0,0
0.1014,0,0
0.1018,0,0
0.1022,0,0
0.1026,0.00541186,0.00542368
0.103,0,0
0.1034,0,0
0.1038,0,0
0.1042,0,0
0.1046,0.00556681,0.0055793
0.105,0,0
0.1054,0,0
0.1058,0,0
0.1062,0,0
0.1066,0.00545748,0.00546948
0.107,0,0
0.1074,0,0
0.1078,0,0
0.1082,0,0
0.1086,0.0125052,0.00886724
0.109,0.0054565,0.00546849
0.1094,0,0
0.1098,0.00100182,0.00255704
0.1102,0,0
0.1106,0,0
0.111,0,0
0.1114,0,0
0.1118,0,0
0.1122,0,0
0.1126,0,0
0.113,0,0
0.1134,0.00591317,0.00592725
0.1138,0.0059131,0.00592718
0.1142,0,0
0.1146,0,0
0.115,0,0
0.1154,0.00678194,0.00680046
0.1158,0.00447835,0.00552589
0.1162,0,0
0.1166,0,0
0.117,0,0
0.1174,0,0
0.1178,0,0
0.1182,0,0
0.1186,0,0
0.119,0,0
0.1194,0.0152845,0.0108411
0.1198,0,0
9
-0.1198,0,0
-0.1194,0.00399109,0.0039989
-0.119,0,0
-0.1186,0,0
-0.1182,0,0
-0.1178,0.00372439,0.00373121
-0.1174,0,0
-0.117,0.00399033,0.00399816
-0.1166,0,0
-0.1162,0,0
-0.1158,0,0
-0.1154,0,0
-0.115,0,0
-0.1146,0,0
-0.1142,0.0041214,0.00412979
-0.1138,0,0
-0.1134,0,0
-0.113,0,0
-0.1126,0,0
-0.1122,0,0
-0.1118,0,0
-0.1114,0,0
-0.111,0,0
-0.1106,0,0
-0.1102,0,0
-0.1098,0,0
-0.1094,0,0
-0.109,0,0
-0.1086,0,0
-0.1082,0,0
-0.1078,0,0
-0.1074,0,0
-0.107,0,0
-0.1066,0,0
-0.1062,0.00349495,0.00350106
-0.1058,0,0
-0.1054,0,0
-0.105,0,0
-0.1046,0,0
-0.1042,0,0
-0.1038,0.00304724,0.003462
-0.1034,0,0
-0.103,0,0
-0.1026,0,0
-0.1022,0,0
-0.1018,0,0
-0.1014,0,0
-0.101,0,0
-0.1006,0,0
-0.1002,0,0
-0.0998,0,0
-0.0994,0,0
-0.099,0,0
-0.0986,0,0
-0.0982,0,0
-0.0978,0.0035765,0.00358299
-0.0974,0,0
-0.097,0,0
-0.0966,0,0
-0.0962,0,0
-0.0958,0.00158697,0.00243671
-0.0954,0.00391469,0.00392248
-0.095,0,0
-0.0946,0,0
-0.0942,0,0
-0.0938,0,0
-0.0934,0.00362981,0.00363653
-0.093,0,0
-0.0926,0,0
-0.0922,0.00369633,0.00370331
-0.0918,0.00369448,0.00370146
-0.0914,0,0
-0.091,0,0
-0.0906,0,0
-0.0902,0,0
-0.0898,0.00383575,0.00384329
-0.0894,0.00390797,0.00391579
-0.089,0,0
-0.0886,0,0
-0.0882,0,0
-0.0878,0,0
-0.0874,0,0
-0.087,0,0
-0.0866,0,0
-0.0862,0.00384461,0.00385222
-0.0858,0,0
-0.0854,0,0
-0.085,0,0
-0.0846,0,0
-0.0842,0,0
-0.0838,0,0
-0.0834,0,0
-0.083,0,0
-0.0826,0,0
-0.0822,0,0
-0.0818,0,0
-0.0814,0,0
-0.081,0,0
-0.0806,0.00714407,0.00538888
-0.0802,0,0
-0.0798,0.00357753,0.00358416
-0.0794,0.00369947,0.00370657
-0.079,0.00369798,0.00370507
-0.0786,0,0
-0.0782,0.00381882,0.00382638
-0.0778,0,0
-0.0774,0.00328721,0.00329282
-0.077,0.00328587,0.00329148
-0.0766,0,0
-0.0762,0,0
-0.0758,0,0
-0.0754,0,0
-0.075,0,0
-0.0746,0.00335131,0.00335716
-0.0742,0,0
-0.0738,0.00364035,0.00364725
-0.0734,0,0
-0.073,0,0
-0.0726,0,0
-0.0722,0,0
-0.0718,0,0
-0.0714,0,0
-0.071,0,0
-0.0706,0,0
-0.0702,0,0
-0.0698,0,0
-0.0694,0,0
-0.069,0.00368424,0.00369134
-0.0686,0,0
-0.0682,0,0
-0.0678,0,0
-0.0674,0,0
-0.067,0,0
-0.0666,0,0
-0.0662,0.00367593,0.00368302
-0.0658,0,0
-0.0654,0,0
-0.065,0,0
-0.0646,0,0
-0.0642,0,0
-0.0638,0,0
-0.0634,0.00363108,0.00363801
-0.063,0.00362994,0.00363687
-0.0626,0,0
-0.0622,0,0
-0.0618,0,0
-0.0614,0,0
-0.061,0.00355738,0.00356404
-0.0606,0,0
-0.0602,0.00345794,0.00346424
-0.0598,0.00654917,0.00464246
-0.0594,0,0
-0.059,0.00332602,0.00333185
-0.0586,0.00352918,0.00353575
-0.0582,0.0035992,0.00360603
-0.0578,0,0
-0.0574,0.00349289,0.00349934
-0.057,0.00351847,0.00352501
-0.0566,0,0
-0.0562,0.00365781,0.00366488
-0.0558,0.00382086,0.00382858
-0.0554,0.0072282,0.00512656
-0.055,0.00337381,0.00337983
-0.0546,0.00368978,0.00369698
-0.0542,0,0
-0.0538,0,0
-0.0534,0,0
-0.053,0,0
-0.0526,0,0
-0.0522,0,0
-0.0518,0,0
-0.0514,0,0
-0.051,0.00342655,0.00343277
-0.0506,0.0071425,0.00506008
-0.0502,0,0
-0.0498,0,0
-0.0494,0,0
-0.049,0,0
-0.0486,0.0105456,0.00610879
-0.0482,0,0
-0.0478,0,0
-0.0474,0,0
-0.047,0,0
-0.0466,0,0
-0.0462,0,0
-0.0458,0.00346736,0.00347376
-0.0454,0,0
-0.045,0.003536,0.00354266
-0.0446,0.0036806,0.00368782
-0.0442,0,0
-0.0438,0,0
-0.0434,0,0
-0.043,0,0
-0.0426,0,0
-0.0422,0.00274259,0.00303873
-0.0418,0.00398824,0.00399674
-0.0414,0.00398666,0.00399515
-0.041,0.0036821,0.00368935
-0.0406,0,0
-0.0402,0,0
-0.0398,0.00353196,0.00353864
-0.0394,0.00364655,0.00365367
-0.039,0.00658726,0.00466612
-0.0386,0,0
-0.0382,0.00339783,0.00340402
-0.0378,0.00362422,0.00363127
-0.0374,0,0
-0.037,0,0
-0.0366,0.0031441,0.00314941
-0.0362,0,0
-0.0358,0,0
-0.0354,0.00318172,0.00318717
-0.035,0.00372512,0.00373259
-0.0346,0.00365545,0.00366264
-0.0342,0,0
-0.0338,0,0
-0.0334,0.0070361,0.00498523
-0.033,0,0
-0.0326,0,0
-0.0322,0.00348282,0.00348936
-0.0318,0.00341994,0.00342626
-0.0314,0.00335616,0.00336224
-0.031,0,0
-0.0306,0,0
-0.0302,0.00343624,0.00344262
-0.0298,0.00353126,0.00353801
-0.0294,0.0105961,0.00613087
-0.029,0.00332294,0.00332892
-0.0286,0,0
-0.0282,0,0
-0.0278,0.00338921,0.00339544
-0.0274,0,0
-0.027,0.00364084,0.00364804
-0.0266,0.000846392,0.00172112
-0.0262,0,0
-0.0258,0.00316414,0.00316958
-0.0254,0,0
-0.025,0.00318112,0.00318663
-0.0246,0,0
-0.0242,0.00369541,0.00370285
-0.0238,0.00335298,0.00335911
-0.0234,0,0
-0.023,0.00351886,0.00352562
-0.0226,0.00344441,0.00345088
-0.0222,0.00345427,0.00346079
-0.0218,0.0034513,0.00345781
-0.0214,0,0
-0.021,0.0109001,0.00630662
-0.0206,0.0071654,0.00507694
-0.0202,0,0
-0.0198,0.00932319,0.00539193
-0.0194,0,0
-0.019,0,0
-0.0186,0.00346334,0.00346992
-0.0182,0,0
-0.0178,0.00335034,0.00335651
-0.0174,0.0035771,0.00358413
-0.017,0,0
-0.0166,0.00364939,0.00365671
-0.0162,0,0
-0.0158,0.0035545,0.00356145
-0.0154,0.00331804,0.00332411
-0.015,0.00104363,0.00190739
-0.0146,0,0
-0.0142,0.00493356,0.00400876
-0.0138,0.00295955,0.00296439
-0.0134,0.0032833,0.00328926
-0.013,0,0
-0.0126,0,0
-0.0122,0.00453237,0.00389143
-0.0118,0.00360945,0.00361667
-0.0114,0,0
-0.011,0.00334452,0.00335072
-0.0106,0,0
-0.0102,0.00327518,0.00328113
-0.0098,0,0
-0.0094,0.00993072,0.00575212
-0.009,0.0102538,0.00594091
-0.0086,0.00958589,0.00554466
-0.0082,0.00625934,0.00443374
-0.0078,0.0306208,0.0102361
-0.0074,0.0309741,0.0103692
-0.007,0.0189917,0.00776989
-0.0066,0.0100313,0.00580237
-0.0062,0.0378312,0.01143
-0.0058,0.0182872,0.00791788
-0.0054,0.0162076,0.00726288
-0.005,0.0282997,0.0100366
-0.0046,0.0165028,0.00739393
-0.0042,0.0283609,0.00990864
-0.0038,0.0239371,0.0090712
-0.0034,0.0166262,0.00744953
-0.003,0.047829,0.0123798
-0.0026,0.0682701,0.0148285
-0.0022,0.0983015,0.0182153
-0.0018,0.222407,0.0279815
-0.0014,0.30717,0.0329358
-0.001,0.400823,0.0357972
-0.0006,0.634868,0.0456684
-0.0002,0.625515,0.046002
0.0002,0.567062,0.0425987
0.0006,0.400183,0.0358527
0.001,0.35778,0.0337587
0.0014,0.242549,0.02717
0.0018,0.103823,0.017757
0.0022,0.0863648,0.0162769
0.0026,0.0910875,0.0177293
0.003,0.04589,0.0122797
0.0034,0.0813085,0.0166336
0.0038,0.0317122,0.0102688
0.0042,0.0227712,0.00862258
0.0046,0.0189854,0.00776615
0.005,0.0100106,0.00579216
0.0054,0.0165792,0.00742837
0.0058,0.0157266,0.00704568
0.0062,0.0184878,0.00786985
0.0066,0.00952555,0.00551249
0.007,0.0247306,0.00875897
0.0074,0.0246412,0.00873125
0.0078,0.00655497,0.00464416
0.0082,0.00929033,0.00537566
0.0086,0.00302955,0.00303476
0.009,0.00746342,0.00528942
0.0094,0,0
0.0098,0,0
0.0102,0.00638721,0.00452491
0.0106,0.0032926,0.00329876
0.011,0,0
0.0114,0,0
0.0118,0.00619197,0.00438654
0.0122,0,0
0.0126,0.00308901,0.00309444
0.013,0.00598152,0.00423678
0.0134,0,0
0.0138,0,0
0.0142,0,0
0.0146,0.00427216,0.00356891
0.015,0.00344618,0.00345295
0.0154,0,0
0.0158,0,0
0.0162,0,0
0.0166,0.00302577,0.003031
0.017,0.00617037,0.00437164
0.0174,0,0
0.0178,0,0
0.0182,0.0067558,0.0047863
0.0186,0.0030996,0.00310509
0.019,0,0
0.0194,0,0
0.0198,0.00304275,0.00304804
0.0202,0.00331912,0.00332543
0.0206,0.00324579,0.00325182
0.021,0.00613558,0.00435087
0.0214,0,0
0.0218,0,0
0.0222,0,0
0.0226,0,0
0.023,0,0
0.0234,0,0
0.0238,0.00316038,0.00316611
0.0242,0,0
0.0246,0,0
0.025,0.00310756,0.0031131
0.0254,0.00885754,0.0051261
0.0258,0,0
0.0262,0,0
0.0266,0,0
0.027,0.0030169,0.00302213
0.0274,0.00301541,0.00302063
0.0278,0,0
0.0282,0.00300374,0.00300893
0.0286,0,0
0.029,0,0
0.0294,0,0
0.0298,0.00644469,0.00456555
0.0302,0.00326963,0.00327579
0.0306,0.008924,0.00516112
0.031,0.00326858,0.00327474
0.0314,0.00943121,0.00546056
0.0318,0,0
0.0322,0.00281729,0.00282187
0.0326,0,0
0.033,0,0
0.0334,0,0
0.0338,0.00648207,0.0045921
0.0342,0.00313338,0.00313904
0.0346,0.00650494,0.00460833
0.035,0,0
0.0354,0,0
0.0358,0,0
0.0362,0.00608238,0.00430846
0.0366,0,0
0.037,0,0
0.0374,0.00585788,0.00414917
0.0378,0.00582639,0.00412683
0.0382,0.00690171,0.00488999
0.0386,0,0
0.039,0,0
0.0394,0.00972892,0.00562999
0.0398,0,0
0.0402,0,0
0.0406,0.00298483,0.00298999
0.041,0.00297843,0.00298357
0.0414,0.00311885,0.00312449
0.0418,0.00311832,0.00312395
0.0422,0.0030143,0.00301957
0.0426,0,0
0.043,0,0
0.0434,0,0
0.0438,0,0
0.0442,0,0
0.0446,0.00596746,0.00422694
0.045,0,0
0.0454,0,0
0.0458,0.00300399,0.00300923
0.0462,0.00324653,0.00325265
0.0466,0.00311987,0.00312552
0.047,0.00308142,0.00308694
0.0474,0.0031843,0.00319018
0.0478,0.00307649,0.00308198
0.0482,0.00297694,0.00298209
0.0486,0,0
0.049,0.00343636,0.00344322
0.0494,0,0
0.0498,0.00660031,0.00467768
0.0502,0,0
0.0506,0.00328875,0.00329505
0.051,0.00323277,0.00323885
0.0514,0,0
0.0518,0.00665078,0.00471192
0.0522,0.0066167,0.00468779
0.0526,0,0
0.053,0.00940937,0.00544244
0.0534,0,0
0.0538,0,0
0.0542,0,0
0.0546,0.00324138,0.00324751
0.055,0,0
0.0554,0.00373392,0.00345443
0.0558,0.00289167,0.00289655
0.0562,0,0
0.0566,0,0
0.057,0,0
0.0574,0.00306074,0.00306621
0.0578,0.00611777,0.00433366
0.0582,0.00327426,0.00328053
0.0586,0,0
0.059,0,0
0.0594,0.00320643,0.00321245
0.0598,0,0
0.0602,0.00313372,0.00313948
0.0606,0,0
0.061,0.00295395,0.00295906
0.0614,0,0
0.0618,0,0
0.0622,0.00307695,0.00308251
0.0626,0,0
0.063,0,0
0.0634,0.00289243,0.00289735
0.0638,0,0
0.0642,0.00617749,0.00437966
0.0646,0,0
0.065,0.00304726,0.00305273
0.0654,0,0
0.0658,0.00648375,0.00459346
0.0662,0,0
0.0666,0.00295787,0.00296302
0.067,0.00290076,0.00290572
0.0674,0.0121419,0.00608389
0.0678,0,0
0.0682,0,0
0.0686,0,0
0.069,0,0
0.0694,0,0
0.0698,0.00287197,0.00287685
0.0702,0.00290618,0.00291118
0.0706,0.00312064,0.00312641
0.071,0,0
0.0714,0.00587229,0.00415956
0.0718,0,0
0.0722,0,0
0.0726,0,0
0.073,0.00306625,0.00307183
0.0734,0,0
0.0738,0,0
0.0742,0.00328762,0.00329404
0.0746,0.00320413,0.00321023
0.075,0.00320275,0.00320884
0.0754,0.0118009,0.0059112
0.0758,0,0
0.0762,0,0
0.0766,0.00576674,0.00408471
0.077,0.00311765,0.00312344
0.0774,0,0
0.0778,0,0
0.0782,0,0
0.0786,0,0
0.079,0,0
0.0794,0.00313286,0.00313872
0.0798,0,0
0.0802,0.00943906,0.00546114
0.0806,0.0031921,0.00319819
0.081,0,0
0.0814,0.00307072,0.00307636
0.0818,0.00640311,0.00453637
0.0822,0.00322539,0.00323162
0.0826,0.00322877,0.00323502
0.083,0,0
0.0834,0.00287202,0.00287697
0.0838,0,0
0.0842,0,0
0.0846,0,0
0.085,0,0
0.0854,0,0
0.0858,0.00294913,0.00295436
0.0862,0.00281057,0.00281532
0.0866,0.00307994,0.00308565
0.087,0,0
0.0874,0,0
0.0878,0.0058708,0.00415871
0.0882,0,0
0.0886,0,0
0.089,0,0
0.0894,0,0
0.0898,0,0
0.0902,0,0
0.0906,0,0
0.091,0.00325721,0.00326361
0.0914,0,0
0.0918,0.00295696,0.00296224
0.0922,0,0
0.0926,0,0
0.093,0,0
0.0934,0.0121575,0.00610544
0.0938,0,0
0.0942,0.00954394,0.00552082
0.0946,0,0
0.095,0.00297027,0.00297562
0.0954,0,0
0.0958,0.00310197,0.0031078
0.0962,0.00330362,0.00331023
0.0966,0,0
0.097,0.00622347,0.00440896
0.0974,0,0
0.0978,0,0
0.0982,0,0
0.0986,0,0
0.099,0.00318423,0.00319038
0.0994,0,0
0.0998,0.00326777,0.00327424
0.1002,0.00307696,0.0030827
0.1006,0.00342989,0.00343702
0.101,0.00338199,0.00338892
0.1014,0,0
0.1018,0.00324536,0.00325175
0.1022,0.00375087,0.0037594
0.1026,0.00360164,0.0036095
0.103,0,0
0.1034,0,0
0.1038,0,0
0.1042,0,0
0.1046,0.00370101,0.00370931
0.105,0.00377355,0.00378219
0.1054,0.00383941,0.00384835
0.1058,0.0100498,0.00581407
0.1062,0.00359324,0.00360107
0.1066,0.00362515,0.00363312
0.107,0.00737922,0.00522958
0.1074,0,0
0.1078,0.00387874,0.00388786
0.1082,0,0
0.1086,0.00424716,0.0042581
0.109,0,0
0.1094,0,0
0.1098,0.00398616,0.0039958
0.1102,0,0
0.1106,0,0
0.111,0,0
0.1114,0,0
0.1118,0,0
0.1122,0,0
0.1126,0.0082505,0.0058486
0.113,0.00411237,0.00412264
0.1134,0,0
0.1138,0,0
0.1142,0.00408746,0.00409761
0.1146,0,0
0.115,0,0
0.1154,0.00499867,0.00501385
0.1158,0,0
0.1162,0,0
0.1166,0.00501008,0.00502533
0.117,0,0
0.1174,0,0
0.1178,0,0
0.1182,0,0
0.1186,0.00475207,0.0047658
0.119,0,0
0.1194,0.00570139,0.00572114
0.1198,0,0
