# X , Y , E Distribution=true
1
-0.1198,0,0
-0.1194,0,0
-0.119,0,0
-0.1186,0.0122182,0.0123001
-0.1182,0.00853813,0.0105785
-0.1178,0,0
-0.1174,0,0
-0.117,0,0
-0.1166,0,0
-0.1162,0,0
-0.1158,0,0
-0.1154,0,0
-0.115,0,0
-0.1146,0,0
-0.1142,0,0
-0.1138,0,0
-0.1134,0,0
-0.113,0,0
-0.1126,0,0
-0.1122,0,0
-0.1118,0,0
-0.1114,0,0
-0.111,0,0
-0.1106,0,0
-0.1102,0,0
-0.1098,0,0
-0.1094,0,0
-0.109,0,0
-0.1086,0,0
-0.1082,0,0
-0.1078,0,0
-0.1074,0,0
-0.107,0,0
-0.1066,0,0
-0.1062,0,0
-0.1058,0,0
-0.1054,0,0
-0.105,0,0
-0.1046,0,0
-0.1042,0,0
-0.1038,0,0
-0.1034,0,0
-0.103,0,0
-0.1026,0,0
-0.1022,0,0
-0.1018,0,0
-0.1014,0,0
-0.101,0,0
-0.1006,0,0
-0.1002,0,0
-0.0998,0,0
-0.0994,0,0
-0.099,0,0
-0.0986,0,0
-0.0982,0,0
-0.0978,0.0127068,0.0127308
-0.0974,0,0
-0.097,0,0
-0.0966,0,0
-0.0962,0,0
-0.0958,0,0
-0.0954,0,0
-0.095,0,0
-0.0946,0,0
-0.0942,0,0
-0.0938,0,0
-0.0934,0,0
-0.093,0,0
-0.0926,0,0
-0.0922,0.0131704,0.0131961
-0.0918,0,0
-0.0914,0,0
-0.091,0,0
-0.0906,0,0
-0.0902,0,0
-0.0898,0,0
-0.0894,0,0
-0.089,0,0
-0.0886,0,0
-0.0882,0,0
-0.0878,0,0
-0.0874,0,0
-0.087,0,0
-0.0866,0,0
-0.0862,0,0
-0.0858,0,0
-0.0854,0,0
-0.085,0,0
-0.0846,0,0
-0.0842,0,0
-0.0838,0,0
-0.0834,0,0
-0.083,0,0
-0.0826,0,0
-0.0822,0,0
-0.0818,0,0
-0.0814,0,0
-0.081,0,0
-0.0806,0,0
-0.0802,0,0
-0.0798,0,0
-0.0794,0,0
-0.079,0,0
-0.0786,0,0
-0.0782,0,0
-0.0778,0,0
-0.0774,0,0
-0.077,0,0
-0.0766,0,0
-0.0762,0,0
-0.0758,0,0
-0.0754,0,0
-0.075,0,0
-0.0746,0,0
-0.0742,0,0
-0.0738,0,0
-0.0734,0,0
-0.073,0,0
-0.0726,0,0
-0.0722,0,0
-0.0718,0,0
-0.0714,0,0
-0.071,0,0
-0.0706,0,0
-0.0702,0,0
-0.0698,0,0
-0.0694,0,0
-0.069,0,0
-0.0686,0,0
-0.0682,0,0
-0.0678,0,0
-0.0674,0.0123868,0.0124093
-0.067,0,0
-0.0666,0,0
-0.0662,0,0
-0.0658,0,0
-0.0654,0,0
-0.065,0,0
-0.0646,0,0
-0.0642,0,0
-0.0638,0,0
-0.0634,0,0
-0.063,0,0
-0.0626,0,0
-0.0622,0,0
-0.0618,0,0
-0.0614,0,0
-0.061,0.0130829,0.0131079
-0.0606,0,0
-0.0602,0,0
-0.0598,0,0
-0.0594,0.0133372,0.0133632
-0.059,0,0
-0.0586,0,0
-0.0582,0.00857121,0.0104251
-0.0578,0,0
-0.0574,0,0
-0.057,0,0
-0.0566,0,0
-0.0562,0,0
-0.0558,0,0
-0.0554,0.00865737,0.0105729
-0.055,0,0
-0.0546,0,0
-0.0542,0,0
-0.0538,0,0
-0.0534,0,0
-0.053,0,0
-0.0526,0,0
-0.0522,0,0
-0.0518,0,0
-0.0514,0,0
-0.051,0,0
-0.0506,0.0125512,0.0125741
-0.0502,0.0235089,0.0166518
-0.0498,0,0
-0.0494,0,0
-0.049,0,0
-0.0486,0,0
-0.0482,0,0
-0.0478,0.0123555,0.0123777
-0.0474,0,0
-0.047,0,0
-0.0466,0,0
-0.0462,0,0
-0.0458,0,0
-0.0454,0,0
-0.045,0.0131217,0.0131467
-0.0446,0,0
-0.0442,0,0
-0.0438,0.0134181,0.0134442
-0.0434,0,0
-0.043,0,0
-0.0426,0,0
-0.0422,0,0
-0.0418,0,0
-0.0414,0,0
-0.041,0,0
-0.0406,0,0
-0.0402,0,0
-0.0398,0,0
-0.0394,0,0
-0.039,0,0
-0.0386,0,0
-0.0382,0,0
-0.0378,0,0
-0.0374,0,0
-0.037,0,0
-0.0366,0,0
-0.0362,0,0
-0.0358,0,0
-0.0354,0.0128886,0.0129126
-0.035,0,0
-0.0346,0,0
-0.0342,0.0154577,0.0144486
-0.0338,0,0
-0.0334,0,0
-0.033,0,0
-0.0326,0,0
-0.0322,0.00450928,0.00737263
-0.0318,0,0
-0.0314,0.0115115,0.0115306
-0.031,0,0
-0.0306,0.0118185,0.0118386
-0.0302,0.00486746,0.00800444
-0.0298,0,0
-0.0294,0,0
-0.029,0.0132783,0.0133037
-0.0286,0,0
-0.0282,0,0
-0.0278,0,0
-0.0274,0,0
-0.027,0.00166331,0.00455459
-0.0266,0,0
-0.0262,0,0
-0.0258,0,0
-0.0254,0,0
-0.025,0.00337342,0.00651049
-0.0246,0,0
-0.0242,0.0128237,0.0128473
-0.0238,0,0
-0.0234,0,0
-0.023,0.0129706,0.0129948
-0.0226,0,0
-0.0222,0,0
-0.0218,0,0
-0.0214,0,0
-0.021,0,0
-0.0206,0,0
-0.0202,0,0
-0.0198,0,0
-0.0194,0,0
-0.019,0,0
-0.0186,0,0
-0.0182,0,0
-0.0178,0,0
-0.0174,0,0
-0.017,0,0
-0.0166,0.011514,0.011533
-0.0162,0,0
-0.0158,0,0
-0.0154,0,0
-0.015,0,0
-0.0146,0,0
-0.0142,0,0
-0.0138,0,0
-0.0134,0,0
-0.013,0.00174838,0.0047926
-0.0126,0,0
-0.0122,0,0
-0.0118,0,0
-0.0114,0.0104681,0.0116414
-0.011,0,0
-0.0106,0,0
-0.0102,0,0
-0.0098,0,0
-0.0094,0,0
-0.009,0,0
-0.0086,0,0
-0.0082,0,0
-0.0078,0.0122713,0.0122927
-0.0074,0,0
-0.007,0,0
-0.0066,0,0
-0.0062,0.0262429,0.0185944
-0.0058,0.00422464,0.00734903
-0.0054,0.0127403,0.0127634
-0.005,0.025288,0.0179136
-0.0046,0.0756853,0.0313477
-0.0042,0.0174041,0.0151304
-0.0038,0.137664,0.0415833
-0.0034,0.1025,0.035941
-0.003,0.19401,0.0520854
-0.0026,0.302031,0.063155
-0.0022,0.680564,0.0959551
-0.0018,1.30398,0.132078
-0.0014,1.98201,0.159328
-0.001,2.99216,0.18789
-0.0006,4.37993,0.248595
-0.0002,4.81874,0.258445
0.0002,3.92016,0.223772
0.0006,2.91735,0.193826
0.001,2.24865,0.16821
0.0014,1.31837,0.131834
0.0018,0.558218,0.0862791
0.0022,0.192291,0.0490564
0.0026,0.0364008,0.0218767
0.003,0.0139776,0.0135058
0.0034,0,0
0.0038,0,0
0.0042,0,0
0.0046,0.0140873,0.0141154
0.005,0,0
0.0054,0.0134879,0.0135136
0.0058,0,0
0.0062,0,0
0.0066,0,0
0.007,0,0
0.0074,0,0
0.0078,0,0
0.0082,0,0
0.0086,0,0
0.009,0,0
0.0094,0,0
0.0098,0,0
0.0102,0,0
0.0106,0,0
0.011,0,0
0.0114,0,0
0.0118,0.0018557,0.00481797
0.0122,0.0124678,0.0124897
0.0126,0,0
0.013,0,0
0.0134,0.0135688,0.0135947
0.0138,0,0
0.0142,0,0
0.0146,0,0
0.015,0,0
0.0154,0,0
0.0158,0,0
0.0162,0,0
0.0166,0,0
0.017,0,0
0.0174,0,0
0.0178,0,0
0.0182,0,0
0.0186,0,0
0.019,0,0
0.0194,0,0
0.0198,0,0
0.0202,0,0
0.0206,0,0
0.021,0.0129433,0.0129668
0.0214,0,0
0.0218,0,0
0.0222,0,0
0.0226,0,0
0.023,0,0
0.0234,0,0
0.0238,0,0
0.0242,0,0
0.0246,0,0
0.025,0.0132706,0.0132952
0.0254,0,0
0.0258,0,0
0.0262,0,0
0.0266,0,0
0.027,0,0
0.0274,0.0131947,0.0132191
0.0278,0,0
0.0282,0,0
0.0286,0,0
0.029,0,0
0.0294,0,0
0.0298,0,0
0.0302,0,0
0.0306,0,0
0.031,0.013711,0.0137373
0.0314,0,0
0.0318,0,0
0.0322,0,0
0.0326,0,0
0.033,0,0
0.0334,0,0
0.0338,0,0
0.0342,0,0
0.0346,0.0134826,0.013508
0.035,0,0
0.0354,0,0
0.0358,0.0128155,0.0128384
0.0362,0,0
0.0366,0,0
0.037,0,0
0.0374,0,0
0.0378,0,0
0.0382,0,0
0.0386,0.00923378,0.0108253
0.039,0,0
0.0394,0,0
0.0398,0,0
0.0402,0,0
0.0406,0,0
0.041,0,0
0.0414,0,0
0.0418,0,0
0.0422,0,0
0.0426,0,0
0.043,0,0
0.0434,0,0
0.0438,0,0
0.0442,0,0
0.0446,0,0
0.045,0,0
0.0454,0,0
0.0458,0,0
0.0462,0,0
0.0466,0.0121881,0.0122087
0.047,0,0
0.0474,0.0136649,0.0136908
0.0478,0,0
0.0482,0.0138421,0.0138686
0.0486,0,0
0.049,0,0
0.0494,0.00430677,0.00781615
0.0498,0,0
0.0502,0,0
0.0506,0,0
0.051,0,0
0.0514,0,0
0.0518,0.0131108,0.0131346
0.0522,0,0
0.0526,0,0
0.053,0,0
0.0534,0,0
0.0538,0,0
0.0542,0,0
0.0546,0,0
0.055,0,0
0.0554,0,0
0.0558,0,0
0.0562,0,0
0.0566,0,0
0.057,0,0
0.0574,0,0
0.0578,0,0
0.0582,0,0
0.0586,0,0
0.059,0.0144501,0.0144789
0.0594,0,0
0.0598,0,0
0.0602,0,0
0.0606,0,0
0.061,0,0
0.0614,0,0
0.0618,0,0
0.0622,0,0
0.0626,0,0
0.063,0,0
0.0634,0,0
0.0638,0,0
0.0642,0.0126983,0.0127204
0.0646,0,0
0.065,0,0
0.0654,0,0
0.0658,0,0
0.0662,0,0
0.0666,0,0
0.067,0,0
0.0674,0,0
0.0678,0,0
0.0682,0,0
0.0686,0,0
0.069,0,0
0.0694,0,0
0.0698,0,0
0.0702,0,0
0.0706,0,0
0.071,0,0
0.0714,0,0
0.0718,0,0
0.0722,0,0
0.0726,0,0
0.073,0,0
0.0734,0,0
0.0738,0.0132208,0.0132446
0.0742,0,0
0.0746,0,0
0.075,0,0
0.0754,0,0
0.0758,0,0
0.0762,0,0
0.0766,0,0
0.077,0,0
0.0774,0,0
0.0778,0,0
0.0782,0,0
0.0786,0,0
0.079,0,0
0.0794,0,0
0.0798,0,0
0.0802,0,0
0.0806,0,0
0.081,0.00140145,0.00437441
0.0814,0,0
0.0818,0,0
0.0822,0,0
0.0826,0,0
0.083,0,0
0.0834,0.013177,0.0132006
0.0838,0,0
0.0842,0,0
0.0846,0.0138552,0.0138813
0.085,0,0
0.0854,0,0
0.0858,0,0
0.0862,0,0
0.0866,0,0
0.087,0,0
0.0874,0,0
0.0878,0,0
0.0882,0,0
0.0886,0,0
0.089,0,0
0.0894,0.013706,0.0137314
0.0898,0,0
0.0902,0,0
0.0906,0,0
0.091,0,0
0.0914,0,0
0.0918,0,0
0.0922,0.0136439,0.0136691
0.0926,0,0
0.093,0,0
0.0934,0.0143424,0.0143702
0.0938,0,0
0.0942,0,0
0.0946,0,0
0.095,0,0
0.0954,0,0
0.0958,0,0
0.0962,0.0137645,0.0137901
0.0966,0,0
0.097,0,0
0.0974,0,0
0.0978,0,0
0.0982,0,0
0.0986,0,0
0.099,0,0
0.0994,0,0
0.0998,0,0
0.1002,0.0135121,0.0135367
0.1006,0,0
0.101,0,0
0.1014,0,0
0.1018,0,0
0.1022,0,0
0.1026,0,0
0.103,0,0
0.1034,0,0
0.1038,0,0
0.1042,0,0
0.1046,0,0
0.105,0,0
0.1054,0,0
0.1058,0,0
0.1062,0,0
0.1066,0,0
0.107,0,0
0.1074,0,0
0.1078,0,0
0.1082,0,0
0.1086,0.0176243,0.0176659
0.109,0,0
0.1094,0,0
0.1098,0,0
0.1102,0,0
0.1106,0.0185106,0.0185565
0.111,0,0
0.1114,0,0
0.1118,0.00495694,0.00959383
0.1122,0,0
0.1126,0,0
0.113,0.0192664,0.019316
0.1134,0,0
0.1138,0,0
0.1142,0,0
0.1146,0,0
0.115,0.0156098,0.0176926
0.1154,0,0
0.1158,0,0
0.1162,0,0
0.1166,0.0185008,0.0185464
0.117,0,0
0.1174,0,0
0.1178,0,0
0.1182,0,0
0.1186,0,0
0.119,0,0
0.1194,0,0
0.1198,0,0
2
-0.1198,0,0
-0.1194,0,0
-0.119,0,0
-0.1186,5.55028e-05,0.000567086
-0.1182,0.00211347,0.00360003
-0.1178,0,0
-0.1174,0,0
-0.117,0.00573617,0.0057467
-0.1166,0,0
-0.1162,0,0
-0.1158,0,0
-0.1154,0,0
-0.115,0,0
-0.1146,0,0
-0.1142,0.00642559,0.00643879
-0.1138,0,0
-0.1134,0,0
-0.113,0,0
-0.1126,0,0
-0.1122,0,0
-0.1118,0,0
-0.1114,0,0
-0.111,0,0
-0.1106,0,0
-0.1102,0,0
-0.1098,0,0
-0.1094,0,0
-0.109,0,0
-0.1086,0,0
-0.1082,0,0
-0.1078,0.00584776,0.00585869
-0.1074,0,0
-0.107,0,0
-0.1066,0,0
-0.1062,0,0
-0.1058,0,0
-0.1054,0,0
-0.105,0,0
-0.1046,0,0
-0.1042,0,0
-0.1038,0,0
-0.1034,0.00589174,0.00590282
-0.103,0,0
-0.1026,0,0
-0.1022,0.0121374,0.00859907
-0.1018,0,0
-0.1014,0,0
-0.101,0,0
-0.1006,0,0
-0.1002,0,0
-0.0998,0,0
-0.0994,0,0
-0.099,0,0
-0.0986,0,0
-0.0982,0.00478508,0.00531049
-0.0978,0,0
-0.0974,0,0
-0.097,0,0
-0.0966,0,0
-0.0962,0,0
-0.0958,0,0
-0.0954,0,0
-0.095,0,0
-0.0946,0,0
-0.0942,0,0
-0.0938,0,0
-0.0934,0,0
-0.093,0.00605645,0.00606813
-0.0926,0,0
-0.0922,0,0
-0.0918,0,0
-0.0914,0,0
-0.091,0.00599398,0.00600541
-0.0906,0,0
-0.0902,0,0
-0.0898,0,0
-0.0894,0,0
-0.089,0,0
-0.0886,0,0
-0.0882,0,0
-0.0878,0,0
-0.0874,0,0
-0.087,0,0
-0.0866,0,0
-0.0862,0,0
-0.0858,0,0
-0.0854,0,0
-0.085,0,0
-0.0846,0.00599034,0.00600174
-0.0842,0,0
-0.0838,0,0
-0.0834,0,0
-0.083,0,0
-0.0826,0,0
-0.0822,0,0
-0.0818,0,0
-0.0814,0,0
-0.081,0,0
-0.0806,0,0
-0.0802,0,0
-0.0798,0,0
-0.0794,0,0
-0.079,0,0
-0.0786,0,0
-0.0782,0,0
-0.0778,0,0
-0.0774,0,0
-0.077,0.00605113,0.00606274
-0.0766,0,0
-0.0762,0,0
-0.0758,0,0
-0.0754,0,0
-0.075,0,0
-0.0746,0,0
-0.0742,0,0
-0.0738,0,0
-0.0734,0,0
-0.073,0,0
-0.0726,0,0
-0.0722,0,0
-0.0718,0,0
-0.0714,0,0
-0.071,0.00596683,0.0059781
-0.0706,0,0
-0.0702,0,0
-0.0698,0,0
-0.0694,0,0
-0.069,0,0
-0.0686,0,0
-0.0682,0,0
-0.0678,0,0
-0.0674,0,0
-0.067,0,0
-0.0666,0,0
-0.0662,0,0
-0.0658,0,0
-0.0654,0,0
-0.065,0.00577072,0.00578126
-0.0646,0,0
-0.0642,0,0
-0.0638,0,0
-0.0634,0,0
-0.063,0.00594816,0.00595935
-0.0626,0,0
-0.0622,0,0
-0.0618,0.00621278,0.00622498
-0.0614,0.00611725,0.00612908
-0.061,0,0
-0.0606,0,0
-0.0602,0,0
-0.0598,0,0
-0.0594,0,0
-0.059,0,0
-0.0586,0,0
-0.0582,0.00187402,0.00331092
-0.0578,0.00585847,0.00586931
-0.0574,0,0
-0.057,0,0
-0.0566,0,0
-0.0562,0,0
-0.0558,0,0
-0.0554,0.00193937,0.00339773
-0.055,0,0
-0.0546,0,0
-0.0542,0,0
-0.0538,0,0
-0.0534,0,0
-0.053,0,0
-0.0526,0,0
-0.0522,0,0
-0.0518,0,0
-0.0514,0,0
-0.051,0,0
-0.0506,0,0
-0.0502,0,0
-0.0498,0,0
-0.0494,0,0
-0.049,0,0
-0.0486,0,0
-0.0482,0.00568565,0.00569584
-0.0478,0,0
-0.0474,0,0
-0.047,0,0
-0.0466,0,0
-0.0462,0,0
-0.0458,0,0
-0.0454,0.00616608,0.00617806
-0.045,0,0
-0.0446,0.00597998,0.00601791
-0.0442,0,0
-0.0438,0,0
-0.0434,0,0
-0.043,0.00605574,0.00606728
-0.0426,0.00605615,0.00606769
-0.0422,0,0
-0.0418,0,0
-0.0414,0,0
-0.041,0,0
-0.0406,0,0
-0.0402,0,0
-0.0398,0,0
-0.0394,0,0
-0.039,0,0
-0.0386,0.00583361,0.00584431
-0.0382,0.00583429,0.00584499
-0.0378,0,0
-0.0374,0,0
-0.037,0.00542513,0.00543438
-0.0366,0,0
-0.0362,0,0
-0.0358,0,0
-0.0354,0,0
-0.035,0,0
-0.0346,0,0
-0.0342,0.00651794,0.00635498
-0.0338,0,0
-0.0334,0,0
-0.033,0,0
-0.0326,0,0
-0.0322,0.00344093,0.00436132
-0.0318,0.0169527,0.00980662
-0.0314,0,0
-0.031,0,0
-0.0306,0.00542699,0.00543623
-0.0302,0.00377976,0.00477549
-0.0298,0,0
-0.0294,0,0
-0.029,0,0
-0.0286,0,0
-0.0282,0,0
-0.0278,0,0
-0.0274,0,0
-0.027,0.00493033,0.00530704
-0.0266,0,0
-0.0262,0.00553874,0.00554836
-0.0258,0,0
-0.0254,0,0
-0.025,0.00418741,0.00490794
-0.0246,0,0
-0.0242,0,0
-0.0238,0,0
-0.0234,0,0
-0.023,0,0
-0.0226,0,0
-0.0222,0,0
-0.0218,0,0
-0.0214,0,0
-0.021,0,0
-0.0206,0,0
-0.0202,0,0
-0.0198,0,0
-0.0194,0,0
-0.019,0.00537388,0.00538292
-0.0186,0.00550742,0.00551692
-0.0182,0,0
-0.0178,0,0
-0.0174,0,0
-0.017,0,0
-0.0166,0,0
-0.0162,0,0
-0.0158,0.000898076,0.00236481
-0.0154,0,0
-0.015,0,0
-0.0146,0,0
-0.0142,0,0
-0.0138,0.0054447,0.00545397
-0.0134,0,0
-0.013,0.0169259,0.0100161
-0.0126,0,0
-0.0122,0,0
-0.0118,0,0
-0.0114,0,0
-0.011,0.00623272,0.00624486
-0.0106,0,0
-0.0102,0,0
-0.0098,0,0
-0.0094,0.00606706,0.00607856
-0.009,0,0
-0.0086,0.00605732,0.00606878
-0.0082,0,0
-0.0078,0,0
-0.0074,0.00559265,0.00560242
-0.007,0,0
-0.0066,0.00565304,0.00566302
-0.0062,0,0
-0.0058,0.00996259,0.00772961
-0.0054,0.0058781,0.00588888
-0.005,0.0115148,0.00815682
-0.0046,0.012525,0.00856001
-0.0042,0.00997462,0.00772849
-0.0038,0.0341664,0.0139733
-0.0034,0.0388495,0.0149492
-0.003,0.042477,0.0160414
-0.0026,0.142157,0.0293477
-0.0022,0.211122,0.0360824
-0.0018,0.33033,0.0448529
-0.0014,0.858114,0.0707871
-0.001,0.915326,0.0700847
-0.0006,1.58163,0.100547
-0.0002,1.70545,0.103547
0.0002,1.90832,0.105154
0.0006,1.32838,0.0880809
0.001,1.02858,0.0766435
0.0014,0.519406,0.0558368
0.0018,0.329341,0.0446011
0.0022,0.106421,0.0246468
0.0026,0.0335108,0.014205
0.003,0.00546397,0.00569172
0.0034,0.0124893,0.00884847
0.0038,0.0113922,0.00806978
0.0042,0.00590547,0.00591633
0.0046,0,0
0.005,0,0
0.0054,0,0
0.0058,0,0
0.0062,0.00589543,0.00590625
0.0066,0,0
0.007,0,0
0.0074,0,0
0.0078,0,0
0.0082,0,0
0.0086,0,0
0.009,0,0
0.0094,0,0
0.0098,0,0
0.0102,0.000351024,0.00145789
0.0106,0,0
0.011,0.00624188,0.00625399
0.0114,0.00576779,0.00577814
0.0118,0.00480635,0.00521891
0.0122,0,0
0.0126,0,0
0.013,0,0
0.0134,0.0120416,0.00853246
0.0138,0.00611107,0.00612268
0.0142,0,0
0.0146,0,0
0.015,0,0
0.0154,0,0
0.0158,0,0
0.0162,0.0062028,0.00621476
0.0166,0,0
0.017,0.00559662,0.00560635
0.0174,0,0
0.0178,0.00633062,0.00634306
0.0182,0,0
0.0186,0,0
0.019,0,0
0.0194,0,0
0.0198,0,0
0.0202,0,0
0.0206,0,0
0.021,0,0
0.0214,0,0
0.0218,0.00577373,0.00578407
0.0222,0,0
0.0226,0,0
0.023,0,0
0.0234,0,0
0.0238,0,0
0.0242,0.00562064,0.00563044
0.0246,0,0
0.025,0,0
0.0254,0.00580252,0.00581296
0.0258,0.0058389,0.00584947
0.0262,0,0
0.0266,0.00596616,0.00597719
0.027,0,0
0.0274,0,0
0.0278,0,0
0.0282,0,0
0.0286,0,0
0.029,0,0
0.0294,0.00579082,0.00580121
0.0298,0,0
0.0302,0,0
0.0306,0,0
0.031,0,0
0.0314,0,0
0.0318,0,0
0.0322,0,0
0.0326,0,0
0.033,0.00427835,0.00513434
0.0334,0,0
0.0338,0,0
0.0342,0.00608008,0.00609152
0.0346,0,0
0.035,0,0
0.0354,0.0115912,0.00821108
0.0358,0,0
0.0362,0,0
0.0366,0,0
0.037,0,0
0.0374,0,0
0.0378,0.00459287,0.00508027
0.0382,0,0
0.0386,0.00153303,0.00295624
0.039,0,0
0.0394,0,0
0.0398,0,0
0.0402,0,0
0.0406,0,0
0.041,0,0
0.0414,0.00600851,0.00601966
0.0418,0,0
0.0422,0,0
0.0426,0,0
0.043,0,0
0.0434,0.00563322,0.00564302
0.0438,0,0
0.0442,0,0
0.0446,0,0
0.045,0,0
0.0454,0,0
0.0458,0,0
0.0462,0,0
0.0466,0,0
0.047,0,0
0.0474,0,0
0.0478,0,0
0.0482,0,0
0.0486,0.00616436,0.00617608
0.049,0,0
0.0494,0.00440006,0.00528749
0.0498,0,0
0.0502,0,0
0.0506,0,0
0.051,0,0
0.0514,0,0
0.0518,0.00601178,0.00602292
0.0522,0,0
0.0526,0,0
0.053,0,0
0.0534,0,0
0.0538,0,0
0.0542,0,0
0.0546,0.00592984,0.00594067
0.055,0,0
0.0554,0,0
0.0558,0,0
0.0562,0.00587944,0.00589009
0.0566,0,0
0.057,0,0
0.0574,0,0
0.0578,0,0
0.0582,0,0
0.0586,0,0
0.059,0,0
0.0594,0,0
0.0598,0,0
0.0602,0.00575255,0.00576273
0.0606,0,0
0.061,0,0
0.0614,0,0
0.0618,0,0
0.0622,0,0
0.0626,0,0
0.063,0,0
0.0634,0.00581167,0.00582205
0.0638,0,0
0.0642,0,0
0.0646,0,0
0.065,0,0
0.0654,0,0
0.0658,0,0
0.0662,0,0
0.0666,0,0
0.067,0,0
0.0674,0.00293814,0.00426857
0.0678,0,0
0.0682,0,0
0.0686,0,0
0.069,0,0
0.0694,0,0
0.0698,0,0
0.0702,0,0
0.0706,0,0
0.071,0,0
0.0714,0,0
0.0718,0,0
0.0722,0,0
0.0726,0,0
0.073,0,0
0.0734,0,0
0.0738,0,0
0.0742,0,0
0.0746,0.00599644,0.00600746
0.075,0,0
0.0754,0,0
0.0758,0,0
0.0762,0,0
0.0766,0.00601585,0.00602694
0.077,0,0
0.0774,0,0
0.0778,0,0
0.0782,0,0
0.0786,0.00639229,0.0064048
0.079,0,0
0.0794,0,0
0.0798,0,0
0.0802,0,0
0.0806,0,0
0.081,0.00541684,0.00573002
0.0814,0,0
0.0818,0,0
0.0822,0,0
0.0826,0,0
0.083,0,0
0.0834,0,0
0.0838,0,0
0.0842,0,0
0.0846,0,0
0.085,0,0
0.0854,0,0
0.0858,0,0
0.0862,0,0
0.0866,0,0
0.087,0,0
0.0874,0,0
0.0878,0,0
0.0882,0,0
0.0886,0,0
0.089,0,0
0.0894,0,0
0.0898,0,0
0.0902,0.0102541,0.00781276
0.0906,0,0
0.091,0,0
0.0914,0,0
0.0918,0,0
0.0922,0,0
0.0926,0,0
0.093,0,0
0.0934,0.00634403,0.00635631
0.0938,0,0
0.0942,0,0
0.0946,0,0
0.095,0,0
0.0954,0,0
0.0958,0,0
0.0962,0,0
0.0966,0,0
0.097,0,0
0.0974,0,0
0.0978,0,0
0.0982,0,0
0.0986,0,0
0.099,0,0
0.0994,0,0
0.0998,0,0
0.1002,0,0
0.1006,0,0
0.101,0,0
0.1014,0,0
0.1018,0,0
0.1022,0,0
0.1026,0.0065539,0.00656698
0.103,0,0
0.1034,0,0
0.1038,0.00626787,0.00646806
0.1042,0,0
0.1046,0,0
0.105,0,0
0.1054,0.00716859,0.00718422
0.1058,0,0
0.1062,0,0
0.1066,0,0
0.107,0,0
0.1074,0,0
0.1078,0,0
0.1082,0.00713399,0.00714945
0.1086,0,0
0.109,0.00770409,0.00772212
0.1094,0,0
0.1098,0,0
0.1102,0,0
0.1106,0,0
0.111,0,0
0.1114,0,0
0.1118,0.0140813,0.0107269
0.1122,0,0
0.1126,0,0
0.113,0,0
0.1134,0,0
0.1138,0,0
0.1142,0,0
0.1146,0.00942668,0.00945362
0.115,0,0
0.1154,0,0
0.1158,0,0
0.1162,0.00813013,0.00815017
0.1166,0,0
0.117,0,0
0.1174,0,0
0.1178,0.00906532,0.00909022
0.1182,0.00963768,0.00966581
0.1186,0,0
0.119,0,0
0.1194,0,0
0.1198,0,0
3
-0.1198,0,0
-0.1194,0,0
-0.119,0,0
-0.1186,0,0
-0.1182,0,0
-0.1178,0.00660289,0.00661628
-0.1174,0,0
-0.117,0,0
-0.1166,0,0
-0.1162,0.00588281,0.00589344
-0.1158,0,0
-0.1154,0,0
-0.115,0,0
-0.1146,0,0
-0.1142,0,0
-0.1138,0,0
-0.1134,0,0
-0.113,0,0
-0.1126,0,0
-0.1122,0,0
-0.1118,0,0
-0.1114,0,0
-0.111,0,0
-0.1106,0,0
-0.1102,0,0
-0.1098,0,0
-0.1094,0,0
-0.109,0,0
-0.1086,0,0
-0.1082,0,0
-0.1078,0,0
-0.1074,0,0
-0.107,0,0
-0.1066,0.00609058,0.00610192
-0.1062,0,0
-0.1058,0,0
-0.1054,0,0
-0.105,0,0
-0.1046,0.00655057,0.00656368
-0.1042,0,0
-0.1038,0,0
-0.1034,0,0
-0.103,0,0
-0.1026,0,0
-0.1022,0,0
-0.1018,0,0
-0.1014,0,0
-0.101,0,0
-0.1006,0,0
-0.1002,0.00602168,0.00603274
-0.0998,0.00627979,0.00629182
-0.0994,0,0
-0.099,0,0
-0.0986,0,0
-0.0982,0.00113587,0.00264545
-0.0978,0,0
-0.0974,0,0
-0.097,0,0
-0.0966,0,0
-0.0962,0.00602899,0.00604006
-0.0958,0,0
-0.0954,0,0
-0.095,0,0
-0.0946,0,0
-0.0942,0,0
-0.0938,0,0
-0.0934,0,0
-0.093,0.00576416,0.0060558
-0.0926,0,0
-0.0922,0,0
-0.0918,0,0
-0.0914,0,0
-0.091,0,0
-0.0906,0,0
-0.0902,0,0
-0.0898,0,0
-0.0894,0,0
-0.089,0,0
-0.0886,0,0
-0.0882,0.00592636,0.00593702
-0.0878,0,0
-0.0874,0,0
-0.087,0,0
-0.0866,0,0
-0.0862,0,0
-0.0858,0,0
-0.0854,0,0
-0.085,0,0
-0.0846,0,0
-0.0842,0,0
-0.0838,0,0
-0.0834,0,0
-0.083,0,0
-0.0826,0,0
-0.0822,0.00596458,0.0063233
-0.0818,0,0
-0.0814,0,0
-0.081,0,0
-0.0806,0,0
-0.0802,0,0
-0.0798,0,0
-0.0794,0,0
-0.079,0,0
-0.0786,0,0
-0.0782,0,0
-0.0778,0,0
-0.0774,0,0
-0.077,0,0
-0.0766,0,0
-0.0762,0,0
-0.0758,0,0
-0.0754,0,0
-0.075,0,0
-0.0746,0,0
-0.0742,0.00591493,0.00592548
-0.0738,0,0
-0.0734,0,0
-0.073,0.00607577,0.0060869
-0.0726,0,0
-0.0722,0,0
-0.0718,0,0
-0.0714,0,0
-0.071,0,0
-0.0706,0,0
-0.0702,0,0
-0.0698,0.00657854,0.00659156
-0.0694,0,0
-0.069,0,0
-0.0686,0.00520132,0.00594034
-0.0682,0.00595474,0.00596541
-0.0678,0.0059559,0.00596657
-0.0674,0,0
-0.067,0,0
-0.0666,0,0
-0.0662,0,0
-0.0658,0,0
-0.0654,0,0
-0.065,0,0
-0.0646,0,0
-0.0642,0.00574518,0.00575509
-0.0638,0.00647106,0.00648363
-0.0634,0.00660507,0.00661816
-0.063,0,0
-0.0626,0,0
-0.0622,0.00616527,0.00617666
-0.0618,0,0
-0.0614,0.0131077,0.00928675
-0.061,0,0
-0.0606,0,0
-0.0602,0,0
-0.0598,0,0
-0.0594,0,0
-0.059,0.00593344,0.00594398
-0.0586,0,0
-0.0582,0,0
-0.0578,0,0
-0.0574,0,0
-0.057,0,0
-0.0566,0.00616202,0.00617337
-0.0562,0,0
-0.0558,0,0
-0.0554,0,0
-0.055,0,0
-0.0546,0,0
-0.0542,0,0
-0.0538,0,0
-0.0534,0,0
-0.053,0,0
-0.0526,0.00624971,0.00626137
-0.0522,0,0
-0.0518,0,0
-0.0514,0,0
-0.051,0,0
-0.0506,0,0
-0.0502,0,0
-0.0498,0,0
-0.0494,0,0
-0.049,0,0
-0.0486,0.00639405,0.00640623
-0.0482,0,0
-0.0478,0,0
-0.0474,0,0
-0.047,0,0
-0.0466,0,0
-0.0462,0,0
-0.0458,0.00663556,0.00664865
-0.0454,0.00952721,0.00790352
-0.045,0,0
-0.0446,5.63196e-05,0.000601112
-0.0442,0,0
-0.0438,0.00653672,0.00654942
-0.0434,0,0
-0.043,0,0
-0.0426,0,0
-0.0422,0,0
-0.0418,0,0
-0.0414,0.00620753,0.00621897
-0.041,0,0
-0.0406,0,0
-0.0402,0,0
-0.0398,0,0
-0.0394,0.00619522,0.0062066
-0.039,0.00600985,0.00602056
-0.0386,0,0
-0.0382,0,0
-0.0378,0,0
-0.0374,0,0
-0.037,0,0
-0.0366,0,0
-0.0362,0,0
-0.0358,0,0
-0.0354,0,0
-0.035,0.00615069,0.00616189
-0.0346,0,0
-0.0342,0.00520962,0.0058543
-0.0338,0,0
-0.0334,0,0
-0.033,0,0
-0.0326,0,0
-0.0322,0,0
-0.0318,0,0
-0.0314,0,0
-0.031,0,0
-0.0306,0,0
-0.0302,0,0
-0.0298,0,0
-0.0294,0,0
-0.029,0,0
-0.0286,0,0
-0.0282,0,0
-0.0278,0,0
-0.0274,0,0
-0.027,0,0
-0.0266,0,0
-0.0262,0,0
-0.0258,0,0
-0.0254,0,0
-0.025,0,0
-0.0246,0,0
-0.0242,0,0
-0.0238,0,0
-0.0234,0.00621809,0.00622948
-0.023,0.00621897,0.00623036
-0.0226,0,0
-0.0222,0,0
-0.0218,0,0
-0.0214,0,0
-0.021,0,0
-0.0206,0,0
-0.0202,0,0
-0.0198,0.00635499,0.00636686
-0.0194,0,0
-0.019,0,0
-0.0186,0,0
-0.0182,0,0
-0.0178,0.00590324,0.00591348
-0.0174,0,0
-0.017,0,0
-0.0166,0.0060836,0.00609447
-0.0162,0.00598706,0.00599758
-0.0158,0.0122698,0.00902573
-0.0154,0.00687498,0.00688885
-0.015,0,0
-0.0146,0,0
-0.0142,0,0
-0.0138,0,0
-0.0134,0.00580861,0.00581851
-0.013,0,0
-0.0126,0,0
-0.0122,0,0
-0.0118,0.00627839,0.00628994
-0.0114,0,0
-0.011,0,0
-0.0106,0,0
-0.0102,0,0
-0.0098,0,0
-0.0094,0.00656651,0.00657912
-0.009,0.00656742,0.00658003
-0.0086,0,0
-0.0082,0.00567472,0.00568414
-0.0078,0,0
-0.0074,0,0
-0.007,0.0101392,0.00792075
-0.0066,0,0
-0.0062,0,0
-0.0058,0,0
-0.0054,0.0125615,0.00889862
-0.005,0,0
-0.0046,0.00629399,0.00630556
-0.0042,0,0
-0.0038,0.0243461,0.0121948
-0.0034,0.0244593,0.0122516
-0.003,0.0374707,0.0158354
-0.0026,0.0940553,0.0246283
-0.0022,0.128187,0.0290585
-0.0018,0.277221,0.0424339
-0.0014,0.465631,0.0538078
-0.001,0.667389,0.0618709
-0.0006,1.28774,0.0939652
-0.0002,1.21182,0.0901035
0.0002,1.28257,0.0892114
0.0006,1.03595,0.0804129
0.001,0.552766,0.0581533
0.0014,0.394754,0.0503869
0.0018,0.186636,0.034719
0.0022,0.141762,0.0293508
0.0026,0.0679002,0.0208634
0.003,0.0254448,0.0127461
0.0034,0,0
0.0038,0,0
0.0042,0,0
0.0046,0.0205492,0.0118878
0.005,0,0
0.0054,0,0
0.0058,0,0
0.0062,0,0
0.0066,0,0
0.007,0,0
0.0074,0,0
0.0078,0.00567465,0.005684
0.0082,0,0
0.0086,0,0
0.009,0,0
0.0094,0,0
0.0098,0,0
0.0102,0.00609053,0.00628764
0.0106,0.00669164,0.00670464
0.011,0,0
0.0114,0,0
0.0118,0,0
0.0122,0,0
0.0126,0,0
0.013,0,0
0.0134,0,0
0.0138,0,0
0.0142,0.00715879,0.00717363
0.0146,0,0
0.015,0.00660874,0.00662139
0.0154,0,0
0.0158,0,0
0.0162,0,0
0.0166,0,0
0.017,0,0
0.0174,0,0
0.0178,0,0
0.0182,0,0
0.0186,0.00638839,0.0064002
0.019,0,0
0.0194,0,0
0.0198,0.00621411,0.00622528
0.0202,0,0
0.0206,0.00631269,0.00632421
0.021,0,0
0.0214,0,0
0.0218,0,0
0.0222,0,0
0.0226,0,0
0.023,0,0
0.0234,0,0
0.0238,0,0
0.0242,0,0
0.0246,0,0
0.025,0,0
0.0254,0.00623731,0.00624854
0.0258,0,0
0.0262,0,0
0.0266,0,0
0.027,0,0
0.0274,0,0
0.0278,0.00642151,0.0064334
0.0282,0,0
0.0286,0,0
0.029,0.00633855,0.00635012
0.0294,0.00622882,0.00624
0.0298,0,0
0.0302,0.00637891,0.00639063
0.0306,0.00657643,0.00658888
0.031,0,0
0.0314,0,0
0.0318,0.00639061,0.00640237
0.0322,0,0
0.0326,0,0
0.033,0.00200186,0.00364364
0.0334,0.00149515,0.00321179
0.0338,0,0
0.0342,0.00654523,0.00655755
0.0346,0,0
0.035,0,0
0.0354,0.00627794,0.00628927
0.0358,0,0
0.0362,0,0
0.0366,0,0
0.037,0,0
0.0374,0,0
0.0378,0.00108475,0.00256233
0.0382,0,0
0.0386,0,0
0.039,0,0
0.0394,0,0
0.0398,0.0067345,0.00674751
0.0402,0,0
0.0406,0.00612582,0.00613658
0.041,0.00642448,0.00643632
0.0414,0,0
0.0418,0,0
0.0422,0,0
0.0426,0,0
0.043,0,0
0.0434,0,0
0.0438,0,0
0.0442,0,0
0.0446,0,0
0.045,0,0
0.0454,0,0
0.0458,0,0
0.0462,0,0
0.0466,0,0
0.047,0,0
0.0474,0,0
0.0478,0,0
0.0482,0,0
0.0486,0,0
0.049,0.00655019,0.00656246
0.0494,0.00206158,0.00375903
0.0498,0,0
0.0502,0.00613959,0.00615037
0.0506,0,0
0.051,0,0
0.0514,0,0
0.0518,0,0
0.0522,0,0
0.0526,0,0
0.053,0.00569787,0.00570715
0.0534,0,0
0.0538,0,0
0.0542,0,0
0.0546,0,0
0.055,0,0
0.0554,0.00701591,0.00702996
0.0558,0,0
0.0562,0,0
0.0566,0,0
0.057,0,0
0.0574,0,0
0.0578,0,0
0.0582,0,0
0.0586,0,0
0.059,0.00692005,0.0069337
0.0594,0,0
0.0598,0.0126525,0.00896282
0.0602,0,0
0.0606,0.00577075,0.00599794
0.061,0,0
0.0614,0,0
0.0618,0,0
0.0622,0,0
0.0626,0,0
0.063,0,0
0.0634,0,0
0.0638,0.00629951,0.00631081
0.0642,0,0
0.0646,0,0
0.065,0,0
0.0654,0,0
0.0658,0.000247823,0.00122855
0.0662,0,0
0.0666,0,0
0.067,0,0
0.0674,0.00349991,0.00484218
0.0678,0,0
0.0682,0,0
0.0686,0,0
0.069,0.00643783,0.00644961
0.0694,0,0
0.0698,0,0
0.0702,0,0
0.0706,0,0
0.071,0,0
0.0714,0,0
0.0718,0,0
0.0722,0,0
0.0726,0,0
0.073,0,0
0.0734,0,0
0.0738,0,0
0.0742,0.00417206,0.00521753
0.0746,0,0
0.075,0,0
0.0754,0,0
0.0758,0,0
0.0762,0,0
0.0766,0,0
0.077,0,0
0.0774,0,0
0.0778,0,0
0.0782,0,0
0.0786,0,0
0.079,0,0
0.0794,0,0
0.0798,0,0
0.0802,0,0
0.0806,0,0
0.081,0,0
0.0814,0,0
0.0818,0,0
0.0822,0,0
0.0826,0,0
0.083,0,0
0.0834,0,0
0.0838,0,0
0.0842,0,0
0.0846,0,0
0.085,0,0
0.0854,0,0
0.0858,0,0
0.0862,0,0
0.0866,0,0
0.087,0,0
0.0874,0,0
0.0878,0.00646049,0.00647228
0.0882,0,0
0.0886,0,0
0.089,0,0
0.0894,0,0
0.0898,0,0
0.0902,0.0082544,0.00734474
0.0906,0,0
0.091,0,0
0.0914,0,0
0.0918,0,0
0.0922,0,0
0.0926,0,0
0.093,0,0
0.0934,0,0
0.0938,0,0
0.0942,0.00647917,0.00649101
0.0946,0,0
0.095,0,0
0.0954,0,0
0.0958,0,0
0.0962,0,0
0.0966,0,0
0.097,0,0
0.0974,0,0
0.0978,0,0
0.0982,0,0
0.0986,0.00727576,0.00729068
0.099,0,0
0.0994,0,0
0.0998,0,0
0.1002,0,0
0.1006,0,0
0.101,0,0
0.1014,0,0
0.1018,0,0
0.1022,0,0
0.1026,0,0
0.103,0,0
0.1034,0,0
0.1038,0.000410752,0.00172177
0.1042,0,0
0.1046,0,0
0.105,0,0
0.1054,0,0
0.1058,0,0
0.1062,0,0
0.1066,0,0
0.107,0,0
0.1074,0,0
0.1078,0,0
0.1082,0,0
0.1086,0,0
0.109,0,0
0.1094,0,0
0.1098,0,0
0.1102,0,0
0.1106,0,0
0.111,0,0
0.1114,0.00953613,0.00956167
0.1118,0,0
0.1122,0,0
0.1126,0,0
0.113,0,0
0.1134,0,0
0.1138,0,0
0.1142,0,0
0.1146,0.0101834,0.0102126
0.115,0,0
0.1154,0,0
0.1158,0,0
0.1162,0,0
0.1166,0,0
0.117,0,0
0.1174,0,0
0.1178,0,0
0.1182,0,0
0.1186,0,0
0.119,0,0
0.1194,0.00716587,0.00908391
0.1198,0,0
4
-0.1198,0,0
-0.1194,0,0
-0.119,0.00654905,0.0065622
-0.1186,0,0
-0.1182,0,0
-0.1178,0,0
-0.1174,0,0
-0.117,0,0
-0.1166,0.00597725,0.00598819
-0.1162,0,0
-0.1158,0,0
-0.1154,0,0
-0.115,0,0
-0.1146,0,0
-0.1142,0,0
-0.1138,0,0
-0.1134,0,0
-0.113,0,0
-0.1126,0,0
-0.1122,0,0
-0.1118,0,0
-0.1114,0,0
-0.111,0,0
-0.1106,0,0
-0.1102,0,0
-0.1098,0,0
-0.1094,0.00618305,0.00619471
-0.109,0,0
-0.1086,0,0
-0.1082,0,0
-0.1078,0,0
-0.1074,0,0
-0.107,0,0
-0.1066,0,0
-0.1062,0,0
-0.1058,0,0
-0.1054,0,0
-0.105,0,0
-0.1046,0,0
-0.1042,0,0
-0.1038,0,0
-0.1034,0,0
-0.103,0,0
-0.1026,0,0
-0.1022,0,0
-0.1018,0,0
-0.1014,0,0
-0.101,0,0
-0.1006,0,0
-0.1002,0,0
-0.0998,0,0
-0.0994,0,0
-0.099,0,0
-0.0986,0,0
-0.0982,0,0
-0.0978,0,0
-0.0974,0,0
-0.097,0,0
-0.0966,0,0
-0.0962,0,0
-0.0958,0,0
-0.0954,0,0
-0.095,0,0
-0.0946,0,0
-0.0942,0,0
-0.0938,0,0
-0.0934,0,0
-0.093,0.000577034,0.0019218
-0.0926,0,0
-0.0922,0,0
-0.0918,0,0
-0.0914,0,0
-0.091,0,0
-0.0906,0,0
-0.0902,0.00691948,0.00693394
-0.0898,0,0
-0.0894,0,0
-0.089,0,0
-0.0886,0,0
-0.0882,0,0
-0.0878,0,0
-0.0874,0,0
-0.087,0.00663197,0.00664523
-0.0866,0,0
-0.0862,0,0
-0.0858,0,0
-0.0854,0,0
-0.085,0,0
-0.0846,0,0
-0.0842,0,0
-0.0838,0,0
-0.0834,0,0
-0.083,0,0
-0.0826,0,0
-0.0822,0.000716031,0.00219708
-0.0818,0,0
-0.0814,0,0
-0.081,0,0
-0.0806,0,0
-0.0802,0,0
-0.0798,0,0
-0.0794,0,0
-0.079,0,0
-0.0786,0,0
-0.0782,0.00685632,0.00687045
-0.0778,0,0
-0.0774,0,0
-0.077,0,0
-0.0766,0,0
-0.0762,0,0
-0.0758,0,0
-0.0754,0,0
-0.075,0,0
-0.0746,0,0
-0.0742,0,0
-0.0738,0,0
-0.0734,0,0
-0.073,0,0
-0.0726,0.00610261,0.00611379
-0.0722,0,0
-0.0718,0,0
-0.0714,0,0
-0.071,0,0
-0.0706,0,0
-0.0702,0,0
-0.0698,0,0
-0.0694,0,0
-0.069,0,0
-0.0686,0.00156111,0.00326021
-0.0682,0,0
-0.0678,0,0
-0.0674,0,0
-0.067,0,0
-0.0666,0,0
-0.0662,0,0
-0.0658,0,0
-0.0654,0,0
-0.065,0,0
-0.0646,0.00620809,0.00621963
-0.0642,0,0
-0.0638,0,0
-0.0634,0.00668905,0.00670243
-0.063,0,0
-0.0626,0,0
-0.0622,0,0
-0.0618,0,0
-0.0614,0,0
-0.061,0,0
-0.0606,0,0
-0.0602,0,0
-0.0598,0,0
-0.0594,0,0
-0.059,0,0
-0.0586,0,0
-0.0582,0,0
-0.0578,0,0
-0.0574,0,0
-0.057,0,0
-0.0566,0,0
-0.0562,0,0
-0.0558,0,0
-0.0554,0,0
-0.055,0,0
-0.0546,0,0
-0.0542,0,0
-0.0538,0,0
-0.0534,0,0
-0.053,0,0
-0.0526,0,0
-0.0522,0,0
-0.0518,0,0
-0.0514,0,0
-0.051,0,0
-0.0506,0,0
-0.0502,0.00572625,0.00573602
-0.0498,0,0
-0.0494,0,0
-0.049,0,0
-0.0486,0,0
-0.0482,0,0
-0.0478,0,0
-0.0474,0,0
-0.047,0.00604206,0.00605293
-0.0466,0.00136915,0.00294314
-0.0462,0,0
-0.0458,0,0
-0.0454,0.00353112,0.00480896
-0.045,0,0
-0.0446,0,0
-0.0442,0,0
-0.0438,0,0
-0.0434,0,0
-0.043,0,0
-0.0426,0,0
-0.0422,0,0
-0.0418,0,0
-0.0414,0,0
-0.041,0,0
-0.0406,0,0
-0.0402,0,0
-0.0398,0,0
-0.0394,0,0
-0.039,0,0
-0.0386,0,0
-0.0382,0,0
-0.0378,0,0
-0.0374,0,0
-0.037,0,0
-0.0366,0,0
-0.0362,0,0
-0.0358,0,0
-0.0354,0,0
-0.035,0,0
-0.0346,0,0
-0.0342,0,0
-0.0338,0,0
-0.0334,0.00638498,0.00639709
-0.033,0,0
-0.0326,0.00608834,0.00609934
-0.0322,0,0
-0.0318,0,0
-0.0314,0.00584684,0.00585699
-0.031,0.000447056,0.00160447
-0.0306,0,0
-0.0302,0,0
-0.0298,0,0
-0.0294,0,0
-0.029,0,0
-0.0286,0,0
-0.0282,0,0
-0.0278,0.00586947,0.00587969
-0.0274,0,0
-0.027,0.00574281,0.00588912
-0.0266,0,0
-0.0262,0,0
-0.0258,0,0
-0.0254,0,0
-0.025,0,0
-0.0246,0,0
-0.0242,0,0
-0.0238,0,0
-0.0234,0,0
-0.023,0,0
-0.0226,0.00654794,0.00656065
-0.0222,0,0
-0.0218,0,0
-0.0214,0,0
-0.021,0,0
-0.0206,0,0
-0.0202,0,0
-0.0198,0,0
-0.0194,0,0
-0.019,0,0
-0.0186,0,0
-0.0182,0,0
-0.0178,0,0
-0.0174,0,0
-0.017,0.00660637,0.00661931
-0.0166,0,0
-0.0162,0,0
-0.0158,0,0
-0.0154,0,0
-0.015,0,0
-0.0146,0,0
-0.0142,0,0
-0.0138,0,0
-0.0134,0,0
-0.013,0.00610456,0.00621346
-0.0126,0,0
-0.0122,0.00641497,0.00642716
-0.0118,0.00575847,0.0057683
-0.0114,0.0126137,0.0089359
-0.011,0,0
-0.0106,0.00646671,0.0064791
-0.0102,0,0
-0.0098,0,0
-0.0094,0,0
-0.009,0,0
-0.0086,0,0
-0.0082,0.0055985,0.00560779
-0.0078,0.00589092,0.00590121
-0.0074,0.00615734,0.00616858
-0.007,0.00806622,0.00694165
-0.0066,0.00639242,0.00640454
-0.0062,0,0
-0.0058,0.0189187,0.0109459
-0.0054,0.0184008,0.0106433
-0.005,0.0122456,0.0086752
-0.0046,0.00619773,0.00620912
-0.0042,0.0125542,0.00889368
-0.0038,0.0119812,0.00848705
-0.0034,0.0360311,0.0147361
-0.003,0.0751913,0.0223606
-0.0026,0.0846678,0.0231763
-0.0022,0.189857,0.03504
-0.0018,0.236059,0.0388557
-0.0014,0.537662,0.0575522
-0.001,0.713552,0.0632572
-0.0006,1.11014,0.0865032
-0.0002,1.04187,0.0828646
0.0002,1.01964,0.0787786
0.0006,0.963476,0.0769149
0.001,0.632203,0.061628
0.0014,0.398787,0.0501778
0.0018,0.190331,0.0348573
0.0022,0.0841131,0.0222892
0.0026,0.0434274,0.0166007
0.003,0.0374001,0.0152971
0.0034,0.00655312,0.00656587
0.0038,0.00534548,0.00576568
0.0042,0.00674552,0.00675903
0.0046,0,0
0.005,0,0
0.0054,0,0
0.0058,0,0
0.0062,0.0061812,0.00619255
0.0066,0,0
0.007,0,0
0.0074,0,0
0.0078,0,0
0.0082,0,0
0.0086,0,0
0.009,0.00611859,0.00612971
0.0094,0,0
0.0098,0.00562021,0.0056296
0.0102,0,0
0.0106,0,0
0.011,0.00631583,0.00632768
0.0114,0.0060377,0.00604854
0.0118,0,0
0.0122,0.00582304,0.00583312
0.0126,0.0121458,0.00861128
0.013,0.00617026,0.00618157
0.0134,0,0
0.0138,0,0
0.0142,0,0
0.0146,0.00591017,0.00592056
0.015,0.0059969,0.00600759
0.0154,0,0
0.0158,0,0
0.0162,0,0
0.0166,0,0
0.017,0.00314611,0.00441486
0.0174,0,0
0.0178,0,0
0.0182,0.0123224,0.00872953
0.0186,0,0
0.019,0,0
0.0194,0,0
0.0198,0,0
0.0202,0,0
0.0206,0,0
0.021,0,0
0.0214,0,0
0.0218,0,0
0.0222,0,0
0.0226,0,0
0.023,0,0
0.0234,0.00632125,0.00633314
0.0238,0,0
0.0242,0,0
0.0246,0.00656761,0.00658045
0.025,0,0
0.0254,0,0
0.0258,0,0
0.0262,0.00614715,0.0061584
0.0266,0,0
0.027,0,0
0.0274,0,0
0.0278,0,0
0.0282,0,0
0.0286,0,0
0.029,0,0
0.0294,0,0
0.0298,0,0
0.0302,0,0
0.0306,0.0063597,0.00637175
0.031,0,0
0.0314,0,0
0.0318,0.00616596,0.00617728
0.0322,0,0
0.0326,0,0
0.033,0,0
0.0334,0.00519326,0.00588265
0.0338,0,0
0.0342,0,0
0.0346,0,0
0.035,0,0
0.0354,0,0
0.0358,0,0
0.0362,0.0063804,0.00639253
0.0366,0,0
0.037,0,0
0.0374,0,0
0.0378,0.00581384,0.00582391
0.0382,0,0
0.0386,0,0
0.039,0,0
0.0394,0,0
0.0398,0,0
0.0402,0,0
0.0406,0,0
0.041,0.00583917,0.00584933
0.0414,0,0
0.0418,0.00655751,0.00657032
0.0422,0,0
0.0426,0,0
0.043,0,0
0.0434,0,0
0.0438,0,0
0.0442,0,0
0.0446,0,0
0.045,0,0
0.0454,0,0
0.0458,0,0
0.0462,0,0
0.0466,0,0
0.047,0.00639297,0.00640515
0.0474,0,0
0.0478,0,0
0.0482,0,0
0.0486,0,0
0.049,0,0
0.0494,0.00457018,0.00548073
0.0498,0.00627737,0.00628912
0.0502,0,0
0.0506,0,0
0.051,0.00614962,0.0061609
0.0514,0,0
0.0518,0.00606628,0.00607725
0.0522,0,0
0.0526,0,0
0.053,0,0
0.0534,0,0
0.0538,0,0
0.0542,0,0
0.0546,0,0
0.055,0,0
0.0554,0,0
0.0558,0,0
0.0562,0,0
0.0566,0,0
0.057,0,0
0.0574,0,0
0.0578,0,0
0.0582,0,0
0.0586,0,0
0.059,0,0
0.0594,0,0
0.0598,0,0
0.0602,0,0
0.0606,0.000421412,0.00158387
0.061,0,0
0.0614,0,0
0.0618,0,0
0.0622,0,0
0.0626,0,0
0.063,0,0
0.0634,0,0
0.0638,0,0
0.0642,0,0
0.0646,0,0
0.065,0,0
0.0654,0,0
0.0658,0.0055491,0.00567576
0.0662,0,0
0.0666,0,0
0.067,0,0
0.0674,0.00588503,0.00589537
0.0678,0,0
0.0682,0,0
0.0686,0,0
0.069,0,0
0.0694,0.00613012,0.00614133
0.0698,0,0
0.0702,0,0
0.0706,0,0
0.071,0,0
0.0714,0,0
0.0718,0,0
0.0722,0,0
0.0726,0,0
0.073,0,0
0.0734,0,0
0.0738,0,0
0.0742,0.00221377,0.00370548
0.0746,0,0
0.075,0,0
0.0754,0,0
0.0758,0,0
0.0762,0,0
0.0766,0,0
0.077,0,0
0.0774,0,0
0.0778,0,0
0.0782,0,0
0.0786,0.00594903,0.00595959
0.079,0,0
0.0794,0,0
0.0798,0,0
0.0802,0,0
0.0806,0,0
0.081,0,0
0.0814,0.00615785,0.00616917
0.0818,0,0
0.0822,0,0
0.0826,0,0
0.083,0,0
0.0834,0,0
0.0838,0,0
0.0842,0,0
0.0846,0.0062956,0.00630743
0.085,0,0
0.0854,0.0055927,0.00560204
0.0858,0,0
0.0862,0,0
0.0866,0,0
0.087,0,0
0.0874,0,0
0.0878,0,0
0.0882,0,0
0.0886,0,0
0.089,0.00611207,0.00612322
0.0894,0,0
0.0898,0,0
0.0902,0,0
0.0906,0,0
0.091,0,0
0.0914,0,0
0.0918,0,0
0.0922,0,0
0.0926,0,0
0.093,0,0
0.0934,0,0
0.0938,0,0
0.0942,0,0
0.0946,0,0
0.095,0,0
0.0954,0,0
0.0958,0,0
0.0962,0,0
0.0966,0,0
0.097,0,0
0.0974,0,0
0.0978,0.00699995,0.00701457
0.0982,0.00704876,0.00706358
0.0986,0,0
0.099,0,0
0.0994,0,0
0.0998,0,0
0.1002,0,0
0.1006,0,0
0.101,0,0
0.1014,0,0
0.1018,0,0
0.1022,0,0
0.1026,0,0
0.103,0,0
0.1034,0,0
0.1038,0,0
0.1042,0,0
0.1046,0,0
0.105,0,0
0.1054,0,0
0.1058,0,0
0.1062,0,0
0.1066,0,0
0.107,0,0
0.1074,0,0
0.1078,0,0
0.1082,0,0
0.1086,0,0
0.109,0,0
0.1094,0,0
0.1098,0,0
0.1102,0,0
0.1106,0,0
0.111,0,0
0.1114,0,0
0.1118,0,0
0.1122,0,0
0.1126,0,0
0.113,0,0
0.1134,0,0
0.1138,0,0
0.1142,0,0
0.1146,0,0
0.115,0.00894106,0.00896484
0.1154,0,0
0.1158,0.00854055,0.00856225
0.1162,0,0
0.1166,0,0
0.117,0,0
0.1174,0,0
0.1178,0.00943818,0.00946466
0.1182,0,0
0.1186,0,0
0.119,0,0
0.1194,0.00403561,0.00662265
0.1198,0,0
5
-0.1198,0,0
-0.1194,0,0
-0.119,0,0
-0.1186,0,0
-0.1182,0,0
-0.1178,0,0
-0.1174,0,0
-0.117,0,0
-0.1166,0,0
-0.1162,0,0
-0.1158,0,0
-0.1154,0,0
-0.115,0,0
-0.1146,0,0
-0.1142,0,0
-0.1138,0.00659432,0.0066075
-0.1134,0,0
-0.113,0,0
-0.1126,0,0
-0.1122,0,0
-0.1118,0,0
-0.1114,0,0
-0.111,0,0
-0.1106,0,0
-0.1102,0,0
-0.1098,0,0
-0.1094,0,0
-0.109,0,0
-0.1086,0,0
-0.1082,0,0
-0.1078,0,0
-0.1074,0,0
-0.107,0,0
-0.1066,0,0
-0.1062,0,0
-0.1058,0,0
-0.1054,0,0
-0.105,0,0
-0.1046,0,0
-0.1042,0,0
-0.1038,0,0
-0.1034,0,0
-0.103,0,0
-0.1026,0,0
-0.1022,0,0
-0.1018,0,0
-0.1014,0,0
-0.101,0,0
-0.1006,0,0
-0.1002,0,0
-0.0998,0,0
-0.0994,0,0
-0.099,0,0
-0.0986,0,0
-0.0982,0,0
-0.0978,0,0
-0.0974,0,0
-0.097,0,0
-0.0966,0,0
-0.0962,0,0
-0.0958,0,0
-0.0954,0,0
-0.095,0,0
-0.0946,0,0
-0.0942,0,0
-0.0938,0,0
-0.0934,0,0
-0.093,0,0
-0.0926,0,0
-0.0922,0,0
-0.0918,0,0
-0.0914,0,0
-0.091,0,0
-0.0906,0,0
-0.0902,0,0
-0.0898,0,0
-0.0894,0,0
-0.089,0,0
-0.0886,0,0
-0.0882,0,0
-0.0878,0,0
-0.0874,0,0
-0.087,0,0
-0.0866,0,0
-0.0862,0,0
-0.0858,0,0
-0.0854,0,0
-0.085,0,0
-0.0846,0,0
-0.0842,0,0
-0.0838,0,0
-0.0834,0,0
-0.083,0,0
-0.0826,0,0
-0.0822,0,0
-0.0818,0,0
-0.0814,0,0
-0.081,0,0
-0.0806,0,0
-0.0802,0,0
-0.0798,0,0
-0.0794,0,0
-0.079,0,0
-0.0786,0,0
-0.0782,0,0
-0.0778,0,0
-0.0774,0,0
-0.077,0,0
-0.0766,0.00614712,0.0061583
-0.0762,0,0
-0.0758,0,0
-0.0754,0,0
-0.075,0,0
-0.0746,0,0
-0.0742,0,0
-0.0738,0,0
-0.0734,0,0
-0.073,0,0
-0.0726,0,0
-0.0722,0,0
-0.0718,0,0
-0.0714,0,0
-0.071,0,0
-0.0706,0,0
-0.0702,0,0
-0.0698,0,0
-0.0694,0,0
-0.069,0,0
-0.0686,0,0
-0.0682,0,0
-0.0678,0,0
-0.0674,0,0
-0.067,0,0
-0.0666,0,0
-0.0662,0,0
-0.0658,0.00616575,0.00617693
-0.0654,0,0
-0.065,0,0
-0.0646,0,0
-0.0642,0,0
-0.0638,0.0132155,0.0093629
-0.0634,0,0
-0.063,0,0
-0.0626,0,0
-0.0622,0,0
-0.0618,0,0
-0.0614,0,0
-0.061,0,0
-0.0606,0,0
-0.0602,0,0
-0.0598,0,0
-0.0594,0,0
-0.059,0,0
-0.0586,0,0
-0.0582,0,0
-0.0578,0,0
-0.0574,0,0
-0.057,0,0
-0.0566,0,0
-0.0562,0,0
-0.0558,0,0
-0.0554,0,0
-0.055,0,0
-0.0546,0,0
-0.0542,0.00650919,0.00652158
-0.0538,0,0
-0.0534,0.0063182,0.00632988
-0.053,0.00649926,0.00651161
-0.0526,0,0
-0.0522,0,0
-0.0518,0.00692533,0.00693935
-0.0514,0.00657734,0.00658998
-0.051,0.00674818,0.00676149
-0.0506,0,0
-0.0502,0,0
-0.0498,0,0
-0.0494,0,0
-0.049,0.00628831,0.00629985
-0.0486,0,0
-0.0482,0.00600302,0.00601354
-0.0478,0,0
-0.0474,0,0
-0.047,0.00969432,0.0082747
-0.0466,0.00503571,0.00570238
-0.0462,0,0
-0.0458,0,0
-0.0454,0,0
-0.045,0,0
-0.0446,0,0
-0.0442,0,0
-0.0438,0,0
-0.0434,0,0
-0.043,0,0
-0.0426,0.00229376,0.00388158
-0.0422,0,0
-0.0418,0,0
-0.0414,0,0
-0.041,0,0
-0.0406,0,0
-0.0402,0,0
-0.0398,0,0
-0.0394,0,0
-0.039,0,0
-0.0386,0,0
-0.0382,0,0
-0.0378,0,0
-0.0374,0.00593868,0.00594894
-0.037,0,0
-0.0366,0,0
-0.0362,0.0123709,0.0087633
-0.0358,0,0
-0.0354,0,0
-0.035,0,0
-0.0346,0,0
-0.0342,0.00632584,0.00633747
-0.0338,0,0
-0.0334,0,0
-0.033,0,0
-0.0326,0,0
-0.0322,0,0
-0.0318,0,0
-0.0314,0,0
-0.031,0.00541082,0.00564434
-0.0306,0,0
-0.0302,0.00650009,0.00651236
-0.0298,0,0
-0.0294,0,0
-0.029,0.00656356,0.00657607
-0.0286,0,0
-0.0282,0,0
-0.0278,0,0
-0.0274,0,0
-0.027,0.000281158,0.00131793
-0.0266,0,0
-0.0262,0,0
-0.0258,0,0
-0.0254,0,0
-0.025,0.0123973,0.00878196
-0.0246,0,0
-0.0242,0,0
-0.0238,0,0
-0.0234,0.00631842,0.00632999
-0.023,0,0
-0.0226,0,0
-0.0222,0.00634525,0.00635691
-0.0218,0,0
-0.0214,0,0
-0.021,0,0
-0.0206,0,0
-0.0202,0.00627925,0.00629067
-0.0198,0.00645197,0.00646402
-0.0194,0,0
-0.019,0.000736605,0.0021714
-0.0186,0,0
-0.0182,0,0
-0.0178,0,0
-0.0174,0,0
-0.017,0.00676734,0.00678059
-0.0166,0,0
-0.0162,0,0
-0.0158,0,0
-0.0154,0,0
-0.015,0.00633652,0.00634813
-0.0146,0,0
-0.0142,0,0
-0.0138,0.0116999,0.00828708
-0.0134,0.0064586,0.00647066
-0.013,0.000201124,0.0011419
-0.0126,0,0
-0.0122,0,0
-0.0118,0,0
-0.0114,0,0
-0.011,0,0
-0.0106,0,0
-0.0102,0.00667458,0.00668746
-0.0098,0.000424219,0.00163454
-0.0094,0,0
-0.009,0,0
-0.0086,0,0
-0.0082,0.00655064,0.00656304
-0.0078,0,0
-0.0074,0,0
-0.007,0.0061126,0.0061234
-0.0066,0.00611327,0.00612406
-0.0062,0,0
-0.0058,0.00658067,0.00659317
-0.0054,0.00627448,0.00628584
-0.005,0.0124524,0.008821
-0.0046,0.00670831,0.00654859
-0.0042,0.00645171,0.00646372
-0.0038,0.0246318,0.0123379
-0.0034,0.0493396,0.0174757
-0.003,0.0331001,0.0148514
-0.0026,0.109889,0.0267028
-0.0022,0.265115,0.0419863
-0.0018,0.485459,0.0565196
-0.0014,0.597205,0.0614941
-0.001,0.975226,0.075411
-0.0006,1.29462,0.0947758
-0.0002,1.28366,0.0933962
0.0002,1.10353,0.0831409
0.0006,0.880824,0.0745621
0.001,0.690249,0.0653024
0.0014,0.42599,0.0525399
0.0018,0.308099,0.0450568
0.0022,0.11617,0.0267313
0.0026,0.0722225,0.0216915
0.003,0.0513612,0.018193
0.0034,0.00674509,0.00675821
0.0038,0.00725344,0.00681409
0.0042,0.00637778,0.00638952
0.0046,0,0
0.005,0,0
0.0054,0,0
0.0058,0,0
0.0062,0,0
0.0066,0,0
0.007,0.0060739,0.00608455
0.0074,0,0
0.0078,0,0
0.0082,0,0
0.0086,0,0
0.009,0,0
0.0094,0.00627816,0.00628953
0.0098,0,0
0.0102,0.00650845,0.00652067
0.0106,0,0
0.011,0,0
0.0114,0,0
0.0118,0.00616986,0.00618084
0.0122,0.00608693,0.00609762
0.0126,0.00599704,0.00600742
0.013,0,0
0.0134,0,0
0.0138,0,0
0.0142,0,0
0.0146,0.00608851,0.00609921
0.015,0,0
0.0154,0,0
0.0158,0,0
0.0162,0.00643804,0.00645
0.0166,0,0
0.017,0.00311882,0.00446221
0.0174,0,0
0.0178,0,0
0.0182,0,0
0.0186,0,0
0.019,0,0
0.0194,0.00671821,0.00673123
0.0198,0,0
0.0202,0,0
0.0206,0.00628947,0.00630089
0.021,0,0
0.0214,0.00673385,0.00674693
0.0218,0,0
0.0222,0,0
0.0226,0.00598573,0.00599607
0.023,0.00598582,0.00599616
0.0234,0.0060316,0.0060421
0.0238,0,0
0.0242,0,0
0.0246,0,0
0.025,0,0
0.0254,0,0
0.0258,0,0
0.0262,0,0
0.0266,0,0
0.027,0,0
0.0274,0.00639091,0.0064027
0.0278,0,0
0.0282,0.00641657,0.00642845
0.0286,0,0
0.029,0,0
0.0294,0,0
0.0298,0,0
0.0302,0.00636907,0.00638077
0.0306,0.00656571,0.00657815
0.031,0,0
0.0314,0,0
0.0318,0,0
0.0322,0,0
0.0326,0,0
0.033,0,0
0.0334,0,0
0.0338,0,0
0.0342,0,0
0.0346,0,0
0.035,0,0
0.0354,0,0
0.0358,0,0
0.0362,0,0
0.0366,0,0
0.037,0,0
0.0374,0,0
0.0378,0.00601001,0.00602042
0.0382,0,0
0.0386,0,0
0.039,0,0
0.0394,0,0
0.0398,0.00670654,0.0067195
0.0402,0,0
0.0406,0.00609925,0.00610997
0.041,0,0
0.0414,0,0
0.0418,0,0
0.0422,0,0
0.0426,0.00719232,0.00720721
0.043,0,0
0.0434,0,0
0.0438,0,0
0.0442,0,0
0.0446,0,0
0.045,0,0
0.0454,0,0
0.0458,0,0
0.0462,0,0
0.0466,0,0
0.047,0,0
0.0474,0,0
0.0478,0,0
0.0482,0,0
0.0486,0,0
0.049,0,0
0.0494,0,0
0.0498,0,0
0.0502,0,0
0.0506,0,0
0.051,0,0
0.0514,0,0
0.0518,0,0
0.0522,0.0122735,0.00869404
0.0526,0,0
0.053,0.00602616,0.00603661
0.0534,0,0
0.0538,0,0
0.0542,0,0
0.0546,0,0
0.055,0.00696547,0.00697942
0.0554,0,0
0.0558,0,0
0.0562,0,0
0.0566,0,0
0.057,0,0
0.0574,0,0
0.0578,0.00667253,0.00668532
0.0582,0,0
0.0586,0,0
0.059,0,0
0.0594,0,0
0.0598,0,0
0.0602,0,0
0.0606,0,0
0.061,0,0
0.0614,0,0
0.0618,0,0
0.0622,0,0
0.0626,0.0065908,0.00660327
0.063,0.0062613,0.00627255
0.0634,0,0
0.0638,0,0
0.0642,0,0
0.0646,0,0
0.065,0,0
0.0654,0,0
0.0658,0,0
0.0662,0,0
0.0666,0,0
0.067,0,0
0.0674,0,0
0.0678,0.0070762,0.00709055
0.0682,0.00641202,0.0064238
0.0686,0,0
0.069,0,0
0.0694,0.00638771,0.0063994
0.0698,0,0
0.0702,0.00675833,0.00677141
0.0706,0,0
0.071,0,0
0.0714,0,0
0.0718,0,0
0.0722,0,0
0.0726,0,0
0.073,0,0
0.0734,0,0
0.0738,0,0
0.0742,0,0
0.0746,0,0
0.075,0,0
0.0754,0.00374969,0.00491718
0.0758,0,0
0.0762,0,0
0.0766,0.00645106,0.00646296
0.077,0,0
0.0774,0,0
0.0778,0,0
0.0782,0,0
0.0786,0,0
0.079,0,0
0.0794,0,0
0.0798,0,0
0.0802,0,0
0.0806,0,0
0.081,0,0
0.0814,0,0
0.0818,0,0
0.0822,0,0
0.0826,0,0
0.083,0,0
0.0834,0,0
0.0838,0,0
0.0842,0,0
0.0846,0.00659435,0.00660674
0.085,0,0
0.0854,0,0
0.0858,0,0
0.0862,0,0
0.0866,0,0
0.087,0,0
0.0874,0,0
0.0878,0,0
0.0882,0.00713138,0.00714585
0.0886,0,0
0.089,0,0
0.0894,0,0
0.0898,0,0
0.0902,0,0
0.0906,0,0
0.091,0,0
0.0914,0.00644646,0.00645827
0.0918,0,0
0.0922,0,0
0.0926,0,0
0.093,0,0
0.0934,0,0
0.0938,0,0
0.0942,0,0
0.0946,0,0
0.095,0,0
0.0954,0,0
0.0958,0,0
0.0962,0,0
0.0966,0,0
0.097,0,0
0.0974,0,0
0.0978,0,0
0.0982,0,0
0.0986,0,0
0.099,0,0
0.0994,0,0
0.0998,0,0
0.1002,0,0
0.1006,0,0
0.101,0,0
0.1014,0,0
0.1018,0,0
0.1022,0,0
0.1026,0,0
0.103,0,0
0.1034,0,0
0.1038,0,0
0.1042,0,0
0.1046,0,0
0.105,0.00771584,0.00773265
0.1054,0,0
0.1058,0,0
0.1062,0,0
0.1066,0,0
0.107,0,0
0.1074,0,0
0.1078,0,0
0.1082,0,0
0.1086,0,0
0.109,0,0
0.1094,0,0
0.1098,0,0
0.1102,0,0
0.1106,0,0
0.111,0,0
0.1114,0,0
0.1118,0,0
0.1122,0,0
0.1126,0,0
0.113,0,0
0.1134,0,0
0.1138,0,0
0.1142,0,0
0.1146,0,0
0.115,0,0
0.1154,0,0
0.1158,0.00904176,0.00906473
0.1162,0,0
0.1166,0,0
0.117,0,0
0.1174,0,0
0.1178,0,0
0.1182,0,0
0.1186,0,0
0.119,0,0
0.1194,0,0
0.1198,0,0
6
-0.1198,0,0
-0.1194,0,0
-0.119,0,0
-0.1186,0,0
-0.1182,0,0
-0.1178,0,0
-0.1174,0,0
-0.117,0,0
-0.1166,0,0
-0.1162,0,0
-0.1158,0,0
-0.1154,0,0
-0.115,0,0
-0.1146,0,0
-0.1142,0,0
-0.1138,0,0
-0.1134,0,0
-0.113,0,0
-0.1126,0,0
-0.1122,0,0
-0.1118,0.00550019,0.00551046
-0.1114,0,0
-0.111,0,0
-0.1106,0.00595219,0.0059642
-0.1102,0,0
-0.1098,0.00587776,0.00588946
-0.1094,0,0
-0.109,0,0
-0.1086,0,0
-0.1082,0,0
-0.1078,0,0
-0.1074,0,0
-0.107,0,0
-0.1066,0,0
-0.1062,0,0
-0.1058,0,0
-0.1054,0,0
-0.105,0,0
-0.1046,0,0
-0.1042,0,0
-0.1038,0,0
-0.1034,0,0
-0.103,0,0
-0.1026,0,0
-0.1022,0,0
-0.1018,0,0
-0.1014,0.0063583,0.00637191
-0.101,0.00636019,0.0063738
-0.1006,0,0
-0.1002,0,0
-0.0998,0,0
-0.0994,0,0
-0.099,0,0
-0.0986,0,0
-0.0982,0.00557219,0.00558261
-0.0978,0,0
-0.0974,0,0
-0.097,0,0
-0.0966,0,0
-0.0962,0,0
-0.0958,0,0
-0.0954,0,0
-0.095,0,0
-0.0946,0.00592223,0.00593396
-0.0942,0,0
-0.0938,0,0
-0.0934,0,0
-0.093,0,0
-0.0926,0,0
-0.0922,0,0
-0.0918,0,0
-0.0914,0,0
-0.091,0,0
-0.0906,0,0
-0.0902,0,0
-0.0898,0,0
-0.0894,0,0
-0.089,0,0
-0.0886,0,0
-0.0882,0,0
-0.0878,0,0
-0.0874,0,0
-0.087,0,0
-0.0866,0,0
-0.0862,0.0059962,0.00600821
-0.0858,0,0
-0.0854,0,0
-0.085,0,0
-0.0846,0,0
-0.0842,0.00542586,0.00543572
-0.0838,0,0
-0.0834,0,0
-0.083,0,0
-0.0826,0,0
-0.0822,0,0
-0.0818,0,0
-0.0814,0,0
-0.081,0,0
-0.0806,0,0
-0.0802,0,0
-0.0798,0,0
-0.0794,0,0
-0.079,0,0
-0.0786,0,0
-0.0782,0,0
-0.0778,0,0
-0.0774,0,0
-0.077,0,0
-0.0766,0,0
-0.0762,0,0
-0.0758,0,0
-0.0754,0,0
-0.075,0,0
-0.0746,0,0
-0.0742,0,0
-0.0738,0,0
-0.0734,0,0
-0.073,0,0
-0.0726,0,0
-0.0722,0,0
-0.0718,0,0
-0.0714,0,0
-0.071,0,0
-0.0706,0,0
-0.0702,0,0
-0.0698,0,0
-0.0694,0,0
-0.069,0,0
-0.0686,0.00597425,0.00598639
-0.0682,0,0
-0.0678,0,0
-0.0674,0,0
-0.067,0,0
-0.0666,0,0
-0.0662,0,0
-0.0658,0,0
-0.0654,0,0
-0.065,0,0
-0.0646,0,0
-0.0642,0,0
-0.0638,0,0
-0.0634,0,0
-0.063,0,0
-0.0626,0,0
-0.0622,0,0
-0.0618,0,0
-0.0614,0,0
-0.061,0,0
-0.0606,0,0
-0.0602,0,0
-0.0598,0,0
-0.0594,0,0
-0.059,0,0
-0.0586,0,0
-0.0582,0,0
-0.0578,0,0
-0.0574,0,0
-0.057,0,0
-0.0566,0,0
-0.0562,0,0
-0.0558,0,0
-0.0554,0,0
-0.055,0,0
-0.0546,0,0
-0.0542,0,0
-0.0538,0,0
-0.0534,0,0
-0.053,0,0
-0.0526,0,0
-0.0522,0,0
-0.0518,0,0
-0.0514,0,0
-0.051,0,0
-0.0506,0,0
-0.0502,0,0
-0.0498,0.00508778,0.00509672
-0.0494,0,0
-0.049,0,0
-0.0486,0,0
-0.0482,0.00518227,0.00519156
-0.0478,0,0
-0.0474,0,0
-0.047,0.00368763,0.0046861
-0.0466,0,0
-0.0462,0,0
-0.0458,0,0
-0.0454,0,0
-0.045,0,0
-0.0446,0,0
-0.0442,0,0
-0.0438,0,0
-0.0434,0,0
-0.043,0,0
-0.0426,0.00356682,0.00443435
-0.0422,0,0
-0.0418,0,0
-0.0414,0,0
-0.041,0,0
-0.0406,0.00540956,0.00541973
-0.0402,0,0
-0.0398,0,0
-0.0394,0,0
-0.039,0,0
-0.0386,0,0
-0.0382,0.00531255,0.00532237
-0.0378,0,0
-0.0374,0,0
-0.037,0,0
-0.0366,0,0
-0.0362,0,0
-0.0358,0,0
-0.0354,0,0
-0.035,0,0
-0.0346,0,0
-0.0342,0,0
-0.0338,0,0
-0.0334,0,0
-0.033,0,0
-0.0326,0,0
-0.0322,0,0
-0.0318,0,0
-0.0314,0,0
-0.031,0,0
-0.0306,0,0
-0.0302,0,0
-0.0298,0,0
-0.0294,0,0
-0.029,0.00545663,0.00546704
-0.0286,0,0
-0.0282,0,0
-0.0278,0.00497432,0.00498298
-0.0274,0,0
-0.027,0,0
-0.0266,0,0
-0.0262,0,0
-0.0258,0,0
-0.0254,0,0
-0.025,0,0
-0.0246,0,0
-0.0242,0,0
-0.0238,0,0
-0.0234,0,0
-0.023,0,0
-0.0226,0,0
-0.0222,0,0
-0.0218,0,0
-0.0214,0,0
-0.021,0,0
-0.0206,0,0
-0.0202,0,0
-0.0198,0,0
-0.0194,0,0
-0.019,0.00989879,0.00722414
-0.0186,0,0
-0.0182,0,0
-0.0178,0,0
-0.0174,0.00511411,0.00512331
-0.017,0,0
-0.0166,0,0
-0.0162,0,0
-0.0158,0,0
-0.0154,0,0
-0.015,0,0
-0.0146,0,0
-0.0142,0,0
-0.0138,0,0
-0.0134,0,0
-0.013,0,0
-0.0126,0,0
-0.0122,0.00539605,0.0054063
-0.0118,0,0
-0.0114,0,0
-0.011,0,0
-0.0106,0,0
-0.0102,0,0
-0.0098,0.00479399,0.00497374
-0.0094,0,0
-0.009,0,0
-0.0086,0,0
-0.0082,0,0
-0.0078,0,0
-0.0074,0,0
-0.007,0,0
-0.0066,0.00537042,0.00538059
-0.0062,0.0107633,0.00762528
-0.0058,0,0
-0.0054,0,0
-0.005,0.0051962,0.00520573
-0.0046,0.0101333,0.00727596
-0.0042,0.00527179,0.00528161
-0.0038,0,0
-0.0034,0.0151489,0.00876191
-0.003,0.0225454,0.0112952
-0.0026,0.0427377,0.0151427
-0.0022,0.0538303,0.017083
-0.0018,0.133481,0.0267675
-0.0014,0.211452,0.0331021
-0.001,0.351952,0.0407373
-0.0006,0.431962,0.0496554
-0.0002,0.569005,0.055982
0.0002,0.46352,0.0486903
0.0006,0.394931,0.0450966
0.001,0.301159,0.0389318
0.0014,0.273474,0.0380079
0.0018,0.178697,0.0307428
0.0022,0.0889222,0.0210169
0.0026,0.078948,0.0204245
0.003,0.0313711,0.0128311
0.0034,0.0110097,0.00780021
0.0038,0.0104104,0.00737479
0.0042,0.00520554,0.00521512
0.0046,0.0113354,0.00803138
0.005,0.0165725,0.00959101
0.0054,0.0053975,0.00540779
0.0058,0.00519611,0.00520564
0.0062,0.0102229,0.00724276
0.0066,0.00520351,0.00529172
0.007,0,0
0.0074,0,0
0.0078,0,0
0.0082,0,0
0.0086,0,0
0.009,0,0
0.0094,0,0
0.0098,0,0
0.0102,0.00532185,0.00533184
0.0106,0,0
0.011,0,0
0.0114,0,0
0.0118,0.00505326,0.00506226
0.0122,0.00491342,0.00492192
0.0126,0,0
0.013,0,0
0.0134,0.00542921,0.00543958
0.0138,0,0
0.0142,0,0
0.0146,0,0
0.015,0,0
0.0154,0,0
0.0158,0,0
0.0162,0,0
0.0166,0,0
0.017,0,0
0.0174,0,0
0.0178,0,0
0.0182,0,0
0.0186,0,0
0.019,0.00602993,0.00604262
0.0194,0,0
0.0198,0,0
0.0202,0,0
0.0206,0,0
0.021,0.00557995,0.00559079
0.0214,0,0
0.0218,0,0
0.0222,0,0
0.0226,0.00457428,0.00489037
0.023,0,0
0.0234,0,0
0.0238,0.00522137,0.00523082
0.0242,0,0
0.0246,0.00564744,0.00565848
0.025,0.00536814,0.00537811
0.0254,0,0
0.0258,0,0
0.0262,0,0
0.0266,0.00536262,0.00537254
0.027,0,0
0.0274,0,0
0.0278,0,0
0.0282,0,0
0.0286,0,0
0.029,0,0
0.0294,0,0
0.0298,0,0
0.0302,0.00535804,0.00536789
0.0306,0,0
0.031,0,0
0.0314,0,0
0.0318,0,0
0.0322,0,0
0.0326,0,0
0.033,0,0
0.0334,0,0
0.0338,0,0
0.0342,0,0
0.0346,0,0
0.035,0,0
0.0354,0,0
0.0358,0,0
0.0362,0,0
0.0366,0,0
0.037,0,0
0.0374,0,0
0.0378,0,0
0.0382,0,0
0.0386,0,0
0.039,0,0
0.0394,0,0
0.0398,0,0
0.0402,0,0
0.0406,0,0
0.041,0,0
0.0414,0,0
0.0418,0,0
0.0422,0,0
0.0426,0,0
0.043,0,0
0.0434,0.00554061,0.00555091
0.0438,0,0
0.0442,0,0
0.0446,0.00560248,0.00561299
0.045,0,0
0.0454,0.00516435,0.00517327
0.0458,0,0
0.0462,0,0
0.0466,0,0
0.047,0,0
0.0474,0,0
0.0478,0.00534641,0.00535593
0.0482,0,0
0.0486,0,0
0.049,0,0
0.0494,0,0
0.0498,0,0
0.0502,0,0
0.0506,0,0
0.051,0,0
0.0514,0.00358354,0.00448639
0.0518,0,0
0.0522,0.00533516,0.00534457
0.0526,0,0
0.053,0,0
0.0534,0.00321264,0.00407873
0.0538,0,0
0.0542,0,0
0.0546,0,0
0.055,0,0
0.0554,0,0
0.0558,0,0
0.0562,0,0
0.0566,0.00570664,0.00571733
0.057,0,0
0.0574,0,0
0.0578,0,0
0.0582,0,0
0.0586,0,0
0.059,0,0
0.0594,0,0
0.0598,0,0
0.0602,0,0
0.0606,0,0
0.061,0,0
0.0614,0,0
0.0618,0,0
0.0622,0.00518692,0.00519568
0.0626,0,0
0.063,0,0
0.0634,0,0
0.0638,0.00551922,0.00552911
0.0642,0,0
0.0646,0,0
0.065,0,0
0.0654,0,0
0.0658,0,0
0.0662,0,0
0.0666,0,0
0.067,0,0
0.0674,0,0
0.0678,0,0
0.0682,0,0
0.0686,0,0
0.069,0,0
0.0694,0,0
0.0698,0,0
0.0702,0,0
0.0706,0,0
0.071,0,0
0.0714,0,0
0.0718,0,0
0.0722,0,0
0.0726,0,0
0.073,0,0
0.0734,0,0
0.0738,0,0
0.0742,0,0
0.0746,0,0
0.075,0,0
0.0754,0.00806755,0.00679132
0.0758,0,0
0.0762,0,0
0.0766,0,0
0.077,0.00207431,0.00342618
0.0774,0,0
0.0778,0,0
0.0782,0,0
0.0786,0,0
0.079,0,0
0.0794,0.00180247,0.00337568
0.0798,0,0
0.0802,0,0
0.0806,0,0
0.081,0,0
0.0814,0,0
0.0818,0.00547295,0.00548242
0.0822,0,0
0.0826,0,0
0.083,0.00526511,0.00527386
0.0834,0,0
0.0838,0,0
0.0842,0,0
0.0846,0,0
0.085,0,0
0.0854,0,0
0.0858,0,0
0.0862,0,0
0.0866,0,0
0.087,0,0
0.0874,0,0
0.0878,0,0
0.0882,0.00647571,0.00648885
0.0886,0,0
0.089,0.00592318,0.00593416
0.0894,0,0
0.0898,0,0
0.0902,0,0
0.0906,0,0
0.091,0,0
0.0914,0,0
0.0918,0,0
0.0922,0,0
0.0926,0,0
0.093,0,0
0.0934,0,0
0.0938,0,0
0.0942,0,0
0.0946,0,0
0.095,0,0
0.0954,0,0
0.0958,0,0
0.0962,0.00598528,0.00599638
0.0966,0,0
0.097,0,0
0.0974,0,0
0.0978,0,0
0.0982,0,0
0.0986,0,0
0.099,0,0
0.0994,0,0
0.0998,0,0
0.1002,0,0
0.1006,0,0
0.101,0,0
0.1014,0,0
0.1018,0,0
0.1022,0,0
0.1026,0,0
0.103,0,0
0.1034,0,0
0.1038,0.000473875,0.00176996
0.1042,0.00689333,0.00690792
0.1046,0,0
0.105,0,0
0.1054,0,0
0.1058,0.00719471,0.00721058
0.1062,0,0
0.1066,0,0
0.107,0,0
0.1074,0,0
0.1078,0,0
0.1082,0,0
0.1086,0,0
0.109,0,0
0.1094,0,0
0.1098,0,0
0.1102,0,0
0.1106,0,0
0.111,0.00872535,0.00874865
0.1114,0,0
0.1118,0,0
0.1122,0,0
0.1126,0,0
0.113,0.00839908,0.00842068
0.1134,0,0
0.1138,0,0
0.1142,0,0
0.1146,0,0
0.115,0,0
0.1154,0,0
0.1158,0,0
0.1162,0,0
0.1166,0,0
0.117,0.00989796,0.00992802
0.1174,0.00894441,0.00896898
0.1178,0,0
0.1182,0,0
0.1186,0,0
0.119,0,0
0.1194,0,0
0.1198,0.0104341,0.0104676
7
-0.1198,0,0
-0.1194,0,0
-0.119,0.00534528,0.00535516
-0.1186,0,0
-0.1182,0.00563232,0.00564329
-0.1178,0,0
-0.1174,0,0
-0.117,0.00528329,0.00529295
-0.1166,0,0
-0.1162,0,0
-0.1158,0,0
-0.1154,0,0
-0.115,0,0
-0.1146,0,0
-0.1142,0,0
-0.1138,0,0
-0.1134,0,0
-0.113,0,0
-0.1126,0,0
-0.1122,0,0
-0.1118,0,0
-0.1114,0,0
-0.111,0,0
-0.1106,0,0
-0.1102,0,0
-0.1098,0.00572353,0.00573493
-0.1094,0,0
-0.109,0,0
-0.1086,0.00583485,0.00584671
-0.1082,0,0
-0.1078,0,0
-0.1074,0,0
-0.107,0,0
-0.1066,0,0
-0.1062,0,0
-0.1058,0,0
-0.1054,0.00567742,0.00568868
-0.105,0.00572937,0.00574084
-0.1046,0,0
-0.1042,0,0
-0.1038,0.0052131,0.00522261
-0.1034,0,0
-0.103,0,0
-0.1026,0,0
-0.1022,0,0
-0.1018,0,0
-0.1014,0,0
-0.101,0,0
-0.1006,0,0
-0.1002,0,0
-0.0998,0,0
-0.0994,0,0
-0.099,0,0
-0.0986,0,0
-0.0982,0,0
-0.0978,0,0
-0.0974,0,0
-0.097,0,0
-0.0966,0,0
-0.0962,0,0
-0.0958,0,0
-0.0954,0,0
-0.095,0,0
-0.0946,0,0
-0.0942,0,0
-0.0938,0,0
-0.0934,0,0
-0.093,0,0
-0.0926,0,0
-0.0922,0,0
-0.0918,0,0
-0.0914,0,0
-0.091,0,0
-0.0906,0,0
-0.0902,0,0
-0.0898,0.00541131,0.0054217
-0.0894,0,0
-0.089,0,0
-0.0886,0,0
-0.0882,0,0
-0.0878,0,0
-0.0874,0,0
-0.087,0,0
-0.0866,0,0
-0.0862,0,0
-0.0858,0.00512629,0.0051356
-0.0854,0,0
-0.085,0,0
-0.0846,0,0
-0.0842,0,0
-0.0838,0,0
-0.0834,0,0
-0.083,0,0
-0.0826,0,0
-0.0822,0,0
-0.0818,0,0
-0.0814,0,0
-0.081,0,0
-0.0806,0,0
-0.0802,0,0
-0.0798,0,0
-0.0794,0,0
-0.079,0,0
-0.0786,0,0
-0.0782,0,0
-0.0778,0,0
-0.0774,0,0
-0.077,0,0
-0.0766,0,0
-0.0762,0,0
-0.0758,0,0
-0.0754,0,0
-0.075,0,0
-0.0746,0,0
-0.0742,0.00500784,0.00504538
-0.0738,0,0
-0.0734,0,0
-0.073,0,0
-0.0726,0,0
-0.0722,0,0
-0.0718,0,0
-0.0714,0,0
-0.071,0,0
-0.0706,0,0
-0.0702,0.00534468,0.0053547
-0.0698,0.00563548,0.00564662
-0.0694,0,0
-0.069,0,0
-0.0686,0,0
-0.0682,0,0
-0.0678,0,0
-0.0674,0,0
-0.067,0,0
-0.0666,0,0
-0.0662,0,0
-0.0658,0,0
-0.0654,0,0
-0.065,0,0
-0.0646,0,0
-0.0642,0,0
-0.0638,0,0
-0.0634,0,0
-0.063,0.00568703,0.0056983
-0.0626,0,0
-0.0622,0,0
-0.0618,0,0
-0.0614,0,0
-0.061,0,0
-0.0606,0,0
-0.0602,0,0
-0.0598,0,0
-0.0594,0.0112092,0.00794152
-0.059,0,0
-0.0586,0,0
-0.0582,0.00577226,0.0057838
-0.0578,0,0
-0.0574,0,0
-0.057,0,0
-0.0566,0,0
-0.0562,0,0
-0.0558,0,0
-0.0554,0,0
-0.055,0,0
-0.0546,0.00339644,0.00432792
-0.0542,0,0
-0.0538,0,0
-0.0534,0,0
-0.053,0,0
-0.0526,0,0
-0.0522,0,0
-0.0518,0,0
-0.0514,0,0
-0.051,0.00581648,0.00582809
-0.0506,0.0106267,0.00752794
-0.0502,0.0098102,0.00711675
-0.0498,0,0
-0.0494,0,0
-0.049,0,0
-0.0486,0,0
-0.0482,0.0052422,0.0052516
-0.0478,0,0
-0.0474,0,0
-0.047,0,0
-0.0466,0.0032452,0.00431652
-0.0462,0,0
-0.0458,0.00579435,0.00580578
-0.0454,0,0
-0.045,0.0055868,0.00559742
-0.0446,0,0
-0.0442,0,0
-0.0438,0.0110318,0.00782074
-0.0434,0,0
-0.043,0,0
-0.0426,0,0
-0.0422,0,0
-0.0418,0,0
-0.0414,0.00523698,0.00529815
-0.041,0,0
-0.0406,0,0
-0.0402,0.00238453,0.00364114
-0.0398,0,0
-0.0394,0,0
-0.039,0,0
-0.0386,0,0
-0.0382,0,0
-0.0378,0,0
-0.0374,0,0
-0.037,0,0
-0.0366,0,0
-0.0362,0,0
-0.0358,0,0
-0.0354,0,0
-0.035,0,0
-0.0346,0,0
-0.0342,0,0
-0.0338,0,0
-0.0334,0.0056918,0.00570261
-0.033,0,0
-0.0326,0.00542614,0.00543595
-0.0322,0,0
-0.0318,0.00539988,0.00540958
-0.0314,0,0
-0.031,0,0
-0.0306,0,0
-0.0302,0,0
-0.0298,0.00569039,0.00570113
-0.0294,0,0
-0.029,0.00576917,0.00578019
-0.0286,0,0
-0.0282,0,0
-0.0278,0.00130223,0.0026253
-0.0274,0,0
-0.027,0.0055236,0.00553366
-0.0266,0.00528182,0.00529101
-0.0262,0,0
-0.0258,0,0
-0.0254,0.00590295,0.0059144
-0.025,0,0
-0.0246,0,0
-0.0242,0,0
-0.0238,0,0
-0.0234,0,0
-0.023,0,0
-0.0226,0.0059414,0.00595293
-0.0222,0,0
-0.0218,0,0
-0.0214,0,0
-0.021,0,0
-0.0206,0,0
-0.0202,0,0
-0.0198,0,0
-0.0194,0,0
-0.019,0,0
-0.0186,0.0053196,0.00532878
-0.0182,0,0
-0.0178,0,0
-0.0174,0,0
-0.017,0,0
-0.0166,0,0
-0.0162,0,0
-0.0158,0,0
-0.0154,0.00626533,0.00627797
-0.015,0,0
-0.0146,0,0
-0.0142,0,0
-0.0138,0.005272,0.00528092
-0.0134,0,0
-0.013,0,0
-0.0126,0,0
-0.0122,0.00594299,0.00595429
-0.0118,0.00575249,0.00576307
-0.0114,0,0
-0.011,0,0
-0.0106,0.00600858,0.0060201
-0.0102,0,0
-0.0098,0.00245969,0.00374836
-0.0094,0,0
-0.009,0,0
-0.0086,0.00760276,0.00673925
-0.0082,0.00473249,0.0049806
-0.0078,0.005501,0.00551061
-0.0074,0,0
-0.007,0.00556697,0.0055768
-0.0066,0,0
-0.0062,0,0
-0.0058,0,0
-0.0054,0.00580191,0.00581256
-0.005,0.0132754,0.00870384
-0.0046,0.0116398,0.00824574
-0.0042,0.0117573,0.00825072
-0.0038,0,0
-0.0034,0.0282771,0.0126686
-0.003,0.0229269,0.0120111
-0.0026,0.0414629,0.0157009
-0.0022,0.103581,0.0251712
-0.0018,0.219147,0.0363436
-0.0014,0.342663,0.0445705
-0.001,0.420582,0.0473532
-0.0006,0.656164,0.064538
-0.0002,0.635923,0.0630434
0.0002,0.622946,0.0599504
0.0006,0.679496,0.0628184
0.001,0.549829,0.0559301
0.0014,0.457517,0.0523538
0.0018,0.307303,0.0430528
0.0022,0.252225,0.0379298
0.0026,0.143951,0.0294426
0.003,0.0795147,0.0217536
0.0034,0.0576899,0.0188965
0.0038,0.00673256,0.0062201
0.0042,0.0118054,0.00836302
0.0046,0.0320829,0.0143768
0.005,0.0124081,0.00879521
0.0054,0.0245121,0.0122795
0.0058,0.030284,0.0135702
0.0062,0.00686413,0.00636323
0.0066,0.000179122,0.00104669
0.007,0,0
0.0074,0.0059079,0.00591873
0.0078,0,0
0.0082,0.00531349,0.00532225
0.0086,0,0
0.009,0,0
0.0094,0,0
0.0098,0,0
0.0102,0.00605898,0.00607035
0.0106,0.0125403,0.00888459
0.011,0,0
0.0114,0,0
0.0118,0,0
0.0122,0,0
0.0126,0,0
0.013,0,0
0.0134,0,0
0.0138,0,0
0.0142,0,0
0.0146,0,0
0.015,0,0
0.0154,0.0114292,0.00809596
0.0158,0,0
0.0162,0,0
0.0166,0,0
0.017,0,0
0.0174,0,0
0.0178,0,0
0.0182,0,0
0.0186,0,0
0.019,0,0
0.0194,0,0
0.0198,0.00580242,0.00581284
0.0202,0,0
0.0206,0,0
0.021,0.00626974,0.00628192
0.0214,0.005947,0.00595797
0.0218,0,0
0.0222,0,0
0.0226,0.0118445,0.00814577
0.023,0,0
0.0234,0,0
0.0238,0.00582732,0.00583787
0.0242,0,0
0.0246,0,0
0.025,0,0
0.0254,0.00578833,0.00579875
0.0258,0,0
0.0262,0.00588154,0.0058923
0.0266,0.00594424,0.00595523
0.027,0,0
0.0274,0,0
0.0278,0,0
0.0282,0,0
0.0286,0,0
0.029,0,0
0.0294,0,0
0.0298,0,0
0.0302,0,0
0.0306,0,0
0.031,0,0
0.0314,0,0
0.0318,0,0
0.0322,0.00562196,0.00563184
0.0326,0,0
0.033,0.00622584,0.00623796
0.0334,0,0
0.0338,0,0
0.0342,0.00600878,0.00602009
0.0346,0,0
0.035,0,0
0.0354,0,0
0.0358,0,0
0.0362,0,0
0.0366,0,0
0.037,0.00604508,0.00605656
0.0374,0,0
0.0378,0.00551081,0.00552036
0.0382,0,0
0.0386,0,0
0.039,0.00587362,0.00588447
0.0394,0.00587119,0.00588204
0.0398,0.00635664,0.00636936
0.0402,0,0
0.0406,0.00557503,0.00558483
0.041,0,0
0.0414,0,0
0.0418,0,0
0.0422,0,0
0.0426,0.00655889,0.00657247
0.043,0,0
0.0434,0,0
0.0438,0,0
0.0442,0.00586221,0.00587308
0.0446,0,0
0.045,0,0
0.0454,0,0
0.0458,0,0
0.0462,0,0
0.0466,0,0
0.047,0,0
0.0474,0,0
0.0478,0,0
0.0482,0,0
0.0486,0,0
0.049,0,0
0.0494,0,0
0.0498,0,0
0.0502,0.00550943,0.0055191
0.0506,0,0
0.051,0,0
0.0514,0.00208917,0.00349023
0.0518,0,0
0.0522,0.00566588,0.00567613
0.0526,0,0
0.053,0,0
0.0534,0.00201109,0.00327885
0.0538,0,0
0.0542,0,0
0.0546,0,0
0.055,0,0
0.0554,0,0
0.0558,0,0
0.0562,0,0
0.0566,0,0
0.057,0,0
0.0574,0,0
0.0578,0,0
0.0582,0,0
0.0586,0,0
0.059,0,0
0.0594,0,0
0.0598,0,0
0.0602,0,0
0.0606,0,0
0.061,0,0
0.0614,0,0
0.0618,0,0
0.0622,0,0
0.0626,0,0
0.063,0,0
0.0634,0,0
0.0638,0.00551247,0.00552232
0.0642,0,0
0.0646,0,0
0.065,0,0
0.0654,0,0
0.0658,0,0
0.0662,0,0
0.0666,0,0
0.067,0,0
0.0674,0,0
0.0678,0.0124433,0.0088166
0.0682,0,0
0.0686,0,0
0.069,0.00560398,0.00561424
0.0694,0,0
0.0698,0,0
0.0702,0,0
0.0706,0,0
0.071,0,0
0.0714,0,0
0.0718,0,0
0.0722,0,0
0.0726,0.00548797,0.00549784
0.073,0,0
0.0734,0,0
0.0738,0,0
0.0742,0,0
0.0746,0,0
0.075,0.00574509,0.00575593
0.0754,0,0
0.0758,0,0
0.0762,0,0
0.0766,0,0
0.077,0.00344885,0.00434557
0.0774,0,0
0.0778,0.00561411,0.00562449
0.0782,0,0
0.0786,0,0
0.079,0,0
0.0794,0.00432555,0.00513021
0.0798,0,0
0.0802,0,0
0.0806,0,0
0.081,0,0
0.0814,0,0
0.0818,0,0
0.0822,0,0
0.0826,0.00503066,0.00503903
0.083,0,0
0.0834,0,0
0.0838,0,0
0.0842,0,0
0.0846,0,0
0.085,0,0
0.0854,0,0
0.0858,0,0
0.0862,0,0
0.0866,0,0
0.087,0,0
0.0874,0.00529308,0.00530236
0.0878,0,0
0.0882,0,0
0.0886,0,0
0.089,0,0
0.0894,0,0
0.0898,0,0
0.0902,0,0
0.0906,0,0
0.091,0,0
0.0914,0,0
0.0918,0,0
0.0922,0,0
0.0926,0,0
0.093,0,0
0.0934,0,0
0.0938,0.00569749,0.00570826
0.0942,0.00569664,0.00570742
0.0946,0,0
0.095,0,0
0.0954,0,0
0.0958,0,0
0.0962,0,0
0.0966,0,0
0.097,0.00600708,0.00601907
0.0974,0,0
0.0978,0,0
0.0982,0,0
0.0986,0,0
0.099,0,0
0.0994,0,0
0.0998,0,0
0.1002,0,0
0.1006,0.00651689,0.006531
0.101,0,0
0.1014,0,0
0.1018,0,0
0.1022,0,0
0.1026,0,0
0.103,0,0
0.1034,0,0
0.1038,0.00565386,0.00588088
0.1042,0,0
0.1046,0,0
0.105,0,0
0.1054,0,0
0.1058,0,0
0.1062,0,0
0.1066,0,0
0.107,0,0
0.1074,0,0
0.1078,0,0
0.1082,0,0
0.1086,0,0
0.109,0,0
0.1094,0,0
0.1098,0,0
0.1102,0,0
0.1106,0,0
0.111,0,0
0.1114,0,0
0.1118,0,0
0.1122,0,0
0.1126,0,0
0.113,0.007806,0.00782607
0.1134,0,0
0.1138,0,0
0.1142,0,0
0.1146,0,0
0.115,0.0093515,0.0093802
0.1154,0,0
0.1158,0,0
0.1162,0,0
0.1166,0,0
0.117,0,0
0.1174,0.00299835,0.00529483
0.1178,0,0
0.1182,0,0
0.1186,0,0
0.119,0,0
0.1194,0,0
0.1198,0,0
8
-0.1198,0,0
-0.1194,0,0
-0.119,0,0
-0.1186,0,0
-0.1182,0.00410151,0.00410953
-0.1178,0,0
-0.1174,0,0
-0.117,0,0
-0.1166,0,0
-0.1162,0,0
-0.1158,0,0
-0.1154,0,0
-0.115,0,0
-0.1146,0.00412762,0.00413571
-0.1142,0,0
-0.1138,0,0
-0.1134,0,0
-0.113,0,0
-0.1126,0,0
-0.1122,0,0
-0.1118,0,0
-0.1114,0,0
-0.111,0,0
-0.1106,0,0
-0.1102,0,0
-0.1098,0,0
-0.1094,0,0
-0.109,0.00250172,0.00319209
-0.1086,0,0
-0.1082,0,0
-0.1078,0,0
-0.1074,0.00396841,0.00397582
-0.107,0,0
-0.1066,0,0
-0.1062,0,0
-0.1058,0,0
-0.1054,0,0
-0.105,0,0
-0.1046,0,0
-0.1042,0,0
-0.1038,0,0
-0.1034,0,0
-0.103,0,0
-0.1026,0,0
-0.1022,0,0
-0.1018,0.00447755,0.0044869
-0.1014,0,0
-0.101,0,0
-0.1006,0,0
-0.1002,0,0
-0.0998,0,0
-0.0994,0,0
-0.099,0,0
-0.0986,0.00408698,0.00409474
-0.0982,0,0
-0.0978,0,0
-0.0974,0,0
-0.097,0.00462778,0.00463771
-0.0966,0,0
-0.0962,0,0
-0.0958,0.00425286,0.00426122
-0.0954,0,0
-0.095,0,0
-0.0946,0,0
-0.0942,0,0
-0.0938,0,0
-0.0934,0,0
-0.093,0,0
-0.0926,0.00390757,0.0039146
-0.0922,0,0
-0.0918,0,0
-0.0914,0,0
-0.091,0.00414641,0.00415432
-0.0906,0,0
-0.0902,0,0
-0.0898,0,0
-0.0894,0,0
-0.089,0,0
-0.0886,0.00402378,0.00403121
-0.0882,0,0
-0.0878,0,0
-0.0874,0,0
-0.087,0,0
-0.0866,0,0
-0.0862,0.0043827,0.00439148
-0.0858,0,0
-0.0854,0,0
-0.085,0,0
-0.0846,0,0
-0.0842,0,0
-0.0838,0,0
-0.0834,0.00404096,0.0040484
-0.083,0,0
-0.0826,0,0
-0.0822,0,0
-0.0818,0,0
-0.0814,0,0
-0.081,0.00402996,0.00403733
-0.0806,0,0
-0.0802,0,0
-0.0798,0,0
-0.0794,0,0
-0.079,0.00399959,0.00400685
-0.0786,0,0
-0.0782,0,0
-0.0778,0,0
-0.0774,0,0
-0.077,0,0
-0.0766,0,0
-0.0762,0,0
-0.0758,0,0
-0.0754,0,0
-0.075,0,0
-0.0746,0.00427932,0.00428758
-0.0742,4.46754e-05,0.000420916
-0.0738,0,0
-0.0734,0,0
-0.073,0.00438646,0.00439514
-0.0726,0,0
-0.0722,0,0
-0.0718,0,0
-0.0714,0,0
-0.071,0,0
-0.0706,0,0
-0.0702,0,0
-0.0698,0,0
-0.0694,0,0
-0.069,0,0
-0.0686,0.00451848,0.00452765
-0.0682,0,0
-0.0678,0,0
-0.0674,0.00403374,0.00404105
-0.067,0,0
-0.0666,0,0
-0.0662,0.00400968,0.0040169
-0.0658,0,0
-0.0654,0,0
-0.065,0,0
-0.0646,0,0
-0.0642,0,0
-0.0638,0,0
-0.0634,0,0
-0.063,0,0
-0.0626,0,0
-0.0622,0,0
-0.0618,0,0
-0.0614,0,0
-0.061,0,0
-0.0606,0,0
-0.0602,0,0
-0.0598,0,0
-0.0594,0,0
-0.059,0,0
-0.0586,0,0
-0.0582,0,0
-0.0578,0,0
-0.0574,0,0
-0.057,0,0
-0.0566,0,0
-0.0562,0,0
-0.0558,0,0
-0.0554,0.00426294,0.00427108
-0.055,0,0
-0.0546,0.00161587,0.00262007
-0.0542,0,0
-0.0538,0,0
-0.0534,0,0
-0.053,0,0
-0.0526,0,0
-0.0522,0.00418732,0.00419516
-0.0518,0,0
-0.0514,0,0
-0.051,0,0
-0.0506,0,0
-0.0502,0.000370582,0.00123042
-0.0498,0,0
-0.0494,0,0
-0.049,0.00408459,0.00409206
-0.0486,0,0
-0.0482,0,0
-0.0478,0,0
-0.0474,0,0
-0.047,0.00458503,0.00459443
-0.0466,0.00624166,0.00522501
-0.0462,0,0
-0.0458,0,0
-0.0454,0,0
-0.045,0,0
-0.0446,0,0
-0.0442,0,0
-0.0438,0,0
-0.0434,0,0
-0.043,0,0
-0.0426,0,0
-0.0422,0.00414828,0.00415598
-0.0418,0,0
-0.0414,7.84787e-05,0.000564088
-0.041,0,0
-0.0406,0,0
-0.0402,0.00238232,0.00316268
-0.0398,0,0
-0.0394,0,0
-0.039,0,0
-0.0386,0,0
-0.0382,0.00410583,0.00411336
-0.0378,0,0
-0.0374,0,0
-0.037,0,0
-0.0366,0.00622583,0.0050844
-0.0362,0.00428605,0.00429425
-0.0358,0,0
-0.0354,0,0
-0.035,0,0
-0.0346,0,0
-0.0342,0,0
-0.0338,0,0
-0.0334,0,0
-0.033,0,0
-0.0326,0,0
-0.0322,0,0
-0.0318,0.00402739,0.00403462
-0.0314,0,0
-0.031,0.00371548,0.00372163
-0.0306,0,0
-0.0302,0,0
-0.0298,0.00391098,0.0039178
-0.0294,0,0
-0.029,0,0
-0.0286,0.00406866,0.00407603
-0.0282,0,0
-0.0278,0.00294302,0.00339722
-0.0274,0,0
-0.027,0,0
-0.0266,0,0
-0.0262,0,0
-0.0258,0.00447459,0.0044835
-0.0254,0,0
-0.025,0,0
-0.0246,0,0
-0.0242,0,0
-0.0238,0,0
-0.0234,0.00411336,0.00412089
-0.023,0,0
-0.0226,0,0
-0.0222,0,0
-0.0218,0,0
-0.0214,0,0
-0.021,0,0
-0.0206,0,0
-0.0202,0,0
-0.0198,0,0
-0.0194,0,0
-0.019,0,0
-0.0186,0,0
-0.0182,0,0
-0.0178,0,0
-0.0174,0.00404809,0.00405537
-0.017,0,0
-0.0166,0,0
-0.0162,0,0
-0.0158,0.00436978,0.00437825
-0.0154,0,0
-0.015,0,0
-0.0146,0,0
-0.0142,0,0
-0.0138,0,0
-0.0134,0,0
-0.013,0,0
-0.0126,0,0
-0.0122,0,0
-0.0118,0,0
-0.0114,0,0
-0.011,0,0
-0.0106,0.00432845,0.00433675
-0.0102,0.00435649,0.00436489
-0.0098,0.00232622,0.00309262
-0.0094,0,0
-0.009,0,0
-0.0086,0.00737025,0.00562632
-0.0082,0.000353525,0.00115405
-0.0078,0.00185475,0.00275999
-0.0074,0.00413249,0.00414003
-0.007,0.0114844,0.00678698
-0.0066,0,0
-0.0062,0.00415188,0.00415948
-0.0058,0.0170211,0.00852837
-0.0054,0.00415972,0.00416735
-0.005,0.00271114,0.00332989
-0.0046,0.021621,0.00947191
-0.0042,0.00388002,0.00396521
-0.0038,0.0363017,0.0121222
-0.0034,0.0572164,0.0152559
-0.003,0.0813867,0.0189297
-0.0026,0.0811822,0.0187283
-0.0022,0.159312,0.0263696
-0.0018,0.249603,0.0328157
-0.0014,0.395055,0.0403908
-0.001,0.518438,0.0443221
-0.0006,0.75552,0.0586221
-0.0002,0.920688,0.0639968
0.0002,0.786279,0.0568162
0.0006,0.646917,0.0517568
0.001,0.515153,0.045686
0.0014,0.386218,0.0405464
0.0018,0.351475,0.0387104
0.0022,0.191539,0.027751
0.0026,0.187752,0.0282998
0.003,0.111686,0.0217344
0.0034,0.0459097,0.0140764
0.0038,0.0441956,0.0134594
0.0042,0.0321725,0.0118561
0.0046,0.0190463,0.00933277
0.005,0.0130775,0.00756821
0.0054,0.0173515,0.00869233
0.0058,0.0171668,0.00860041
0.0062,0.0116126,0.00691391
0.0066,0.00837537,0.00593624
0.007,0.017528,0.00855453
0.0074,0.0238573,0.00997783
0.0078,0.00777094,0.00550424
0.0082,0.00753295,0.00533539
0.0086,0,0
0.009,0,0
0.0094,0,0
0.0098,0,0
0.0102,0,0
0.0106,0.00429589,0.00430396
0.011,0,0
0.0114,0,0
0.0118,0,0
0.0122,0,0
0.0126,0,0
0.013,0.00420065,0.00420836
0.0134,0.00437649,0.00438485
0.0138,0,0
0.0142,0,0
0.0146,0.00235521,0.00308526
0.015,0,0
0.0154,0,0
0.0158,0,0
0.0162,0.00884486,0.00626632
0.0166,0.00426323,0.00427115
0.017,0.00798266,0.00565441
0.0174,0.00399207,0.00399901
0.0178,0,0
0.0182,0,0
0.0186,0,0
0.019,0.00399338,0.00400032
0.0194,0.00445496,0.00446359
0.0198,0,0
0.0202,0.00854205,0.00605136
0.0206,0,0
0.021,0,0
0.0214,0,0
0.0218,0.00412302,0.0041304
0.0222,0.00413411,0.00414153
0.0226,0,0
0.023,0,0
0.0234,0,0
0.0238,0,0
0.0242,0,0
0.0246,0,0
0.025,0,0
0.0254,0,0
0.0258,0,0
0.0262,0.00421899,0.00422671
0.0266,0,0
0.027,0.00417656,0.00418412
0.0274,0,0
0.0278,0,0
0.0282,0,0
0.0286,0,0
0.029,0,0
0.0294,0,0
0.0298,0,0
0.0302,0,0
0.0306,0.00437628,0.00438457
0.031,0.00441989,0.00442834
0.0314,0.00430399,0.004312
0.0318,0,0
0.0322,0,0
0.0326,0,0
0.033,0.00450714,0.00451591
0.0334,0.00457477,0.0045838
0.0338,0.00444021,0.00444872
0.0342,0,0
0.0346,0,0
0.035,0.00429122,0.00429917
0.0354,0,0
0.0358,0,0
0.0362,0,0
0.0366,0,0
0.037,0,0
0.0374,0.00440272,0.00441107
0.0378,0,0
0.0382,0,0
0.0386,0.00407617,0.00408333
0.039,0,0
0.0394,0,0
0.0398,0,0
0.0402,0,0
0.0406,0,0
0.041,0.00428096,0.00428884
0.0414,0.00859637,0.00608985
0.0418,0,0
0.0422,0,0
0.0426,0,0
0.043,0,0
0.0434,0,0
0.0438,0,0
0.0442,0,0
0.0446,0,0
0.045,0,0
0.0454,0.00804068,0.00569544
0.0458,0,0
0.0462,0,0
0.0466,0,0
0.047,0,0
0.0474,0,0
0.0478,0,0
0.0482,0.00443437,0.0044428
0.0486,0,0
0.049,0,0
0.0494,0,0
0.0498,0.00436969,0.00437786
0.0502,0,0
0.0506,0,0
0.051,0,0
0.0514,0,0
0.0518,0,0
0.0522,0,0
0.0526,0,0
0.053,0,0
0.0534,0,0
0.0538,0,0
0.0542,0,0
0.0546,0,0
0.055,0.00424323,0.0042509
0.0554,0,0
0.0558,0.00450868,0.00451733
0.0562,0,0
0.0566,0.0044046,0.00441285
0.057,0,0
0.0574,0,0
0.0578,0,0
0.0582,0,0
0.0586,0,0
0.059,0,0
0.0594,0,0
0.0598,0,0
0.0602,0,0
0.0606,0,0
0.061,0,0
0.0614,0,0
0.0618,0,0
0.0622,0.00423871,0.0042463
0.0626,0,0
0.063,0,0
0.0634,0,0
0.0638,0.00425122,0.00425884
0.0642,0,0
0.0646,0.00413314,0.00414034
0.065,0.00427966,0.00428736
0.0654,0,0
0.0658,0,0
0.0662,0.00850464,0.00602444
0.0666,0.00745136,0.0056408
0.067,0,0
0.0674,0,0
0.0678,0,0
0.0682,0,0
0.0686,0,0
0.069,0,0
0.0694,0,0
0.0698,0,0
0.0702,0,0
0.0706,0.00883776,0.00626927
0.071,0,0
0.0714,0,0
0.0718,0.00446127,0.00446957
0.0722,0,0
0.0726,0.00864295,0.00612249
0.073,0,0
0.0734,0,0
0.0738,0.00433847,0.00434629
0.0742,0,0
0.0746,0,0
0.075,0,0
0.0754,0,0
0.0758,0,0
0.0762,0.012805,0.0074094
0.0766,0,0
0.077,0,0
0.0774,0,0
0.0778,0,0
0.0782,0,0
0.0786,0,0
0.079,0.00467839,0.00468742
0.0794,0,0
0.0798,0,0
0.0802,0,0
0.0806,0,0
0.081,0.00448714,0.00449544
0.0814,0,0
0.0818,0,0
0.0822,0,0
0.0826,0,0
0.083,0,0
0.0834,0,0
0.0838,0,0
0.0842,0,0
0.0846,0,0
0.085,0.00442292,0.00443094
0.0854,0,0
0.0858,0,0
0.0862,0.00409611,0.00410298
0.0866,0,0
0.087,0,0
0.0874,0,0
0.0878,0,0
0.0882,0,0
0.0886,0,0
0.089,0,0
0.0894,0,0
0.0898,0,0
0.0902,0,0
0.0906,0,0
0.091,0,0
0.0914,0.00449977,0.00450801
0.0918,0,0
0.0922,0,0
0.0926,0,0
0.093,0,0
0.0934,0,0
0.0938,0,0
0.0942,0,0
0.0946,0,0
0.095,0,0
0.0954,0.00488428,0.00489395
0.0958,0,0
0.0962,0,0
0.0966,0,0
0.097,0.00464824,0.00465698
0.0974,0,0
0.0978,0.00519504,0.00520596
0.0982,0,0
0.0986,0,0
0.099,0,0
0.0994,0,0
0.0998,0,0
0.1002,0,0
0.1006,0,0
0.101,0,0
0.1014,0.0050678,0.00507817
0.1018,0,0
0.1022,0,0
0.1026,0,0
0.103,0,0
0.1034,0,0
0.1038,0,0
0.1042,0,0
0.1046,0,0
0.105,0,0
0.1054,0,0
0.1058,0,0
0.1062,0,0
0.1066,0.00563295,0.00564573
0.107,0,0
0.1074,0,0
0.1078,0,0
0.1082,0,0
0.1086,0,0
0.109,0.00585544,0.00586925
0.1094,0,0
0.1098,0,0
0.1102,0,0
0.1106,0,0
0.111,0.00663176,0.00664947
0.1114,0,0
0.1118,0,0
0.1122,0,0
0.1126,0,0
0.113,0,0
0.1134,0,0
0.1138,0,0
0.1142,0,0
0.1146,0,0
0.115,0,0
0.1154,0,0
0.1158,0.00621955,0.00623513
0.1162,0,0
0.1166,0,0
0.117,0,0
0.1174,0.00510925,0.00622671
0.1178,0,0
0.1182,0,0
0.1186,0,0
0.119,0.00760907,0.00763239
0.1194,0,0
0.1198,0,0
9
-0.1198,0,0
-0.1194,0,0
-0.119,0,0
-0.1186,0,0
-0.1182,0,0
-0.1178,0,0
-0.1174,0,0
-0.117,0.00371586,0.00372266
-0.1166,0,0
-0.1162,0,0
-0.1158,0,0
-0.1154,0,0
-0.115,0,0
-0.1146,0,0
-0.1142,0,0
-0.1138,0,0
-0.1134,0,0
-0.113,0,0
-0.1126,0,0
-0.1122,0,0
-0.1118,0,0
-0.1114,0,0
-0.111,0.00389374,0.00390127
-0.1106,0,0
-0.1102,0,0
-0.1098,0,0
-0.1094,0,0
-0.109,0.00147235,0.00238232
-0.1086,0,0
-0.1082,0,0
-0.1078,0.00398185,0.00398976
-0.1074,0,0
-0.107,0,0
-0.1066,0,0
-0.1062,0,0
-0.1058,0,0
-0.1054,0,0
-0.105,0,0
-0.1046,0,0
-0.1042,0,0
-0.1038,0,0
-0.1034,0,0
-0.103,0,0
-0.1026,0,0
-0.1022,0,0
-0.1018,0,0
-0.1014,0.00355913,0.00356552
-0.101,0.00385107,0.00385855
-0.1006,0,0
-0.1002,0,0
-0.0998,0,0
-0.0994,0,0
-0.099,0,0
-0.0986,0,0
-0.0982,0,0
-0.0978,0,0
-0.0974,0,0
-0.097,0,0
-0.0966,0,0
-0.0962,0,0
-0.0958,0,0
-0.0954,0,0
-0.095,0,0
-0.0946,0,0
-0.0942,0,0
-0.0938,0,0
-0.0934,0,0
-0.093,0.00377566,0.00378294
-0.0926,0,0
-0.0922,0,0
-0.0918,0,0
-0.0914,0,0
-0.091,0,0
-0.0906,0,0
-0.0902,0,0
-0.0898,0,0
-0.0894,0,0
-0.089,0,0
-0.0886,0,0
-0.0882,0,0
-0.0878,0,0
-0.0874,0,0
-0.087,0,0
-0.0866,0,0
-0.0862,0.00389373,0.00390152
-0.0858,0,0
-0.0854,0,0
-0.085,0,0
-0.0846,0.00352467,0.00353107
-0.0842,0,0
-0.0838,0,0
-0.0834,0,0
-0.083,0,0
-0.0826,0,0
-0.0822,0,0
-0.0818,0,0
-0.0814,0,0
-0.081,0,0
-0.0806,0.00369244,0.00369949
-0.0802,0,0
-0.0798,0,0
-0.0794,0.00745428,0.00529823
-0.079,0,0
-0.0786,0,0
-0.0782,0.00397073,0.00397891
-0.0778,0.00347842,0.0034847
-0.0774,0,0
-0.077,0,0
-0.0766,0,0
-0.0762,0.00358539,0.00359208
-0.0758,0,0
-0.0754,0,0
-0.075,0,0
-0.0746,0.00370964,0.0037168
-0.0742,0,0
-0.0738,0,0
-0.0734,0,0
-0.073,0,0
-0.0726,0,0
-0.0722,0,0
-0.0718,0,0
-0.0714,0,0
-0.071,0,0
-0.0706,0,0
-0.0702,0,0
-0.0698,0,0
-0.0694,0,0
-0.069,0,0
-0.0686,0.00387953,0.00388741
-0.0682,0,0
-0.0678,0,0
-0.0674,0,0
-0.067,0,0
-0.0666,0,0
-0.0662,0,0
-0.0658,0,0
-0.0654,0,0
-0.065,0.0036939,0.00370107
-0.0646,0,0
-0.0642,0,0
-0.0638,0,0
-0.0634,0,0
-0.063,0,0
-0.0626,0,0
-0.0622,0,0
-0.0618,0,0
-0.0614,0,0
-0.061,0.00362234,0.00362925
-0.0606,0,0
-0.0602,0.00362103,0.00362793
-0.0598,0,0
-0.0594,0.00368596,0.00369312
-0.059,0,0
-0.0586,0,0
-0.0582,0,0
-0.0578,0,0
-0.0574,0,0
-0.057,0,0
-0.0566,0.00325792,0.00326352
-0.0562,0,0
-0.0558,0,0
-0.0554,0,0
-0.055,0,0
-0.0546,0.00379362,0.00380123
-0.0542,0,0
-0.0538,0,0
-0.0534,0.00348865,0.00349509
-0.053,0.00358709,0.00359391
-0.0526,0,0
-0.0522,0,0
-0.0518,0,0
-0.0514,0.00362449,0.00363145
-0.051,0.00371726,0.00372459
-0.0506,0.0106316,0.00615556
-0.0502,0,0
-0.0498,0,0
-0.0494,0,0
-0.049,0,0
-0.0486,0,0
-0.0482,0,0
-0.0478,0.00674975,0.00478136
-0.0474,0.00338327,0.00338935
-0.047,0,0
-0.0466,0,0
-0.0462,0,0
-0.0458,0,0
-0.0454,0.00735021,0.00520773
-0.045,0,0
-0.0446,0,0
-0.0442,0,0
-0.0438,0,0
-0.0434,0,0
-0.043,0,0
-0.0426,0,0
-0.0422,0.00347168,0.00347811
-0.0418,0,0
-0.0414,0,0
-0.041,0,0
-0.0406,0.00351287,0.00351947
-0.0402,0.00349225,0.00349878
-0.0398,0.0034299,0.0034362
-0.0394,0.00342853,0.00343482
-0.039,0.0106372,0.00615913
-0.0386,0,0
-0.0382,0.00341899,0.00342526
-0.0378,0,0
-0.0374,0.00321644,0.00322199
-0.037,0,0
-0.0366,0.00526279,0.00431287
-0.0362,0,0
-0.0358,0,0
-0.0354,0.00321661,0.00322218
-0.035,0,0
-0.0346,0.0105199,0.00608946
-0.0342,0,0
-0.0338,0,0
-0.0334,0.00351547,0.00352214
-0.033,0.00352389,0.00353058
-0.0326,0,0
-0.0322,0.00334717,0.00335322
-0.0318,0,0
-0.0314,0.00321086,0.00321643
-0.031,0,0
-0.0306,0,0
-0.0302,0,0
-0.0298,0,0
-0.0294,0,0
-0.029,0.00352224,0.00352896
-0.0286,0.00351175,0.00351843
-0.0282,0,0
-0.0278,0.00311787,0.00312314
-0.0274,0,0
-0.027,0,0
-0.0266,0.00320079,0.00320636
-0.0262,0.00319359,0.00319914
-0.0258,0,0
-0.0254,0,0
-0.025,0.00659837,0.00467414
-0.0246,0,0
-0.0242,0,0
-0.0238,0,0
-0.0234,0,0
-0.023,0,0
-0.0226,0.00355476,0.00356166
-0.0222,0,0
-0.0218,0,0
-0.0214,0,0
-0.021,0,0
-0.0206,0,0
-0.0202,0.00349753,0.00350423
-0.0198,0.00331697,0.00332299
-0.0194,0,0
-0.019,0,0
-0.0186,0,0
-0.0182,0.00313899,0.0031444
-0.0178,0,0
-0.0174,0.00327157,0.00327745
-0.017,0,0
-0.0166,0.00299012,0.00299504
-0.0162,0.00319082,0.00319642
-0.0158,0.00352221,0.00352904
-0.0154,0,0
-0.015,0.0033229,0.00332898
-0.0146,0,0
-0.0142,0.0034355,0.00344201
-0.0138,0.00306211,0.00306729
-0.0134,0.00645894,0.00458023
-0.013,0,0
-0.0126,0,0
-0.0122,0,0
-0.0118,0.0030813,0.00308656
-0.0114,0.00674586,0.00477896
-0.011,0.00702489,0.00497703
-0.0106,0.0103638,0.00599501
-0.0102,0.0102142,0.00591078
-0.0098,0.00667652,0.00473094
-0.0094,0.00341044,0.0034169
-0.009,0,0
-0.0086,0.0170027,0.00761825
-0.0082,0.00637992,0.00452902
-0.0078,0.0144277,0.00677913
-0.0074,0.0257788,0.00913271
-0.007,0.016335,0.00722796
-0.0066,0.0135885,0.00680714
-0.0062,0.0164114,0.0073529
-0.0058,0.0166886,0.00747935
-0.0054,0.0130059,0.00651488
-0.005,0.00964199,0.00557682
-0.0046,0.00910158,0.00547882
-0.0042,0.0193721,0.0079248
-0.0038,0.0285552,0.00953541
-0.0034,0.0379103,0.0110172
-0.003,0.0687514,0.0155191
-0.0026,0.0638555,0.0146314
-0.0022,0.130758,0.0211548
-0.0018,0.226772,0.0276745
-0.0014,0.312346,0.0318763
-0.001,0.518915,0.0393016
-0.0006,0.747277,0.0515941
-0.0002,0.852896,0.0545225
0.0002,0.832664,0.0517323
0.0006,0.472421,0.0390937
0.001,0.417041,0.036329
0.0014,0.219219,0.0270096
0.0018,0.160041,0.0232104
0.0022,0.0766656,0.0155074
0.0026,0.0587368,0.0139468
0.003,0.0561611,0.0136136
0.0034,0.0545081,0.013681
0.0038,0.0188592,0.00771292
0.0042,0.00548443,0.00435464
0.0046,0.00288636,0.00319685
0.005,0.0136698,0.00685154
0.0054,0.0168629,0.00755572
0.0058,0.0166526,0.00746193
0.0062,0.0223894,0.00847892
0.0066,0.0290626,0.00971035
0.007,0.0181339,0.00755959
0.0074,0.0198912,0.00796765
0.0078,0.0178238,0.00728962
0.0082,0.00617477,0.0043813
0.0086,0.00653108,0.00462673
0.009,0,0
0.0094,0.00638328,0.00452184
0.0098,0,0
0.0102,0.0033046,0.0033108
0.0106,0.00661028,0.00468295
0.011,0,0
0.0114,0.00315539,0.00316105
0.0118,0,0
0.0122,0,0
0.0126,0,0
0.013,0.00322101,0.00322691
0.0134,0.00335416,0.00336056
0.0138,0,0
0.0142,0.00363949,0.00364703
0.0146,0.00799526,0.00515692
0.015,0.00312621,0.00313178
0.0154,0,0
0.0158,0,0
0.0162,0.00337674,0.00338324
0.0166,0.00321447,0.00322036
0.017,0.00304421,0.0030495
0.0174,0.00307951,0.00308492
0.0178,0.00344078,0.00344754
0.0182,0,0
0.0186,0.00691513,0.00490999
0.019,0.00303843,0.00304371
0.0194,0.00677564,0.00480039
0.0198,0,0
0.0202,0,0
0.0206,0.00318595,0.00319176
0.021,0.0031678,0.00317355
0.0214,0.00982468,0.00568472
0.0218,0,0
0.0222,0,0
0.0226,0.00301135,0.00301654
0.023,0.00303358,0.00303886
0.0234,0,0
0.0238,0,0
0.0242,0,0
0.0246,0,0
0.025,0.00313263,0.00313827
0.0254,0.00313184,0.00313748
0.0258,0,0
0.0262,0,0
0.0266,0.0032167,0.00322265
0.027,0,0
0.0274,0,0
0.0278,0,0
0.0282,0,0
0.0286,0,0
0.029,0.00317099,0.00317677
0.0294,0,0
0.0298,0,0
0.0302,0,0
0.0306,0,0
0.031,0,0
0.0314,0.00322809,0.0032341
0.0318,0,0
0.0322,0,0
0.0326,0,0
0.033,0,0
0.0334,0.00342402,0.00343079
0.0338,0.00332169,0.00332806
0.0342,0,0
0.0346,0.00318556,0.00319142
0.035,0,0
0.0354,0,0
0.0358,0,0
0.0362,0,0
0.0366,0,0
0.037,0,0
0.0374,0.00328173,0.00328796
0.0378,0,0
0.0382,0.00604571,0.00428248
0.0386,0,0
0.039,0,0
0.0394,0.00319179,0.00319769
0.0398,0,0
0.0402,0.00333566,0.00334211
0.0406,0.00300313,0.00300835
0.041,0,0
0.0414,0.00640699,0.00453884
0.0418,0.00320295,0.00320889
0.0422,0.00331697,0.00332335
0.0426,0,0
0.043,0,0
0.0434,0.00320387,0.00320982
0.0438,0.00293221,0.0029372
0.0442,0,0
0.0446,0.00323179,0.00323785
0.045,0,0
0.0454,0.00310349,0.00310908
0.0458,0.00310297,0.00310856
0.0462,0,0
0.0466,0,0
0.047,0,0
0.0474,0,0
0.0478,0.00306418,0.00306964
0.0482,0.0065839,0.00466443
0.0486,0,0
0.049,0,0
0.0494,0,0
0.0498,0,0
0.0502,0,0
0.0506,0.00593889,0.00420669
0.051,0,0
0.0514,0.00947937,0.00548307
0.0518,0,0
0.0522,0,0
0.0526,0.00297841,0.00298358
0.053,0,0
0.0534,0.00278996,0.0027945
0.0538,0,0
0.0542,0,0
0.0546,0.00324356,0.00324969
0.055,0.00309787,0.00310348
0.0554,0.00342778,0.00343464
0.0558,0.00638578,0.00452582
0.0562,0,0
0.0566,0,0
0.057,0,0
0.0574,0,0
0.0578,0.00327545,0.00328173
0.0582,0,0
0.0586,0.00339304,0.00339977
0.059,0,0
0.0594,0,0
0.0598,0,0
0.0602,0,0
0.0606,0,0
0.061,0,0
0.0614,0,0
0.0618,0.00287689,0.00288175
0.0622,0,0
0.0626,0,0
0.063,0.00305615,0.00306164
0.0634,0,0
0.0638,0.00304825,0.00305371
0.0642,0,0
0.0646,0,0
0.065,0.0122404,0.00613122
0.0654,0,0
0.0658,0,0
0.0662,0.00295054,0.00295567
0.0666,0.000753931,0.00151427
0.067,0.00297703,0.00298226
0.0674,0,0
0.0678,0,0
0.0682,0,0
0.0686,0.00284905,0.00285384
0.069,0,0
0.0694,0,0
0.0698,0,0
0.0702,0,0
0.0706,0,0
0.071,0.00291929,0.00292433
0.0714,0,0
0.0718,0,0
0.0722,0,0
0.0726,0,0
0.073,0,0
0.0734,0.00615019,0.00435711
0.0738,0,0
0.0742,0.00310427,0.00310999
0.0746,0.00626848,0.00444114
0.075,0.00308857,0.00309424
0.0754,0.00613058,0.00434299
0.0758,0.00892949,0.00516459
0.0762,0,0
0.0766,0.00309476,0.00310046
0.077,0,0
0.0774,0,0
0.0778,0,0
0.0782,0,0
0.0786,0,0
0.079,0,0
0.0794,0,0
0.0798,0.00308263,0.0030883
0.0802,0,0
0.0806,0,0
0.081,0,0
0.0814,0,0
0.0818,0,0
0.0822,0,0
0.0826,0.00282972,0.00283452
0.083,0,0
0.0834,0,0
0.0838,0,0
0.0842,0.00279423,0.00279892
0.0846,0,0
0.085,0.00603266,0.00427347
0.0854,0,0
0.0858,0,0
0.0862,0,0
0.0866,0.00583092,0.00413032
0.087,0,0
0.0874,0.00290848,0.00291358
0.0878,0,0
0.0882,0.0067286,0.00476749
0.0886,0.00305392,0.00305954
0.089,0,0
0.0894,0.00271656,0.00285512
0.0898,0,0
0.0902,0.00617555,0.00437492
0.0906,0.00580606,0.00411305
0.091,0,0
0.0914,0,0
0.0918,0,0
0.0922,0.0030464,0.00305202
0.0926,0.00578234,0.00409589
0.093,0.00302656,0.0030321
0.0934,0.00319789,0.00320408
0.0938,0,0
0.0942,0,0
0.0946,0.00302256,0.00302809
0.095,0,0
0.0954,0,0
0.0958,0.00632905,0.00448631
0.0962,0.0062329,0.00441636
0.0966,0.00310503,0.00311087
0.097,0,0
0.0974,0.00896968,0.00518804
0.0978,0,0
0.0982,0,0
0.0986,0,0
0.099,0.0101668,0.00588544
0.0994,0.00312197,0.00312788
0.0998,0,0
0.1002,0,0
0.1006,0,0
0.101,0.00352606,0.0035336
0.1014,0.00337496,0.00338186
0.1018,0,0
0.1022,0,0
0.1026,0,0
0.103,0,0
0.1034,0,0
0.1038,0.00333501,0.00334175
0.1042,0,0
0.1046,0.0036842,0.00369243
0.105,0,0
0.1054,0,0
0.1058,0.00724742,0.00513597
0.1062,0.00362341,0.00363137
0.1066,0.00374154,0.00375003
0.107,0.00374124,0.00374973
0.1074,0.00412113,0.00413143
0.1078,0,0
0.1082,0.00357155,0.00357928
0.1086,0.00388593,0.00389509
0.109,0.00771105,0.0054653
0.1094,0.00385526,0.00386428
0.1098,0,0
0.1102,0,0
0.1106,0,0
0.111,0,0
0.1114,0,0
0.1118,0.00360572,0.00361362
0.1122,0.00404887,0.00405882
0.1126,0,0
0.113,0,0
0.1134,0,0
0.1138,0,0
0.1142,0,0
0.1146,0,0
0.115,0,0
0.1154,0,0
0.1158,0,0
0.1162,0.00817586,0.00579577
0.1166,0,0
0.117,0,0
0.1174,0,0
0.1178,0,0
0.1182,0,0
0.1186,0.0100204,0.00710726
0.119,0.00504248,0.00505793
0.1194,0.00479077,0.00480472
0.1198,0,0
