# X , Y , E Distribution=true
1
-0.1198,0,0
-0.1194,0,0
-0.119,0,0
-0.1186,0,0
-0.1182,0,0
-0.1178,0,0
-0.1174,0,0
-0.117,0,0
-0.1166,0.00727676,0.00984103
-0.1162,0,0
-0.1158,0,0
-0.1154,0,0
-0.115,0,0
-0.1146,0,0
-0.1142,0,0
-0.1138,0,0
-0.1134,0,0
-0.113,0,0
-0.1126,0,0
-0.1122,0,0
-0.1118,0,0
-0.1114,0,0
-0.111,0,0
-0.1106,0.0126185,0.0126423
-0.1102,0,0
-0.1098,0,0
-0.1094,0,0
-0.109,0,0
-0.1086,0,0
-0.1082,0.0123069,0.0123295
-0.1078,0,0
-0.1074,0,0
-0.107,0,0
-0.1066,0,0
-0.1062,0,0
-0.1058,0,0
-0.1054,0,0
-0.105,0,0
-0.1046,0.0119376,0.0119588
-0.1042,0,0
-0.1038,0,0
-0.1034,0,0
-0.103,0,0
-0.1026,0,0
-0.1022,0,0
-0.1018,0,0
-0.1014,0,0
-0.101,0,0
-0.1006,0,0
-0.1002,0,0
-0.0998,0,0
-0.0994,0,0
-0.099,0,0
-0.0986,0,0
-0.0982,0.00695305,0.00960116
-0.0978,0,0
-0.0974,0,0
-0.097,0,0
-0.0966,0,0
-0.0962,0,0
-0.0958,0,0
-0.0954,0,0
-0.095,0.0147447,0.014777
-0.0946,0,0
-0.0942,0.0128135,0.0132369
-0.0938,0,0
-0.0934,0,0
-0.093,0,0
-0.0926,0,0
-0.0922,0,0
-0.0918,0,0
-0.0914,0,0
-0.091,0,0
-0.0906,0.0128841,0.0129087
-0.0902,0,0
-0.0898,0,0
-0.0894,0,0
-0.089,0,0
-0.0886,0.0118236,0.0118443
-0.0882,0,0
-0.0878,0,0
-0.0874,0,0
-0.087,0,0
-0.0866,0,0
-0.0862,0,0
-0.0858,0,0
-0.0854,0,0
-0.085,0,0
-0.0846,0,0
-0.0842,0,0
-0.0838,0,0
-0.0834,0,0
-0.083,0,0
-0.0826,0,0
-0.0822,0.0126668,0.0126905
-0.0818,0,0
-0.0814,0.00227439,0.00550022
-0.081,0.0119105,0.0119314
-0.0806,0.0129496,0.0129743
-0.0802,0,0
-0.0798,0,0
-0.0794,0,0
-0.079,0,0
-0.0786,0,0
-0.0782,0,0
-0.0778,0,0
-0.0774,0,0
-0.077,0,0
-0.0766,0,0
-0.0762,0,0
-0.0758,0,0
-0.0754,0,0
-0.075,0,0
-0.0746,0.012038,0.0120593
-0.0742,0,0
-0.0738,0,0
-0.0734,0,0
-0.073,0,0
-0.0726,0,0
-0.0722,0,0
-0.0718,0,0
-0.0714,0,0
-0.071,0,0
-0.0706,0,0
-0.0702,0,0
-0.0698,0,0
-0.0694,0,0
-0.069,0.0137582,0.0137859
-0.0686,0,0
-0.0682,0,0
-0.0678,0,0
-0.0674,0,0
-0.067,0,0
-0.0666,0,0
-0.0662,0,0
-0.0658,0.0134646,0.0134912
-0.0654,0,0
-0.065,0,0
-0.0646,0,0
-0.0642,0,0
-0.0638,0.00672675,0.00999652
-0.0634,0,0
-0.063,0,0
-0.0626,0,0
-0.0622,0,0
-0.0618,0,0
-0.0614,0,0
-0.061,0,0
-0.0606,0,0
-0.0602,0.0124059,0.0124284
-0.0598,0,0
-0.0594,0,0
-0.059,0,0
-0.0586,0.0117652,0.0117854
-0.0582,0,0
-0.0578,0,0
-0.0574,0,0
-0.057,0,0
-0.0566,0,0
-0.0562,0,0
-0.0558,0,0
-0.0554,0,0
-0.055,0,0
-0.0546,0,0
-0.0542,0,0
-0.0538,0,0
-0.0534,0,0
-0.053,0,0
-0.0526,0.0138451,0.013873
-0.0522,0,0
-0.0518,0,0
-0.0514,0,0
-0.051,0,0
-0.0506,0,0
-0.0502,0.0130412,0.013066
-0.0498,0,0
-0.0494,0,0
-0.049,0,0
-0.0486,0,0
-0.0482,0,0
-0.0478,0,0
-0.0474,0,0
-0.047,0.012654,0.0126772
-0.0466,0,0
-0.0462,0,0
-0.0458,0,0
-0.0454,0,0
-0.045,0,0
-0.0446,0,0
-0.0442,0.00903531,0.011128
-0.0438,0,0
-0.0434,0,0
-0.043,0,0
-0.0426,0,0
-0.0422,0,0
-0.0418,0,0
-0.0414,0,0
-0.041,0,0
-0.0406,0.0119387,0.0119593
-0.0402,0,0
-0.0398,0,0
-0.0394,0,0
-0.039,0,0
-0.0386,0,0
-0.0382,0.0127633,0.0127869
-0.0378,0,0
-0.0374,0,0
-0.037,0.0126539,0.0126771
-0.0366,0,0
-0.0362,0,0
-0.0358,0,0
-0.0354,0.0124124,0.0124346
-0.035,0,0
-0.0346,0,0
-0.0342,0.0130757,0.0131003
-0.0338,0,0
-0.0334,0,0
-0.033,0.0122501,0.0122717
-0.0326,0.0244082,0.0172898
-0.0322,0,0
-0.0318,0,0
-0.0314,0,0
-0.031,0,0
-0.0306,0,0
-0.0302,0,0
-0.0298,0,0
-0.0294,0.00900996,0.0108179
-0.029,0,0
-0.0286,0,0
-0.0282,0,0
-0.0278,0,0
-0.0274,0,0
-0.027,0.0132674,0.0132928
-0.0266,0.0129814,0.0130057
-0.0262,0,0
-0.0258,0,0
-0.0254,0,0
-0.025,0,0
-0.0246,0,0
-0.0242,0.0137115,0.0137385
-0.0238,0,0
-0.0234,0.0136933,0.0137202
-0.023,0,0
-0.0226,0,0
-0.0222,0,0
-0.0218,0.013523,0.0135492
-0.0214,0,0
-0.021,0,0
-0.0206,0,0
-0.0202,0,0
-0.0198,0.012997,0.0130212
-0.0194,0.0124603,0.0124826
-0.019,0,0
-0.0186,0.0131411,0.0131658
-0.0182,0,0
-0.0178,0,0
-0.0174,0.0115362,0.0115552
-0.017,0.0116836,0.0117031
-0.0166,0,0
-0.0162,0.0131479,0.0131726
-0.0158,0,0
-0.0154,0.0222045,0.0171523
-0.015,0,0
-0.0146,0.0125913,0.0126139
-0.0142,0,0
-0.0138,0,0
-0.0134,0,0
-0.013,0.0121103,0.0121313
-0.0126,0.000417884,0.00228821
-0.0122,0.0127271,0.0127503
-0.0118,0.0128026,0.012826
-0.0114,0.012134,0.012155
-0.011,0.00259521,0.00580431
-0.0106,0,0
-0.0102,0,0
-0.0098,0,0
-0.0094,0.0120893,0.0121102
-0.009,0,0
-0.0086,0,0
-0.0082,0.0127198,0.0127428
-0.0078,0.0151381,0.0136676
-0.0074,0,0
-0.007,0.0256771,0.0181917
-0.0066,0,0
-0.0062,0.0133879,0.0134135
-0.0058,0.0183535,0.0153368
-0.0054,0.0132067,0.0132316
-0.005,0.0740389,0.0308126
-0.0046,0.0353697,0.0204552
-0.0042,0.0530399,0.0252652
-0.0038,0.0765264,0.0320712
-0.0034,0.0848565,0.0339488
-0.003,0.228156,0.0552493
-0.0026,0.379934,0.0735235
-0.0022,0.574611,0.085979
-0.0018,0.968056,0.109445
-0.0014,1.87293,0.153748
-0.001,3.00188,0.19752
-0.0006,4.11917,0.236289
-0.0002,4.67661,0.250402
0.0002,3.65885,0.214672
0.0006,2.81626,0.18103
0.001,1.81491,0.151519
0.0014,0.995356,0.115461
0.0018,0.503685,0.0782145
0.0022,0.232643,0.0544635
0.0026,0.0380013,0.0219799
0.003,0.0839327,0.032827
0.0034,0,0
0.0038,0.0318024,0.0199628
0.0042,0.0115197,0.0115385
0.0046,0,0
0.005,0,0
0.0054,0,0
0.0058,0.0261712,0.0185402
0.0062,0.0131037,0.013128
0.0066,0,0
0.007,0.0136529,0.0137407
0.0074,0.0126201,0.0126427
0.0078,0.0125024,0.0125245
0.0082,0.0125049,0.012527
0.0086,0.0261071,0.0185064
0.009,0.00365959,0.00697008
0.0094,0,0
0.0098,0,0
0.0102,0,0
0.0106,0.0130847,0.0131088
0.011,0,0
0.0114,0,0
0.0118,0,0
0.0122,0.00857984,0.0103309
0.0126,0,0
0.013,0.0125958,0.0126182
0.0134,0.0129561,0.0129798
0.0138,0.0385575,0.022343
0.0142,0.0139569,0.0139844
0.0146,0.0127983,0.0128213
0.015,0,0
0.0154,0.0135529,0.0135788
0.0158,0,0
0.0162,0,0
0.0166,0,0
0.017,0,0
0.0174,0,0
0.0178,0,0
0.0182,0.0133668,0.013392
0.0186,0.00219179,0.00562222
0.019,0,0
0.0194,0,0
0.0198,0,0
0.0202,0.0017401,0.0048525
0.0206,0,0
0.021,0,0
0.0214,0,0
0.0218,0,0
0.0222,0,0
0.0226,0,0
0.023,0,0
0.0234,0,0
0.0238,0,0
0.0242,0,0
0.0246,0,0
0.025,0,0
0.0254,0.0133136,0.0135022
0.0258,0,0
0.0262,0,0
0.0266,0,0
0.027,0,0
0.0274,0,0
0.0278,0,0
0.0282,0.0124817,0.0125035
0.0286,0,0
0.029,0.0131402,0.0131643
0.0294,0,0
0.0298,0,0
0.0302,0,0
0.0306,0.0124023,0.0124238
0.031,0,0
0.0314,0.0133106,0.0133353
0.0318,0,0
0.0322,0,0
0.0326,0,0
0.033,0,0
0.0334,0,0
0.0338,0,0
0.0342,0,0
0.0346,0,0
0.035,0,0
0.0354,0.0135279,0.0135534
0.0358,0,0
0.0362,0,0
0.0366,0,0
0.037,0,0
0.0374,0,0
0.0378,0,0
0.0382,0,0
0.0386,0,0
0.039,0,0
0.0394,0,0
0.0398,0,0
0.0402,0,0
0.0406,0.00269767,0.0059247
0.041,0,0
0.0414,0,0
0.0418,0,0
0.0422,0,0
0.0426,0,0
0.043,0,0
0.0434,0,0
0.0438,0,0
0.0442,0,0
0.0446,0,0
0.045,0,0
0.0454,0,0
0.0458,0,0
0.0462,0,0
0.0466,0.0122524,0.0122732
0.047,0,0
0.0474,0.0127298,0.0127523
0.0478,0,0
0.0482,0.0137883,0.0138146
0.0486,0,0
0.049,0.00290234,0.00616656
0.0494,0,0
0.0498,0,0
0.0502,0,0
0.0506,0,0
0.051,0,0
0.0514,0,0
0.0518,0,0
0.0522,0.00396872,0.00728798
0.0526,0,0
0.053,0,0
0.0534,0,0
0.0538,0,0
0.0542,0,0
0.0546,0,0
0.055,0,0
0.0554,0.0127541,0.0127765
0.0558,0,0
0.0562,0,0
0.0566,0,0
0.057,0,0
0.0574,0,0
0.0578,0,0
0.0582,0,0
0.0586,0,0
0.059,0.00418458,0.00744118
0.0594,0,0
0.0598,0.00981145,0.0109979
0.0602,0,0
0.0606,0.0273755,0.019394
0.061,0,0
0.0614,0,0
0.0618,0,0
0.0622,0.0131439,0.0131676
0.0626,0,0
0.063,0,0
0.0634,0.0116783,0.0116971
0.0638,0,0
0.0642,0,0
0.0646,0,0
0.065,0,0
0.0654,0,0
0.0658,0,0
0.0662,0,0
0.0666,0,0
0.067,0,0
0.0674,0,0
0.0678,0,0
0.0682,0,0
0.0686,0,0
0.069,0,0
0.0694,0,0
0.0698,0,0
0.0702,0,0
0.0706,0,0
0.071,0,0
0.0714,0,0
0.0718,0,0
0.0722,0,0
0.0726,0,0
0.073,0,0
0.0734,0,0
0.0738,0,0
0.0742,0,0
0.0746,0,0
0.075,0,0
0.0754,0,0
0.0758,0,0
0.0762,0,0
0.0766,0,0
0.077,0,0
0.0774,0,0
0.0778,0,0
0.0782,0,0
0.0786,0,0
0.079,0,0
0.0794,0,0
0.0798,0,0
0.0802,0,0
0.0806,0,0
0.081,0,0
0.0814,0,0
0.0818,0,0
0.0822,0,0
0.0826,0.0125562,0.0125776
0.083,0,0
0.0834,0,0
0.0838,0,0
0.0842,0,0
0.0846,0,0
0.085,0,0
0.0854,0,0
0.0858,0,0
0.0862,0.0127844,0.0128066
0.0866,0,0
0.087,0,0
0.0874,0.0129594,0.0129822
0.0878,0,0
0.0882,0,0
0.0886,0,0
0.089,0,0
0.0894,0,0
0.0898,0,0
0.0902,0,0
0.0906,0.0128168,0.012839
0.091,0,0
0.0914,0.0126198,0.0126413
0.0918,0,0
0.0922,0,0
0.0926,0,0
0.093,0,0
0.0934,0,0
0.0938,0,0
0.0942,0.0142636,0.014291
0.0946,0,0
0.095,0,0
0.0954,0,0
0.0958,0,0
0.0962,0,0
0.0966,0,0
0.097,0,0
0.0974,0,0
0.0978,0,0
0.0982,0,0
0.0986,0,0
0.099,0,0
0.0994,0,0
0.0998,0,0
0.1002,0,0
0.1006,0,0
0.101,0.0114082,0.0132591
0.1014,0,0
0.1018,0,0
0.1022,0,0
0.1026,0,0
0.103,0,0
0.1034,0,0
0.1038,0,0
0.1042,0,0
0.1046,0.0164161,0.0164523
0.105,0,0
0.1054,0.0164781,0.0165145
0.1058,0.0178161,0.0178587
0.1062,0,0
0.1066,0,0
0.107,0.0169964,0.0170351
0.1074,0.0164051,0.0164412
0.1078,0,0
0.1082,0,0
0.1086,0,0
0.109,0,0
0.1094,0,0
0.1098,0,0
0.1102,0,0
0.1106,0.021026,0.0210851
0.111,0,0
0.1114,0,0
0.1118,0,0
0.1122,0,0
0.1126,0,0
0.113,0.0197908,0.0198432
0.1134,0,0
0.1138,0,0
0.1142,0,0
0.1146,0,0
0.115,0,0
0.1154,0,0
0.1158,0,0
0.1162,0,0
0.1166,0,0
0.117,0,0
0.1174,0,0
0.1178,0,0
0.1182,0,0
0.1186,0,0
0.119,0,0
0.1194,0,0
0.1198,0,0
2
-0.1198,0,0
-0.1194,0,0
-0.119,0,0
-0.1186,0,0
-0.1182,0,0
-0.1178,0,0
-0.1174,0.006773,0.00678768
-0.117,0,0
-0.1166,0.00620023,0.00621254
-0.1162,0,0
-0.1158,0,0
-0.1154,0,0
-0.115,0,0
-0.1146,0,0
-0.1142,0.00622019,0.00623256
-0.1138,0.00622081,0.00623318
-0.1134,0,0
-0.113,0,0
-0.1126,0,0
-0.1122,0,0
-0.1118,0,0
-0.1114,0,0
-0.111,0,0
-0.1106,0,0
-0.1102,0,0
-0.1098,0,0
-0.1094,0,0
-0.109,0,0
-0.1086,0,0
-0.1082,0,0
-0.1078,0,0
-0.1074,0,0
-0.107,0,0
-0.1066,0,0
-0.1062,0,0
-0.1058,0,0
-0.1054,0,0
-0.105,0,0
-0.1046,0,0
-0.1042,0,0
-0.1038,0,0
-0.1034,0,0
-0.103,0.00561001,0.00562005
-0.1026,0,0
-0.1022,0,0
-0.1018,0,0
-0.1014,0,0
-0.101,0,0
-0.1006,0,0
-0.1002,0,0
-0.0998,0,0
-0.0994,0,0
-0.099,0,0
-0.0986,0,0
-0.0982,0.00291217,0.00424042
-0.0978,0,0
-0.0974,0,0
-0.097,0,0
-0.0966,0,0
-0.0962,0.006125,0.00613695
-0.0958,0,0
-0.0954,0,0
-0.095,0,0
-0.0946,0,0
-0.0942,0.000374879,0.00154436
-0.0938,0,0
-0.0934,0,0
-0.093,0,0
-0.0926,0,0
-0.0922,0,0
-0.0918,0,0
-0.0914,0,0
-0.091,0,0
-0.0906,0,0
-0.0902,0,0
-0.0898,0,0
-0.0894,0.00568454,0.00569482
-0.089,0,0
-0.0886,0.00549366,0.00550326
-0.0882,0,0
-0.0878,0,0
-0.0874,0,0
-0.087,0,0
-0.0866,0,0
-0.0862,0,0
-0.0858,0,0
-0.0854,0,0
-0.085,0,0
-0.0846,0,0
-0.0842,0,0
-0.0838,0,0
-0.0834,0,0
-0.083,0.0126981,0.00899704
-0.0826,0,0
-0.0822,0,0
-0.0818,0.00614525,0.00615724
-0.0814,0.00509068,0.00560425
-0.081,0,0
-0.0806,0,0
-0.0802,0,0
-0.0798,0,0
-0.0794,0,0
-0.079,0,0
-0.0786,0,0
-0.0782,0,0
-0.0778,0.00596265,0.00597393
-0.0774,0,0
-0.077,0,0
-0.0766,0,0
-0.0762,0.00297999,0.00429107
-0.0758,0,0
-0.0754,0,0
-0.075,0.0053464,0.00535547
-0.0746,0,0
-0.0742,0.00596055,0.00597182
-0.0738,0.00550967,0.00551929
-0.0734,0,0
-0.073,0,0
-0.0726,0.00619394,0.00620609
-0.0722,0,0
-0.0718,0,0
-0.0714,0,0
-0.071,0,0
-0.0706,0,0
-0.0702,0,0
-0.0698,0,0
-0.0694,0,0
-0.069,0,0
-0.0686,0,0
-0.0682,0,0
-0.0678,0,0
-0.0674,0.00575085,0.00576132
-0.067,0,0
-0.0666,0.00603917,0.00605072
-0.0662,0,0
-0.0658,0,0
-0.0654,0,0
-0.065,0,0
-0.0646,0,0
-0.0642,0,0
-0.0638,0.0037256,0.00505639
-0.0634,0,0
-0.063,0,0
-0.0626,0,0
-0.0622,0.0059381,0.00594925
-0.0618,0,0
-0.0614,0,0
-0.061,0,0
-0.0606,0.00572536,0.00573572
-0.0602,0,0
-0.0598,0.00546643,0.00547587
-0.0594,0,0
-0.059,0,0
-0.0586,0,0
-0.0582,0,0
-0.0578,0,0
-0.0574,0.0058421,0.00585288
-0.057,0.00651602,0.00652942
-0.0566,0,0
-0.0562,0,0
-0.0558,0,0
-0.0554,0,0
-0.055,0.0123477,0.0087482
-0.0546,0.00637958,0.00639242
-0.0542,0,0
-0.0538,0,0
-0.0534,0,0
-0.053,0,0
-0.0526,0,0
-0.0522,0.00586503,0.00587588
-0.0518,0,0
-0.0514,0,0
-0.051,0,0
-0.0506,0,0
-0.0502,0,0
-0.0498,0,0
-0.0494,0.0121361,0.00859815
-0.049,0,0
-0.0486,0.00604165,0.00605316
-0.0482,0,0
-0.0478,0,0
-0.0474,0,0
-0.047,0,0
-0.0466,0,0
-0.0462,0,0
-0.0458,0,0
-0.0454,0,0
-0.045,0,0
-0.0446,0,0
-0.0442,0,0
-0.0438,0,0
-0.0434,0,0
-0.043,0,0
-0.0426,0,0
-0.0422,0.00582001,0.00583067
-0.0418,0,0
-0.0414,0,0
-0.041,0,0
-0.0406,0.00548519,0.00549466
-0.0402,0,0
-0.0398,0,0
-0.0394,0,0
-0.039,0,0
-0.0386,0,0
-0.0382,0,0
-0.0378,0.00586147,0.00587227
-0.0374,0.00580875,0.00581936
-0.037,0,0
-0.0366,0,0
-0.0362,0,0
-0.0358,0,0
-0.0354,0,0
-0.035,0,0
-0.0346,0,0
-0.0342,0,0
-0.0338,0,0
-0.0334,0.00569999,0.00571019
-0.033,0,0
-0.0326,0,0
-0.0322,0,0
-0.0318,0,0
-0.0314,0.00585983,0.00587061
-0.031,0,0
-0.0306,0,0
-0.0302,0,0
-0.0298,0,0
-0.0294,0,0
-0.029,0,0
-0.0286,0,0
-0.0282,0,0
-0.0278,0,0
-0.0274,0.00409612,0.00486445
-0.027,0.00207199,0.00359426
-0.0266,0.00594523,0.00595631
-0.0262,0.00606963,0.00608118
-0.0258,0,0
-0.0254,0,0
-0.025,0,0
-0.0246,0,0
-0.0242,0.0056238,0.00563371
-0.0238,0.00627646,0.0062888
-0.0234,0,0
-0.023,0.00611204,0.00612374
-0.0226,0,0
-0.0222,0.0186178,0.0107703
-0.0218,0,0
-0.0214,0,0
-0.021,0,0
-0.0206,0,0
-0.0202,0,0
-0.0198,0.00594223,0.00595329
-0.0194,0.00654325,0.00655665
-0.019,0,0
-0.0186,0,0
-0.0182,0,0
-0.0178,0.00564089,0.00565085
-0.0174,0.00527072,0.00527942
-0.017,0.00533755,0.00534647
-0.0166,0,0
-0.0162,0,0
-0.0158,0.00642931,0.00644224
-0.0154,0,0
-0.015,0,0
-0.0146,0,0
-0.0142,0.0057451,0.00575542
-0.0138,0.00504569,0.00547228
-0.0134,0.00597773,0.0059889
-0.013,0.0169201,0.0097901
-0.0126,0.007881,0.00671257
-0.0122,0.00580665,0.00581719
-0.0118,0.00577986,0.0057903
-0.0114,0.00584121,0.00585188
-0.011,0.0102511,0.00765958
-0.0106,0.00213466,0.00349785
-0.0102,0.00560323,0.00561304
-0.0098,0.00413734,0.00493592
-0.0094,0.00543461,0.00544384
-0.009,0.00541242,0.00542157
-0.0086,0.00575564,0.00576599
-0.0082,0.00529392,0.00530268
-0.0078,0.00406662,0.00464779
-0.0074,0,0
-0.007,0.0130949,0.00871908
-0.0066,0.00307463,0.00426235
-0.0062,0.0179218,0.010371
-0.0058,0.0319226,0.0135998
-0.0054,0.00585496,0.00586566
-0.005,0.0187395,0.0104911
-0.0046,0.0213998,0.010718
-0.0042,0.0347774,0.0135945
-0.0038,0.0360336,0.0147406
-0.0034,0.071826,0.0210162
-0.003,0.0783941,0.0218445
-0.0026,0.15007,0.0311043
-0.0022,0.175504,0.0320595
-0.0018,0.407895,0.0479177
-0.0014,0.587168,0.0582079
-0.001,0.855978,0.0711011
-0.0006,1.49057,0.0956277
-0.0002,1.59762,0.0985582
0.0002,1.42855,0.0906393
0.0006,1.13146,0.0773194
0.001,0.999451,0.0756461
0.0014,0.53371,0.0569666
0.0018,0.247978,0.0370954
0.0022,0.130945,0.0275437
0.0026,0.0524685,0.0173919
0.003,0.0259314,0.0123365
0.0034,0.0235924,0.011818
0.0038,0.0365994,0.0144332
0.0042,0.0193595,0.0107002
0.0046,0.0117881,0.00835078
0.005,0.0219993,0.0114711
0.0054,0,0
0.0058,0.0237309,0.0118875
0.0062,0.0119024,0.00843191
0.0066,0.00552812,0.00553763
0.007,0.00630633,0.0062907
0.0074,0.00272333,0.00395585
0.0078,0,0
0.0082,0.00567186,0.00568187
0.0086,0.00570926,0.00571941
0.009,0.0223295,0.0115938
0.0094,0.0127819,0.00905618
0.0098,0.0120959,0.00857003
0.0102,0.00592977,0.0059407
0.0106,0.012019,0.0085146
0.011,0.01202,0.00851534
0.0114,0.00572691,0.00573711
0.0118,0.00389328,0.00479026
0.0122,0.0178635,0.0101465
0.0126,0.00561542,0.00562523
0.013,0.00570379,0.00571391
0.0134,0,0
0.0138,0,0
0.0142,0.0118239,0.00839601
0.0146,0.00550603,0.00551546
0.015,0,0
0.0154,0.0127141,0.00900803
0.0158,0,0
0.0162,0.0116491,0.00825207
0.0166,0.00577991,0.00579029
0.017,0.0097033,0.00757828
0.0174,0.0060618,0.00607321
0.0178,0,0
0.0182,0,0
0.0186,0.00550208,0.00598901
0.019,0.00649321,0.0065063
0.0194,0.00564139,0.00565127
0.0198,0,0
0.0202,0.00530443,0.00569469
0.0206,0,0
0.021,0,0
0.0214,0.00610082,0.00611238
0.0218,0,0
0.0222,0,0
0.0226,0,0
0.023,0,0
0.0234,0.00594641,0.00595738
0.0238,0,0
0.0242,0,0
0.0246,0.00614301,0.00615471
0.025,0,0
0.0254,0,0
0.0258,0,0
0.0262,0,0
0.0266,0.00834095,0.00708751
0.027,0,0
0.0274,0.00585085,0.00586146
0.0278,0,0
0.0282,8.61342e-05,0.000705595
0.0286,0,0
0.029,0,0
0.0294,0.00639077,0.00640342
0.0298,0,0
0.0302,0.00549506,0.00568093
0.0306,0.0106918,0.00774036
0.031,0,0
0.0314,0.00586984,0.00588051
0.0318,0,0
0.0322,0,0
0.0326,0.0124351,0.00880992
0.033,0,0
0.0334,0,0
0.0338,0,0
0.0342,0.00529211,0.00530078
0.0346,0,0
0.035,0.00608154,0.00609299
0.0354,0.00608196,0.00609341
0.0358,0,0
0.0362,0,0
0.0366,0.00586937,0.00588003
0.037,0,0
0.0374,0.00540205,0.00541108
0.0378,0.00624017,0.00625221
0.0382,0,0
0.0386,0,0
0.039,0,0
0.0394,0,0
0.0398,0,0
0.0402,0,0
0.0406,0.0104304,0.00780586
0.041,0.00603242,0.00604367
0.0414,0,0
0.0418,0,0
0.0422,0.00605293,0.00606425
0.0426,0,0
0.043,0,0
0.0434,0,0
0.0438,0,0
0.0442,0,0
0.0446,0.00344689,0.0045189
0.045,0,0
0.0454,0.00241305,0.00367426
0.0458,0,0
0.0462,0,0
0.0466,0,0
0.047,0.00185739,0.00326999
0.0474,0,0
0.0478,0,0
0.0482,0,0
0.0486,0.00554833,0.00555783
0.049,0.00454803,0.0051666
0.0494,0,0
0.0498,0,0
0.0502,0,0
0.0506,0,0
0.051,0,0
0.0514,0.0122755,0.00870173
0.0518,0,0
0.0522,0.00419212,0.0050113
0.0526,0,0
0.053,0.00541107,0.0054201
0.0534,0,0
0.0538,0.00617476,0.0061865
0.0542,0,0
0.0546,0,0
0.055,0,0
0.0554,0,0
0.0558,0.00605599,0.00606728
0.0562,0,0
0.0566,0.00625765,0.00626971
0.057,0,0
0.0574,0,0
0.0578,0.00297048,0.00431191
0.0582,0.0156202,0.00962964
0.0586,0,0
0.059,0.0100968,0.0077991
0.0594,0,0
0.0598,0.00110543,0.00246718
0.0602,0,0
0.0606,0,0
0.061,0.00578183,0.00579212
0.0614,0,0
0.0618,0,0
0.0622,0,0
0.0626,0,0
0.063,0,0
0.0634,0.00521072,0.00521907
0.0638,0.00557316,0.00558271
0.0642,0.00567721,0.00568712
0.0646,0,0
0.065,0,0
0.0654,0,0
0.0658,0,0
0.0662,0,0
0.0666,0.00550463,0.00551394
0.067,0,0
0.0674,0,0
0.0678,0,0
0.0682,0.00567457,0.00568446
0.0686,0,0
0.069,0.00550974,0.00551906
0.0694,0,0
0.0698,0,0
0.0702,0.00570074,0.00571072
0.0706,0,0
0.071,0,0
0.0714,0,0
0.0718,0.00592849,0.00593927
0.0722,0,0
0.0726,0,0
0.073,0,0
0.0734,0.0111193,0.00787931
0.0738,0,0
0.0742,0,0
0.0746,0,0
0.075,0,0
0.0754,0,0
0.0758,0.0061812,0.0061929
0.0762,0,0
0.0766,0,0
0.077,0,0
0.0774,0,0
0.0778,0,0
0.0782,0,0
0.0786,0,0
0.079,0,0
0.0794,0,0
0.0798,0.00522906,0.00523743
0.0802,0.00628676,0.00629886
0.0806,0,0
0.081,0,0
0.0814,0,0
0.0818,0,0
0.0822,0,0
0.0826,0,0
0.083,0.00589312,0.00590375
0.0834,0.00589351,0.00590414
0.0838,0,0
0.0842,0.00566802,0.00567785
0.0846,0,0
0.085,0,0
0.0854,0,0
0.0858,0,0
0.0862,0,0
0.0866,0,0
0.087,0,0
0.0874,0,0
0.0878,0,0
0.0882,0,0
0.0886,0,0
0.089,0,0
0.0894,0,0
0.0898,0,0
0.0902,0.00606516,0.0060764
0.0906,0,0
0.091,0,0
0.0914,0.00615268,0.00616424
0.0918,0,0
0.0922,0.00561312,0.00562274
0.0926,0,0
0.093,0,0
0.0934,0,0
0.0938,0,0
0.0942,0,0
0.0946,0,0
0.095,0,0
0.0954,0,0
0.0958,0,0
0.0962,0.00602246,0.00603352
0.0966,0,0
0.097,0,0
0.0974,0.00626027,0.00627221
0.0978,0,0
0.0982,0,0
0.0986,0,0
0.099,0,0
0.0994,0,0
0.0998,0,0
0.1002,0,0
0.1006,0,0
0.101,0.00173834,0.00343846
0.1014,0,0
0.1018,0,0
0.1022,0,0
0.1026,0,0
0.103,0,0
0.1034,0,0
0.1038,0,0
0.1042,0,0
0.1046,0.00723851,0.00725445
0.105,0,0
0.1054,0,0
0.1058,0,0
0.1062,0,0
0.1066,0,0
0.107,0,0
0.1074,0,0
0.1078,0.00692529,0.00720393
0.1082,0.00700781,0.00702273
0.1086,0,0
0.109,0,0
0.1094,0,0
0.1098,0,0
0.1102,0,0
0.1106,0,0
0.111,0,0
0.1114,0,0
0.1118,0,0
0.1122,0.00887852,0.00890244
0.1126,0,0
0.113,0,0
0.1134,0.00894937,0.00897367
0.1138,0,0
0.1142,0,0
0.1146,0,0
0.115,0,0
0.1154,0,0
0.1158,0.0216268,0.015397
0.1162,0,0
0.1166,0,0
0.117,0,0
0.1174,0,0
0.1178,0.00948932,0.0095166
0.1182,0,0
0.1186,0,0
0.119,0,0
0.1194,0,0
0.1198,0,0
3
-0.1198,0,0
-0.1194,0,0
-0.119,0,0
-0.1186,0,0
-0.1182,0,0
-0.1178,0,0
-0.1174,0,0
-0.117,0,0
-0.1166,0.00104315,0.00263692
-0.1162,0,0
-0.1158,0,0
-0.1154,0,0
-0.115,0,0
-0.1146,0.00344282,0.00447494
-0.1142,0,0
-0.1138,0,0
-0.1134,0,0
-0.113,0,0
-0.1126,0,0
-0.1122,0,0
-0.1118,0,0
-0.1114,0,0
-0.111,0,0
-0.1106,0,0
-0.1102,0,0
-0.1098,0,0
-0.1094,0,0
-0.109,0,0
-0.1086,0,0
-0.1082,0.005996,0.006007
-0.1078,0,0
-0.1074,0,0
-0.107,0,0
-0.1066,0,0
-0.1062,0,0
-0.1058,0,0
-0.1054,0.00637026,0.00645524
-0.105,0.00573208,0.00574213
-0.1046,0,0
-0.1042,0,0
-0.1038,0,0
-0.1034,0,0
-0.103,0,0
-0.1026,0,0
-0.1022,0,0
-0.1018,0,0
-0.1014,0,0
-0.101,0,0
-0.1006,0.00627421,0.00628622
-0.1002,0,0
-0.0998,0.00601916,0.00618173
-0.0994,0,0
-0.099,0,0
-0.0986,0.00641997,0.00643253
-0.0982,0,0
-0.0978,0,0
-0.0974,0,0
-0.097,0.0062329,0.00624474
-0.0966,0,0
-0.0962,0,0
-0.0958,0,0
-0.0954,0,0
-0.095,0,0
-0.0946,0.0124775,0.00884691
-0.0942,0,0
-0.0938,0,0
-0.0934,0,0
-0.093,0.00603386,0.00604494
-0.0926,0,0
-0.0922,0,0
-0.0918,0,0
-0.0914,0,0
-0.091,0,0
-0.0906,0,0
-0.0902,0,0
-0.0898,0,0
-0.0894,0.00551955,0.00552881
-0.089,0,0
-0.0886,0.00233058,0.00380508
-0.0882,0,0
-0.0878,0,0
-0.0874,0,0
-0.087,0,0
-0.0866,0,0
-0.0862,0,0
-0.0858,0,0
-0.0854,0.00665543,0.00666886
-0.085,0,0
-0.0846,0,0
-0.0842,0,0
-0.0838,0.0063153,0.00632738
-0.0834,0,0
-0.083,0,0
-0.0826,0,0
-0.0822,0.00616453,0.00617603
-0.0818,0,0
-0.0814,0,0
-0.081,0,0
-0.0806,0,0
-0.0802,0,0
-0.0798,0,0
-0.0794,0.00636684,0.00637909
-0.079,0,0
-0.0786,0,0
-0.0782,0,0
-0.0778,0,0
-0.0774,0,0
-0.077,0,0
-0.0766,0,0
-0.0762,0.00333585,0.00465367
-0.0758,0,0
-0.0754,0,0
-0.075,0,0
-0.0746,0.00586033,0.00587069
-0.0742,0,0
-0.0738,0.0057926,0.00580272
-0.0734,0,0
-0.073,0,0
-0.0726,0,0
-0.0722,0,0
-0.0718,0,0
-0.0714,0,0
-0.071,0,0
-0.0706,0,0
-0.0702,0,0
-0.0698,0,0
-0.0694,0,0
-0.069,0,0
-0.0686,0,0
-0.0682,0,0
-0.0678,0.00610579,0.006117
-0.0674,0,0
-0.067,0,0
-0.0666,0,0
-0.0662,0.00677785,0.00679165
-0.0658,0.00677902,0.00679282
-0.0654,0,0
-0.065,0,0
-0.0646,0,0
-0.0642,0.00306797,0.00461101
-0.0638,0,0
-0.0634,0,0
-0.063,0,0
-0.0626,0.0060382,0.00604914
-0.0622,0,0
-0.0618,0,0
-0.0614,0,0
-0.061,0,0
-0.0606,0.00045616,0.00173405
-0.0602,0,0
-0.0598,0.0057685,0.00577847
-0.0594,0,0
-0.059,0.00536129,0.00566822
-0.0586,0.00618533,0.00619678
-0.0582,0.00608059,0.00609166
-0.0578,0,0
-0.0574,0,0
-0.057,0,0
-0.0566,0.00617993,0.00619135
-0.0562,0.00643311,0.00644548
-0.0558,0.00616137,0.00617272
-0.0554,0,0
-0.055,0.00652258,0.00653529
-0.0546,0.0127622,0.00905592
-0.0542,0.00831695,0.00713746
-0.0538,0.0129353,0.00916987
-0.0534,0,0
-0.053,0,0
-0.0526,0,0
-0.0522,0,0
-0.0518,0,0
-0.0514,0,0
-0.051,0,0
-0.0506,0,0
-0.0502,0,0
-0.0498,0,0
-0.0494,0,0
-0.049,0,0
-0.0486,0,0
-0.0482,0,0
-0.0478,0,0
-0.0474,0,0
-0.047,0,0
-0.0466,0,0
-0.0462,0,0
-0.0458,0.00603804,0.00604888
-0.0454,0,0
-0.045,0,0
-0.0446,0,0
-0.0442,0,0
-0.0438,0,0
-0.0434,0.00614287,0.00615408
-0.043,0,0
-0.0426,0,0
-0.0422,0,0
-0.0418,0,0
-0.0414,0,0
-0.041,0,0
-0.0406,0,0
-0.0402,0,0
-0.0398,0,0
-0.0394,0,0
-0.039,0.00573867,0.00574844
-0.0386,0,0
-0.0382,0,0
-0.0378,0,0
-0.0374,0.00442225,0.00506721
-0.037,0.0123485,0.00874775
-0.0366,0,0
-0.0362,0.00680283,0.00681653
-0.0358,0,0
-0.0354,0,0
-0.035,0,0
-0.0346,0.00609912,0.00611013
-0.0342,0,0
-0.0338,0,0
-0.0334,0.00605284,0.00606368
-0.033,0.0064403,0.00645256
-0.0326,0.000984345,0.00241851
-0.0322,0,0
-0.0318,0,0
-0.0314,0.00631567,0.00632746
-0.031,0,0
-0.0306,0,0
-0.0302,0.00588789,0.00589813
-0.0298,0.00599757,0.0060082
-0.0294,0,0
-0.029,0,0
-0.0286,0.00629266,0.00630435
-0.0282,0.019007,0.0109942
-0.0278,0,0
-0.0274,0.00176513,0.00329285
-0.027,0.0110059,0.00854246
-0.0266,0,0
-0.0262,0,0
-0.0258,0.00639053,0.00640257
-0.0254,0.00600249,0.00601311
-0.025,0,0
-0.0246,0,0
-0.0242,0,0
-0.0238,0,0
-0.0234,0.00630112,0.00631281
-0.023,0,0
-0.0226,0.00653158,0.00654414
-0.0222,0,0
-0.0218,0.00658632,0.00659908
-0.0214,0,0
-0.021,0.00604688,0.00605764
-0.0206,0.00818853,0.00718711
-0.0202,0,0
-0.0198,0,0
-0.0194,0.00606828,0.0060791
-0.019,0.0133706,0.0094818
-0.0186,0,0
-0.0182,0.00631073,0.00632243
-0.0178,0.00601166,0.00602228
-0.0174,0,0
-0.017,0.00568973,0.00569924
-0.0166,0,0
-0.0162,0.00730371,0.00700867
-0.0158,0.00303938,0.00457377
-0.0154,0,0
-0.015,0,0
-0.0146,0,0
-0.0142,0.0061277,0.00613871
-0.0138,0.0135394,0.00925806
-0.0134,0.0127536,0.009035
-0.013,0,0
-0.0126,0.00962334,0.00766186
-0.0122,0.00619593,0.00620718
-0.0118,0.0185032,0.0107022
-0.0114,0,0
-0.011,0,0
-0.0106,0.0101147,0.00794707
-0.0102,0.00847967,0.00713409
-0.0098,0.00810989,0.00714011
-0.0094,0.00353602,0.00456927
-0.009,0.00577887,0.00578864
-0.0086,0.00614589,0.00615694
-0.0082,0.0123814,0.00877084
-0.0078,0.0117107,0.00829986
-0.0074,0,0
-0.007,0.0108229,0.00823009
-0.0066,0.00929344,0.00765904
-0.0062,0.0258354,0.0129437
-0.0058,0.0311969,0.0139332
-0.0054,0.0317926,0.0142459
-0.005,0.0332463,0.0143494
-0.0046,0.0212344,0.0110555
-0.0042,0.0226434,0.0113405
-0.0038,0.0324425,0.01454
-0.0034,0.0203975,0.011588
-0.003,0.0922579,0.0245052
-0.0026,0.125094,0.0293295
-0.0022,0.203589,0.0356987
-0.0018,0.246621,0.0386326
-0.0014,0.333985,0.0455696
-0.001,0.653312,0.0642207
-0.0006,0.795376,0.0722839
-0.0002,1.06663,0.0832587
0.0002,1.01421,0.0788595
0.0006,0.796317,0.0670693
0.001,0.606223,0.0609507
0.0014,0.379667,0.0497219
0.0018,0.204134,0.0348273
0.0022,0.0988393,0.0247552
0.0026,0.0571393,0.0187658
0.003,0.0535832,0.0184224
0.0034,0.0316207,0.0141674
0.0038,0.00261532,0.00399197
0.0042,0.00909557,0.007589
0.0046,0.0315561,0.0141384
0.005,0.0148203,0.00977377
0.0054,0.0155959,0.0100382
0.0058,0,0
0.0062,0.0191108,0.0110541
0.0066,0,0
0.007,0.013579,0.00954641
0.0074,0.0216196,0.0115368
0.0078,0,0
0.0082,0,0
0.0086,0,0
0.009,0,0
0.0094,0.0137002,0.0097068
0.0098,0,0
0.0102,0.0131464,0.0093137
0.0106,0.0048719,0.00558634
0.011,0,0
0.0114,0.0061412,0.00615214
0.0118,0.00835409,0.00723804
0.0122,0.00118259,0.00267332
0.0126,0.00602295,0.00603347
0.013,0,0
0.0134,0.00629342,0.0063049
0.0138,0,0
0.0142,0,0
0.0146,0,0
0.015,0.00658032,0.00659286
0.0154,0,0
0.0158,0.0060551,0.00606572
0.0162,0,0
0.0166,0.0164187,0.0105585
0.017,0.00934847,0.0080583
0.0174,0,0
0.0178,0.0129575,0.00917956
0.0182,0,0
0.0186,0,0
0.019,0,0
0.0194,0,0
0.0198,0,0
0.0202,0,0
0.0206,0,0
0.021,0.00655258,0.00656499
0.0214,0,0
0.0218,0,0
0.0222,0,0
0.0226,0,0
0.023,0.00622244,0.00623362
0.0234,0,0
0.0238,0.00641786,0.00642975
0.0242,0,0
0.0246,0.00660248,0.00661506
0.025,0.0126239,0.0089427
0.0254,0,0
0.0258,0,0
0.0262,0.00653585,0.00654817
0.0266,0.0105081,0.00829179
0.027,0,0
0.0274,0.0063631,0.00637477
0.0278,0,0
0.0282,0.0061015,0.00615862
0.0286,0,0
0.029,0,0
0.0294,0,0
0.0298,0.00709871,0.00711322
0.0302,0.000383869,0.00155739
0.0306,0.00652077,0.0062699
0.031,0,0
0.0314,0,0
0.0318,0,0
0.0322,0.00611904,0.00612982
0.0326,0,0
0.033,0,0
0.0334,0.00619123,0.00620226
0.0338,0,0
0.0342,0.00569706,0.0057064
0.0346,0.00627249,0.0062838
0.035,0.00654754,0.00655986
0.0354,0.013406,0.00950031
0.0358,0,0
0.0362,0,0
0.0366,0,0
0.037,0,0
0.0374,0,0
0.0378,0,0
0.0382,0,0
0.0386,0,0
0.039,0,0
0.0394,0,0
0.0398,0,0
0.0402,0,0
0.0406,0,0
0.041,0,0
0.0414,0,0
0.0418,0.00652252,0.00653472
0.0422,0,0
0.0426,0.00605674,0.00606726
0.043,0,0
0.0434,0,0
0.0438,0,0
0.0442,0,0
0.0446,0.00264773,0.00411233
0.045,0,0
0.0454,0.0034098,0.0045353
0.0458,0,0
0.0462,0,0
0.0466,0,0
0.047,0.00418352,0.00509642
0.0474,0.0123056,0.00871673
0.0478,0,0
0.0482,0,0
0.0486,0,0
0.049,0.00630831,0.00631969
0.0494,0,0
0.0498,0.00632041,0.00633183
0.0502,0,0
0.0506,0,0
0.051,0.0063941,0.00640578
0.0514,0,0
0.0518,0.00685058,0.00686399
0.0522,0,0
0.0526,0.0128829,0.00912635
0.053,0.0118086,0.00836455
0.0534,0,0
0.0538,0,0
0.0542,0.00625985,0.00627104
0.0546,0.00602433,0.00603469
0.055,0,0
0.0554,0,0
0.0558,0,0
0.0562,0,0
0.0566,0.00675509,0.0067681
0.057,0,0
0.0574,0,0
0.0578,0.00352447,0.0048801
0.0582,0.00217953,0.00366924
0.0586,0,0
0.059,0,0
0.0594,0,0
0.0598,0,0
0.0602,0,0
0.0606,0,0
0.061,0,0
0.0614,0,0
0.0618,0.00660921,0.00662165
0.0622,0,0
0.0626,0,0
0.063,0.00585296,0.00586271
0.0634,0.00562776,0.00563678
0.0638,0,0
0.0642,0,0
0.0646,0.00184337,0.00336814
0.065,0.00627828,0.0062895
0.0654,0,0
0.0658,0,0
0.0662,0,0
0.0666,0,0
0.067,0,0
0.0674,0,0
0.0678,0,0
0.0682,0.0061306,0.00614128
0.0686,0,0
0.069,0,0
0.0694,0,0
0.0698,0,0
0.0702,0,0
0.0706,0,0
0.071,0,0
0.0714,0.00545033,0.00582313
0.0718,0,0
0.0722,0.00622081,0.0062318
0.0726,0,0
0.073,0,0
0.0734,0,0
0.0738,0,0
0.0742,0,0
0.0746,0,0
0.075,0.006852,0.00686531
0.0754,0,0
0.0758,0,0
0.0762,0.00640774,0.00641939
0.0766,0,0
0.077,0,0
0.0774,0,0
0.0778,0,0
0.0782,0,0
0.0786,0.00571449,0.00595845
0.079,0,0
0.0794,0,0
0.0798,0,0
0.0802,0.00691681,0.00693036
0.0806,0,0
0.081,0,0
0.0814,0,0
0.0818,0,0
0.0822,0,0
0.0826,0.0126165,0.0089463
0.083,0,0
0.0834,0.00637259,0.00638409
0.0838,0,0
0.0842,0,0
0.0846,0.00622951,0.00624049
0.085,0,0
0.0854,0,0
0.0858,0,0
0.0862,0.012257,0.00868205
0.0866,0,0
0.087,0,0
0.0874,0,0
0.0878,0,0
0.0882,0,0
0.0886,0.0061142,0.00612476
0.089,0,0
0.0894,0,0
0.0898,0,0
0.0902,0.00647274,0.00648457
0.0906,0.00613638,0.00614702
0.091,0,0
0.0914,0,0
0.0918,0,0
0.0922,0,0
0.0926,0,0
0.093,0,0
0.0934,0,0
0.0938,0,0
0.0942,0,0
0.0946,0,0
0.095,0,0
0.0954,0,0
0.0958,0,0
0.0962,0.0065135,0.00652546
0.0966,0,0
0.097,0,0
0.0974,0,0
0.0978,0,0
0.0982,0,0
0.0986,0,0
0.099,0,0
0.0994,0,0
0.0998,0,0
0.1002,0,0
0.1006,0,0
0.101,0,0
0.1014,0,0
0.1018,0,0
0.1022,0,0
0.1026,0,0
0.103,0,0
0.1034,0,0
0.1038,0,0
0.1042,0.00809787,0.00811632
0.1046,0,0
0.105,0,0
0.1054,0,0
0.1058,0,0
0.1062,0,0
0.1066,0,0
0.107,0,0
0.1074,0.0156285,0.0110753
0.1078,0.000577932,0.00216372
0.1082,0,0
0.1086,0.00782774,0.00784496
0.109,0,0
0.1094,0,0
0.1098,0.00817141,0.00819018
0.1102,0.0100033,0.0100314
0.1106,0,0
0.111,0,0
0.1114,0,0
0.1118,0,0
0.1122,0,0
0.1126,0,0
0.113,0,0
0.1134,0,0
0.1138,0,0
0.1142,0.00937821,0.0094029
0.1146,0.00866743,0.00868852
0.115,0,0
0.1154,0,0
0.1158,0,0
0.1162,0,0
0.1166,0.0101779,0.010207
0.117,0.010244,0.0102734
0.1174,0,0
0.1178,0,0
0.1182,0,0
0.1186,0,0
0.119,0,0
0.1194,0,0
0.1198,0,0
4
-0.1198,0,0
-0.1194,0,0
-0.119,0,0
-0.1186,0,0
-0.1182,0,0
-0.1178,0,0
-0.1174,0,0
-0.117,0.000215409,0.00119181
-0.1166,0.0056134,0.00612676
-0.1162,0,0
-0.1158,0,0
-0.1154,0,0
-0.115,0,0
-0.1146,0.00236146,0.00371276
-0.1142,0.00650261,0.00651553
-0.1138,0.00607792,0.00608921
-0.1134,0,0
-0.113,0,0
-0.1126,0,0
-0.1122,0,0
-0.1118,0,0
-0.1114,0,0
-0.111,0,0
-0.1106,0,0
-0.1102,0,0
-0.1098,0,0
-0.1094,0,0
-0.109,0,0
-0.1086,0,0
-0.1082,0,0
-0.1078,0,0
-0.1074,0.00672658,0.00674035
-0.107,0,0
-0.1066,0,0
-0.1062,0,0
-0.1058,0,0
-0.1054,0.000145817,0.000979041
-0.105,0,0
-0.1046,0,0
-0.1042,0,0
-0.1038,0,0
-0.1034,0,0
-0.103,0,0
-0.1026,0,0
-0.1022,0,0
-0.1018,0,0
-0.1014,0,0
-0.101,0,0
-0.1006,0,0
-0.1002,0,0
-0.0998,0.000306788,0.00139942
-0.0994,0,0
-0.099,0,0
-0.0986,0,0
-0.0982,0,0
-0.0978,0,0
-0.0974,0.00656372,0.00657678
-0.097,0,0
-0.0966,0,0
-0.0962,0,0
-0.0958,0,0
-0.0954,0,0
-0.095,0,0
-0.0946,0,0
-0.0942,0,0
-0.0938,0,0
-0.0934,0,0
-0.093,0,0
-0.0926,0,0
-0.0922,0,0
-0.0918,0,0
-0.0914,0,0
-0.091,0,0
-0.0906,0.00630866,0.00632068
-0.0902,0.00623203,0.00624376
-0.0898,0,0
-0.0894,0,0
-0.089,0,0
-0.0886,0.00388197,0.00492571
-0.0882,0,0
-0.0878,0,0
-0.0874,0,0
-0.087,0.00595674,0.00596745
-0.0866,0.00624272,0.00625447
-0.0862,0,0
-0.0858,0.0065062,0.00651896
-0.0854,0,0
-0.085,0,0
-0.0846,0,0
-0.0842,0,0
-0.0838,0,0
-0.0834,0,0
-0.083,0.00641746,0.00642986
-0.0826,0,0
-0.0822,0,0
-0.0818,0,0
-0.0814,0,0
-0.081,0.00582882,0.00583904
-0.0806,0.0190113,0.0109972
-0.0802,0,0
-0.0798,0,0
-0.0794,0.000974949,0.00260176
-0.079,0,0
-0.0786,0,0
-0.0782,0,0
-0.0778,0.00629398,0.00630589
-0.0774,0,0
-0.077,0.00669855,0.00671203
-0.0766,0,0
-0.0762,0,0
-0.0758,0,0
-0.0754,0,0
-0.075,0,0
-0.0746,0,0
-0.0742,0,0
-0.0738,0.00606307,0.0060741
-0.0734,0,0
-0.073,0,0
-0.0726,0,0
-0.0722,0,0
-0.0718,0,0
-0.0714,0,0
-0.071,0,0
-0.0706,0.00698954,0.00700419
-0.0702,0,0
-0.0698,0,0
-0.0694,0,0
-0.069,0,0
-0.0686,0,0
-0.0682,0,0
-0.0678,0,0
-0.0674,0,0
-0.067,0,0
-0.0666,0,0
-0.0662,0,0
-0.0658,0,0
-0.0654,0,0
-0.065,0,0
-0.0646,0,0
-0.0642,0.0107665,0.00865055
-0.0638,0,0
-0.0634,0,0
-0.063,0,0
-0.0626,0,0
-0.0622,0,0
-0.0618,0,0
-0.0614,0,0
-0.061,0,0
-0.0606,0.00612403,0.00636101
-0.0602,0,0
-0.0598,0,0
-0.0594,0,0
-0.059,0.00061128,0.00191589
-0.0586,0,0
-0.0582,0,0
-0.0578,0.00617835,0.00618975
-0.0574,0,0
-0.057,0,0
-0.0566,0,0
-0.0562,0.00644253,0.00645492
-0.0558,0,0
-0.0554,0.0129918,0.00920989
-0.055,0.00653087,0.00654359
-0.0546,0,0
-0.0542,0.00395187,0.00496182
-0.0538,0,0
-0.0534,0,0
-0.053,0,0
-0.0526,0.0124087,0.00879053
-0.0522,0,0
-0.0518,0,0
-0.0514,0,0
-0.051,0.00624573,0.00625736
-0.0506,0,0
-0.0502,0,0
-0.0498,0.000808043,0.00228157
-0.0494,0,0
-0.049,0,0
-0.0486,0.00641417,0.00642643
-0.0482,0,0
-0.0478,0,0
-0.0474,0,0
-0.047,0,0
-0.0466,0,0
-0.0462,0,0
-0.0458,0.014085,0.00922534
-0.0454,0.00595374,0.0059643
-0.045,0,0
-0.0446,0,0
-0.0442,0,0
-0.0438,0.0145901,0.00980827
-0.0434,0,0
-0.043,0,0
-0.0426,0.00134479,0.0028539
-0.0422,0,0
-0.0418,0,0
-0.0414,0,0
-0.041,0,0
-0.0406,0,0
-0.0402,0.0114044,0.0080778
-0.0398,0,0
-0.0394,0,0
-0.039,0,0
-0.0386,0,0
-0.0382,0,0
-0.0378,0,0
-0.0374,0.00750497,0.00676545
-0.037,0,0
-0.0366,0,0
-0.0362,0.0130943,0.00928304
-0.0358,0.00678085,0.00679451
-0.0354,0.00602602,0.0060368
-0.035,0,0
-0.0346,0,0
-0.0342,0,0
-0.0338,0,0
-0.0334,0,0
-0.033,0,0
-0.0326,0.00491625,0.00539351
-0.0322,0,0
-0.0318,0,0
-0.0314,0,0
-0.031,0,0
-0.0306,0,0
-0.0302,0,0
-0.0298,0,0
-0.0294,0.00627085,0.00628252
-0.029,0.0125163,0.00886679
-0.0286,0,0
-0.0282,0,0
-0.0278,0.00625352,0.00626512
-0.0274,0,0
-0.027,0,0
-0.0266,0,0
-0.0262,0,0
-0.0258,0,0
-0.0254,0,0
-0.025,0,0
-0.0246,0.0175749,0.0101651
-0.0242,0,0
-0.0238,0.012889,0.00913529
-0.0234,0,0
-0.023,0.00662233,0.00663533
-0.0226,0.00336925,0.00468267
-0.0222,0,0
-0.0218,0,0
-0.0214,0,0
-0.021,0,0
-0.0206,0.00428207,0.0051383
-0.0202,0.0122944,0.00871078
-0.0198,0,0
-0.0194,0.006016,0.00602673
-0.019,0.00691079,0.00692495
-0.0186,0,0
-0.0182,0,0
-0.0178,0.0120808,0.00855858
-0.0174,0,0
-0.017,0,0
-0.0166,0.0182838,0.0105795
-0.0162,0.0170206,0.0106462
-0.0158,0.0105635,0.00848378
-0.0154,0,0
-0.015,0,0
-0.0146,0.0119109,0.00843862
-0.0142,0,0
-0.0138,0.00623836,0.0062499
-0.0134,0.00630617,0.00631796
-0.013,0.00618884,0.00620019
-0.0126,0,0
-0.0122,0.00600887,0.00601957
-0.0118,0,0
-0.0114,0,0
-0.011,0.00621998,0.00623145
-0.0106,0,0
-0.0102,0.00343902,0.00451482
-0.0098,0,0
-0.0094,0.00804562,0.0068138
-0.009,0.00570344,0.00571309
-0.0086,0,0
-0.0082,0.017749,0.0102739
-0.0078,0,0
-0.0074,0.0119468,0.00846263
-0.007,0.0187496,0.0108452
-0.0066,0,0
-0.0062,0,0
-0.0058,0.00602701,0.00603779
-0.0054,0.0189915,0.0109854
-0.005,0.0161296,0.00999963
-0.0046,0.0360058,0.0143767
-0.0042,0,0
-0.0038,0.0313465,0.0140448
-0.0034,0.0444186,0.0169567
-0.003,0.0563333,0.0189801
-0.0026,0.108675,0.0271387
-0.0022,0.15264,0.0306448
-0.0018,0.196195,0.0342413
-0.0014,0.423778,0.0507143
-0.001,0.513754,0.0564103
-0.0006,0.730544,0.0686062
-0.0002,0.938458,0.0774041
0.0002,0.846081,0.0715915
0.0006,0.669089,0.0608943
0.001,0.478319,0.0538728
0.0014,0.35481,0.0474997
0.0018,0.160974,0.030564
0.0022,0.0940325,0.0239151
0.0026,0.0515737,0.0176588
0.003,0.0447753,0.016706
0.0034,0.030761,0.0137839
0.0038,0.0148282,0.00927391
0.0042,0.0188459,0.0104533
0.0046,0,0
0.005,0.0126118,0.00893463
0.0054,0.010028,0.00800104
0.0058,0.0186785,0.010804
0.0062,0.0219143,0.0117114
0.0066,0.00579553,0.00580551
0.007,0.0121643,0.00870249
0.0074,0.00600083,0.00601153
0.0078,0.00594314,0.00595363
0.0082,0,0
0.0086,0.00642279,0.00643504
0.009,0,0
0.0094,0.0129765,0.00919812
0.0098,0,0
0.0102,0.0190516,0.0110216
0.0106,0.0202454,0.0112746
0.011,0.005922,0.00593242
0.0114,0,0
0.0118,0,0
0.0122,0,0
0.0126,0.017812,0.0103023
0.013,0,0
0.0134,0,0
0.0138,0,0
0.0142,0,0
0.0146,0,0
0.015,0,0
0.0154,0,0
0.0158,0.00589694,0.00590728
0.0162,0.00608726,0.00609828
0.0166,0.00388554,0.00519404
0.017,0,0
0.0174,0,0
0.0178,0,0
0.0182,0,0
0.0186,0,0
0.019,0.019326,0.0112102
0.0194,0.00588947,0.00589979
0.0198,0.00635747,0.00636949
0.0202,0,0
0.0206,0,0
0.021,0,0
0.0214,0,0
0.0218,0,0
0.0222,0,0
0.0226,0,0
0.023,0.0062005,0.00621194
0.0234,0.0106466,0.00813968
0.0238,0,0
0.0242,0,0
0.0246,0,0
0.025,0,0
0.0254,0.00611942,0.00613057
0.0258,0,0
0.0262,0,0
0.0266,0.0120238,0.00853884
0.027,0.0128858,0.0091378
0.0274,0.00469622,0.00535889
0.0278,0,0
0.0282,0.00585615,0.00586636
0.0286,0,0
0.029,0,0
0.0294,0,0
0.0298,0,0
0.0302,0.00686674,0.00688078
0.0306,0.00608892,0.00609996
0.031,0,0
0.0314,0.00610566,0.00611676
0.0318,0.00623182,0.00624338
0.0322,0,0
0.0326,0,0
0.033,0,0
0.0334,0,0
0.0338,0,0
0.0342,0.00550019,0.0055092
0.0346,0,0
0.035,0,0
0.0354,0.00661671,0.00662975
0.0358,0.00627493,0.00628665
0.0362,0,0
0.0366,0,0
0.037,0,0
0.0374,0.0112997,0.00800359
0.0378,0,0
0.0382,0,0
0.0386,0,0
0.039,0,0
0.0394,0.00621785,0.00622937
0.0398,0,0
0.0402,0,0
0.0406,0.0117223,0.00830719
0.041,0,0
0.0414,0.00589406,0.00590442
0.0418,0.0125525,0.00889257
0.0422,0,0
0.0426,0,0
0.043,0.00576617,0.00577608
0.0434,0,0
0.0438,0,0
0.0442,0.00639467,0.00640685
0.0446,0,0
0.045,0,0
0.0454,0.0057751,0.00578504
0.0458,0,0
0.0462,0,0
0.0466,0,0
0.047,0,0
0.0474,0,0
0.0478,0.00574983,0.00575969
0.0482,0,0
0.0486,0,0
0.049,0.00605037,0.00606128
0.0494,0,0
0.0498,0,0
0.0502,0.00559127,0.0056006
0.0506,0,0
0.051,0,0
0.0514,0,0
0.0518,0,0
0.0522,0,0
0.0526,0,0
0.053,0.00559123,0.00560056
0.0534,0,0
0.0538,0,0
0.0542,0,0
0.0546,0.00576475,0.00577466
0.055,0,0
0.0554,0,0
0.0558,0,0
0.0562,0,0
0.0566,0,0
0.057,0.00588435,0.00589468
0.0574,0,0
0.0578,0.00634784,0.00635986
0.0582,0,0
0.0586,0,0
0.059,0.00626771,0.00627943
0.0594,0.00626751,0.00627923
0.0598,0,0
0.0602,0,0
0.0606,0,0
0.061,0,0
0.0614,0,0
0.0618,0,0
0.0622,0,0
0.0626,0,0
0.063,0,0
0.0634,0,0
0.0638,0.0114961,0.00814293
0.0642,0,0
0.0646,0.0105145,0.00808906
0.065,0,0
0.0654,0,0
0.0658,0,0
0.0662,0,0
0.0666,0.00566659,0.00567618
0.067,0,0
0.0674,0.00604739,0.0060583
0.0678,0.00597296,0.00598361
0.0682,0,0
0.0686,0,0
0.069,0,0
0.0694,0,0
0.0698,0,0
0.0702,0.00589675,0.00590713
0.0706,0,0
0.071,0,0
0.0714,0.000712897,0.00205425
0.0718,0,0
0.0722,0.0060938,0.00610488
0.0726,0.00580945,0.00581952
0.073,0.00587856,0.00588887
0.0734,0.00554664,0.00555582
0.0738,0,0
0.0742,0,0
0.0746,0.00640472,0.00641697
0.075,0.00651155,0.0065242
0.0754,0,0
0.0758,0,0
0.0762,0,0
0.0766,0.00605921,0.00607017
0.077,0,0
0.0774,0.00591226,0.00592269
0.0778,0,0
0.0782,0,0
0.0786,0.000452359,0.00163326
0.079,0,0
0.0794,0,0
0.0798,0,0
0.0802,0.0131242,0.00929842
0.0806,0,0
0.081,0,0
0.0814,0,0
0.0818,0,0
0.0822,0,0
0.0826,0,0
0.083,0.00625029,0.00626196
0.0834,0,0
0.0838,0,0
0.0842,0,0
0.0846,0.00590316,0.00591356
0.085,0,0
0.0854,0.0058358,0.00584597
0.0858,0,0
0.0862,0,0
0.0866,0,0
0.087,0.00568267,0.00569231
0.0874,0,0
0.0878,0,0
0.0882,0,0
0.0886,0,0
0.089,0,0
0.0894,0,0
0.0898,0,0
0.0902,0,0
0.0906,0,0
0.091,0,0
0.0914,0,0
0.0918,0,0
0.0922,0.0110179,0.00805842
0.0926,0,0
0.093,0,0
0.0934,0,0
0.0938,0,0
0.0942,0,0
0.0946,0,0
0.095,0.00616957,0.00618093
0.0954,0,0
0.0958,0,0
0.0962,0,0
0.0966,0,0
0.097,0,0
0.0974,0,0
0.0978,0,0
0.0982,0.00618738,0.0061988
0.0986,0,0
0.099,0.00634473,0.00635673
0.0994,0,0
0.0998,0,0
0.1002,0,0
0.1006,0,0
0.101,0,0
0.1014,0,0
0.1018,0.00869033,0.00762077
0.1022,0,0
0.1026,0,0
0.103,0,0
0.1034,0,0
0.1038,0,0
0.1042,0,0
0.1046,0,0
0.105,0,0
0.1054,0,0
0.1058,0,0
0.1062,0,0
0.1066,0,0
0.107,0,0
0.1074,0,0
0.1078,0.00761183,0.00762909
0.1082,0,0
0.1086,0,0
0.109,0,0
0.1094,0,0
0.1098,0.00771188,0.00772959
0.1102,0.00944093,0.00946746
0.1106,0,0
0.111,0,0
0.1114,0,0
0.1118,0,0
0.1122,0,0
0.1126,0,0
0.113,0,0
0.1134,0,0
0.1138,0,0
0.1142,0,0
0.1146,0,0
0.115,0,0
0.1154,0,0
0.1158,0,0
0.1162,0,0
0.1166,0.0101065,0.0101369
0.117,0,0
0.1174,0,0
0.1178,0,0
0.1182,0,0
0.1186,0,0
0.119,0,0
0.1194,0,0
0.1198,0,0
5
-0.1198,0,0
-0.1194,0,0
-0.119,0,0
-0.1186,0,0
-0.1182,0,0
-0.1178,0,0
-0.1174,0,0
-0.117,0.00640574,0.00652654
-0.1166,0.00653845,0.00655143
-0.1162,0,0
-0.1158,0,0
-0.1154,0,0
-0.115,0,0
-0.1146,0,0
-0.1142,0,0
-0.1138,0,0
-0.1134,0,0
-0.113,0,0
-0.1126,0.00640369,0.00641611
-0.1122,0,0
-0.1118,0,0
-0.1114,0,0
-0.111,0,0
-0.1106,0,0
-0.1102,0,0
-0.1098,0.00652865,0.00654153
-0.1094,0,0
-0.109,0,0
-0.1086,0,0
-0.1082,0,0
-0.1078,0,0
-0.1074,0,0
-0.107,0,0
-0.1066,0,0
-0.1062,0,0
-0.1058,0,0
-0.1054,0,0
-0.105,0,0
-0.1046,0.0061627,0.00617413
-0.1042,0,0
-0.1038,0,0
-0.1034,0.00654984,0.00656274
-0.103,0,0
-0.1026,0,0
-0.1022,0,0
-0.1018,0.00486471,0.0055602
-0.1014,0,0
-0.101,0,0
-0.1006,0,0
-0.1002,0,0
-0.0998,0,0
-0.0994,0,0
-0.099,0,0
-0.0986,0,0
-0.0982,0,0
-0.0978,0,0
-0.0974,0,0
-0.097,0,0
-0.0966,0.0134202,0.0095092
-0.0962,0,0
-0.0958,0,0
-0.0954,0,0
-0.095,0,0
-0.0946,0,0
-0.0942,0,0
-0.0938,0,0
-0.0934,0,0
-0.093,0,0
-0.0926,0,0
-0.0922,0,0
-0.0918,0.00615652,0.00616783
-0.0914,0,0
-0.091,0.0179927,0.0104106
-0.0906,0,0
-0.0902,0,0
-0.0898,0,0
-0.0894,0,0
-0.089,0,0
-0.0886,0.00586874,0.00587899
-0.0882,0,0
-0.0878,0.00675081,0.00676437
-0.0874,0,0
-0.087,0.00604004,0.0060509
-0.0866,0,0
-0.0862,0,0
-0.0858,0,0
-0.0854,0,0
-0.085,0,0
-0.0846,0,0
-0.0842,0,0
-0.0838,0,0
-0.0834,0,0
-0.083,0,0
-0.0826,0.00679831,0.00681202
-0.0822,0.00629241,0.00630416
-0.0818,0,0
-0.0814,0,0
-0.081,0.00643772,0.00645001
-0.0806,0.00643397,0.00644624
-0.0802,0.00597718,0.00598777
-0.0798,0,0
-0.0794,0.0130534,0.00959373
-0.079,0,0
-0.0786,0,0
-0.0782,0,0
-0.0778,0,0
-0.0774,0.00616705,0.0061783
-0.077,0.00680612,0.00681982
-0.0766,0,0
-0.0762,0,0
-0.0758,0,0
-0.0754,0,0
-0.075,0,0
-0.0746,0,0
-0.0742,0.00639858,0.00641067
-0.0738,0.00591554,0.00592587
-0.0734,0,0
-0.073,0,0
-0.0726,0,0
-0.0722,0,0
-0.0718,0,0
-0.0714,0,0
-0.071,0.0131757,0.00933719
-0.0706,0,0
-0.0702,0,0
-0.0698,0,0
-0.0694,0,0
-0.069,0,0
-0.0686,0,0
-0.0682,0.00367402,0.00484965
-0.0678,0,0
-0.0674,0,0
-0.067,0,0
-0.0666,0.00689986,0.00691386
-0.0662,0.00690116,0.00691517
-0.0658,0,0
-0.0654,0,0
-0.065,0,0
-0.0646,0,0
-0.0642,0,0
-0.0638,0.00735522,0.00737111
-0.0634,0,0
-0.063,0,0
-0.0626,0,0
-0.0622,0,0
-0.0618,0.00639568,0.00640769
-0.0614,0.0129934,0.00920684
-0.061,0.0129863,0.00920172
-0.0606,0,0
-0.0602,0,0
-0.0598,0.00656836,0.00658101
-0.0594,0,0
-0.059,0,0
-0.0586,0,0
-0.0582,0,0
-0.0578,0,0
-0.0574,0,0
-0.057,0.00654758,0.00656014
-0.0566,0.0126187,0.00893928
-0.0562,0,0
-0.0558,0,0
-0.0554,0,0
-0.055,0.013317,0.00943493
-0.0546,0,0
-0.0542,0,0
-0.0538,0.00637269,0.00638457
-0.0534,0,0
-0.053,0,0
-0.0526,0,0
-0.0522,0,0
-0.0518,0,0
-0.0514,0,0
-0.051,0.00637086,0.00638272
-0.0506,0,0
-0.0502,0,0
-0.0498,0.00572306,0.0061331
-0.0494,0,0
-0.049,0.00652172,0.00653414
-0.0486,0,0
-0.0482,0,0
-0.0478,0,0
-0.0474,0,0
-0.047,0,0
-0.0466,0,0
-0.0462,0.00663977,0.00665263
-0.0458,0.0162482,0.00997941
-0.0454,0,0
-0.045,0.00632022,0.00633187
-0.0446,0.00684563,0.00685929
-0.0442,0,0
-0.0438,0.00522152,0.0059292
-0.0434,0,0
-0.043,0.00614577,0.00615678
-0.0426,0.00478963,0.00544284
-0.0422,0.00634402,0.00635575
-0.0418,0,0
-0.0414,0,0
-0.041,0,0
-0.0406,0,0
-0.0402,0.00582452,0.0058344
-0.0398,0,0
-0.0394,0,0
-0.039,0.00599867,0.00600915
-0.0386,0,0
-0.0382,0,0
-0.0378,0,0
-0.0374,0,0
-0.037,0,0
-0.0366,0,0
-0.0362,0,0
-0.0358,0,0
-0.0354,0,0
-0.035,0,0
-0.0346,0,0
-0.0342,0.00621154,0.00622276
-0.0338,0.00671902,0.00673213
-0.0334,0,0
-0.033,0.0017537,0.00339741
-0.0326,0,0
-0.0322,0,0
-0.0318,0.00640801,0.00641993
-0.0314,0,0
-0.031,0,0
-0.0306,0,0
-0.0302,0.00599137,0.00600179
-0.0298,0,0
-0.0294,0,0
-0.029,0,0
-0.0286,0,0
-0.0282,0.00639626,0.00640813
-0.0278,0,0
-0.0274,0,0
-0.027,0,0
-0.0266,0.00643,0.00644199
-0.0262,0,0
-0.0258,0,0
-0.0254,0.00610204,0.00611284
-0.025,0.00610262,0.00611341
-0.0246,0.00595127,0.00596154
-0.0242,0.0189519,0.0109773
-0.0238,0.0131908,0.00934918
-0.0234,0.0131804,0.00934159
-0.023,0,0
-0.0226,0.00996349,0.00820546
-0.0222,0,0
-0.0218,0,0
-0.0214,0,0
-0.021,0,0
-0.0206,0,0
-0.0202,0,0
-0.0198,0.00642646,0.00643842
-0.0194,0,0
-0.019,0.0141535,0.0100286
-0.0186,0,0
-0.0182,0,0
-0.0178,0,0
-0.0174,0.0114725,0.00812597
-0.017,0.0118906,0.00842597
-0.0166,0,0
-0.0162,0.00233572,0.0039919
-0.0158,0.00695315,0.00696713
-0.0154,0,0
-0.015,0.00621593,0.00622711
-0.0146,0.00599002,0.00600039
-0.0142,0.0124256,0.00880206
-0.0138,0.0127879,0.00905916
-0.0134,0,0
-0.013,0.00597632,0.00598665
-0.0126,0,0
-0.0122,0,0
-0.0118,0,0
-0.0114,0,0
-0.011,0,0
-0.0106,0.00617568,0.0061867
-0.0102,0.00605934,0.00606995
-0.0098,0.0190328,0.0110088
-0.0094,0,0
-0.009,0.0175826,0.0101686
-0.0086,0.0186714,0.0107994
-0.0082,0.00626897,0.00628032
-0.0078,0.00572509,0.00573456
-0.0074,0.00623281,0.00624403
-0.007,0.00641784,0.00642974
-0.0066,0,0
-0.0062,0.01319,0.00934451
-0.0058,0,0
-0.0054,0.0195132,0.0112871
-0.005,0.0320048,0.0143424
-0.0046,0.0232199,0.0116295
-0.0042,0.0229107,0.0114744
-0.0038,0.0328227,0.0147105
-0.0034,0.0664633,0.0210599
-0.003,0.0853037,0.0237045
-0.0026,0.0752262,0.0227452
-0.0022,0.161179,0.0319496
-0.0018,0.298155,0.0424853
-0.0014,0.456421,0.0534176
-0.001,0.63129,0.0634425
-0.0006,1.02963,0.0827128
-0.0002,0.826201,0.0736682
0.0002,0.853957,0.0728134
0.0006,0.605399,0.0587984
0.001,0.490427,0.0552781
0.0014,0.434854,0.053555
0.0018,0.202689,0.0348064
0.0022,0.0716211,0.021174
0.0026,0.104174,0.0254482
0.003,0.0466231,0.0172955
0.0034,0.0446495,0.0169073
0.0038,0.0353283,0.0144592
0.0042,0.0169504,0.00980232
0.0046,0.0190929,0.0110436
0.005,0.0324567,0.0145424
0.0054,0.0129517,0.00917591
0.0058,0,0
0.0062,0.0288208,0.0136334
0.0066,0,0
0.007,0.00674539,0.00675852
0.0074,0.0129238,0.00916446
0.0078,0.0122378,0.00866871
0.0082,0.00661333,0.00662595
0.0086,0,0
0.009,0.00615883,0.00616977
0.0094,0.00646877,0.00648084
0.0098,0.0128654,0.00911412
0.0102,0,0
0.0106,0,0
0.011,0.00609838,0.00610911
0.0114,0,0
0.0118,0.0125931,0.00892099
0.0122,0.00626341,0.00627473
0.0126,0.00614681,0.00615771
0.013,0,0
0.0134,0.00571469,0.00572412
0.0138,0,0
0.0142,0,0
0.0146,0,0
0.015,0,0
0.0154,0,0
0.0158,0,0
0.0162,0,0
0.0166,0,0
0.017,0,0
0.0174,0,0
0.0178,0.00649603,0.00650821
0.0182,0,0
0.0186,0,0
0.019,0.00698829,0.00700238
0.0194,0,0
0.0198,0,0
0.0202,0.00655346,0.00656585
0.0206,0,0
0.021,0.00656279,0.00657522
0.0214,0.00662613,0.0066388
0.0218,0,0
0.0222,0.0059695,0.00597978
0.0226,0.00601578,0.00602623
0.023,0,0
0.0234,0.00820281,0.00725568
0.0238,0.00659939,0.00661195
0.0242,0,0
0.0246,0,0
0.025,0,0
0.0254,0,0
0.0258,0,0
0.0262,0.0122531,0.00867959
0.0266,0,0
0.027,0,0
0.0274,0.00144127,0.00301572
0.0278,0,0
0.0282,0,0
0.0286,0,0
0.029,0,0
0.0294,0,0
0.0298,0,0
0.0302,0,0
0.0306,0,0
0.031,0,0
0.0314,0,0
0.0318,0,0
0.0322,0.00679722,0.00681055
0.0326,0,0
0.033,0,0
0.0334,0,0
0.0338,0,0
0.0342,0,0
0.0346,0,0
0.035,0,0
0.0354,0.00652895,0.00654124
0.0358,0.00648375,0.00649587
0.0362,0,0
0.0366,0,0
0.037,0,0
0.0374,0,0
0.0378,0.00669685,0.00670978
0.0382,0.00639205,0.00640382
0.0386,0.00734313,0.00735866
0.039,0,0
0.0394,0,0
0.0398,0.00619232,0.00620337
0.0402,0.0115722,0.00819643
0.0406,0,0
0.041,0,0
0.0414,0,0
0.0418,0,0
0.0422,0,0
0.0426,0,0
0.043,0,0
0.0434,0,0
0.0438,0,0
0.0442,0,0
0.0446,0,0
0.045,0.00589985,0.00590988
0.0454,0,0
0.0458,0,0
0.0462,0,0
0.0466,0,0
0.047,0.0061511,0.00616199
0.0474,0.0122339,0.00866595
0.0478,0.00595636,0.00596658
0.0482,0,0
0.0486,0,0
0.049,0,0
0.0494,0,0
0.0498,0.00628058,0.00629193
0.0502,0,0
0.0506,0,0
0.051,0.0130706,0.00926336
0.0514,0,0
0.0518,0,0
0.0522,0,0
0.0526,0.00639803,0.00640981
0.053,0,0
0.0534,0,0
0.0538,0,0
0.0542,0,0
0.0546,0,0
0.055,0,0
0.0554,0,0
0.0558,0,0
0.0562,0,0
0.0566,0,0
0.057,0,0
0.0574,0.0123236,0.00872955
0.0578,0,0
0.0582,0,0
0.0586,0,0
0.059,0,0
0.0594,0.00651167,0.00652384
0.0598,0.00588095,0.00589088
0.0602,0,0
0.0606,0,0
0.061,0,0
0.0614,0.00666073,0.00667346
0.0618,0,0
0.0622,0,0
0.0626,0.00580731,0.00581699
0.063,0,0
0.0634,0,0
0.0638,0,0
0.0642,0,0
0.0646,0,0
0.065,0.00622908,0.0062402
0.0654,0.0062275,0.00623862
0.0658,0,0
0.0662,0,0
0.0666,0,0
0.067,0,0
0.0674,0,0
0.0678,0,0
0.0682,0,0
0.0686,0,0
0.069,0,0
0.0694,0,0
0.0698,0.0061454,0.00615621
0.0702,0,0
0.0706,0,0
0.071,0,0
0.0714,0,0
0.0718,0,0
0.0722,0.0123425,0.0087429
0.0726,0,0
0.073,0,0
0.0734,0,0
0.0738,0,0
0.0742,0,0
0.0746,0,0
0.075,0,0
0.0754,0,0
0.0758,0,0
0.0762,0,0
0.0766,0,0
0.077,0,0
0.0774,0.00639269,0.00640437
0.0778,0,0
0.0782,0,0
0.0786,0,0
0.079,0,0
0.0794,0,0
0.0798,0,0
0.0802,0,0
0.0806,0.00668804,0.00670081
0.081,0,0
0.0814,0,0
0.0818,0,0
0.0822,0.00608934,0.00609992
0.0826,0,0
0.083,0,0
0.0834,0,0
0.0838,0,0
0.0842,0,0
0.0846,0,0
0.085,0.00668263,0.00669535
0.0854,0,0
0.0858,0,0
0.0862,0,0
0.0866,0,0
0.087,0,0
0.0874,0,0
0.0878,0,0
0.0882,0,0
0.0886,0.0060708,0.00608129
0.089,0,0
0.0894,0,0
0.0898,0.00642753,0.00643928
0.0902,0,0
0.0906,0,0
0.091,0,0
0.0914,0,0
0.0918,0,0
0.0922,0.000743389,0.00212103
0.0926,0,0
0.093,0,0
0.0934,0,0
0.0938,0,0
0.0942,0,0
0.0946,0,0
0.095,0,0
0.0954,0,0
0.0958,0,0
0.0962,0,0
0.0966,0,0
0.097,0,0
0.0974,0,0
0.0978,0,0
0.0982,0,0
0.0986,0,0
0.099,0,0
0.0994,0,0
0.0998,0,0
0.1002,0,0
0.1006,0.00743721,0.00745286
0.101,0,0
0.1014,0,0
0.1018,0.00487136,0.00585726
0.1022,0,0
0.1026,0,0
0.103,0,0
0.1034,0,0
0.1038,0,0
0.1042,0.00806458,0.00808295
0.1046,0,0
0.105,0,0
0.1054,0,0
0.1058,0.00868521,0.00870651
0.1062,0,0
0.1066,0,0
0.107,0,0
0.1074,0,0
0.1078,0,0
0.1082,0,0
0.1086,0.00846286,0.00848305
0.109,0,0
0.1094,0.00854751,0.0085681
0.1098,0.00939586,0.00942073
0.1102,0,0
0.1106,0,0
0.111,0,0
0.1114,0,0
0.1118,0,0
0.1122,0,0
0.1126,0,0
0.113,0,0
0.1134,0,0
0.1138,0,0
0.1142,0.00936353,0.00938818
0.1146,0,0
0.115,0,0
0.1154,0,0
0.1158,0.0233386,0.0166157
0.1162,0,0
0.1166,0,0
0.117,0,0
0.1174,0,0
0.1178,0,0
0.1182,0,0
0.1186,0,0
0.119,0,0
0.1194,0,0
0.1198,0,0
6
-0.1198,0,0
-0.1194,0,0
-0.119,0,0
-0.1186,0,0
-0.1182,0,0
-0.1178,0,0
-0.1174,0,0
-0.117,0,0
-0.1166,0,0
-0.1162,0,0
-0.1158,0,0
-0.1154,0,0
-0.115,0,0
-0.1146,0,0
-0.1142,0,0
-0.1138,0,0
-0.1134,0,0
-0.113,0.00556646,0.00557699
-0.1126,0,0
-0.1122,0,0
-0.1118,0,0
-0.1114,0,0
-0.111,0,0
-0.1106,0,0
-0.1102,0,0
-0.1098,0,0
-0.1094,0,0
-0.109,0,0
-0.1086,0.00548983,0.00550003
-0.1082,0,0
-0.1078,0,0
-0.1074,0,0
-0.107,0,0
-0.1066,0,0
-0.1062,0,0
-0.1058,0,0
-0.1054,0,0
-0.105,0,0
-0.1046,0,0
-0.1042,0,0
-0.1038,0,0
-0.1034,0.000804456,0.0020947
-0.103,0,0
-0.1026,0.00558667,0.00559718
-0.1022,0.00572318,0.00573422
-0.1018,0.00130764,0.0027223
-0.1014,0,0
-0.101,0.00535332,0.00536297
-0.1006,0.00569084,0.00570173
-0.1002,0,0
-0.0998,0,0
-0.0994,0,0
-0.099,0,0
-0.0986,0,0
-0.0982,0,0
-0.0978,0,0
-0.0974,0,0
-0.097,0.00566256,0.00567331
-0.0966,0.00592004,0.00593179
-0.0962,0,0
-0.0958,0,0
-0.0954,0,0
-0.095,0.00652724,0.0065415
-0.0946,0,0
-0.0942,0,0
-0.0938,0,0
-0.0934,0,0
-0.093,0,0
-0.0926,0,0
-0.0922,0,0
-0.0918,0,0
-0.0914,0,0
-0.091,0,0
-0.0906,0,0
-0.0902,0,0
-0.0898,0,0
-0.0894,0,0
-0.089,0,0
-0.0886,0,0
-0.0882,0,0
-0.0878,0,0
-0.0874,0,0
-0.087,0,0
-0.0866,0,0
-0.0862,0,0
-0.0858,0,0
-0.0854,0,0
-0.085,0,0
-0.0846,0,0
-0.0842,0,0
-0.0838,0,0
-0.0834,0,0
-0.083,0,0
-0.0826,0,0
-0.0822,0.0055599,0.00557027
-0.0818,0,0
-0.0814,0,0
-0.081,0,0
-0.0806,0.0113507,0.00804151
-0.0802,0,0
-0.0798,0,0
-0.0794,0,0
-0.079,0,0
-0.0786,0,0
-0.0782,0,0
-0.0778,0,0
-0.0774,0,0
-0.077,0,0
-0.0766,0,0
-0.0762,0.00591497,0.00592678
-0.0758,0,0
-0.0754,0,0
-0.075,0,0
-0.0746,0,0
-0.0742,0,0
-0.0738,0.010754,0.0076181
-0.0734,0,0
-0.073,0,0
-0.0726,0,0
-0.0722,0,0
-0.0718,0,0
-0.0714,0,0
-0.071,0,0
-0.0706,0,0
-0.0702,0.00571412,0.00572521
-0.0698,0,0
-0.0694,0,0
-0.069,0,0
-0.0686,0,0
-0.0682,0.00233937,0.00359978
-0.0678,0,0
-0.0674,0,0
-0.067,0,0
-0.0666,0,0
-0.0662,0,0
-0.0658,0,0
-0.0654,0.00595569,0.00596779
-0.065,0,0
-0.0646,0,0
-0.0642,0,0
-0.0638,0,0
-0.0634,0,0
-0.063,0,0
-0.0626,0,0
-0.0622,0.00529352,0.00530311
-0.0618,0,0
-0.0614,0,0
-0.061,0,0
-0.0606,0,0
-0.0602,0,0
-0.0598,0,0
-0.0594,0,0
-0.059,0,0
-0.0586,0,0
-0.0582,0,0
-0.0578,0,0
-0.0574,0,0
-0.057,0,0
-0.0566,0,0
-0.0562,0,0
-0.0558,0,0
-0.0554,0,0
-0.055,0,0
-0.0546,0.0058506,0.00586238
-0.0542,0,0
-0.0538,0,0
-0.0534,0.00498338,0.00499194
-0.053,0,0
-0.0526,0,0
-0.0522,0.00593357,0.00594571
-0.0518,0,0
-0.0514,0,0
-0.051,0,0
-0.0506,0.0108788,0.00770718
-0.0502,0.00563616,0.00564712
-0.0498,0.00553733,0.00554792
-0.0494,0,0
-0.049,0,0
-0.0486,0,0
-0.0482,0.00591683,0.00592894
-0.0478,0,0
-0.0474,0,0
-0.047,0,0
-0.0466,0.00575182,0.00576327
-0.0462,0,0
-0.0458,0,0
-0.0454,0,0
-0.045,0,0
-0.0446,0,0
-0.0442,0,0
-0.0438,0,0
-0.0434,0,0
-0.043,0,0
-0.0426,0,0
-0.0422,0,0
-0.0418,0,0
-0.0414,0,0
-0.041,0,0
-0.0406,0,0
-0.0402,0.00487717,0.00488544
-0.0398,0,0
-0.0394,0,0
-0.039,0,0
-0.0386,0,0
-0.0382,0.00515023,0.00515946
-0.0378,0,0
-0.0374,0,0
-0.037,0,0
-0.0366,0,0
-0.0362,0,0
-0.0358,0,0
-0.0354,0,0
-0.035,0,0
-0.0346,0,0
-0.0342,0.00517295,0.00518229
-0.0338,0,0
-0.0334,0,0
-0.033,0.00399583,0.00467756
-0.0326,0,0
-0.0322,0.00531979,0.00532968
-0.0318,0.00532572,0.00533563
-0.0314,0,0
-0.031,0,0
-0.0306,0.00513651,0.00514574
-0.0302,0,0
-0.0298,0,0
-0.0294,0,0
-0.029,0.00530714,0.00531699
-0.0286,0.00554121,0.00555195
-0.0282,0.0106817,0.00756721
-0.0278,0,0
-0.0274,0,0
-0.027,0,0
-0.0266,0.00556025,0.00557108
-0.0262,0,0
-0.0258,0,0
-0.0254,0.0103882,0.00735896
-0.025,0,0
-0.0246,0,0
-0.0242,0,0
-0.0238,0,0
-0.0234,0,0
-0.023,0,0
-0.0226,0,0
-0.0222,0.0109534,0.00776012
-0.0218,0,0
-0.0214,0.00555633,0.00556717
-0.021,0,0
-0.0206,0.0051854,0.00519485
-0.0202,0,0
-0.0198,0.0103866,0.00735927
-0.0194,0,0
-0.019,0,0
-0.0186,0,0
-0.0182,0.00516379,0.00517317
-0.0178,0,0
-0.0174,0.00469005,0.00469779
-0.017,0.00474855,0.00475648
-0.0166,0.00534086,0.0053509
-0.0162,0.00558771,0.00559869
-0.0158,0,0
-0.0154,0,0
-0.015,0,0
-0.0146,0.00492095,0.00492948
-0.0142,0.00510277,0.00511193
-0.0138,0.00530752,0.00531744
-0.0134,0,0
-0.013,0,0
-0.0126,0,0
-0.0122,0,0
-0.0118,0,0
-0.0114,0,0
-0.011,0,0
-0.0106,0.00506207,0.0050711
-0.0102,0,0
-0.0098,0.00488289,0.00489129
-0.0094,0,0
-0.009,0,0
-0.0086,0,0
-0.0082,0,0
-0.0078,0.00468608,0.00469382
-0.0074,0.0102009,0.00722609
-0.007,0.00525084,0.00526056
-0.0066,0.0052076,0.00521717
-0.0062,0,0
-0.0058,0.00506295,0.005072
-0.0054,0.0158115,0.00914651
-0.005,0.0157386,0.0091052
-0.0046,0.00948795,0.00672025
-0.0042,0.00936019,0.00662961
-0.0038,0.00551032,0.00552104
-0.0034,0.0108852,0.0077124
-0.003,0.0374719,0.01419
-0.0026,0.0394416,0.0149451
-0.0022,0.0513027,0.016274
-0.0018,0.153198,0.0276028
-0.0014,0.117156,0.024518
-0.001,0.20272,0.0325282
-0.0006,0.225965,0.034942
-0.0002,0.309097,0.0406744
0.0002,0.288022,0.0382945
0.0006,0.269618,0.0354674
0.001,0.190052,0.0309258
0.0014,0.235511,0.0355817
0.0018,0.117148,0.0239244
0.0022,0.0763404,0.019747
0.0026,0.0719004,0.019128
0.003,0.0465877,0.0155604
0.0034,0.0569915,0.0172164
0.0038,0.0149982,0.00867454
0.0042,0.0138346,0.00800045
0.0046,0.00519438,0.00520391
0.005,0.0211971,0.0106185
0.0054,0.0160362,0.00927601
0.0058,0.02093,0.0104844
0.0062,0.0104983,0.00743722
0.0066,0,0
0.007,0,0
0.0074,0.00551091,0.00552163
0.0078,0,0
0.0082,0.005001,0.00500983
0.0086,0.0151036,0.0087356
0.009,0,0
0.0094,0.00563688,0.00564808
0.0098,0.00526171,0.00527147
0.0102,0,0
0.0106,0,0
0.011,0,0
0.0114,0.0050549,0.00506391
0.0118,0,0
0.0122,0.0051316,0.00514088
0.0126,0,0
0.013,0.00518232,0.00519177
0.0134,0,0
0.0138,0,0
0.0142,0,0
0.0146,0,0
0.015,0.0107933,0.00766651
0.0154,0,0
0.0158,0.0101505,0.00719118
0.0162,0,0
0.0166,0,0
0.017,0,0
0.0174,0,0
0.0178,0,0
0.0182,0,0
0.0186,0,0
0.019,0,0
0.0194,0,0
0.0198,0,0
0.0202,0.00542351,0.00543376
0.0206,0,0
0.021,0,0
0.0214,0,0
0.0218,0,0
0.0222,0,0
0.0226,0,0
0.023,0,0
0.0234,0,0
0.0238,0,0
0.0242,0.00551392,0.00552444
0.0246,0,0
0.025,0,0
0.0254,0,0
0.0258,0,0
0.0262,0,0
0.0266,0,0
0.027,0,0
0.0274,0,0
0.0278,0,0
0.0282,0,0
0.0286,0.0051716,0.0051808
0.029,0,0
0.0294,0,0
0.0298,0,0
0.0302,0,0
0.0306,0.00529169,0.00530128
0.031,0.00527693,0.00528646
0.0314,0,0
0.0318,0.00573256,0.00574379
0.0322,0,0
0.0326,0.00466349,0.0051377
0.033,0.0112767,0.00798916
0.0334,0,0
0.0338,0,0
0.0342,0,0
0.0346,0,0
0.035,0.00553404,0.00554445
0.0354,0,0
0.0358,0.00550262,0.0055129
0.0362,0,0
0.0366,0.0107389,0.00760744
0.037,0,0
0.0374,0,0
0.0378,0,0
0.0382,0.00544514,0.00545517
0.0386,0,0
0.039,0,0
0.0394,0,0
0.0398,0,0
0.0402,0,0
0.0406,0,0
0.041,0,0
0.0414,0,0
0.0418,0,0
0.0422,0,0
0.0426,0,0
0.043,0,0
0.0434,0.010233,0.00724829
0.0438,0,0
0.0442,0,0
0.0446,0,0
0.045,0,0
0.0454,0,0
0.0458,0,0
0.0462,0,0
0.0466,0,0
0.047,0,0
0.0474,0.00531206,0.00532147
0.0478,0,0
0.0482,0,0
0.0486,0,0
0.049,0,0
0.0494,0,0
0.0498,0,0
0.0502,0,0
0.0506,0,0
0.051,0,0
0.0514,0,0
0.0518,0,0
0.0522,0,0
0.0526,0,0
0.053,0,0
0.0534,0.00285416,0.00405151
0.0538,0,0
0.0542,0.00275517,0.0039948
0.0546,0,0
0.055,0,0
0.0554,0,0
0.0558,0,0
0.0562,0,0
0.0566,0,0
0.057,0,0
0.0574,0,0
0.0578,0,0
0.0582,0,0
0.0586,0,0
0.059,0,0
0.0594,0,0
0.0598,0,0
0.0602,0,0
0.0606,0.00576018,0.00577101
0.061,0,0
0.0614,0,0
0.0618,0.00586703,0.00587825
0.0622,0,0
0.0626,0,0
0.063,0,0
0.0634,0,0
0.0638,0,0
0.0642,0,0
0.0646,0,0
0.065,0,0
0.0654,0,0
0.0658,0,0
0.0662,0.00555313,0.00556311
0.0666,0,0
0.067,0,0
0.0674,0,0
0.0678,0,0
0.0682,0,0
0.0686,0,0
0.069,0,0
0.0694,0,0
0.0698,0,0
0.0702,0,0
0.0706,0,0
0.071,0,0
0.0714,0,0
0.0718,0,0
0.0722,0,0
0.0726,0,0
0.073,0,0
0.0734,0.005171,0.00517956
0.0738,0.0108094,0.00765663
0.0742,0,0
0.0746,0.00601008,0.00602162
0.075,0,0
0.0754,0,0
0.0758,0,0
0.0762,0,0
0.0766,0,0
0.077,0,0
0.0774,0,0
0.0778,0,0
0.0782,0,0
0.0786,0,0
0.079,0,0
0.0794,0,0
0.0798,0.00504821,0.00505629
0.0802,0,0
0.0806,0,0
0.081,0,0
0.0814,0,0
0.0818,0,0
0.0822,0,0
0.0826,0,0
0.083,0,0
0.0834,0,0
0.0838,0,0
0.0842,0.00592185,0.0059329
0.0846,0,0
0.085,0,0
0.0854,0,0
0.0858,0,0
0.0862,0,0
0.0866,0,0
0.087,0,0
0.0874,0,0
0.0878,0,0
0.0882,0,0
0.0886,0.00551496,0.00552449
0.089,0,0
0.0894,0,0
0.0898,0,0
0.0902,0,0
0.0906,0,0
0.091,0,0
0.0914,0.0120423,0.00853118
0.0918,0,0
0.0922,0,0
0.0926,0,0
0.093,0,0
0.0934,0,0
0.0938,0,0
0.0942,0,0
0.0946,0,0
0.095,0,0
0.0954,0,0
0.0958,0,0
0.0962,0,0
0.0966,0,0
0.097,0,0
0.0974,0,0
0.0978,0.00595525,0.00596622
0.0982,0,0
0.0986,0,0
0.099,0,0
0.0994,0.00621716,0.00622909
0.0998,0,0
0.1002,0.00672991,0.00674387
0.1006,0,0
0.101,0,0
0.1014,0,0
0.1018,0,0
0.1022,0,0
0.1026,0,0
0.103,0,0
0.1034,0,0
0.1038,0,0
0.1042,0,0
0.1046,0,0
0.105,0,0
0.1054,0,0
0.1058,0,0
0.1062,0.00799638,0.00801598
0.1066,0,0
0.107,0,0
0.1074,0,0
0.1078,0,0
0.1082,0,0
0.1086,0,0
0.109,0,0
0.1094,0.00749905,0.00751627
0.1098,0,0
0.1102,0,0
0.1106,0,0
0.111,0.0158838,0.0112589
0.1114,0,0
0.1118,0.00788947,0.00790852
0.1122,0,0
0.1126,0,0
0.113,0.00838812,0.00840967
0.1134,0,0
0.1138,0,0
0.1142,0,0
0.1146,0.00793818,0.0079575
0.115,0,0
0.1154,0,0
0.1158,0,0
0.1162,0,0
0.1166,0,0
0.117,0,0
0.1174,0.00891827,0.00894269
0.1178,0,0
0.1182,0,0
0.1186,0.0202575,0.0143695
0.119,0,0
0.1194,0,0
0.1198,0,0
7
-0.1198,0,0
-0.1194,0,0
-0.119,0.00573153,0.00574289
-0.1186,0,0
-0.1182,0,0
-0.1178,0,0
-0.1174,0.00626338,0.00627695
-0.117,0,0
-0.1166,0,0
-0.1162,0,0
-0.1158,0,0
-0.1154,0,0
-0.115,0,0
-0.1146,0,0
-0.1142,0,0
-0.1138,0,0
-0.1134,0,0
-0.113,0,0
-0.1126,0,0
-0.1122,0,0
-0.1118,0,0
-0.1114,0,0
-0.111,0,0
-0.1106,0,0
-0.1102,0,0
-0.1098,0,0
-0.1094,0,0
-0.109,0,0
-0.1086,0,0
-0.1082,0.00526581,0.00527548
-0.1078,0,0
-0.1074,0,0
-0.107,0,0
-0.1066,0,0
-0.1062,0,0
-0.1058,0,0
-0.1054,0.00570225,0.00571361
-0.105,0.00501409,0.00502288
-0.1046,0,0
-0.1042,0.00560519,0.00561617
-0.1038,0.00562987,0.00564095
-0.1034,0.00446165,0.0048426
-0.103,0,0
-0.1026,0.0104875,0.00743178
-0.1022,0,0
-0.1018,0,0
-0.1014,0.00513903,0.00514829
-0.101,0,0
-0.1006,0.00550157,0.00551219
-0.1002,0.0105886,0.00750121
-0.0998,0,0
-0.0994,0.00504578,0.00505472
-0.099,0,0
-0.0986,0,0
-0.0982,0,0
-0.0978,0.00565417,0.00566541
-0.0974,0,0
-0.097,0,0
-0.0966,0,0
-0.0962,0,0
-0.0958,0,0
-0.0954,0.00524013,0.00524981
-0.095,0.00564464,0.00565588
-0.0946,0,0
-0.0942,0,0
-0.0938,0,0
-0.0934,0,0
-0.093,0,0
-0.0926,0,0
-0.0922,0,0
-0.0918,0,0
-0.0914,0,0
-0.091,0,0
-0.0906,0,0
-0.0902,0.00530879,0.00531878
-0.0898,0,0
-0.0894,0,0
-0.089,0,0
-0.0886,0,0
-0.0882,0,0
-0.0878,0,0
-0.0874,0.00545939,0.00546996
-0.087,0,0
-0.0866,0,0
-0.0862,0,0
-0.0858,0,0
-0.0854,0,0
-0.085,0,0
-0.0846,0,0
-0.0842,0,0
-0.0838,0,0
-0.0834,0.00546067,0.00547123
-0.083,0,0
-0.0826,0.00532142,0.00533144
-0.0822,0,0
-0.0818,0,0
-0.0814,0,0
-0.081,0,0
-0.0806,0,0
-0.0802,0,0
-0.0798,0,0
-0.0794,0,0
-0.079,0,0
-0.0786,0,0
-0.0782,0,0
-0.0778,0,0
-0.0774,0.00516793,0.00517735
-0.077,0,0
-0.0766,0.00553314,0.00554394
-0.0762,0.00553456,0.00554536
-0.0758,0.0116406,0.00824804
-0.0754,0,0
-0.075,0.00501457,0.00502343
-0.0746,0.00501773,0.0050266
-0.0742,0,0
-0.0738,0,0
-0.0734,0,0
-0.073,0.00518776,0.00519723
-0.0726,0,0
-0.0722,0,0
-0.0718,0.00538803,0.00539823
-0.0714,0,0
-0.071,0.00565703,0.00566826
-0.0706,0,0
-0.0702,0,0
-0.0698,0.00523819,0.00524782
-0.0694,0,0
-0.069,0,0
-0.0686,0.0055201,0.00553078
-0.0682,0,0
-0.0678,0.00510509,0.00511421
-0.0674,0.00520062,0.00521008
-0.067,0,0
-0.0666,0.0058043,0.00581608
-0.0662,0,0
-0.0658,0,0
-0.0654,0.011632,0.00824178
-0.065,0,0
-0.0646,0,0
-0.0642,0,0
-0.0638,0.00497515,0.00522604
-0.0634,0,0
-0.063,0,0
-0.0626,0.00519928,0.00520869
-0.0622,0.0105951,0.00750697
-0.0618,0,0
-0.0614,0.0053813,0.00539137
-0.061,0,0
-0.0606,0,0
-0.0602,0.00521028,0.00521971
-0.0598,0,0
-0.0594,0,0
-0.059,0.00494455,0.00495303
-0.0586,0,0
-0.0582,0,0
-0.0578,0,0
-0.0574,0,0
-0.057,0.00554389,0.00555452
-0.0566,0,0
-0.0562,0,0
-0.0558,0,0
-0.0554,0,0
-0.055,0,0
-0.0546,0,0
-0.0542,0.0106259,0.00752864
-0.0538,0,0
-0.0534,0.00539625,0.00540628
-0.053,0,0
-0.0526,0,0
-0.0522,0,0
-0.0518,0.00595376,0.00596594
-0.0514,0,0
-0.051,0,0
-0.0506,0,0
-0.0502,0,0
-0.0498,0,0
-0.0494,0,0
-0.049,0,0
-0.0486,0,0
-0.0482,0.00548147,0.00549175
-0.0478,0,0
-0.0474,0.00537293,0.00538278
-0.047,0,0
-0.0466,0.00567974,0.00569074
-0.0462,0,0
-0.0458,0.00527256,0.00528203
-0.0454,0,0
-0.045,0,0
-0.0446,0,0
-0.0442,0.00587379,0.00588551
-0.0438,0.00575652,0.00576777
-0.0434,0,0
-0.043,0,0
-0.0426,0.00529777,0.00530728
-0.0422,0.0054084,0.00541831
-0.0418,0.0115818,0.00820791
-0.0414,0.0113167,0.00801743
-0.041,0,0
-0.0406,0,0
-0.0402,0.00502283,0.00503135
-0.0398,0,0
-0.0394,0,0
-0.039,0,0
-0.0386,0,0
-0.0382,0,0
-0.0378,0.0105804,0.0074997
-0.0374,0,0
-0.037,0.00543888,0.00544881
-0.0366,0,0
-0.0362,0,0
-0.0358,0,0
-0.0354,0,0
-0.035,0,0
-0.0346,0,0
-0.0342,0,0
-0.0338,0,0
-0.0334,0,0
-0.033,0,0
-0.0326,0,0
-0.0322,0,0
-0.0318,0,0
-0.0314,0,0
-0.031,0.00541966,0.00542942
-0.0306,0,0
-0.0302,0.00524256,0.00525168
-0.0298,0,0
-0.0294,0,0
-0.029,0,0
-0.0286,0.0175932,0.0101772
-0.0282,0,0
-0.0278,0.00561962,0.00563004
-0.0274,0,0
-0.027,0.0116898,0.00828239
-0.0266,0.00565989,0.00567044
-0.0262,0.00578227,0.00579328
-0.0258,0,0
-0.0254,0.0053824,0.00539193
-0.025,0.00527705,0.0052862
-0.0246,0,0
-0.0242,0.00537635,0.00538582
-0.0238,0.00566338,0.00567388
-0.0234,0.00599941,0.00601119
-0.023,0,0
-0.0226,0.00600671,0.0060185
-0.0222,0.00588728,0.0058986
-0.0218,0,0
-0.0214,0,0
-0.021,0,0
-0.0206,0.00570267,0.00571326
-0.0202,0,0
-0.0198,0,0
-0.0194,0.0118038,0.00838272
-0.019,0,0
-0.0186,0,0
-0.0182,0,0
-0.0178,0.0054566,0.00546623
-0.0174,0.0102047,0.00722774
-0.017,0.00151944,0.00280775
-0.0166,0.00582201,0.00583295
-0.0162,0.00582701,0.00583795
-0.0158,0,0
-0.0154,0,0
-0.015,0,0
-0.0146,0.00559422,0.00560428
-0.0142,0.0109899,0.00778605
-0.0138,0.00055658,0.00179415
-0.0134,0.0112182,0.00795293
-0.013,0,0
-0.0126,0.0112924,0.00800028
-0.0122,0,0
-0.0118,0,0
-0.0114,0,0
-0.011,0,0
-0.0106,0,0
-0.0102,0.00549235,0.00550197
-0.0098,0.00575423,0.00576478
-0.0094,0,0
-0.009,0.00531457,0.00532355
-0.0086,0,0
-0.0082,0.0052044,0.005213
-0.0078,0.0163643,0.00946921
-0.0074,0,0
-0.007,0.00567668,0.00568689
-0.0066,0.00580108,0.00581174
-0.0062,0.00580486,0.00581553
-0.0058,0.0056484,0.0056585
-0.0054,0.0117159,0.00830055
-0.005,0.00570332,0.0057136
-0.0046,0.0114138,0.00808534
-0.0042,0.00523659,0.00524525
-0.0038,0.0264751,0.012678
-0.0034,0.00602327,0.0060347
-0.003,0.0254366,0.0123969
-0.0026,0.0636114,0.0201644
-0.0022,0.098975,0.0239621
-0.0018,0.123928,0.0262652
-0.0014,0.157164,0.0297582
-0.001,0.30167,0.0419294
-0.0006,0.433941,0.0514725
-0.0002,0.474738,0.0535639
0.0002,0.493485,0.0527636
0.0006,0.3573,0.0433076
0.001,0.47304,0.0522923
0.0014,0.311386,0.0434263
0.0018,0.195934,0.0328748
0.0022,0.218933,0.0355652
0.0026,0.0922256,0.0230504
0.003,0.0921398,0.0232365
0.0034,0.0584934,0.0186115
0.0038,0.033558,0.01373
0.0042,0.0215771,0.0108221
0.0046,0.0176848,0.0102291
0.005,0.0137509,0.00911105
0.0054,0.0485517,0.0171983
0.0058,0.0297269,0.013319
0.0062,0.02044,0.0110566
0.0066,0.00596659,0.00597766
0.007,0,0
0.0074,0.00574021,0.00575044
0.0078,0.00586677,0.00578654
0.0082,0.0118395,0.00839351
0.0086,0.012303,0.00871616
0.009,0.012039,0.00852876
0.0094,0.0128324,0.00909194
0.0098,0.00599006,0.00600117
0.0102,0.0121143,0.00858339
0.0106,0.00595729,0.00596828
0.011,0.00568332,0.00569332
0.0114,0.00575524,0.0057655
0.0118,0,0
0.0122,0.0114857,0.00813727
0.0126,0,0
0.013,0,0
0.0134,0.00533221,0.00534101
0.0138,0.00635222,0.0063647
0.0142,0.0110723,0.00784269
0.0146,0,0
0.015,6.40197e-05,0.000629475
0.0154,0.00639139,0.00640401
0.0158,0.0127829,0.00905672
0.0162,0,0
0.0166,0.00665109,0.00666476
0.017,0.00592614,0.005937
0.0174,0,0
0.0178,0.0121234,0.0085886
0.0182,0.00606807,0.00607946
0.0186,0,0
0.019,0.00554207,0.00555157
0.0194,0,0
0.0198,0,0
0.0202,0,0
0.0206,0.00550804,0.00551744
0.021,0,0
0.0214,0,0
0.0218,0.0118444,0.00839066
0.0222,0,0
0.0226,0,0
0.023,0.00594494,0.00595591
0.0234,0.00596825,0.0059793
0.0238,0,0
0.0242,0,0
0.0246,0,0
0.025,0,0
0.0254,0,0
0.0258,0,0
0.0262,0,0
0.0266,0,0
0.027,0,0
0.0274,0.00589114,0.00590195
0.0278,0,0
0.0282,0,0
0.0286,0,0
0.029,0,0
0.0294,0,0
0.0298,0,0
0.0302,0,0
0.0306,0,0
0.031,0,0
0.0314,0,0
0.0318,0,0
0.0322,0,0
0.0326,0.00722047,0.00667989
0.033,0,0
0.0334,0,0
0.0338,0,0
0.0342,0.00522991,0.00523848
0.0346,0,0
0.035,0,0
0.0354,0.00628556,0.00629795
0.0358,0,0
0.0362,0,0
0.0366,0,0
0.037,0,0
0.0374,0.00531856,0.00532745
0.0378,0,0
0.0382,0,0
0.0386,0,0
0.039,0,0
0.0394,0.00589854,0.0059095
0.0398,0.00566542,0.00567553
0.0402,0,0
0.0406,0,0
0.041,0,0
0.0414,0,0
0.0418,0,0
0.0422,0,0
0.0426,0,0
0.043,0.00559914,0.00560905
0.0434,0.005423,0.0054323
0.0438,0,0
0.0442,0,0
0.0446,0,0
0.045,0,0
0.0454,0.0108672,0.00769754
0.0458,0,0
0.0462,0,0
0.0466,0,0
0.047,0,0
0.0474,0,0
0.0478,0.00539643,0.00540568
0.0482,0,0
0.0486,0,0
0.049,0.00567103,0.00568126
0.0494,0.0054272,0.00543657
0.0498,0.00567471,0.00568496
0.0502,0,0
0.0506,0,0
0.051,0.00573077,0.00574124
0.0514,0,0
0.0518,0,0
0.0522,0,0
0.0526,0,0
0.053,0,0
0.0534,0.00829902,0.00679242
0.0538,0.0118929,0.00842557
0.0542,0.00310557,0.00430444
0.0546,0,0
0.055,0,0
0.0554,0,0
0.0558,0.00581487,0.00582572
0.0562,0,0
0.0566,0,0
0.057,0,0
0.0574,0.00550789,0.00551764
0.0578,0.00596899,0.00598045
0.0582,0,0
0.0586,0.00563167,0.00564188
0.059,0,0
0.0594,0,0
0.0598,0,0
0.0602,0,0
0.0606,0,0
0.061,0,0
0.0614,0,0
0.0618,0,0
0.0622,0,0
0.0626,0.00583984,0.00585087
0.063,0.00514663,0.0051552
0.0634,0.00494521,0.00495314
0.0638,0,0
0.0642,0,0
0.0646,0.00537815,0.00538753
0.065,0,0
0.0654,0,0
0.0658,0,0
0.0662,0.00508853,0.00509696
0.0666,0,0
0.067,0,0
0.0674,0,0
0.0678,0,0
0.0682,0,0
0.0686,0,0
0.069,0.00518129,0.00519006
0.0694,0,0
0.0698,0,0
0.0702,0,0
0.0706,0,0
0.071,0,0
0.0714,0,0
0.0718,0,0
0.0722,0,0
0.0726,0,0
0.073,0,0
0.0734,0,0
0.0738,0,0
0.0742,0,0
0.0746,0,0
0.075,0.00591466,0.00592615
0.0754,0,0
0.0758,0,0
0.0762,0,0
0.0766,0,0
0.077,0.0111093,0.00786987
0.0774,0,0
0.0778,0,0
0.0782,0,0
0.0786,0,0
0.079,0.00523654,0.00524558
0.0794,0,0
0.0798,0,0
0.0802,0,0
0.0806,0,0
0.081,0,0
0.0814,0,0
0.0818,0,0
0.0822,0,0
0.0826,0,0
0.083,0.00564512,0.00565565
0.0834,0,0
0.0838,0,0
0.0842,0.0104841,0.00742627
0.0846,0,0
0.085,0,0
0.0854,0,0
0.0858,0,0
0.0862,0,0
0.0866,0,0
0.087,0,0
0.0874,0,0
0.0878,0,0
0.0882,0,0
0.0886,0,0
0.089,0.0110767,0.00784683
0.0894,0,0
0.0898,0,0
0.0902,0,0
0.0906,0.00522472,0.00523377
0.091,0,0
0.0914,0,0
0.0918,0,0
0.0922,0,0
0.0926,0.00537948,0.00538909
0.093,0,0
0.0934,0,0
0.0938,0,0
0.0942,0,0
0.0946,0,0
0.095,0,0
0.0954,0,0
0.0958,0,0
0.0962,0,0
0.0966,0,0
0.097,0,0
0.0974,0,0
0.0978,0,0
0.0982,0,0
0.0986,0.00549657,0.00550661
0.099,0,0
0.0994,0.00569415,0.00570493
0.0998,0.00577451,0.00578559
0.1002,0,0
0.1006,0,0
0.101,0,0
0.1014,0,0
0.1018,0,0
0.1022,0,0
0.1026,0,0
0.103,0.00631194,0.00632517
0.1034,0,0
0.1038,0,0
0.1042,0.00686355,0.00687919
0.1046,0.00663417,0.00664878
0.105,0,0
0.1054,0.0138564,0.009828
0.1058,0,0
0.1062,0.00708366,0.0071003
0.1066,0,0
0.107,0,0
0.1074,0,0
0.1078,0,0
0.1082,0,0
0.1086,0.00720646,0.00722365
0.109,0,0
0.1094,0.00694033,0.00695627
0.1098,0.00800458,0.00802577
0.1102,0,0
0.1106,0,0
0.111,0.0147201,0.010434
0.1114,0,0
0.1118,0.00593379,0.00660575
0.1122,0,0
0.1126,0,0
0.113,0,0
0.1134,0,0
0.1138,0,0
0.1142,0,0
0.1146,0,0
0.115,0,0
0.1154,0,0
0.1158,0,0
0.1162,0,0
0.1166,0,0
0.117,0,0
0.1174,0,0
0.1178,0,0
0.1182,0,0
0.1186,0,0
0.119,0,0
0.1194,0.00283485,0.00514341
0.1198,0,0
8
-0.1198,0,0
-0.1194,0.00164913,0.00267945
-0.119,0,0
-0.1186,0.00413063,0.00413876
-0.1182,0,0
-0.1178,0,0
-0.1174,0.00415171,0.00415991
-0.117,0,0
-0.1166,0.00428211,0.00429083
-0.1162,0,0
-0.1158,0.00387539,0.00388253
-0.1154,0,0
-0.115,0,0
-0.1146,0,0
-0.1142,0,0
-0.1138,0,0
-0.1134,0,0
-0.113,0,0
-0.1126,0,0
-0.1122,0.00393183,0.00393914
-0.1118,0,0
-0.1114,0,0
-0.111,0.00397825,0.00398574
-0.1106,0,0
-0.1102,0,0
-0.1098,0,0
-0.1094,0,0
-0.109,0.00394293,0.00395026
-0.1086,0.00175027,0.00263213
-0.1082,0,0
-0.1078,0,0
-0.1074,0.00435252,0.00436143
-0.107,0,0
-0.1066,0.00430449,0.0043132
-0.1062,0,0
-0.1058,0.00417045,0.00417861
-0.1054,0,0
-0.105,0,0
-0.1046,0,0
-0.1042,0.00836651,0.00592762
-0.1038,0,0
-0.1034,0,0
-0.103,0.00391753,0.00392471
-0.1026,0.00408139,0.00408917
-0.1022,0,0
-0.1018,0.00407173,0.00407947
-0.1014,0,0
-0.101,0,0
-0.1006,0,0
-0.1002,0,0
-0.0998,0,0
-0.0994,0,0
-0.099,0,0
-0.0986,0,0
-0.0982,0,0
-0.0978,0.00422325,0.00423153
-0.0974,0.00822103,0.00582428
-0.097,0,0
-0.0966,0,0
-0.0962,0,0
-0.0958,0,0
-0.0954,0,0
-0.095,0,0
-0.0946,0,0
-0.0942,0.00394606,0.00395325
-0.0938,0,0
-0.0934,0,0
-0.093,0,0
-0.0926,0.00426988,0.00427828
-0.0922,0,0
-0.0918,0,0
-0.0914,0,0
-0.091,0.00381331,0.00381999
-0.0906,0,0
-0.0902,0,0
-0.0898,0.00435814,0.00436686
-0.0894,0,0
-0.089,0.00399114,0.00399844
-0.0886,0,0
-0.0882,0,0
-0.0878,0,0
-0.0874,0.00392312,0.00393016
-0.087,0,0
-0.0866,0,0
-0.0862,0,0
-0.0858,0.00429098,0.00429939
-0.0854,0,0
-0.085,0.00321259,0.00361732
-0.0846,0,0
-0.0842,0,0
-0.0838,0,0
-0.0834,0,0
-0.083,0,0
-0.0826,0,0
-0.0822,0.00410096,0.00410861
-0.0818,0,0
-0.0814,0.00429211,0.00430048
-0.081,0,0
-0.0806,0,0
-0.0802,0,0
-0.0798,0.00390209,0.00390899
-0.0794,0,0
-0.079,0,0
-0.0786,0,0
-0.0782,0,0
-0.0778,0.00391323,0.00392016
-0.0774,0,0
-0.077,0,0
-0.0766,0,0
-0.0762,0.0044176,0.00442642
-0.0758,0.00454058,0.00454989
-0.0754,0,0
-0.075,0,0
-0.0746,0,0
-0.0742,0.00418596,0.00419386
-0.0738,0,0
-0.0734,0,0
-0.073,0,0
-0.0726,0,0
-0.0722,0.00448761,0.00449668
-0.0718,0,0
-0.0714,0,0
-0.071,0,0
-0.0706,0.00465495,0.0046647
-0.0702,0,0
-0.0698,0.00272026,0.00346021
-0.0694,0,0
-0.069,0.000790316,0.00183166
-0.0686,0,0
-0.0682,0.00417616,0.004184
-0.0678,0,0
-0.0674,0,0
-0.067,0,0
-0.0666,0,0
-0.0662,0,0
-0.0658,0,0
-0.0654,0.00452464,0.00453382
-0.065,0.00223586,0.00313849
-0.0646,0.00423982,0.00424789
-0.0642,0.00461506,0.00462461
-0.0638,0.000383569,0.00127922
-0.0634,0.00425063,0.00425873
-0.063,0,0
-0.0626,0,0
-0.0622,0.00418688,0.00419474
-0.0618,0.00837489,0.00593307
-0.0614,0.00417469,0.0041825
-0.061,0,0
-0.0606,0,0
-0.0602,0,0
-0.0598,0,0
-0.0594,0,0
-0.059,0.0076556,0.00542261
-0.0586,0,0
-0.0582,0.00406199,0.00406938
-0.0578,0,0
-0.0574,0,0
-0.057,0,0
-0.0566,0,0
-0.0562,0.00429466,0.00430292
-0.0558,0,0
-0.0554,0,0
-0.055,0,0
-0.0546,0,0
-0.0542,0.00401757,0.0040248
-0.0538,0,0
-0.0534,0,0
-0.053,0,0
-0.0526,0,0
-0.0522,0,0
-0.0518,0,0
-0.0514,0.00482712,0.00483755
-0.051,0.00415836,0.0041661
-0.0506,0,0
-0.0502,0.00434644,0.00435489
-0.0498,0,0
-0.0494,0.00424171,0.00424976
-0.049,0.00424173,0.00424978
-0.0486,0,0
-0.0482,0,0
-0.0478,0,0
-0.0474,0,0
-0.047,0,0
-0.0466,0,0
-0.0462,0,0
-0.0458,0.00797225,0.00564742
-0.0454,0,0
-0.045,0,0
-0.0446,0.00411808,0.00412567
-0.0442,0,0
-0.0438,0,0
-0.0434,0.00400282,0.00400998
-0.043,0.00400335,0.00401052
-0.0426,0,0
-0.0422,0.00409586,0.00410336
-0.0418,0,0
-0.0414,0.00428026,0.00428845
-0.041,0,0
-0.0406,0,0
-0.0402,0,0
-0.0398,0.00746011,0.0052839
-0.0394,0.00408675,0.00386983
-0.039,0.0116188,0.00672024
-0.0386,0,0
-0.0382,0,0
-0.0378,0.00383748,0.00384406
-0.0374,0,0
-0.037,0,0
-0.0366,0.00427959,0.00428776
-0.0362,0.00785388,0.00585314
-0.0358,0,0
-0.0354,0,0
-0.035,0.00425936,0.00426746
-0.0346,0,0
-0.0342,0,0
-0.0338,0,0
-0.0334,0.00401169,0.00401887
-0.033,0.00853614,0.00604746
-0.0326,0.00395515,0.00396213
-0.0322,0,0
-0.0318,0,0
-0.0314,0.00412465,0.00413224
-0.031,0.00296546,0.00352928
-0.0306,0,0
-0.0302,0.00779982,0.0055249
-0.0298,0,0
-0.0294,0.00416558,0.00417331
-0.029,0,0
-0.0286,0,0
-0.0282,0,0
-0.0278,0,0
-0.0274,0,0
-0.027,0.00437192,0.00438043
-0.0266,0,0
-0.0262,0,0
-0.0258,0.00408779,0.00409523
-0.0254,0.00397226,0.00397928
-0.025,0.00389194,0.00389868
-0.0246,0.00387422,0.0038809
-0.0242,0,0
-0.0238,0,0
-0.0234,0.00441204,0.0044207
-0.023,0.00430337,0.00431161
-0.0226,0.00431999,0.0043283
-0.0222,0,0
-0.0218,0.00439456,0.00440315
-0.0214,0,0
-0.021,0,0
-0.0206,0.00417354,0.00418129
-0.0202,0.00417395,0.00418169
-0.0198,0,0
-0.0194,0,0
-0.019,0.00601984,0.00527799
-0.0186,0,0
-0.0182,0.00417093,0.00417866
-0.0178,0.00794639,0.00562887
-0.0174,0,0
-0.017,0.0106245,0.00647182
-0.0166,0.00821496,0.00582206
-0.0162,0,0
-0.0158,0.00452938,0.00453848
-0.0154,0.00195346,0.00288557
-0.015,0,0
-0.0146,0.00390291,0.00390967
-0.0142,0,0
-0.0138,0.00376467,0.00396814
-0.0134,0,0
-0.013,0,0
-0.0126,0.00827344,0.00586094
-0.0122,0,0
-0.0118,0,0
-0.0114,0.00802465,0.00568645
-0.011,0.00390539,0.00391214
-0.0106,0,0
-0.0102,0,0
-0.0098,0.00130063,0.00225335
-0.0094,0,0
-0.009,0.00383848,0.00384499
-0.0086,0.00290665,0.00344379
-0.0082,0.00819227,0.00580331
-0.0078,0.00374175,0.00374793
-0.0074,0.00460063,0.00433326
-0.007,0,0
-0.0066,0.0189078,0.00890513
-0.0062,0.0157953,0.00827041
-0.0058,0.020437,0.00915681
-0.0054,0.0125431,0.00725571
-0.005,0.0166902,0.00836225
-0.0046,0.00760058,0.00538343
-0.0042,0.0154704,0.00775914
-0.0038,0.0384675,0.0128996
-0.0034,0.0269843,0.0108275
-0.003,0.0634562,0.0165408
-0.0026,0.0963301,0.0210571
-0.0022,0.127406,0.0229917
-0.0018,0.223288,0.0297981
-0.0014,0.279241,0.0336413
-0.001,0.456652,0.0436901
-0.0006,0.447566,0.0441013
-0.0002,0.5661,0.0493959
0.0002,0.476071,0.0439738
0.0006,0.519629,0.0441217
0.001,0.372104,0.0390734
0.0014,0.326937,0.0375149
0.0018,0.211933,0.0288605
0.0022,0.159761,0.0256303
0.0026,0.139229,0.0238735
0.003,0.0922432,0.0196382
0.0034,0.0588923,0.0157218
0.0038,0.0229136,0.0093772
0.0042,0.0455244,0.0131779
0.0046,0.0251181,0.0102733
0.005,0.0115063,0.00699827
0.0054,0.00861662,0.00610438
0.0058,0.0261163,0.0105144
0.0062,0.0264085,0.0105883
0.0066,0.0287181,0.0108814
0.007,0.0305884,0.0115934
0.0074,0.0243841,0.00997261
0.0078,0.0160022,0.00804706
0.0082,0.0161335,0.00808102
0.0086,0.0124813,0.00722341
0.009,0,0
0.0094,0.0045466,0.00455564
0.0098,0.00424391,0.00425179
0.0102,0.00421957,0.00422735
0.0106,0,0
0.011,0,0
0.0114,0.00810394,0.00574061
0.0118,0.00413727,0.00414475
0.0122,0.00799667,0.00566438
0.0126,0,0
0.013,0.00417823,0.00418584
0.0134,0.00755593,0.00535167
0.0138,0,0
0.0142,0,0
0.0146,0,0
0.015,0.0128693,0.00744666
0.0154,0,0
0.0158,0,0
0.0162,0.00644276,0.00516897
0.0166,0.00824286,0.00583906
0.017,0.008925,0.00633376
0.0174,0.00432355,0.00433169
0.0178,0.00430465,0.00431272
0.0182,0.00415778,0.0041653
0.0186,0.00463239,0.00464173
0.019,0,0
0.0194,0.00402565,0.00403269
0.0198,0,0
0.0202,0.00869497,0.0061599
0.0206,0,0
0.021,0,0
0.0214,0.00875455,0.00620225
0.0218,0,0
0.0222,0.0158861,0.00795684
0.0226,0,0
0.023,0,0
0.0234,0,0
0.0238,0,0
0.0242,0,0
0.0246,0.00878048,0.00622057
0.025,0,0
0.0254,0,0
0.0258,0,0
0.0262,0.00815176,0.00577436
0.0266,0,0
0.027,0.00884859,0.00627488
0.0274,0,0
0.0278,0,0
0.0282,0.00804809,0.00570078
0.0286,0,0
0.029,0,0
0.0294,0.00457401,0.00458306
0.0298,0,0
0.0302,0.00418926,0.00419686
0.0306,0.00799636,0.00566407
0.031,0,0
0.0314,0,0
0.0318,0,0
0.0322,0,0
0.0326,0.00407344,0.00408061
0.033,0.00445216,0.00446072
0.0334,0,0
0.0338,0,0
0.0342,0,0
0.0346,0,0
0.035,0,0
0.0354,0,0
0.0358,0.00433102,0.00433911
0.0362,0,0
0.0366,0.00423513,0.00424286
0.037,0.0042359,0.00424364
0.0374,0,0
0.0378,0,0
0.0382,0,0
0.0386,0,0
0.039,0.00429948,0.00430744
0.0394,0,0
0.0398,0.00828526,0.00586903
0.0402,0,0
0.0406,0,0
0.041,0,0
0.0414,0.00408115,0.00408832
0.0418,0,0
0.0422,0,0
0.0426,0,0
0.043,0.00811036,0.00574551
0.0434,0,0
0.0438,0,0
0.0442,0,0
0.0446,0.00848451,0.0060104
0.045,0,0
0.0454,0.0040078,0.00401469
0.0458,0,0
0.0462,0,0
0.0466,0.0040251,0.00403205
0.047,0,0
0.0474,0.0041032,0.00411043
0.0478,0.00399618,0.00400303
0.0482,0,0
0.0486,0,0
0.049,0,0
0.0494,0,0
0.0498,0,0
0.0502,0,0
0.0506,0.00389533,0.00390182
0.051,0,0
0.0514,0,0
0.0518,0,0
0.0522,0,0
0.0526,0,0
0.053,0.00390395,0.00391046
0.0534,0,0
0.0538,0,0
0.0542,0,0
0.0546,0.00403206,0.004039
0.055,0,0
0.0554,0,0
0.0558,0,0
0.0562,0.00393477,0.00394136
0.0566,0.00442176,0.00443007
0.057,0.00412651,0.00413375
0.0574,0,0
0.0578,0,0
0.0582,0,0
0.0586,0.00413332,0.00414057
0.059,0,0
0.0594,0,0
0.0598,0.00796575,0.00564216
0.0602,0,0
0.0606,0,0
0.061,0.0042964,0.00430421
0.0614,0,0
0.0618,0,0
0.0622,0.00853753,0.00604784
0.0626,0.00427109,0.0042788
0.063,0,0
0.0634,0.00379637,0.00380245
0.0638,0,0
0.0642,0,0
0.0646,0,0
0.065,0.00879545,0.00623477
0.0654,0.00405053,0.00405744
0.0658,0,0
0.0662,0,0
0.0666,0,0
0.067,0.00429917,0.00430693
0.0674,0.00459263,0.00460147
0.0678,0,0
0.0682,0,0
0.0686,0,0
0.069,0.00422938,0.00423686
0.0694,0,0
0.0698,0.00421045,0.00421786
0.0702,0.00418845,0.00419578
0.0706,0,0
0.071,0.00421914,0.00422657
0.0714,0,0
0.0718,0,0
0.0722,0.0128449,0.00742998
0.0726,0,0
0.073,0,0
0.0734,0,0
0.0738,0.00416047,0.00416766
0.0742,0.00442805,0.00443619
0.0746,0,0
0.075,0,0
0.0754,0,0
0.0758,0,0
0.0762,0,0
0.0766,0.00436639,0.00437429
0.077,0,0
0.0774,0.00441362,0.00442168
0.0778,0.00426713,0.00427465
0.0782,0,0
0.0786,0,0
0.079,0,0
0.0794,0.00856978,0.00607047
0.0798,0,0
0.0802,0.00894175,0.00650018
0.0806,0,0
0.081,0,0
0.0814,0,0
0.0818,0,0
0.0822,0,0
0.0826,0.00453702,0.00454548
0.083,0,0
0.0834,0,0
0.0838,0,0
0.0842,0,0
0.0846,0,0
0.085,0.00928592,0.00657864
0.0854,0,0
0.0858,0,0
0.0862,0,0
0.0866,0,0
0.087,0,0
0.0874,0,0
0.0878,0,0
0.0882,0,0
0.0886,0,0
0.089,0,0
0.0894,0,0
0.0898,0,0
0.0902,0,0
0.0906,0,0
0.091,0,0
0.0914,0,0
0.0918,0,0
0.0922,0,0
0.0926,0,0
0.093,0,0
0.0934,0,0
0.0938,0,0
0.0942,0.00474105,0.00475017
0.0946,0,0
0.095,0,0
0.0954,0,0
0.0958,0.00468043,0.00468931
0.0962,0.00906511,0.00642178
0.0966,0,0
0.097,0,0
0.0974,0,0
0.0978,0.00455127,0.00455966
0.0982,0.00462696,0.00463562
0.0986,0,0
0.099,0.00451659,0.00452484
0.0994,0,0
0.0998,0,0
0.1002,0,0
0.1006,0,0
0.101,0,0
0.1014,0,0
0.1018,0,0
0.1022,0,0
0.1026,0,0
0.103,0,0
0.1034,0,0
0.1038,0.00486215,0.00487168
0.1042,0,0
0.1046,0,0
0.105,0.0115139,0.00816048
0.1054,0,0
0.1058,0,0
0.1062,0,0
0.1066,0,0
0.107,0,0
0.1074,0,0
0.1078,0.00528528,0.00529653
0.1082,0,0
0.1086,0,0
0.109,0,0
0.1094,0.0116813,0.00828179
0.1098,0,0
0.1102,0,0
0.1106,0,0
0.111,0,0
0.1114,0.0059739,0.00598827
0.1118,0.00113461,0.0026148
0.1122,0.00669121,0.00670923
0.1126,0.00637818,0.00639456
0.113,0,0
0.1134,0.00674195,0.00676025
0.1138,0,0
0.1142,0,0
0.1146,0,0
0.115,0.00634674,0.00636296
0.1154,0,0
0.1158,0,0
0.1162,0,0
0.1166,0.00709026,0.0071105
0.117,0,0
0.1174,0,0
0.1178,0,0
0.1182,0,0
0.1186,0,0
0.119,0,0
0.1194,0.00520654,0.00626699
0.1198,0,0
9
-0.1198,0,0
-0.1194,0.00261486,0.00332875
-0.119,0,0
-0.1186,0,0
-0.1182,0,0
-0.1178,0,0
-0.1174,0,0
-0.117,0,0
-0.1166,0,0
-0.1162,0,0
-0.1158,0.003737,0.00374389
-0.1154,0.00366453,0.00367115
-0.115,0,0
-0.1146,0,0
-0.1142,0.00804493,0.00569994
-0.1138,0,0
-0.1134,0,0
-0.113,0.00391401,0.00392159
-0.1126,0,0
-0.1122,0,0
-0.1118,0,0
-0.1114,0,0
-0.111,0,0
-0.1106,0,0
-0.1102,0.00357465,0.003581
-0.1098,0,0
-0.1094,0,0
-0.109,0,0
-0.1086,0.00207343,0.00278541
-0.1082,0,0
-0.1078,0.00390817,0.00391579
-0.1074,0.00390588,0.0039135
-0.107,0,0
-0.1066,0,0
-0.1062,0.00404278,0.00405096
-0.1058,0,0
-0.1054,0,0
-0.105,0,0
-0.1046,0.00739122,0.00523608
-0.1042,0,0
-0.1038,0,0
-0.1034,0,0
-0.103,0,0
-0.1026,0,0
-0.1022,0,0
-0.1018,0,0
-0.1014,0,0
-0.101,0,0
-0.1006,0,0
-0.1002,0,0
-0.0998,0,0
-0.0994,0,0
-0.099,0,0
-0.0986,0,0
-0.0982,0,0
-0.0978,0,0
-0.0974,0,0
-0.097,0,0
-0.0966,0,0
-0.0962,0,0
-0.0958,0,0
-0.0954,0,0
-0.095,0,0
-0.0946,0.00387727,0.00388492
-0.0942,0,0
-0.0938,0.0038038,0.00381117
-0.0934,0,0
-0.093,0,0
-0.0926,0,0
-0.0922,0.00385036,0.00385793
-0.0918,0,0
-0.0914,0,0
-0.091,0.00362745,0.00363418
-0.0906,0,0
-0.0902,0,0
-0.0898,0.00390497,0.00391279
-0.0894,0,0
-0.089,0.00356888,0.00357542
-0.0886,0,0
-0.0882,0,0
-0.0878,0,0
-0.0874,0,0
-0.087,0,0
-0.0866,0,0
-0.0862,0.00357693,0.00358351
-0.0858,0,0
-0.0854,0.003917,0.0039249
-0.085,0.000749032,0.00164409
-0.0846,0,0
-0.0842,0.00364779,0.00365465
-0.0838,0.00370737,0.00371446
-0.0834,0,0
-0.083,0,0
-0.0826,0,0
-0.0822,0,0
-0.0818,0,0
-0.0814,0,0
-0.081,0.00338859,0.00339454
-0.0806,0,0
-0.0802,0.00341835,0.0034244
-0.0798,0.00341694,0.00342299
-0.0794,0.00371307,0.00372021
-0.079,0.0038772,0.00388499
-0.0786,0,0
-0.0782,0,0
-0.0778,0.00364304,0.00364993
-0.0774,0,0
-0.077,0,0
-0.0766,0,0
-0.0762,0,0
-0.0758,0,0
-0.0754,0,0
-0.075,0.00325546,0.00326097
-0.0746,0,0
-0.0742,0.00362613,0.00363297
-0.0738,0.00349155,0.00349791
-0.0734,0,0
-0.073,0,0
-0.0726,0.0112527,0.0065095
-0.0722,0.00375954,0.00376691
-0.0718,0,0
-0.0714,0,0
-0.071,0,0
-0.0706,0.00379993,0.00380748
-0.0702,0,0
-0.0698,0.00520209,0.00443781
-0.0694,0,0
-0.069,0.0106517,0.00636547
-0.0686,0,0
-0.0682,0.00358369,0.00359041
-0.0678,0,0
-0.0674,0,0
-0.067,0.00330212,0.00330784
-0.0666,0,0
-0.0662,0.0038792,0.00388709
-0.0658,0,0
-0.0654,0.00386819,0.00387604
-0.065,0.00183915,0.00263122
-0.0646,0.00362122,0.00362811
-0.0642,0.00393986,0.00394801
-0.0638,0,0
-0.0634,0,0
-0.063,0,0
-0.0626,0,0
-0.0622,0.00343888,0.0034451
-0.0618,0.00737489,0.00522496
-0.0614,0,0
-0.061,0,0
-0.0606,0.00373151,0.00373884
-0.0602,0,0
-0.0598,0.00692757,0.00491481
-0.0594,0,0
-0.059,0.00338707,0.00339313
-0.0586,0.00350691,0.00351339
-0.0582,0,0
-0.0578,0,0
-0.0574,0,0
-0.057,0.00362936,0.00363632
-0.0566,0.0034957,0.00350216
-0.0562,0,0
-0.0558,0,0
-0.0554,0.00379028,0.00379788
-0.055,0,0
-0.0546,0,0
-0.0542,0,0
-0.0538,0,0
-0.0534,0,0
-0.053,0.00350691,0.00351343
-0.0526,0.00728803,0.00516795
-0.0522,0.00734919,0.00521339
-0.0518,0,0
-0.0514,0.00407471,0.00408351
-0.051,0,0
-0.0506,0.00350867,0.00351519
-0.0502,0,0
-0.0498,0,0
-0.0494,0,0
-0.049,0,0
-0.0486,0.00359653,0.00360339
-0.0482,0.00352524,0.00353184
-0.0478,0.00384805,0.00385592
-0.0474,0,0
-0.047,0,0
-0.0466,0.0036394,0.00364645
-0.0462,0,0
-0.0458,0.00665622,0.004715
-0.0454,0.003426,0.00343225
-0.045,0,0
-0.0446,0.00345655,0.00346292
-0.0442,0.00370617,0.00371349
-0.0438,0,0
-0.0434,0.00341928,0.00342552
-0.043,0,0
-0.0426,0,0
-0.0422,0,0
-0.0418,0.00375256,0.00376008
-0.0414,0.0067493,0.00478989
-0.041,0.00316922,0.00317459
-0.0406,0,0
-0.0402,0,0
-0.0398,0.00616034,0.00436345
-0.0394,0.00268428,0.00286432
-0.039,0.00325586,0.00326154
-0.0386,0.00625519,0.00443051
-0.0382,0,0
-0.0378,0.00343331,0.00343964
-0.0374,0,0
-0.037,0,0
-0.0366,0,0
-0.0362,0.00769011,0.00520716
-0.0358,0,0
-0.0354,0,0
-0.035,0.00353171,0.00353842
-0.0346,0.010411,0.00602385
-0.0342,0.00684647,0.00485126
-0.0338,0.00349575,0.00350234
-0.0334,0,0
-0.033,0.00352949,0.00353621
-0.0326,0.00324307,0.00324875
-0.0322,0.00324156,0.00324724
-0.0318,0.00343903,0.00344541
-0.0314,0,0
-0.031,0.00100541,0.00186613
-0.0306,0,0
-0.0302,0,0
-0.0298,0,0
-0.0294,0.00343461,0.00344099
-0.029,0,0
-0.0286,0,0
-0.0282,0,0
-0.0278,0.00683665,0.00484321
-0.0274,0,0
-0.027,0,0
-0.0266,0,0
-0.0262,0.00349985,0.0035065
-0.0258,0,0
-0.0254,0.00659408,0.00467157
-0.025,0,0
-0.0246,0,0
-0.0242,0,0
-0.0238,0,0
-0.0234,0.00699892,0.00496045
-0.023,0,0
-0.0226,0.00359411,0.00360116
-0.0222,0.0106737,0.00617463
-0.0218,0.00708874,0.00502221
-0.0214,0.00713347,0.00505396
-0.021,0,0
-0.0206,0.00338965,0.00339594
-0.0202,0.00338783,0.00339412
-0.0198,0,0
-0.0194,0.0131491,0.00658756
-0.019,0.00259046,0.00311636
-0.0186,0,0
-0.0182,0,0
-0.0178,0.00330385,0.00330984
-0.0174,0,0
-0.017,0,0
-0.0166,0.00663023,0.00469893
-0.0162,0.0035702,0.00357722
-0.0158,0.0145209,0.00727532
-0.0154,0.00184696,0.00251818
-0.015,0.006576,0.00465837
-0.0146,0.00313927,0.00314471
-0.0142,0,0
-0.0138,0.00334693,0.00335311
-0.0134,0.00312609,0.00313149
-0.013,0,0
-0.0126,0,0
-0.0122,0.00649572,0.00460164
-0.0118,0,0
-0.0114,0.00329386,0.00329987
-0.011,0,0
-0.0106,0.00964945,0.00558107
-0.0102,0.00630738,0.0044678
-0.0098,0.0119636,0.00626174
-0.0094,0.00309806,0.00310339
-0.009,0.00913401,0.00528247
-0.0086,0.0197304,0.00788764
-0.0082,0.00973382,0.00563002
-0.0078,0.0214117,0.00811147
-0.0074,0.0219816,0.00840257
-0.007,0.0328488,0.0104079
-0.0066,0.0279461,0.00961731
-0.0062,0.024701,0.00913781
-0.0058,0.0192724,0.00788234
-0.0054,0.0099005,0.00572708
-0.005,0.0322369,0.0102127
-0.0046,0.0122066,0.00611695
-0.0042,0.0151358,0.00678858
-0.0038,0.0362235,0.0111037
-0.0034,0.0367383,0.0112197
-0.003,0.0438483,0.0121845
-0.0026,0.0648616,0.0153309
-0.0022,0.084457,0.0165769
-0.0018,0.158739,0.0222723
-0.0014,0.186939,0.0245441
-0.001,0.387886,0.0355809
-0.0006,0.448524,0.0390992
-0.0002,0.513435,0.0415673
0.0002,0.464957,0.0381762
0.0006,0.365502,0.0326956
0.001,0.314551,0.0316327
0.0014,0.184668,0.0249558
0.0018,0.131587,0.0200645
0.0022,0.0892512,0.0169085
0.0026,0.0691557,0.0148401
0.003,0.0458098,0.0122415
0.0034,0.042233,0.0117356
0.0038,0.0154059,0.00690519
0.0042,0.0245428,0.00870771
0.0046,0.0162477,0.00727954
0.005,0.00981029,0.00567469
0.0054,0.0265754,0.00941398
0.0058,0.0222566,0.00854613
0.0062,0.0338159,0.010543
0.0066,0.0156733,0.00702655
0.007,0.020618,0.00843368
0.0074,0.0348977,0.0105447
0.0078,0.015575,0.00697767
0.0082,0.0124558,0.00623893
0.0086,0.0223939,0.00848407
0.009,0.0128432,0.00643525
0.0094,0.0140163,0.00702209
0.0098,0.00653791,0.00463158
0.0102,0.00671792,0.00475935
0.0106,0.00329067,0.00329682
0.011,0,0
0.0114,0.006266,0.00443862
0.0118,0.0063888,0.00452584
0.0122,0,0
0.0126,0.0154371,0.00691606
0.013,0.00640763,0.00453914
0.0134,0.0064054,0.00453757
0.0138,0.00607861,0.00430567
0.0142,0,0
0.0146,0,0
0.015,0.00334237,0.00334873
0.0154,0.00692673,0.00490761
0.0158,0.00614512,0.00435287
0.0162,0.00139764,0.00210895
0.0166,0.0130363,0.00654232
0.017,0,0
0.0174,0.016301,0.00730432
0.0178,0,0
0.0182,0.00644959,0.00456971
0.0186,0.00352613,0.00353323
0.019,0.00352511,0.00353222
0.0194,0.00306151,0.00306687
0.0198,0.00318814,0.00319396
0.0202,0.0067146,0.00475707
0.0206,0.0033563,0.00336275
0.021,0.00628424,0.00445769
0.0214,0.00330456,0.00331081
0.0218,0.00640676,0.00453859
0.0222,0.00300399,0.00300917
0.0226,0,0
0.023,0.003132,0.00313762
0.0234,0,0
0.0238,0.0164073,0.00735205
0.0242,0,0
0.0246,0.00995373,0.00575774
0.025,0.0029344,0.00293934
0.0254,0.00649056,0.00459933
0.0258,0,0
0.0262,0,0
0.0266,0.00312751,0.00313313
0.027,0.00347951,0.00348647
0.0274,0.00315259,0.0031583
0.0278,0.0031021,0.00310763
0.0282,0.00302863,0.00303391
0.0286,0,0
0.029,0.0031853,0.00319114
0.0294,0.010279,0.00594634
0.0298,0.00354853,0.00355578
0.0302,0.00314602,0.00315172
0.0306,0.00300121,0.0030064
0.031,0.00626729,0.00443965
0.0314,0.00315263,0.00315836
0.0318,0,0
0.0322,0,0
0.0326,0.00638781,0.00452973
0.033,0.00666695,0.00472332
0.0334,0.00308462,0.00309011
0.0338,0,0
0.0342,0.0031584,0.00316415
0.0346,0.00627945,0.00444837
0.035,0,0
0.0354,0.00325669,0.00326282
0.0358,0.00323334,0.00323938
0.0362,0,0
0.0366,0.00313993,0.00314563
0.037,0,0
0.0374,0.00290937,0.00291427
0.0378,0.00667118,0.00472634
0.0382,0,0
0.0386,0.00731171,0.0051811
0.039,0.00691111,0.00489667
0.0394,0,0
0.0398,0,0
0.0402,0.00575537,0.00407645
0.0406,0,0
0.041,0.00632171,0.00447903
0.0414,0.00321661,0.0032226
0.0418,0,0
0.0422,0.00328694,0.0032932
0.0426,0.00299353,0.00299872
0.043,0,0
0.0434,0,0
0.0438,0,0
0.0442,0.00996716,0.00576641
0.0446,0,0
0.045,0.00899254,0.00520385
0.0454,0.0059296,0.00420008
0.0458,0,0
0.0462,0,0
0.0466,0.0029743,0.00297944
0.047,0,0
0.0474,0,0
0.0478,0.00294941,0.00295447
0.0482,0.00327898,0.00328523
0.0486,0.00346191,0.00346887
0.049,0.00656303,0.00465663
0.0494,0.00296938,0.0029745
0.0498,0.0031057,0.00311131
0.0502,0,0
0.0506,0.00572905,0.00405781
0.051,0,0
0.0514,0.0100814,0.00583187
0.0518,0.0193249,0.00790569
0.0522,0.00316306,0.00316888
0.0526,0,0
0.053,0,0
0.0534,0.00616598,0.00437377
0.0538,0.00652228,0.00462073
0.0542,0.0030622,0.00306767
0.0546,0,0
0.055,0.00320197,0.00320795
0.0554,0,0
0.0558,0,0
0.0562,0.00286654,0.00287134
0.0566,0.0032186,0.00322465
0.057,0,0
0.0574,0.0030259,0.00303125
0.0578,0.0032362,0.00324232
0.0582,0,0
0.0586,0,0
0.059,0.00319226,0.00319823
0.0594,0,0
0.0598,0.00576211,0.00408131
0.0602,0.00601411,0.00426012
0.0606,0,0
0.061,0,0
0.0614,0.00325714,0.00326336
0.0618,0.00641146,0.00454212
0.0622,0,0
0.0626,0,0
0.063,0.00283492,0.00283964
0.0634,0,0
0.0638,0.00583214,0.00413102
0.0642,0.0058776,0.00416346
0.0646,0.00325691,0.00326315
0.065,0,0
0.0654,0.00303131,0.00303672
0.0658,0.00289232,0.00289724
0.0662,0,0
0.0666,0.00280595,0.00281059
0.067,0.00286644,0.00287128
0.0674,0,0
0.0678,0,0
0.0682,0.00590064,0.00417965
0.0686,0,0
0.069,0,0
0.0694,0,0
0.0698,0.00297502,0.00298025
0.0702,0.00295672,0.00296189
0.0706,0.00289695,0.00290192
0.071,0.00295024,0.00295539
0.0714,0,0
0.0718,0.00627024,0.00444298
0.0722,0.00595648,0.00421931
0.0726,0,0
0.073,0.00295654,0.00296172
0.0734,0.00557708,0.00395012
0.0738,0.00309743,0.00310312
0.0742,0.00619221,0.00438661
0.0746,0.00321596,0.0032221
0.075,0,0
0.0754,0.00326677,0.00327311
0.0758,0,0
0.0762,0.00610263,0.00432306
0.0766,0,0
0.077,0,0
0.0774,0,0
0.0778,0,0
0.0782,0,0
0.0786,0,0
0.079,0,0
0.0794,0.00888041,0.00513619
0.0798,0,0
0.0802,0.000328146,0.00103878
0.0806,0,0
0.081,0.00939359,0.0054354
0.0814,0.0031188,0.00312462
0.0818,0,0
0.0822,0,0
0.0826,0,0
0.083,0,0
0.0834,0.00295362,0.00295885
0.0838,0,0
0.0842,0,0
0.0846,0,0
0.085,0.00316647,0.0031725
0.0854,0.00289548,0.00290052
0.0858,0,0
0.0862,0.00287743,0.00288241
0.0866,0.00566299,0.00401124
0.087,0,0
0.0874,0,0
0.0878,0,0
0.0882,0,0
0.0886,0.00304215,0.00304773
0.089,0,0
0.0894,0,0
0.0898,0.00604787,0.0042843
0.0902,0,0
0.0906,0.00286724,0.00287221
0.091,0.00198087,0.00242289
0.0914,0,0
0.0918,0.00281969,0.0028245
0.0922,0.00283235,0.0028372
0.0926,0,0
0.093,0.00316247,0.00316852
0.0934,0.00591105,0.00418722
0.0938,0,0
0.0942,0.00212398,0.00260295
0.0946,0.00308243,0.00308818
0.095,0,0
0.0954,0.00291291,0.00291805
0.0958,0.00313038,0.00313631
0.0962,0,0
0.0966,0.00302973,0.00303529
0.097,0,0
0.0974,0,0
0.0978,0,0
0.0982,0.00308737,0.00309315
0.0986,0.00304333,0.00304895
0.099,0.0031205,0.0031264
0.0994,0.00316428,0.00317035
0.0998,0.0066145,0.00468654
0.1002,0.00684399,0.00484947
0.1006,0,0
0.101,0.00680367,0.00482084
0.1014,0,0
0.1018,0,0
0.1022,0,0
0.1026,0,0
0.103,0.00728245,0.00516753
0.1034,0.00672431,0.00476639
0.1038,0,0
0.1042,0.00738743,0.00523618
0.1046,0.00363034,0.00363833
0.105,0,0
0.1054,0,0
0.1058,0,0
0.1062,0,0
0.1066,0.00387187,0.00388096
0.107,0,0
0.1074,0.00362041,0.00362836
0.1078,0.00373568,0.00374415
0.1082,0.00362504,0.00363301
0.1086,0,0
0.109,0,0
0.1094,0,0
0.1098,0,0
0.1102,0.00925847,0.00656512
0.1106,0.00408619,0.00409633
0.111,0.00400377,0.0040135
0.1114,0,0
0.1118,0,0
0.1122,0,0
0.1126,0.00468054,0.00469384
0.113,0.0086978,0.00616652
0.1134,0.00446921,0.00448134
0.1138,0.00437585,0.00438748
0.1142,0.0043331,0.0043445
0.1146,0.0040041,0.00401384
0.115,0,0
0.1154,0.00367988,0.00368811
0.1158,0,0
0.1162,0.00584492,0.00586566
0.1166,0,0
0.117,0.00967215,0.00686107
0.1174,0.00923281,0.00654884
0.1178,0,0
0.1182,0.00994951,0.00705664
0.1186,0,0
0.119,0,0
0.1194,0.0100935,0.00715907
0.1198,0,0
