# X , Y , E Distribution=true
1
-0.1198,0.0134314,0.0134585
-0.1194,0.0134975,0.0135248
-0.119,0,0
-0.1186,0,0
-0.1182,0,0
-0.1178,0.0128045,0.0128291
-0.1174,0,0
-0.117,0,0
-0.1166,0,0
-0.1162,0,0
-0.1158,0,0
-0.1154,0,0
-0.115,0,0
-0.1146,0,0
-0.1142,0,0
-0.1138,0,0
-0.1134,0,0
-0.113,0,0
-0.1126,0,0
-0.1122,0,0
-0.1118,0,0
-0.1114,0,0
-0.111,0.013046,0.0130715
-0.1106,0,0
-0.1102,0.00940295,0.0107253
-0.1098,0,0
-0.1094,0.0132942,0.0133206
-0.109,0,0
-0.1086,0,0
-0.1082,0,0
-0.1078,0,0
-0.1074,0.0126088,0.0126325
-0.107,0,0
-0.1066,0,0
-0.1062,0,0
-0.1058,0,0
-0.1054,0,0
-0.105,0,0
-0.1046,0,0
-0.1042,0,0
-0.1038,0,0
-0.1034,0,0
-0.103,0,0
-0.1026,0,0
-0.1022,0,0
-0.1018,0,0
-0.1014,0,0
-0.101,0,0
-0.1006,0,0
-0.1002,0,0
-0.0998,0,0
-0.0994,0,0
-0.099,0,0
-0.0986,0,0
-0.0982,0,0
-0.0978,0,0
-0.0974,0,0
-0.097,0.0125495,0.0125729
-0.0966,0,0
-0.0962,0,0
-0.0958,0,0
-0.0954,0,0
-0.095,0,0
-0.0946,0,0
-0.0942,0,0
-0.0938,0,0
-0.0934,0,0
-0.093,0,0
-0.0926,0,0
-0.0922,0,0
-0.0918,0,0
-0.0914,0,0
-0.091,0,0
-0.0906,0,0
-0.0902,0,0
-0.0898,0,0
-0.0894,0,0
-0.089,0,0
-0.0886,0,0
-0.0882,0,0
-0.0878,0,0
-0.0874,0,0
-0.087,0,0
-0.0866,0,0
-0.0862,0,0
-0.0858,0,0
-0.0854,0,0
-0.085,0,0
-0.0846,0,0
-0.0842,0,0
-0.0838,0,0
-0.0834,0,0
-0.083,0,0
-0.0826,0,0
-0.0822,0,0
-0.0818,0,0
-0.0814,0,0
-0.081,0,0
-0.0806,0,0
-0.0802,0,0
-0.0798,0,0
-0.0794,0,0
-0.079,0.0121481,0.0121699
-0.0786,0,0
-0.0782,0.0124608,0.0124837
-0.0778,0,0
-0.0774,0,0
-0.077,0,0
-0.0766,0,0
-0.0762,0,0
-0.0758,0,0
-0.0754,0,0
-0.075,0,0
-0.0746,0,0
-0.0742,0,0
-0.0738,0,0
-0.0734,0,0
-0.073,0,0
-0.0726,0,0
-0.0722,0.0135032,0.01353
-0.0718,0,0
-0.0714,0,0
-0.071,0.0124903,0.0125132
-0.0706,0,0
-0.0702,0,0
-0.0698,0,0
-0.0694,0,0
-0.069,0,0
-0.0686,0,0
-0.0682,0,0
-0.0678,0.0132428,0.0132685
-0.0674,0,0
-0.067,0,0
-0.0666,0,0
-0.0662,0,0
-0.0658,0,0
-0.0654,0,0
-0.065,0.011338,0.012063
-0.0646,0,0
-0.0642,0,0
-0.0638,0,0
-0.0634,0,0
-0.063,0,0
-0.0626,0,0
-0.0622,0.0128728,0.012897
-0.0618,0,0
-0.0614,0,0
-0.061,0,0
-0.0606,0,0
-0.0602,0,0
-0.0598,0,0
-0.0594,0,0
-0.059,0.012931,0.0129554
-0.0586,0,0
-0.0582,0,0
-0.0578,0,0
-0.0574,0,0
-0.057,0,0
-0.0566,0,0
-0.0562,0,0
-0.0558,0,0
-0.0554,0,0
-0.055,0,0
-0.0546,0,0
-0.0542,0,0
-0.0538,0,0
-0.0534,0,0
-0.053,0,0
-0.0526,0,0
-0.0522,0.0137863,0.0138139
-0.0518,0,0
-0.0514,0,0
-0.051,0,0
-0.0506,0,0
-0.0502,0,0
-0.0498,0,0
-0.0494,0,0
-0.049,0.0118643,0.0118848
-0.0486,0,0
-0.0482,0,0
-0.0478,0,0
-0.0474,0,0
-0.047,0,0
-0.0466,0,0
-0.0462,0,0
-0.0458,0,0
-0.0454,0,0
-0.045,0,0
-0.0446,0,0
-0.0442,0,0
-0.0438,0,0
-0.0434,0,0
-0.043,0,0
-0.0426,0,0
-0.0422,0,0
-0.0418,0,0
-0.0414,0,0
-0.041,0,0
-0.0406,0,0
-0.0402,0,0
-0.0398,0,0
-0.0394,0,0
-0.039,0,0
-0.0386,0,0
-0.0382,0,0
-0.0378,0,0
-0.0374,0.0127516,0.0127751
-0.037,0,0
-0.0366,0,0
-0.0362,0,0
-0.0358,0,0
-0.0354,0.0139383,0.0139663
-0.035,0.0126023,0.0126252
-0.0346,0,0
-0.0342,0,0
-0.0338,0,0
-0.0334,0,0
-0.033,0,0
-0.0326,0,0
-0.0322,0,0
-0.0318,0,0
-0.0314,0.0128786,0.0129025
-0.031,0.012083,0.0121041
-0.0306,0,0
-0.0302,0.012556,0.0125787
-0.0298,0.0133787,0.0134045
-0.0294,0,0
-0.029,0,0
-0.0286,0,0
-0.0282,0.00954639,0.0114561
-0.0278,0,0
-0.0274,0,0
-0.027,0,0
-0.0266,0,0
-0.0262,0,0
-0.0258,0,0
-0.0254,0.0126485,0.0126715
-0.025,0.0121915,0.0122129
-0.0246,0,0
-0.0242,0,0
-0.0238,0,0
-0.0234,0,0
-0.023,0,0
-0.0226,0,0
-0.0222,0,0
-0.0218,0.0265847,0.0188341
-0.0214,0,0
-0.021,0,0
-0.0206,0,0
-0.0202,0.0139572,0.0139851
-0.0198,0,0
-0.0194,0.00464578,0.00751224
-0.019,0.0219061,0.0164793
-0.0186,0,0
-0.0182,0,0
-0.0178,0,0
-0.0174,0,0
-0.017,0.0132322,0.0132573
-0.0166,0,0
-0.0162,0,0
-0.0158,0.0131654,0.0131902
-0.0154,0,0
-0.015,0,0
-0.0146,0,0
-0.0142,0,0
-0.0138,0,0
-0.0134,0.0192788,0.0160162
-0.013,0,0
-0.0126,0,0
-0.0122,0,0
-0.0118,0,0
-0.0114,0,0
-0.011,0,0
-0.0106,0,0
-0.0102,0,0
-0.0098,0,0
-0.0094,0.00629307,0.0089541
-0.009,0.0132298,0.0132548
-0.0086,0,0
-0.0082,0.0277616,0.0196694
-0.0078,0,0
-0.0074,0,0
-0.007,0,0
-0.0066,0.0249241,0.0176586
-0.0062,0.012474,0.0124962
-0.0058,0,0
-0.0054,0.0354266,0.0212195
-0.005,0.0169241,0.0147934
-0.0046,0.0260734,0.0184709
-0.0042,0.0619853,0.0280583
-0.0038,0.126881,0.0417997
-0.0034,0.160233,0.0462624
-0.003,0.161518,0.0479648
-0.0026,0.414785,0.0734067
-0.0022,0.795439,0.0994611
-0.0018,1.092,0.116516
-0.0014,2.21278,0.170343
-0.001,3.75189,0.22536
-0.0006,4.51238,0.253412
-0.0002,4.51883,0.247011
0.0002,4.24857,0.233356
0.0006,2.91462,0.190979
0.001,2.04873,0.164553
0.0014,1.03504,0.11416
0.0018,0.639249,0.0869288
0.0022,0.342698,0.0674973
0.0026,0.112303,0.0397861
0.003,0.0409173,0.022983
0.0034,0,0
0.0038,0.0119512,0.0119714
0.0042,0.0262592,0.0186068
0.0046,0.0243683,0.0172608
0.005,0,0
0.0054,0.0126562,0.0126789
0.0058,0.000775284,0.00314347
0.0062,0.0123795,0.0124012
0.0066,0,0
0.007,0,0
0.0074,0.00214653,0.0050515
0.0078,0,0
0.0082,0,0
0.0086,0,0
0.009,0,0
0.0094,0,0
0.0098,0,0
0.0102,0,0
0.0106,0,0
0.011,0,0
0.0114,0,0
0.0118,0,0
0.0122,0,0
0.0126,0.0136171,0.0136432
0.013,0.0147431,0.0137966
0.0134,0,0
0.0138,0.0117929,0.0118125
0.0142,0,0
0.0146,0,0
0.015,0,0
0.0154,0,0
0.0158,0,0
0.0162,0,0
0.0166,0,0
0.017,0,0
0.0174,0,0
0.0178,0,0
0.0182,0.0120271,0.0120474
0.0186,0,0
0.019,0.0135333,0.013559
0.0194,0,0
0.0198,0,0
0.0202,0,0
0.0206,0,0
0.021,0.0116441,0.0116631
0.0214,0,0
0.0218,0.00918395,0.0107356
0.0222,0,0
0.0226,0.0089487,0.0109871
0.023,0,0
0.0234,0,0
0.0238,0.0130768,0.0131008
0.0242,0.00341221,0.00641609
0.0246,0,0
0.025,0,0
0.0254,0,0
0.0258,0,0
0.0262,0,0
0.0266,0.00142414,0.00423
0.027,0,0
0.0274,0,0
0.0278,0,0
0.0282,0,0
0.0286,0,0
0.029,0,0
0.0294,0.00136169,0.00407928
0.0298,0,0
0.0302,0.0212253,0.0163988
0.0306,0,0
0.031,0,0
0.0314,0.0133202,0.013345
0.0318,0,0
0.0322,0.00447482,0.00760031
0.0326,0,0
0.033,0,0
0.0334,0,0
0.0338,0.0135688,0.0135945
0.0342,0,0
0.0346,0,0
0.035,0,0
0.0354,0,0
0.0358,0,0
0.0362,0,0
0.0366,0,0
0.037,0.00760755,0.0104719
0.0374,0,0
0.0378,0,0
0.0382,0,0
0.0386,0,0
0.039,0,0
0.0394,0,0
0.0398,0.0137497,0.013776
0.0402,0,0
0.0406,0,0
0.041,0,0
0.0414,0,0
0.0418,0,0
0.0422,0,0
0.0426,0,0
0.043,0,0
0.0434,0,0
0.0438,0.0145967,0.0146263
0.0442,0,0
0.0446,0.00621659,0.00929735
0.045,0,0
0.0454,0,0
0.0458,0.0134949,0.0135201
0.0462,0,0
0.0466,0.0133552,0.0133799
0.047,0,0
0.0474,0,0
0.0478,0,0
0.0482,0,0
0.0486,0,0
0.049,0,0
0.0494,0,0
0.0498,0.013651,0.0136767
0.0502,0.0134923,0.0135175
0.0506,0,0
0.051,0,0
0.0514,0,0
0.0518,0,0
0.0522,0,0
0.0526,0,0
0.053,0,0
0.0534,0,0
0.0538,0,0
0.0542,0,0
0.0546,0,0
0.055,0,0
0.0554,0,0
0.0558,0,0
0.0562,0,0
0.0566,0,0
0.057,0,0
0.0574,0,0
0.0578,0,0
0.0582,0,0
0.0586,0,0
0.059,0,0
0.0594,0,0
0.0598,0,0
0.0602,0.013165,0.0131889
0.0606,0,0
0.061,0,0
0.0614,0,0
0.0618,0.0128557,0.0128784
0.0622,0,0
0.0626,0,0
0.063,0,0
0.0634,0,0
0.0638,0,0
0.0642,0,0
0.0646,0,0
0.065,0,0
0.0654,0,0
0.0658,0,0
0.0662,0,0
0.0666,0,0
0.067,0,0
0.0674,0,0
0.0678,0,0
0.0682,0,0
0.0686,0,0
0.069,0.0137942,0.0138202
0.0694,0,0
0.0698,0,0
0.0702,0,0
0.0706,0,0
0.071,0,0
0.0714,0,0
0.0718,0.0143134,0.0143415
0.0722,0,0
0.0726,0,0
0.073,0,0
0.0734,0,0
0.0738,0,0
0.0742,0,0
0.0746,0.0120498,0.0120696
0.075,0,0
0.0754,0,0
0.0758,0,0
0.0762,0,0
0.0766,0,0
0.077,0,0
0.0774,0,0
0.0778,0,0
0.0782,0.0170573,0.0162198
0.0786,0.0133951,0.0134196
0.079,0,0
0.0794,0,0
0.0798,0,0
0.0802,0,0
0.0806,0,0
0.081,0.0131327,0.0131562
0.0814,0,0
0.0818,0,0
0.0822,0,0
0.0826,0,0
0.083,0.00489812,0.00833694
0.0834,0.013011,0.013034
0.0838,0,0
0.0842,0,0
0.0846,0,0
0.085,0,0
0.0854,0,0
0.0858,0,0
0.0862,0,0
0.0866,0,0
0.087,0,0
0.0874,0,0
0.0878,0,0
0.0882,0,0
0.0886,0,0
0.089,0,0
0.0894,0,0
0.0898,0,0
0.0902,0,0
0.0906,0.0127384,0.0127604
0.091,0,0
0.0914,0,0
0.0918,0,0
0.0922,0,0
0.0926,0,0
0.093,0,0
0.0934,0,0
0.0938,0.0137228,0.0137483
0.0942,0,0
0.0946,0,0
0.095,0,0
0.0954,0,0
0.0958,0,0
0.0962,0,0
0.0966,0,0
0.097,0,0
0.0974,0.0140074,0.0140339
0.0978,0,0
0.0982,0,0
0.0986,0,0
0.099,0,0
0.0994,0,0
0.0998,0,0
0.1002,0,0
0.1006,0.0133161,0.01334
0.101,0,0
0.1014,0,0
0.1018,0,0
0.1022,0,0
0.1026,0,0
0.103,0,0
0.1034,0,0
0.1038,0,0
0.1042,0,0
0.1046,0,0
0.105,0,0
0.1054,0,0
0.1058,0,0
0.1062,0,0
0.1066,0,0
0.107,0,0
0.1074,0,0
0.1078,0,0
0.1082,0,0
0.1086,0,0
0.109,0,0
0.1094,0,0
0.1098,0,0
0.1102,0,0
0.1106,0,0
0.111,0,0
0.1114,0.020618,0.0206748
0.1118,0,0
0.1122,0,0
0.1126,0,0
0.113,0,0
0.1134,0,0
0.1138,0.0190865,0.0191351
0.1142,0,0
0.1146,0,0
0.115,0,0
0.1154,0,0
0.1158,0,0
0.1162,0,0
0.1166,0,0
0.117,0,0
0.1174,0,0
0.1178,0,0
0.1182,0,0
0.1186,0,0
0.119,0,0
0.1194,0,0
0.1198,0.0219782,0.0220425
2
-0.1198,0,0
-0.1194,0,0
-0.119,0,0
-0.1186,0,0
-0.1182,0,0
-0.1178,0.00557497,0.00558492
-0.1174,0,0
-0.117,0,0
-0.1166,0,0
-0.1162,0.00507902,0.00551368
-0.1158,0,0
-0.1154,0,0
-0.115,0,0
-0.1146,0,0
-0.1142,0,0
-0.1138,0,0
-0.1134,0,0
-0.113,0,0
-0.1126,0,0
-0.1122,0,0
-0.1118,0,0
-0.1114,0,0
-0.111,0,0
-0.1106,0,0
-0.1102,0.00130134,0.00272679
-0.1098,0,0
-0.1094,0,0
-0.109,0,0
-0.1086,0,0
-0.1082,0.00601273,0.00602427
-0.1078,0,0
-0.1074,0,0
-0.107,0,0
-0.1066,0,0
-0.1062,0,0
-0.1058,0,0
-0.1054,0,0
-0.105,0,0
-0.1046,0,0
-0.1042,0,0
-0.1038,0,0
-0.1034,0,0
-0.103,0,0
-0.1026,0,0
-0.1022,0,0
-0.1018,0,0
-0.1014,0,0
-0.101,0,0
-0.1006,0,0
-0.1002,0,0
-0.0998,0.0062915,0.00630412
-0.0994,0,0
-0.099,0,0
-0.0986,0,0
-0.0982,0.00620602,0.00621829
-0.0978,0.00593428,0.0059455
-0.0974,0.005649,0.00565917
-0.097,0,0
-0.0966,0,0
-0.0962,0,0
-0.0958,0,0
-0.0954,0,0
-0.095,0,0
-0.0946,0,0
-0.0942,0,0
-0.0938,0,0
-0.0934,0,0
-0.093,0,0
-0.0926,0,0
-0.0922,0,0
-0.0918,0,0
-0.0914,0,0
-0.091,0,0
-0.0906,0,0
-0.0902,0,0
-0.0898,0,0
-0.0894,0.00620315,0.00621539
-0.089,0.00595715,0.00596843
-0.0886,0,0
-0.0882,0,0
-0.0878,0,0
-0.0874,0,0
-0.087,0,0
-0.0866,0,0
-0.0862,0,0
-0.0858,0,0
-0.0854,0,0
-0.085,0,0
-0.0846,0,0
-0.0842,0,0
-0.0838,0,0
-0.0834,0,0
-0.083,0,0
-0.0826,0,0
-0.0822,0,0
-0.0818,0,0
-0.0814,0.00603894,0.00605052
-0.081,0,0
-0.0806,0,0
-0.0802,0,0
-0.0798,0.00358959,0.00466004
-0.0794,0,0
-0.079,0.00563136,0.00564143
-0.0786,0,0
-0.0782,0,0
-0.0778,0,0
-0.0774,0,0
-0.077,0,0
-0.0766,0,0
-0.0762,0,0
-0.0758,0,0
-0.0754,0,0
-0.075,0,0
-0.0746,0,0
-0.0742,0,0
-0.0738,0,0
-0.0734,0,0
-0.073,0.00595838,0.00596963
-0.0726,0,0
-0.0722,0,0
-0.0718,0,0
-0.0714,0,0
-0.071,0,0
-0.0706,0,0
-0.0702,0,0
-0.0698,0,0
-0.0694,0,0
-0.069,0,0
-0.0686,0.00591791,0.00592899
-0.0682,0,0
-0.0678,0,0
-0.0674,0,0
-0.067,0,0
-0.0666,0,0
-0.0662,0,0
-0.0658,0,0
-0.0654,0,0
-0.065,0.000669336,0.00199237
-0.0646,0.00607317,0.00608483
-0.0642,0,0
-0.0638,0.00548624,0.00549576
-0.0634,0,0
-0.063,0,0
-0.0626,0,0
-0.0622,0.0118887,0.00842237
-0.0618,0,0
-0.0614,0,0
-0.061,0,0
-0.0606,0,0
-0.0602,0,0
-0.0598,0,0
-0.0594,0,0
-0.059,0.00561046,0.0056204
-0.0586,0,0
-0.0582,0.0064501,0.00646324
-0.0578,0,0
-0.0574,0,0
-0.057,0,0
-0.0566,0,0
-0.0562,0,0
-0.0558,0.0059378,0.00594893
-0.0554,0.00390811,0.00482085
-0.055,0.00613489,0.00614677
-0.0546,0,0
-0.0542,0.011759,0.00833047
-0.0538,0.00572348,0.00573381
-0.0534,0,0
-0.053,0,0
-0.0526,0,0
-0.0522,0,0
-0.0518,0.00635138,0.0063641
-0.0514,0,0
-0.051,0,0
-0.0506,0.00576693,0.00577741
-0.0502,0,0
-0.0498,0,0
-0.0494,0.00571741,0.00572772
-0.049,0,0
-0.0486,0,0
-0.0482,0,0
-0.0478,0,0
-0.0474,0,0
-0.047,0,0
-0.0466,0.00605219,0.00606373
-0.0462,0,0
-0.0458,0.00574632,0.00575672
-0.0454,0,0
-0.045,0,0
-0.0446,0,0
-0.0442,0,0
-0.0438,0.0123117,0.00872545
-0.0434,0,0
-0.043,0.0103478,0.00818271
-0.0426,0.00615477,0.0061667
-0.0422,0.00575665,0.00576708
-0.0418,0,0
-0.0414,0.00622162,0.0062338
-0.041,0.0059538,0.00596495
-0.0406,0,0
-0.0402,0,0
-0.0398,0.00517686,0.00568285
-0.0394,0,0
-0.039,0,0
-0.0386,0,0
-0.0382,0,0
-0.0378,0.00606378,0.00607534
-0.0374,0.0117093,0.00829499
-0.037,0,0
-0.0366,0,0
-0.0362,0,0
-0.0358,0,0
-0.0354,0,0
-0.035,0,0
-0.0346,0.011567,0.00819399
-0.0342,0,0
-0.0338,0,0
-0.0334,0,0
-0.033,0.0126607,0.00897026
-0.0326,0,0
-0.0322,0,0
-0.0318,0,0
-0.0314,0,0
-0.031,0,0
-0.0306,0,0
-0.0302,0,0
-0.0298,0,0
-0.0294,0,0
-0.029,0,0
-0.0286,0,0
-0.0282,0,0
-0.0278,0,0
-0.0274,0,0
-0.027,0,0
-0.0266,0,0
-0.0262,0,0
-0.0258,0,0
-0.0254,0,0
-0.025,0,0
-0.0246,0.0119079,0.00843589
-0.0242,0.00592281,0.00579286
-0.0238,0,0
-0.0234,0,0
-0.023,0,0
-0.0226,0,0
-0.0222,0.00589521,0.0059061
-0.0218,0,0
-0.0214,0,0
-0.021,0,0
-0.0206,0,0
-0.0202,0.00638151,0.00639426
-0.0198,0,0
-0.0194,0.00341001,0.00435151
-0.019,0,0
-0.0186,0,0
-0.0182,0,0
-0.0178,0.00607988,0.00609145
-0.0174,0.0060446,0.00605603
-0.017,0,0
-0.0166,0.00588584,0.00589668
-0.0162,0,0
-0.0158,0,0
-0.0154,0,0
-0.015,0.00533162,0.00534051
-0.0146,0,0
-0.0142,0,0
-0.0138,0,0
-0.0134,0.00935035,0.00753534
-0.013,0.00612542,0.00609925
-0.0126,0,0
-0.0122,0,0
-0.0118,0,0
-0.0114,0,0
-0.011,0.0113533,0.00804808
-0.0106,0,0
-0.0102,0,0
-0.0098,0.00595799,0.00596908
-0.0094,0.00291849,0.0041173
-0.009,0.00603117,0.00604253
-0.0086,0,0
-0.0082,0.0063263,0.0063388
-0.0078,0,0
-0.0074,0.0250437,0.0125491
-0.007,0.00578503,0.00579548
-0.0066,0.00578534,0.00579579
-0.0062,0,0
-0.0058,0.0182578,0.0105634
-0.0054,0.0128477,0.0086733
-0.005,0.0156612,0.00957297
-0.0046,0.0178064,0.0102996
-0.0042,0.0165267,0.00977518
-0.0038,0.0355043,0.0149049
-0.0034,0.0430035,0.0161977
-0.003,0.0380351,0.0157085
-0.0026,0.13414,0.0280928
-0.0022,0.157338,0.029818
-0.0018,0.282769,0.0400379
-0.0014,0.643426,0.0619571
-0.001,0.989244,0.0779441
-0.0006,1.53795,0.0997435
-0.0002,1.87217,0.106993
0.0002,1.80813,0.102571
0.0006,1.32872,0.0869244
0.001,1.03648,0.0789417
0.0014,0.572258,0.0573415
0.0018,0.341108,0.0423854
0.0022,0.150958,0.030203
0.0026,0.0379728,0.0155331
0.003,0.013484,0.00872623
0.0034,0.016966,0.00981265
0.0038,0.00583714,0.00584775
0.0042,0.00583758,0.00584819
0.0046,0,0
0.005,0.00556556,0.00557521
0.0054,0,0
0.0058,0.0116271,0.00837157
0.0062,0,0
0.0066,0.00576025,0.00577059
0.007,0.0125362,0.00888176
0.0074,0.0119649,0.00803318
0.0078,0.00511647,0.00512462
0.0082,0,0
0.0086,0,0
0.009,0,0
0.0094,0.00539754,0.0054066
0.0098,0.00559507,0.00560481
0.0102,0,0
0.0106,0,0
0.011,0,0
0.0114,0,0
0.0118,0,0
0.0122,0,0
0.0126,0.00587128,0.005882
0.013,0.0107999,0.00794621
0.0134,0.0053697,0.00537867
0.0138,0,0
0.0142,0.00612149,0.00613314
0.0146,0,0
0.015,0,0
0.0154,0,0
0.0158,0.00565355,0.00566348
0.0162,0,0
0.0166,0,0
0.017,0.0124388,0.0088126
0.0174,0,0
0.0178,0,0
0.0182,0,0
0.0186,0,0
0.019,0,0
0.0194,0,0
0.0198,0.00592189,0.00593277
0.0202,0,0
0.0206,0,0
0.021,0,0
0.0214,0.0053554,0.0053643
0.0218,0.00149989,0.00291541
0.0222,0,0
0.0226,0.00202726,0.00351368
0.023,0,0
0.0234,0,0
0.0238,0,0
0.0242,0.00388571,0.00459916
0.0246,0,0
0.025,0,0
0.0254,0,0
0.0258,0.00568078,0.00569079
0.0262,0,0
0.0266,0.00500276,0.00532341
0.027,0.011913,0.00855949
0.0274,0,0
0.0278,0.00556079,0.00557038
0.0282,0,0
0.0286,0,0
0.029,0,0
0.0294,0.00487248,0.00517886
0.0298,0,0
0.0302,0,0
0.0306,0,0
0.031,0,0
0.0314,0,0
0.0318,0.00585055,0.00586115
0.0322,0.00377459,0.0046826
0.0326,0,0
0.033,0.00583229,0.00584282
0.0334,0,0
0.0338,0.00584684,0.00585742
0.0342,0,0
0.0346,0,0
0.035,0.00592736,0.00593823
0.0354,0,0
0.0358,0.00604999,0.00606132
0.0362,0,0
0.0366,0,0
0.037,0.00303332,0.00443276
0.0374,0,0
0.0378,0,0
0.0382,0,0
0.0386,0,0
0.039,0,0
0.0394,0,0
0.0398,0.0123482,0.00874818
0.0402,0,0
0.0406,0,0
0.041,0,0
0.0414,0,0
0.0418,0.00596156,0.00597254
0.0422,0,0
0.0426,0,0
0.043,0.00600746,0.00601861
0.0434,0,0
0.0438,0.0130155,0.00924588
0.0442,0,0
0.0446,0.00342422,0.00462102
0.045,0.00600751,0.00601865
0.0454,0.00556138,0.00557093
0.0458,0,0
0.0462,0,0
0.0466,0,0
0.047,0,0
0.0474,0,0
0.0478,0,0
0.0482,0,0
0.0486,0,0
0.049,0.0118768,0.00841354
0.0494,0,0
0.0498,0,0
0.0502,0.00604219,0.00605345
0.0506,0,0
0.051,0,0
0.0514,0,0
0.0518,0,0
0.0522,0,0
0.0526,0,0
0.053,0,0
0.0534,0,0
0.0538,0,0
0.0542,0,0
0.0546,0.00652431,0.00653742
0.055,0,0
0.0554,0,0
0.0558,0,0
0.0562,0,0
0.0566,0,0
0.057,0.00599104,0.00600209
0.0574,0,0
0.0578,0.00601058,0.0060217
0.0582,0,0
0.0586,0.00596732,0.00597828
0.059,0,0
0.0594,0,0
0.0598,0,0
0.0602,0,0
0.0606,0,0
0.061,0,0
0.0614,0,0
0.0618,0,0
0.0622,0,0
0.0626,0,0
0.063,0.00547893,0.00548816
0.0634,0,0
0.0638,0,0
0.0642,0.00585112,0.00586165
0.0646,0,0
0.065,0,0
0.0654,0,0
0.0658,0,0
0.0662,0,0
0.0666,0,0
0.067,0,0
0.0674,0,0
0.0678,0.00585227,0.00586279
0.0682,0,0
0.0686,0,0
0.069,0,0
0.0694,0,0
0.0698,0.00569402,0.00570398
0.0702,0.00565201,0.00566182
0.0706,0,0
0.071,0,0
0.0714,0,0
0.0718,0.0063706,0.00638305
0.0722,0,0
0.0726,0,0
0.073,0,0
0.0734,0,0
0.0738,0.00629357,0.00630571
0.0742,0,0
0.0746,0,0
0.075,0,0
0.0754,0,0
0.0758,0,0
0.0762,0,0
0.0766,0.00570014,0.0057101
0.077,0.00442932,0.00503166
0.0774,0,0
0.0778,0,0
0.0782,0.012893,0.00939929
0.0786,0.00595048,0.00596132
0.079,0.00595118,0.00596203
0.0794,0,0
0.0798,0.00566792,0.00567775
0.0802,0.00625074,0.0062627
0.0806,0,0
0.081,0,0
0.0814,0,0
0.0818,0,0
0.0822,0,0
0.0826,0,0
0.083,0.0106531,0.00830296
0.0834,0,0
0.0838,0,0
0.0842,0,0
0.0846,0,0
0.085,0.0119196,0.00844385
0.0854,0,0
0.0858,0,0
0.0862,0,0
0.0866,0,0
0.087,0,0
0.0874,0,0
0.0878,0.00562418,0.00563385
0.0882,0,0
0.0886,0,0
0.089,0.00426573,0.00497247
0.0894,0,0
0.0898,0,0
0.0902,0.00565855,0.00566833
0.0906,0,0
0.091,0,0
0.0914,0,0
0.0918,0.00604351,0.00605466
0.0922,0,0
0.0926,0,0
0.093,0,0
0.0934,0.00606862,0.00607986
0.0938,0,0
0.0942,0,0
0.0946,0,0
0.095,0,0
0.0954,0,0
0.0958,0,0
0.0962,0.00607056,0.0060818
0.0966,0,0
0.097,0,0
0.0974,0,0
0.0978,0,0
0.0982,0,0
0.0986,0,0
0.099,0,0
0.0994,0,0
0.0998,0,0
0.1002,0,0
0.1006,0,0
0.101,0.00690859,0.00692313
0.1014,0,0
0.1018,0,0
0.1022,0,0
0.1026,0,0
0.103,0,0
0.1034,0,0
0.1038,0,0
0.1042,0,0
0.1046,0,0
0.105,0,0
0.1054,0,0
0.1058,0.00718998,0.0072057
0.1062,0,0
0.1066,0.00342852,0.00482369
0.107,0,0
0.1074,0,0
0.1078,0,0
0.1082,0,0
0.1086,0,0
0.109,0.0050032,0.00615226
0.1094,0,0
0.1098,0,0
0.1102,0,0
0.1106,0,0
0.111,0,0
0.1114,0,0
0.1118,0,0
0.1122,0,0
0.1126,0,0
0.113,0,0
0.1134,0,0
0.1138,0,0
0.1142,0,0
0.1146,0,0
0.115,0,0
0.1154,0.00270372,0.00492603
0.1158,0,0
0.1162,0,0
0.1166,0,0
0.117,0,0
0.1174,0.00960244,0.00963037
0.1178,0,0
0.1182,0,0
0.1186,0,0
0.119,0,0
0.1194,0,0
0.1198,0,0
3
-0.1198,0,0
-0.1194,0,0
-0.119,0,0
-0.1186,0,0
-0.1182,0,0
-0.1178,0,0
-0.1174,0,0
-0.117,0,0
-0.1166,0,0
-0.1162,0.000921278,0.00239761
-0.1158,0,0
-0.1154,0,0
-0.115,0,0
-0.1146,0,0
-0.1142,0,0
-0.1138,0,0
-0.1134,0,0
-0.113,0,0
-0.1126,0,0
-0.1122,0,0
-0.1118,0,0
-0.1114,0,0
-0.111,0,0
-0.1106,0,0
-0.1102,0.00593947,0.00595028
-0.1098,0,0
-0.1094,0,0
-0.109,0,0
-0.1086,0,0
-0.1082,0,0
-0.1078,0,0
-0.1074,0,0
-0.107,0,0
-0.1066,0,0
-0.1062,0,0
-0.1058,0,0
-0.1054,0,0
-0.105,0,0
-0.1046,0,0
-0.1042,0.00406073,0.00496328
-0.1038,0,0
-0.1034,0,0
-0.103,0.00613463,0.00614613
-0.1026,0,0
-0.1022,0,0
-0.1018,0,0
-0.1014,0,0
-0.101,0.00653227,0.00654529
-0.1006,0.00605979,0.00637765
-0.1002,0,0
-0.0998,0.00385732,0.00495528
-0.0994,0,0
-0.099,0,0
-0.0986,0,0
-0.0982,0,0
-0.0978,0,0
-0.0974,0,0
-0.097,0,0
-0.0966,0,0
-0.0962,0,0
-0.0958,0,0
-0.0954,0,0
-0.095,0.00573866,0.00574869
-0.0946,0,0
-0.0942,0,0
-0.0938,0,0
-0.0934,0,0
-0.093,0,0
-0.0926,0,0
-0.0922,0.00595503,0.00596582
-0.0918,0,0
-0.0914,0,0
-0.091,0,0
-0.0906,0,0
-0.0902,0,0
-0.0898,0,0
-0.0894,0.00593189,0.00594258
-0.089,0,0
-0.0886,0,0
-0.0882,0,0
-0.0878,0,0
-0.0874,0,0
-0.087,0,0
-0.0866,0.00620389,0.00621557
-0.0862,0,0
-0.0858,0,0
-0.0854,0,0
-0.085,0,0
-0.0846,0.00607626,0.00608745
-0.0842,0,0
-0.0838,0,0
-0.0834,0,0
-0.083,0,0
-0.0826,0,0
-0.0822,0,0
-0.0818,0,0
-0.0814,0,0
-0.081,0,0
-0.0806,0,0
-0.0802,0,0
-0.0798,0.00255818,0.00403057
-0.0794,0,0
-0.079,0,0
-0.0786,0,0
-0.0782,0,0
-0.0778,0,0
-0.0774,0,0
-0.077,0,0
-0.0766,0,0
-0.0762,0,0
-0.0758,0,0
-0.0754,0,0
-0.075,0,0
-0.0746,0,0
-0.0742,0.00601775,0.00602867
-0.0738,0,0
-0.0734,0.00620581,0.00621742
-0.073,0,0
-0.0726,0.00657275,0.00658577
-0.0722,0,0
-0.0718,0,0
-0.0714,0,0
-0.071,0,0
-0.0706,0.00620814,0.00621975
-0.0702,0,0
-0.0698,0,0
-0.0694,0,0
-0.069,0,0
-0.0686,0,0
-0.0682,0.0064106,0.00642295
-0.0678,0,0
-0.0674,0,0
-0.067,0,0
-0.0666,0,0
-0.0662,0,0
-0.0658,0,0
-0.0654,0,0
-0.065,0,0
-0.0646,0,0
-0.0642,0,0
-0.0638,0,0
-0.0634,0.00616903,0.00618044
-0.063,0,0
-0.0626,0,0
-0.0622,0,0
-0.0618,0.0117196,0.00830161
-0.0614,0.0118646,0.00840447
-0.061,0,0
-0.0606,0,0
-0.0602,0,0
-0.0598,0,0
-0.0594,0,0
-0.059,0.00592161,0.00593211
-0.0586,0,0
-0.0582,0,0
-0.0578,0.00430733,0.00523829
-0.0574,0,0
-0.057,0,0
-0.0566,0.00627906,0.00629085
-0.0562,0,0
-0.0558,0,0
-0.0554,0.0021302,0.00365818
-0.055,0,0
-0.0546,0,0
-0.0542,0.0124259,0.00880296
-0.0538,0,0
-0.0534,0.00591277,0.00592321
-0.053,0.00571805,0.00572782
-0.0526,0.00577314,0.00578309
-0.0522,0,0
-0.0518,0.0133174,0.00943558
-0.0514,0,0
-0.051,0,0
-0.0506,0,0
-0.0502,0,0
-0.0498,0,0
-0.0494,0,0
-0.049,0,0
-0.0486,0.00556423,0.00557345
-0.0482,0,0
-0.0478,0,0
-0.0474,0,0
-0.047,0,0
-0.0466,0,0
-0.0462,0,0
-0.0458,0,0
-0.0454,0,0
-0.045,0,0
-0.0446,0,0
-0.0442,0,0
-0.0438,0.00635549,0.0063675
-0.0434,0,0
-0.043,0.00269298,0.0042974
-0.0426,0.0126243,0.00894854
-0.0422,0.00624207,0.00625364
-0.0418,0,0
-0.0414,0,0
-0.041,0,0
-0.0406,0.00632389,0.00633575
-0.0402,0,0
-0.0398,0.00109989,0.00269753
-0.0394,0,0
-0.039,0,0
-0.0386,0,0
-0.0382,0,0
-0.0378,0,0
-0.0374,0.00632821,0.00634007
-0.037,0.0110996,0.00838446
-0.0366,0.00657923,0.00659205
-0.0362,0,0
-0.0358,0,0
-0.0354,0.0134161,0.00950621
-0.035,0.00613923,0.00615039
-0.0346,0,0
-0.0342,0,0
-0.0338,0,0
-0.0334,0,0
-0.033,0,0
-0.0326,0.00670632,0.00671961
-0.0322,0,0
-0.0318,0.00285379,0.00419628
-0.0314,0.00588452,0.00589475
-0.031,0,0
-0.0306,0,0
-0.0302,0,0
-0.0298,0,0
-0.0294,0.00644089,0.00645314
-0.029,0.00158324,0.00314394
-0.0286,0,0
-0.0282,0.00641463,0.00642677
-0.0278,0.00641585,0.00642799
-0.0274,0.00582573,0.00583574
-0.027,0,0
-0.0266,0.00675388,0.00676733
-0.0262,0,0
-0.0258,0,0
-0.0254,0,0
-0.025,0,0
-0.0246,0,0
-0.0242,0.00560306,0.00575585
-0.0238,0,0
-0.0234,0,0
-0.023,0,0
-0.0226,0,0
-0.0222,0,0
-0.0218,0.00752272,0.00695938
-0.0214,0,0
-0.021,0,0
-0.0206,0,0
-0.0202,0.00679719,0.00681077
-0.0198,0,0
-0.0194,0,0
-0.019,0,0
-0.0186,0,0
-0.0182,0.00650922,0.00652167
-0.0178,0,0
-0.0174,0,0
-0.017,0,0
-0.0166,0,0
-0.0162,0,0
-0.0158,0,0
-0.0154,0.00572211,0.00573172
-0.015,0,0
-0.0146,0,0
-0.0142,0,0
-0.0138,0,0
-0.0134,0.0060584,0.00606916
-0.013,0.00637454,0.00642663
-0.0126,0,0
-0.0122,0,0
-0.0118,0.00671466,0.00672787
-0.0114,0.0060158,0.0060264
-0.011,0,0
-0.0106,0.00640795,0.00641997
-0.0102,0.0090862,0.00764533
-0.0098,0,0
-0.0094,0,0
-0.009,0.00643956,0.00645169
-0.0086,0.0132589,0.00939752
-0.0082,0,0
-0.0078,0,0
-0.0074,0,0
-0.007,0.00617907,0.00619024
-0.0066,0.00959556,0.00756883
-0.0062,0.00607047,0.00608124
-0.0058,0.00659523,0.00660794
-0.0054,0,0
-0.005,0,0
-0.0046,0.00329833,0.0045825
-0.0042,0.00494557,0.00552814
-0.0038,0.00707189,0.00695236
-0.0034,0.0251753,0.0128073
-0.003,0.0492667,0.0186251
-0.0026,0.0772782,0.0220719
-0.0022,0.154892,0.0305966
-0.0018,0.278114,0.0410532
-0.0014,0.465559,0.0545949
-0.001,0.714754,0.0685296
-0.0006,1.13695,0.0885707
-0.0002,1.1161,0.0854642
0.0002,1.11704,0.0833552
0.0006,0.881614,0.0731896
0.001,0.798925,0.071499
0.0014,0.37717,0.0481125
0.0018,0.165083,0.0307374
0.0022,0.0856452,0.0238171
0.0026,0.034038,0.0152529
0.003,0.0278984,0.013335
0.0034,0.0302026,0.013531
0.0038,0.00581126,0.00582109
0.0042,0.0127683,0.00904738
0.0046,0,0
0.005,0.00596015,0.00597048
0.0054,0,0
0.0058,0,0
0.0062,0.024711,0.0123903
0.0066,0,0
0.007,0,0
0.0074,0.00341495,0.00444213
0.0078,0,0
0.0082,0.00646875,0.0064809
0.0086,0.00646968,0.00648184
0.009,0.00249995,0.00380914
0.0094,0,0
0.0098,0,0
0.0102,0,0
0.0106,0.00641947,0.00643142
0.011,0.00642031,0.00643227
0.0114,0,0
0.0118,0.00316063,0.0043473
0.0122,0,0
0.0126,0,0
0.013,0.00624894,0.00626026
0.0134,0,0
0.0138,0,0
0.0142,0.00656803,0.00658053
0.0146,0,0
0.015,0,0
0.0154,0,0
0.0158,0,0
0.0162,0,0
0.0166,0,0
0.017,0,0
0.0174,0,0
0.0178,0,0
0.0182,0,0
0.0186,0,0
0.019,0.0131367,0.0093067
0.0194,0,0
0.0198,0,0
0.0202,0,0
0.0206,0,0
0.021,0,0
0.0214,0,0
0.0218,0,0
0.0222,0,0
0.0226,0,0
0.023,0.0176057,0.0101819
0.0234,0,0
0.0238,0,0
0.0242,0,0
0.0246,0.00646844,0.00648052
0.025,0,0
0.0254,0,0
0.0258,0,0
0.0262,0,0
0.0266,0,0
0.027,0.000347088,0.00155339
0.0274,0,0
0.0278,0,0
0.0282,0,0
0.0286,0,0
0.029,0,0
0.0294,0,0
0.0298,0.00590175,0.00591178
0.0302,0,0
0.0306,0.00665433,0.00666708
0.031,0,0
0.0314,0.0064517,0.00646368
0.0318,0,0
0.0322,0,0
0.0326,0,0
0.033,0,0
0.0334,0,0
0.0338,0,0
0.0342,0,0
0.0346,0,0
0.035,0.0066573,0.00667004
0.0354,0,0
0.0358,0,0
0.0362,0,0
0.0366,0,0
0.037,0,0
0.0374,0,0
0.0378,0,0
0.0382,0,0
0.0386,0,0
0.039,0,0
0.0394,0.00637011,0.00638175
0.0398,0,0
0.0402,0,0
0.0406,0,0
0.041,0,0
0.0414,0,0
0.0418,0,0
0.0422,0.0123193,0.00872648
0.0426,0,0
0.043,0,0
0.0434,0.0135336,0.00959718
0.0438,7.29351e-05,0.000718615
0.0442,0,0
0.0446,0.00669788,0.00671073
0.045,0,0
0.0454,0,0
0.0458,0.00641558,0.00648164
0.0462,0,0
0.0466,0,0
0.047,0,0
0.0474,0,0
0.0478,0,0
0.0482,0,0
0.0486,0,0
0.049,0,0
0.0494,0,0
0.0498,0,0
0.0502,0,0
0.0506,0,0
0.051,0,0
0.0514,0,0
0.0518,0.00652452,0.00653668
0.0522,0,0
0.0526,0.0024111,0.0039062
0.053,0.000420204,0.00163154
0.0534,0,0
0.0538,0,0
0.0542,0,0
0.0546,0,0
0.055,0,0
0.0554,0,0
0.0558,0,0
0.0562,0,0
0.0566,0,0
0.057,0.00602618,0.00625429
0.0574,0,0
0.0578,0,0
0.0582,0,0
0.0586,0,0
0.059,0,0
0.0594,0,0
0.0598,0,0
0.0602,0,0
0.0606,0.00652854,0.00654068
0.061,0,0
0.0614,0,0
0.0618,0,0
0.0622,0,0
0.0626,0,0
0.063,0,0
0.0634,0.00606863,0.00607911
0.0638,0,0
0.0642,0,0
0.0646,0,0
0.065,0,0
0.0654,0,0
0.0658,0,0
0.0662,0,0
0.0666,0,0
0.067,0,0
0.0674,0.00665605,0.00666865
0.0678,0,0
0.0682,0,0
0.0686,0.00663778,0.0066503
0.069,0.0063581,0.00636959
0.0694,0,0
0.0698,0,0
0.0702,0.00615255,0.0061633
0.0706,0,0
0.071,0,0
0.0714,0,0
0.0718,0.00645198,0.0064638
0.0722,0,0
0.0726,0,0
0.073,0,0
0.0734,0,0
0.0738,0,0
0.0742,0,0
0.0746,0,0
0.075,0.00632101,0.00633234
0.0754,0,0
0.0758,0,0
0.0762,0,0
0.0766,0.00616112,0.00617188
0.077,0.0013692,0.00290853
0.0774,0,0
0.0778,0,0
0.0782,0,0
0.0786,0.00737715,0.00739257
0.079,0,0
0.0794,0,0
0.0798,0,0
0.0802,0,0
0.0806,0,0
0.081,0,0
0.0814,0,0
0.0818,0.00621036,0.00622128
0.0822,0,0
0.0826,0,0
0.083,0,0
0.0834,0.00708824,0.00710245
0.0838,0,0
0.0842,0,0
0.0846,0,0
0.085,0.00314082,0.0045073
0.0854,0,0
0.0858,0,0
0.0862,0,0
0.0866,0,0
0.087,0,0
0.0874,0,0
0.0878,0,0
0.0882,0,0
0.0886,0,0
0.089,0.00788011,0.00702848
0.0894,0.0026623,0.00407428
0.0898,0,0
0.0902,0.00611997,0.00613055
0.0906,0.00609862,0.00610913
0.091,0,0
0.0914,0,0
0.0918,0,0
0.0922,0,0
0.0926,0,0
0.093,0.00632015,0.00633143
0.0934,0,0
0.0938,0,0
0.0942,0,0
0.0946,0,0
0.095,0,0
0.0954,0,0
0.0958,0,0
0.0962,0.000559175,0.00191961
0.0966,0,0
0.097,0,0
0.0974,0,0
0.0978,0,0
0.0982,0,0
0.0986,0,0
0.099,0,0
0.0994,0,0
0.0998,0,0
0.1002,0,0
0.1006,0,0
0.101,0,0
0.1014,0,0
0.1018,0,0
0.1022,0,0
0.1026,0,0
0.103,0,0
0.1034,0,0
0.1038,0,0
0.1042,0,0
0.1046,0.00453003,0.00578915
0.105,0,0
0.1054,0.00756263,0.00757873
0.1058,0,0
0.1062,0,0
0.1066,0.011354,0.0093165
0.107,0,0
0.1074,0,0
0.1078,0,0
0.1082,0,0
0.1086,0,0
0.109,0.00273197,0.00472649
0.1094,0.00849391,0.00851419
0.1098,0,0
0.1102,0.00941206,0.00943695
0.1106,0.00857427,0.00859492
0.111,0,0
0.1114,0,0
0.1118,0,0
0.1122,0,0
0.1126,0,0
0.113,0,0
0.1134,0,0
0.1138,0,0
0.1142,0,0
0.1146,0,0
0.115,0,0
0.1154,0.00672208,0.00807281
0.1158,0,0
0.1162,0,0
0.1166,0,0
0.117,0,0
0.1174,0,0
0.1178,0,0
0.1182,0,0
0.1186,0,0
0.119,0,0
0.1194,0,0
0.1198,0,0
4
-0.1198,0,0
-0.1194,0,0
-0.119,0,0
-0.1186,0,0
-0.1182,0.00582678,0.00583718
-0.1178,0,0
-0.1174,0,0
-0.117,0,0
-0.1166,0,0
-0.1162,0,0
-0.1158,0,0
-0.1154,0,0
-0.115,0,0
-0.1146,0.00612878,0.00614026
-0.1142,0,0
-0.1138,0,0
-0.1134,0,0
-0.113,0,0
-0.1126,0,0
-0.1122,0.00584647,0.00585691
-0.1118,0,0
-0.1114,0.00641704,0.00642961
-0.111,0,0
-0.1106,0,0
-0.1102,0,0
-0.1098,0,0
-0.1094,0,0
-0.109,0,0
-0.1086,0,0
-0.1082,0.00634975,0.00636203
-0.1078,0,0
-0.1074,0,0
-0.107,0,0
-0.1066,0.00663978,0.0066532
-0.1062,0,0
-0.1058,0,0
-0.1054,0,0
-0.105,0,0
-0.1046,0,0
-0.1042,0.00199338,0.00348623
-0.1038,0,0
-0.1034,0,0
-0.103,0,0
-0.1026,0,0
-0.1022,0,0
-0.1018,0.00629831,0.00631036
-0.1014,0,0
-0.101,0,0
-0.1006,0.000628493,0.00205945
-0.1002,0,0
-0.0998,0.00249754,0.00399825
-0.0994,0,0
-0.099,0,0
-0.0986,0,0
-0.0982,0,0
-0.0978,0,0
-0.0974,0,0
-0.097,0,0
-0.0966,0.00550392,0.0055131
-0.0962,0,0
-0.0958,0,0
-0.0954,0,0
-0.095,0.00585496,0.00586533
-0.0946,0,0
-0.0942,0.00123548,0.0028059
-0.0938,0,0
-0.0934,0,0
-0.093,0,0
-0.0926,0,0
-0.0922,0.00599077,0.00600163
-0.0918,0,0
-0.0914,0,0
-0.091,0,0
-0.0906,0,0
-0.0902,0,0
-0.0898,0,0
-0.0894,0,0
-0.089,0,0
-0.0886,0,0
-0.0882,0,0
-0.0878,0,0
-0.0874,0,0
-0.087,0,0
-0.0866,0,0
-0.0862,0,0
-0.0858,0,0
-0.0854,0,0
-0.085,0,0
-0.0846,0,0
-0.0842,0.00627377,0.00628563
-0.0838,0.00639103,0.00640333
-0.0834,0,0
-0.083,0,0
-0.0826,0,0
-0.0822,0,0
-0.0818,0,0
-0.0814,0,0
-0.081,0,0
-0.0806,0,0
-0.0802,0,0
-0.0798,0,0
-0.0794,0,0
-0.079,0.00594385,0.00595448
-0.0786,0.00609544,0.00610662
-0.0782,0,0
-0.0778,0,0
-0.0774,0,0
-0.077,0,0
-0.0766,0,0
-0.0762,0,0
-0.0758,0,0
-0.0754,0,0
-0.075,0.00557342,0.00558275
-0.0746,0,0
-0.0742,0,0
-0.0738,0.00580716,0.00581728
-0.0734,0,0
-0.073,0,0
-0.0726,0.00660081,0.00661389
-0.0722,0.00684206,0.0068561
-0.0718,0,0
-0.0714,0,0
-0.071,0.00579311,0.00580317
-0.0706,0,0
-0.0702,0,0
-0.0698,0,0
-0.0694,0,0
-0.069,0,0
-0.0686,0,0
-0.0682,0,0
-0.0678,0,0
-0.0674,0,0
-0.067,0,0
-0.0666,0.00591792,0.00592841
-0.0662,0,0
-0.0658,0.00610091,0.00611206
-0.0654,0,0
-0.065,0,0
-0.0646,0,0
-0.0642,0,0
-0.0638,0,0
-0.0634,0,0
-0.063,0.00585508,0.00586533
-0.0626,0,0
-0.0622,0,0
-0.0618,0,0
-0.0614,0,0
-0.061,0,0
-0.0606,0,0
-0.0602,0,0
-0.0598,0,0
-0.0594,0,0
-0.059,0,0
-0.0586,0,0
-0.0582,0,0
-0.0578,0.00816854,0.00712038
-0.0574,0,0
-0.057,0.00656482,0.00657769
-0.0566,0,0
-0.0562,0,0
-0.0558,0,0
-0.0554,0,0
-0.055,0,0
-0.0546,0,0
-0.0542,0.00617877,0.00619016
-0.0538,0,0
-0.0534,0,0
-0.053,0,0
-0.0526,0,0
-0.0522,0.00671897,0.00673243
-0.0518,0,0
-0.0514,0,0
-0.051,0.00593184,0.00594233
-0.0506,0,0
-0.0502,0,0
-0.0498,0,0
-0.0494,0,0
-0.049,0,0
-0.0486,0,0
-0.0482,0,0
-0.0478,0,0
-0.0474,0,0
-0.047,0,0
-0.0466,0,0
-0.0462,0,0
-0.0458,0,0
-0.0454,0,0
-0.045,0,0
-0.0446,0,0
-0.0442,0,0
-0.0438,0,0
-0.0434,0,0
-0.043,0,0
-0.0426,0,0
-0.0422,0,0
-0.0418,0,0
-0.0414,0,0
-0.041,0,0
-0.0406,0,0
-0.0402,0,0
-0.0398,0,0
-0.0394,0,0
-0.039,0,0
-0.0386,0,0
-0.0382,0,0
-0.0378,0.00641486,0.00642709
-0.0374,0,0
-0.037,0.00150921,0.00308064
-0.0366,0,0
-0.0362,0,0
-0.0358,0,0
-0.0354,0,0
-0.035,0,0
-0.0346,0,0
-0.0342,0,0
-0.0338,0,0
-0.0334,0,0
-0.033,0.0132394,0.00938074
-0.0326,0,0
-0.0322,0,0
-0.0318,0.00327952,0.0044884
-0.0314,0,0
-0.031,0,0
-0.0306,0,0
-0.0302,0,0
-0.0298,0,0
-0.0294,0,0
-0.029,0.0108497,0.00823082
-0.0286,0.00656031,0.00657308
-0.0282,0,0
-0.0278,0.0135326,0.00928627
-0.0274,0,0
-0.027,0,0
-0.0266,0.00671313,0.0067265
-0.0262,0,0
-0.0258,0,0
-0.0254,0,0
-0.025,0,0
-0.0246,0,0
-0.0242,0.00597244,0.00598303
-0.0238,0,0
-0.0234,0,0
-0.023,0.00626475,0.00627639
-0.0226,0,0
-0.0222,0,0
-0.0218,0.00495687,0.00546218
-0.0214,0,0
-0.021,0,0
-0.0206,0,0
-0.0202,0,0
-0.0198,0.00674407,0.00675755
-0.0194,0,0
-0.019,0,0
-0.0186,0.00577219,0.00578207
-0.0182,0.00645007,0.0064624
-0.0178,0,0
-0.0174,0,0
-0.017,0,0
-0.0166,0.00621329,0.00622473
-0.0162,0.00621339,0.00622484
-0.0158,0.0121004,0.00857165
-0.0154,0,0
-0.015,0,0
-0.0146,0,0
-0.0142,0,0
-0.0138,0,0
-0.0134,0,0
-0.013,0,0
-0.0126,0,0
-0.0122,0.0064613,0.00647367
-0.0118,0,0
-0.0114,0,0
-0.011,0,0
-0.0106,0,0
-0.0102,0.00368498,0.00483834
-0.0098,0.00609987,0.0061109
-0.0094,0,0
-0.009,0,0
-0.0086,0,0
-0.0082,0,0
-0.0078,0,0
-0.0074,0.0134632,0.00953895
-0.007,0.0125487,0.00889358
-0.0066,0.00227039,0.00365522
-0.0062,0,0
-0.0058,0.00649794,0.00651046
-0.0054,0.00607025,0.00608117
-0.005,0.00617404,0.00618534
-0.0046,0.00924395,0.00761253
-0.0042,0,0
-0.0038,0.0201014,0.0116287
-0.0034,0.0253975,0.0127237
-0.003,0.0325561,0.015096
-0.0026,0.0613885,0.0197289
-0.0022,0.134541,0.0282862
-0.0018,0.281182,0.0409155
-0.0014,0.532665,0.0579303
-0.001,0.595258,0.0619867
-0.0006,1.01952,0.0831387
-0.0002,1.12632,0.0851107
0.0002,0.973,0.0770953
0.0006,0.851907,0.0712933
0.001,0.46876,0.0543111
0.0014,0.389558,0.048454
0.0018,0.124272,0.0263807
0.0022,0.0825448,0.0229499
0.0026,0.0600408,0.0200539
0.003,0.019156,0.0110989
0.0034,0.0177393,0.0102599
0.0038,0,0
0.0042,0,0
0.0046,0.0116081,0.00822232
0.005,0,0
0.0054,0,0
0.0058,0.00604514,0.006056
0.0062,0,0
0.0066,0,0
0.007,0,0
0.0074,0,0
0.0078,0.00609275,0.00610378
0.0082,0.0107231,0.00759449
0.0086,0,0
0.009,0.0209101,0.0111074
0.0094,0,0
0.0098,0.00616263,0.00617391
0.0102,0,0
0.0106,0,0
0.011,0,0
0.0114,0,0
0.0118,0.00273107,0.00399228
0.0122,0,0
0.0126,0,0
0.013,0,0
0.0134,0.0056172,0.00562658
0.0138,0,0
0.0142,0,0
0.0146,0.00640173,0.00641391
0.015,0,0
0.0154,0,0
0.0158,0,0
0.0162,0,0
0.0166,0,0
0.017,0,0
0.0174,0,0
0.0178,0,0
0.0182,0,0
0.0186,0,0
0.019,0,0
0.0194,0,0
0.0198,0,0
0.0202,0,0
0.0206,0,0
0.021,0,0
0.0214,0,0
0.0218,0,0
0.0222,0.00652879,0.00654147
0.0226,0,0
0.023,0,0
0.0234,0,0
0.0238,0,0
0.0242,0,0
0.0246,0.00458907,0.00537529
0.025,0,0
0.0254,0,0
0.0258,0,0
0.0262,0.00540076,0.00540945
0.0266,0,0
0.027,0,0
0.0274,0,0
0.0278,0.00579028,0.00580026
0.0282,0,0
0.0286,0,0
0.029,0.00620116,0.00621261
0.0294,0,0
0.0298,0,0
0.0302,0,0
0.0306,0,0
0.031,0,0
0.0314,0.0123222,0.0087298
0.0318,0,0
0.0322,0.00624409,0.0062557
0.0326,0,0
0.033,0,0
0.0334,0,0
0.0338,0,0
0.0342,0,0
0.0346,0,0
0.035,0.0123177,0.00872593
0.0354,0,0
0.0358,0.00628481,0.00629658
0.0362,0,0
0.0366,0.00666725,0.00668049
0.037,0,0
0.0374,0,0
0.0378,0,0
0.0382,0,0
0.0386,0,0
0.039,0.00613598,0.0061472
0.0394,0,0
0.0398,0,0
0.0402,0,0
0.0406,0,0
0.041,0.00589372,0.00590408
0.0414,0,0
0.0418,0,0
0.0422,0,0
0.0426,0,0
0.043,0,0
0.0434,0,0
0.0438,0.00678548,0.0067992
0.0442,0,0
0.0446,0,0
0.045,0,0
0.0454,0,0
0.0458,0.000104133,0.000809296
0.0462,0,0
0.0466,0,0
0.047,0,0
0.0474,0,0
0.0478,0,0
0.0482,0,0
0.0486,0,0
0.049,0,0
0.0494,0.00618122,0.00619261
0.0498,0,0
0.0502,0,0
0.0506,0,0
0.051,0,0
0.0514,0,0
0.0518,0,0
0.0522,0,0
0.0526,0.00372962,0.00475425
0.053,0.0056415,0.00584973
0.0534,0.00620378,0.00621526
0.0538,0,0
0.0542,0,0
0.0546,0,0
0.055,0.00563966,0.00564915
0.0554,0,0
0.0558,0,0
0.0562,0,0
0.0566,0,0
0.057,0.000421616,0.00161759
0.0574,0.00606781,0.00607879
0.0578,0,0
0.0582,0,0
0.0586,0,0
0.059,0,0
0.0594,0,0
0.0598,0,0
0.0602,0,0
0.0606,0,0
0.061,0,0
0.0614,0,0
0.0618,0,0
0.0622,0,0
0.0626,0,0
0.063,0,0
0.0634,0,0
0.0638,0,0
0.0642,0,0
0.0646,0,0
0.065,0,0
0.0654,0,0
0.0658,0,0
0.0662,0,0
0.0666,0,0
0.067,0.00634498,0.00635699
0.0674,0.00634127,0.00635327
0.0678,0,0
0.0682,0,0
0.0686,0,0
0.069,0,0
0.0694,0,0
0.0698,0,0
0.0702,0,0
0.0706,0,0
0.071,0,0
0.0714,0,0
0.0718,0,0
0.0722,0,0
0.0726,0,0
0.073,0,0
0.0734,0,0
0.0738,0,0
0.0742,0.0063116,0.00632349
0.0746,0,0
0.075,0,0
0.0754,0,0
0.0758,0,0
0.0762,0.00600308,0.00601383
0.0766,0,0
0.077,0.00584709,0.0058573
0.0774,0,0
0.0778,0,0
0.0782,0,0
0.0786,0,0
0.079,0,0
0.0794,0,0
0.0798,0,0
0.0802,0.0064109,0.00642317
0.0806,0,0
0.081,0,0
0.0814,0.00633415,0.00634612
0.0818,0,0
0.0822,0,0
0.0826,0,0
0.083,0.00642819,0.00644053
0.0834,0,0
0.0838,0,0
0.0842,0,0
0.0846,0,0
0.085,0.00313055,0.00438023
0.0854,0,0
0.0858,0,0
0.0862,0,0
0.0866,0,0
0.087,0,0
0.0874,0,0
0.0878,0,0
0.0882,0,0
0.0886,0,0
0.089,0,0
0.0894,0.00924216,0.00738544
0.0898,0,0
0.0902,0,0
0.0906,0,0
0.091,0.00638317,0.00639533
0.0914,0,0
0.0918,0,0
0.0922,0,0
0.0926,0,0
0.093,0,0
0.0934,0,0
0.0938,0,0
0.0942,0,0
0.0946,0,0
0.095,0,0
0.0954,0,0
0.0958,0,0
0.0962,0.00567725,0.00594662
0.0966,0,0
0.097,0,0
0.0974,0,0
0.0978,0,0
0.0982,0,0
0.0986,0,0
0.099,0,0
0.0994,0,0
0.0998,0,0
0.1002,0,0
0.1006,0,0
0.101,0,0
0.1014,0,0
0.1018,0.00658364,0.00659657
0.1022,0,0
0.1026,0,0
0.103,0.00633696,0.00634893
0.1034,0,0
0.1038,0,0
0.1042,0,0
0.1046,0.00267912,0.00432591
0.105,0,0
0.1054,0,0
0.1058,0,0
0.1062,0,0
0.1066,0,0
0.107,0,0
0.1074,0,0
0.1078,0,0
0.1082,0,0
0.1086,0,0
0.109,0,0
0.1094,0,0
0.1098,0,0
0.1102,0,0
0.1106,0,0
0.111,0,0
0.1114,0,0
0.1118,0,0
0.1122,0,0
0.1126,0,0
0.113,0,0
0.1134,0,0
0.1138,0,0
0.1142,0,0
0.1146,0,0
0.115,0,0
0.1154,0,0
0.1158,0,0
0.1162,0,0
0.1166,0,0
0.117,0,0
0.1174,0.00978646,0.00981493
0.1178,0,0
0.1182,0,0
0.1186,0,0
0.119,0,0
0.1194,0,0
0.1198,0,0
5
-0.1198,0,0
-0.1194,0,0
-0.119,0,0
-0.1186,0,0
-0.1182,0,0
-0.1178,0,0
-0.1174,0,0
-0.117,0,0
-0.1166,0,0
-0.1162,0,0
-0.1158,0,0
-0.1154,0,0
-0.115,0,0
-0.1146,0,0
-0.1142,0,0
-0.1138,0,0
-0.1134,0,0
-0.113,0,0
-0.1126,0,0
-0.1122,0,0
-0.1118,0.00585811,0.00586849
-0.1114,0,0
-0.111,0,0
-0.1106,0,0
-0.1102,0,0
-0.1098,0,0
-0.1094,0,0
-0.109,0,0
-0.1086,0,0
-0.1082,0,0
-0.1078,0.00653166,0.00654453
-0.1074,0,0
-0.107,0.0122654,0.0086902
-0.1066,0,0
-0.1062,0,0
-0.1058,0,0
-0.1054,0,0
-0.105,0,0
-0.1046,0.00352692,0.00468108
-0.1042,0,0
-0.1038,0,0
-0.1034,0,0
-0.103,0,0
-0.1026,0,0
-0.1022,0,0
-0.1018,0,0
-0.1014,0,0
-0.101,0,0
-0.1006,0,0
-0.1002,0.00649685,0.00650951
-0.0998,0,0
-0.0994,0,0
-0.099,0.00434391,0.00519099
-0.0986,0,0
-0.0982,0,0
-0.0978,0,0
-0.0974,0,0
-0.097,0,0
-0.0966,0,0
-0.0962,0.00652495,0.00653769
-0.0958,0,0
-0.0954,0,0
-0.095,0,0
-0.0946,0,0
-0.0942,0.00517706,0.00577985
-0.0938,0,0
-0.0934,0,0
-0.093,0,0
-0.0926,0,0
-0.0922,0.00645431,0.00646674
-0.0918,0,0
-0.0914,0,0
-0.091,0.00574803,0.00575789
-0.0906,0,0
-0.0902,0,0
-0.0898,0,0
-0.0894,0,0
-0.089,0,0
-0.0886,0,0
-0.0882,0,0
-0.0878,0.00696239,0.00697681
-0.0874,0,0
-0.087,0,0
-0.0866,0,0
-0.0862,0,0
-0.0858,0,0
-0.0854,0,0
-0.085,0,0
-0.0846,0,0
-0.0842,0.00712112,0.00713618
-0.0838,0,0
-0.0834,0,0
-0.083,0,0
-0.0826,0,0
-0.0822,0,0
-0.0818,0,0
-0.0814,0,0
-0.081,0,0
-0.0806,0,0
-0.0802,0,0
-0.0798,0,0
-0.0794,0,0
-0.079,0,0
-0.0786,0,0
-0.0782,0,0
-0.0778,0.00628831,0.00630001
-0.0774,0,0
-0.077,0,0
-0.0766,0,0
-0.0762,0,0
-0.0758,0,0
-0.0754,0,0
-0.075,0,0
-0.0746,0.00614153,0.00615267
-0.0742,0,0
-0.0738,0,0
-0.0734,0,0
-0.073,0,0
-0.0726,0,0
-0.0722,0,0
-0.0718,0,0
-0.0714,0,0
-0.071,0,0
-0.0706,0,0
-0.0702,0,0
-0.0698,0,0
-0.0694,0,0
-0.069,0,0
-0.0686,0,0
-0.0682,0,0
-0.0678,0,0
-0.0674,0,0
-0.067,0.0124244,0.00880147
-0.0666,0,0
-0.0662,0,0
-0.0658,0,0
-0.0654,0,0
-0.065,0,0
-0.0646,0,0
-0.0642,0,0
-0.0638,0,0
-0.0634,0,0
-0.063,0.00618417,0.0061954
-0.0626,0,0
-0.0622,0,0
-0.0618,0,0
-0.0614,0,0
-0.061,0,0
-0.0606,0,0
-0.0602,0,0
-0.0598,0,0
-0.0594,0,0
-0.059,0.00642991,0.00644203
-0.0586,0,0
-0.0582,0.000257116,0.00125805
-0.0578,0.00624323,0.00625465
-0.0574,0.00648067,0.00649297
-0.057,0,0
-0.0566,0,0
-0.0562,0,0
-0.0558,0,0
-0.0554,0,0
-0.055,0,0
-0.0546,0,0
-0.0542,0,0
-0.0538,0,0
-0.0534,0,0
-0.053,0,0
-0.0526,0,0
-0.0522,0,0
-0.0518,0,0
-0.0514,0,0
-0.051,0,0
-0.0506,0,0
-0.0502,0,0
-0.0498,0,0
-0.0494,0,0
-0.049,0,0
-0.0486,0,0
-0.0482,0,0
-0.0478,0,0
-0.0474,0,0
-0.047,0.00695597,0.00697009
-0.0466,0,0
-0.0462,0,0
-0.0458,0.00620614,0.00621737
-0.0454,0,0
-0.045,0.00654989,0.0065624
-0.0446,0,0
-0.0442,0,0
-0.0438,0,0
-0.0434,0,0
-0.043,0.00664918,0.00666206
-0.0426,0,0
-0.0422,0.00636305,0.00637485
-0.0418,0.00672248,0.00673564
-0.0414,0,0
-0.041,0,0
-0.0406,0,0
-0.0402,0,0
-0.0398,0,0
-0.0394,0,0
-0.039,0,0
-0.0386,0.00657178,0.00658434
-0.0382,0,0
-0.0378,0,0
-0.0374,0,0
-0.037,0,0
-0.0366,0,0
-0.0362,0,0
-0.0358,0,0
-0.0354,0.000348319,0.00155517
-0.035,0,0
-0.0346,0,0
-0.0342,0.00624046,0.00625178
-0.0338,0,0
-0.0334,0,0
-0.033,0,0
-0.0326,0,0
-0.0322,0,0
-0.0318,0,0
-0.0314,0,0
-0.031,0,0
-0.0306,0,0
-0.0302,0,0
-0.0298,0,0
-0.0294,0,0
-0.029,0,0
-0.0286,0,0
-0.0282,0,0
-0.0278,0.00517542,0.00556651
-0.0274,0.00592516,0.00593534
-0.027,0,0
-0.0266,0,0
-0.0262,0.00639875,0.00641062
-0.0258,0,0
-0.0254,0,0
-0.025,0,0
-0.0246,0,0
-0.0242,0,0
-0.0238,0.00598904,0.00599944
-0.0234,0.00131524,0.0029784
-0.023,0.00641239,0.0064243
-0.0226,0,0
-0.0222,0.0122785,0.0086977
-0.0218,0.00613985,0.00615077
-0.0214,0,0
-0.021,0,0
-0.0206,0,0
-0.0202,0.0069017,0.00691549
-0.0198,0.00690571,0.00691951
-0.0194,0,0
-0.019,0.00591105,0.00592117
-0.0186,0,0
-0.0182,0,0
-0.0178,0,0
-0.0174,0,0
-0.017,0,0
-0.0166,0,0
-0.0162,0,0
-0.0158,0,0
-0.0154,0,0
-0.015,0,0
-0.0146,0.00653635,0.00654871
-0.0142,0,0
-0.0138,0,0
-0.0134,0,0
-0.013,0.00628175,0.00629316
-0.0126,0,0
-0.0122,0,0
-0.0118,0.0136084,0.00964156
-0.0114,0,0
-0.011,0.00637152,0.00638326
-0.0106,0.00637221,0.00638395
-0.0102,0,0
-0.0098,0,0
-0.0094,0,0
-0.009,0,0
-0.0086,0,0
-0.0082,0.00684097,0.00685449
-0.0078,0.00628697,0.00629839
-0.0074,0,0
-0.007,0.00625575,0.00626706
-0.0066,0.0120453,0.00853211
-0.0062,0,0
-0.0058,0.00667575,0.00668862
-0.0054,0.00623683,0.00624806
-0.005,0.0063447,0.00635632
-0.0046,0.00641896,0.00643085
-0.0042,0.0327241,0.0146197
-0.0038,0.0137751,0.00975984
-0.0034,0.0262663,0.0131589
-0.003,0.0352753,0.0158159
-0.0026,0.0708266,0.0214266
-0.0022,0.165666,0.0318185
-0.0018,0.341053,0.0456649
-0.0014,0.672758,0.0657427
-0.001,0.747466,0.0704638
-0.0006,1.20822,0.0917867
-0.0002,1.17317,0.0882842
0.0002,0.978639,0.0784246
0.0006,0.818736,0.0708657
0.001,0.685282,0.0668909
0.0014,0.383638,0.0486907
0.0018,0.190278,0.0332385
0.0022,0.149648,0.0312776
0.0026,0.103167,0.0266918
0.003,0.0438847,0.0166446
0.0034,0.00610896,0.00611973
0.0038,0.0121675,0.00862456
0.0042,0.00630423,0.0063157
0.0046,0.0125491,0.00889987
0.005,0.0120188,0.00851336
0.0054,0,0
0.0058,0.0129314,0.00916747
0.0062,0,0
0.0066,0,0
0.007,0,0
0.0074,0,0
0.0078,0,0
0.0082,0.00651279,0.00652503
0.0086,0.00651255,0.00652479
0.009,0,0
0.0094,0,0
0.0098,0.0120676,0.00854796
0.0102,0,0
0.0106,0,0
0.011,0.00630413,0.00631559
0.0114,0,0
0.0118,0.00598963,0.00599999
0.0122,0,0
0.0126,0.00664675,0.0066595
0.013,0,0
0.0134,0,0
0.0138,0.00575237,0.00576192
0.0142,0,0
0.0146,0.0067324,0.00674548
0.015,0,0
0.0154,0,0
0.0158,0,0
0.0162,0,0
0.0166,0,0
0.017,0,0
0.0174,0,0
0.0178,0,0
0.0182,0.00585306,0.00586295
0.0186,0,0
0.019,0,0
0.0194,0,0
0.0198,0,0
0.0202,0,0
0.0206,0,0
0.021,0,0
0.0214,0.00576104,0.00577062
0.0218,0,0
0.0222,0,0
0.0226,0,0
0.023,0.00652528,0.00653756
0.0234,0,0
0.0238,0,0
0.0242,0,0
0.0246,0.00714486,0.00637326
0.025,0,0
0.0254,0,0
0.0258,0,0
0.0262,0,0
0.0266,0,0
0.027,0,0
0.0274,0,0
0.0278,0.00659442,0.00660697
0.0282,0.00597548,0.00598578
0.0286,0,0
0.029,0,0
0.0294,0,0
0.0298,0,0
0.0302,0,0
0.0306,0,0
0.031,0,0
0.0314,0,0
0.0318,0,0
0.0322,0,0
0.0326,0,0
0.033,0.0187881,0.010867
0.0334,0,0
0.0338,0,0
0.0342,0,0
0.0346,0.00663803,0.00665073
0.035,0,0
0.0354,0,0
0.0358,0,0
0.0362,0,0
0.0366,0,0
0.037,0,0
0.0374,0,0
0.0378,0,0
0.0382,0,0
0.0386,0,0
0.039,0,0
0.0394,0,0
0.0398,0,0
0.0402,0,0
0.0406,0,0
0.041,0,0
0.0414,0,0
0.0418,0,0
0.0422,0,0
0.0426,0,0
0.043,0,0
0.0434,0,0
0.0438,0,0
0.0442,0,0
0.0446,0,0
0.045,0,0
0.0454,0,0
0.0458,0,0
0.0462,0,0
0.0466,0,0
0.047,0,0
0.0474,0.00626358,0.00627487
0.0478,0,0
0.0482,0,0
0.0486,0.00524374,0.00581906
0.049,0,0
0.0494,0,0
0.0498,0,0
0.0502,0,0
0.0506,0,0
0.051,0,0
0.0514,0,0
0.0518,0,0
0.0522,0,0
0.0526,0,0
0.053,0,0
0.0534,0,0
0.0538,0,0
0.0542,0,0
0.0546,0,0
0.055,0,0
0.0554,0,0
0.0558,0,0
0.0562,0.00677328,0.00678647
0.0566,0,0
0.057,0,0
0.0574,0,0
0.0578,0,0
0.0582,0,0
0.0586,0,0
0.059,0,0
0.0594,0,0
0.0598,0,0
0.0602,0,0
0.0606,0,0
0.061,0,0
0.0614,0,0
0.0618,0.00593782,0.0061009
0.0622,0,0
0.0626,0,0
0.063,0.00587141,0.00588131
0.0634,0,0
0.0638,0.0064609,0.00647288
0.0642,0,0
0.0646,0,0
0.065,0,0
0.0654,0,0
0.0658,0,0
0.0662,0,0
0.0666,0.00589045,0.0059004
0.067,0,0
0.0674,0,0
0.0678,0,0
0.0682,0,0
0.0686,0,0
0.069,0,0
0.0694,0.00622946,0.00624057
0.0698,0,0
0.0702,0,0
0.0706,0,0
0.071,0,0
0.0714,0.00637063,0.00638225
0.0718,0,0
0.0722,0,0
0.0726,0,0
0.073,0,0
0.0734,0,0
0.0738,0,0
0.0742,0,0
0.0746,0,0
0.075,0,0
0.0754,0,0
0.0758,0,0
0.0762,0,0
0.0766,0.00611241,0.00612309
0.077,0.00610813,0.00611879
0.0774,0,0
0.0778,0,0
0.0782,0,0
0.0786,0,0
0.079,0,0
0.0794,0,0
0.0798,0,0
0.0802,0,0
0.0806,0,0
0.081,0,0
0.0814,0,0
0.0818,0,0
0.0822,0,0
0.0826,0,0
0.083,0,0
0.0834,0,0
0.0838,0,0
0.0842,0,0
0.0846,0.00611227,0.00612292
0.085,0,0
0.0854,0,0
0.0858,0,0
0.0862,0,0
0.0866,0,0
0.087,0,0
0.0874,0,0
0.0878,0,0
0.0882,0,0
0.0886,0,0
0.089,0,0
0.0894,0,0
0.0898,0.0179893,0.0104097
0.0902,0,0
0.0906,0,0
0.091,0,0
0.0914,0,0
0.0918,0,0
0.0922,0,0
0.0926,0.00629408,0.00630534
0.093,0,0
0.0934,0,0
0.0938,0.00652278,0.00653486
0.0942,0,0
0.0946,0,0
0.095,0,0
0.0954,0,0
0.0958,0,0
0.0962,0,0
0.0966,0.00663166,0.00664414
0.097,0,0
0.0974,0,0
0.0978,0,0
0.0982,0,0
0.0986,0,0
0.099,0,0
0.0994,0,0
0.0998,0,0
0.1002,0,0
0.1006,0,0
0.101,0,0
0.1014,0,0
0.1018,0,0
0.1022,0,0
0.1026,0,0
0.103,0,0
0.1034,0,0
0.1038,0,0
0.1042,0,0
0.1046,0,0
0.105,0,0
0.1054,0,0
0.1058,0,0
0.1062,0,0
0.1066,0,0
0.107,0,0
0.1074,0,0
0.1078,0,0
0.1082,0,0
0.1086,0.00816155,0.00818033
0.109,0,0
0.1094,0,0
0.1098,0,0
0.1102,0,0
0.1106,0,0
0.111,0,0
0.1114,0,0
0.1118,0,0
0.1122,0.00878298,0.00880469
0.1126,0,0
0.113,0.00784335,0.00868276
0.1134,0,0
0.1138,0,0
0.1142,0,0
0.1146,0,0
0.115,0,0
0.1154,0,0
0.1158,0.0096338,0.00965988
0.1162,0,0
0.1166,0,0
0.117,0,0
0.1174,0,0
0.1178,0,0
0.1182,0,0
0.1186,0,0
0.119,0,0
0.1194,0,0
0.1198,0,0
6
-0.1198,0,0
-0.1194,0,0
-0.119,0,0
-0.1186,0.00179758,0.00310808
-0.1182,0,0
-0.1178,0,0
-0.1174,0,0
-0.117,0,0
-0.1166,0,0
-0.1162,0,0
-0.1158,0,0
-0.1154,0,0
-0.115,0,0
-0.1146,0,0
-0.1142,0,0
-0.1138,0,0
-0.1134,0,0
-0.113,0,0
-0.1126,0,0
-0.1122,0,0
-0.1118,0,0
-0.1114,0,0
-0.111,0,0
-0.1106,0,0
-0.1102,0,0
-0.1098,0,0
-0.1094,0,0
-0.109,0.0056118,0.00562247
-0.1086,0,0
-0.1082,0,0
-0.1078,0.00582163,0.0058331
-0.1074,0,0
-0.107,0,0
-0.1066,0,0
-0.1062,0,0
-0.1058,0,0
-0.1054,0,0
-0.105,0,0
-0.1046,0.00237409,0.0036263
-0.1042,0,0
-0.1038,0,0
-0.1034,0,0
-0.103,0,0
-0.1026,0,0
-0.1022,0,0
-0.1018,0,0
-0.1014,0.00509457,0.00510331
-0.101,0,0
-0.1006,0,0
-0.1002,0,0
-0.0998,0,0
-0.0994,0,0
-0.099,0.00163835,0.00301113
-0.0986,0,0
-0.0982,0,0
-0.0978,0.00563459,0.00564525
-0.0974,0,0
-0.097,0,0
-0.0966,0,0
-0.0962,0,0
-0.0958,0,0
-0.0954,0,0
-0.095,0,0
-0.0946,0,0
-0.0942,0,0
-0.0938,0,0
-0.0934,0,0
-0.093,0,0
-0.0926,0,0
-0.0922,0,0
-0.0918,0,0
-0.0914,0,0
-0.091,0,0
-0.0906,0,0
-0.0902,0,0
-0.0898,0,0
-0.0894,0,0
-0.089,0,0
-0.0886,0,0
-0.0882,0,0
-0.0878,0,0
-0.0874,0,0
-0.087,0,0
-0.0866,0,0
-0.0862,0,0
-0.0858,0,0
-0.0854,0.00597082,0.00598274
-0.085,0,0
-0.0846,0.00550044,0.00551057
-0.0842,0,0
-0.0838,0,0
-0.0834,0,0
-0.083,0,0
-0.0826,0,0
-0.0822,0,0
-0.0818,0,0
-0.0814,0,0
-0.081,0,0
-0.0806,0,0
-0.0802,0,0
-0.0798,0,0
-0.0794,0,0
-0.079,0.00547089,0.00548097
-0.0786,0.0109086,0.00772776
-0.0782,0,0
-0.0778,0,0
-0.0774,0,0
-0.077,0,0
-0.0766,0,0
-0.0762,0,0
-0.0758,0,0
-0.0754,0,0
-0.075,0,0
-0.0746,0,0
-0.0742,0,0
-0.0738,0,0
-0.0734,0,0
-0.073,0,0
-0.0726,0,0
-0.0722,0,0
-0.0718,0,0
-0.0714,0,0
-0.071,0,0
-0.0706,0,0
-0.0702,0,0
-0.0698,0.00516354,0.0051726
-0.0694,0,0
-0.069,0,0
-0.0686,0,0
-0.0682,0,0
-0.0678,0,0
-0.0674,0,0
-0.067,0,0
-0.0666,0,0
-0.0662,0,0
-0.0658,0,0
-0.0654,0,0
-0.065,0,0
-0.0646,0,0
-0.0642,0.0050821,0.00509092
-0.0638,0,0
-0.0634,0,0
-0.063,0,0
-0.0626,0,0
-0.0622,0,0
-0.0618,0.00513353,0.00514255
-0.0614,0,0
-0.061,0,0
-0.0606,0,0
-0.0602,0,0
-0.0598,0,0
-0.0594,0,0
-0.059,0,0
-0.0586,0,0
-0.0582,0.00501864,0.00513648
-0.0578,0,0
-0.0574,0,0
-0.057,0.00570596,0.00571714
-0.0566,0,0
-0.0562,0,0
-0.0558,0,0
-0.0554,0,0
-0.055,0,0
-0.0546,0,0
-0.0542,0,0
-0.0538,0,0
-0.0534,0,0
-0.053,0,0
-0.0526,0,0
-0.0522,0,0
-0.0518,0,0
-0.0514,0,0
-0.051,0,0
-0.0506,0,0
-0.0502,0,0
-0.0498,0,0
-0.0494,0,0
-0.049,0,0
-0.0486,0.00479404,0.00480198
-0.0482,0,0
-0.0478,0.00578562,0.0057972
-0.0474,0,0
-0.047,0,0
-0.0466,0,0
-0.0462,0,0
-0.0458,0,0
-0.0454,0,0
-0.045,0,0
-0.0446,0,0
-0.0442,0,0
-0.0438,0,0
-0.0434,0.00563723,0.00564825
-0.043,0.0055829,0.00559371
-0.0426,0,0
-0.0422,0,0
-0.0418,0.00498492,0.00499355
-0.0414,0,0
-0.041,0,0
-0.0406,0,0
-0.0402,0,0
-0.0398,0,0
-0.0394,0,0
-0.039,0,0
-0.0386,0,0
-0.0382,0,0
-0.0378,0,0
-0.0374,0,0
-0.037,0,0
-0.0366,0,0
-0.0362,0,0
-0.0358,0,0
-0.0354,0.00547488,0.00562948
-0.035,0.00546893,0.00547936
-0.0346,0,0
-0.0342,0,0
-0.0338,0,0
-0.0334,0,0
-0.033,0,0
-0.0326,0.0056927,0.00570402
-0.0322,0,0
-0.0318,0,0
-0.0314,0,0
-0.031,0,0
-0.0306,0,0
-0.0302,0,0
-0.0298,0,0
-0.0294,0,0
-0.029,0,0
-0.0286,0.00556251,0.00557334
-0.0282,0,0
-0.0278,0,0
-0.0274,0,0
-0.027,0,0
-0.0266,0,0
-0.0262,0,0
-0.0258,0,0
-0.0254,0,0
-0.025,0,0
-0.0246,0,0
-0.0242,0,0
-0.0238,0,0
-0.0234,0.00446264,0.0049859
-0.023,0,0
-0.0226,0,0
-0.0222,0,0
-0.0218,0,0
-0.0214,0,0
-0.021,0,0
-0.0206,0,0
-0.0202,0,0
-0.0198,0,0
-0.0194,0,0
-0.019,0.00502949,0.00503838
-0.0186,0,0
-0.0182,0,0
-0.0178,0,0
-0.0174,0,0
-0.017,0.00523425,0.00524388
-0.0166,0,0
-0.0162,0,0
-0.0158,0,0
-0.0154,0,0
-0.015,0,0
-0.0146,0,0
-0.0142,0,0
-0.0138,0,0
-0.0134,0,0
-0.013,0,0
-0.0126,0,0
-0.0122,0.00543543,0.00544584
-0.0118,0,0
-0.0114,0,0
-0.011,0,0
-0.0106,0.00532135,0.00533133
-0.0102,0,0
-0.0098,0,0
-0.0094,0.0117334,0.00831396
-0.009,0,0
-0.0086,0,0
-0.0082,0,0
-0.0078,0,0
-0.0074,0,0
-0.007,0,0
-0.0066,0.00985321,0.0069794
-0.0062,0,0
-0.0058,0.010917,0.00773439
-0.0054,0.00509891,0.00510809
-0.005,0.00518605,0.00519555
-0.0046,0,0
-0.0042,0.00996992,0.00713705
-0.0038,0.00562682,0.005638
-0.0034,0.0106639,0.00755525
-0.003,0.0409762,0.0155198
-0.0026,0.0308559,0.0126199
-0.0022,0.0445491,0.0149003
-0.0018,0.188821,0.0306893
-0.0014,0.203893,0.0327346
-0.001,0.334567,0.0425829
-0.0006,0.378906,0.0464027
-0.0002,0.45733,0.0497258
0.0002,0.3423,0.0418836
0.0006,0.293601,0.038302
0.001,0.345724,0.0426718
0.0014,0.221338,0.0334574
0.0018,0.137013,0.0255347
0.0022,0.127758,0.0261417
0.0026,0.084394,0.0218347
0.003,0.0266002,0.0119399
0.0034,0.014956,0.00865011
0.0038,0.0290696,0.0118926
0.0042,0.0158781,0.00918621
0.0046,0,0
0.005,0.0146892,0.00849557
0.0054,0.0101457,0.00718699
0.0058,0,0
0.0062,0,0
0.0066,0,0
0.007,0.00552563,0.00553641
0.0074,0.00473889,0.00474682
0.0078,0.00451101,0.0045182
0.0082,0,0
0.0086,0,0
0.009,0,0
0.0094,0,0
0.0098,0,0
0.0102,0,0
0.0106,0,0
0.011,0,0
0.0114,0.004747,0.00475494
0.0118,0.00490573,0.00491421
0.0122,0,0
0.0126,0,0
0.013,0,0
0.0134,0,0
0.0138,0,0
0.0142,0,0
0.0146,0,0
0.015,0.00552921,0.00553995
0.0154,0,0
0.0158,0.00500531,0.0050141
0.0162,0,0
0.0166,0,0
0.017,0,0
0.0174,0.00523119,0.00524078
0.0178,0,0
0.0182,0,0
0.0186,0,0
0.019,0.0105021,0.00760587
0.0194,0,0
0.0198,0,0
0.0202,0,0
0.0206,0,0
0.021,0.00966661,0.00684993
0.0214,0,0
0.0218,0,0
0.0222,0,0
0.0226,0,0
0.023,0,0
0.0234,0,0
0.0238,0,0
0.0242,0,0
0.0246,0.00416684,0.00434106
0.025,0,0
0.0254,0,0
0.0258,0.00510038,0.00510936
0.0262,0,0
0.0266,0.00507433,0.00508321
0.027,0,0
0.0274,0.00552247,0.00553297
0.0278,0,0
0.0282,0,0
0.0286,0,0
0.029,0,0
0.0294,0,0
0.0298,0,0
0.0302,0,0
0.0306,0,0
0.031,0,0
0.0314,0,0
0.0318,0.00529947,0.00530907
0.0322,0,0
0.0326,0,0
0.033,0,0
0.0334,0,0
0.0338,0,0
0.0342,0,0
0.0346,0,0
0.035,0,0
0.0354,0,0
0.0358,0,0
0.0362,0,0
0.0366,0,0
0.037,0,0
0.0374,0,0
0.0378,0,0
0.0382,0,0
0.0386,0,0
0.039,0,0
0.0394,0,0
0.0398,0.00554696,0.00555734
0.0402,0,0
0.0406,0,0
0.041,0,0
0.0414,0,0
0.0418,0.00531173,0.00532122
0.0422,0,0
0.0426,0,0
0.043,0,0
0.0434,0,0
0.0438,0,0
0.0442,0,0
0.0446,0,0
0.045,0,0
0.0454,0,0
0.0458,0,0
0.0462,0,0
0.0466,0,0
0.047,0.00584818,0.00585958
0.0474,0,0
0.0478,0,0
0.0482,0.00516607,0.00517495
0.0486,0.00605573,0.00557666
0.049,0,0
0.0494,0,0
0.0498,0.00567955,0.00569026
0.0502,0,0
0.0506,0.00513806,0.00514681
0.051,0,0
0.0514,0,0
0.0518,0.00563198,0.00564247
0.0522,0,0
0.0526,0,0
0.053,0,0
0.0534,0,0
0.0538,0.0057379,0.00574876
0.0542,0,0
0.0546,0,0
0.055,0,0
0.0554,0,0
0.0558,0,0
0.0562,0,0
0.0566,0.00592535,0.00593688
0.057,0,0
0.0574,0,0
0.0578,0.00564359,0.00565403
0.0582,0,0
0.0586,0,0
0.059,0,0
0.0594,0,0
0.0598,0,0
0.0602,0,0
0.0606,0,0
0.061,0,0
0.0614,0,0
0.0618,0.000271454,0.00122421
0.0622,0,0
0.0626,0,0
0.063,0,0
0.0634,0,0
0.0638,0,0
0.0642,0,0
0.0646,0,0
0.065,0,0
0.0654,0,0
0.0658,0,0
0.0662,0,0
0.0666,0,0
0.067,0,0
0.0674,0,0
0.0678,0,0
0.0682,0.00553768,0.00554757
0.0686,0,0
0.069,0,0
0.0694,0,0
0.0698,0,0
0.0702,0,0
0.0706,0,0
0.071,0,0
0.0714,0,0
0.0718,0,0
0.0722,0,0
0.0726,0,0
0.073,0,0
0.0734,0,0
0.0738,0,0
0.0742,0,0
0.0746,0,0
0.075,0,0
0.0754,0,0
0.0758,0,0
0.0762,0,0
0.0766,0,0
0.077,0,0
0.0774,0,0
0.0778,0.00585815,0.00586907
0.0782,0,0
0.0786,0,0
0.079,0,0
0.0794,0,0
0.0798,0,0
0.0802,0.00603743,0.00604899
0.0806,0,0
0.081,0,0
0.0814,0,0
0.0818,0,0
0.0822,0,0
0.0826,0,0
0.083,0,0
0.0834,0,0
0.0838,0,0
0.0842,0,0
0.0846,0,0
0.085,0,0
0.0854,0,0
0.0858,0,0
0.0862,0,0
0.0866,0,0
0.087,0,0
0.0874,0,0
0.0878,0,0
0.0882,0,0
0.0886,0,0
0.089,0,0
0.0894,0,0
0.0898,0,0
0.0902,0,0
0.0906,0,0
0.091,0,0
0.0914,0,0
0.0918,0,0
0.0922,0,0
0.0926,0,0
0.093,0,0
0.0934,0,0
0.0938,0.00604649,0.00605786
0.0942,0,0
0.0946,0,0
0.095,0,0
0.0954,0,0
0.0958,0,0
0.0962,0,0
0.0966,0.000534482,0.00180476
0.097,0,0
0.0974,0,0
0.0978,0.000162431,0.0010437
0.0982,0,0
0.0986,0.000704365,0.00207111
0.099,0,0
0.0994,0,0
0.0998,0,0
0.1002,0.00580631,0.0058167
0.1006,0,0
0.101,0.00682998,0.00684434
0.1014,0,0
0.1018,0,0
0.1022,0,0
0.1026,0,0
0.103,0,0
0.1034,0,0
0.1038,0,0
0.1042,0,0
0.1046,0,0
0.105,0,0
0.1054,0,0
0.1058,0,0
0.1062,0,0
0.1066,0,0
0.107,0,0
0.1074,0,0
0.1078,0,0
0.1082,0,0
0.1086,0,0
0.109,0,0
0.1094,0,0
0.1098,0,0
0.1102,0,0
0.1106,0,0
0.111,0,0
0.1114,0,0
0.1118,0,0
0.1122,0,0
0.1126,0,0
0.113,0.00157766,0.00373262
0.1134,0,0
0.1138,0,0
0.1142,0,0
0.1146,0,0
0.115,0,0
0.1154,0,0
0.1158,0,0
0.1162,0,0
0.1166,0,0
0.117,0,0
0.1174,0,0
0.1178,0,0
0.1182,0,0
0.1186,0,0
0.119,0,0
0.1194,0.00950286,0.00953062
0.1198,0.00949983,0.00952758
7
-0.1198,0,0
-0.1194,0,0
-0.119,0,0
-0.1186,0.00351193,0.00431681
-0.1182,0,0
-0.1178,0.00515737,0.00516657
-0.1174,0.000796919,0.00210523
-0.117,0,0
-0.1166,0,0
-0.1162,0,0
-0.1158,0,0
-0.1154,0,0
-0.115,0,0
-0.1146,0,0
-0.1142,0,0
-0.1138,0,0
-0.1134,0,0
-0.113,0,0
-0.1126,0,0
-0.1122,0,0
-0.1118,0,0
-0.1114,0.00517141,0.00518071
-0.111,0,0
-0.1106,0,0
-0.1102,0,0
-0.1098,0,0
-0.1094,0,0
-0.109,0,0
-0.1086,0,0
-0.1082,0,0
-0.1078,0,0
-0.1074,0,0
-0.107,0,0
-0.1066,0,0
-0.1062,0,0
-0.1058,0,0
-0.1054,0,0
-0.105,0,0
-0.1046,0,0
-0.1042,0,0
-0.1038,0,0
-0.1034,0,0
-0.103,0,0
-0.1026,0,0
-0.1022,0,0
-0.1018,0,0
-0.1014,0,0
-0.101,0,0
-0.1006,0,0
-0.1002,0,0
-0.0998,0,0
-0.0994,0,0
-0.099,0,0
-0.0986,0,0
-0.0982,0,0
-0.0978,0,0
-0.0974,0,0
-0.097,0,0
-0.0966,0,0
-0.0962,0,0
-0.0958,0.00530044,0.00531035
-0.0954,0,0
-0.095,0.00495297,0.00496162
-0.0946,0,0
-0.0942,0,0
-0.0938,0,0
-0.0934,0,0
-0.093,0,0
-0.0926,0,0
-0.0922,0,0
-0.0918,0,0
-0.0914,0,0
-0.091,0,0
-0.0906,0,0
-0.0902,0,0
-0.0898,0,0
-0.0894,0,0
-0.089,0.00534272,0.00535284
-0.0886,0,0
-0.0882,0,0
-0.0878,0,0
-0.0874,0,0
-0.087,0,0
-0.0866,0,0
-0.0862,0,0
-0.0858,0,0
-0.0854,0,0
-0.085,0,0
-0.0846,0,0
-0.0842,0.00597295,0.00598557
-0.0838,0,0
-0.0834,0,0
-0.083,0,0
-0.0826,0.00515574,0.00516514
-0.0822,0,0
-0.0818,0,0
-0.0814,0,0
-0.081,0,0
-0.0806,0,0
-0.0802,0,0
-0.0798,0,0
-0.0794,0,0
-0.079,0,0
-0.0786,0,0
-0.0782,0,0
-0.0778,0,0
-0.0774,0,0
-0.077,0,0
-0.0766,0.00551045,0.00552117
-0.0762,0,0
-0.0758,0,0
-0.0754,0,0
-0.075,0,0
-0.0746,0.00514906,0.0051584
-0.0742,0.00521226,0.00522183
-0.0738,0.00521386,0.00522343
-0.0734,0,0
-0.073,0,0
-0.0726,0,0
-0.0722,0,0
-0.0718,0,0
-0.0714,0,0
-0.071,0,0
-0.0706,0,0
-0.0702,0.00542578,0.00543611
-0.0698,0,0
-0.0694,0,0
-0.069,0,0
-0.0686,0,0
-0.0682,0,0
-0.0678,0,0
-0.0674,0,0
-0.067,0,0
-0.0666,0,0
-0.0662,0,0
-0.0658,0,0
-0.0654,0,0
-0.065,0,0
-0.0646,0.00550496,0.00551554
-0.0642,0,0
-0.0638,0,0
-0.0634,0,0
-0.063,0,0
-0.0626,0,0
-0.0622,0,0
-0.0618,0,0
-0.0614,0,0
-0.061,0,0
-0.0606,0,0
-0.0602,0,0
-0.0598,0,0
-0.0594,0,0
-0.059,0,0
-0.0586,0,0
-0.0582,0,0
-0.0578,0,0
-0.0574,0.00548519,0.0054956
-0.057,0,0
-0.0566,0.0054292,0.0054394
-0.0562,0,0
-0.0558,0,0
-0.0554,0,0
-0.055,0.00561177,0.00562263
-0.0546,0,0
-0.0542,0,0
-0.0538,0,0
-0.0534,0,0
-0.053,0,0
-0.0526,0.00542646,0.00543659
-0.0522,0,0
-0.0518,0,0
-0.0514,0,0
-0.051,0.0103041,0.00729898
-0.0506,0,0
-0.0502,0,0
-0.0498,0,0
-0.0494,0,0
-0.049,0,0
-0.0486,0,0
-0.0482,0.00554471,0.00555521
-0.0478,0,0
-0.0474,0,0
-0.047,0,0
-0.0466,0,0
-0.0462,0.00548777,0.00549804
-0.0458,0,0
-0.0454,0,0
-0.045,0,0
-0.0446,0,0
-0.0442,0,0
-0.0438,0,0
-0.0434,0,0
-0.043,0.00598222,0.00599435
-0.0426,0.0110628,0.00784167
-0.0422,0,0
-0.0418,0,0
-0.0414,0,0
-0.041,0,0
-0.0406,0,0
-0.0402,0,0
-0.0398,0,0
-0.0394,0,0
-0.039,0,0
-0.0386,0,0
-0.0382,0,0
-0.0378,0,0
-0.0374,0.00558046,0.00559093
-0.037,0,0
-0.0366,0.00548973,0.00549984
-0.0362,0,0
-0.0358,0,0
-0.0354,0,0
-0.035,0,0
-0.0346,0,0
-0.0342,0,0
-0.0338,0,0
-0.0334,0,0
-0.033,0,0
-0.0326,0.0059516,0.0059634
-0.0322,0,0
-0.0318,0,0
-0.0314,0,0
-0.031,0,0
-0.0306,0,0
-0.0302,0,0
-0.0298,0,0
-0.0294,0.00571616,0.00572698
-0.029,0,0
-0.0286,0,0
-0.0282,0,0
-0.0278,0,0
-0.0274,0,0
-0.027,0,0
-0.0266,0,0
-0.0262,0,0
-0.0258,0,0
-0.0254,0.00592318,0.00593471
-0.025,0,0
-0.0246,0,0
-0.0242,0.00529353,0.00530272
-0.0238,0,0
-0.0234,0,0
-0.023,0,0
-0.0226,0,0
-0.0222,0,0
-0.0218,0,0
-0.0214,0,0
-0.021,0,0
-0.0206,0.00194699,0.00334364
-0.0202,0,0
-0.0198,0,0
-0.0194,0,0
-0.019,0,0
-0.0186,0,0
-0.0182,0,0
-0.0178,0,0
-0.0174,0,0
-0.017,0.00585644,0.00586752
-0.0166,0.00570656,0.00571707
-0.0162,0,0
-0.0158,0,0
-0.0154,0.0104299,0.00738748
-0.015,0.00518503,0.00519368
-0.0146,0,0
-0.0142,0,0
-0.0138,0.00553401,0.00554384
-0.0134,0,0
-0.013,0,0
-0.0126,0,0
-0.0122,0,0
-0.0118,0,0
-0.0114,0.00330578,0.00420956
-0.011,0.00576833,0.00577895
-0.0106,0.00577221,0.00578284
-0.0102,0.0058393,0.00585017
-0.0098,0,0
-0.0094,0.0178589,0.0103523
-0.009,0.00592208,0.00593323
-0.0086,0,0
-0.0082,0.00621957,0.00623186
-0.0078,0.00628652,0.00629907
-0.0074,0,0
-0.007,0.011394,0.00807133
-0.0066,0,0
-0.0062,0,0
-0.0058,0.00608969,0.00610143
-0.0054,0,0
-0.005,0.0114904,0.00814003
-0.0046,0,0
-0.0042,0.0176895,0.010244
-0.0038,0.0126018,0.00892854
-0.0034,0.0179962,0.0104104
-0.003,0.0317932,0.0142582
-0.0026,0.0599505,0.0189072
-0.0022,0.0736194,0.020314
-0.0018,0.176939,0.0315438
-0.0014,0.236125,0.0375879
-0.001,0.344707,0.0458415
-0.0006,0.621716,0.0632365
-0.0002,0.590293,0.0597615
0.0002,0.674032,0.0624106
0.0006,0.570988,0.0567431
0.001,0.629478,0.0613633
0.0014,0.378716,0.0464353
0.0018,0.234694,0.0354281
0.0022,0.174898,0.032671
0.0026,0.112779,0.02685
0.003,0.084707,0.0223438
0.0034,0.0971961,0.0234297
0.0038,0.0329474,0.0134791
0.0042,0.0119199,0.00844618
0.0046,0.0277625,0.0125514
0.005,0.0113883,0.00796538
0.0054,0.0172503,0.00997735
0.0058,0.0275647,0.0126755
0.0062,0.0349576,0.0143142
0.0066,0.0171717,0.00993246
0.007,0.0120557,0.00854832
0.0074,0.010778,0.00763398
0.0078,0.0058305,0.00584106
0.0082,0,0
0.0086,0.00294351,0.00425299
0.009,0,0
0.0094,0,0
0.0098,0,0
0.0102,0.00591045,0.00592128
0.0106,0,0
0.011,0.0120331,0.00852452
0.0114,0.00540487,0.00541391
0.0118,0.00589527,0.00590603
0.0122,0,0
0.0126,0,0
0.013,0,0
0.0134,0,0
0.0138,0,0
0.0142,0,0
0.0146,0.00628404,0.00629624
0.015,0.00628437,0.00629658
0.0154,0,0
0.0158,0,0
0.0162,0.0115766,0.00820124
0.0166,0,0
0.017,0,0
0.0174,0.00592715,0.00593801
0.0178,0,0
0.0182,0.0109201,0.00773472
0.0186,0,0
0.019,0.000537677,0.00183765
0.0194,0,0
0.0198,0,0
0.0202,0,0
0.0206,0,0
0.021,0,0
0.0214,0,0
0.0218,0,0
0.0222,0,0
0.0226,0,0
0.023,0,0
0.0234,0,0
0.0238,0,0
0.0242,0,0
0.0246,0.000380567,0.00138463
0.025,0.00502064,0.00502848
0.0254,0,0
0.0258,0,0
0.0262,0,0
0.0266,0.0056245,0.00563434
0.027,0,0
0.0274,0.00641193,0.00642473
0.0278,0,0
0.0282,0,0
0.0286,0,0
0.029,0,0
0.0294,0.00545011,0.00545937
0.0298,0,0
0.0302,0,0
0.0306,0.00613675,0.0061485
0.031,0,0
0.0314,0,0
0.0318,0,0
0.0322,0,0
0.0326,0,0
0.033,0,0
0.0334,0.00238553,0.00379732
0.0338,0,0
0.0342,0,0
0.0346,0,0
0.035,0.00585219,0.00586292
0.0354,0.00597012,0.0059813
0.0358,0.00596768,0.00597885
0.0362,0,0
0.0366,0,0
0.037,0,0
0.0374,0,0
0.0378,0,0
0.0382,0,0
0.0386,0,0
0.039,0,0
0.0394,0,0
0.0398,0,0
0.0402,0,0
0.0406,0,0
0.041,0,0
0.0414,0,0
0.0418,0,0
0.0422,0,0
0.0426,0,0
0.043,0,0
0.0434,0,0
0.0438,0,0
0.0442,0,0
0.0446,0.00606063,0.00607226
0.045,0,0
0.0454,0,0
0.0458,0,0
0.0462,0,0
0.0466,0.00582431,0.00583507
0.047,0,0
0.0474,0,0
0.0478,0,0
0.0482,0,0
0.0486,0,0
0.049,0,0
0.0494,0,0
0.0498,0.0118446,0.00839124
0.0502,0.00584932,0.00586022
0.0506,0,0
0.051,0,0
0.0514,0,0
0.0518,0,0
0.0522,0,0
0.0526,0,0
0.053,0,0
0.0534,0,0
0.0538,0,0
0.0542,0,0
0.0546,0,0
0.055,0,0
0.0554,0,0
0.0558,0,0
0.0562,0,0
0.0566,0,0
0.057,0,0
0.0574,0,0
0.0578,0,0
0.0582,0.00587357,0.00588467
0.0586,0.00570555,0.00571603
0.059,0,0
0.0594,0,0
0.0598,0,0
0.0602,0,0
0.0606,0,0
0.061,0,0
0.0614,0,0
0.0618,0,0
0.0622,0,0
0.0626,0,0
0.063,0,0
0.0634,0,0
0.0638,0,0
0.0642,0,0
0.0646,0,0
0.065,0,0
0.0654,0,0
0.0658,0,0
0.0662,0,0
0.0666,0,0
0.067,0,0
0.0674,0,0
0.0678,0,0
0.0682,0,0
0.0686,0,0
0.069,0,0
0.0694,0,0
0.0698,0,0
0.0702,0,0
0.0706,0.00551973,0.0055297
0.071,0,0
0.0714,0,0
0.0718,0,0
0.0722,0,0
0.0726,0,0
0.073,0,0
0.0734,0,0
0.0738,0,0
0.0742,0,0
0.0746,0,0
0.075,0,0
0.0754,0.00545453,0.00546432
0.0758,0,0
0.0762,0,0
0.0766,0.0053086,0.00531788
0.077,0,0
0.0774,0,0
0.0778,0,0
0.0782,0,0
0.0786,0,0
0.079,0,0
0.0794,0,0
0.0798,0,0
0.0802,0,0
0.0806,0,0
0.081,0,0
0.0814,0,0
0.0818,0,0
0.0822,0.00500722,0.0050155
0.0826,0,0
0.083,0,0
0.0834,0,0
0.0838,0,0
0.0842,0.00552015,0.00553023
0.0846,0,0
0.085,0,0
0.0854,0,0
0.0858,0.0109229,0.00773991
0.0862,0,0
0.0866,0,0
0.087,0,0
0.0874,0,0
0.0878,0,0
0.0882,0,0
0.0886,0,0
0.089,0,0
0.0894,0,0
0.0898,0,0
0.0902,0,0
0.0906,0,0
0.091,0,0
0.0914,0,0
0.0918,0,0
0.0922,0,0
0.0926,0,0
0.093,0,0
0.0934,0,0
0.0938,0.00566387,0.00567452
0.0942,0,0
0.0946,0,0
0.095,0,0
0.0954,0,0
0.0958,0,0
0.0962,0,0
0.0966,0.00516322,0.00541686
0.097,0,0
0.0974,0,0
0.0978,0.00606554,0.00615335
0.0982,0.00430379,0.00503629
0.0986,0.0049862,0.00531349
0.099,0,0
0.0994,0,0
0.0998,0,0
0.1002,0.00538781,0.00539746
0.1006,0,0
0.101,0,0
0.1014,0,0
0.1018,0,0
0.1022,0,0
0.1026,0,0
0.103,0.00636356,0.00637701
0.1034,0,0
0.1038,0,0
0.1042,0,0
0.1046,0,0
0.105,0,0
0.1054,0,0
0.1058,0,0
0.1062,0,0
0.1066,0,0
0.107,0,0
0.1074,0,0
0.1078,0,0
0.1082,0,0
0.1086,0,0
0.109,0,0
0.1094,0,0
0.1098,0,0
0.1102,0.00799938,0.00802053
0.1106,0,0
0.111,0,0
0.1114,0,0
0.1118,0,0
0.1122,0,0
0.1126,0,0
0.113,0,0
0.1134,0,0
0.1138,0,0
0.1142,0.00804027,0.00806153
0.1146,0,0
0.115,0.00264277,0.00446172
0.1154,0.00926261,0.00929075
0.1158,0,0
0.1162,0,0
0.1166,0,0
0.117,0,0
0.1174,0.00889904,0.00892493
0.1178,0.0080025,0.00802342
0.1182,0,0
0.1186,0,0
0.119,0.0186774,0.0132472
0.1194,0,0
0.1198,0,0
8
-0.1198,0,0
-0.1194,0,0
-0.119,0.00390377,0.00391104
-0.1186,0.00383345,0.00384046
-0.1182,0.0022941,0.00299456
-0.1178,0,0
-0.1174,0.00344642,0.00373184
-0.117,0,0
-0.1166,0,0
-0.1162,0,0
-0.1158,0.00408576,0.00409369
-0.1154,0,0
-0.115,0,0
-0.1146,0,0
-0.1142,0,0
-0.1138,0,0
-0.1134,0,0
-0.113,0,0
-0.1126,0,0
-0.1122,0,0
-0.1118,0,0
-0.1114,0,0
-0.111,0,0
-0.1106,0,0
-0.1102,0,0
-0.1098,0,0
-0.1094,0.00420334,0.00421168
-0.109,0.00394724,0.00395459
-0.1086,0,0
-0.1082,0,0
-0.1078,0.00418384,0.00419208
-0.1074,0,0
-0.107,0,0
-0.1066,0,0
-0.1062,0,0
-0.1058,0,0
-0.1054,0,0
-0.105,0,0
-0.1046,0,0
-0.1042,0,0
-0.1038,0,0
-0.1034,0,0
-0.103,0,0
-0.1026,0,0
-0.1022,0,0
-0.1018,0,0
-0.1014,0,0
-0.101,0,0
-0.1006,0,0
-0.1002,0,0
-0.0998,0,0
-0.0994,0,0
-0.099,0,0
-0.0986,0,0
-0.0982,0,0
-0.0978,0,0
-0.0974,0,0
-0.097,0,0
-0.0966,0.00359809,0.00360409
-0.0962,0.00360004,0.00360604
-0.0958,0,0
-0.0954,0,0
-0.095,0,0
-0.0946,0.00396279,0.00397005
-0.0942,0,0
-0.0938,0,0
-0.0934,0,0
-0.093,0,0
-0.0926,0,0
-0.0922,0,0
-0.0918,0,0
-0.0914,0,0
-0.091,0.00440254,0.00441146
-0.0906,0,0
-0.0902,0,0
-0.0898,0,0
-0.0894,0.00392451,0.00393158
-0.089,0,0
-0.0886,0,0
-0.0882,0,0
-0.0878,0,0
-0.0874,0,0
-0.087,0.00416857,0.00417652
-0.0866,0,0
-0.0862,0,0
-0.0858,0,0
-0.0854,0.00242627,0.0032792
-0.085,0,0
-0.0846,0,0
-0.0842,0,0
-0.0838,0,0
-0.0834,0,0
-0.083,0,0
-0.0826,0,0
-0.0822,0.00433563,0.00434418
-0.0818,0,0
-0.0814,0,0
-0.081,0,0
-0.0806,0,0
-0.0802,0.00826642,0.00585634
-0.0798,0,0
-0.0794,0,0
-0.079,0,0
-0.0786,0,0
-0.0782,0,0
-0.0778,0.00410872,0.00411636
-0.0774,0,0
-0.077,0.00422148,0.00422954
-0.0766,0,0
-0.0762,0,0
-0.0758,0,0
-0.0754,0,0
-0.075,0.00465866,0.00466846
-0.0746,0,0
-0.0742,0,0
-0.0738,0,0
-0.0734,0,0
-0.073,0,0
-0.0726,0,0
-0.0722,0,0
-0.0718,0,0
-0.0714,0.00391084,0.00391773
-0.071,0,0
-0.0706,0,0
-0.0702,0,0
-0.0698,0,0
-0.0694,0,0
-0.069,0,0
-0.0686,0,0
-0.0682,0,0
-0.0678,0.00862481,0.00611049
-0.0674,0,0
-0.067,0,0
-0.0666,0,0
-0.0662,0,0
-0.0658,0,0
-0.0654,0,0
-0.065,0,0
-0.0646,0,0
-0.0642,0.00486782,0.00487845
-0.0638,0,0
-0.0634,0,0
-0.063,0,0
-0.0626,0,0
-0.0622,0,0
-0.0618,0,0
-0.0614,0,0
-0.061,0,0
-0.0606,0,0
-0.0602,0,0
-0.0598,0.00414669,0.0041544
-0.0594,0,0
-0.059,0.00395665,0.00396366
-0.0586,0,0
-0.0582,0,0
-0.0578,0.00408446,0.00409193
-0.0574,0.00847853,0.00600661
-0.057,0,0
-0.0566,0,0
-0.0562,0,0
-0.0558,0.0042928,0.00430105
-0.0554,0,0
-0.055,0,0
-0.0546,0,0
-0.0542,0,0
-0.0538,0,0
-0.0534,0.00394297,0.00394993
-0.053,0,0
-0.0526,0,0
-0.0522,0.00416918,0.00417696
-0.0518,0.0044748,0.00448376
-0.0514,0,0
-0.051,0,0
-0.0506,0,0
-0.0502,0.00454504,0.00455429
-0.0498,0,0
-0.0494,0,0
-0.049,0,0
-0.0486,0,0
-0.0482,0,0
-0.0478,0,0
-0.0474,0,0
-0.047,0,0
-0.0466,0,0
-0.0462,0.0041783,0.00418611
-0.0458,0.00417851,0.00418632
-0.0454,0,0
-0.045,0.00426774,0.00427589
-0.0446,0.0043145,0.00432283
-0.0442,0,0
-0.0438,0.00444316,0.00445199
-0.0434,0.00874301,0.00619434
-0.043,0,0
-0.0426,0.00432141,0.00433486
-0.0422,0.00414414,0.00415182
-0.0418,0.00387114,0.00387784
-0.0414,0.00437867,0.00438723
-0.041,0,0
-0.0406,0,0
-0.0402,0,0
-0.0398,0,0
-0.0394,0,0
-0.039,0,0
-0.0386,0.00427871,0.00428689
-0.0382,0,0
-0.0378,0.00412005,0.00412763
-0.0374,0,0
-0.037,0,0
-0.0366,0,0
-0.0362,0,0
-0.0358,0,0
-0.0354,0,0
-0.035,0.00427234,0.00428048
-0.0346,0,0
-0.0342,0.00406261,0.00406998
-0.0338,0,0
-0.0334,0.00427222,0.00428036
-0.033,0,0
-0.0326,0,0
-0.0322,0,0
-0.0318,0,0
-0.0314,0,0
-0.031,0,0
-0.0306,0.00437977,0.00438832
-0.0302,0,0
-0.0298,0.0032108,0.00372981
-0.0294,0,0
-0.029,0.000489935,0.00140673
-0.0286,0.00436742,0.00437592
-0.0282,0,0
-0.0278,0,0
-0.0274,0.00774072,0.005483
-0.027,0,0
-0.0266,0.00447051,0.00447941
-0.0262,0,0
-0.0258,0.00416564,0.00417336
-0.0254,0,0
-0.025,0,0
-0.0246,0.00838379,0.0059393
-0.0242,0,0
-0.0238,0.0043734,0.00438191
-0.0234,0,0
-0.023,0,0
-0.0226,0,0
-0.0222,0.00399684,0.00400394
-0.0218,0,0
-0.0214,0,0
-0.021,0.00418629,0.00419408
-0.0206,0.00276189,0.00340683
-0.0202,0,0
-0.0198,0,0
-0.0194,0.00449725,0.00450624
-0.019,0.00782596,0.00554416
-0.0186,0,0
-0.0182,0.00412025,0.00412779
-0.0178,0,0
-0.0174,0.00403834,0.00404559
-0.017,0,0
-0.0166,0.00829206,0.00587417
-0.0162,0,0
-0.0158,0,0
-0.0154,0,0
-0.015,0,0
-0.0146,0,0
-0.0142,0,0
-0.0138,0.00400221,0.00400932
-0.0134,0.00400285,0.00400995
-0.013,0,0
-0.0126,0,0
-0.0122,0.00432008,0.00432835
-0.0118,0.00443777,0.0044465
-0.0114,0.00146828,0.00238218
-0.011,0,0
-0.0106,0.000385258,0.00126803
-0.0102,0.00436757,0.00437602
-0.0098,0,0
-0.0094,0.00408671,0.0040941
-0.009,0,0
-0.0086,0,0
-0.0082,0,0
-0.0078,0,0
-0.0074,0,0
-0.007,0,0
-0.0066,0.00393882,0.00394567
-0.0062,0.00401927,0.00402639
-0.0058,0.0112222,0.00701442
-0.0054,0.00826531,0.00585557
-0.005,0.00876017,0.00604242
-0.0046,0.00420209,0.00420988
-0.0042,0.0294155,0.0111507
-0.0038,0.0295706,0.011427
-0.0034,0.00855114,0.0060584
-0.003,0.0918248,0.0204975
-0.0026,0.114751,0.0219667
-0.0022,0.153132,0.0247595
-0.0018,0.201637,0.0284053
-0.0014,0.367848,0.0392714
-0.001,0.487941,0.0460983
-0.0006,0.765318,0.0591589
-0.0002,0.739798,0.0566419
0.0002,0.687912,0.053254
0.0006,0.596098,0.0489962
0.001,0.501857,0.0463061
0.0014,0.408047,0.0406057
0.0018,0.258814,0.0313192
0.0022,0.212147,0.030538
0.0026,0.14123,0.0253016
0.003,0.111524,0.021454
0.0034,0.0348367,0.0118141
0.0038,0.0391258,0.0123996
0.0042,0.0336992,0.0119391
0.0046,0.00857811,0.00596205
0.005,0.0156124,0.0078703
0.0054,0.00816405,0.00578319
0.0058,0.020589,0.00930123
0.0062,0.00399285,0.00399984
0.0066,0.0271956,0.0105706
0.007,0.0130062,0.00752924
0.0074,0.0211466,0.00916158
0.0078,0.00826779,0.0058568
0.0082,0.00363861,0.0036444
0.0086,0.00225265,0.00313229
0.009,0.00433977,0.004348
0.0094,0,0
0.0098,0.00398088,0.00398781
0.0102,0,0
0.0106,0,0
0.011,0.0083241,0.00589674
0.0114,0.00382862,0.00383503
0.0118,0,0
0.0122,0,0
0.0126,0,0
0.013,0,0
0.0134,0,0
0.0138,0.00380363,0.00380994
0.0142,0,0
0.0146,0,0
0.015,0,0
0.0154,0,0
0.0158,0,0
0.0162,0.00317664,0.00359458
0.0166,0,0
0.017,0,0
0.0174,0,0
0.0178,0,0
0.0182,0,0
0.0186,0,0
0.019,0.00444878,0.00445739
0.0194,0,0
0.0198,0,0
0.0202,0,0
0.0206,0.00405901,0.00406618
0.021,0,0
0.0214,0.00106813,0.00202438
0.0218,0,0
0.0222,0.00447008,0.00447875
0.0226,0.0043359,0.00434406
0.023,0.00390176,0.00390837
0.0234,0,0
0.0238,0.00421662,0.00422434
0.0242,0,0
0.0246,0,0
0.025,0.00359599,0.0036016
0.0254,0,0
0.0258,0,0
0.0262,0,0
0.0266,0,0
0.027,0,0
0.0274,0,0
0.0278,0.0043902,0.00439855
0.0282,0,0
0.0286,0,0
0.029,0.0042635,0.00427137
0.0294,0,0
0.0298,0.00419602,0.00420363
0.0302,0,0
0.0306,0,0
0.031,0,0
0.0314,0.00429392,0.00430189
0.0318,0.00414537,0.0041528
0.0322,0,0
0.0326,0,0
0.033,0,0
0.0334,0.00263409,0.00339609
0.0338,0,0
0.0342,0,0
0.0346,0,0
0.035,0,0
0.0354,0.00430357,0.00431156
0.0358,0,0
0.0362,0.00460303,0.00461217
0.0366,0,0
0.037,0.00481476,0.00482475
0.0374,0,0
0.0378,0,0
0.0382,0.00828428,0.00586833
0.0386,0,0
0.039,0,0
0.0394,0,0
0.0398,0,0
0.0402,0,0
0.0406,0,0
0.041,0,0
0.0414,0.00415131,0.00415872
0.0418,0.00856274,0.00606593
0.0422,0,0
0.0426,0,0
0.043,0,0
0.0434,0,0
0.0438,0,0
0.0442,0,0
0.0446,0.00410569,0.00411293
0.045,0,0
0.0454,0,0
0.0458,0.00457989,0.00458889
0.0462,0,0
0.0466,0,0
0.047,0,0
0.0474,0,0
0.0478,0.00420249,0.00421006
0.0482,0,0
0.0486,0,0
0.049,0,0
0.0494,0,0
0.0498,0,0
0.0502,0.00397856,0.00398533
0.0506,0,0
0.051,0,0
0.0514,0,0
0.0518,0,0
0.0522,0,0
0.0526,0,0
0.053,0.00421999,0.00422759
0.0534,0.00421587,0.00422345
0.0538,0.00887082,0.0062845
0.0542,0,0
0.0546,0,0
0.055,0.00394618,0.00395282
0.0554,0,0
0.0558,0,0
0.0562,0,0
0.0566,0,0
0.057,0.004217,0.00422456
0.0574,0.00425701,0.00426472
0.0578,0,0
0.0582,0.00444855,0.00445695
0.0586,0,0
0.059,0,0
0.0594,0,0
0.0598,0,0
0.0602,0,0
0.0606,0.00441056,0.00441879
0.061,0,0
0.0614,0.00403827,0.00404516
0.0618,0,0
0.0622,0,0
0.0626,0,0
0.063,0,0
0.0634,0,0
0.0638,0.00426452,0.00427219
0.0642,0,0
0.0646,0,0
0.065,0.00421031,0.00421777
0.0654,0,0
0.0658,0.00425509,0.00426271
0.0662,0,0
0.0666,0,0
0.067,0,0
0.0674,0,0
0.0678,0,0
0.0682,0.00251408,0.00328028
0.0686,0,0
0.069,0,0
0.0694,0.00432007,0.00432787
0.0698,0,0
0.0702,0,0
0.0706,0,0
0.071,0,0
0.0714,0,0
0.0718,0,0
0.0722,0,0
0.0726,0,0
0.073,0.000379961,0.00120722
0.0734,0,0
0.0738,0,0
0.0742,0,0
0.0746,0,0
0.075,0,0
0.0754,0,0
0.0758,0,0
0.0762,0,0
0.0766,0,0
0.077,0,0
0.0774,0,0
0.0778,0,0
0.0782,0,0
0.0786,0,0
0.079,0,0
0.0794,0.00476174,0.0047711
0.0798,0,0
0.0802,0,0
0.0806,0,0
0.081,0,0
0.0814,0,0
0.0818,0,0
0.0822,0.00402071,0.00402736
0.0826,0,0
0.083,0,0
0.0834,0,0
0.0838,0,0
0.0842,0,0
0.0846,0,0
0.085,0,0
0.0854,0,0
0.0858,0,0
0.0862,0,0
0.0866,0,0
0.087,0,0
0.0874,0,0
0.0878,0,0
0.0882,0.00902237,0.00639155
0.0886,0.00452839,0.00453676
0.089,0,0
0.0894,0,0
0.0898,0,0
0.0902,0,0
0.0906,0,0
0.091,0.00467629,0.0046852
0.0914,0,0
0.0918,0,0
0.0922,0,0
0.0926,0,0
0.093,0,0
0.0934,0,0
0.0938,0.00919059,0.00651105
0.0942,0.00124226,0.00233878
0.0946,0,0
0.095,0,0
0.0954,0,0
0.0958,0,0
0.0962,0,0
0.0966,0.00458997,0.0045985
0.097,0,0
0.0974,0,0
0.0978,0,0
0.0982,0.00128673,0.00249559
0.0986,0,0
0.099,0,0
0.0994,0,0
0.0998,0,0
0.1002,0,0
0.1006,0,0
0.101,0.00520917,0.00522012
0.1014,0,0
0.1018,0,0
0.1022,0,0
0.1026,0,0
0.103,0,0
0.1034,0,0
0.1038,0,0
0.1042,0,0
0.1046,0,0
0.105,0,0
0.1054,0,0
0.1058,0,0
0.1062,0,0
0.1066,0.00509835,0.00510883
0.107,0,0
0.1074,0.00562689,0.00563964
0.1078,0.00552136,0.00553364
0.1082,0,0
0.1086,0,0
0.109,0,0
0.1094,0.00567931,0.0056923
0.1098,0,0
0.1102,0,0
0.1106,0,0
0.111,0,0
0.1114,0,0
0.1118,0,0
0.1122,0,0
0.1126,0,0
0.113,0,0
0.1134,0,0
0.1138,0,0
0.1142,0,0
0.1146,0,0
0.115,0.00395652,0.0049293
0.1154,0,0
0.1158,0,0
0.1162,0,0
0.1166,0.00742071,0.00744288
0.117,0,0
0.1174,0,0
0.1178,0,0
0.1182,0,0
0.1186,0,0
0.119,0,0
0.1194,0,0
0.1198,0,0
9
-0.1198,0,0
-0.1194,0,0
-0.119,0,0
-0.1186,0,0
-0.1182,0.00155285,0.0024269
-0.1178,0,0
-0.1174,0,0
-0.117,0,0
-0.1166,0,0
-0.1162,0,0
-0.1158,0,0
-0.1154,0,0
-0.115,0,0
-0.1146,0,0
-0.1142,0,0
-0.1138,0,0
-0.1134,0,0
-0.113,0,0
-0.1126,0,0
-0.1122,0,0
-0.1118,0,0
-0.1114,0,0
-0.111,0,0
-0.1106,0,0
-0.1102,0,0
-0.1098,0,0
-0.1094,0,0
-0.109,0,0
-0.1086,0,0
-0.1082,0,0
-0.1078,0,0
-0.1074,0,0
-0.107,0,0
-0.1066,0,0
-0.1062,0,0
-0.1058,0.00356677,0.00357314
-0.1054,0,0
-0.105,0,0
-0.1046,0,0
-0.1042,0,0
-0.1038,0,0
-0.1034,0,0
-0.103,0,0
-0.1026,0,0
-0.1022,0,0
-0.1018,0,0
-0.1014,0,0
-0.101,0,0
-0.1006,0.00403905,0.00404729
-0.1002,0,0
-0.0998,0,0
-0.0994,0,0
-0.099,0,0
-0.0986,0,0
-0.0982,0,0
-0.0978,0.00372783,0.00373488
-0.0974,0,0
-0.097,0,0
-0.0966,0.00328079,0.00328626
-0.0962,0,0
-0.0958,0.00367207,0.00367893
-0.0954,0,0
-0.095,0.00347935,0.00348552
-0.0946,0,0
-0.0942,0,0
-0.0938,0,0
-0.0934,0,0
-0.093,0,0
-0.0926,0,0
-0.0922,0,0
-0.0918,0.00701399,0.00496877
-0.0914,0,0
-0.091,0,0
-0.0906,0,0
-0.0902,0,0
-0.0898,0.00384936,0.00385695
-0.0894,0.00384743,0.00385502
-0.089,0,0
-0.0886,0.00395453,0.00396255
-0.0882,0,0
-0.0878,0,0
-0.0874,0,0
-0.087,0,0
-0.0866,0,0
-0.0862,0,0
-0.0858,0.00391638,0.00392427
-0.0854,0.00176293,0.00263231
-0.085,0,0
-0.0846,0,0
-0.0842,0,0
-0.0838,0,0
-0.0834,0,0
-0.083,0,0
-0.0826,0,0
-0.0822,0,0
-0.0818,0,0
-0.0814,0,0
-0.081,0,0
-0.0806,0,0
-0.0802,0,0
-0.0798,0,0
-0.0794,0,0
-0.079,0.00355224,0.00355878
-0.0786,0.00353197,0.00353844
-0.0782,0,0
-0.0778,0,0
-0.0774,0,0
-0.077,0.00374092,0.00374819
-0.0766,0,0
-0.0762,0,0
-0.0758,0.00380742,0.00381496
-0.0754,0,0
-0.075,0.00404136,0.00404986
-0.0746,0,0
-0.0742,0.00348248,0.00348879
-0.0738,0.00334408,0.00334991
-0.0734,0,0
-0.073,0,0
-0.0726,0.00367236,0.0036794
-0.0722,0,0
-0.0718,0.00750925,0.00532613
-0.0714,0,0
-0.071,0,0
-0.0706,0,0
-0.0702,0,0
-0.0698,0,0
-0.0694,0.00327244,0.00327805
-0.069,0,0
-0.0686,0.0107318,0.00620763
-0.0682,0.00367877,0.00368586
-0.0678,0,0
-0.0674,0,0
-0.067,0,0
-0.0666,0.00337772,0.0033837
-0.0662,0,0
-0.0658,0.00695779,0.00492889
-0.0654,0,0
-0.065,0,0
-0.0646,0.00721289,0.00511043
-0.0642,0,0
-0.0638,0,0
-0.0634,0,0
-0.063,0,0
-0.0626,0,0
-0.0622,0,0
-0.0618,0,0
-0.0614,0,0
-0.061,0,0
-0.0606,0,0
-0.0602,0,0
-0.0598,0,0
-0.0594,0.00357324,0.00357997
-0.059,0,0
-0.0586,0,0
-0.0582,0.00385865,0.00386651
-0.0578,0,0
-0.0574,0,0
-0.057,0,0
-0.0566,0,0
-0.0562,0,0
-0.0558,0,0
-0.0554,0,0
-0.055,0.00719375,0.00509721
-0.0546,0.00357674,0.00358351
-0.0542,0,0
-0.0538,0.00352672,0.0035333
-0.0534,0,0
-0.053,0.0064424,0.00456324
-0.0526,0,0
-0.0522,0.00352105,0.00352762
-0.0518,0.0037462,0.00375364
-0.0514,0,0
-0.051,0,0
-0.0506,0,0
-0.0502,0,0
-0.0498,0,0
-0.0494,0,0
-0.049,0,0
-0.0486,0,0
-0.0482,0,0
-0.0478,0,0
-0.0474,0,0
-0.047,0,0
-0.0466,0,0
-0.0462,0.00358155,0.00358838
-0.0458,0,0
-0.0454,0.00337368,0.00337974
-0.045,0,0
-0.0446,0,0
-0.0442,0,0
-0.0438,0,0
-0.0434,0.00366394,0.0036711
-0.043,0,0
-0.0426,0.00363532,0.0036381
-0.0422,0,0
-0.0418,0,0
-0.0414,0,0
-0.041,0,0
-0.0406,0.00350567,0.00351224
-0.0402,0.00339016,0.00339631
-0.0398,0,0
-0.0394,0.0036477,0.00365483
-0.039,0,0
-0.0386,0.00356506,0.00357187
-0.0382,0,0
-0.0378,0,0
-0.0374,0.0034914,0.00349794
-0.037,0,0
-0.0366,0,0
-0.0362,0,0
-0.0358,0.00729246,0.00516666
-0.0354,0.0036446,0.00365175
-0.035,0.00354238,0.00354914
-0.0346,0,0
-0.0342,0,0
-0.0338,0,0
-0.0334,0,0
-0.033,0,0
-0.0326,0,0
-0.0322,0,0
-0.0318,0,0
-0.0314,0.00342928,0.00343564
-0.031,0.00636059,0.00450536
-0.0306,0.00721926,0.00511476
-0.0302,0,0
-0.0298,0.000909896,0.00180149
-0.0294,0,0
-0.029,0.00621613,0.00454381
-0.0286,0.00358948,0.00359646
-0.0282,0.00362787,0.00363501
-0.0278,0,0
-0.0274,0,0
-0.027,0.0103181,0.00597802
-0.0266,0,0
-0.0262,0,0
-0.0258,0,0
-0.0254,0,0
-0.025,0,0
-0.0246,0,0
-0.0242,0,0
-0.0238,0,0
-0.0234,0.00366288,0.0036702
-0.023,0,0
-0.0226,0.00345806,0.00346459
-0.0222,0,0
-0.0218,0,0
-0.0214,0,0
-0.021,0.0100983,0.00584117
-0.0206,0.00340034,0.00340666
-0.0202,0,0
-0.0198,0.00364756,0.00365485
-0.0194,0.00315953,0.003165
-0.019,0.00644334,0.00456419
-0.0186,0.00333566,0.00334177
-0.0182,0,0
-0.0178,0,0
-0.0174,0,0
-0.017,0,0
-0.0166,0,0
-0.0162,0,0
-0.0158,0.00341405,0.00342047
-0.0154,0.00330475,0.00331077
-0.015,0,0
-0.0146,0.00644752,0.0045762
-0.0142,0.00359769,0.00360483
-0.0138,0.0031569,0.00316241
-0.0134,0,0
-0.013,0.0134093,0.00671852
-0.0126,0,0
-0.0122,0,0
-0.0118,0.00355057,0.00355754
-0.0114,0,0
-0.011,0,0
-0.0106,0.00977348,0.00574284
-0.0102,0.00348277,0.0034895
-0.0098,0.00335108,0.00335732
-0.0094,0.00650675,0.00460929
-0.009,0.0138845,0.00696172
-0.0086,0.0107548,0.00622167
-0.0082,0.0174921,0.00784255
-0.0078,0.0169448,0.00760062
-0.0074,0.0247754,0.00938439
-0.007,0.0133445,0.0066875
-0.0066,0.0186993,0.00764727
-0.0062,0.0352286,0.0106442
-0.0058,0.0151398,0.00720761
-0.0054,0.00660469,0.00467884
-0.005,0.00291616,0.00309602
-0.0046,0.0165195,0.00740151
-0.0042,0.00963723,0.00557407
-0.0038,0.0388102,0.0115892
-0.0034,0.0370218,0.0111845
-0.003,0.0470031,0.0131587
-0.0026,0.0716855,0.0155384
-0.0022,0.114167,0.0189506
-0.0018,0.189769,0.024377
-0.0014,0.349673,0.0340153
-0.001,0.464034,0.0397686
-0.0006,0.728419,0.0510397
-0.0002,0.726655,0.0496213
0.0002,0.723,0.0482662
0.0006,0.509939,0.0400715
0.001,0.403008,0.0366101
0.0014,0.212976,0.0259493
0.0018,0.124681,0.0192907
0.0022,0.0762643,0.0160588
0.0026,0.0632634,0.0149414
0.003,0.0462631,0.0122714
0.0034,0.0310969,0.00985182
0.0038,0.0304056,0.00963598
0.0042,0.0131556,0.00659152
0.0046,0,0
0.005,0.00613402,0.00434492
0.0054,0.00623034,0.00441384
0.0058,0.0074702,0.00490652
0.0062,0.0167709,0.00752023
0.0066,0.0229987,0.00849483
0.007,0.034181,0.0108333
0.0074,0.00482252,0.00378059
0.0078,0.0180106,0.00738042
0.0082,0.0150562,0.00676776
0.0086,0.00331299,0.00331921
0.009,0.00926768,0.00536945
0.0094,0,0
0.0098,0.0032248,0.0032307
0.0102,0.0131274,0.00657701
0.0106,0.00989587,0.00572431
0.011,0,0
0.0114,0,0
0.0118,0,0
0.0122,0.00641564,0.00454482
0.0126,0,0
0.013,0,0
0.0134,0,0
0.0138,0,0
0.0142,0.00333928,0.00334564
0.0146,0.00333821,0.00334455
0.015,0,0
0.0154,0,0
0.0158,0,0
0.0162,0.00384364,0.00349166
0.0166,0,0
0.017,0,0
0.0174,0,0
0.0178,0,0
0.0182,0.0063306,0.00449456
0.0186,0,0
0.019,0.00338477,0.00339132
0.0194,0,0
0.0198,0,0
0.0202,0,0
0.0206,0,0
0.021,0.0060514,0.0042864
0.0214,0.00209055,0.00246667
0.0218,0,0
0.0222,0,0
0.0226,0,0
0.023,0,0
0.0234,0,0
0.0238,0,0
0.0242,0,0
0.0246,0.00325055,0.00325661
0.025,0.00271631,0.00272055
0.0254,0,0
0.0258,0.00279689,0.00280138
0.0262,0,0
0.0266,0.0062496,0.00442708
0.027,0,0
0.0274,0,0
0.0278,0.00330567,0.00331196
0.0282,0.00299454,0.0029997
0.0286,0.00337073,0.00337727
0.029,0.0029797,0.00298482
0.0294,0,0
0.0298,0.00315239,0.00315811
0.0302,0,0
0.0306,0,0
0.031,0.00356468,0.003572
0.0314,0.00636265,0.00450767
0.0318,0,0
0.0322,0.00310714,0.0031127
0.0326,0,0
0.033,0.0062575,0.00443272
0.0334,0,0
0.0338,0,0
0.0342,0.00313398,0.00313965
0.0346,0,0
0.035,0.00317484,0.00318066
0.0354,0.0128567,0.00644029
0.0358,0.00967769,0.00559786
0.0362,0,0
0.0366,0,0
0.037,0.00359015,0.0035976
0.0374,0.00345013,0.00345701
0.0378,0.00310746,0.00311305
0.0382,0.00308523,0.00309073
0.0386,0.00320828,0.00321424
0.039,0,0
0.0394,0,0
0.0398,0.00323165,0.0032377
0.0402,0.00933815,0.00540194
0.0406,0.00303535,0.00304068
0.041,0.00297089,0.002976
0.0414,0,0
0.0418,0,0
0.0422,0,0
0.0426,0.00314921,0.00315496
0.043,0,0
0.0434,0.00988426,0.00572245
0.0438,0,0
0.0442,0.00303998,0.00304534
0.0446,0.00661046,0.00468327
0.045,0,0
0.0454,0,0
0.0458,0.0032166,0.00322261
0.0462,0,0
0.0466,0,0
0.047,0,0
0.0474,0,0
0.0478,0.00310173,0.00310732
0.0482,0.00583456,0.00413307
0.0486,0,0
0.049,0.00318323,0.00318912
0.0494,0,0
0.0498,0,0
0.0502,0.00640355,0.00453643
0.0506,0,0
0.051,0.00937566,0.00542304
0.0514,0.00628825,0.00445461
0.0518,0,0
0.0522,0.00305609,0.00306153
0.0526,0,0
0.053,0.00308728,0.00309284
0.0534,0.00317248,0.00317835
0.0538,0,0
0.0542,0.00299069,0.0029959
0.0546,0.00344324,0.00345015
0.055,0,0
0.0554,0.00640971,0.00454083
0.0558,0,0
0.0562,0,0
0.0566,0,0
0.057,0.00306729,0.00307279
0.0574,0.00309402,0.00309962
0.0578,0.00316206,0.0031679
0.0582,0,0
0.0586,0.0064544,0.00457258
0.059,0.00627106,0.00444245
0.0594,0.00338776,0.00339448
0.0598,0.0030842,0.00308977
0.0602,0,0
0.0606,0,0
0.061,0,0
0.0614,0.00300723,0.00301253
0.0618,0.00305309,0.00305856
0.0622,0,0
0.0626,0,0
0.063,0,0
0.0634,0,0
0.0638,0.00315084,0.00315667
0.0642,0,0
0.0646,0.00301159,0.00301692
0.065,0.00283886,0.0028436
0.0654,0,0
0.0658,0.00922243,0.00533442
0.0662,0.00309165,0.00309728
0.0666,0,0
0.067,0.00320971,0.00321579
0.0674,0.00320651,0.00321257
0.0678,0,0
0.0682,0.00124197,0.00194192
0.0686,0,0
0.069,0.00319168,0.0031977
0.0694,0,0
0.0698,0,0
0.0702,0,0
0.0706,0,0
0.071,0,0
0.0714,0,0
0.0718,0.00329753,0.00330397
0.0722,0,0
0.0726,0.0030484,0.00305391
0.073,0.00509536,0.00370184
0.0734,0,0
0.0738,0,0
0.0742,0,0
0.0746,0,0
0.075,0.00602998,0.00427148
0.0754,0,0
0.0758,0.00288714,0.0028921
0.0762,0,0
0.0766,0,0
0.077,0.00585715,0.00414886
0.0774,0,0
0.0778,0,0
0.0782,0,0
0.0786,0,0
0.079,0.00327639,0.0032828
0.0794,0,0
0.0798,0,0
0.0802,0,0
0.0806,0,0
0.081,0.00596311,0.00422408
0.0814,0.00315759,0.00316355
0.0818,0.00293438,0.00293954
0.0822,0.00275975,0.00276431
0.0826,0,0
0.083,0.00334304,0.00334974
0.0834,0,0
0.0838,0,0
0.0842,0,0
0.0846,0.00289802,0.00290307
0.085,0,0
0.0854,0,0
0.0858,0.00293078,0.00293595
0.0862,0,0
0.0866,0.00321849,0.00322472
0.087,0.00306916,0.00307483
0.0874,0,0
0.0878,0,0
0.0882,0,0
0.0886,0,0
0.089,0,0
0.0894,0,0
0.0898,0.00275726,0.00276185
0.0902,0,0
0.0906,0.00220035,0.00250833
0.091,0,0
0.0914,0,0
0.0918,0,0
0.0922,0.00605662,0.00429063
0.0926,0,0
0.093,0,0
0.0934,0.002946,0.00295125
0.0938,0,0
0.0942,0.00210813,0.00249431
0.0946,0,0
0.095,0,0
0.0954,0,0
0.0958,0,0
0.0962,0.00306745,0.00307315
0.0966,0.00613424,0.00434563
0.097,0,0
0.0974,0.00311178,0.00311765
0.0978,0,0
0.0982,0.00321687,0.00322314
0.0986,0.00325168,0.00325809
0.099,0.000918074,0.00173039
0.0994,0,0
0.0998,0,0
0.1002,0.00295223,0.00295752
0.1006,0.0061142,0.00433141
0.101,0,0
0.1014,0.00664997,0.00471172
0.1018,0,0
0.1022,0.0037548,0.00376335
0.1026,0,0
0.103,0.00348482,0.00349219
0.1034,0.00340146,0.00340848
0.1038,0.00333653,0.00334328
0.1042,0,0
0.1046,0,0
0.105,0,0
0.1054,0,0
0.1058,0,0
0.1062,0,0
0.1066,0,0
0.107,0,0
0.1074,0.00373615,0.00374462
0.1078,0.0036656,0.00367375
0.1082,0.00360518,0.00361307
0.1086,0.00379086,0.00379958
0.109,0,0
0.1094,0,0
0.1098,0,0
0.1102,0,0
0.1106,0.00396736,0.00397692
0.111,0.00374404,0.00375255
0.1114,0,0
0.1118,0,0
0.1122,0,0
0.1126,0,0
0.113,0,0
0.1134,0.0043148,0.00432611
0.1138,0,0
0.1142,0,0
0.1146,0,0
0.115,0.00905121,0.00645348
0.1154,0,0
0.1158,0,0
0.1162,0,0
0.1166,0,0
0.117,0,0
0.1174,0,0
0.1178,0,0
0.1182,0,0
0.1186,0,0
0.119,0.00501326,0.00502854
0.1194,0,0
0.1198,0,0
