# X , Y , E Distribution=true
1
-0.1198,0,0
-0.1194,0,0
-0.119,0,0
-0.1186,0,0
-0.1182,0,0
-0.1178,0,0
-0.1174,0,0
-0.117,0,0
-0.1166,0.0137599,0.0137882
-0.1162,0,0
-0.1158,0,0
-0.1154,0,0
-0.115,0,0
-0.1146,0,0
-0.1142,0,0
-0.1138,0,0
-0.1134,0,0
-0.113,0,0
-0.1126,0,0
-0.1122,0,0
-0.1118,0,0
-0.1114,0,0
-0.111,0,0
-0.1106,0,0
-0.1102,0,0
-0.1098,0,0
-0.1094,0,0
-0.109,0,0
-0.1086,0,0
-0.1082,0,0
-0.1078,0,0
-0.1074,0,0
-0.107,0,0
-0.1066,0,0
-0.1062,0,0
-0.1058,0,0
-0.1054,0,0
-0.105,0,0
-0.1046,0,0
-0.1042,0,0
-0.1038,0,0
-0.1034,0,0
-0.103,0,0
-0.1026,0,0
-0.1022,0,0
-0.1018,0,0
-0.1014,0,0
-0.101,0,0
-0.1006,0,0
-0.1002,0,0
-0.0998,0.0133693,0.0133959
-0.0994,0,0
-0.099,0,0
-0.0986,0,0
-0.0982,0,0
-0.0978,0,0
-0.0974,0,0
-0.097,0,0
-0.0966,0,0
-0.0962,0,0
-0.0958,0,0
-0.0954,0,0
-0.095,0,0
-0.0946,0,0
-0.0942,0,0
-0.0938,0,0
-0.0934,0,0
-0.093,0,0
-0.0926,0,0
-0.0922,0,0
-0.0918,0,0
-0.0914,0,0
-0.091,0,0
-0.0906,0,0
-0.0902,0,0
-0.0898,0,0
-0.0894,0,0
-0.089,0,0
-0.0886,0,0
-0.0882,0,0
-0.0878,0,0
-0.0874,0,0
-0.087,0,0
-0.0866,0,0
-0.0862,0,0
-0.0858,0,0
-0.0854,0,0
-0.085,0,0
-0.0846,0,0
-0.0842,0.0140283,0.0140574
-0.0838,0,0
-0.0834,0,0
-0.083,0,0
-0.0826,0,0
-0.0822,0,0
-0.0818,0,0
-0.0814,0,0
-0.081,0,0
-0.0806,0.00651679,0.00887818
-0.0802,0,0
-0.0798,0,0
-0.0794,0.0237591,0.0176138
-0.079,0,0
-0.0786,0,0
-0.0782,0,0
-0.0778,0,0
-0.0774,0,0
-0.077,0.0124227,0.0124455
-0.0766,0,0
-0.0762,0,0
-0.0758,0,0
-0.0754,0,0
-0.075,0,0
-0.0746,0,0
-0.0742,0,0
-0.0738,0.00653233,0.00931724
-0.0734,0,0
-0.073,0,0
-0.0726,0,0
-0.0722,0.0134348,0.0134613
-0.0718,0,0
-0.0714,0,0
-0.071,0,0
-0.0706,0,0
-0.0702,0,0
-0.0698,0,0
-0.0694,0.0137451,0.0137728
-0.069,0,0
-0.0686,0,0
-0.0682,0,0
-0.0678,0,0
-0.0674,0,0
-0.067,0,0
-0.0666,0,0
-0.0662,0,0
-0.0658,0,0
-0.0654,0.00845738,0.0102811
-0.065,0,0
-0.0646,0,0
-0.0642,0,0
-0.0638,0,0
-0.0634,0,0
-0.063,0,0
-0.0626,0,0
-0.0622,0,0
-0.0618,0,0
-0.0614,0,0
-0.061,0,0
-0.0606,0,0
-0.0602,0,0
-0.0598,0,0
-0.0594,0,0
-0.059,0,0
-0.0586,0.0116624,0.0116823
-0.0582,0,0
-0.0578,0.0128648,0.0128889
-0.0574,0,0
-0.057,0,0
-0.0566,0,0
-0.0562,0,0
-0.0558,0.0130644,0.0130893
-0.0554,0,0
-0.055,0,0
-0.0546,0,0
-0.0542,0,0
-0.0538,0,0
-0.0534,0,0
-0.053,0,0
-0.0526,0,0
-0.0522,0,0
-0.0518,0,0
-0.0514,0,0
-0.051,0,0
-0.0506,0,0
-0.0502,0,0
-0.0498,0,0
-0.0494,0.0141655,0.0141946
-0.049,0,0
-0.0486,0.0122375,0.0122592
-0.0482,0,0
-0.0478,0,0
-0.0474,0,0
-0.047,0,0
-0.0466,0,0
-0.0462,0,0
-0.0458,0,0
-0.0454,0,0
-0.045,0,0
-0.0446,0,0
-0.0442,0.0236657,0.0173294
-0.0438,0,0
-0.0434,0,0
-0.043,0,0
-0.0426,0.012474,0.0124966
-0.0422,0,0
-0.0418,0,0
-0.0414,0,0
-0.041,0,0
-0.0406,0,0
-0.0402,0.013355,0.0133808
-0.0398,0,0
-0.0394,0,0
-0.039,0,0
-0.0386,0,0
-0.0382,0,0
-0.0378,0,0
-0.0374,0,0
-0.037,0,0
-0.0366,0.0125987,0.0126216
-0.0362,0,0
-0.0358,0.0120902,0.0135643
-0.0354,0,0
-0.035,0,0
-0.0346,0,0
-0.0342,0,0
-0.0338,0,0
-0.0334,0,0
-0.033,0.0125345,0.0125571
-0.0326,0,0
-0.0322,0,0
-0.0318,0,0
-0.0314,0,0
-0.031,0,0
-0.0306,0,0
-0.0302,0,0
-0.0298,0,0
-0.0294,0,0
-0.029,0.0137273,0.0137544
-0.0286,0,0
-0.0282,0.0132957,0.0133211
-0.0278,0,0
-0.0274,0,0
-0.027,0,0
-0.0266,0,0
-0.0262,0,0
-0.0258,0.0123211,0.0123429
-0.0254,0,0
-0.025,0.0271154,0.019217
-0.0246,0.00333838,0.006453
-0.0242,0,0
-0.0238,0.0133052,0.0133306
-0.0234,0,0
-0.023,0,0
-0.0226,0.0124801,0.0125025
-0.0222,0,0
-0.0218,0,0
-0.0214,0.0127778,0.0128012
-0.021,0,0
-0.0206,0,0
-0.0202,0,0
-0.0198,0.0128402,0.0128639
-0.0194,0,0
-0.019,0,0
-0.0186,0,0
-0.0182,0,0
-0.0178,0,0
-0.0174,0,0
-0.017,0.000443655,0.00233977
-0.0166,0,0
-0.0162,0.00797606,0.00985378
-0.0158,0,0
-0.0154,0,0
-0.015,0.0129777,0.0130018
-0.0146,0,0
-0.0142,0,0
-0.0138,0.0130726,0.0130971
-0.0134,0.0261124,0.0184991
-0.013,0.0131306,0.0131552
-0.0126,0,0
-0.0122,0,0
-0.0118,0,0
-0.0114,0.0257603,0.0182502
-0.011,0.0254572,0.0180337
-0.0106,0.0125193,0.0125417
-0.0102,0,0
-0.0098,0.0138833,0.0139108
-0.0094,0,0
-0.009,0,0
-0.0086,0,0
-0.0082,0,0
-0.0078,0.019316,0.0153999
-0.0074,0.0113253,0.0115751
-0.007,0.0244835,0.0173428
-0.0066,0,0
-0.0062,0,0
-0.0058,0.0216327,0.017246
-0.0054,0.0136937,0.0137204
-0.005,0.00596398,0.00905335
-0.0046,0.0403413,0.0233437
-0.0042,0.0997351,0.0350869
-0.0038,0.0816978,0.0316103
-0.0034,0.127056,0.0402567
-0.003,0.204745,0.0526465
-0.0026,0.429588,0.0761324
-0.0022,0.670621,0.0906001
-0.0018,1.12333,0.124264
-0.0014,1.81771,0.146024
-0.001,3.17656,0.199449
-0.0006,4.69109,0.250586
-0.0002,5.18763,0.274964
0.0002,4.31497,0.237347
0.0006,2.84588,0.189805
0.001,2.26926,0.173125
0.0014,1.27018,0.131823
0.0018,0.651073,0.0929953
0.0022,0.286562,0.0599687
0.0026,0.0768818,0.0314727
0.003,0.0350882,0.0210885
0.0034,0.0140062,0.014034
0.0038,0.0266352,0.0188724
0.0042,0.0130605,0.0130991
0.0046,0,0
0.005,0.000831056,0.00332002
0.0054,0.0133111,0.0133361
0.0058,0,0
0.0062,0.0439273,0.024077
0.0066,0.00211525,0.00507837
0.007,0,0
0.0074,0,0
0.0078,0,0
0.0082,0,0
0.0086,0.014921,0.0134717
0.009,0.0131788,0.0132033
0.0094,0.00235886,0.00563138
0.0098,0.0125976,0.01262
0.0102,0,0
0.0106,0,0
0.011,0,0
0.0114,0,0
0.0118,0.0115164,0.0120234
0.0122,0,0
0.0126,0.0131407,0.0131651
0.013,0,0
0.0134,0,0
0.0138,0,0
0.0142,0,0
0.0146,0.00463041,0.00771605
0.015,0,0
0.0154,0.00291843,0.00630522
0.0158,0,0
0.0162,0,0
0.0166,0,0
0.017,0,0
0.0174,0,0
0.0178,0.014875,0.0137587
0.0182,0.0127833,0.0128063
0.0186,0,0
0.019,0.0126581,0.0126806
0.0194,0,0
0.0198,0,0
0.0202,0,0
0.0206,0,0
0.021,0,0
0.0214,0,0
0.0218,0,0
0.0222,0,0
0.0226,0,0
0.023,0.0126143,0.0126366
0.0234,0,0
0.0238,0,0
0.0242,0,0
0.0246,0,0
0.025,0,0
0.0254,0,0
0.0258,0,0
0.0262,0,0
0.0266,0,0
0.027,0,0
0.0274,0,0
0.0278,0,0
0.0282,0,0
0.0286,0,0
0.029,0,0
0.0294,0.0127699,0.0127927
0.0298,0,0
0.0302,0,0
0.0306,0,0
0.031,0.0135584,0.0135841
0.0314,0,0
0.0318,0,0
0.0322,0,0
0.0326,0,0
0.033,0,0
0.0334,0,0
0.0338,0,0
0.0342,0,0
0.0346,0,0
0.035,0,0
0.0354,0,0
0.0358,0,0
0.0362,0,0
0.0366,0,0
0.037,0,0
0.0374,0,0
0.0378,0.0144726,0.0145017
0.0382,0,0
0.0386,0,0
0.039,0,0
0.0394,0,0
0.0398,0,0
0.0402,0,0
0.0406,0,0
0.041,0,0
0.0414,0,0
0.0418,0,0
0.0422,0,0
0.0426,0,0
0.043,0,0
0.0434,0,0
0.0438,0,0
0.0442,0,0
0.0446,0,0
0.045,0,0
0.0454,0,0
0.0458,0,0
0.0462,0,0
0.0466,0.0109671,0.0121517
0.047,0,0
0.0474,0,0
0.0478,0,0
0.0482,0,0
0.0486,0,0
0.049,0.0134352,0.0134602
0.0494,0,0
0.0498,0,0
0.0502,0,0
0.0506,0,0
0.051,0,0
0.0514,0,0
0.0518,0,0
0.0522,0,0
0.0526,0,0
0.053,0,0
0.0534,0,0
0.0538,0,0
0.0542,0,0
0.0546,0,0
0.055,0,0
0.0554,0.0134462,0.0134712
0.0558,0,0
0.0562,0,0
0.0566,0,0
0.057,0,0
0.0574,0.0128416,0.0128644
0.0578,0.00383628,0.00722242
0.0582,0.0130123,0.0130357
0.0586,0,0
0.059,0,0
0.0594,0,0
0.0598,0,0
0.0602,0.0128182,0.0128408
0.0606,0,0
0.061,0,0
0.0614,0,0
0.0618,0,0
0.0622,0,0
0.0626,0,0
0.063,0,0
0.0634,0,0
0.0638,0,0
0.0642,0,0
0.0646,0,0
0.065,0,0
0.0654,0,0
0.0658,0,0
0.0662,0,0
0.0666,0,0
0.067,0,0
0.0674,0,0
0.0678,0,0
0.0682,0,0
0.0686,0,0
0.069,0,0
0.0694,0.0133899,0.0134145
0.0698,0,0
0.0702,0,0
0.0706,0,0
0.071,0,0
0.0714,0,0
0.0718,0,0
0.0722,0,0
0.0726,0,0
0.073,0,0
0.0734,0,0
0.0738,0,0
0.0742,0,0
0.0746,0,0
0.075,0,0
0.0754,0,0
0.0758,0,0
0.0762,0,0
0.0766,0,0
0.077,0,0
0.0774,0,0
0.0778,0.0138118,0.0138378
0.0782,0,0
0.0786,0.0126937,0.0127157
0.079,0,0
0.0794,0,0
0.0798,0,0
0.0802,0,0
0.0806,0,0
0.081,0,0
0.0814,0,0
0.0818,0,0
0.0822,0.00942496,0.0105764
0.0826,0,0
0.083,0,0
0.0834,0,0
0.0838,0,0
0.0842,0,0
0.0846,0,0
0.085,0,0
0.0854,0,0
0.0858,0,0
0.0862,0,0
0.0866,0,0
0.087,0,0
0.0874,0,0
0.0878,0,0
0.0882,0,0
0.0886,0.0129009,0.0129234
0.089,0,0
0.0894,0,0
0.0898,0,0
0.0902,0,0
0.0906,0,0
0.091,0,0
0.0914,0,0
0.0918,0,0
0.0922,0,0
0.0926,0,0
0.093,0.0143636,0.0143915
0.0934,0,0
0.0938,0,0
0.0942,0,0
0.0946,0,0
0.095,0,0
0.0954,0,0
0.0958,0,0
0.0962,0.00972114,0.011498
0.0966,0,0
0.097,0,0
0.0974,0,0
0.0978,0.0150312,0.0150616
0.0982,0,0
0.0986,0,0
0.099,0,0
0.0994,0,0
0.0998,0.0166633,0.0167007
0.1002,0,0
0.1006,0,0
0.101,0,0
0.1014,0,0
0.1018,0,0
0.1022,0,0
0.1026,0,0
0.103,0.0153464,0.015378
0.1034,0,0
0.1038,0,0
0.1042,0,0
0.1046,0.0165764,0.0166133
0.105,0,0
0.1054,0,0
0.1058,0,0
0.1062,0,0
0.1066,0,0
0.107,0,0
0.1074,0,0
0.1078,0,0
0.1082,0,0
0.1086,0,0
0.109,0,0
0.1094,0,0
0.1098,0,0
0.1102,0,0
0.1106,0,0
0.111,0,0
0.1114,0,0
0.1118,0,0
0.1122,0.0184943,0.01854
0.1126,0,0
0.113,0,0
0.1134,0,0
0.1138,0,0
0.1142,0,0
0.1146,0,0
0.115,0,0
0.1154,0,0
0.1158,0,0
0.1162,0,0
0.1166,0.02196,0.0220243
0.117,5.35203e-05,0.0010874
0.1174,0,0
0.1178,0,0
0.1182,0,0
0.1186,0,0
0.119,0,0
0.1194,0,0
0.1198,0,0
2
-0.1198,0,0
-0.1194,0,0
-0.119,0,0
-0.1186,0,0
-0.1182,0,0
-0.1178,0.00561706,0.00562716
-0.1174,0,0
-0.117,0,0
-0.1166,0,0
-0.1162,0,0
-0.1158,0,0
-0.1154,0,0
-0.115,0,0
-0.1146,0,0
-0.1142,0,0
-0.1138,0,0
-0.1134,0,0
-0.113,0,0
-0.1126,0,0
-0.1122,0.00597745,0.00598888
-0.1118,0,0
-0.1114,0,0
-0.111,0,0
-0.1106,0,0
-0.1102,0,0
-0.1098,0,0
-0.1094,0,0
-0.109,0,0
-0.1086,0,0
-0.1082,0,0
-0.1078,0,0
-0.1074,0,0
-0.107,0,0
-0.1066,0,0
-0.1062,0,0
-0.1058,0,0
-0.1054,0,0
-0.105,0,0
-0.1046,0,0
-0.1042,0,0
-0.1038,0,0
-0.1034,0,0
-0.103,0,0
-0.1026,0,0
-0.1022,0,0
-0.1018,0,0
-0.1014,0.00646211,0.00647543
-0.101,0,0
-0.1006,0,0
-0.1002,0,0
-0.0998,0,0
-0.0994,0,0
-0.099,0.00582585,0.00583667
-0.0986,0.00555619,0.00556604
-0.0982,0,0
-0.0978,0,0
-0.0974,0,0
-0.097,0,0
-0.0966,0,0
-0.0962,0,0
-0.0958,0,0
-0.0954,0,0
-0.095,0,0
-0.0946,0,0
-0.0942,0,0
-0.0938,0,0
-0.0934,0.00601474,0.00602626
-0.093,0,0
-0.0926,0.00594397,0.00595522
-0.0922,0,0
-0.0918,0,0
-0.0914,0.00596725,0.00597858
-0.091,0,0
-0.0906,0.00594833,0.00595959
-0.0902,0,0
-0.0898,0,0
-0.0894,0,0
-0.089,0,0
-0.0886,0.00590173,0.0059128
-0.0882,0,0
-0.0878,0,0
-0.0874,0,0
-0.087,0,0
-0.0866,0,0
-0.0862,0.0061303,0.00614224
-0.0858,0,0
-0.0854,0,0
-0.085,0,0
-0.0846,0,0
-0.0842,0.00651121,0.00652467
-0.0838,0,0
-0.0834,0,0
-0.083,0,0
-0.0826,0.00585266,0.00586354
-0.0822,0.00583359,0.0058444
-0.0818,0.00628172,0.00629425
-0.0814,0,0
-0.081,0,0
-0.0806,0,0
-0.0802,0.00672269,0.00673704
-0.0798,0,0
-0.0794,0.00104627,0.00251672
-0.079,0,0
-0.0786,0,0
-0.0782,0,0
-0.0778,0,0
-0.0774,0.00605833,0.00606997
-0.077,0,0
-0.0766,0,0
-0.0762,0,0
-0.0758,0,0
-0.0754,0,0
-0.075,0,0
-0.0746,0,0
-0.0742,0,0
-0.0738,0.00310505,0.00437121
-0.0734,0,0
-0.073,0.000374178,0.00152585
-0.0726,0.0120774,0.0085594
-0.0722,0,0
-0.0718,0,0
-0.0714,0,0
-0.071,0,0
-0.0706,0,0
-0.0702,0,0
-0.0698,0,0
-0.0694,0,0
-0.069,0,0
-0.0686,0,0
-0.0682,0,0
-0.0678,0.0065178,0.00653124
-0.0674,0,0
-0.067,0.00554756,0.0055573
-0.0666,0.00561416,0.00562413
-0.0662,0,0
-0.0658,0,0
-0.0654,0,0
-0.065,0.00597037,0.00598165
-0.0646,0,0
-0.0642,0,0
-0.0638,0.0053811,0.00539026
-0.0634,0,0
-0.063,0,0
-0.0626,0.00603776,0.00604928
-0.0622,0.00584772,0.00585853
-0.0618,0,0
-0.0614,0,0
-0.061,0,0
-0.0606,0,0
-0.0602,0,0
-0.0598,0.00552839,0.00553805
-0.0594,0,0
-0.059,0,0
-0.0586,0.00582446,0.00583518
-0.0582,0,0
-0.0578,0,0
-0.0574,0,0
-0.057,0.00588299,0.00589392
-0.0566,0,0
-0.0562,0,0
-0.0558,0,0
-0.0554,0,0
-0.055,0,0
-0.0546,0,0
-0.0542,0,0
-0.0538,0,0
-0.0534,0,0
-0.053,0,0
-0.0526,0,0
-0.0522,0.00447918,0.00494723
-0.0518,0,0
-0.0514,0,0
-0.051,0,0
-0.0506,0,0
-0.0502,0.00594956,0.00596072
-0.0498,0,0
-0.0494,0,0
-0.049,0,0
-0.0486,0.00563297,0.00564298
-0.0482,0.00568597,0.00569616
-0.0478,0,0
-0.0474,0.0119324,0.00845335
-0.047,0,0
-0.0466,0,0
-0.0462,0,0
-0.0458,0,0
-0.0454,0.00550456,0.0055141
-0.045,0,0
-0.0446,0,0
-0.0442,0.0058134,0.00582404
-0.0438,0,0
-0.0434,0.00612036,0.00613216
-0.043,0,0
-0.0426,0,0
-0.0422,0.00601529,0.00602668
-0.0418,0,0
-0.0414,0,0
-0.041,0,0
-0.0406,0,0
-0.0402,0.00613517,0.00614702
-0.0398,0.00447094,0.00516629
-0.0394,0.00567006,0.00568017
-0.039,0,0
-0.0386,0,0
-0.0382,0,0
-0.0378,0,0
-0.0374,0,0
-0.037,0.0059303,0.00594136
-0.0366,0,0
-0.0362,0,0
-0.0358,0.0083591,0.0076409
-0.0354,0.00634939,0.00636205
-0.035,0,0
-0.0346,0,0
-0.0342,0,0
-0.0338,0.00602467,0.00603607
-0.0334,0,0
-0.033,0,0
-0.0326,0,0
-0.0322,0,0
-0.0318,0.00594732,0.00595843
-0.0314,0,0
-0.031,0,0
-0.0306,0.00580072,0.00581128
-0.0302,0,0
-0.0298,0,0
-0.0294,0,0
-0.029,0,0
-0.0286,0.00597483,0.00598603
-0.0282,0.00609162,0.00610326
-0.0278,0,0
-0.0274,0,0
-0.027,0.0129601,0.00919265
-0.0266,0,0
-0.0262,0.00537983,0.00538891
-0.0258,0.00564177,0.00565175
-0.0254,0.0127243,0.00901539
-0.025,0.00494952,0.00548325
-0.0246,0.00416152,0.00487467
-0.0242,0.0116487,0.00849652
-0.0238,0,0
-0.0234,0,0
-0.023,0.00608396,0.00609556
-0.0226,0.00571011,0.00572032
-0.0222,0,0
-0.0218,0.0058439,0.0058546
-0.0214,0,0
-0.021,0,0
-0.0206,0.00568436,0.00569448
-0.0202,0,0
-0.0198,0,0
-0.0194,0,0
-0.019,0,0
-0.0186,0,0
-0.0182,0.00586677,0.00587755
-0.0178,0,0
-0.0174,0,0
-0.017,0.0110323,0.00788618
-0.0166,0,0
-0.0162,0.00189792,0.00324848
-0.0158,0,0
-0.0154,0.0060894,0.006101
-0.015,0.00585366,0.00586438
-0.0146,0.00585435,0.00586507
-0.0142,0,0
-0.0138,0.005967,0.00597813
-0.0134,0.00599178,0.006003
-0.013,0,0
-0.0126,0.0104188,0.00788753
-0.0122,0.00589939,0.00591027
-0.0118,0.00583232,0.00584296
-0.0114,0,0
-0.011,0.00586972,0.00588049
-0.0106,0,0
-0.0102,0,0
-0.0098,0,0
-0.0094,0,0
-0.009,0,0
-0.0086,0.0118711,0.00840992
-0.0082,0.00342526,0.00426312
-0.0078,0,0
-0.0074,0.00620573,0.00609929
-0.007,0.0109505,0.00775776
-0.0066,0.00581212,0.00582267
-0.0062,0.0122708,0.00870556
-0.0058,0.025478,0.0127682
-0.0054,0.00610197,0.00611359
-0.005,0.00781458,0.00699299
-0.0046,0.0310994,0.0135998
-0.0042,0.0212786,0.0109515
-0.0038,0.0177327,0.00979869
-0.0034,0.0519527,0.0173505
-0.003,0.0686167,0.0202019
-0.0026,0.103864,0.0253335
-0.0022,0.190376,0.0331707
-0.0018,0.417952,0.051035
-0.0014,0.506962,0.0520452
-0.001,1.0599,0.0775167
-0.0006,1.24927,0.0872132
-0.0002,1.79376,0.109075
0.0002,1.61018,0.0977646
0.0006,1.24739,0.0848503
0.001,0.96501,0.0761232
0.0014,0.556489,0.0588301
0.0018,0.346402,0.0458101
0.0022,0.128686,0.0271268
0.0026,0.0539568,0.0175791
0.003,0.0427274,0.0159325
0.0034,0.0250327,0.0125426
0.0038,0.00489332,0.00549806
0.0042,0.0174677,0.0101044
0.0046,0.0116131,0.00823368
0.005,0.0236208,0.0119267
0.0054,0.00604279,0.00605416
0.0058,0.0195949,0.0113362
0.0062,0.0077938,0.00682305
0.0066,0.0160197,0.00955301
0.007,0.00551428,0.00552375
0.0074,0.00579147,0.00580191
0.0078,0,0
0.0082,0.00625106,0.00626322
0.0086,0.00422764,0.00482909
0.009,0,0
0.0094,0.0110754,0.00821641
0.0098,0.0171329,0.00990932
0.0102,0,0
0.0106,0,0
0.011,0.0231578,0.0116
0.0114,0.00599376,0.00600494
0.0118,0.00581721,0.00582773
0.0122,0.0113337,0.00802826
0.0126,0,0
0.013,0.00578459,0.00579499
0.0134,0.00170074,0.00314231
0.0138,0,0
0.0142,0.00279459,0.00424355
0.0146,0.00899415,0.00704549
0.015,0,0
0.0154,0.00481995,0.00545068
0.0158,0,0
0.0162,0,0
0.0166,0.0116298,0.0082384
0.017,0,0
0.0174,0.00559092,0.00560064
0.0178,0.0162088,0.00965749
0.0182,0,0
0.0186,0,0
0.019,0,0
0.0194,0.00539452,0.00540356
0.0198,0,0
0.0202,0.00543515,0.00544433
0.0206,0,0
0.021,0.00570624,0.00571634
0.0214,0,0
0.0218,0,0
0.0222,0.00612002,0.00613164
0.0226,0,0
0.023,0,0
0.0234,0,0
0.0238,0,0
0.0242,0.00442344,0.00524779
0.0246,0,0
0.025,0.00165473,0.00307191
0.0254,0,0
0.0258,0.00588577,0.00589652
0.0262,0.00594446,0.00595542
0.0266,0,0
0.027,0,0
0.0274,0.00572133,0.00573148
0.0278,0,0
0.0282,0.00616709,0.00617887
0.0286,0,0
0.029,0,0
0.0294,0,0
0.0298,0,0
0.0302,0,0
0.0306,0,0
0.031,0,0
0.0314,0.00629537,0.00630764
0.0318,0.00408827,0.0047702
0.0322,0.00880705,0.00697705
0.0326,0,0
0.033,0,0
0.0334,0,0
0.0338,0.011677,0.00827448
0.0342,0,0
0.0346,0,0
0.035,0,0
0.0354,0,0
0.0358,0.00599241,0.00600352
0.0362,0,0
0.0366,0,0
0.037,0.00555269,0.00556223
0.0374,0,0
0.0378,0,0
0.0382,0,0
0.0386,0,0
0.039,0,0
0.0394,0.00606788,0.00607927
0.0398,0.00605217,0.00606349
0.0402,0,0
0.0406,0,0
0.041,0,0
0.0414,0,0
0.0418,0,0
0.0422,0,0
0.0426,0,0
0.043,0.0103413,0.00787071
0.0434,0,0
0.0438,0,0
0.0442,0.00590378,0.00591455
0.0446,0.00605048,0.00606179
0.045,0,0
0.0454,0,0
0.0458,0,0
0.0462,0.0116726,0.00826868
0.0466,0.00109704,0.00257313
0.047,0,0
0.0474,0,0
0.0478,0,0
0.0482,0.00560559,0.00561528
0.0486,0,0
0.049,0.00584738,0.00594329
0.0494,0,0
0.0498,0,0
0.0502,0,0
0.0506,0,0
0.051,0,0
0.0514,0,0
0.0518,0,0
0.0522,0,0
0.0526,0,0
0.053,0,0
0.0534,0,0
0.0538,0.00587823,0.00588888
0.0542,0,0
0.0546,0.00590259,0.00591333
0.055,0,0
0.0554,0,0
0.0558,0,0
0.0562,0,0
0.0566,0,0
0.057,0,0
0.0574,0,0
0.0578,0.00433989,0.00513551
0.0582,0,0
0.0586,0,0
0.059,0,0
0.0594,0,0
0.0598,0,0
0.0602,0,0
0.0606,0,0
0.061,0,0
0.0614,0.0058473,0.00585782
0.0618,0,0
0.0622,0,0
0.0626,0,0
0.063,0,0
0.0634,0.00605934,0.00607062
0.0638,0,0
0.0642,0,0
0.0646,0,0
0.065,0,0
0.0654,0,0
0.0658,0.00586961,0.0058802
0.0662,0,0
0.0666,0,0
0.067,0,0
0.0674,0,0
0.0678,0,0
0.0682,0,0
0.0686,0.00555473,0.0055642
0.069,0.00596334,0.00597426
0.0694,0,0
0.0698,0,0
0.0702,0.00761819,0.00679882
0.0706,0,0
0.071,0,0
0.0714,0,0
0.0718,0,0
0.0722,0.00580266,0.00581299
0.0726,0,0
0.073,0,0
0.0734,0.00601453,0.00602562
0.0738,0,0
0.0742,0,0
0.0746,0,0
0.075,0,0
0.0754,0,0
0.0758,0,0
0.0762,0.00614161,0.00615317
0.0766,0,0
0.077,0,0
0.0774,0,0
0.0778,0,0
0.0782,0,0
0.0786,0,0
0.079,0,0
0.0794,0,0
0.0798,0.0058498,0.00586028
0.0802,0,0
0.0806,0,0
0.081,0,0
0.0814,0,0
0.0818,0,0
0.0822,0.00106746,0.0023711
0.0826,0,0
0.083,0,0
0.0834,0,0
0.0838,0.00557859,0.00558811
0.0842,0,0
0.0846,0,0
0.085,0,0
0.0854,0.00595556,0.00596641
0.0858,0,0
0.0862,0,0
0.0866,0.012009,0.00850723
0.087,0,0
0.0874,0,0
0.0878,0,0
0.0882,0,0
0.0886,0,0
0.089,0,0
0.0894,0,0
0.0898,0.00571544,0.00572542
0.0902,0.00548505,0.00575381
0.0906,0,0
0.091,0,0
0.0914,0,0
0.0918,0,0
0.0922,0,0
0.0926,0,0
0.093,0,0
0.0934,0,0
0.0938,0,0
0.0942,0,0
0.0946,0,0
0.095,0,0
0.0954,0.0065302,0.0065432
0.0958,0.00652832,0.00654131
0.0962,0,0
0.0966,0,0
0.097,0,0
0.0974,0,0
0.0978,0.00589917,0.00590978
0.0982,0,0
0.0986,0,0
0.099,0,0
0.0994,0,0
0.0998,0,0
0.1002,0,0
0.1006,0,0
0.101,0,0
0.1014,0,0
0.1018,0,0
0.1022,0,0
0.1026,0,0
0.103,0.0067693,0.00678325
0.1034,0.00677004,0.00678399
0.1038,0,0
0.1042,0.00698125,0.00699608
0.1046,0,0
0.105,0,0
0.1054,0,0
0.1058,0.00689328,0.00690773
0.1062,0,0
0.1066,0,0
0.107,0,0
0.1074,0,0
0.1078,0,0
0.1082,0,0
0.1086,0,0
0.109,0,0
0.1094,0,0
0.1098,0,0
0.1102,0.00818768,0.00820803
0.1106,0,0
0.111,0,0
0.1114,0.00209161,0.00433218
0.1118,0,0
0.1122,0,0
0.1126,0.00760556,0.00762312
0.113,0,0
0.1134,0,0
0.1138,0,0
0.1142,0,0
0.1146,0,0
0.115,0,0
0.1154,0,0
0.1158,0.0110959,0.0111332
0.1162,0,0
0.1166,0,0
0.117,0.00962868,0.00966863
0.1174,0,0
0.1178,0,0
0.1182,0,0
0.1186,0,0
0.119,0,0
0.1194,0,0
0.1198,0,0
3
-0.1198,0,0
-0.1194,0,0
-0.119,0,0
-0.1186,0,0
-0.1182,0,0
-0.1178,0,0
-0.1174,0.00652363,0.00653669
-0.117,0,0
-0.1166,0,0
-0.1162,0,0
-0.1158,0.0138808,0.00983612
-0.1154,0,0
-0.115,0.0111908,0.0082797
-0.1146,0,0
-0.1142,0,0
-0.1138,0,0
-0.1134,0,0
-0.113,0,0
-0.1126,0,0
-0.1122,0,0
-0.1118,0.00500152,0.00566999
-0.1114,0,0
-0.111,0,0
-0.1106,0,0
-0.1102,0.011508,0.00834639
-0.1098,0,0
-0.1094,0,0
-0.109,0,0
-0.1086,0,0
-0.1082,0,0
-0.1078,0,0
-0.1074,0,0
-0.107,0.00589743,0.00590807
-0.1066,0,0
-0.1062,0,0
-0.1058,0,0
-0.1054,0,0
-0.105,0,0
-0.1046,0,0
-0.1042,0,0
-0.1038,0,0
-0.1034,0,0
-0.103,0,0
-0.1026,0.0061298,0.00614127
-0.1022,0,0
-0.1018,0,0
-0.1014,0,0
-0.101,0.00617087,0.00618249
-0.1006,0,0
-0.1002,0.00589649,0.0059071
-0.0998,0,0
-0.0994,0,0
-0.099,0,0
-0.0986,0,0
-0.0982,0,0
-0.0978,0.00665622,0.00666973
-0.0974,0,0
-0.097,0,0
-0.0966,0,0
-0.0962,0,0
-0.0958,0,0
-0.0954,0,0
-0.095,0,0
-0.0946,0,0
-0.0942,0,0
-0.0938,0.00610354,0.00611487
-0.0934,0,0
-0.093,0.00623582,0.00624765
-0.0926,0,0
-0.0922,0,0
-0.0918,0,0
-0.0914,0,0
-0.091,0,0
-0.0906,0,0
-0.0902,0,0
-0.0898,0.00457743,0.0051932
-0.0894,0,0
-0.089,0,0
-0.0886,0,0
-0.0882,0,0
-0.0878,0.00602521,0.00603623
-0.0874,0,0
-0.087,0,0
-0.0866,0,0
-0.0862,0,0
-0.0858,0,0
-0.0854,0,0
-0.085,0.00638976,0.00640213
-0.0846,0,0
-0.0842,0,0
-0.0838,0,0
-0.0834,0,0
-0.083,0,0
-0.0826,0,0
-0.0822,0,0
-0.0818,0,0
-0.0814,0,0
-0.081,0.00583477,0.00586288
-0.0806,0,0
-0.0802,0,0
-0.0798,0,0
-0.0794,0.00633135,0.00634347
-0.079,0,0
-0.0786,0,0
-0.0782,0,0
-0.0778,0.006401,0.00641338
-0.0774,0,0
-0.077,0,0
-0.0766,0,0
-0.0762,0,0
-0.0758,0,0
-0.0754,0,0
-0.075,0,0
-0.0746,0,0
-0.0742,0,0
-0.0738,0,0
-0.0734,0.00675475,0.0066181
-0.073,0.0120786,0.00869796
-0.0726,0.0061825,0.00619402
-0.0722,0,0
-0.0718,0,0
-0.0714,0.00610457,0.0061158
-0.071,0,0
-0.0706,0,0
-0.0702,0,0
-0.0698,0.0056538,0.00597986
-0.0694,0.0133852,0.00948386
-0.069,0.00400198,0.00468914
-0.0686,0,0
-0.0682,0,0
-0.0678,0,0
-0.0674,0,0
-0.067,0,0
-0.0666,0,0
-0.0662,0,0
-0.0658,0,0
-0.0654,0,0
-0.065,0.00658671,0.00659974
-0.0646,0.0061795,0.00619096
-0.0642,0,0
-0.0638,0,0
-0.0634,0,0
-0.063,0.00583806,0.00584829
-0.0626,0,0
-0.0622,0,0
-0.0618,0,0
-0.0614,0,0
-0.061,0,0
-0.0606,0,0
-0.0602,0,0
-0.0598,0.00583403,0.00584422
-0.0594,0,0
-0.059,0,0
-0.0586,0,0
-0.0582,0,0
-0.0578,0,0
-0.0574,0,0
-0.057,0,0
-0.0566,0.00350715,0.00467686
-0.0562,0,0
-0.0558,0.00636285,0.00637495
-0.0554,0,0
-0.055,0.00635314,0.0063652
-0.0546,0,0
-0.0542,0,0
-0.0538,0.005692,0.00570168
-0.0534,0,0
-0.053,0,0
-0.0526,0,0
-0.0522,0.00582464,0.00580086
-0.0518,0,0
-0.0514,0,0
-0.051,0.00490891,0.0054024
-0.0506,0,0
-0.0502,0,0
-0.0498,0,0
-0.0494,0,0
-0.049,0.00504694,0.00548303
-0.0486,0,0
-0.0482,0,0
-0.0478,0,0
-0.0474,0,0
-0.047,0.00631804,0.00632992
-0.0466,0,0
-0.0462,0,0
-0.0458,0,0
-0.0454,0,0
-0.045,0,0
-0.0446,0.00567116,0.00568072
-0.0442,0,0
-0.0438,0,0
-0.0434,0,0
-0.043,0,0
-0.0426,0,0
-0.0422,0,0
-0.0418,0.00604187,0.00605271
-0.0414,0,0
-0.041,0.00358289,0.004804
-0.0406,0,0
-0.0402,0,0
-0.0398,0.00156595,0.00314867
-0.0394,0,0
-0.039,0.00635157,0.00636353
-0.0386,0.0113883,0.00875547
-0.0382,0.0062477,0.00625927
-0.0378,0.00595943,0.00596996
-0.0374,0.0173634,0.010463
-0.037,0,0
-0.0366,0.00613756,0.00614872
-0.0362,0,0
-0.0358,0,0
-0.0354,0,0
-0.035,0.00638362,0.00639568
-0.0346,0,0
-0.0342,0,0
-0.0338,0,0
-0.0334,0,0
-0.033,0,0
-0.0326,0,0
-0.0322,0.00646272,0.00647507
-0.0318,0,0
-0.0314,0.0062566,0.00626817
-0.031,0.00616266,0.00617388
-0.0306,0.00616371,0.00617493
-0.0302,0,0
-0.0298,0,0
-0.0294,0,0
-0.029,0.00618387,0.00619516
-0.0286,0,0
-0.0282,0,0
-0.0278,0,0
-0.0274,0,0
-0.027,0.00101143,0.00270596
-0.0266,0,0
-0.0262,0,0
-0.0258,0.00445236,0.00517832
-0.0254,0.00676802,0.00678152
-0.025,0.00761043,0.00701301
-0.0246,0,0
-0.0242,0.000751325,0.0022426
-0.0238,0,0
-0.0234,0,0
-0.023,0.00647603,0.00648838
-0.0226,0,0
-0.0222,0.00607944,0.00609032
-0.0218,0,0
-0.0214,0,0
-0.021,0,0
-0.0206,0,0
-0.0202,0.00625219,0.00626368
-0.0198,0,0
-0.0194,0.00590484,0.00591509
-0.019,0.00651769,0.00653018
-0.0186,0.00691989,0.00693396
-0.0182,0.00616204,0.00617319
-0.0178,0,0
-0.0174,0.0120425,0.00853055
-0.017,0.0059879,0.00599843
-0.0166,0.00868499,0.0073192
-0.0162,0.00585618,0.00586624
-0.0158,0.00611515,0.00612612
-0.0154,0.00649293,0.0065053
-0.015,0.00624262,0.00625405
-0.0146,0,0
-0.0142,0.00674203,0.00675536
-0.0138,0.0063651,0.00637698
-0.0134,0.00332787,0.00459519
-0.013,0,0
-0.0126,0.00157849,0.00317122
-0.0122,0,0
-0.0118,0.012447,0.00881739
-0.0114,0.00634504,0.00635683
-0.011,0.00626445,0.00627594
-0.0106,0.00609436,0.00610524
-0.0102,0,0
-0.0098,0.00435309,0.00543446
-0.0094,0.00655475,0.00656732
-0.009,0,0
-0.0086,0.00629119,0.00630277
-0.0082,0.01755,0.0102897
-0.0078,0,0
-0.0074,0,0
-0.007,0.00702644,0.00648131
-0.0066,0.00620895,0.00622022
-0.0062,0,0
-0.0058,0,0
-0.0054,0.0066636,0.00667657
-0.005,0.0153952,0.0101475
-0.0046,0.0305143,0.0139823
-0.0042,0.0421388,0.0159576
-0.0038,0.0406284,0.0155442
-0.0034,0.0468056,0.0170287
-0.003,0.0668545,0.0208194
-0.0026,0.0743119,0.0220619
-0.0022,0.138011,0.0294785
-0.0018,0.238347,0.0403103
-0.0014,0.403301,0.0481771
-0.001,0.652817,0.0627775
-0.0006,0.937867,0.0779895
-0.0002,1.16279,0.0904751
0.0002,1.09188,0.083408
0.0006,0.967785,0.0772673
0.001,0.613743,0.0627688
0.0014,0.391998,0.0510452
0.0018,0.21383,0.0372357
0.0022,0.157591,0.0309848
0.0026,0.0580503,0.0188616
0.003,0.0144956,0.00957452
0.0034,0.0136215,0.00965099
0.0038,0.0077129,0.00704042
0.0042,0.0242414,0.0121473
0.0046,0,0
0.005,0.0129002,0.00913902
0.0054,0.00642542,0.00643743
0.0058,0.0262876,0.0131782
0.0062,0.00643176,0.00644378
0.0066,0.00637533,0.00638715
0.007,0.00620406,0.00621525
0.0074,0.00619733,0.00620849
0.0078,0.00669718,0.00671021
0.0082,0.0190769,0.0110345
0.0086,0.012251,0.00868458
0.009,0,0
0.0094,0,0
0.0098,0.0120893,0.00856412
0.0102,0.0125138,0.00887421
0.0106,0.00614686,0.00615783
0.011,0,0
0.0114,0.0128541,0.00910616
0.0118,0,0
0.0122,0,0
0.0126,0,0
0.013,0.00620501,0.00621617
0.0134,0.00438151,0.00522396
0.0138,0.00267799,0.00423124
0.0142,0.0169953,0.0106458
0.0146,0,0
0.015,0,0
0.0154,0.00160469,0.00325811
0.0158,0,0
0.0162,0,0
0.0166,0,0
0.017,0,0
0.0174,0,0
0.0178,0,0
0.0182,0,0
0.0186,0.0120368,0.00853052
0.019,0,0
0.0194,0,0
0.0198,0,0
0.0202,0,0
0.0206,0.0116767,0.00827065
0.021,0.00796316,0.00716293
0.0214,0.00583441,0.00584425
0.0218,0,0
0.0222,0,0
0.0226,0.00611755,0.00612836
0.023,0.00600325,0.00601366
0.0234,0,0
0.0238,0,0
0.0242,0.00857686,0.00757556
0.0246,0,0
0.025,0.0043297,0.00515175
0.0254,0,0
0.0258,0,0
0.0262,0,0
0.0266,0,0
0.027,0,0
0.0274,0,0
0.0278,0,0
0.0282,0,0
0.0286,0,0
0.029,0,0
0.0294,0,0
0.0298,0,0
0.0302,0,0
0.0306,0,0
0.031,0,0
0.0314,0,0
0.0318,0.00156957,0.00306612
0.0322,0.00898035,0.00760923
0.0326,0.00638576,0.00639749
0.033,0.00666404,0.00667682
0.0334,0,0
0.0338,0,0
0.0342,0,0
0.0346,0.00171729,0.003285
0.035,0,0
0.0354,0,0
0.0358,0,0
0.0362,0,0
0.0366,0,0
0.037,0,0
0.0374,0,0
0.0378,0,0
0.0382,0,0
0.0386,0,0
0.039,0.00639855,0.00641031
0.0394,0,0
0.0398,0,0
0.0402,0,0
0.0406,0,0
0.041,0.0031712,0.00438209
0.0414,0,0
0.0418,0.00641169,0.00642348
0.0422,0,0
0.0426,0,0
0.043,0.014586,0.00970471
0.0434,0,0
0.0438,0,0
0.0442,0.00636462,0.00637623
0.0446,0,0
0.045,0,0
0.0454,0,0
0.0458,0,0
0.0462,0,0
0.0466,0,0
0.047,0.00647697,0.00648898
0.0474,0,0
0.0478,0.00604541,0.00605587
0.0482,0,0
0.0486,0,0
0.049,0.000184481,0.00109641
0.0494,0,0
0.0498,0,0
0.0502,0.0024294,0.00400067
0.0506,0.00610665,0.00611731
0.051,0,0
0.0514,0,0
0.0518,0,0
0.0522,0,0
0.0526,0,0
0.053,0,0
0.0534,0,0
0.0538,0,0
0.0542,0,0
0.0546,0,0
0.055,0.0119426,0.00845916
0.0554,0,0
0.0558,0,0
0.0562,0,0
0.0566,0,0
0.057,0.00591295,0.00592292
0.0574,0,0
0.0578,0,0
0.0582,0.0135095,0.00957107
0.0586,0.00627862,0.00628986
0.059,0,0
0.0594,0,0
0.0598,0.00629404,0.00630533
0.0602,0,0
0.0606,0.00560262,0.00582289
0.061,0.00715438,0.00716896
0.0614,0,0
0.0618,0,0
0.0622,0,0
0.0626,0,0
0.063,0,0
0.0634,0,0
0.0638,0,0
0.0642,0.00681325,0.00682646
0.0646,0,0
0.065,0,0
0.0654,0.00656361,0.00657587
0.0658,0,0
0.0662,0,0
0.0666,0,0
0.067,0,0
0.0674,0,0
0.0678,0,0
0.0682,0,0
0.0686,0,0
0.069,0,0
0.0694,0,0
0.0698,0.00672123,0.00673407
0.0702,0.0109348,0.00830607
0.0706,0,0
0.071,0.0134684,0.00955335
0.0714,0,0
0.0718,0,0
0.0722,0,0
0.0726,0,0
0.073,0.00649872,0.00651071
0.0734,0.00615861,0.00616937
0.0738,0,0
0.0742,0.00661003,0.00622071
0.0746,0.0203557,0.011777
0.075,0.000807605,0.00225243
0.0754,0.0062605,0.00627162
0.0758,0.00643205,0.00644378
0.0762,0,0
0.0766,0,0
0.077,0.00624951,0.00626058
0.0774,0,0
0.0778,0,0
0.0782,0,0
0.0786,0,0
0.079,0,0
0.0794,0,0
0.0798,0,0
0.0802,0,0
0.0806,0,0
0.081,0.00639937,0.00641097
0.0814,0,0
0.0818,0,0
0.0822,0,0
0.0826,0,0
0.083,0,0
0.0834,0,0
0.0838,0,0
0.0842,0,0
0.0846,0,0
0.085,0.00626046,0.00627155
0.0854,0.00127609,0.002872
0.0858,0.00112983,0.00270256
0.0862,0,0
0.0866,0,0
0.087,0,0
0.0874,0,0
0.0878,0,0
0.0882,0,0
0.0886,0,0
0.089,0,0
0.0894,0,0
0.0898,0,0
0.0902,0.0070754,0.00679601
0.0906,0.0128924,0.00913326
0.091,0,0
0.0914,0,0
0.0918,0,0
0.0922,0.00654204,0.00655412
0.0926,0,0
0.093,0,0
0.0934,0,0
0.0938,0,0
0.0942,0.00679194,0.00680495
0.0946,0,0
0.095,0,0
0.0954,0,0
0.0958,0,0
0.0962,0,0
0.0966,0,0
0.097,0,0
0.0974,0,0
0.0978,0,0
0.0982,0,0
0.0986,0,0
0.099,0.00682007,0.00683318
0.0994,0,0
0.0998,0,0
0.1002,0,0
0.1006,0,0
0.101,0,0
0.1014,0,0
0.1018,0.00749689,0.00751271
0.1022,0,0
0.1026,0,0
0.103,0.00731999,0.00733507
0.1034,0,0
0.1038,0,0
0.1042,0,0
0.1046,0,0
0.105,0,0
0.1054,0.00745234,0.00746796
0.1058,0,0
0.1062,0,0
0.1066,0.00746028,0.00747593
0.107,0.0158191,0.0112107
0.1074,0,0
0.1078,0,0
0.1082,0.0084953,0.00851559
0.1086,0,0
0.109,0,0
0.1094,0,0
0.1098,0,0
0.1102,0,0
0.1106,0,0
0.111,0.0100143,0.0100425
0.1114,0.00738426,0.00846196
0.1118,0.0092631,0.0092872
0.1122,0.00879475,0.00881647
0.1126,0,0
0.113,0,0
0.1134,0.0170547,0.0120884
0.1138,0,0
0.1142,0,0
0.1146,0,0
0.115,0,0
0.1154,0,0
0.1158,0,0
0.1162,0,0
0.1166,0,0
0.117,0,0
0.1174,0,0
0.1178,0.00949332,0.00951861
0.1182,0,0
0.1186,0,0
0.119,0,0
0.1194,0,0
0.1198,0,0
4
-0.1198,0,0
-0.1194,0,0
-0.119,0,0
-0.1186,0,0
-0.1182,0,0
-0.1178,0,0
-0.1174,0,0
-0.117,0,0
-0.1166,0,0
-0.1162,0,0
-0.1158,0,0
-0.1154,0,0
-0.115,0.00101874,0.00250253
-0.1146,0,0
-0.1142,0,0
-0.1138,0,0
-0.1134,0,0
-0.113,0,0
-0.1126,0,0
-0.1122,0,0
-0.1118,0.00140685,0.00301328
-0.1114,0.00630641,0.00631855
-0.111,0,0
-0.1106,0.00600721,0.00601822
-0.1102,0.000546473,0.00180963
-0.1098,0,0
-0.1094,0.00772608,0.0069649
-0.109,0.00622653,0.00623834
-0.1086,0,0
-0.1082,0,0
-0.1078,0,0
-0.1074,0,0
-0.107,0,0
-0.1066,0,0
-0.1062,0,0
-0.1058,0,0
-0.1054,0,0
-0.105,0,0
-0.1046,0,0
-0.1042,0.00647805,0.00649081
-0.1038,0,0
-0.1034,0,0
-0.103,0,0
-0.1026,0,0
-0.1022,0.0063177,0.00632983
-0.1018,0,0
-0.1014,0,0
-0.101,0,0
-0.1006,0,0
-0.1002,0,0
-0.0998,0,0
-0.0994,0,0
-0.099,0,0
-0.0986,0,0
-0.0982,0,0
-0.0978,0,0
-0.0974,0,0
-0.097,0,0
-0.0966,0,0
-0.0962,0,0
-0.0958,0,0
-0.0954,0,0
-0.095,0,0
-0.0946,0,0
-0.0942,0,0
-0.0938,0,0
-0.0934,0,0
-0.093,0,0
-0.0926,0,0
-0.0922,0.00598778,0.00599862
-0.0918,0,0
-0.0914,0,0
-0.091,0,0
-0.0906,0.00626095,0.00627279
-0.0902,0.00579478,0.00580492
-0.0898,0.00130126,0.00277728
-0.0894,0,0
-0.089,0,0
-0.0886,0,0
-0.0882,0,0
-0.0878,0,0
-0.0874,0,0
-0.087,0,0
-0.0866,0,0
-0.0862,0,0
-0.0858,0,0
-0.0854,0,0
-0.085,0,0
-0.0846,0,0
-0.0842,0,0
-0.0838,0,0
-0.0834,0.00661258,0.00662575
-0.083,0.00615437,0.00616577
-0.0826,0,0
-0.0822,0,0
-0.0818,0,0
-0.0814,0,0
-0.081,0.00593854,0.00593119
-0.0806,0,0
-0.0802,0,0
-0.0798,0,0
-0.0794,0,0
-0.079,0,0
-0.0786,0,0
-0.0782,0,0
-0.0778,0,0
-0.0774,0,0
-0.077,0,0
-0.0766,0,0
-0.0762,0.0122408,0.00867151
-0.0758,0,0
-0.0754,0.00580631,0.00581644
-0.075,0.00585322,0.00586351
-0.0746,0,0
-0.0742,0,0
-0.0738,0,0
-0.0734,0.00619032,0.00634943
-0.073,0,0
-0.0726,0,0
-0.0722,0,0
-0.0718,0,0
-0.0714,0,0
-0.071,0,0
-0.0706,0,0
-0.0702,0,0
-0.0698,0.000649459,0.00203056
-0.0694,0,0
-0.069,0.00147961,0.0028564
-0.0686,0,0
-0.0682,0,0
-0.0678,0,0
-0.0674,0.00609806,0.0061092
-0.067,0,0
-0.0666,0,0
-0.0662,0,0
-0.0658,0,0
-0.0654,0,0
-0.065,0,0
-0.0646,0,0
-0.0642,0,0
-0.0638,0.00568877,0.00569845
-0.0634,0,0
-0.063,0,0
-0.0626,0.00638344,0.00639562
-0.0622,0,0
-0.0618,0,0
-0.0614,0,0
-0.061,0,0
-0.0606,0,0
-0.0602,0.00627549,0.00628726
-0.0598,0,0
-0.0594,0.00594133,0.00595188
-0.059,0,0
-0.0586,0,0
-0.0582,0,0
-0.0578,0,0
-0.0574,0,0
-0.057,0,0
-0.0566,0.00271065,0.00411481
-0.0562,0,0
-0.0558,0,0
-0.0554,0,0
-0.055,0,0
-0.0546,0.00598366,0.00599434
-0.0542,0.00618505,0.00619647
-0.0538,0,0
-0.0534,0,0
-0.053,0,0
-0.0526,0.00610086,0.00611196
-0.0522,0.000954934,0.0023495
-0.0518,0.00560583,0.0056152
-0.0514,0,0
-0.051,0.00101597,0.00245813
-0.0506,0,0
-0.0502,0,0
-0.0498,0.00653577,0.0065485
-0.0494,0,0
-0.049,0.00682327,0.0063747
-0.0486,0,0
-0.0482,0,0
-0.0478,0,0
-0.0474,0,0
-0.047,0,0
-0.0466,0,0
-0.0462,0,0
-0.0458,0.00572409,0.00573385
-0.0454,0,0
-0.045,0,0
-0.0446,0,0
-0.0442,0,0
-0.0438,0,0
-0.0434,0,0
-0.043,0,0
-0.0426,0,0
-0.0422,0.0063642,0.00637625
-0.0418,0,0
-0.0414,0,0
-0.041,0.00282792,0.00426342
-0.0406,0,0
-0.0402,0.00649135,0.00650388
-0.0398,0.00619578,0.00620719
-0.0394,0,0
-0.039,0,0
-0.0386,0.00201548,0.00367833
-0.0382,0.00623021,0.00624175
-0.0378,0,0
-0.0374,0.00147889,0.00305155
-0.037,0,0
-0.0366,0,0
-0.0362,0,0
-0.0358,0,0
-0.0354,0,0
-0.035,0,0
-0.0346,0,0
-0.0342,0,0
-0.0338,0,0
-0.0334,0,0
-0.033,0,0
-0.0326,0,0
-0.0322,0,0
-0.0318,0.00628991,0.00630166
-0.0314,0,0
-0.031,0,0
-0.0306,0.0069061,0.0065206
-0.0302,0,0
-0.0298,0.0070759,0.00709075
-0.0294,0,0
-0.029,0.00615135,0.00616258
-0.0286,0,0
-0.0282,0,0
-0.0278,0,0
-0.0274,0.00563512,0.00564454
-0.027,0.00616092,0.00665879
-0.0266,0,0
-0.0262,0,0
-0.0258,0.0015393,0.0030352
-0.0254,0.00672458,0.00673799
-0.025,0.0131956,0.00920421
-0.0246,0.00662167,0.00663467
-0.0242,0,0
-0.0238,0.00675818,0.00660738
-0.0234,0,0
-0.023,0.000652446,0.0020592
-0.0226,0.00592046,0.00593085
-0.0222,0,0
-0.0218,0,0
-0.0214,0,0
-0.021,0,0
-0.0206,0.00600447,0.00601517
-0.0202,0.00624749,0.00625906
-0.0198,0,0
-0.0194,0,0
-0.019,0.000160249,0.00101943
-0.0186,0.019821,0.0114828
-0.0182,0,0
-0.0178,0,0
-0.0174,0,0
-0.017,0,0
-0.0166,0.00942047,0.00749283
-0.0162,0,0
-0.0158,0.00605365,0.00606451
-0.0154,0,0
-0.015,0.00625353,0.00626512
-0.0146,0,0
-0.0142,0,0
-0.0138,0.00629539,0.00630714
-0.0134,0.00928169,0.00766049
-0.013,0,0
-0.0126,0.0125499,0.00889066
-0.0122,0.00622186,0.00623334
-0.0118,0,0
-0.0114,0,0
-0.011,0.0123099,0.00872045
-0.0106,0,0
-0.0102,0,0
-0.0098,0.00904653,0.00778462
-0.0094,0.0064807,0.00649315
-0.009,0.00629985,0.00631162
-0.0086,0.00620814,0.00621957
-0.0082,0.0140808,0.00906567
-0.0078,0.00587328,0.00588351
-0.0074,0.0189378,0.0109543
-0.007,0.0104784,0.00778046
-0.0066,0.00587331,0.00588354
-0.0062,0.00679945,0.00681315
-0.0058,0.0132218,0.00937142
-0.0054,0.0195499,0.0113096
-0.005,0.0196808,0.0113849
-0.0046,0.0315182,0.014179
-0.0042,0.0119354,0.00845456
-0.0038,0.0580335,0.0182679
-0.0034,0.0329876,0.0142013
-0.003,0.0737721,0.0216811
-0.0026,0.057479,0.0192164
-0.0022,0.161736,0.0316159
-0.0018,0.201112,0.0361171
-0.0014,0.267787,0.0390258
-0.001,0.70024,0.0646727
-0.0006,0.783744,0.0708757
-0.0002,0.889059,0.0785554
0.0002,0.814629,0.071227
0.0006,0.769571,0.0685272
0.001,0.449289,0.0532627
0.0014,0.311758,0.0451479
0.0018,0.184488,0.0342221
0.0022,0.0832171,0.0224022
0.0026,0.071156,0.0205972
0.003,0.0347236,0.0146457
0.0034,0.00988092,0.0080075
0.0038,0,0
0.0042,0.0241518,0.0121042
0.0046,0.0126868,0.00898787
0.005,0.00634312,0.00635507
0.0054,0.00633748,0.0063494
0.0058,0.00684892,0.00686284
0.0062,0.00623958,0.00625114
0.0066,0.0115608,0.00818881
0.007,0.00578021,0.00579014
0.0074,0,0
0.0078,0.0060328,0.00604361
0.0082,0.00655013,0.00656288
0.0086,0,0
0.009,0.00575914,0.005769
0.0094,0.00626004,0.00627168
0.0098,0,0
0.0102,0.0191819,0.0110957
0.0106,0,0
0.011,0.0121611,0.00861479
0.0114,0,0
0.0118,0,0
0.0122,0.0121587,0.00861568
0.0126,0.0124263,0.00880301
0.013,0.00605198,0.00606287
0.0134,0,0
0.0138,0.00388184,0.00503
0.0142,0,0
0.0146,0.0110661,0.00783784
0.015,0,0
0.0154,0.00485629,0.00559408
0.0158,0,0
0.0162,0.00577544,0.00578536
0.0166,0.0182296,0.0105439
0.017,0,0
0.0174,0.0058406,0.00585075
0.0178,0,0
0.0182,0,0
0.0186,0.00566662,0.00567618
0.019,0,0
0.0194,0,0
0.0198,0,0
0.0202,0,0
0.0206,0.00595468,0.00596523
0.021,0.0104731,0.0079109
0.0214,0,0
0.0218,0,0
0.0222,0,0
0.0226,0,0
0.023,0,0
0.0234,0,0
0.0238,0.00595673,0.00596729
0.0242,0,0
0.0246,0,0
0.025,0,0
0.0254,0.00613267,0.00614386
0.0258,0,0
0.0262,0,0
0.0266,0,0
0.027,0,0
0.0274,0,0
0.0278,0.00606004,0.00607097
0.0282,0,0
0.0286,0,0
0.029,0,0
0.0294,0,0
0.0298,0,0
0.0302,0.00614694,0.00615819
0.0306,0,0
0.031,0,0
0.0314,0.00654815,0.00656092
0.0318,0.00572873,0.00573851
0.0322,0,0
0.0326,0,0
0.033,0,0
0.0334,0,0
0.0338,0.00591529,0.00592572
0.0342,0,0
0.0346,0.00438633,0.00515816
0.035,0,0
0.0354,0,0
0.0358,0,0
0.0362,0.0122593,0.00868575
0.0366,0,0
0.037,0,0
0.0374,0.0058789,0.0058892
0.0378,0,0
0.0382,0.00675075,0.00676433
0.0386,0.00589947,0.00590984
0.039,0,0
0.0394,0,0
0.0398,0.00629634,0.00630815
0.0402,0.0062792,0.00629095
0.0406,0,0
0.041,0.00275592,0.0040078
0.0414,0,0
0.0418,0,0
0.0422,0,0
0.0426,0,0
0.043,0.00618684,0.00619825
0.0434,0,0
0.0438,0,0
0.0442,0,0
0.0446,0.00611732,0.00612847
0.045,0.00612432,0.0061355
0.0454,0,0
0.0458,0,0
0.0462,0,0
0.0466,0,0
0.047,0,0
0.0474,0,0
0.0478,0.00625518,0.00626684
0.0482,0.00580099,0.00581103
0.0486,0,0
0.049,0,0
0.0494,0,0
0.0498,0,0
0.0502,0.0102549,0.00804769
0.0506,0,0
0.051,0,0
0.0514,0,0
0.0518,0,0
0.0522,0,0
0.0526,0.0124484,0.00881874
0.053,0,0
0.0534,0,0
0.0538,0.00607248,0.00608348
0.0542,0,0
0.0546,0,0
0.055,0,0
0.0554,0.0119063,0.0084419
0.0558,0,0
0.0562,0,0
0.0566,0,0
0.057,0,0
0.0574,0,0
0.0578,0,0
0.0582,0,0
0.0586,0,0
0.059,0,0
0.0594,0.00635949,0.00637156
0.0598,0,0
0.0602,0,0
0.0606,0.000409134,0.00153764
0.061,0,0
0.0614,0.00602787,0.00603872
0.0618,0,0
0.0622,0,0
0.0626,0,0
0.063,0.00607518,0.00608619
0.0634,0.00624279,0.00625442
0.0638,0,0
0.0642,0.00649749,0.00651008
0.0646,0.0118165,0.00837268
0.065,0.011928,0.008454
0.0654,0,0
0.0658,0.00623625,0.00624786
0.0662,0,0
0.0666,0.00625182,0.00626349
0.067,0.0120905,0.00856469
0.0674,0.00587729,0.0058876
0.0678,0.00614101,0.00615227
0.0682,0,0
0.0686,0,0
0.069,0,0
0.0694,0,0
0.0698,0.0063985,0.00641072
0.0702,0.00627441,0.00628616
0.0706,0,0
0.071,0,0
0.0714,0.0119673,0.00847726
0.0718,0,0
0.0722,0.00596406,0.00597468
0.0726,0,0
0.073,0.0061574,0.00616871
0.0734,0,0
0.0738,0,0
0.0742,0.0113402,0.00834144
0.0746,0,0
0.075,0.00518134,0.00556168
0.0754,0,0
0.0758,0.00611088,0.00612203
0.0762,0.00630581,0.00631767
0.0766,0,0
0.077,0,0
0.0774,0,0
0.0778,0,0
0.0782,0,0
0.0786,0,0
0.079,0,0
0.0794,0,0
0.0798,0,0
0.0802,0.00600054,0.00601129
0.0806,0,0
0.081,0,0
0.0814,0,0
0.0818,0,0
0.0822,0,0
0.0826,0,0
0.083,0.00594408,0.00595463
0.0834,0,0
0.0838,0.00571714,0.0057269
0.0842,0,0
0.0846,0,0
0.085,0,0
0.0854,0.00489267,0.00547376
0.0858,0.00503142,0.00555087
0.0862,0,0
0.0866,0,0
0.087,0.012238,0.0086694
0.0874,0.00592246,0.00593293
0.0878,0,0
0.0882,0,0
0.0886,0,0
0.089,0.00621287,0.00622439
0.0894,0,0
0.0898,0,0
0.0902,0,0
0.0906,0,0
0.091,0,0
0.0914,0.00366872,0.00476578
0.0918,0,0
0.0922,0,0
0.0926,0,0
0.093,0,0
0.0934,0.00614333,0.0061546
0.0938,0.0104692,0.00795674
0.0942,0,0
0.0946,0,0
0.095,0.0135926,0.00939123
0.0954,0,0
0.0958,0.00643982,0.00645219
0.0962,0,0
0.0966,0,0
0.097,0,0
0.0974,0,0
0.0978,0.0060288,0.00603965
0.0982,0,0
0.0986,0,0
0.099,0,0
0.0994,0,0
0.0998,0.00751571,0.00753255
0.1002,0,0
0.1006,0.00730577,0.00732168
0.101,0,0
0.1014,0.00230868,0.00398712
0.1018,0,0
0.1022,0,0
0.1026,0,0
0.103,0,0
0.1034,0,0
0.1038,0,0
0.1042,0.00712728,0.00714242
0.1046,0,0
0.105,0,0
0.1054,0,0
0.1058,0.00703561,0.00705036
0.1062,0,0
0.1066,0,0
0.107,0,0
0.1074,0,0
0.1078,0,0
0.1082,0,0
0.1086,0,0
0.109,0,0
0.1094,0,0
0.1098,0,0
0.1102,0,0
0.1106,0,0
0.111,0,0
0.1114,0,0
0.1118,0,0
0.1122,0,0
0.1126,0,0
0.113,0,0
0.1134,0,0
0.1138,0,0
0.1142,0,0
0.1146,0,0
0.115,0,0
0.1154,0,0
0.1158,0,0
0.1162,0,0
0.1166,0,0
0.117,0.0100082,0.010038
0.1174,0,0
0.1178,0,0
0.1182,0,0
0.1186,0,0
0.119,0,0
0.1194,0,0
0.1198,0,0
5
-0.1198,0,0
-0.1194,0,0
-0.119,0,0
-0.1186,0.0123958,0.00903598
-0.1182,0,0
-0.1178,0,0
-0.1174,0,0
-0.117,0,0
-0.1166,0,0
-0.1162,0,0
-0.1158,0,0
-0.1154,0.00599427,0.00600517
-0.115,0,0
-0.1146,0.00632091,0.00633302
-0.1142,0,0
-0.1138,0,0
-0.1134,0,0
-0.113,0,0
-0.1126,0.00643872,0.00645127
-0.1122,0,0
-0.1118,0.0064867,0.00649942
-0.1114,0,0
-0.111,0.00571691,0.00572679
-0.1106,0,0
-0.1102,0,0
-0.1098,0,0
-0.1094,0.00482928,0.00553276
-0.109,0.0123259,0.0089349
-0.1086,0,0
-0.1082,0.00603625,0.00604724
-0.1078,0,0
-0.1074,0,0
-0.107,0,0
-0.1066,0,0
-0.1062,0,0
-0.1058,0,0
-0.1054,0,0
-0.105,0,0
-0.1046,0,0
-0.1042,0,0
-0.1038,0,0
-0.1034,0,0
-0.103,0.0060565,0.00606753
-0.1026,0,0
-0.1022,0,0
-0.1018,0,0
-0.1014,0,0
-0.101,0,0
-0.1006,0,0
-0.1002,0,0
-0.0998,0,0
-0.0994,0,0
-0.099,0.0061956,0.00620711
-0.0986,0,0
-0.0982,0,0
-0.0978,0,0
-0.0974,0.00639367,0.00640591
-0.097,0,0
-0.0966,0,0
-0.0962,0,0
-0.0958,0,0
-0.0954,0.00642944,0.0064418
-0.095,0,0
-0.0946,0.00636522,0.00637733
-0.0942,0,0
-0.0938,0.00615339,0.00616471
-0.0934,0,0
-0.093,0.00635399,0.00636604
-0.0926,0,0
-0.0922,0.0063479,0.00635992
-0.0918,0,0
-0.0914,0,0
-0.091,0,0
-0.0906,0,0
-0.0902,0,0
-0.0898,0.00598618,0.00599686
-0.0894,0,0
-0.089,0,0
-0.0886,0,0
-0.0882,0.00630609,0.00631793
-0.0878,0,0
-0.0874,0,0
-0.087,0,0
-0.0866,0,0
-0.0862,0,0
-0.0858,0,0
-0.0854,0,0
-0.085,0,0
-0.0846,0,0
-0.0842,0,0
-0.0838,0,0
-0.0834,0.00671031,0.00672367
-0.083,0,0
-0.0826,0.00626627,0.00627792
-0.0822,0,0
-0.0818,0,0
-0.0814,0,0
-0.081,0,0
-0.0806,0,0
-0.0802,0,0
-0.0798,0,0
-0.0794,0,0
-0.079,0,0
-0.0786,0,0
-0.0782,0,0
-0.0778,0,0
-0.0774,0,0
-0.077,0,0
-0.0766,0,0
-0.0762,0,0
-0.0758,0,0
-0.0754,0,0
-0.075,0,0
-0.0746,0,0
-0.0742,0,0
-0.0738,0,0
-0.0734,0,0
-0.073,0,0
-0.0726,0,0
-0.0722,0,0
-0.0718,0,0
-0.0714,0.00928432,0.0076365
-0.071,0,0
-0.0706,0,0
-0.0702,0,0
-0.0698,0,0
-0.0694,0,0
-0.069,0,0
-0.0686,0.00612891,0.00613998
-0.0682,0,0
-0.0678,0,0
-0.0674,0,0
-0.067,0,0
-0.0666,0,0
-0.0662,0,0
-0.0658,0,0
-0.0654,0,0
-0.065,0.00672602,0.00673932
-0.0646,0.00276886,0.00418777
-0.0642,0,0
-0.0638,0,0
-0.0634,0,0
-0.063,0,0
-0.0626,0,0
-0.0622,0,0
-0.0618,0.00196012,0.00343198
-0.0614,0,0
-0.061,0,0
-0.0606,0,0
-0.0602,0,0
-0.0598,0,0
-0.0594,0,0
-0.059,0,0
-0.0586,0,0
-0.0582,0,0
-0.0578,0.00598448,0.00599497
-0.0574,0,0
-0.057,0,0
-0.0566,0,0
-0.0562,0.00649448,0.00650683
-0.0558,0,0
-0.0554,0,0
-0.055,0,0
-0.0546,0,0
-0.0542,0,0
-0.0538,0,0
-0.0534,0,0
-0.053,0,0
-0.0526,0,0
-0.0522,0,0
-0.0518,0,0
-0.0514,0,0
-0.051,0,0
-0.0506,0,0
-0.0502,0,0
-0.0498,0.00666807,0.00668105
-0.0494,0,0
-0.049,0,0
-0.0486,0,0
-0.0482,0,0
-0.0478,0.00675583,0.00676915
-0.0474,0.00644248,0.00645459
-0.047,0.0128878,0.00913022
-0.0466,0.00585409,0.00586409
-0.0462,0,0
-0.0458,0,0
-0.0454,0.00594554,0.00595585
-0.045,0,0
-0.0446,0,0
-0.0442,0,0
-0.0438,0,0
-0.0434,0,0
-0.043,0,0
-0.0426,0,0
-0.0422,0,0
-0.0418,0,0
-0.0414,0,0
-0.041,0,0
-0.0406,0.0128099,0.00907492
-0.0402,9.76165e-05,0.000806082
-0.0398,0,0
-0.0394,0,0
-0.039,0,0
-0.0386,0,0
-0.0382,0.00636521,0.00637699
-0.0378,0,0
-0.0374,0,0
-0.037,0.006504,0.0065163
-0.0366,0.00625174,0.00626311
-0.0362,0,0
-0.0358,0,0
-0.0354,0,0
-0.035,0,0
-0.0346,0,0
-0.0342,0,0
-0.0338,0.00651374,0.00652607
-0.0334,0,0
-0.033,0,0
-0.0326,0,0
-0.0322,0,0
-0.0318,0.00643055,0.00644256
-0.0314,0.00636837,0.00638014
-0.031,0,0
-0.0306,0.00548326,0.0058753
-0.0302,0,0
-0.0298,0,0
-0.0294,0,0
-0.029,0,0
-0.0286,0,0
-0.0282,0,0
-0.0278,0,0
-0.0274,0.00576415,0.00577379
-0.027,0.00180554,0.00364589
-0.0266,0,0
-0.0262,0,0
-0.0258,0,0
-0.0254,0.000313296,0.00148662
-0.025,0.00613107,0.00634644
-0.0246,0.00615316,0.00616413
-0.0242,0,0
-0.0238,0.00625549,0.0064308
-0.0234,0,0
-0.023,0.00595867,0.00629576
-0.0226,0,0
-0.0222,0,0
-0.0218,0,0
-0.0214,0.00648479,0.00649697
-0.021,0.0124796,0.00884039
-0.0206,0,0
-0.0202,0.00639684,0.00640869
-0.0198,0,0
-0.0194,0,0
-0.019,0.00645171,0.00654576
-0.0186,0.0132765,0.00942193
-0.0182,0.0125984,0.00892494
-0.0178,0,0
-0.0174,0,0
-0.017,0,0
-0.0166,0,0
-0.0162,0,0
-0.0158,0,0
-0.0154,0,0
-0.015,0.00640822,0.0064201
-0.0146,0.00633081,0.0063424
-0.0142,0.00625403,0.00626534
-0.0138,0,0
-0.0134,0.00640819,0.00642006
-0.013,0,0
-0.0126,0,0
-0.0122,0,0
-0.0118,0,0
-0.0114,0.0192874,0.0111564
-0.011,0,0
-0.0106,0,0
-0.0102,0.00641712,0.00642902
-0.0098,0.00684544,0.00685897
-0.0094,0.0132891,0.00941485
-0.009,0.00646498,0.00647705
-0.0086,0.00637112,0.00638284
-0.0082,0.017466,0.0101042
-0.0078,0.00648059,0.00649272
-0.0074,0.0181012,0.0104835
-0.007,0.0116209,0.00823101
-0.0066,0,0
-0.0062,0.00700417,0.00701833
-0.0058,0,0
-0.0054,0.0263959,0.0132232
-0.005,0.0134857,0.00955444
-0.0046,0.0258821,0.0129691
-0.0042,0.0245346,0.0122891
-0.0038,0.0243796,0.0122224
-0.0034,0.0688899,0.020811
-0.003,0.0385931,0.0157966
-0.0026,0.0668252,0.0211555
-0.0022,0.222515,0.0374495
-0.0018,0.282003,0.0437815
-0.0014,0.517324,0.054675
-0.001,0.721499,0.0662796
-0.0006,0.856967,0.0750927
-0.0002,1.01748,0.08522
0.0002,0.883327,0.0751761
0.0006,0.622461,0.0622658
0.001,0.45274,0.0542378
0.0014,0.298791,0.0448373
0.0018,0.20756,0.0367744
0.0022,0.0707377,0.0207794
0.0026,0.112104,0.0264986
0.003,0.0566772,0.0188739
0.0034,0.0432364,0.0170483
0.0038,0.0132936,0.00941806
0.0042,0.0312806,0.0140217
0.0046,0.0190703,0.0110387
0.005,0.019589,0.011331
0.0054,0.00652381,0.00653609
0.0058,0.0135328,0.00959637
0.0062,0,0
0.0066,0.00595119,0.00596141
0.007,0.00595085,0.00596107
0.0074,0.00624198,0.00625322
0.0078,0.0129552,0.00918568
0.0082,0.00640239,0.00641422
0.0086,0.0123323,0.00874225
0.009,0.0188219,0.0108948
0.0094,0,0
0.0098,0,0
0.0102,0.00600348,0.00601388
0.0106,0.0127655,0.00904775
0.011,0.00626165,0.00627296
0.0114,0.00646107,0.00647311
0.0118,0.00627019,0.00628154
0.0122,0,0
0.0126,0.00641397,0.00642584
0.013,0.00623361,0.00624483
0.0134,0,0
0.0138,0,0
0.0142,0.00691454,0.00692833
0.0146,0,0
0.015,0.00725531,0.0072705
0.0154,0.00661364,0.00662627
0.0158,0,0
0.0162,0.00590545,0.00591551
0.0166,0,0
0.017,0,0
0.0174,0.00601921,0.00602966
0.0178,0,0
0.0182,0,0
0.0186,0,0
0.019,0,0
0.0194,0.00615735,0.00616829
0.0198,0,0
0.0202,0.00674819,0.00676133
0.0206,0.00584817,0.00585804
0.021,0,0
0.0214,0.0129906,0.00920301
0.0218,0,0
0.0222,0,0
0.0226,0,0
0.023,0.0120166,0.00851179
0.0234,0,0
0.0238,0.00614352,0.00615441
0.0242,0,0
0.0246,0,0
0.025,0,0
0.0254,0,0
0.0258,0,0
0.0262,0,0
0.0266,0,0
0.027,0,0
0.0274,0,0
0.0278,0,0
0.0282,0,0
0.0286,0.00585356,0.00586345
0.029,0,0
0.0294,0.00617929,0.00619031
0.0298,0,0
0.0302,0,0
0.0306,0,0
0.031,0.0133168,0.00943565
0.0314,0,0
0.0318,0.00595729,0.00596752
0.0322,0,0
0.0326,0,0
0.033,0,0
0.0334,0,0
0.0338,0,0
0.0342,0.00642816,0.00644008
0.0346,0,0
0.035,0.00604732,0.00605787
0.0354,0,0
0.0358,0,0
0.0362,0,0
0.0366,0.0125979,0.00892661
0.037,0,0
0.0374,0,0
0.0378,0.00658216,0.00659464
0.0382,0,0
0.0386,0,0
0.039,0,0
0.0394,0,0
0.0398,0,0
0.0402,0,0
0.0406,0,0
0.041,0,0
0.0414,0,0
0.0418,0,0
0.0422,0,0
0.0426,0,0
0.043,0,0
0.0434,0,0
0.0438,0,0
0.0442,0,0
0.0446,0.0129774,0.00919356
0.045,0,0
0.0454,0.00636636,0.00637803
0.0458,0,0
0.0462,0,0
0.0466,0,0
0.047,0,0
0.0474,0,0
0.0478,0,0
0.0482,0,0
0.0486,0,0
0.049,0,0
0.0494,0,0
0.0498,0,0
0.0502,0,0
0.0506,0,0
0.051,0.00674346,0.00675654
0.0514,0,0
0.0518,0.00634233,0.0063539
0.0522,0,0
0.0526,0,0
0.053,0,0
0.0534,0,0
0.0538,0.00629987,0.00631128
0.0542,0,0
0.0546,0,0
0.055,0,0
0.0554,0,0
0.0558,0.00599997,0.00601031
0.0562,0.00294272,0.00420933
0.0566,0,0
0.057,0.00586991,0.00587981
0.0574,0.00615113,0.006162
0.0578,0,0
0.0582,0,0
0.0586,0,0
0.059,0.00665887,0.00667161
0.0594,0,0
0.0598,0,0
0.0602,0,0
0.0606,0,0
0.061,0,0
0.0614,0,0
0.0618,0,0
0.0622,0.00710186,0.00711633
0.0626,0,0
0.063,0,0
0.0634,0,0
0.0638,0,0
0.0642,0,0
0.0646,0,0
0.065,0,0
0.0654,0,0
0.0658,0,0
0.0662,0,0
0.0666,0.00571617,0.00604273
0.067,0,0
0.0674,0,0
0.0678,0.00639567,0.00640739
0.0682,0,0
0.0686,0.00595342,0.00596357
0.069,0,0
0.0694,0,0
0.0698,0,0
0.0702,0,0
0.0706,0,0
0.071,0,0
0.0714,0,0
0.0718,0,0
0.0722,0,0
0.0726,0,0
0.073,0,0
0.0734,0,0
0.0738,0,0
0.0742,0,0
0.0746,0.00681645,0.00682973
0.075,0.00620999,0.00622102
0.0754,0,0
0.0758,0.00638089,0.00639253
0.0762,0,0
0.0766,0,0
0.077,0.00619985,0.00621084
0.0774,0,0
0.0778,0,0
0.0782,0,0
0.0786,0,0
0.079,0,0
0.0794,0,0
0.0798,0,0
0.0802,0,0
0.0806,0,0
0.081,0,0
0.0814,0,0
0.0818,0.00578533,0.00579488
0.0822,0,0
0.0826,0,0
0.083,0,0
0.0834,0,0
0.0838,0.00598668,0.0059969
0.0842,0,0
0.0846,0,0
0.085,0,0
0.0854,0,0
0.0858,0,0
0.0862,0,0
0.0866,0,0
0.087,0,0
0.0874,0,0
0.0878,0,0
0.0882,0.00609043,0.00610099
0.0886,0,0
0.089,0,0
0.0894,0,0
0.0898,0,0
0.0902,0,0
0.0906,0,0
0.091,0,0
0.0914,0.0026242,0.00413002
0.0918,0,0
0.0922,0,0
0.0926,0,0
0.093,0,0
0.0934,0.00640994,0.00642161
0.0938,0.00163085,0.00319093
0.0942,0,0
0.0946,0.00675859,0.00677156
0.095,0.00588648,0.00623453
0.0954,0,0
0.0958,0,0
0.0962,0,0
0.0966,0.00643976,0.00645153
0.097,0,0
0.0974,0,0
0.0978,0,0
0.0982,0,0
0.0986,0,0
0.099,0,0
0.0994,0,0
0.0998,0,0
0.1002,0,0
0.1006,0,0
0.101,0,0
0.1014,0.0120193,0.00933845
0.1018,0,0
0.1022,0,0
0.1026,0,0
0.103,0.00728728,0.0073023
0.1034,0,0
0.1038,0,0
0.1042,0,0
0.1046,0,0
0.105,0,0
0.1054,0.00742328,0.00743884
0.1058,0,0
0.1062,0,0
0.1066,0,0
0.107,0,0
0.1074,0,0
0.1078,0,0
0.1082,0,0
0.1086,0,0
0.109,0,0
0.1094,0,0
0.1098,0,0
0.1102,0,0
0.1106,0,0
0.111,0,0
0.1114,0,0
0.1118,0.00924287,0.00926691
0.1122,0,0
0.1126,0,0
0.113,0.00833334,0.00835288
0.1134,0,0
0.1138,0.00908182,0.00910501
0.1142,0,0
0.1146,0,0
0.115,0,0
0.1154,0,0
0.1158,0,0
0.1162,0,0
0.1166,0,0
0.117,0.010599,0.0106306
0.1174,0.0106012,0.0106327
0.1178,0,0
0.1182,0,0
0.1186,0,0
0.119,0,0
0.1194,0,0
0.1198,0,0
6
-0.1198,0,0
-0.1194,0,0
-0.119,0,0
-0.1186,0.000645355,0.00194463
-0.1182,0,0
-0.1178,0,0
-0.1174,0,0
-0.117,0,0
-0.1166,0,0
-0.1162,0,0
-0.1158,0,0
-0.1154,0,0
-0.115,0,0
-0.1146,0,0
-0.1142,0.00576899,0.00578031
-0.1138,0,0
-0.1134,0,0
-0.113,0,0
-0.1126,0.00573823,0.00574941
-0.1122,0,0
-0.1118,0,0
-0.1114,0,0
-0.111,0,0
-0.1106,0,0
-0.1102,0,0
-0.1098,0.00537243,0.00538221
-0.1094,0,0
-0.109,0.000520591,0.00175655
-0.1086,0,0
-0.1082,0,0
-0.1078,0,0
-0.1074,0,0
-0.107,0,0
-0.1066,0,0
-0.1062,0,0
-0.1058,0,0
-0.1054,0,0
-0.105,0,0
-0.1046,0,0
-0.1042,0,0
-0.1038,0,0
-0.1034,0,0
-0.103,0,0
-0.1026,0.00569434,0.00570527
-0.1022,0,0
-0.1018,0,0
-0.1014,0.0122441,0.00867574
-0.101,0,0
-0.1006,0,0
-0.1002,0,0
-0.0998,0,0
-0.0994,0.00568079,0.00569164
-0.099,0,0
-0.0986,0,0
-0.0982,0,0
-0.0978,0,0
-0.0974,0,0
-0.097,0,0
-0.0966,0.00601968,0.00603182
-0.0962,0,0
-0.0958,0,0
-0.0954,0,0
-0.095,0,0
-0.0946,0,0
-0.0942,0,0
-0.0938,0,0
-0.0934,0,0
-0.093,0,0
-0.0926,0,0
-0.0922,0,0
-0.0918,0,0
-0.0914,0,0
-0.091,0,0
-0.0906,0,0
-0.0902,0,0
-0.0898,0,0
-0.0894,0,0
-0.089,0,0
-0.0886,0,0
-0.0882,0.00562694,0.0056375
-0.0878,0,0
-0.0874,0,0
-0.087,0,0
-0.0866,0,0
-0.0862,0,0
-0.0858,0,0
-0.0854,0,0
-0.085,0.0053692,0.00537884
-0.0846,0,0
-0.0842,0,0
-0.0838,0,0
-0.0834,0,0
-0.083,0.00564952,0.00566022
-0.0826,0,0
-0.0822,0,0
-0.0818,0,0
-0.0814,0,0
-0.081,0,0
-0.0806,0,0
-0.0802,0,0
-0.0798,0,0
-0.0794,0,0
-0.079,0,0
-0.0786,0,0
-0.0782,0,0
-0.0778,0,0
-0.0774,0,0
-0.077,0,0
-0.0766,0,0
-0.0762,0.00544496,0.00545497
-0.0758,0,0
-0.0754,0,0
-0.075,0,0
-0.0746,0,0
-0.0742,0.00589412,0.00590588
-0.0738,0,0
-0.0734,0,0
-0.073,0,0
-0.0726,0,0
-0.0722,0,0
-0.0718,0,0
-0.0714,0.00280894,0.00391602
-0.071,0,0
-0.0706,0,0
-0.0702,0.00573693,0.00574811
-0.0698,0,0
-0.0694,0,0
-0.069,0,0
-0.0686,0,0
-0.0682,0,0
-0.0678,0,0
-0.0674,0,0
-0.067,0,0
-0.0666,0,0
-0.0662,0,0
-0.0658,0,0
-0.0654,0,0
-0.065,0,0
-0.0646,0.0030497,0.00407844
-0.0642,0,0
-0.0638,0.00498285,0.00499133
-0.0634,0,0
-0.063,0,0
-0.0626,0,0
-0.0622,0.0102785,0.00728078
-0.0618,0.0141963,0.00870733
-0.0614,0,0
-0.061,0,0
-0.0606,0,0
-0.0602,0,0
-0.0598,0,0
-0.0594,0,0
-0.059,0,0
-0.0586,0.00536382,0.00537369
-0.0582,0,0
-0.0578,0,0
-0.0574,0,0
-0.057,0,0
-0.0566,0,0
-0.0562,0.011007,0.00779795
-0.0558,0,0
-0.0554,0,0
-0.055,0,0
-0.0546,0,0
-0.0542,0,0
-0.0538,0,0
-0.0534,0,0
-0.053,0,0
-0.0526,0,0
-0.0522,0,0
-0.0518,0,0
-0.0514,0,0
-0.051,0,0
-0.0506,0,0
-0.0502,0.0054758,0.00548615
-0.0498,0.0056393,0.00565028
-0.0494,0,0
-0.049,0,0
-0.0486,0,0
-0.0482,0,0
-0.0478,0,0
-0.0474,0,0
-0.047,0.0054329,0.00544311
-0.0466,0.0049337,0.00494213
-0.0462,0,0
-0.0458,0,0
-0.0454,0,0
-0.045,0,0
-0.0446,0,0
-0.0442,0,0
-0.0438,0,0
-0.0434,0,0
-0.043,0.00537974,0.00538978
-0.0426,0,0
-0.0422,0.00545287,0.00546319
-0.0418,0,0
-0.0414,0,0
-0.041,0,0
-0.0406,0.00536546,0.00537547
-0.0402,0.0110223,0.00783787
-0.0398,0,0
-0.0394,0,0
-0.039,0.00541303,0.00542322
-0.0386,0,0
-0.0382,0,0
-0.0378,0,0
-0.0374,0,0
-0.037,0,0
-0.0366,0.00500795,0.00501669
-0.0362,0,0
-0.0358,0,0
-0.0354,0,0
-0.035,0.00541745,0.00542768
-0.0346,0,0
-0.0342,0,0
-0.0338,0,0
-0.0334,0,0
-0.033,0,0
-0.0326,0.00523225,0.0052418
-0.0322,0,0
-0.0318,0,0
-0.0314,0,0
-0.031,0,0
-0.0306,0,0
-0.0302,0,0
-0.0298,0.00600398,0.00601659
-0.0294,0,0
-0.029,0,0
-0.0286,0.00521599,0.00522551
-0.0282,0,0
-0.0278,0,0
-0.0274,0.00553649,0.00554722
-0.027,0.0101104,0.0076582
-0.0266,0,0
-0.0262,0,0
-0.0258,0,0
-0.0254,0.00555137,0.00569101
-0.025,0,0
-0.0246,0,0
-0.0242,0,0
-0.0238,0,0
-0.0234,0,0
-0.023,0,0
-0.0226,0,0
-0.0222,0.00524224,0.00525189
-0.0218,0,0
-0.0214,0,0
-0.021,0,0
-0.0206,0,0
-0.0202,0,0
-0.0198,0,0
-0.0194,0,0
-0.019,0,0
-0.0186,0,0
-0.0182,0.00522304,0.00523263
-0.0178,0,0
-0.0174,0,0
-0.017,0.00499735,0.00500613
-0.0166,0,0
-0.0162,0.00492709,0.00493563
-0.0158,0,0
-0.0154,0,0
-0.015,0.00526545,0.00527521
-0.0146,0,0
-0.0142,0,0
-0.0138,0.00529871,0.0053086
-0.0134,0,0
-0.013,0,0
-0.0126,0,0
-0.0122,0,0
-0.0118,0.00527307,0.00528287
-0.0114,0,0
-0.011,0,0
-0.0106,0.00506085,0.00506987
-0.0102,0,0
-0.0098,0.00560886,0.00561995
-0.0094,0,0
-0.009,0.00543796,0.00544839
-0.0086,0.00529422,0.0053041
-0.0082,0,0
-0.0078,0,0
-0.0074,0.0148124,0.00857876
-0.007,0.00475385,0.00476182
-0.0066,0.00514156,0.00515089
-0.0062,0,0
-0.0058,0.00571148,0.00572299
-0.0054,0,0
-0.005,0.0220457,0.0110444
-0.0046,0.0107236,0.00759998
-0.0042,0.00501206,0.00502093
-0.0038,0.0143024,0.00827146
-0.0034,0.015297,0.0088484
-0.003,0.0323231,0.0132262
-0.0026,0.0380424,0.0144237
-0.0022,0.0598571,0.017415
-0.0018,0.12944,0.0271432
-0.0014,0.163769,0.0277502
-0.001,0.257326,0.0358005
-0.0006,0.277216,0.0385438
-0.0002,0.345853,0.0447843
0.0002,0.330839,0.041806
0.0006,0.32959,0.0409825
0.001,0.248901,0.0363129
0.0014,0.290306,0.039937
0.0018,0.127526,0.0260876
0.0022,0.0950574,0.0218533
0.0026,0.0765367,0.0198172
0.003,0.0411483,0.0145781
0.0034,0.00505825,0.00506729
0.0038,0.0162741,0.00941391
0.0042,0.0104796,0.00742394
0.0046,0.00533006,0.0053401
0.005,0,0
0.0054,0.00532623,0.00533625
0.0058,0.00575745,0.00576915
0.0062,0.0052458,0.00525552
0.0066,0.010107,0.00716475
0.007,0.00996621,0.00706172
0.0074,0,0
0.0078,0,0
0.0082,0.00551173,0.00552245
0.0086,0.00969508,0.0068672
0.009,0.00527041,0.00528021
0.0094,0,0
0.0098,0,0
0.0102,0.00491164,0.00492014
0.0106,0.00505881,0.00506783
0.011,0,0
0.0114,0,0
0.0118,0,0
0.0122,0,0
0.0126,0,0
0.013,0,0
0.0134,0,0
0.0138,0,0
0.0142,0,0
0.0146,0.00955341,0.00685963
0.015,0,0
0.0154,0,0
0.0158,0,0
0.0162,0,0
0.0166,0,0
0.017,0,0
0.0174,0,0
0.0178,0,0
0.0182,0,0
0.0186,0,0
0.019,0,0
0.0194,0,0
0.0198,0,0
0.0202,0,0
0.0206,0,0
0.021,0,0
0.0214,0.00484456,0.00485273
0.0218,0,0
0.0222,0.0104231,0.00739247
0.0226,0,0
0.023,0.0050911,0.0051001
0.0234,0,0
0.0238,0.004731,0.00492786
0.0242,0,0
0.0246,0,0
0.025,0,0
0.0254,0,0
0.0258,0,0
0.0262,0.00534028,0.00535012
0.0266,0,0
0.027,0.0044286,0.00499856
0.0274,0,0
0.0278,0,0
0.0282,0.00473211,0.00513763
0.0286,0,0
0.029,0,0
0.0294,0,0
0.0298,0,0
0.0302,0,0
0.0306,0,0
0.031,0.00552226,0.0055327
0.0314,0,0
0.0318,0,0
0.0322,0,0
0.0326,0.00538047,0.00539035
0.033,0,0
0.0334,0,0
0.0338,0.00375116,0.00441125
0.0342,0,0
0.0346,0,0
0.035,0,0
0.0354,0,0
0.0358,0,0
0.0362,0,0
0.0366,0,0
0.037,0,0
0.0374,0,0
0.0378,0,0
0.0382,0,0
0.0386,0.00519842,0.00520755
0.039,0,0
0.0394,0,0
0.0398,0,0
0.0402,0,0
0.0406,0,0
0.041,0.00513922,0.00514811
0.0414,0,0
0.0418,0,0
0.0422,0,0
0.0426,0,0
0.043,0,0
0.0434,0.004751,0.00475858
0.0438,0,0
0.0442,0,0
0.0446,0,0
0.045,0.00545581,0.00546577
0.0454,0,0
0.0458,0,0
0.0462,0,0
0.0466,0,0
0.047,0,0
0.0474,0,0
0.0478,0,0
0.0482,0,0
0.0486,0,0
0.049,0,0
0.0494,0,0
0.0498,0,0
0.0502,0,0
0.0506,0,0
0.051,0,0
0.0514,0,0
0.0518,0,0
0.0522,0,0
0.0526,0,0
0.053,0,0
0.0534,0,0
0.0538,0.0109793,0.00777762
0.0542,0,0
0.0546,0,0
0.055,0,0
0.0554,0,0
0.0558,0,0
0.0562,0.00267324,0.00375128
0.0566,0,0
0.057,0,0
0.0574,0.00538608,0.0053956
0.0578,0.00338157,0.00446534
0.0582,0.00546249,0.00547226
0.0586,0,0
0.059,0,0
0.0594,0.00584712,0.0058583
0.0598,0,0
0.0602,0,0
0.0606,0,0
0.061,0,0
0.0614,0,0
0.0618,0,0
0.0622,0,0
0.0626,0,0
0.063,0.00572739,0.00573806
0.0634,0,0
0.0638,0,0
0.0642,0,0
0.0646,0.00556331,0.00557335
0.065,0,0
0.0654,0,0
0.0658,0,0
0.0662,0,0
0.0666,0.000574702,0.00180367
0.067,0,0
0.0674,0,0
0.0678,0,0
0.0682,0,0
0.0686,0.00209221,0.00338701
0.069,0,0
0.0694,0,0
0.0698,0,0
0.0702,0,0
0.0706,0,0
0.071,0,0
0.0714,0,0
0.0718,0,0
0.0722,0,0
0.0726,0,0
0.073,0,0
0.0734,0,0
0.0738,0,0
0.0742,0,0
0.0746,0.0119687,0.00848092
0.075,0,0
0.0754,0,0
0.0758,0,0
0.0762,0,0
0.0766,0,0
0.077,0,0
0.0774,0,0
0.0778,0.00536695,0.00537611
0.0782,0.00591367,0.00592479
0.0786,0,0
0.079,0,0
0.0794,0,0
0.0798,0,0
0.0802,0,0
0.0806,0.0109672,0.00776845
0.081,0,0
0.0814,0,0
0.0818,0,0
0.0822,0,0
0.0826,0,0
0.083,0,0
0.0834,0.00540833,0.00541756
0.0838,0.00541136,0.0054206
0.0842,0.00583774,0.00584848
0.0846,0,0
0.085,0,0
0.0854,0.00551367,0.00552324
0.0858,0,0
0.0862,0,0
0.0866,0,0
0.087,0.00593873,0.0059498
0.0874,0.00563376,0.00564372
0.0878,0,0
0.0882,0,0
0.0886,0,0
0.089,0,0
0.0894,0,0
0.0898,0,0
0.0902,0,0
0.0906,0,0
0.091,0,0
0.0914,0.000741724,0.00209563
0.0918,0.00592189,0.00593282
0.0922,0,0
0.0926,0.00622645,0.00623852
0.093,0,0
0.0934,0,0
0.0938,0,0
0.0942,0,0
0.0946,0,0
0.095,0,0
0.0954,0,0
0.0958,0,0
0.0962,0,0
0.0966,0,0
0.097,0,0
0.0974,0,0
0.0978,0,0
0.0982,0,0
0.0986,0,0
0.099,0,0
0.0994,0,0
0.0998,0.00638268,0.00639524
0.1002,0,0
0.1006,0,0
0.101,0,0
0.1014,0,0
0.1018,0,0
0.1022,0,0
0.1026,0,0
0.103,0,0
0.1034,0,0
0.1038,0,0
0.1042,0,0
0.1046,0,0
0.105,0,0
0.1054,0,0
0.1058,0,0
0.1062,0,0
0.1066,0,0
0.107,0,0
0.1074,0.00704869,0.00706392
0.1078,0,0
0.1082,0,0
0.1086,0,0
0.109,0,0
0.1094,0,0
0.1098,0,0
0.1102,0,0
0.1106,0,0
0.111,0,0
0.1114,0,0
0.1118,0,0
0.1122,0,0
0.1126,0,0
0.113,0,0
0.1134,0,0
0.1138,0,0
0.1142,0,0
0.1146,0,0
0.115,0,0
0.1154,0,0
0.1158,0,0
0.1162,0,0
0.1166,0,0
0.117,0,0
0.1174,0,0
0.1178,0,0
0.1182,0,0
0.1186,0,0
0.119,0,0
0.1194,0,0
0.1198,0,0
7
-0.1198,0,0
-0.1194,0,0
-0.119,0.00558007,0.00559083
-0.1186,0,0
-0.1182,0,0
-0.1178,0.0112052,0.00795971
-0.1174,0,0
-0.117,0,0
-0.1166,0,0
-0.1162,0,0
-0.1158,0,0
-0.1154,0.00540652,0.00541666
-0.115,0,0
-0.1146,0,0
-0.1142,0,0
-0.1138,0,0
-0.1134,0,0
-0.113,0,0
-0.1126,0,0
-0.1122,0,0
-0.1118,0,0
-0.1114,0,0
-0.111,0,0
-0.1106,0,0
-0.1102,0,0
-0.1098,0,0
-0.1094,0.00547681,0.00548725
-0.109,0,0
-0.1086,0,0
-0.1082,0,0
-0.1078,0,0
-0.1074,0,0
-0.107,0,0
-0.1066,0,0
-0.1062,0,0
-0.1058,0.00511265,0.00512178
-0.1054,0,0
-0.105,0,0
-0.1046,0,0
-0.1042,0,0
-0.1038,0,0
-0.1034,0,0
-0.103,0,0
-0.1026,0,0
-0.1022,0,0
-0.1018,0.00509515,0.00510425
-0.1014,0,0
-0.101,0,0
-0.1006,0,0
-0.1002,0.00512611,0.00513534
-0.0998,0.00565606,0.0056673
-0.0994,0,0
-0.099,0,0
-0.0986,0,0
-0.0982,0.00576999,0.0057817
-0.0978,0,0
-0.0974,0,0
-0.097,0,0
-0.0966,0.00573049,0.00574205
-0.0962,0.00553242,0.0055432
-0.0958,0,0
-0.0954,0.00545225,0.00546273
-0.095,0,0
-0.0946,0,0
-0.0942,0,0
-0.0938,0,0
-0.0934,0,0
-0.093,0,0
-0.0926,0,0
-0.0922,0,0
-0.0918,0,0
-0.0914,0,0
-0.091,0,0
-0.0906,0,0
-0.0902,0,0
-0.0898,0,0
-0.0894,0,0
-0.089,0,0
-0.0886,0,0
-0.0882,0,0
-0.0878,0,0
-0.0874,0,0
-0.087,0.00583039,0.00584243
-0.0866,0,0
-0.0862,0.00549951,0.00551022
-0.0858,0,0
-0.0854,0,0
-0.085,0,0
-0.0846,0,0
-0.0842,0,0
-0.0838,0.0058447,0.00585679
-0.0834,0.00523684,0.00524655
-0.083,0,0
-0.0826,0,0
-0.0822,0.00525525,0.00526502
-0.0818,0.0112813,0.00799303
-0.0814,0,0
-0.081,0,0
-0.0806,0,0
-0.0802,0,0
-0.0798,0,0
-0.0794,0,0
-0.079,0,0
-0.0786,0,0
-0.0782,0,0
-0.0778,0,0
-0.0774,0,0
-0.077,0,0
-0.0766,0.0102144,0.00723632
-0.0762,0,0
-0.0758,0.0102061,0.00722983
-0.0754,0,0
-0.075,0,0
-0.0746,0.00566015,0.00567143
-0.0742,0,0
-0.0738,0,0
-0.0734,0,0
-0.073,0,0
-0.0726,0,0
-0.0722,0,0
-0.0718,0,0
-0.0714,0,0
-0.071,0,0
-0.0706,0.00552054,0.00553124
-0.0702,0.00555188,0.0055627
-0.0698,0,0
-0.0694,0,0
-0.069,0,0
-0.0686,0.0154515,0.00893704
-0.0682,0.00589037,0.00590252
-0.0678,0,0
-0.0674,0.0104376,0.00739402
-0.067,0.00507062,0.00507962
-0.0666,0,0
-0.0662,0,0
-0.0658,0,0
-0.0654,0,0
-0.065,0,0
-0.0646,0,0
-0.0642,0,0
-0.0638,0.00529885,0.00530864
-0.0634,0,0
-0.063,0,0
-0.0626,0,0
-0.0622,0.00504977,0.00505865
-0.0618,0,0
-0.0614,0.00465231,0.00499032
-0.061,0,0
-0.0606,0,0
-0.0602,0.00539987,0.00540999
-0.0598,0,0
-0.0594,0.00522653,0.00523601
-0.059,0,0
-0.0586,0,0
-0.0582,0,0
-0.0578,0,0
-0.0574,0,0
-0.057,0,0
-0.0566,0,0
-0.0562,0,0
-0.0558,0,0
-0.0554,0,0
-0.055,0,0
-0.0546,0,0
-0.0542,0,0
-0.0538,0,0
-0.0534,0,0
-0.053,0,0
-0.0526,0.00524354,0.005253
-0.0522,0,0
-0.0518,0,0
-0.0514,0,0
-0.051,0.00474162,0.00494896
-0.0506,0,0
-0.0502,0.0109442,0.00775326
-0.0498,0,0
-0.0494,0,0
-0.049,0,0
-0.0486,0,0
-0.0482,0,0
-0.0478,0,0
-0.0474,0,0
-0.047,0,0
-0.0466,0,0
-0.0462,0.00500044,0.00500897
-0.0458,0,0
-0.0454,0,0
-0.045,0,0
-0.0446,0,0
-0.0442,0,0
-0.0438,0,0
-0.0434,0,0
-0.043,0,0
-0.0426,0.00318188,0.00410649
-0.0422,0,0
-0.0418,0,0
-0.0414,0,0
-0.041,0.00616772,0.00618058
-0.0406,0.00552038,0.00553067
-0.0402,0,0
-0.0398,0,0
-0.0394,0.00529005,0.00529949
-0.039,0,0
-0.0386,0,0
-0.0382,0,0
-0.0378,0.00525282,0.0052621
-0.0374,0,0
-0.037,0,0
-0.0366,0.00541794,0.00542779
-0.0362,0,0
-0.0358,0.00652244,0.00653669
-0.0354,0.00258893,0.00378484
-0.035,0,0
-0.0346,0,0
-0.0342,0,0
-0.0338,0,0
-0.0334,0,0
-0.033,0,0
-0.0326,0.00330899,0.0043253
-0.0322,0.00573867,0.00574963
-0.0318,0,0
-0.0314,0.00556185,0.00557213
-0.031,0.00589237,0.00590391
-0.0306,0,0
-0.0302,0.00556253,0.0055728
-0.0298,0.00633571,0.00634901
-0.0294,0.00517764,0.00518652
-0.029,0.00596413,0.0059759
-0.0286,0.0056687,0.00567933
-0.0282,0.00565465,0.00566522
-0.0278,0.00565884,0.00566941
-0.0274,0.00506723,0.0050757
-0.027,0,0
-0.0266,0,0
-0.0262,0.0051253,0.00513395
-0.0258,0,0
-0.0254,0.00619714,0.00620976
-0.025,0.00607402,0.00608614
-0.0246,0,0
-0.0242,0.005821,0.00583211
-0.0238,0,0
-0.0234,0,0
-0.023,0.00582853,0.00583964
-0.0226,0,0
-0.0222,0,0
-0.0218,0,0
-0.0214,0,0
-0.021,0,0
-0.0206,0,0
-0.0202,0,0
-0.0198,0.00700987,0.00642674
-0.0194,0.0106908,0.00757271
-0.019,0,0
-0.0186,0.00558459,0.00559469
-0.0182,0.00567053,0.00568095
-0.0178,0,0
-0.0174,0.00320656,0.00420708
-0.017,0,0
-0.0166,0.00537187,0.00538119
-0.0162,0.0106594,0.00755033
-0.0158,0,0
-0.0154,0.0100733,0.00763011
-0.015,0,0
-0.0146,0,0
-0.0142,0,0
-0.0138,0.0116302,0.00823917
-0.0134,0,0
-0.013,0.011695,0.00828516
-0.0126,0.00580941,0.00582022
-0.0122,0,0
-0.0118,0,0
-0.0114,0.0114962,0.00814457
-0.011,0.00568353,0.00569385
-0.0106,0.0055931,0.00560308
-0.0102,0.00620438,0.00621665
-0.0098,0.00603068,0.00604227
-0.0094,0.00602517,0.00603673
-0.009,0,0
-0.0086,0.00578905,0.0057997
-0.0082,0,0
-0.0078,0.00548444,0.005494
-0.0074,0.00589912,0.00591016
-0.007,0.010583,0.00749589
-0.0066,0.0226782,0.0113613
-0.0062,0.00638584,0.00639875
-0.0058,0.00637186,0.0063847
-0.0054,0.024357,0.0122027
-0.005,0.0184751,0.0106874
-0.0046,0.0233203,0.0116817
-0.0042,0.011216,0.00794497
-0.0038,0.00533835,0.00534734
-0.0034,0.0228039,0.0114233
-0.003,0.0244633,0.0122553
-0.0026,0.0393557,0.0155408
-0.0022,0.0994719,0.0234994
-0.0018,0.171247,0.0331173
-0.0014,0.176653,0.0305543
-0.001,0.269924,0.039179
-0.0006,0.360964,0.0466904
-0.0002,0.54149,0.059598
0.0002,0.585068,0.0586032
0.0006,0.503129,0.0538296
0.001,0.446049,0.0516593
0.0014,0.381581,0.0486452
0.0018,0.301225,0.0427166
0.0022,0.147137,0.0289607
0.0026,0.0756932,0.0207901
0.003,0.0825001,0.0219537
0.0034,0.0254144,0.0127325
0.0038,0.0509804,0.0176321
0.0042,0.0345144,0.0141236
0.0046,0.0209749,0.0110417
0.005,0.0120033,0.00850348
0.0054,0.0241899,0.0121178
0.0058,0.0107557,0.00826912
0.0062,0.0299089,0.0134008
0.0066,0.0110488,0.00782611
0.007,0.0110532,0.00782925
0.0074,0.00579949,0.00580993
0.0078,0.0130222,0.00886437
0.0082,0.00627081,0.00628301
0.0086,0,0
0.009,0,0
0.0094,0,0
0.0098,0.00573487,0.00574507
0.0102,0,0
0.0106,0.00613437,0.00614602
0.011,0.0174326,0.010083
0.0114,0,0
0.0118,0,0
0.0122,0.00598196,0.00599303
0.0126,0,0
0.013,0,0
0.0134,0.00588023,0.00589092
0.0138,0.0124824,0.00884344
0.0142,0,0
0.0146,0.00028909,0.00130064
0.015,0.00677243,0.00678661
0.0154,0,0
0.0158,0,0
0.0162,0,0
0.0166,0.00555469,0.00556423
0.017,0.0119301,0.00845144
0.0174,0.00561763,0.00562739
0.0178,0.0057593,0.00576956
0.0182,0,0
0.0186,0,0
0.019,0.00123229,0.00267919
0.0194,0,0
0.0198,0.00583675,0.00584729
0.0202,0,0
0.0206,0.00544675,0.00545595
0.021,0.00604776,0.00605909
0.0214,0,0
0.0218,0.0057734,0.00578373
0.0222,0,0
0.0226,0,0
0.023,0,0
0.0234,0,0
0.0238,0.000428338,0.00156648
0.0242,0,0
0.0246,0.00570272,0.00571282
0.025,0.000244461,0.00117951
0.0254,0.0117318,0.00831079
0.0258,0,0
0.0262,0.00580536,0.00581585
0.0266,0,0
0.027,0.00131939,0.00287105
0.0274,0,0
0.0278,0,0
0.0282,0.000910324,0.0023677
0.0286,0,0
0.029,0,0
0.0294,0,0
0.0298,0,0
0.0302,0,0
0.0306,0,0
0.031,0,0
0.0314,0,0
0.0318,0,0
0.0322,0,0
0.0326,0,0
0.033,0,0
0.0334,0,0
0.0338,0.00717002,0.00636273
0.0342,0,0
0.0346,0,0
0.035,0.00574298,0.00575332
0.0354,0.00619081,0.00620283
0.0358,0,0
0.0362,0,0
0.0366,0,0
0.037,0,0
0.0374,0,0
0.0378,0.0060359,0.00604735
0.0382,0.00639636,0.00640922
0.0386,0,0
0.039,0,0
0.0394,0,0
0.0398,0,0
0.0402,0,0
0.0406,0,0
0.041,0,0
0.0414,0,0
0.0418,0,0
0.0422,0.00586388,0.00587473
0.0426,0.00620158,0.00621373
0.043,0,0
0.0434,0.00504146,0.0050495
0.0438,0,0
0.0442,0,0
0.0446,0,0
0.045,0.00576445,0.00577497
0.0454,0.00590796,0.00591902
0.0458,0.0115892,0.00821137
0.0462,0,0
0.0466,0,0
0.047,0,0
0.0474,0,0
0.0478,0,0
0.0482,0,0
0.0486,0,0
0.049,0,0
0.0494,0,0
0.0498,0,0
0.0502,0,0
0.0506,0,0
0.051,0,0
0.0514,0,0
0.0518,0,0
0.0522,0,0
0.0526,0,0
0.053,0,0
0.0534,0.00554656,0.0055564
0.0538,0,0
0.0542,0,0
0.0546,0,0
0.055,0,0
0.0554,0,0
0.0558,0,0
0.0562,0,0
0.0566,0,0
0.057,0,0
0.0574,0,0
0.0578,0.00254115,0.00390868
0.0582,0,0
0.0586,0,0
0.059,0,0
0.0594,0,0
0.0598,0,0
0.0602,0,0
0.0606,0,0
0.061,0.0063116,0.00632446
0.0614,0,0
0.0618,0,0
0.0622,0,0
0.0626,0,0
0.063,0.00559911,0.00560926
0.0634,0,0
0.0638,0,0
0.0642,0,0
0.0646,0.00556304,0.00557308
0.065,0,0
0.0654,0,0
0.0658,0,0
0.0662,0,0
0.0666,0.0114683,0.00812444
0.067,0,0
0.0674,0.0107695,0.00762859
0.0678,0,0
0.0682,0,0
0.0686,0.00333251,0.00424975
0.069,0.00522416,0.00523307
0.0694,0,0
0.0698,0,0
0.0702,0,0
0.0706,0,0
0.071,0,0
0.0714,0,0
0.0718,0,0
0.0722,0,0
0.0726,0,0
0.073,0,0
0.0734,0,0
0.0738,0,0
0.0742,0,0
0.0746,0,0
0.075,0,0
0.0754,0,0
0.0758,0,0
0.0762,0,0
0.0766,0.00567275,0.00568333
0.077,0,0
0.0774,0,0
0.0778,0,0
0.0782,0,0
0.0786,0,0
0.079,0,0
0.0794,0,0
0.0798,0,0
0.0802,0,0
0.0806,0,0
0.081,0,0
0.0814,0,0
0.0818,0,0
0.0822,0,0
0.0826,0,0
0.083,0,0
0.0834,0,0
0.0838,0,0
0.0842,0.00553255,0.00554268
0.0846,0,0
0.085,0,0
0.0854,0,0
0.0858,0.00458144,0.00502989
0.0862,0,0
0.0866,0,0
0.087,0.0055143,0.00552437
0.0874,0,0
0.0878,0,0
0.0882,0,0
0.0886,0,0
0.089,0,0
0.0894,0,0
0.0898,0,0
0.0902,0.00553884,0.00554902
0.0906,0,0
0.091,0,0
0.0914,0.00485051,0.00519714
0.0918,0,0
0.0922,0.00556486,0.00557514
0.0926,0,0
0.093,0,0
0.0934,0,0
0.0938,0,0
0.0942,0.00577081,0.00578187
0.0946,0,0
0.095,0,0
0.0954,0,0
0.0958,0,0
0.0962,0.00578376,0.00579488
0.0966,0.00550369,0.00551375
0.097,0.00352993,0.00441886
0.0974,0.00566968,0.00568036
0.0978,0.00541229,0.00542202
0.0982,0,0
0.0986,0.00590358,0.00591516
0.099,0.00578307,0.00579418
0.0994,0,0
0.0998,0,0
0.1002,0,0
0.1006,0,0
0.101,0,0
0.1014,0,0
0.1018,0.00637528,0.00638878
0.1022,0,0
0.1026,0,0
0.103,0,0
0.1034,0,0
0.1038,0,0
0.1042,0,0
0.1046,0,0
0.105,0,0
0.1054,0,0
0.1058,0,0
0.1062,0,0
0.1066,0,0
0.107,0,0
0.1074,0,0
0.1078,0,0
0.1082,0.00721045,0.00722767
0.1086,0,0
0.109,0.00745317,0.00747156
0.1094,0,0
0.1098,0,0
0.1102,0,0
0.1106,0.00752382,0.00754252
0.111,0.00851649,0.00854045
0.1114,0,0
0.1118,0.00788379,0.0079043
0.1122,0,0
0.1126,0,0
0.113,0,0
0.1134,0,0
0.1138,0,0
0.1142,0,0
0.1146,0.0090313,0.00905809
0.115,0,0
0.1154,0,0
0.1158,0,0
0.1162,0,0
0.1166,0,0
0.117,0,0
0.1174,0,0
0.1178,0,0
0.1182,0,0
0.1186,0,0
0.119,0,0
0.1194,0,0
0.1198,0,0
8
-0.1198,0,0
-0.1194,0,0
-0.119,0,0
-0.1186,0.00417864,0.00418697
-0.1182,0,0
-0.1178,0,0
-0.1174,0,0
-0.117,0,0
-0.1166,0,0
-0.1162,0.00379894,0.0038058
-0.1158,0,0
-0.1154,0,0
-0.115,0.00394133,0.00394871
-0.1146,0,0
-0.1142,0,0
-0.1138,0,0
-0.1134,0,0
-0.113,0.00409348,0.00410142
-0.1126,0.00411412,0.00412214
-0.1122,0,0
-0.1118,0,0
-0.1114,0,0
-0.111,0,0
-0.1106,0.0038773,0.0038844
-0.1102,0,0
-0.1098,0,0
-0.1094,0,0
-0.109,0,0
-0.1086,0.00799508,0.00566404
-0.1082,0,0
-0.1078,0,0
-0.1074,0,0
-0.107,0,0
-0.1066,0,0
-0.1062,0.00418215,0.00419036
-0.1058,0,0
-0.1054,0,0
-0.105,0,0
-0.1046,0.0040206,0.00402817
-0.1042,0,0
-0.1038,0,0
-0.1034,0,0
-0.103,0,0
-0.1026,0,0
-0.1022,0,0
-0.1018,0.00274596,0.00324611
-0.1014,0.00441626,0.00442536
-0.101,0,0
-0.1006,0,0
-0.1002,0,0
-0.0998,0,0
-0.0994,0,0
-0.099,0.00399416,0.00400158
-0.0986,0,0
-0.0982,0,0
-0.0978,0,0
-0.0974,0.00386278,0.0038697
-0.097,0,0
-0.0966,0.00435569,0.00436447
-0.0962,0,0
-0.0958,0,0
-0.0954,0,0
-0.095,0,0
-0.0946,0,0
-0.0942,0.00788194,0.00558352
-0.0938,0,0
-0.0934,0.00101267,0.00205408
-0.093,0,0
-0.0926,0,0
-0.0922,0,0
-0.0918,0,0
-0.0914,0,0
-0.091,0,0
-0.0906,0,0
-0.0902,0,0
-0.0898,0,0
-0.0894,0,0
-0.089,0,0
-0.0886,0,0
-0.0882,0.00409467,0.00410235
-0.0878,0,0
-0.0874,0,0
-0.087,0,0
-0.0866,0,0
-0.0862,0.00835636,0.00592014
-0.0858,0,0
-0.0854,0,0
-0.085,0.0039351,0.00394217
-0.0846,0.0037466,0.003753
-0.0842,0.00428236,0.00429072
-0.0838,0,0
-0.0834,0,0
-0.083,0.00831893,0.00589352
-0.0826,0,0
-0.0822,0,0
-0.0818,0,0
-0.0814,0,0
-0.081,0,0
-0.0806,0,0
-0.0802,0,0
-0.0798,0,0
-0.0794,0,0
-0.079,0,0
-0.0786,0,0
-0.0782,0,0
-0.0778,0.0116691,0.00674906
-0.0774,0,0
-0.077,0.00399776,0.00400499
-0.0766,0,0
-0.0762,0.00393176,0.00393875
-0.0758,0,0
-0.0754,0.00389026,0.0038971
-0.075,0.00778271,0.00551288
-0.0746,0,0
-0.0742,0.00101412,0.00212091
-0.0738,0,0
-0.0734,0.00863173,0.00611544
-0.073,0,0
-0.0726,0.000388666,0.00126965
-0.0722,0,0
-0.0718,0.00437319,0.0043818
-0.0714,0,0
-0.071,0,0
-0.0706,0.00430464,0.00431298
-0.0702,0.00432858,0.00433701
-0.0698,0,0
-0.0694,0.00447513,0.00448414
-0.069,0,0
-0.0686,0.0040607,0.00406811
-0.0682,0,0
-0.0678,0.00394524,0.00395224
-0.0674,0.00406434,0.00407176
-0.067,0,0
-0.0666,0,0
-0.0662,0.00404946,0.00405682
-0.0658,0,0
-0.0654,0,0
-0.065,0.00420766,0.0042156
-0.0646,0,0
-0.0642,0.00398609,0.00399321
-0.0638,0,0
-0.0634,0,0
-0.063,0.00390345,0.00391028
-0.0626,0,0
-0.0622,0.00392013,0.00392702
-0.0618,0,0
-0.0614,0.000528157,0.00148099
-0.061,0,0
-0.0606,0,0
-0.0602,0,0
-0.0598,0,0
-0.0594,0,0
-0.059,0,0
-0.0586,0,0
-0.0582,0.00379499,0.00380144
-0.0578,0,0
-0.0574,0,0
-0.057,0,0
-0.0566,0.00431269,0.00432101
-0.0562,0,0
-0.0558,0,0
-0.0554,0,0
-0.055,0,0
-0.0546,0.00810937,0.00574539
-0.0542,0,0
-0.0538,0,0
-0.0534,0.00844353,0.00598177
-0.053,0,0
-0.0526,0,0
-0.0522,0,0
-0.0518,0.00383689,0.00384347
-0.0514,0.00413987,0.00414754
-0.051,0.00464358,0.00448064
-0.0506,0,0
-0.0502,0,0
-0.0498,0,0
-0.0494,0,0
-0.049,0,0
-0.0486,0,0
-0.0482,0,0
-0.0478,0,0
-0.0474,0,0
-0.047,0,0
-0.0466,0.00354002,0.0036814
-0.0462,0,0
-0.0458,0.00407967,0.00408712
-0.0454,0,0
-0.045,0,0
-0.0446,0,0
-0.0442,0.00409108,0.00409856
-0.0438,0,0
-0.0434,0.00430707,0.00431536
-0.043,0,0
-0.0426,0.00159043,0.0025272
-0.0422,0.00423344,0.00424145
-0.0418,0,0
-0.0414,0.00385219,0.00385883
-0.041,0.000661119,0.00168122
-0.0406,0,0
-0.0402,0.00417138,0.00417916
-0.0398,0,0
-0.0394,0.00399028,0.00399739
-0.039,0,0
-0.0386,0,0
-0.0382,0,0
-0.0378,0.00415353,0.00416124
-0.0374,0,0
-0.037,0.00423453,0.00424254
-0.0366,0,0
-0.0362,0.00489397,0.00490466
-0.0358,0,0
-0.0354,0.00219272,0.0030164
-0.035,0,0
-0.0346,0,0
-0.0342,0,0
-0.0338,0,0
-0.0334,0.00413499,0.00414262
-0.033,0,0
-0.0326,0.00173504,0.00270643
-0.0322,0.0127716,0.00738797
-0.0318,0,0
-0.0314,0.00414546,0.00415312
-0.031,0.0040827,0.00409013
-0.0306,0,0
-0.0302,0,0
-0.0298,0,0
-0.0294,0,0
-0.029,0.00442794,0.00443668
-0.0286,0.00420565,0.00421353
-0.0282,0.00428795,0.00429615
-0.0278,0,0
-0.0274,0,0
-0.027,0,0
-0.0266,0,0
-0.0262,0,0
-0.0258,0.0045728,0.00458211
-0.0254,0,0
-0.025,0.00852043,0.00603629
-0.0246,0.00400582,0.00401296
-0.0242,0,0
-0.0238,0.00428742,0.0042956
-0.0234,0.00431332,0.0043216
-0.023,0,0
-0.0226,0,0
-0.0222,0,0
-0.0218,0,0
-0.0214,0.00422231,0.00423024
-0.021,0,0
-0.0206,0.00555431,0.00481858
-0.0202,0.0124331,0.00719156
-0.0198,0.00764845,0.00570427
-0.0194,0,0
-0.019,0,0
-0.0186,0.00407226,0.00407963
-0.0182,0.00826395,0.00585423
-0.0178,0.00432834,0.00433666
-0.0174,0.00166884,0.00258889
-0.017,0.00395686,0.00396381
-0.0166,0,0
-0.0162,0,0
-0.0158,0.00404026,0.00404751
-0.0154,0.00104609,0.00209355
-0.015,0.00829948,0.00587954
-0.0146,0.00412504,0.00413259
-0.0142,0.00133403,0.00233591
-0.0138,0.00841086,0.00595848
-0.0134,0,0
-0.013,0.00422417,0.00423208
-0.0126,0,0
-0.0122,0.00415977,0.00416744
-0.0118,0,0
-0.0114,0,0
-0.011,0,0
-0.0106,0.0123137,0.00712286
-0.0102,0.0125649,0.00726784
-0.0098,0.00446892,0.00447775
-0.0094,0.00868406,0.00615236
-0.009,0.00433643,0.00434475
-0.0086,0,0
-0.0082,0.00767592,0.00543881
-0.0078,0,0
-0.0074,0.00379783,0.0038042
-0.007,0,0
-0.0066,0.00411055,0.00411801
-0.0062,0.0091631,0.0064924
-0.0058,0.0106465,0.0068775
-0.0054,0.00882649,0.00625343
-0.005,0,0
-0.0046,0.00835348,0.00591768
-0.0042,0.0120485,0.00696856
-0.0038,0.0197639,0.00871841
-0.0034,0.0235564,0.00989649
-0.003,0.0424611,0.013462
-0.0026,0.0792626,0.0184591
-0.0022,0.120758,0.0218798
-0.0018,0.25697,0.0335492
-0.0014,0.307407,0.0341371
-0.001,0.385707,0.0393528
-0.0006,0.550793,0.0486604
-0.0002,0.676906,0.056456
0.0002,0.637698,0.0517996
0.0006,0.520185,0.0461644
0.001,0.501126,0.0462157
0.0014,0.377132,0.0407829
0.0018,0.292975,0.0354441
0.0022,0.206145,0.0288563
0.0026,0.145859,0.0244728
0.003,0.119403,0.0222885
0.0034,0.0455735,0.0143541
0.0038,0.0461966,0.0142133
0.0042,0.0247917,0.0101444
0.0046,0.0129417,0.00728529
0.005,0.0128539,0.00743519
0.0054,0.0343149,0.0121551
0.0058,0.0279959,0.0111868
0.0062,0.0127634,0.00738279
0.0066,0.0162977,0.00816941
0.007,0.0164659,0.00824781
0.0074,0.0242003,0.00999395
0.0078,0.00832045,0.00584625
0.0082,0.0128853,0.00745562
0.0086,0.00390978,0.00391647
0.009,0,0
0.0094,0,0
0.0098,0.00406344,0.00407065
0.0102,0.00434491,0.00435316
0.0106,0,0
0.011,0.00408118,0.00408846
0.0114,0.00426677,0.00427473
0.0118,0,0
0.0122,0.0080708,0.00571698
0.0126,0.0126566,0.00732077
0.013,0.02492,0.0101927
0.0134,0,0
0.0138,0,0
0.0142,0,0
0.0146,0.00377054,0.00377674
0.015,0.00480028,0.00481033
0.0154,0,0
0.0158,0.00887936,0.00629081
0.0162,0,0
0.0166,0,0
0.017,0,0
0.0174,0.00398769,0.00399461
0.0178,0,0
0.0182,0.00352699,0.00382016
0.0186,0.00799806,0.00566823
0.019,0.00325091,0.0036695
0.0194,0,0
0.0198,0,0
0.0202,0,0
0.0206,0,0
0.021,0,0
0.0214,0.00431145,0.00431953
0.0218,0.00411885,0.00412622
0.0222,0.00437119,0.00437949
0.0226,0,0
0.023,0.00406771,0.00407489
0.0234,0,0
0.0238,0.00816528,0.00578397
0.0242,0,0
0.0246,0.00619154,0.00503666
0.025,0.00388688,0.00398047
0.0254,0,0
0.0258,0.00420817,0.00421585
0.0262,0,0
0.0266,0.00441293,0.00442137
0.027,0.00446898,0.00447763
0.0274,0.00409245,0.00409971
0.0278,0.00416325,0.00417076
0.0282,0,0
0.0286,0,0
0.029,0,0
0.0294,0.00411677,0.0041241
0.0298,0.00411758,0.00412492
0.0302,0,0
0.0306,0,0
0.031,0.00763966,0.00578938
0.0314,0.0084804,0.00601964
0.0318,0,0
0.0322,0,0
0.0326,0,0
0.033,0.00443569,0.00444419
0.0334,0,0
0.0338,0,0
0.0342,0,0
0.0346,0.00416894,0.00417644
0.035,0.00416967,0.00417718
0.0354,0,0
0.0358,0,0
0.0362,0.00846358,0.00599648
0.0366,0,0
0.037,0,0
0.0374,0,0
0.0378,0,0
0.0382,0.00466567,0.00467504
0.0386,0,0
0.039,0,0
0.0394,0,0
0.0398,0,0
0.0402,0,0
0.0406,0.00414288,0.00415027
0.041,0,0
0.0414,0.00426676,0.00427459
0.0418,0,0
0.0422,0,0
0.0426,0,0
0.043,0,0
0.0434,0,0
0.0438,0.00415167,0.00415907
0.0442,0,0
0.0446,0,0
0.045,0,0
0.0454,0,0
0.0458,0,0
0.0462,0,0
0.0466,0.0043237,0.00433172
0.047,0.00431903,0.00432704
0.0474,0,0
0.0478,0,0
0.0482,0,0
0.0486,0,0
0.049,0,0
0.0494,0,0
0.0498,0.00407384,0.00408095
0.0502,0.00108875,0.00218816
0.0506,0,0
0.051,0,0
0.0514,0,0
0.0518,0.00415212,0.0041595
0.0522,0.00430546,0.00431338
0.0526,0.00434435,0.00435241
0.053,0,0
0.0534,0.00396238,0.00396909
0.0538,0.00848699,0.00601208
0.0542,0,0
0.0546,0,0
0.055,0,0
0.0554,0,0
0.0558,0.00434835,0.00435641
0.0562,0,0
0.0566,0.00427229,0.00428006
0.057,0,0
0.0574,0,0
0.0578,0,0
0.0582,0,0
0.0586,0,0
0.059,0,0
0.0594,0.00447281,0.00448129
0.0598,0,0
0.0602,0,0
0.0606,0,0
0.061,0.00405887,0.00406584
0.0614,0,0
0.0618,0,0
0.0622,0,0
0.0626,0,0
0.063,0,0
0.0634,0,0
0.0638,0,0
0.0642,0,0
0.0646,0.00428467,0.0042924
0.065,0,0
0.0654,0.00887462,0.00628703
0.0658,0,0
0.0662,0,0
0.0666,0,0
0.067,0,0
0.0674,0,0
0.0678,0.0043711,0.00437911
0.0682,0,0
0.0686,0,0
0.069,0,0
0.0694,0,0
0.0698,0,0
0.0702,0,0
0.0706,0.00194673,0.00295452
0.071,0,0
0.0714,0,0
0.0718,0,0
0.0722,0,0
0.0726,0,0
0.073,0.00443286,0.00444103
0.0734,0.00200148,0.00285601
0.0738,0.0040638,0.00407066
0.0742,0,0
0.0746,0.0046939,0.00470305
0.075,0.00624483,0.00528333
0.0754,0,0
0.0758,0.00391394,0.00415701
0.0762,0,0
0.0766,0.00856929,0.00622592
0.077,0,0
0.0774,0,0
0.0778,0,0
0.0782,0,0
0.0786,0.00431,0.00431768
0.079,0,0
0.0794,0,0
0.0798,0,0
0.0802,0,0
0.0806,0.00421477,0.00422209
0.081,0,0
0.0814,0,0
0.0818,0,0
0.0822,0,0
0.0826,0.00427725,0.00428477
0.083,0,0
0.0834,0.00856663,0.00606819
0.0838,0,0
0.0842,0,0
0.0846,0,0
0.085,0.00431745,0.00432509
0.0854,0,0
0.0858,0.00074385,0.00182169
0.0862,0,0
0.0866,0,0
0.087,0,0
0.0874,0,0
0.0878,0,0
0.0882,0,0
0.0886,0,0
0.089,0.00454141,0.00454983
0.0894,0,0
0.0898,0,0
0.0902,0.00428211,0.00428959
0.0906,0.00442636,0.00443434
0.091,0,0
0.0914,0,0
0.0918,0,0
0.0922,0,0
0.0926,0,0
0.093,0.00477169,0.00478094
0.0934,0.00448045,0.00448861
0.0938,0,0
0.0942,0,0
0.0946,0.00472752,0.00473659
0.095,0,0
0.0954,0,0
0.0958,0.00491208,0.00492186
0.0962,0,0
0.0966,0.00902218,0.00639131
0.097,0.00162569,0.00271623
0.0974,0.00452288,0.00453116
0.0978,0,0
0.0982,0,0
0.0986,0,0
0.099,0,0
0.0994,0.00302739,0.00368094
0.0998,0.0055452,0.00555763
0.1002,0,0
0.1006,0,0
0.101,0.00491463,0.00492438
0.1014,0,0
0.1018,0,0
0.1022,0,0
0.1026,0,0
0.103,0.00527743,0.00528866
0.1034,0,0
0.1038,0,0
0.1042,0,0
0.1046,0,0
0.105,0,0
0.1054,0,0
0.1058,0,0
0.1062,0.00537878,0.00539044
0.1066,0,0
0.107,0,0
0.1074,0,0
0.1078,0,0
0.1082,0,0
0.1086,0,0
0.109,0.00612388,0.00613898
0.1094,0,0
0.1098,0.00622056,0.00623614
0.1102,0,0
0.1106,0.00578666,0.00580014
0.111,0,0
0.1114,0,0
0.1118,0,0
0.1122,0,0
0.1126,0,0
0.113,0,0
0.1134,0,0
0.1138,0,0
0.1142,0,0
0.1146,0,0
0.115,0,0
0.1154,0,0
0.1158,0.00835152,0.0083796
0.1162,0,0
0.1166,0,0
0.117,0,0
0.1174,0,0
0.1178,0,0
0.1182,0,0
0.1186,0,0
0.119,0,0
0.1194,0,0
0.1198,0,0
9
-0.1198,0,0
-0.1194,0,0
-0.119,0,0
-0.1186,0,0
-0.1182,0,0
-0.1178,0.00365721,0.00366378
-0.1174,0,0
-0.117,0,0
-0.1166,0.00783273,0.00556207
-0.1162,0,0
-0.1158,0,0
-0.1154,0,0
-0.115,0.00379269,0.00379978
-0.1146,0,0
-0.1142,0.00411594,0.00412431
-0.1138,0,0
-0.1134,0,0
-0.113,0,0
-0.1126,0,0
-0.1122,0,0
-0.1118,0,0
-0.1114,0,0
-0.111,0,0
-0.1106,0,0
-0.1102,0,0
-0.1098,0,0
-0.1094,0,0
-0.109,0,0
-0.1086,0,0
-0.1082,0,0
-0.1078,0,0
-0.1074,0.00365202,0.00365869
-0.107,0,0
-0.1066,0,0
-0.1062,0,0
-0.1058,0,0
-0.1054,0.00376744,0.00377455
-0.105,0,0
-0.1046,0,0
-0.1042,0,0
-0.1038,0.00365712,0.00366384
-0.1034,0,0
-0.103,0,0
-0.1026,0,0
-0.1022,0,0
-0.1018,0.000998435,0.00188399
-0.1014,0,0
-0.101,0,0
-0.1006,0.00378025,0.00378747
-0.1002,0,0
-0.0998,0,0
-0.0994,0,0
-0.099,0,0
-0.0986,0,0
-0.0982,0,0
-0.0978,0,0
-0.0974,0,0
-0.097,0.00376928,0.00377649
-0.0966,0,0
-0.0962,0,0
-0.0958,0.00353292,0.00353926
-0.0954,0,0
-0.095,0.0039843,0.00399238
-0.0946,0,0
-0.0942,0,0
-0.0938,0.00360327,0.00360989
-0.0934,0.0028366,0.00326861
-0.093,0,0
-0.0926,0,0
-0.0922,0,0
-0.0918,0,0
-0.0914,0,0
-0.091,0,0
-0.0906,0.0036928,0.00369978
-0.0902,0,0
-0.0898,0,0
-0.0894,0.00371913,0.00372622
-0.089,0,0
-0.0886,0,0
-0.0882,0,0
-0.0878,0,0
-0.0874,0,0
-0.087,0,0
-0.0866,0,0
-0.0862,0,0
-0.0858,0,0
-0.0854,0,0
-0.085,0,0
-0.0846,0,0
-0.0842,0,0
-0.0838,0,0
-0.0834,0.00771418,0.00546561
-0.083,0,0
-0.0826,0,0
-0.0822,0,0
-0.0818,0,0
-0.0814,0,0
-0.081,0.00359738,0.00360407
-0.0806,0,0
-0.0802,0.00411971,0.0041285
-0.0798,0.00797951,0.00565403
-0.0794,0,0
-0.079,0,0
-0.0786,0,0
-0.0782,0,0
-0.0778,0,0
-0.0774,0.00369967,0.00370677
-0.077,0,0
-0.0766,0,0
-0.0762,0,0
-0.0758,0.00691645,0.00489947
-0.0754,0,0
-0.075,0.00337559,0.00338152
-0.0746,0.00765599,0.0054244
-0.0742,0.00294867,0.00336602
-0.0738,0.0110012,0.00636546
-0.0734,0.0112009,0.00647942
-0.073,0,0
-0.0726,0.00323409,0.00340416
-0.0722,0.00377446,0.0037819
-0.0718,0,0
-0.0714,0,0
-0.071,0,0
-0.0706,0,0
-0.0702,0.00372535,0.00373261
-0.0698,0,0
-0.0694,0,0
-0.069,0.00314619,0.00315137
-0.0686,0.00689184,0.00488206
-0.0682,0,0
-0.0678,0.00787327,0.00557873
-0.0674,0,0
-0.067,0.00338252,0.00338852
-0.0666,0,0
-0.0662,0.00338518,0.0033912
-0.0658,0,0
-0.0654,0,0
-0.065,0.00752784,0.00533351
-0.0646,0.00352953,0.00353608
-0.0642,0,0
-0.0638,0,0
-0.0634,0,0
-0.063,0,0
-0.0626,0,0
-0.0622,0,0
-0.0618,0.00333767,0.00334353
-0.0614,0,0
-0.061,0,0
-0.0606,0.00390633,0.00391437
-0.0602,0,0
-0.0598,0.0033124,0.00331818
-0.0594,0,0
-0.059,0,0
-0.0586,0,0
-0.0582,0,0
-0.0578,0,0
-0.0574,0,0
-0.057,0,0
-0.0566,0.00365381,0.00366087
-0.0562,0.0071167,0.00504173
-0.0558,0.00359562,0.00360245
-0.0554,0.00363235,0.00363933
-0.055,0,0
-0.0546,0,0
-0.0542,0,0
-0.0538,0,0
-0.0534,0.00656597,0.00465092
-0.053,0.00343379,0.00344004
-0.0526,0,0
-0.0522,0.00324046,0.00324602
-0.0518,0,0
-0.0514,0,0
-0.051,0.00333004,0.00333592
-0.0506,0.00356329,0.00357002
-0.0502,0.0035345,0.00354112
-0.0498,0.0073377,0.00519864
-0.0494,0.00748386,0.00530561
-0.049,0,0
-0.0486,0.00334151,0.00334744
-0.0482,0,0
-0.0478,0.00370883,0.00371613
-0.0474,0,0
-0.047,0,0
-0.0466,0.00369488,0.00357552
-0.0462,0,0
-0.0458,0.00342881,0.00343506
-0.0454,0,0
-0.045,0.00348756,0.00349403
-0.0446,0.00335471,0.00336071
-0.0442,0.00343241,0.00343869
-0.0438,0,0
-0.0434,0,0
-0.043,0.00699262,0.00495376
-0.0426,0.00335048,0.00335648
-0.0422,0.0069203,0.00490385
-0.0418,0,0
-0.0414,0,0
-0.041,0.0140226,0.00717134
-0.0406,0.00348409,0.00349058
-0.0402,0,0
-0.0398,0,0
-0.0394,0,0
-0.039,0.0103523,0.00598993
-0.0386,0,0
-0.0382,0,0
-0.0378,0.00658016,0.00466109
-0.0374,0,0
-0.037,0.00352068,0.00352734
-0.0366,0.00662861,0.00469648
-0.0362,0.00730946,0.00521141
-0.0358,0.0121876,0.0070519
-0.0354,0.00685945,0.00485932
-0.035,0.00701816,0.00497196
-0.0346,0.00313322,0.0031385
-0.0342,0.00358891,0.00359585
-0.0338,0,0
-0.0334,0,0
-0.033,0.00334612,0.00335216
-0.0326,0.00347629,0.00348281
-0.0322,0.00701194,0.00496778
-0.0318,0.00353581,0.00354256
-0.0314,0.0140824,0.00705752
-0.031,0.00336677,0.0033729
-0.0306,0.00340254,0.0034088
-0.0302,0,0
-0.0298,0.00316632,0.00317175
-0.0294,0,0
-0.029,0.00336754,0.00337368
-0.0286,0.00345663,0.00346311
-0.0282,0.0104883,0.00606728
-0.0278,0.00344234,0.00344877
-0.0274,0.013297,0.00667884
-0.027,0.00782592,0.00554552
-0.0266,0,0
-0.0262,0.00310207,0.0031073
-0.0258,0.00650253,0.00460612
-0.0254,0,0
-0.025,0.00366234,0.00366964
-0.0246,0.00654619,0.00463711
-0.0242,0,0
-0.0238,0,0
-0.0234,0.0105551,0.00610569
-0.023,0.00698388,0.00494777
-0.0226,0.00982649,0.00568349
-0.0222,0,0
-0.0218,0.00334835,0.00335448
-0.0214,0,0
-0.021,0.00325277,0.00325856
-0.0206,0.0121391,0.00635243
-0.0202,0,0
-0.0198,0.00350291,0.00350964
-0.0194,0.00632886,0.00448295
-0.019,0,0
-0.0186,0,0
-0.0182,0.00334346,0.0033496
-0.0178,0.00350009,0.00350682
-0.0174,0.00646824,0.00458187
-0.017,0,0
-0.0166,0.00642745,0.00455384
-0.0162,0.00626899,0.00444054
-0.0158,0.00651349,0.004614
-0.0154,0.00691076,0.00489595
-0.015,0.00331971,0.00332579
-0.0146,0.00327743,0.00328335
-0.0142,0.0129442,0.00677135
-0.0138,0,0
-0.0134,0.00335233,0.00335854
-0.013,0,0
-0.0126,0.00336126,0.00336751
-0.0122,0.00333096,0.0033371
-0.0118,0.00664559,0.00470801
-0.0114,0.00335272,0.00335895
-0.011,0,0
-0.0106,0.00321572,0.00322145
-0.0102,0,0
-0.0098,0.0141405,0.0070847
-0.0094,0.00345113,0.00345774
-0.009,0.0136153,0.00682117
-0.0086,0.00661521,0.00468627
-0.0082,0.0178018,0.00727959
-0.0078,0.0125041,0.00626296
-0.0074,0.0127369,0.00638934
-0.007,0.0215178,0.00814835
-0.0066,0.00975708,0.00564349
-0.0062,0.0361795,0.0114642
-0.0058,0.0198699,0.00842172
-0.0054,0.0137836,0.0069055
-0.005,0.0139244,0.00697574
-0.0046,0.0229138,0.00867732
-0.0042,0.0283099,0.00945445
-0.0038,0.0213359,0.00817816
-0.0034,0.0298767,0.00980855
-0.003,0.0404919,0.0117175
-0.0026,0.0465828,0.0124959
-0.0022,0.109357,0.0186246
-0.0018,0.16037,0.0238969
-0.0014,0.23879,0.0266155
-0.001,0.299848,0.0307483
-0.0006,0.454412,0.0391888
-0.0002,0.599251,0.0468815
0.0002,0.504321,0.040753
0.0006,0.435636,0.0372355
0.001,0.381443,0.0356296
0.0014,0.220314,0.0275269
0.0018,0.173839,0.0240633
0.0022,0.084243,0.0162987
0.0026,0.0735867,0.0154057
0.003,0.0483956,0.0125216
0.0034,0.0406919,0.011841
0.0038,0.0507077,0.0131188
0.0042,0.0223246,0.00845763
0.0046,0.000666748,0.00149372
0.005,0.023221,0.00879328
0.0054,0.0135348,0.00678491
0.0058,0.014093,0.00706507
0.0062,0.036259,0.0109531
0.0066,0.0224328,0.00849915
0.007,0.0277408,0.00926567
0.0074,0.00672329,0.00463119
0.0078,0.0120065,0.00617244
0.0082,0.0168117,0.0075352
0.0086,0.0127872,0.00640862
0.009,0.0156028,0.00699613
0.0094,0.00313105,0.00313662
0.0098,0.00938981,0.00543085
0.0102,0,0
0.0106,0.00627862,0.00444757
0.011,0.00631694,0.00447486
0.0114,0.009837,0.00568999
0.0118,0,0
0.0122,0.0125461,0.00628572
0.0126,0.00325177,0.00325778
0.013,0.00647111,0.0045842
0.0134,0.00319281,0.00319861
0.0138,0.0033875,0.00339404
0.0142,0,0
0.0146,0.00632363,0.00447954
0.015,0,0
0.0154,0.00334553,0.00335191
0.0158,0,0
0.0162,0.00298535,0.00299043
0.0166,0,0
0.017,0,0
0.0174,0.00322758,0.00323353
0.0178,0.00311627,0.00312182
0.0182,0.00987362,0.005578
0.0186,0.00314107,0.00314671
0.019,0.00942034,0.00544861
0.0194,0,0
0.0198,0,0
0.0202,0,0
0.0206,0,0
0.021,0.00327151,0.00327764
0.0214,0.00294178,0.00294674
0.0218,0.00312301,0.0031286
0.0222,0.0033126,0.00331889
0.0226,0,0
0.023,0.0091234,0.00527681
0.0234,0,0
0.0238,0.00292862,0.00293354
0.0242,0.00643812,0.0045647
0.0246,0.00456072,0.00375111
0.025,0.00624023,0.00442103
0.0254,0.00317658,0.00318237
0.0258,0,0
0.0262,0,0
0.0266,0,0
0.027,0.00673635,0.00477255
0.0274,0,0
0.0278,0.00313486,0.00314051
0.0282,0.00332082,0.00332717
0.0286,0,0
0.029,0.00586398,0.00415346
0.0294,0.00309427,0.00309979
0.0298,0.0030934,0.00309891
0.0302,0.012795,0.00640979
0.0306,0,0
0.031,0.00410601,0.00367643
0.0314,0,0
0.0318,0,0
0.0322,0,0
0.0326,0.00318379,0.00318964
0.033,0,0
0.0334,0.00309014,0.00309565
0.0338,0.00320956,0.0032155
0.0342,0.00641753,0.00454629
0.0346,0.00311619,0.0031218
0.035,0.00301727,0.00302252
0.0354,0.00335898,0.00336549
0.0358,0,0
0.0362,0,0
0.0366,0.00613551,0.00434616
0.037,0.00296983,0.00297493
0.0374,0.00296921,0.00297431
0.0378,0.00302668,0.00303198
0.0382,0,0
0.0386,0.00584079,0.00414033
0.039,0.00280386,0.00280841
0.0394,0.00971956,0.00562213
0.0398,0,0
0.0402,0,0
0.0406,0,0
0.041,0.00298663,0.00299179
0.0414,0,0
0.0418,0.00316728,0.00317309
0.0422,0.00957855,0.00554043
0.0426,0.00337759,0.00338421
0.043,0.00317878,0.00318464
0.0434,0.00596768,0.00424046
0.0438,0,0
0.0442,0.00621723,0.00440444
0.0446,0.00321915,0.00322516
0.045,0,0
0.0454,0,0
0.0458,0.00322315,0.00322918
0.0462,0.00343346,0.0034403
0.0466,0,0
0.047,0.00319051,0.00319642
0.0474,0.0031899,0.00319581
0.0478,0,0
0.0482,0,0
0.0486,0,0
0.049,0.00644811,0.00456827
0.0494,0,0
0.0498,0.00599845,0.00424895
0.0502,0.00564656,0.00427457
0.0506,0.00299822,0.00300345
0.051,0.00323955,0.00324566
0.0514,0.0033303,0.00333675
0.0518,0.00304791,0.00305332
0.0522,0,0
0.0526,0,0
0.053,0,0
0.0534,0.00304113,0.00304653
0.0538,0.00310448,0.0031101
0.0542,0.00952934,0.00551489
0.0546,0,0
0.055,0,0
0.0554,0.0089902,0.00520402
0.0558,0,0
0.0562,0,0
0.0566,0.00602496,0.00427004
0.057,0.00576733,0.004085
0.0574,0,0
0.0578,0,0
0.0582,0.00328997,0.0032963
0.0586,0,0
0.059,0.00312264,0.00312835
0.0594,0,0
0.0598,0.0030601,0.00306558
0.0602,0,0
0.0606,0,0
0.061,0.0034735,0.00348057
0.0614,0.0100088,0.00579959
0.0618,0,0
0.0622,0,0
0.0626,0,0
0.063,0.0061684,0.00436963
0.0634,0,0
0.0638,0,0
0.0642,0.00329523,0.00330161
0.0646,0.00292417,0.0029292
0.065,0.00312208,0.00312782
0.0654,0.0063397,0.00449121
0.0658,0,0
0.0662,0.00611874,0.00433441
0.0666,0,0
0.067,0,0
0.0674,0.00297196,0.00297717
0.0678,0.00310408,0.00310976
0.0682,0.00298329,0.00298854
0.0686,0.00298213,0.00298739
0.069,0,0
0.0694,0,0
0.0698,0.00633126,0.00448526
0.0702,0,0
0.0706,0.00177762,0.00237093
0.071,0.00307145,0.00307703
0.0714,0,0
0.0718,0,0
0.0722,0,0
0.0726,0,0
0.073,0.00310807,0.0031138
0.0734,0.00144318,0.0020298
0.0738,0.00284416,0.00284896
0.0742,0,0
0.0746,0.00327909,0.00328548
0.075,0.00178215,0.00231084
0.0754,0,0
0.0758,0.00340259,0.00323506
0.0762,0,0
0.0766,0.00344203,0.00329026
0.077,0.00588319,0.00416757
0.0774,0.00286355,0.00286843
0.0778,0.00315196,0.00315788
0.0782,0,0
0.0786,0,0
0.079,0,0
0.0794,0,0
0.0798,0,0
0.0802,0,0
0.0806,0,0
0.081,0,0
0.0814,0,0
0.0818,0,0
0.0822,0.00536093,0.00379684
0.0826,0.00293314,0.00293829
0.083,0.00295777,0.00296301
0.0834,0.00577541,0.0040914
0.0838,0,0
0.0842,0.00306284,0.00306847
0.0846,0,0
0.085,0,0
0.0854,0.0030274,0.00303291
0.0858,0.00605191,0.00428714
0.0862,0,0
0.0866,0,0
0.087,0,0
0.0874,0.00293215,0.00293733
0.0878,0,0
0.0882,0,0
0.0886,0.00289358,0.00289863
0.089,0.00307143,0.00307712
0.0894,0,0
0.0898,0.00295646,0.00296174
0.0902,0.00288953,0.00289457
0.0906,0,0
0.091,0,0
0.0914,0.0121756,0.006099
0.0918,0.00930227,0.00538075
0.0922,0,0
0.0926,0.00320506,0.00321127
0.093,0,0
0.0934,0.00601347,0.00425991
0.0938,0,0
0.0942,0.00316356,0.00316962
0.0946,0.00633346,0.00448703
0.095,0.00308137,0.00308712
0.0954,0.00986033,0.00570421
0.0958,0,0
0.0962,0.00903927,0.00522836
0.0966,0,0
0.097,0.00302025,0.00302578
0.0974,0,0
0.0978,0.00296579,0.00297112
0.0982,0,0
0.0986,0.0064043,0.00453756
0.099,0.00297317,0.00297853
0.0994,0.00420188,0.00366526
0.0998,0,0
0.1002,0,0
0.1006,0,0
0.101,0.00349837,0.00344155
0.1014,0,0
0.1018,0,0
0.1022,3.16522e-05,0.000322535
0.1026,0.00327339,0.00327989
0.103,0.00351141,0.00351889
0.1034,0.00347196,0.00347927
0.1038,0,0
0.1042,0,0
0.1046,0,0
0.105,0,0
0.1054,0.00353608,0.00354366
0.1058,0.00345526,0.0034625
0.1062,0,0
0.1066,0,0
0.107,0,0
0.1074,0.00711885,0.00504467
0.1078,0.00393517,0.00394456
0.1082,0,0
0.1086,0.00388411,0.00389326
0.109,0.00822772,0.0058324
0.1094,0,0
0.1098,0,0
0.1102,0.00409529,0.00410547
0.1106,0.00383828,0.00384722
0.111,0.00926582,0.00657035
0.1114,0.00446106,0.00447313
0.1118,0,0
0.1122,0.0040667,0.00407674
0.1126,0,0
0.113,0,0
0.1134,0.0039412,0.00395063
0.1138,0,0
0.1142,0,0
0.1146,0.00976694,0.00692676
0.115,0.00428549,0.00429664
0.1154,0.005535,0.0055536
0.1158,0,0
0.1162,0,0
0.1166,0,0
0.117,0.00970708,0.00688445
0.1174,0,0
0.1178,0.00892384,0.00632829
0.1182,0,0
0.1186,0.00511002,0.00512589
0.119,0,0
0.1194,0.00529448,0.00531152
0.1198,0.0106532,0.00755748
