# X , Y , E Distribution=true
1
-0.1198,0,0
-0.1194,0,0
-0.119,0,0
-0.1186,0,0
-0.1182,0,0
-0.1178,0,0
-0.1174,0,0
-0.117,0,0
-0.1166,0,0
-0.1162,0,0
-0.1158,0,0
-0.1154,0,0
-0.115,0,0
-0.1146,0.0126599,0.0126839
-0.1142,0,0
-0.1138,0,0
-0.1134,0,0
-0.113,0,0
-0.1126,0,0
-0.1122,0,0
-0.1118,0,0
-0.1114,0,0
-0.111,0,0
-0.1106,0,0
-0.1102,0.0136749,0.0137029
-0.1098,0,0
-0.1094,0,0
-0.109,0,0
-0.1086,0,0
-0.1082,0,0
-0.1078,0,0
-0.1074,0,0
-0.107,0,0
-0.1066,0,0
-0.1062,0,0
-0.1058,0,0
-0.1054,0,0
-0.105,0,0
-0.1046,0,0
-0.1042,0,0
-0.1038,0,0
-0.1034,0,0
-0.103,0,0
-0.1026,0,0
-0.1022,0.0117463,0.0117669
-0.1018,0,0
-0.1014,0.0249667,0.0176912
-0.101,0,0
-0.1006,0,0
-0.1002,0,0
-0.0998,0,0
-0.0994,0.00839755,0.0101524
-0.099,0.00944924,0.0109112
-0.0986,0,0
-0.0982,0,0
-0.0978,0,0
-0.0974,0,0
-0.097,0,0
-0.0966,0,0
-0.0962,0,0
-0.0958,0,0
-0.0954,0,0
-0.095,0,0
-0.0946,0,0
-0.0942,0,0
-0.0938,0,0
-0.0934,0,0
-0.093,0.0124528,0.0124758
-0.0926,0,0
-0.0922,0,0
-0.0918,0,0
-0.0914,0.0138805,0.013909
-0.091,0,0
-0.0906,0,0
-0.0902,0,0
-0.0898,0,0
-0.0894,0,0
-0.089,0,0
-0.0886,0,0
-0.0882,0,0
-0.0878,0,0
-0.0874,0,0
-0.087,0,0
-0.0866,0,0
-0.0862,0,0
-0.0858,0,0
-0.0854,0,0
-0.085,0,0
-0.0846,0.00489984,0.00786378
-0.0842,0,0
-0.0838,0,0
-0.0834,0,0
-0.083,0,0
-0.0826,0,0
-0.0822,0,0
-0.0818,0,0
-0.0814,0,0
-0.081,0,0
-0.0806,0,0
-0.0802,0,0
-0.0798,0,0
-0.0794,0,0
-0.079,0,0
-0.0786,0,0
-0.0782,0,0
-0.0778,0,0
-0.0774,0,0
-0.077,0,0
-0.0766,0,0
-0.0762,0,0
-0.0758,0,0
-0.0754,0,0
-0.075,0,0
-0.0746,0,0
-0.0742,0,0
-0.0738,0,0
-0.0734,0,0
-0.073,0,0
-0.0726,0,0
-0.0722,0,0
-0.0718,0,0
-0.0714,0.0127793,0.0128032
-0.071,0,0
-0.0706,0,0
-0.0702,0,0
-0.0698,0.0133019,0.0133279
-0.0694,0,0
-0.069,0,0
-0.0686,0,0
-0.0682,0,0
-0.0678,0,0
-0.0674,0,0
-0.067,0,0
-0.0666,0,0
-0.0662,0,0
-0.0658,0,0
-0.0654,0,0
-0.065,0.0124973,0.0125202
-0.0646,0,0
-0.0642,0,0
-0.0638,0,0
-0.0634,0,0
-0.063,0,0
-0.0626,0,0
-0.0622,0,0
-0.0618,0,0
-0.0614,0.0132344,0.01326
-0.061,0.0260895,0.0184833
-0.0606,0,0
-0.0602,0,0
-0.0598,0,0
-0.0594,0,0
-0.059,0,0
-0.0586,0,0
-0.0582,0,0
-0.0578,0,0
-0.0574,0,0
-0.057,0,0
-0.0566,0,0
-0.0562,0,0
-0.0558,0,0
-0.0554,0,0
-0.055,0,0
-0.0546,0,0
-0.0542,0,0
-0.0538,0,0
-0.0534,0,0
-0.053,0,0
-0.0526,0,0
-0.0522,0,0
-0.0518,0,0
-0.0514,0,0
-0.051,0,0
-0.0506,0.000523659,0.00258418
-0.0502,0,0
-0.0498,0,0
-0.0494,0,0
-0.049,0.0131311,0.0131562
-0.0486,0,0
-0.0482,0,0
-0.0478,0,0
-0.0474,0,0
-0.047,0,0
-0.0466,0,0
-0.0462,0.0136935,0.0137207
-0.0458,0,0
-0.0454,0,0
-0.045,0,0
-0.0446,0,0
-0.0442,0,0
-0.0438,0,0
-0.0434,0.0126897,0.012713
-0.043,0,0
-0.0426,0,0
-0.0422,0,0
-0.0418,0,0
-0.0414,0,0
-0.041,0,0
-0.0406,0,0
-0.0402,0,0
-0.0398,0,0
-0.0394,0,0
-0.039,0,0
-0.0386,0,0
-0.0382,0,0
-0.0378,0,0
-0.0374,0,0
-0.037,0,0
-0.0366,0,0
-0.0362,0,0
-0.0358,0,0
-0.0354,0,0
-0.035,0,0
-0.0346,0,0
-0.0342,0,0
-0.0338,0,0
-0.0334,0.0117984,0.0118185
-0.033,0,0
-0.0326,0.0252322,0.0178761
-0.0322,0,0
-0.0318,0,0
-0.0314,0,0
-0.031,0,0
-0.0306,0,0
-0.0302,0,0
-0.0298,0,0
-0.0294,0,0
-0.029,0,0
-0.0286,0,0
-0.0282,0.0122021,0.0122235
-0.0278,0,0
-0.0274,0,0
-0.027,0,0
-0.0266,0,0
-0.0262,0,0
-0.0258,0,0
-0.0254,0,0
-0.025,0.0125764,0.0125991
-0.0246,0.01252,0.0125425
-0.0242,0,0
-0.0238,0,0
-0.0234,0,0
-0.023,0.0131085,0.0131332
-0.0226,0,0
-0.0222,0,0
-0.0218,0.0126669,0.01269
-0.0214,0,0
-0.021,0.0134258,0.0134517
-0.0206,0,0
-0.0202,0,0
-0.0198,0,0
-0.0194,0,0
-0.019,0,0
-0.0186,0,0
-0.0182,0,0
-0.0178,0.0127386,0.0127618
-0.0174,0.0140256,0.0140537
-0.017,0,0
-0.0166,0,0
-0.0162,0,0
-0.0158,0,0
-0.0154,0,0
-0.015,0,0
-0.0146,0.0126145,0.0126372
-0.0142,0,0
-0.0138,0.00343859,0.00649175
-0.0134,0,0
-0.013,0,0
-0.0126,0.0139988,0.0140268
-0.0122,0,0
-0.0118,0,0
-0.0114,0.0270169,0.0191409
-0.011,0,0
-0.0106,0.0180552,0.0150325
-0.0102,0.0128321,0.0128556
-0.0098,0.0247734,0.0175485
-0.0094,0.0121002,0.012121
-0.009,0,0
-0.0086,0.0130131,0.0130372
-0.0082,0.0240768,0.0170542
-0.0078,0,0
-0.0074,0,0
-0.007,0,0
-0.0066,0,0
-0.0062,0.0228607,0.0173525
-0.0058,0.0132715,0.0132966
-0.0054,0,0
-0.005,0.0133543,0.0133797
-0.0046,0.0238017,0.0176847
-0.0042,0.0872048,0.0363477
-0.0038,0.155145,0.0489209
-0.0034,0.139179,0.0414461
-0.003,0.219704,0.0527398
-0.0026,0.467347,0.0779692
-0.0022,0.554765,0.0848994
-0.0018,1.21642,0.1233
-0.0014,1.7424,0.145915
-0.001,3.54649,0.216134
-0.0006,3.87152,0.220026
-0.0002,4.57078,0.241088
0.0002,4.10006,0.23121
0.0006,2.94759,0.19446
0.001,2.21828,0.168178
0.0014,1.14672,0.12166
0.0018,0.41754,0.0716347
0.0022,0.204622,0.0528034
0.0026,0.0451643,0.0244947
0.003,0.0604974,0.0282316
0.0034,0.00438703,0.00798089
0.0038,0.0144621,0.0144917
0.0042,0.00783167,0.0102005
0.0046,0.00525855,0.00819007
0.005,0.0127127,0.0127356
0.0054,0,0
0.0058,0,0
0.0062,0.0254901,0.0180568
0.0066,0,0
0.007,0,0
0.0074,0.00916229,0.0110709
0.0078,0.0214598,0.0173436
0.0082,0,0
0.0086,0,0
0.009,0,0
0.0094,0,0
0.0098,0,0
0.0102,0,0
0.0106,0.0127572,0.0127801
0.011,0.00897276,0.010783
0.0114,0,0
0.0118,0.013067,0.0130911
0.0122,0.0138586,0.0138857
0.0126,0,0
0.013,0,0
0.0134,0,0
0.0138,0,0
0.0142,0,0
0.0146,0,0
0.015,0,0
0.0154,0,0
0.0158,0,0
0.0162,0,0
0.0166,0,0
0.017,0.0128607,0.012884
0.0174,0,0
0.0178,0,0
0.0182,0,0
0.0186,0,0
0.019,0.0128105,0.0128336
0.0194,0,0
0.0198,0,0
0.0202,0.0128381,0.0128613
0.0206,0,0
0.021,0.026071,0.0184688
0.0214,0,0
0.0218,0,0
0.0222,0.0131624,0.0131867
0.0226,0,0
0.023,0,0
0.0234,0,0
0.0238,0,0
0.0242,0,0
0.0246,0,0
0.025,0,0
0.0254,0,0
0.0258,0,0
0.0262,0,0
0.0266,0,0
0.027,0,0
0.0274,0,0
0.0278,0,0
0.0282,0,0
0.0286,0,0
0.029,0.0129478,0.0129713
0.0294,0,0
0.0298,0,0
0.0302,0,0
0.0306,0,0
0.031,0,0
0.0314,0,0
0.0318,0.0122979,0.012319
0.0322,0,0
0.0326,0,0
0.033,0,0
0.0334,0,0
0.0338,0,0
0.0342,0.0129579,0.0129814
0.0346,0,0
0.035,0,0
0.0354,0,0
0.0358,0.0123618,0.0123831
0.0362,0,0
0.0366,0,0
0.037,0.0126875,0.0127099
0.0374,0,0
0.0378,0,0
0.0382,0,0
0.0386,0,0
0.039,0,0
0.0394,0,0
0.0398,0,0
0.0402,0,0
0.0406,0,0
0.041,0,0
0.0414,0,0
0.0418,0,0
0.0422,0,0
0.0426,0,0
0.043,0,0
0.0434,0,0
0.0438,0,0
0.0442,0,0
0.0446,0,0
0.045,0,0
0.0454,0,0
0.0458,0,0
0.0462,0,0
0.0466,0.00866833,0.0105817
0.047,0,0
0.0474,0.0131266,0.0131505
0.0478,0,0
0.0482,0,0
0.0486,0,0
0.049,0,0
0.0494,0,0
0.0498,0,0
0.0502,0,0
0.0506,0,0
0.051,0,0
0.0514,0.0117965,0.0125753
0.0518,0,0
0.0522,0,0
0.0526,0.0129563,0.0129795
0.053,0,0
0.0534,0.0137035,0.0137295
0.0538,0,0
0.0542,0,0
0.0546,0,0
0.055,0,0
0.0554,0,0
0.0558,0,0
0.0562,0,0
0.0566,0,0
0.057,0,0
0.0574,0,0
0.0578,0,0
0.0582,0,0
0.0586,0,0
0.059,0,0
0.0594,0,0
0.0598,0,0
0.0602,0,0
0.0606,0,0
0.061,0,0
0.0614,0,0
0.0618,0,0
0.0622,0,0
0.0626,0,0
0.063,0,0
0.0634,0,0
0.0638,0.0128024,0.0128249
0.0642,0,0
0.0646,0,0
0.065,0,0
0.0654,0,0
0.0658,0,0
0.0662,0,0
0.0666,0.00325899,0.00640052
0.067,0,0
0.0674,0,0
0.0678,0,0
0.0682,0,0
0.0686,0,0
0.069,0,0
0.0694,0,0
0.0698,0,0
0.0702,0,0
0.0706,0,0
0.071,0,0
0.0714,0,0
0.0718,0,0
0.0722,0,0
0.0726,0,0
0.073,0,0
0.0734,0,0
0.0738,0,0
0.0742,0,0
0.0746,0,0
0.075,0,0
0.0754,0,0
0.0758,0,0
0.0762,0,0
0.0766,0,0
0.077,0,0
0.0774,0.0133755,0.0133999
0.0778,0,0
0.0782,0,0
0.0786,0,0
0.079,0,0
0.0794,0,0
0.0798,0,0
0.0802,0,0
0.0806,0,0
0.081,0,0
0.0814,0,0
0.0818,0,0
0.0822,0,0
0.0826,0,0
0.083,0,0
0.0834,0,0
0.0838,0,0
0.0842,0.00984177,0.0126018
0.0846,0,0
0.085,0,0
0.0854,0,0
0.0858,0,0
0.0862,0,0
0.0866,0,0
0.087,0,0
0.0874,0,0
0.0878,0,0
0.0882,0,0
0.0886,0,0
0.089,0,0
0.0894,0,0
0.0898,0,0
0.0902,0.00416948,0.0072839
0.0906,0,0
0.091,0,0
0.0914,0,0
0.0918,0,0
0.0922,0,0
0.0926,0,0
0.093,0,0
0.0934,0,0
0.0938,0,0
0.0942,0,0
0.0946,0,0
0.095,0,0
0.0954,0,0
0.0958,0,0
0.0962,0.012932,0.0132856
0.0966,0,0
0.097,0,0
0.0974,0,0
0.0978,0,0
0.0982,0,0
0.0986,0.014055,0.0140816
0.099,0,0
0.0994,0,0
0.0998,0.0157378,0.0157711
0.1002,0,0
0.1006,0,0
0.101,0,0
0.1014,0,0
0.1018,0.0146022,0.0146309
0.1022,0,0
0.1026,0,0
0.103,0.0166739,0.0167113
0.1034,0,0
0.1038,0.015411,0.0154429
0.1042,0,0
0.1046,0,0
0.105,0,0
0.1054,0,0
0.1058,0,0
0.1062,0,0
0.1066,0,0
0.107,0,0
0.1074,0,0
0.1078,0,0
0.1082,0,0
0.1086,0,0
0.109,0,0
0.1094,0,0
0.1098,0,0
0.1102,0,0
0.1106,0,0
0.111,0,0
0.1114,0,0
0.1118,0,0
0.1122,0,0
0.1126,0,0
0.113,0,0
0.1134,0.019042,0.0190905
0.1138,0,0
0.1142,0,0
0.1146,0,0
0.115,0,0
0.1154,0,0
0.1158,0,0
0.1162,0,0
0.1166,0,0
0.117,0,0
0.1174,0,0
0.1178,0,0
0.1182,0,0
0.1186,0,0
0.119,0,0
0.1194,0,0
0.1198,0,0
2
-0.1198,0,0
-0.1194,0,0
-0.119,0,0
-0.1186,0,0
-0.1182,0,0
-0.1178,0,0
-0.1174,0,0
-0.117,0,0
-0.1166,0,0
-0.1162,0,0
-0.1158,0,0
-0.1154,0,0
-0.115,0,0
-0.1146,0,0
-0.1142,0,0
-0.1138,0,0
-0.1134,0,0
-0.113,0,0
-0.1126,0,0
-0.1122,0,0
-0.1118,0.00644185,0.00645511
-0.1114,0,0
-0.111,0,0
-0.1106,0,0
-0.1102,0,0
-0.1098,0,0
-0.1094,0,0
-0.109,0,0
-0.1086,0,0
-0.1082,0,0
-0.1078,0.00582181,0.00583263
-0.1074,0,0
-0.107,0.00583801,0.0058489
-0.1066,0,0
-0.1062,0,0
-0.1058,0,0
-0.1054,0,0
-0.105,0,0
-0.1046,0,0
-0.1042,0,0
-0.1038,0,0
-0.1034,0,0
-0.103,0,0
-0.1026,0,0
-0.1022,0,0
-0.1018,0,0
-0.1014,0,0
-0.101,0,0
-0.1006,0,0
-0.1002,0,0
-0.0998,0,0
-0.0994,0.00178518,0.00319493
-0.099,0.00144551,0.00291266
-0.0986,0.00560838,0.00561841
-0.0982,0,0
-0.0978,0,0
-0.0974,0,0
-0.097,0,0
-0.0966,0,0
-0.0962,0,0
-0.0958,0.00374498,0.00467124
-0.0954,0,0
-0.095,0,0
-0.0946,0,0
-0.0942,0,0
-0.0938,0,0
-0.0934,0,0
-0.093,0,0
-0.0926,0,0
-0.0922,0,0
-0.0918,0,0
-0.0914,0,0
-0.091,0,0
-0.0906,0,0
-0.0902,0,0
-0.0898,0.012155,0.00861675
-0.0894,0,0
-0.089,0.00603775,0.00604935
-0.0886,0,0
-0.0882,0,0
-0.0878,0,0
-0.0874,0,0
-0.087,0,0
-0.0866,0,0
-0.0862,0,0
-0.0858,0,0
-0.0854,0,0
-0.085,0,0
-0.0846,0.00356222,0.00456822
-0.0842,0,0
-0.0838,0,0
-0.0834,0,0
-0.083,0,0
-0.0826,0,0
-0.0822,0.00609166,0.00610344
-0.0818,0.00137311,0.00285234
-0.0814,0,0
-0.081,0,0
-0.0806,0,0
-0.0802,0,0
-0.0798,0,0
-0.0794,0.00570958,0.00571993
-0.079,0,0
-0.0786,0,0
-0.0782,0,0
-0.0778,0,0
-0.0774,0,0
-0.077,0,0
-0.0766,0,0
-0.0762,0,0
-0.0758,0,0
-0.0754,0.005576,0.00558586
-0.075,0,0
-0.0746,0,0
-0.0742,0,0
-0.0738,0,0
-0.0734,0,0
-0.073,0,0
-0.0726,0,0
-0.0722,0,0
-0.0718,0,0
-0.0714,0,0
-0.071,0.00591474,0.00592582
-0.0706,0,0
-0.0702,0,0
-0.0698,0,0
-0.0694,0,0
-0.069,0,0
-0.0686,0,0
-0.0682,0,0
-0.0678,0,0
-0.0674,0,0
-0.067,0,0
-0.0666,0.00284791,0.0042047
-0.0662,0.00383856,0.0046646
-0.0658,0,0
-0.0654,0.00602053,0.00603199
-0.065,0,0
-0.0646,0,0
-0.0642,0,0
-0.0638,0,0
-0.0634,0,0
-0.063,0,0
-0.0626,0,0
-0.0622,0,0
-0.0618,0.00575483,0.0057653
-0.0614,0,0
-0.061,0,0
-0.0606,0.00580377,0.00581441
-0.0602,0,0
-0.0598,0,0
-0.0594,0,0
-0.059,0,0
-0.0586,0,0
-0.0582,0,0
-0.0578,0,0
-0.0574,0,0
-0.057,0,0
-0.0566,0.00586285,0.0058737
-0.0562,0,0
-0.0558,0.00619067,0.00620277
-0.0554,0,0
-0.055,0.00637576,0.00638858
-0.0546,0.00597933,0.00599061
-0.0542,0,0
-0.0538,0,0
-0.0534,0,0
-0.053,0,0
-0.0526,0,0
-0.0522,0,0
-0.0518,0.005444,0.00545335
-0.0514,0,0
-0.051,0,0
-0.0506,0.00560969,0.00573957
-0.0502,0,0
-0.0498,0,0
-0.0494,0,0
-0.049,0,0
-0.0486,0,0
-0.0482,0,0
-0.0478,0.00619221,0.00620429
-0.0474,0,0
-0.047,0,0
-0.0466,0,0
-0.0462,0,0
-0.0458,0,0
-0.0454,0,0
-0.045,0.0118206,0.00837398
-0.0446,0,0
-0.0442,0,0
-0.0438,0,0
-0.0434,0,0
-0.043,0.00583444,0.00584516
-0.0426,0,0
-0.0422,0,0
-0.0418,0,0
-0.0414,0.00560609,0.00561599
-0.041,0,0
-0.0406,0,0
-0.0402,0,0
-0.0398,0,0
-0.0394,0,0
-0.039,0,0
-0.0386,0,0
-0.0382,0,0
-0.0378,0,0
-0.0374,0,0
-0.037,0,0
-0.0366,0.00553098,0.0055406
-0.0362,0,0
-0.0358,0.00558062,0.00559041
-0.0354,0,0
-0.035,0.00614294,0.0061548
-0.0346,0,0
-0.0342,0,0
-0.0338,0.00524885,0.00548671
-0.0334,0.0054119,0.0054211
-0.033,0,0
-0.0326,0,0
-0.0322,0,0
-0.0318,0,0
-0.0314,0,0
-0.031,0,0
-0.0306,0,0
-0.0302,0,0
-0.0298,0.00605785,0.00606937
-0.0294,0,0
-0.029,0.00594099,0.00595206
-0.0286,0,0
-0.0282,0.00559034,0.00560015
-0.0278,0,0
-0.0274,0.00601825,0.00602961
-0.027,0.00443113,0.00526791
-0.0266,0,0
-0.0262,0,0
-0.0258,0,0
-0.0254,0,0
-0.025,0,0
-0.0246,0,0
-0.0242,0,0
-0.0238,0,0
-0.0234,0,0
-0.023,0.0119964,0.00849868
-0.0226,0,0
-0.0222,0,0
-0.0218,0.00579434,0.00580486
-0.0214,0.00551829,0.00552783
-0.021,0,0
-0.0206,0,0
-0.0202,0.00613885,0.00615065
-0.0198,0,0
-0.0194,0.0121644,0.00861795
-0.019,0,0
-0.0186,0,0
-0.0182,0,0
-0.0178,0,0
-0.0174,0.00664121,0.00665501
-0.017,0.00640857,0.00642142
-0.0166,0,0
-0.0162,0,0
-0.0158,0,0
-0.0154,0.0117459,0.00832091
-0.015,0.00594136,0.0059524
-0.0146,0,0
-0.0142,0,0
-0.0138,0.00400519,0.00473348
-0.0134,0.00610672,0.00611838
-0.013,0.00614098,0.00615277
-0.0126,0,0
-0.0122,0.0124678,0.00883327
-0.0118,0.00613835,0.00615013
-0.0114,0,0
-0.011,0,0
-0.0106,0.00322233,0.00434584
-0.0102,0.00585158,0.00586228
-0.0098,0,0
-0.0094,0,0
-0.009,0,0
-0.0086,0,0
-0.0082,0.00548662,0.00549602
-0.0078,0,0
-0.0074,0,0
-0.007,0.016852,0.00974964
-0.0066,0,0
-0.0062,0.0133368,0.00889381
-0.0058,0.0243438,0.0121952
-0.0054,0.00596099,0.00597208
-0.005,0.0180036,0.0104143
-0.0046,0.0307071,0.0137832
-0.0042,0.0203869,0.0119775
-0.0038,0.0257053,0.0133114
-0.0034,0.0149936,0.00917458
-0.003,0.0523747,0.0173451
-0.0026,0.0910803,0.0232202
-0.0022,0.13581,0.0283192
-0.0018,0.300867,0.0413049
-0.0014,0.593585,0.057474
-0.001,1.09879,0.0810037
-0.0006,1.28526,0.0853863
-0.0002,1.72807,0.10001
0.0002,1.89206,0.105888
0.0006,1.27468,0.0861618
0.001,0.793216,0.0677966
0.0014,0.609849,0.0597861
0.0018,0.23195,0.0356255
0.0022,0.135195,0.0289311
0.0026,0.0750217,0.0212601
0.003,0.0321648,0.0138901
0.0034,0.0105446,0.00812034
0.0038,0.0065691,0.00658255
0.0042,0.00578469,0.00579512
0.0046,0.0322689,0.0136776
0.005,0.00787825,0.00677163
0.0054,0.0062511,0.00626327
0.0058,0.00485411,0.00530832
0.0062,0,0
0.0066,0.0181704,0.0105124
0.007,0,0
0.0074,0.00188944,0.00338631
0.0078,0.00284401,0.00419084
0.0082,0,0
0.0086,0.00566045,0.00567043
0.009,0.0056609,0.00567087
0.0094,0,0
0.0098,0.00561723,0.00562705
0.0102,0,0
0.0106,0.00578155,0.00579195
0.011,0.00178481,0.00323737
0.0114,0.012061,0.0085444
0.0118,0,0
0.0122,0.00538441,0.00566273
0.0126,0.00381264,0.0049019
0.013,0,0
0.0134,0.00355776,0.00449774
0.0138,0.0117671,0.00833584
0.0142,0,0
0.0146,0,0
0.015,0,0
0.0154,0.00550873,0.00551817
0.0158,0,0
0.0162,0.0110454,0.00782394
0.0166,0,0
0.017,0,0
0.0174,0.00574503,0.00575528
0.0178,0,0
0.0182,0.0115442,0.00817761
0.0186,0.00578941,0.00579982
0.019,0.00578999,0.00580041
0.0194,0,0
0.0198,0,0
0.0202,0,0
0.0206,0,0
0.021,0,0
0.0214,0,0
0.0218,0.00570301,0.0057131
0.0222,0,0
0.0226,0,0
0.023,0,0
0.0234,0,0
0.0238,0,0
0.0242,0,0
0.0246,0.00586096,0.00587161
0.025,0,0
0.0254,0.00576999,0.00578031
0.0258,0.0059982,0.00600936
0.0262,0.00602711,0.00603837
0.0266,0,0
0.027,0.00596855,0.00597959
0.0274,0,0
0.0278,0,0
0.0282,0,0
0.0286,0,0
0.029,0.0116659,0.00826396
0.0294,0,0
0.0298,0.0062132,0.00622516
0.0302,0,0
0.0306,0.00649499,0.00650805
0.031,0.00644333,0.00645618
0.0314,0.00620438,0.0062163
0.0318,0.00553479,0.00554428
0.0322,0,0
0.0326,0,0
0.033,0,0
0.0334,0.0056841,0.0056941
0.0338,0.00576909,0.00577939
0.0342,0.00576961,0.00577991
0.0346,0,0
0.035,0,0
0.0354,0,0
0.0358,0,0
0.0362,0.00561642,0.00562618
0.0366,0,0
0.037,0,0
0.0374,0,0
0.0378,0,0
0.0382,0,0
0.0386,0,0
0.039,0,0
0.0394,0.00566384,0.00567376
0.0398,0,0
0.0402,0,0
0.0406,0,0
0.041,0.00581966,0.00583012
0.0414,0.00616617,0.00617791
0.0418,0,0
0.0422,0.00546439,0.00547362
0.0426,0,0
0.043,0,0
0.0434,0,0
0.0438,0,0
0.0442,0,0
0.0446,0,0
0.045,0,0
0.0454,0.000815826,0.00221906
0.0458,0.0056697,0.00567963
0.0462,0,0
0.0466,0.00765376,0.00665712
0.047,0.00569658,0.0057066
0.0474,0,0
0.0478,0,0
0.0482,0,0
0.0486,0,0
0.049,0,0
0.0494,0,0
0.0498,0,0
0.0502,0,0
0.0506,0,0
0.051,0,0
0.0514,0.00069828,0.00204715
0.0518,0,0
0.0522,0,0
0.0526,0.00579102,0.00580136
0.053,0,0
0.0534,0,0
0.0538,0.00613243,0.00614402
0.0542,0,0
0.0546,0,0
0.055,0,0
0.0554,0,0
0.0558,0,0
0.0562,0,0
0.0566,0,0
0.057,0,0
0.0574,0,0
0.0578,0,0
0.0582,0,0
0.0586,0,0
0.059,0.0053852,0.00539413
0.0594,0,0
0.0598,0.00624717,0.00625917
0.0602,0,0
0.0606,0,0
0.061,0,0
0.0614,0,0
0.0618,0,0
0.0622,0.0058737,0.00588431
0.0626,0.00611247,0.00612395
0.063,0.00578873,0.00579903
0.0634,0,0
0.0638,0,0
0.0642,0.00571226,0.00572229
0.0646,0,0
0.065,0,0
0.0654,0,0
0.0658,0,0
0.0662,0,0
0.0666,0.00413162,0.00481163
0.067,0,0
0.0674,0,0
0.0678,0.00621978,0.00623166
0.0682,0,0
0.0686,0,0
0.069,0,0
0.0694,0.00596432,0.00597524
0.0698,0.0116532,0.00825478
0.0702,0,0
0.0706,0,0
0.071,0,0
0.0714,0,0
0.0718,0.0057437,0.00575382
0.0722,0,0
0.0726,0,0
0.073,0.00661711,0.00663054
0.0734,0,0
0.0738,0.00300235,0.00433124
0.0742,0,0
0.0746,0.00542811,0.00543715
0.075,0,0
0.0754,0,0
0.0758,0.0055813,0.00559084
0.0762,0,0
0.0766,0,0
0.077,0,0
0.0774,0,0
0.0778,0,0
0.0782,0,0
0.0786,0.00570264,0.0057126
0.079,0,0
0.0794,0,0
0.0798,0,0
0.0802,0,0
0.0806,0.00588376,0.00589436
0.081,0,0
0.0814,0,0
0.0818,0.00593239,0.00594316
0.0822,0.000359002,0.00149751
0.0826,0,0
0.083,0,0
0.0834,0,0
0.0838,0,0
0.0842,0.00276047,0.0044447
0.0846,0,0
0.085,0,0
0.0854,0,0
0.0858,0,0
0.0862,0.00574955,0.00575966
0.0866,0,0
0.087,0,0
0.0874,0,0
0.0878,0,0
0.0882,0,0
0.0886,0,0
0.089,0,0
0.0894,0,0
0.0898,0,0
0.0902,0.00376851,0.00460771
0.0906,0,0
0.091,0,0
0.0914,0,0
0.0918,0,0
0.0922,0.00594052,0.0059513
0.0926,0,0
0.093,0,0
0.0934,0,0
0.0938,0,0
0.0942,0,0
0.0946,0,0
0.095,0,0
0.0954,0,0
0.0958,0,0
0.0962,0.00601003,0.00602105
0.0966,0,0
0.097,0,0
0.0974,0,0
0.0978,0,0
0.0982,0,0
0.0986,0,0
0.099,0,0
0.0994,0,0
0.0998,0,0
0.1002,0,0
0.1006,0,0
0.101,0,0
0.1014,0.0060835,0.00609477
0.1018,0,0
0.1022,0,0
0.1026,0,0
0.103,0,0
0.1034,0,0
0.1038,0,0
0.1042,0,0
0.1046,0,0
0.105,0,0
0.1054,0,0
0.1058,0,0
0.1062,0,0
0.1066,0,0
0.107,0,0
0.1074,0,0
0.1078,0,0
0.1082,0,0
0.1086,0,0
0.109,0,0
0.1094,0,0
0.1098,0.00735327,0.0073697
0.1102,0,0
0.1106,0,0
0.111,0,0
0.1114,0,0
0.1118,0,0
0.1122,0,0
0.1126,0,0
0.113,0,0
0.1134,0,0
0.1138,0,0
0.1142,0,0
0.1146,0,0
0.115,0,0
0.1154,0,0
0.1158,0,0
0.1162,0,0
0.1166,0,0
0.117,0.00996826,0.00999837
0.1174,0,0
0.1178,0,0
0.1182,0,0
0.1186,0.00983187,0.00986115
0.119,0.0098329,0.00986217
0.1194,0,0
0.1198,0,0
3
-0.1198,0,0
-0.1194,0,0
-0.119,0,0
-0.1186,0,0
-0.1182,0.00601474,0.00602585
-0.1178,0,0
-0.1174,0,0
-0.117,0,0
-0.1166,0,0
-0.1162,0,0
-0.1158,0,0
-0.1154,0,0
-0.115,0,0
-0.1146,0,0
-0.1142,0,0
-0.1138,0,0
-0.1134,0,0
-0.113,0,0
-0.1126,0,0
-0.1122,0,0
-0.1118,0,0
-0.1114,0,0
-0.111,0,0
-0.1106,0,0
-0.1102,0.00655726,0.00657043
-0.1098,0,0
-0.1094,0,0
-0.109,0.00764633,0.00701748
-0.1086,0,0
-0.1082,0,0
-0.1078,0,0
-0.1074,0,0
-0.107,0,0
-0.1066,0,0
-0.1062,0,0
-0.1058,0,0
-0.1054,0,0
-0.105,0,0
-0.1046,0.00598059,0.00599152
-0.1042,0,0
-0.1038,0,0
-0.1034,0,0
-0.103,0,0
-0.1026,0,0
-0.1022,0,0
-0.1018,0,0
-0.1014,0,0
-0.101,0,0
-0.1006,0,0
-0.1002,0,0
-0.0998,0,0
-0.0994,0,0
-0.099,0,0
-0.0986,0,0
-0.0982,0,0
-0.0978,0,0
-0.0974,0,0
-0.097,0,0
-0.0966,0,0
-0.0962,0,0
-0.0958,0.00215464,0.00362355
-0.0954,0,0
-0.095,0,0
-0.0946,0,0
-0.0942,0,0
-0.0938,0,0
-0.0934,0,0
-0.093,0,0
-0.0926,0.00606243,0.00607361
-0.0922,0,0
-0.0918,0.0062646,0.00627653
-0.0914,0,0
-0.091,0,0
-0.0906,0.00677717,0.00679113
-0.0902,0,0
-0.0898,0,0
-0.0894,0,0
-0.089,0.0059655,0.00597631
-0.0886,0,0
-0.0882,0,0
-0.0878,0,0
-0.0874,0,0
-0.087,0.00633462,0.00634679
-0.0866,0,0
-0.0862,0,0
-0.0858,0,0
-0.0854,0.00651148,0.00652434
-0.085,0,0
-0.0846,0,0
-0.0842,0,0
-0.0838,0,0
-0.0834,0,0
-0.083,0,0
-0.0826,0,0
-0.0822,0.00570911,0.00605194
-0.0818,0.00475259,0.00543545
-0.0814,0,0
-0.081,0,0
-0.0806,0,0
-0.0802,0,0
-0.0798,0,0
-0.0794,0,0
-0.079,0,0
-0.0786,0,0
-0.0782,0,0
-0.0778,0,0
-0.0774,0,0
-0.077,0,0
-0.0766,0.00627776,0.00628966
-0.0762,0,0
-0.0758,0,0
-0.0754,0,0
-0.075,0,0
-0.0746,0,0
-0.0742,0,0
-0.0738,0,0
-0.0734,0,0
-0.073,0,0
-0.0726,0,0
-0.0722,0,0
-0.0718,0,0
-0.0714,0.0056934,0.00570316
-0.071,0.00516151,0.00585231
-0.0706,0,0
-0.0702,0,0
-0.0698,0.0123169,0.00872551
-0.0694,0,0
-0.069,0,0
-0.0686,0,0
-0.0682,0,0
-0.0678,0,0
-0.0674,0.00643458,0.00644702
-0.067,0.00657279,0.00658577
-0.0666,0.00351383,0.00479351
-0.0662,0.00809159,0.0070557
-0.0658,0,0
-0.0654,0.00634388,0.00635597
-0.065,0,0
-0.0646,0.00625179,0.00626352
-0.0642,0,0
-0.0638,0,0
-0.0634,0,0
-0.063,0,0
-0.0626,0.0108811,0.00810127
-0.0622,0,0
-0.0618,0,0
-0.0614,0,0
-0.061,0,0
-0.0606,0,0
-0.0602,0,0
-0.0598,0,0
-0.0594,0.0131964,0.00935215
-0.059,0,0
-0.0586,0,0
-0.0582,0,0
-0.0578,0,0
-0.0574,0.0110213,0.00780609
-0.057,0,0
-0.0566,0.000804668,0.00223623
-0.0562,0,0
-0.0558,0,0
-0.0554,0.00626588,0.00627761
-0.055,0,0
-0.0546,0,0
-0.0542,0.00655829,0.00657114
-0.0538,0,0
-0.0534,0,0
-0.053,0.0062161,0.00622764
-0.0526,0,0
-0.0522,0,0
-0.0518,0,0
-0.0514,0,0
-0.051,0,0
-0.0506,0,0
-0.0502,0,0
-0.0498,0.0174853,0.010115
-0.0494,0,0
-0.049,0,0
-0.0486,0,0
-0.0482,0,0
-0.0478,0,0
-0.0474,0,0
-0.047,0,0
-0.0466,0,0
-0.0462,0,0
-0.0458,0,0
-0.0454,0,0
-0.045,0,0
-0.0446,0,0
-0.0442,0,0
-0.0438,0.00618278,0.00619414
-0.0434,0,0
-0.043,0,0
-0.0426,0,0
-0.0422,0.0053059,0.00548521
-0.0418,0,0
-0.0414,0,0
-0.041,0,0
-0.0406,0,0
-0.0402,0,0
-0.0398,0.00616891,0.0061802
-0.0394,0.00614808,0.00615929
-0.039,0.00423824,0.00519469
-0.0386,0,0
-0.0382,0,0
-0.0378,0,0
-0.0374,0,0
-0.037,0.00653785,0.00655051
-0.0366,0,0
-0.0362,0,0
-0.0358,0.00628717,0.00629888
-0.0354,0,0
-0.035,0,0
-0.0346,0,0
-0.0342,0.0060674,0.00607829
-0.0338,0.00499659,0.00551636
-0.0334,0,0
-0.033,0,0
-0.0326,0.00606172,0.00607259
-0.0322,0,0
-0.0318,0,0
-0.0314,0,0
-0.031,0.00617768,0.00618896
-0.0306,0,0
-0.0302,0,0
-0.0298,0.00643814,0.00645039
-0.0294,0.00631393,0.0063257
-0.029,0,0
-0.0286,0,0
-0.0282,0,0
-0.0278,0,0
-0.0274,0,0
-0.027,0.00192179,0.00357757
-0.0266,0,0
-0.0262,0,0
-0.0258,0,0
-0.0254,0,0
-0.025,0,0
-0.0246,0,0
-0.0242,0.0060518,0.00606259
-0.0238,0,0
-0.0234,0,0
-0.023,0.00638457,0.00639657
-0.0226,0.00624339,0.00625486
-0.0222,0,0
-0.0218,0,0
-0.0214,0,0
-0.021,0,0
-0.0206,0,0
-0.0202,0.00653857,0.00655114
-0.0198,0.00641171,0.0064238
-0.0194,0,0
-0.019,0,0
-0.0186,0.00624193,0.00625337
-0.0182,0,0
-0.0178,0,0
-0.0174,0.00319012,0.0047618
-0.017,0,0
-0.0166,0,0
-0.0162,0,0
-0.0158,0,0
-0.0154,0.00668121,0.00648042
-0.015,0,0
-0.0146,0,0
-0.0142,0,0
-0.0138,0.00279271,0.00427315
-0.0134,0,0
-0.013,0,0
-0.0126,0.00427574,0.00540896
-0.0122,0.00665187,0.00666483
-0.0118,0,0
-0.0114,0,0
-0.011,0,0
-0.0106,0.00476564,0.0053546
-0.0102,0,0
-0.0098,0.0136642,0.00968142
-0.0094,0,0
-0.009,0,0
-0.0086,0,0
-0.0082,0,0
-0.0078,0.00636566,0.00637751
-0.0074,0.0122604,0.00869149
-0.007,0.00589474,0.0059049
-0.0066,0.0122262,0.00866072
-0.0062,0,0
-0.0058,0,0
-0.0054,0,0
-0.005,0.00649813,0.00651047
-0.0046,0.0257374,0.0128936
-0.0042,0.022018,0.0127394
-0.0038,0.00903387,0.00839053
-0.0034,0.0258415,0.0125162
-0.003,0.0401983,0.0157363
-0.0026,0.104548,0.0256751
-0.0022,0.0897484,0.0237957
-0.0018,0.231591,0.0374692
-0.0014,0.391808,0.0483891
-0.001,0.699706,0.0669133
-0.0006,0.818729,0.0705079
-0.0002,1.02694,0.0795919
0.0002,1.06753,0.0821826
0.0006,0.936456,0.0763774
0.001,0.628508,0.0623895
0.0014,0.407922,0.0505666
0.0018,0.176955,0.0320343
0.0022,0.0602938,0.019986
0.0026,0.0658685,0.0203473
0.003,0.00260418,0.00411467
0.0034,0.00638962,0.0064015
0.0038,0.00364739,0.00507497
0.0042,0.0126291,0.00894822
0.0046,0,0
0.005,0.016346,0.0100755
0.0054,0.0133889,0.0094858
0.0058,0.000996108,0.00248859
0.0062,0.00619591,0.00620707
0.0066,0.00657484,0.0065874
0.007,0,0
0.0074,0.0124575,0.00883189
0.0078,0.00688614,0.00689992
0.0082,0,0
0.0086,0,0
0.009,0,0
0.0094,0,0
0.0098,0,0
0.0102,0.00619753,0.00620867
0.0106,0,0
0.011,0.00627352,0.00628494
0.0114,0,0
0.0118,0,0
0.0122,0.00695277,0.00666406
0.0126,0.0088293,0.00750118
0.013,0,0
0.0134,0.00379893,0.00481384
0.0138,0,0
0.0142,0,0
0.0146,0.0022063,0.00379234
0.015,0,0
0.0154,0,0
0.0158,0,0
0.0162,0,0
0.0166,0,0
0.017,0.00628817,0.00629962
0.0174,0,0
0.0178,0,0
0.0182,0,0
0.0186,0,0
0.019,0.00176471,0.00331836
0.0194,0,0
0.0198,0.00681437,0.00682779
0.0202,0.0124596,0.00882618
0.0206,0.0123343,0.00873724
0.021,0,0
0.0214,0.00566159,0.00567086
0.0218,0,0
0.0222,0,0
0.0226,0.00638596,0.00639774
0.023,0,0
0.0234,0,0
0.0238,0.00620361,0.00621472
0.0242,0.00643378,0.00644573
0.0246,0,0
0.025,0,0
0.0254,0,0
0.0258,0,0
0.0262,0,0
0.0266,0.00645993,0.00647196
0.027,0.00641762,0.0064295
0.0274,0.0125907,0.0089209
0.0278,0,0
0.0282,0.00645882,0.00647084
0.0286,0,0
0.029,0,0
0.0294,0.00675867,0.00677183
0.0298,0,0
0.0302,0,0
0.0306,0,0
0.031,0,0
0.0314,0,0
0.0318,0,0
0.0322,0,0
0.0326,0,0
0.033,0,0
0.0334,0.00593747,0.00594761
0.0338,0,0
0.0342,0,0
0.0346,0.012668,0.00919316
0.035,0.00641405,0.00642588
0.0354,0,0
0.0358,0,0
0.0362,0,0
0.0366,0,0
0.037,0,0
0.0374,0,0
0.0378,0,0
0.0382,0,0
0.0386,0,0
0.039,0,0
0.0394,0.00610224,0.00611293
0.0398,0.0127726,0.00904815
0.0402,0,0
0.0406,0,0
0.041,0,0
0.0414,0,0
0.0418,0,0
0.0422,0.00588934,0.00589928
0.0426,0,0
0.043,0,0
0.0434,0,0
0.0438,0,0
0.0442,0,0
0.0446,0,0
0.045,0,0
0.0454,0.0120886,0.00886994
0.0458,0,0
0.0462,0.00624047,0.00625162
0.0466,0,0
0.047,0,0
0.0474,0,0
0.0478,0.00634548,0.006357
0.0482,0,0
0.0486,0,0
0.049,0,0
0.0494,0,0
0.0498,0,0
0.0502,0,0
0.0506,0,0
0.051,0,0
0.0514,0,0
0.0518,0,0
0.0522,0.00647893,0.00649092
0.0526,0,0
0.053,0,0
0.0534,0,0
0.0538,0,0
0.0542,0,0
0.0546,0.00645903,0.00647094
0.055,0.00598467,0.00599489
0.0554,0,0
0.0558,0,0
0.0562,0,0
0.0566,0,0
0.057,0,0
0.0574,0,0
0.0578,0.00660095,0.00661338
0.0582,0,0
0.0586,0,0
0.059,0,0
0.0594,0,0
0.0598,0,0
0.0602,0,0
0.0606,0,0
0.061,0,0
0.0614,0,0
0.0618,0,0
0.0622,0,0
0.0626,0.00660081,0.00661322
0.063,0,0
0.0634,0,0
0.0638,0.00639612,0.00640777
0.0642,0,0
0.0646,0,0
0.065,0.00365726,0.00486404
0.0654,0,0
0.0658,0.0059824,0.00599258
0.0662,0,0
0.0666,0,0
0.067,0.0064415,0.0064533
0.0674,0,0
0.0678,0.0067191,0.00673193
0.0682,0.0133875,0.00948443
0.0686,0,0
0.069,0.0119368,0.00873106
0.0694,0.000940496,0.00246626
0.0698,0,0
0.0702,0.00626396,0.0062751
0.0706,0.00601372,0.00602399
0.071,0,0
0.0714,0,0
0.0718,0.00577563,0.00578511
0.0722,0,0
0.0726,0,0
0.073,0,0
0.0734,0.00560419,0.0056131
0.0738,0.0034822,0.00484908
0.0742,0,0
0.0746,0,0
0.075,0,0
0.0754,0,0
0.0758,0,0
0.0762,0,0
0.0766,0,0
0.077,0,0
0.0774,0,0
0.0778,0,0
0.0782,0,0
0.0786,0,0
0.079,0,0
0.0794,0.00631936,0.00633068
0.0798,0,0
0.0802,0,0
0.0806,0,0
0.081,0,0
0.0814,0.00585562,0.00586533
0.0818,0,0
0.0822,0.00634034,0.00654398
0.0826,0,0
0.083,0,0
0.0834,0,0
0.0838,0,0
0.0842,0.00770477,0.00772156
0.0846,0,0
0.085,0,0
0.0854,0,0
0.0858,0,0
0.0862,0,0
0.0866,0,0
0.087,0,0
0.0874,0,0
0.0878,0,0
0.0882,0,0
0.0886,0,0
0.089,0,0
0.0894,0,0
0.0898,0,0
0.0902,0.00624407,0.00625508
0.0906,0.00624463,0.00625564
0.091,0,0
0.0914,0,0
0.0918,0,0
0.0922,0,0
0.0926,0,0
0.093,0,0
0.0934,0.00217196,0.00386942
0.0938,0.00670224,0.00671491
0.0942,0.00487169,0.00566237
0.0946,0,0
0.095,0,0
0.0954,0,0
0.0958,0,0
0.0962,0,0
0.0966,0,0
0.097,0,0
0.0974,0,0
0.0978,0,0
0.0982,0.0066704,0.00668294
0.0986,0.00496472,0.00578403
0.099,0,0
0.0994,0,0
0.0998,0.0075141,0.00753001
0.1002,0,0
0.1006,0,0
0.101,0,0
0.1014,0,0
0.1018,0,0
0.1022,0,0
0.1026,0,0
0.103,0,0
0.1034,0,0
0.1038,0,0
0.1042,0,0
0.1046,0,0
0.105,0,0
0.1054,0,0
0.1058,0,0
0.1062,0,0
0.1066,0,0
0.107,0,0
0.1074,0,0
0.1078,0,0
0.1082,0,0
0.1086,0,0
0.109,0,0
0.1094,0,0
0.1098,0,0
0.1102,0,0
0.1106,0,0
0.111,0,0
0.1114,0,0
0.1118,0.0088451,0.00886708
0.1122,0.00960795,0.00963388
0.1126,0,0
0.113,0,0
0.1134,0,0
0.1138,0,0
0.1142,0,0
0.1146,0.00987932,0.00990671
0.115,0,0
0.1154,0,0
0.1158,0,0
0.1162,0,0
0.1166,0,0
0.117,0,0
0.1174,0,0
0.1178,0.0110732,0.0111076
0.1182,0,0
0.1186,0,0
0.119,0,0
0.1194,0,0
0.1198,0,0
4
-0.1198,0,0
-0.1194,0,0
-0.119,0,0
-0.1186,0,0
-0.1182,0,0
-0.1178,0,0
-0.1174,0,0
-0.117,0,0
-0.1166,0,0
-0.1162,0.00612529,0.00613677
-0.1158,0,0
-0.1154,0,0
-0.115,0,0
-0.1146,0,0
-0.1142,0,0
-0.1138,0,0
-0.1134,0,0
-0.113,0,0
-0.1126,0,0
-0.1122,0,0
-0.1118,0,0
-0.1114,0,0
-0.111,0,0
-0.1106,0,0
-0.1102,0,0
-0.1098,0,0
-0.1094,0,0
-0.109,0.00520724,0.00580408
-0.1086,0.00637408,0.00638646
-0.1082,0,0
-0.1078,0,0
-0.1074,0,0
-0.107,0,0
-0.1066,0.00638489,0.0063973
-0.1062,0,0
-0.1058,0,0
-0.1054,0,0
-0.105,0,0
-0.1046,0,0
-0.1042,0,0
-0.1038,0,0
-0.1034,0,0
-0.103,0,0
-0.1026,0.00646823,0.00648094
-0.1022,0,0
-0.1018,0,0
-0.1014,0,0
-0.101,0.00637122,0.00638355
-0.1006,0,0
-0.1002,0,0
-0.0998,0,0
-0.0994,0.00598775,0.00599863
-0.099,0.00614604,0.0061575
-0.0986,0,0
-0.0982,0,0
-0.0978,0,0
-0.0974,0.00645761,0.00647024
-0.097,0.0061278,0.00613918
-0.0966,0,0
-0.0962,0,0
-0.0958,0.00689919,0.0069136
-0.0954,0,0
-0.095,0,0
-0.0946,0,0
-0.0942,0,0
-0.0938,0,0
-0.0934,0,0
-0.093,0,0
-0.0926,0,0
-0.0922,0,0
-0.0918,0,0
-0.0914,0,0
-0.091,0,0
-0.0906,0,0
-0.0902,0,0
-0.0898,0,0
-0.0894,0.00636123,0.00637345
-0.089,0,0
-0.0886,0,0
-0.0882,0,0
-0.0878,0,0
-0.0874,0.00158748,0.00310485
-0.087,0,0
-0.0866,0,0
-0.0862,0,0
-0.0858,0,0
-0.0854,0,0
-0.085,0,0
-0.0846,0,0
-0.0842,0,0
-0.0838,0.00645735,0.00646991
-0.0834,0,0
-0.083,0.00706844,0.00708348
-0.0826,0,0
-0.0822,0.000685363,0.00210279
-0.0818,0,0
-0.0814,0,0
-0.081,0,0
-0.0806,0,0
-0.0802,0,0
-0.0798,0,0
-0.0794,0,0
-0.079,0,0
-0.0786,0,0
-0.0782,0,0
-0.0778,0,0
-0.0774,0,0
-0.077,0,0
-0.0766,0,0
-0.0762,0,0
-0.0758,0,0
-0.0754,0,0
-0.075,0,0
-0.0746,0,0
-0.0742,0,0
-0.0738,0,0
-0.0734,0.00638215,0.00639438
-0.073,0,0
-0.0726,0.0060241,0.00603499
-0.0722,0,0
-0.0718,0,0
-0.0714,0,0
-0.071,0.00145352,0.00311183
-0.0706,0,0
-0.0702,0,0
-0.0698,0,0
-0.0694,0,0
-0.069,0,0
-0.0686,0.00194902,0.0034222
-0.0682,0,0
-0.0678,0,0
-0.0674,0,0
-0.067,0,0
-0.0666,0,0
-0.0662,0,0
-0.0658,0,0
-0.0654,0,0
-0.065,0,0
-0.0646,0,0
-0.0642,0,0
-0.0638,0.0133773,0.0094781
-0.0634,0.00619306,0.00620453
-0.063,0,0
-0.0626,0.00116054,0.00267527
-0.0622,0,0
-0.0618,0,0
-0.0614,0,0
-0.061,0.00613662,0.00614788
-0.0606,0,0
-0.0602,0,0
-0.0598,0,0
-0.0594,0,0
-0.059,0,0
-0.0586,0,0
-0.0582,0.00573911,0.00574895
-0.0578,0,0
-0.0574,0,0
-0.057,0,0
-0.0566,0.00539542,0.00579507
-0.0562,0.0057608,0.00577071
-0.0558,0,0
-0.0554,0,0
-0.055,0,0
-0.0546,0,0
-0.0542,0.0065652,0.00657806
-0.0538,0,0
-0.0534,0,0
-0.053,0,0
-0.0526,0,0
-0.0522,0,0
-0.0518,0.00621373,0.00622524
-0.0514,0,0
-0.051,0,0
-0.0506,0,0
-0.0502,0.00619066,0.00620208
-0.0498,0.00591527,0.0059257
-0.0494,0,0
-0.049,0,0
-0.0486,0,0
-0.0482,0.00617037,0.00618171
-0.0478,0,0
-0.0474,0,0
-0.047,0,0
-0.0466,0,0
-0.0462,0,0
-0.0458,0,0
-0.0454,0.00581587,0.00582594
-0.045,0,0
-0.0446,0,0
-0.0442,0.0124354,0.00880954
-0.0438,0,0
-0.0434,0.00595911,0.00596967
-0.043,0,0
-0.0426,0,0
-0.0422,0.000345053,0.0013975
-0.0418,0,0
-0.0414,0,0
-0.041,0,0
-0.0406,0,0
-0.0402,0.00645414,0.00646653
-0.0398,0,0
-0.0394,0,0
-0.039,0.0020994,0.00365131
-0.0386,0.00632503,0.00633692
-0.0382,0.00588277,0.00589306
-0.0378,0.00588312,0.0058934
-0.0374,0,0
-0.037,0,0
-0.0366,0.00635388,0.00636588
-0.0362,0,0
-0.0358,0,0
-0.0354,0,0
-0.035,0,0
-0.0346,0.00662458,0.00663761
-0.0342,0,0
-0.0338,0.00156046,0.00307675
-0.0334,0,0
-0.033,0.00612304,0.00613417
-0.0326,0,0
-0.0322,0,0
-0.0318,0,0
-0.0314,0.00659598,0.00660889
-0.031,0,0
-0.0306,0,0
-0.0302,0,0
-0.0298,0,0
-0.0294,0,0
-0.029,0,0
-0.0286,0,0
-0.0282,0.00608799,0.00609899
-0.0278,0,0
-0.0274,0.00634447,0.00635641
-0.027,0,0
-0.0266,0,0
-0.0262,0,0
-0.0258,0,0
-0.0254,0,0
-0.025,0,0
-0.0246,0,0
-0.0242,0,0
-0.0238,0,0
-0.0234,0,0
-0.023,0.0063382,0.00635012
-0.0226,0.00626376,0.00627539
-0.0222,0.0062638,0.00627543
-0.0218,0,0
-0.0214,0,0
-0.021,0,0
-0.0206,0,0
-0.0202,0,0
-0.0198,0,0
-0.0194,0,0
-0.019,0,0
-0.0186,0,0
-0.0182,0,0
-0.0178,0,0
-0.0174,0.00385156,0.00520746
-0.017,0.00676565,0.00677922
-0.0166,0.00447159,0.00527294
-0.0162,0.00620063,0.00621203
-0.0158,0,0
-0.0154,0.00578423,0.00599879
-0.015,0,0
-0.0146,0.00607701,0.00608796
-0.0142,0,0
-0.0138,0.0100469,0.00803045
-0.0134,0.00644221,0.00645451
-0.013,0,0
-0.0126,0.00251053,0.00412092
-0.0122,0,0
-0.0118,0.00638791,0.0064
-0.0114,0,0
-0.011,0.00652158,0.00653418
-0.0106,0.0132927,0.0089693
-0.0102,0.00616819,0.00617947
-0.0098,0.0119062,0.0084338
-0.0094,0,0
-0.009,0.00587873,0.00588898
-0.0086,0.00587853,0.00588878
-0.0082,0.0115608,0.00818879
-0.0078,0,0
-0.0074,0,0
-0.007,0.0180591,0.0104482
-0.0066,0.00602548,0.00603625
-0.0062,0,0
-0.0058,0.0256258,0.0128374
-0.0054,0.0125484,0.00888956
-0.005,0.0063996,0.00641175
-0.0046,0,0
-0.0042,0.0369479,0.0165662
-0.0038,0.0255165,0.0131996
-0.0034,0.0381615,0.0150332
-0.003,0.0560951,0.0183946
-0.0026,0.108909,0.0259919
-0.0022,0.198944,0.0351338
-0.0018,0.241513,0.0379008
-0.0014,0.410557,0.0491672
-0.001,0.769787,0.0695149
-0.0006,0.809192,0.0694756
-0.0002,0.94233,0.0756839
0.0002,1.03222,0.0801055
0.0006,0.812737,0.0705036
0.001,0.586008,0.0596984
0.0014,0.326894,0.0446732
0.0018,0.156766,0.0296811
0.0022,0.13156,0.029246
0.0026,0.0836039,0.0228036
0.003,0.0605044,0.0195715
0.0034,0.0188783,0.01092
0.0038,0.0102105,0.00840629
0.0042,0.0249886,0.0125193
0.0046,0.00605466,0.00606554
0.005,0.0060541,0.00606498
0.0054,0.00613874,0.00614993
0.0058,0,0
0.0062,0,0
0.0066,0,0
0.007,0.00617898,0.00619032
0.0074,0,0
0.0078,0.00644729,0.00645964
0.0082,0,0
0.0086,0,0
0.009,0.00656869,0.00658151
0.0094,0.0125718,0.00892711
0.0098,0.00588302,0.0058933
0.0102,0,0
0.0106,0.0061366,0.00614779
0.011,0.00613625,0.00614744
0.0114,0,0
0.0118,0.0123914,0.00877817
0.0122,0,0
0.0126,0,0
0.013,0.00284404,0.00414985
0.0134,0.016438,0.00993613
0.0138,0,0
0.0142,0,0
0.0146,0.0101879,0.00804481
0.015,0.00632823,0.00634013
0.0154,0,0
0.0158,0,0
0.0162,0.00572857,0.00573833
0.0166,0,0
0.017,0,0
0.0174,0,0
0.0178,0,0
0.0182,0,0
0.0186,0.00604579,0.00605666
0.019,0.00432968,0.0051254
0.0194,0,0
0.0198,0,0
0.0202,0,0
0.0206,0.00614416,0.00615539
0.021,0.00614409,0.00615532
0.0214,0,0
0.0218,0,0
0.0222,0,0
0.0226,0,0
0.023,0,0
0.0234,0,0
0.0238,0,0
0.0242,0.0124811,0.0088419
0.0246,0,0
0.025,0,0
0.0254,0,0
0.0258,0.00635855,0.00637058
0.0262,0,0
0.0266,0,0
0.027,0,0
0.0274,0,0
0.0278,0,0
0.0282,0,0
0.0286,0,0
0.029,0,0
0.0294,0,0
0.0298,0.00646591,0.00647836
0.0302,0,0
0.0306,0,0
0.031,0.00670341,0.00671679
0.0314,0,0
0.0318,0,0
0.0322,0.00588157,0.00589187
0.0326,0.00607678,0.00608778
0.033,0,0
0.0334,0,0
0.0338,0,0
0.0342,0,0
0.0346,0.000602381,0.00196961
0.035,0,0
0.0354,0,0
0.0358,0,0
0.0362,0,0
0.0366,0,0
0.037,0.0112403,0.00797292
0.0374,0,0
0.0378,0,0
0.0382,0.00663769,0.00665081
0.0386,0,0
0.039,0,0
0.0394,0,0
0.0398,0,0
0.0402,0,0
0.0406,0,0
0.041,0,0
0.0414,0,0
0.0418,0.0127896,0.00906088
0.0422,0,0
0.0426,0.0184709,0.010684
0.043,0,0
0.0434,0,0
0.0438,0.00586382,0.00587407
0.0442,0,0
0.0446,0.0059312,0.00594169
0.045,0,0
0.0454,0.00587224,0.00588252
0.0458,0,0
0.0462,0.0059926,0.00600331
0.0466,0,0
0.047,0,0
0.0474,0,0
0.0478,0,0
0.0482,0,0
0.0486,0,0
0.049,0.00599604,0.00600677
0.0494,0,0
0.0498,0,0
0.0502,0.00597717,0.00598783
0.0506,0,0
0.051,0.00584818,0.00585838
0.0514,0.00618161,0.00619301
0.0518,0,0
0.0522,0,0
0.0526,0.00598456,0.00599524
0.053,0,0
0.0534,0.0063734,0.00638551
0.0538,0,0
0.0542,0,0
0.0546,0.0120862,0.00859951
0.055,0,0
0.0554,0,0
0.0558,0,0
0.0562,0,0
0.0566,0,0
0.057,0,0
0.0574,0,0
0.0578,0,0
0.0582,0,0
0.0586,0,0
0.059,0,0
0.0594,0,0
0.0598,0,0
0.0602,0,0
0.0606,0.00635466,0.00636671
0.061,0,0
0.0614,0,0
0.0618,0.00601286,0.00602365
0.0622,0,0
0.0626,0,0
0.063,0,0
0.0634,0,0
0.0638,0,0
0.0642,0,0
0.0646,0,0
0.065,0.00265826,0.00404913
0.0654,0,0
0.0658,0,0
0.0662,0,0
0.0666,0,0
0.067,0,0
0.0674,0,0
0.0678,0,0
0.0682,0.00637542,0.00638755
0.0686,0.0123404,0.00874206
0.069,0.00693244,0.00655229
0.0694,0.00523956,0.00568001
0.0698,0,0
0.0702,0,0
0.0706,0,0
0.071,0,0
0.0714,0,0
0.0718,0,0
0.0722,0,0
0.0726,0,0
0.073,0,0
0.0734,0,0
0.0738,0,0
0.0742,0,0
0.0746,0,0
0.075,0,0
0.0754,0.00570656,0.00571628
0.0758,0,0
0.0762,0,0
0.0766,0,0
0.077,0,0
0.0774,0,0
0.0778,0,0
0.0782,0,0
0.0786,0.00585136,0.00586158
0.079,0,0
0.0794,0.00622869,0.00624027
0.0798,0,0
0.0802,0,0
0.0806,0,0
0.081,0.00576633,0.00577626
0.0814,0,0
0.0818,0.0121648,0.00861742
0.0822,0,0
0.0826,0.00608326,0.00609431
0.083,0,0
0.0834,0,0
0.0838,0,0
0.0842,0,0
0.0846,0,0
0.085,0,0
0.0854,0.00547212,0.00548106
0.0858,0.00575736,0.00576726
0.0862,0,0
0.0866,0,0
0.087,0,0
0.0874,0,0
0.0878,0,0
0.0882,0,0
0.0886,0,0
0.089,0,0
0.0894,0,0
0.0898,0,0
0.0902,0,0
0.0906,0,0
0.091,0,0
0.0914,0,0
0.0918,0,0
0.0922,0,0
0.0926,0,0
0.093,0,0
0.0934,0.00443997,0.00538004
0.0938,0,0
0.0942,0.00159362,0.00314912
0.0946,0,0
0.095,0,0
0.0954,0,0
0.0958,0,0
0.0962,0,0
0.0966,0,0
0.097,0,0
0.0974,0,0
0.0978,0,0
0.0982,0,0
0.0986,0.00165193,0.00324305
0.099,0,0
0.0994,0,0
0.0998,0,0
0.1002,0,0
0.1006,0,0
0.101,0,0
0.1014,0,0
0.1018,0.0131603,0.00932405
0.1022,0,0
0.1026,0,0
0.103,0,0
0.1034,0,0
0.1038,0,0
0.1042,0,0
0.1046,0,0
0.105,0,0
0.1054,0,0
0.1058,0,0
0.1062,0,0
0.1066,0,0
0.107,0,0
0.1074,0,0
0.1078,0,0
0.1082,0,0
0.1086,0,0
0.109,0,0
0.1094,0.0074096,0.00742596
0.1098,0,0
0.1102,0,0
0.1106,0,0
0.111,0,0
0.1114,0,0
0.1118,0,0
0.1122,0.00906716,0.00909162
0.1126,0,0
0.113,0,0
0.1134,0,0
0.1138,0,0
0.1142,0,0
0.1146,0.00932295,0.00934881
0.115,0,0
0.1154,0,0
0.1158,0,0
0.1162,0,0
0.1166,0.0100184,0.0100483
0.117,0,0
0.1174,0,0
0.1178,0,0
0.1182,0,0
0.1186,0,0
0.119,0,0
0.1194,0,0
0.1198,0,0
5
-0.1198,0,0
-0.1194,0,0
-0.119,0,0
-0.1186,0.00575278,0.00576284
-0.1182,0,0
-0.1178,0,0
-0.1174,0,0
-0.117,0,0
-0.1166,0,0
-0.1162,0,0
-0.1158,0,0
-0.1154,0,0
-0.115,0,0
-0.1146,0,0
-0.1142,0.00612434,0.00613571
-0.1138,0,0
-0.1134,0,0
-0.113,0,0
-0.1126,0,0
-0.1122,0,0
-0.1118,0,0
-0.1114,0,0
-0.111,0,0
-0.1106,0,0
-0.1102,0,0
-0.1098,0.0129426,0.00916973
-0.1094,0.00670359,0.00671716
-0.109,0,0
-0.1086,0,0
-0.1082,0,0
-0.1078,0,0
-0.1074,0,0
-0.107,0,0
-0.1066,0,0
-0.1062,0.00777907,0.0077973
-0.1058,0,0
-0.1054,0,0
-0.105,0,0
-0.1046,0,0
-0.1042,0,0
-0.1038,0,0
-0.1034,0,0
-0.103,0,0
-0.1026,0,0
-0.1022,0,0
-0.1018,0,0
-0.1014,0,0
-0.101,0,0
-0.1006,0,0
-0.1002,0,0
-0.0998,0,0
-0.0994,0.0124739,0.00883691
-0.099,0,0
-0.0986,0,0
-0.0982,0,0
-0.0978,0,0
-0.0974,0,0
-0.097,0,0
-0.0966,0,0
-0.0962,0,0
-0.0958,0.0069844,0.00699899
-0.0954,0,0
-0.095,0.00683349,0.00684745
-0.0946,0,0
-0.0942,0,0
-0.0938,0.00617628,0.00618768
-0.0934,0,0
-0.093,0,0
-0.0926,0,0
-0.0922,0,0
-0.0918,0,0
-0.0914,0,0
-0.091,0,0
-0.0906,0,0
-0.0902,0,0
-0.0898,0,0
-0.0894,0,0
-0.089,0,0
-0.0886,0,0
-0.0882,0,0
-0.0878,0,0
-0.0874,0.00452519,0.00527849
-0.087,0.00069876,0.002129
-0.0866,0.0070756,0.00709048
-0.0862,0.00641652,0.00642876
-0.0858,0,0
-0.0854,0.00723427,0.00724982
-0.085,0,0
-0.0846,0,0
-0.0842,0,0
-0.0838,0,0
-0.0834,0,0
-0.083,0,0
-0.0826,0,0
-0.0822,0.00652271,0.00653533
-0.0818,0,0
-0.0814,0,0
-0.081,0,0
-0.0806,0,0
-0.0802,0,0
-0.0798,0,0
-0.0794,0,0
-0.079,0.00627409,0.00628574
-0.0786,0.00652811,0.00654073
-0.0782,0.00645331,0.00646563
-0.0778,0,0
-0.0774,0.0063771,0.00638913
-0.077,0,0
-0.0766,0,0
-0.0762,0,0
-0.0758,0,0
-0.0754,0,0
-0.075,0,0
-0.0746,0.00643608,0.00644832
-0.0742,0,0
-0.0738,0,0
-0.0734,0,0
-0.073,0,0
-0.0726,0,0
-0.0722,0.00612725,0.00613833
-0.0718,0,0
-0.0714,0.00581457,0.00582455
-0.071,0,0
-0.0706,0,0
-0.0702,0.00601882,0.0060295
-0.0698,0,0
-0.0694,0,0
-0.069,0,0
-0.0686,0.0110588,0.00858013
-0.0682,0,0
-0.0678,0,0
-0.0674,0,0
-0.067,0,0
-0.0666,0,0
-0.0662,0,0
-0.0658,0,0
-0.0654,0,0
-0.065,0,0
-0.0646,0.00669157,0.00670473
-0.0642,0.00589818,0.00590841
-0.0638,0,0
-0.0634,0,0
-0.063,0,0
-0.0626,0,0
-0.0622,0.00617325,0.00618444
-0.0618,0,0
-0.0614,0,0
-0.061,0,0
-0.0606,0,0
-0.0602,0,0
-0.0598,0,0
-0.0594,0.013777,0.0097615
-0.059,0,0
-0.0586,0,0
-0.0582,0,0
-0.0578,0,0
-0.0574,0,0
-0.057,0,0
-0.0566,0,0
-0.0562,0.00587223,0.00588233
-0.0558,0,0
-0.0554,0,0
-0.055,0,0
-0.0546,0.00644907,0.00646124
-0.0542,0,0
-0.0538,0,0
-0.0534,0,0
-0.053,0,0
-0.0526,0,0
-0.0522,0,0
-0.0518,0.0063376,0.00634934
-0.0514,0.00658212,0.00659478
-0.051,0,0
-0.0506,0,0
-0.0502,0,0
-0.0498,0,0
-0.0494,0,0
-0.049,0,0
-0.0486,0,0
-0.0482,0,0
-0.0478,0,0
-0.0474,0,0
-0.047,0.00637915,0.00639102
-0.0466,0,0
-0.0462,0,0
-0.0458,0,0
-0.0454,0,0
-0.045,0,0
-0.0446,0,0
-0.0442,0,0
-0.0438,0,0
-0.0434,0,0
-0.043,0,0
-0.0426,0,0
-0.0422,0,0
-0.0418,0,0
-0.0414,0,0
-0.041,0.00720771,0.00722283
-0.0406,0,0
-0.0402,0,0
-0.0398,0,0
-0.0394,0.00630363,0.0063152
-0.039,0,0
-0.0386,0,0
-0.0382,0.00619681,0.00620798
-0.0378,0,0
-0.0374,0,0
-0.037,0,0
-0.0366,0,0
-0.0362,0.00664163,0.00653323
-0.0358,0.00603301,0.00604359
-0.0354,0,0
-0.035,0,0
-0.0346,0.00652299,0.00653536
-0.0342,0,0
-0.0338,0,0
-0.0334,0,0
-0.033,0,0
-0.0326,0,0
-0.0322,0,0
-0.0318,0,0
-0.0314,0,0
-0.031,0,0
-0.0306,0.0122841,0.00870218
-0.0302,0.0064179,0.00642985
-0.0298,0,0
-0.0294,0,0
-0.029,0.00731692,0.00733245
-0.0286,0,0
-0.0282,0,0
-0.0278,0,0
-0.0274,0,0
-0.027,0.0067463,0.0067595
-0.0266,0,0
-0.0262,0,0
-0.0258,0,0
-0.0254,0,0
-0.025,0,0
-0.0246,0,0
-0.0242,0.00619895,0.00621009
-0.0238,0,0
-0.0234,0,0
-0.023,0,0
-0.0226,0,0
-0.0222,0,0
-0.0218,0,0
-0.0214,0.00626717,0.00627855
-0.021,0.00664087,0.00665364
-0.0206,0,0
-0.0202,0,0
-0.0198,0,0
-0.0194,0,0
-0.019,0,0
-0.0186,0,0
-0.0182,0,0
-0.0178,0,0
-0.0174,0.00718198,0.00719691
-0.017,0.00693066,0.00694456
-0.0166,0.0017657,0.00335372
-0.0162,0,0
-0.0158,0.00669143,0.00670439
-0.0154,0,0
-0.015,0.00642499,0.00643694
-0.0146,0,0
-0.0142,0.00652492,0.00653723
-0.0138,0,0
-0.0134,0,0
-0.013,0,0
-0.0126,0,0
-0.0122,0.00674129,0.00675442
-0.0118,0,0
-0.0114,0,0
-0.011,0,0
-0.0106,0,0
-0.0102,0,0
-0.0098,0,0
-0.0094,0.00596547,0.00597576
-0.009,0.00603263,0.00604315
-0.0086,0.0060331,0.00604362
-0.0082,0.00593318,0.00594335
-0.0078,0,0
-0.0074,0.0059672,0.00597749
-0.007,0.00624725,0.00627912
-0.0066,0.0123769,0.00876742
-0.0062,0,0
-0.0058,0.00659634,0.0066089
-0.0054,0,0
-0.005,0.013023,0.00922642
-0.0046,0.00657662,0.0065891
-0.0042,0.0148526,0.0105249
-0.0038,0.0295544,0.0148824
-0.0034,0.0497309,0.0173414
-0.003,0.0565216,0.018754
-0.0026,0.140278,0.0299648
-0.0022,0.206907,0.036352
-0.0018,0.339924,0.0459785
-0.0014,0.484925,0.0540826
-0.001,0.863826,0.074627
-0.0006,0.999606,0.0782378
-0.0002,1.03918,0.0804911
0.0002,0.936859,0.0773073
0.0006,0.6591,0.064403
0.001,0.532456,0.0577287
0.0014,0.376924,0.0487757
0.0018,0.208057,0.0351673
0.0022,0.103617,0.0263295
0.0026,0.0896936,0.0240413
0.003,0.0182187,0.0105371
0.0034,0.0258794,0.0129642
0.0038,0.0212851,0.0123142
0.0042,0.0257227,0.0128871
0.0046,0.0186973,0.0108144
0.005,0.00623225,0.00624345
0.0054,0,0
0.0058,0,0
0.0062,0.00624371,0.00625495
0.0066,0.00636167,0.00637335
0.007,0.00636141,0.00637309
0.0074,0,0
0.0078,0,0
0.0082,0.00648434,0.00649647
0.0086,0,0
0.009,0.00610613,0.00611689
0.0094,0,0
0.0098,0,0
0.0102,0,0
0.0106,0,0
0.011,0,0
0.0114,0,0
0.0118,0.00638056,0.00639231
0.0122,0,0
0.0126,0,0
0.013,0.00328516,0.00452646
0.0134,0.0062647,0.00627602
0.0138,0,0
0.0142,0,0
0.0146,0.00614171,0.00600454
0.015,0,0
0.0154,0.0118666,0.00840538
0.0158,0,0
0.0162,0.00599189,0.00600225
0.0166,0,0
0.017,0,0
0.0174,0,0
0.0178,0,0
0.0182,0,0
0.0186,0,0
0.019,0,0
0.0194,0.00655873,0.00657114
0.0198,0,0
0.0202,0,0
0.0206,0,0
0.021,0.00566944,0.00567872
0.0214,0,0
0.0218,0,0
0.0222,0,0
0.0226,0,0
0.023,0,0
0.0234,0,0
0.0238,0.00630492,0.00631639
0.0242,0,0
0.0246,0,0
0.025,0,0
0.0254,0.00620247,0.00621357
0.0258,0,0
0.0262,0,0
0.0266,0.00665846,0.00667125
0.027,0,0
0.0274,0,0
0.0278,0.0129057,0.00914275
0.0282,0,0
0.0286,0.00605095,0.00606152
0.029,0.00626639,0.00627772
0.0294,0,0
0.0298,0,0
0.0302,0.0066837,0.00669658
0.0306,0,0
0.031,0,0
0.0314,0,0
0.0318,0.00637365,0.00638536
0.0322,0,0
0.0326,0,0
0.033,0.00627554,0.0062869
0.0334,0,0
0.0338,0,0
0.0342,0,0
0.0346,0,0
0.035,0,0
0.0354,0,0
0.0358,0,0
0.0362,0,0
0.0366,0,0
0.037,0,0
0.0374,0,0
0.0378,0.00686532,0.0068789
0.0382,0,0
0.0386,0,0
0.039,0,0
0.0394,0,0
0.0398,0,0
0.0402,0,0
0.0406,0.0119923,0.00849453
0.041,0,0
0.0414,0,0
0.0418,0,0
0.0422,0,0
0.0426,0,0
0.043,0.00642857,0.00644047
0.0434,0,0
0.0438,0,0
0.0442,0,0
0.0446,0,0
0.045,0,0
0.0454,0,0
0.0458,0,0
0.0462,0,0
0.0466,0,0
0.047,0,0
0.0474,0,0
0.0478,0.00630786,0.00631931
0.0482,0,0
0.0486,0,0
0.049,0.00621331,0.00622442
0.0494,0,0
0.0498,0.00740205,0.00741781
0.0502,0,0
0.0506,0.0063426,0.00635417
0.051,0,0
0.0514,0,0
0.0518,0.00675915,0.00677229
0.0522,0,0
0.0526,0,0
0.053,0,0
0.0534,0,0
0.0538,0,0
0.0542,0.00623407,0.00624524
0.0546,0.006341,0.00629877
0.055,0,0
0.0554,0,0
0.0558,0,0
0.0562,0,0
0.0566,0.00665311,0.00666583
0.057,0,0
0.0574,0,0
0.0578,0,0
0.0582,0.00654674,0.00655905
0.0586,0,0
0.059,0,0
0.0594,0,0
0.0598,0,0
0.0602,0.00660385,0.00661637
0.0606,0,0
0.061,0,0
0.0614,0,0
0.0618,0,0
0.0622,0,0
0.0626,0,0
0.063,0,0
0.0634,0,0
0.0638,0,0
0.0642,0,0
0.0646,0,0
0.065,0,0
0.0654,0,0
0.0658,0,0
0.0662,0,0
0.0666,0,0
0.067,0.00639073,0.00640244
0.0674,0,0
0.0678,0,0
0.0682,0,0
0.0686,0,0
0.069,0,0
0.0694,0,0
0.0698,0,0
0.0702,0,0
0.0706,0,0
0.071,0,0
0.0714,0.00621908,0.00623015
0.0718,0.00615702,0.00616787
0.0722,0,0
0.0726,0.00638908,0.00640076
0.073,0.00565229,0.00566144
0.0734,0,0
0.0738,0,0
0.0742,0.00768698,0.00682521
0.0746,0,0
0.075,0,0
0.0754,0.0177949,0.0102913
0.0758,0,0
0.0762,0,0
0.0766,0.00700871,0.00702274
0.077,0,0
0.0774,0.00646829,0.00648025
0.0778,0,0
0.0782,0,0
0.0786,0,0
0.079,0,0
0.0794,0,0
0.0798,0,0
0.0802,0,0
0.0806,0,0
0.081,0,0
0.0814,0,0
0.0818,0,0
0.0822,0,0
0.0826,0,0
0.083,0,0
0.0834,0,0
0.0838,0,0
0.0842,0,0
0.0846,0,0
0.085,0.00638614,0.00639776
0.0854,0,0
0.0858,0,0
0.0862,0,0
0.0866,0,0
0.087,0.00675186,0.00676483
0.0874,0,0
0.0878,0,0
0.0882,0.00685721,0.00687059
0.0886,0,0
0.089,0,0
0.0894,0,0
0.0898,0,0
0.0902,0,0
0.0906,0,0
0.091,0,0
0.0914,0.00626123,0.00627238
0.0918,0,0
0.0922,0.00638289,0.00639446
0.0926,0,0
0.093,0,0
0.0934,0.00631249,0.0063238
0.0938,0,0
0.0942,0.00651621,0.00652827
0.0946,0,0
0.095,0,0
0.0954,0,0
0.0958,0,0
0.0962,0,0
0.0966,0,0
0.097,0,0
0.0974,0,0
0.0978,0,0
0.0982,0,0
0.0986,0.00637355,0.00638506
0.099,0.00680765,0.00682078
0.0994,0.00746803,0.00748383
0.0998,0,0
0.1002,0,0
0.1006,0,0
0.101,0,0
0.1014,0,0
0.1018,0,0
0.1022,0,0
0.1026,0,0
0.103,0,0
0.1034,0,0
0.1038,0,0
0.1042,0,0
0.1046,0,0
0.105,0,0
0.1054,0,0
0.1058,0,0
0.1062,0.00832644,0.00834601
0.1066,0,0
0.107,0,0
0.1074,0,0
0.1078,0,0
0.1082,0,0
0.1086,0,0
0.109,0,0
0.1094,0,0
0.1098,0,0
0.1102,0.00849824,0.00851858
0.1106,0.0070605,0.00805752
0.111,0,0
0.1114,0,0
0.1118,0,0
0.1122,0.00958839,0.00961426
0.1126,0,0
0.113,0,0
0.1134,0,0
0.1138,0.00903676,0.00905973
0.1142,0,0
0.1146,0,0
0.115,0,0
0.1154,0,0
0.1158,0,0
0.1162,0,0
0.1166,0,0
0.117,0,0
0.1174,0,0
0.1178,0,0
0.1182,0,0
0.1186,0,0
0.119,0,0
0.1194,0,0
0.1198,0,0
6
-0.1198,0,0
-0.1194,0,0
-0.119,0,0
-0.1186,0,0
-0.1182,0,0
-0.1178,0,0
-0.1174,0,0
-0.117,0,0
-0.1166,0,0
-0.1162,0,0
-0.1158,0,0
-0.1154,0,0
-0.115,0,0
-0.1146,0,0
-0.1142,0,0
-0.1138,0,0
-0.1134,0,0
-0.113,0,0
-0.1126,0,0
-0.1122,0,0
-0.1118,0,0
-0.1114,0,0
-0.111,0,0
-0.1106,0,0
-0.1102,0,0
-0.1098,0.00576739,0.00577866
-0.1094,0,0
-0.109,0,0
-0.1086,0,0
-0.1082,0,0
-0.1078,0.00549477,0.00550499
-0.1074,0,0
-0.107,0,0
-0.1066,0,0
-0.1062,0,0
-0.1058,0,0
-0.1054,0,0
-0.105,0,0
-0.1046,0,0
-0.1042,0,0
-0.1038,0,0
-0.1034,0,0
-0.103,0,0
-0.1026,0.00561563,0.00562625
-0.1022,0.00561757,0.0056282
-0.1018,0,0
-0.1014,0,0
-0.101,0,0
-0.1006,0,0
-0.1002,0,0
-0.0998,0,0
-0.0994,0,0
-0.099,0,0
-0.0986,0,0
-0.0982,0,0
-0.0978,0.00565737,0.00566811
-0.0974,0,0
-0.097,0,0
-0.0966,0.00533863,0.00534818
-0.0962,0,0
-0.0958,0.00623472,0.00624774
-0.0954,0,0
-0.095,0,0
-0.0946,0.00549432,0.00550443
-0.0942,0,0
-0.0938,0.00551611,0.00552629
-0.0934,0,0
-0.093,0,0
-0.0926,0,0
-0.0922,0,0
-0.0918,0,0
-0.0914,0,0
-0.091,0,0
-0.0906,0,0
-0.0902,0,0
-0.0898,0,0
-0.0894,0.00576063,0.00577169
-0.089,0,0
-0.0886,0,0
-0.0882,0,0
-0.0878,0,0
-0.0874,0,0
-0.087,0.00513279,0.0054455
-0.0866,0,0
-0.0862,0,0
-0.0858,0,0
-0.0854,0,0
-0.085,0,0
-0.0846,0,0
-0.0842,0,0
-0.0838,0,0
-0.0834,0,0
-0.083,0,0
-0.0826,0,0
-0.0822,0.005764,0.00577515
-0.0818,0,0
-0.0814,0,0
-0.081,0.0107092,0.00758617
-0.0806,0,0
-0.0802,0,0
-0.0798,0,0
-0.0794,0,0
-0.079,0,0
-0.0786,0,0
-0.0782,0,0
-0.0778,0,0
-0.0774,0,0
-0.077,0.00527131,0.00528069
-0.0766,0,0
-0.0762,0,0
-0.0758,0,0
-0.0754,0,0
-0.075,0,0
-0.0746,0,0
-0.0742,0,0
-0.0738,0,0
-0.0734,0,0
-0.073,0,0
-0.0726,0,0
-0.0722,0,0
-0.0718,0,0
-0.0714,0,0
-0.071,0,0
-0.0706,0,0
-0.0702,0,0
-0.0698,0,0
-0.0694,0,0
-0.069,0,0
-0.0686,0,0
-0.0682,0,0
-0.0678,0.00535379,0.00536355
-0.0674,0,0
-0.067,0,0
-0.0666,0.0111961,0.00793465
-0.0662,0,0
-0.0658,0,0
-0.0654,0,0
-0.065,0,0
-0.0646,0,0
-0.0642,0,0
-0.0638,0,0
-0.0634,0,0
-0.063,0,0
-0.0626,0,0
-0.0622,0,0
-0.0618,0,0
-0.0614,0,0
-0.061,0,0
-0.0606,0,0
-0.0602,0,0
-0.0598,0,0
-0.0594,0,0
-0.059,0.00563033,0.0056412
-0.0586,0,0
-0.0582,0,0
-0.0578,0,0
-0.0574,0,0
-0.057,0,0
-0.0566,0,0
-0.0562,0,0
-0.0558,0,0
-0.0554,0,0
-0.055,0.00584964,0.00586141
-0.0546,0,0
-0.0542,0,0
-0.0538,0,0
-0.0534,0,0
-0.053,0,0
-0.0526,0,0
-0.0522,0,0
-0.0518,0.00537201,0.00538196
-0.0514,0,0
-0.051,0,0
-0.0506,0,0
-0.0502,0,0
-0.0498,0,0
-0.0494,0,0
-0.049,0,0
-0.0486,0.0053377,0.00534755
-0.0482,0,0
-0.0478,0,0
-0.0474,0,0
-0.047,0,0
-0.0466,0,0
-0.0462,0,0
-0.0458,0,0
-0.0454,0,0
-0.045,0,0
-0.0446,0,0
-0.0442,0.00536056,0.00537052
-0.0438,0,0
-0.0434,0,0
-0.043,0,0
-0.0426,0,0
-0.0422,0,0
-0.0418,0,0
-0.0414,0,0
-0.041,0,0
-0.0406,0,0
-0.0402,0,0
-0.0398,0,0
-0.0394,0,0
-0.039,0,0
-0.0386,0,0
-0.0382,0,0
-0.0378,0,0
-0.0374,0.0056244,0.00563541
-0.037,0,0
-0.0366,0,0
-0.0362,0.00514228,0.00525074
-0.0358,0,0
-0.0354,0,0
-0.035,0,0
-0.0346,0.00543416,0.00544446
-0.0342,0,0
-0.0338,0,0
-0.0334,0,0
-0.033,0,0
-0.0326,0,0
-0.0322,0,0
-0.0318,0,0
-0.0314,0,0
-0.031,0.00515561,0.0051649
-0.0306,0,0
-0.0302,0.0053269,0.00533682
-0.0298,0,0
-0.0294,0,0
-0.029,0,0
-0.0286,0.00606625,0.00607912
-0.0282,0,0
-0.0278,0.010536,0.00746542
-0.0274,0,0
-0.027,0,0
-0.0266,0.00545475,0.00546517
-0.0262,0,0
-0.0258,0,0
-0.0254,0,0
-0.025,0,0
-0.0246,0,0
-0.0242,0,0
-0.0238,0,0
-0.0234,0,0
-0.023,0,0
-0.0226,0.00529227,0.0053021
-0.0222,0,0
-0.0218,0.00517035,0.00517974
-0.0214,0,0
-0.021,0,0
-0.0206,0,0
-0.0202,0,0
-0.0198,0.00547118,0.0054817
-0.0194,0,0
-0.019,0,0
-0.0186,0,0
-0.0182,0.0050266,0.00503548
-0.0178,0,0
-0.0174,0,0
-0.017,0,0
-0.0166,0,0
-0.0162,0.0052236,0.0052332
-0.0158,0,0
-0.0154,0,0
-0.015,0,0
-0.0146,0,0
-0.0142,0,0
-0.0138,0,0
-0.0134,0,0
-0.013,0,0
-0.0126,0,0
-0.0122,0,0
-0.0118,0,0
-0.0114,0,0
-0.011,0,0
-0.0106,0,0
-0.0102,0,0
-0.0098,0,0
-0.0094,0,0
-0.009,0,0
-0.0086,0,0
-0.0082,0,0
-0.0078,0.00479432,0.00480243
-0.0074,0,0
-0.007,3.35839e-05,0.000416428
-0.0066,0,0
-0.0062,0.00539434,0.00540461
-0.0058,0.0053937,0.00540397
-0.0054,0.00527026,0.00528007
-0.005,0.0106449,0.00754161
-0.0046,0.0106422,0.0075397
-0.0042,0.00606779,0.00608078
-0.0038,0.0192374,0.0111319
-0.0034,0.00998351,0.00707187
-0.003,0.0455806,0.0152214
-0.0026,0.0520572,0.016493
-0.0022,0.0779216,0.0201568
-0.0018,0.123328,0.0247462
-0.0014,0.184962,0.0300797
-0.001,0.280572,0.0382734
-0.0006,0.31928,0.04
-0.0002,0.313945,0.0399657
0.0002,0.368196,0.0437861
0.0006,0.286236,0.0383238
0.001,0.254627,0.036052
0.0014,0.196148,0.0318845
0.0018,0.135099,0.0256334
0.0022,0.0978713,0.0231136
0.0026,0.0677561,0.0188473
0.003,0.0628749,0.0181934
0.0034,0.0210471,0.0105432
0.0038,0.00529835,0.00530826
0.0042,0.0209945,0.0105182
0.0046,0.0254367,0.0113962
0.005,0.0153352,0.00886979
0.0054,0,0
0.0058,0.00509851,0.00510769
0.0062,0,0
0.0066,0.00519596,0.00520549
0.007,0.00491998,0.00492853
0.0074,0,0
0.0078,0.010848,0.00768539
0.0082,0,0
0.0086,0,0
0.009,0,0
0.0094,0,0
0.0098,0,0
0.0102,0,0
0.0106,0.00512039,0.00515525
0.011,0,0
0.0114,0.00532292,0.0053329
0.0118,0,0
0.0122,0,0
0.0126,0.00554474,0.00555556
0.013,0.00513579,0.00514508
0.0134,0,0
0.0138,0,0
0.0142,0,0
0.0146,0,0
0.015,0,0
0.0154,0,0
0.0158,0,0
0.0162,0.00485424,0.0048625
0.0166,0,0
0.017,0,0
0.0174,0.0051524,0.00518302
0.0178,0,0
0.0182,0.00512438,0.00513357
0.0186,0,0
0.019,0,0
0.0194,0,0
0.0198,0,0
0.0202,0.00516493,0.00517423
0.0206,0,0
0.021,0,0
0.0214,0.00470105,0.00470874
0.0218,0,0
0.0222,0,0
0.0226,0,0
0.023,0.00555508,0.00556579
0.0234,0,0
0.0238,0,0
0.0242,0,0
0.0246,0.00525268,0.00526222
0.025,0,0
0.0254,0.00517737,0.00518663
0.0258,0,0
0.0262,0,0
0.0266,0,0
0.027,0,0
0.0274,0,0
0.0278,0.00540737,0.00541743
0.0282,0,0
0.0286,0,0
0.029,0,0
0.0294,0,0
0.0298,0,0
0.0302,0,0
0.0306,0,0
0.031,0,0
0.0314,0,0
0.0318,0.00501335,0.00502195
0.0322,0,0
0.0326,0,0
0.033,0,0
0.0334,0,0
0.0338,0,0
0.0342,0,0
0.0346,0,0
0.035,0,0
0.0354,0.00512768,0.00513661
0.0358,0,0
0.0362,0,0
0.0366,0.00507625,0.00508499
0.037,0,0
0.0374,0,0
0.0378,0,0
0.0382,0,0
0.0386,0,0
0.039,0,0
0.0394,0,0
0.0398,0,0
0.0402,0,0
0.0406,0,0
0.041,0,0
0.0414,0,0
0.0418,0,0
0.0422,0,0
0.0426,0,0
0.043,0,0
0.0434,0,0
0.0438,0,0
0.0442,0,0
0.0446,0,0
0.045,0,0
0.0454,0,0
0.0458,0,0
0.0462,0.0143321,0.00876316
0.0466,0,0
0.047,0,0
0.0474,0,0
0.0478,0,0
0.0482,0,0
0.0486,0,0
0.049,0,0
0.0494,0,0
0.0498,0,0
0.0502,0,0
0.0506,0,0
0.051,0,0
0.0514,0,0
0.0518,0,0
0.0522,0,0
0.0526,0,0
0.053,0,0
0.0534,0,0
0.0538,0,0
0.0542,0,0
0.0546,0.01119,0.00792711
0.055,0.00516588,0.00517467
0.0554,0,0
0.0558,0,0
0.0562,0,0
0.0566,0,0
0.057,0,0
0.0574,0,0
0.0578,0,0
0.0582,0,0
0.0586,0,0
0.059,0,0
0.0594,0,0
0.0598,0,0
0.0602,0,0
0.0606,0,0
0.061,0,0
0.0614,0,0
0.0618,0,0
0.0622,0,0
0.0626,0,0
0.063,0,0
0.0634,0,0
0.0638,0.00540501,0.0054145
0.0642,0,0
0.0646,0.00550897,0.00551881
0.065,0,0
0.0654,0.00561939,0.00562962
0.0658,0,0
0.0662,0,0
0.0666,0,0
0.067,0,0
0.0674,0,0
0.0678,0,0
0.0682,0,0
0.0686,0.00575196,0.00576263
0.069,0,0
0.0694,0,0
0.0698,0.00555605,0.00556598
0.0702,0,0
0.0706,0,0
0.071,0,0
0.0714,0,0
0.0718,0,0
0.0722,0,0
0.0726,0,0
0.073,0,0
0.0734,0.00496722,0.00497512
0.0738,0,0
0.0742,0.00434316,0.0051204
0.0746,0,0
0.075,0,0
0.0754,0,0
0.0758,0,0
0.0762,0.00536522,0.0053744
0.0766,0,0
0.077,0,0
0.0774,0.00572162,0.00573204
0.0778,0,0
0.0782,0,0
0.0786,0,0
0.079,0.00726852,0.00646018
0.0794,0,0
0.0798,0.00573475,0.00574518
0.0802,0,0
0.0806,0.00568571,0.00569595
0.081,0,0
0.0814,0.00172933,0.00301483
0.0818,0,0
0.0822,0,0
0.0826,0,0
0.083,0,0
0.0834,0,0
0.0838,0,0
0.0842,0.0069148,0.00692987
0.0846,0,0
0.085,0.00139554,0.00284525
0.0854,0,0
0.0858,0,0
0.0862,0,0
0.0866,0,0
0.087,0.00589819,0.00590911
0.0874,0,0
0.0878,0,0
0.0882,0,0
0.0886,0,0
0.089,0.00581045,0.00582101
0.0894,0,0
0.0898,0,0
0.0902,0,0
0.0906,0,0
0.091,0,0
0.0914,0,0
0.0918,0,0
0.0922,0,0
0.0926,0,0
0.093,0,0
0.0934,0,0
0.0938,0,0
0.0942,0,0
0.0946,0,0
0.095,0,0
0.0954,0,0
0.0958,0.00594018,0.00595112
0.0962,0,0
0.0966,0,0
0.097,0,0
0.0974,0,0
0.0978,0,0
0.0982,0,0
0.0986,0,0
0.099,0,0
0.0994,0,0
0.0998,0,0
0.1002,0,0
0.1006,0.00633285,0.00634521
0.101,0,0
0.1014,0,0
0.1018,0,0
0.1022,0,0
0.1026,0,0
0.103,0.00728156,0.00729785
0.1034,0,0
0.1038,0,0
0.1042,0,0
0.1046,0,0
0.105,0,0
0.1054,0,0
0.1058,0,0
0.1062,2.75228e-05,0.000452281
0.1066,0,0
0.107,0,0
0.1074,0,0
0.1078,0,0
0.1082,0,0
0.1086,0,0
0.109,0,0
0.1094,0.00720551,0.00722141
0.1098,0,0
0.1102,0,0
0.1106,0.00192077,0.00403116
0.111,0,0
0.1114,0.00779551,0.00781411
0.1118,0,0
0.1122,0,0
0.1126,0.0088153,0.00883909
0.113,0,0
0.1134,0,0
0.1138,0,0
0.1142,0.0094928,0.00952041
0.1146,0,0
0.115,0.00998983,0.0100204
0.1154,0.00786848,0.00788747
0.1158,0,0
0.1162,0,0
0.1166,0,0
0.117,0,0
0.1174,0,0
0.1178,0,0
0.1182,0,0
0.1186,0.00981597,0.00984558
0.119,0.00968764,0.00971649
0.1194,0,0
0.1198,0,0
7
-0.1198,0,0
-0.1194,0,0
-0.119,0,0
-0.1186,0,0
-0.1182,0,0
-0.1178,0,0
-0.1174,0.00552527,0.00553583
-0.117,0,0
-0.1166,0,0
-0.1162,0,0
-0.1158,0,0
-0.1154,0,0
-0.115,0,0
-0.1146,0,0
-0.1142,0,0
-0.1138,0,0
-0.1134,0,0
-0.113,0,0
-0.1126,0,0
-0.1122,0,0
-0.1118,0,0
-0.1114,0,0
-0.111,0,0
-0.1106,0,0
-0.1102,0,0
-0.1098,0,0
-0.1094,0.00581461,0.00582638
-0.109,0,0
-0.1086,0,0
-0.1082,0,0
-0.1078,0,0
-0.1074,0,0
-0.107,0,0
-0.1066,0,0
-0.1062,0,0
-0.1058,0,0
-0.1054,0,0
-0.105,0,0
-0.1046,0,0
-0.1042,0,0
-0.1038,0,0
-0.1034,0.00553631,0.00554703
-0.103,0,0
-0.1026,0,0
-0.1022,0,0
-0.1018,0,0
-0.1014,0,0
-0.101,0.00517648,0.00518587
-0.1006,0,0
-0.1002,0,0
-0.0998,0.0056762,0.00568751
-0.0994,0,0
-0.099,0,0
-0.0986,0.00508548,0.00509457
-0.0982,0,0
-0.0978,0,0
-0.0974,0,0
-0.097,0,0
-0.0966,0,0
-0.0962,0,0
-0.0958,0,0
-0.0954,0,0
-0.095,0.00579098,0.00580281
-0.0946,0,0
-0.0942,0,0
-0.0938,0.00516253,0.00517194
-0.0934,0,0
-0.093,0.00514798,0.00515735
-0.0926,0,0
-0.0922,0,0
-0.0918,0.00538181,0.00539207
-0.0914,0,0
-0.091,0,0
-0.0906,0,0
-0.0902,0.0053701,0.00538032
-0.0898,0.00564144,0.00565273
-0.0894,0,0
-0.089,0,0
-0.0886,0.00517447,0.00518396
-0.0882,0,0
-0.0878,0,0
-0.0874,0,0
-0.087,0,0
-0.0866,0,0
-0.0862,0,0
-0.0858,0,0
-0.0854,0,0
-0.085,0.00527249,0.00528234
-0.0846,0,0
-0.0842,0,0
-0.0838,0,0
-0.0834,0,0
-0.083,0.00601509,0.00602789
-0.0826,0,0
-0.0822,0,0
-0.0818,0,0
-0.0814,0,0
-0.081,0,0
-0.0806,0,0
-0.0802,0,0
-0.0798,0,0
-0.0794,0,0
-0.079,0,0
-0.0786,0,0
-0.0782,0,0
-0.0778,0,0
-0.0774,0,0
-0.077,0,0
-0.0766,0,0
-0.0762,0,0
-0.0758,0.00506938,0.00507844
-0.0754,0,0
-0.075,0,0
-0.0746,0,0
-0.0742,0,0
-0.0738,0.00564944,0.00566067
-0.0734,0,0
-0.073,0,0
-0.0726,0,0
-0.0722,0.0051411,0.00515039
-0.0718,0.00991618,0.00702425
-0.0714,0,0
-0.071,0,0
-0.0706,0,0
-0.0702,0,0
-0.0698,0,0
-0.0694,0,0
-0.069,0,0
-0.0686,0.00511997,0.00512915
-0.0682,0,0
-0.0678,0,0
-0.0674,0,0
-0.067,0.00564543,0.00565658
-0.0666,0,0
-0.0662,0,0
-0.0658,0,0
-0.0654,0.00545339,0.00546377
-0.065,0,0
-0.0646,0,0
-0.0642,0,0
-0.0638,0,0
-0.0634,0,0
-0.063,0,0
-0.0626,0,0
-0.0622,0.00522662,0.00523613
-0.0618,0,0
-0.0614,0.0109605,0.00781709
-0.061,0,0
-0.0606,0,0
-0.0602,0,0
-0.0598,0,0
-0.0594,0.00582165,0.00583341
-0.059,0,0
-0.0586,0,0
-0.0582,0,0
-0.0578,0,0
-0.0574,0,0
-0.057,0,0
-0.0566,0,0
-0.0562,0,0
-0.0558,0,0
-0.0554,0.0054231,0.00543325
-0.055,0.00583186,0.0058436
-0.0546,0,0
-0.0542,0,0
-0.0538,0,0
-0.0534,0,0
-0.053,0,0
-0.0526,0.00582773,0.00583941
-0.0522,0,0
-0.0518,0,0
-0.0514,0,0
-0.051,0.00561308,0.00562389
-0.0506,0.00537865,0.00538858
-0.0502,0,0
-0.0498,0.00491891,0.0049272
-0.0494,0,0
-0.049,0,0
-0.0486,0,0
-0.0482,0,0
-0.0478,0,0
-0.0474,0.00492231,0.00493059
-0.047,0,0
-0.0466,0.00292038,0.00414335
-0.0462,0,0
-0.0458,0,0
-0.0454,0.00535657,0.00536634
-0.045,0,0
-0.0446,0,0
-0.0442,0,0
-0.0438,0.00541078,0.00542072
-0.0434,0,0
-0.043,0,0
-0.0426,0,0
-0.0422,0,0
-0.0418,0,0
-0.0414,0,0
-0.041,0,0
-0.0406,0,0
-0.0402,0,0
-0.0398,0,0
-0.0394,0,0
-0.039,0.00541173,0.0054216
-0.0386,0,0
-0.0382,0,0
-0.0378,0.0052004,0.00520949
-0.0374,0,0
-0.037,0,0
-0.0366,0,0
-0.0362,0,0
-0.0358,0,0
-0.0354,0,0
-0.035,0,0
-0.0346,0,0
-0.0342,0,0
-0.0338,0,0
-0.0334,0,0
-0.033,0.00545324,0.00546316
-0.0326,0,0
-0.0322,0.00582745,0.00583876
-0.0318,0,0
-0.0314,0,0
-0.031,0,0
-0.0306,0,0
-0.0302,0,0
-0.0298,0.0084516,0.00683393
-0.0294,0,0
-0.029,0.00641515,0.00642877
-0.0286,0,0
-0.0282,0,0
-0.0278,0,0
-0.0274,0,0
-0.027,0,0
-0.0266,0,0
-0.0262,0,0
-0.0258,0,0
-0.0254,0,0
-0.025,0,0
-0.0246,0,0
-0.0242,0,0
-0.0238,0.00727737,0.00630389
-0.0234,0,0
-0.023,0.011493,0.00814206
-0.0226,0,0
-0.0222,0,0
-0.0218,0.00872964,0.00704265
-0.0214,0,0
-0.021,0,0
-0.0206,0,0
-0.0202,0,0
-0.0198,0,0
-0.0194,0,0
-0.019,0,0
-0.0186,0,0
-0.0182,0,0
-0.0178,0,0
-0.0174,0,0
-0.017,0,0
-0.0166,0,0
-0.0162,0.00569989,0.00571036
-0.0158,0,0
-0.0154,0,0
-0.015,0,0
-0.0146,0,0
-0.0142,0,0
-0.0138,0,0
-0.0134,0,0
-0.013,0.00623279,0.00624523
-0.0126,0.00580213,0.0058129
-0.0122,0,0
-0.0118,0,0
-0.0114,0.00600584,0.00601736
-0.011,0,0
-0.0106,0.00250155,0.00371648
-0.0102,0,0
-0.0098,0,0
-0.0094,0.0062811,0.00629366
-0.009,0,0
-0.0086,0.00582764,0.00583844
-0.0082,0.0118948,0.00800051
-0.0078,0.00532809,0.00533711
-0.0074,0.0112983,0.00800941
-0.007,0,0
-0.0066,0.00563874,0.00564882
-0.0062,0,0
-0.0058,0.0119805,0.00848768
-0.0054,0.00761734,0.00674435
-0.005,0,0
-0.0046,0.00588995,0.00590091
-0.0042,0.0339486,0.0152149
-0.0038,0.0216599,0.0119751
-0.0034,0.0123563,0.00832831
-0.003,0.0234385,0.0115819
-0.0026,0.0406954,0.0154108
-0.0022,0.0641678,0.0193833
-0.0018,0.151584,0.0293173
-0.0014,0.191323,0.0325404
-0.001,0.445456,0.0513359
-0.0006,0.419334,0.0484592
-0.0002,0.474242,0.0522142
0.0002,0.517154,0.0551785
0.0006,0.509582,0.054324
0.001,0.468675,0.0519644
0.0014,0.39358,0.0479091
0.0018,0.222538,0.0347617
0.0022,0.209276,0.0359452
0.0026,0.103847,0.0246442
0.003,0.0773801,0.0214288
0.0034,0.050563,0.0173932
0.0038,0.0453827,0.0171958
0.0042,0.0238065,0.0119271
0.0046,0.0288833,0.0129404
0.005,0.00834647,0.00695975
0.0054,0.042942,0.0162698
0.0058,0.017512,0.0101291
0.0062,0.0173801,0.0100525
0.0066,0.00434369,0.00507401
0.007,0.0115013,0.00815023
0.0074,0.001757,0.00326962
0.0078,0,0
0.0082,0,0
0.0086,0,0
0.009,0,0
0.0094,0,0
0.0098,0.00561504,0.00562481
0.0102,0,0
0.0106,5.81566e-05,0.00058623
0.011,0.00588927,0.00590001
0.0114,0.00588016,0.00589086
0.0118,0.011913,0.00843933
0.0122,0,0
0.0126,0.00579722,0.00580761
0.013,0,0
0.0134,0,0
0.0138,0.0118315,0.00838149
0.0142,0,0
0.0146,0.00608534,0.00609678
0.015,0,0
0.0154,0,0
0.0158,0,0
0.0162,0,0
0.0166,0,0
0.017,0.00584514,0.0058557
0.0174,4.81451e-05,0.000533303
0.0178,0,0
0.0182,0.0057962,0.00580659
0.0186,0.00581156,0.00582201
0.019,0,0
0.0194,0,0
0.0198,0,0
0.0202,0,0
0.0206,0.00589954,0.00591032
0.021,0,0
0.0214,0.00571027,0.00572038
0.0218,0,0
0.0222,0.00599246,0.0060036
0.0226,0,0
0.023,0.011994,0.00850232
0.0234,0,0
0.0238,0,0
0.0242,0,0
0.0246,0,0
0.025,0,0
0.0254,0,0
0.0258,0,0
0.0262,0,0
0.0266,0,0
0.027,0,0
0.0274,0,0
0.0278,0.00571242,0.00572258
0.0282,0,0
0.0286,0,0
0.029,0,0
0.0294,0,0
0.0298,0,0
0.0302,0,0
0.0306,0.0128895,0.00913261
0.031,0,0
0.0314,0,0
0.0318,0,0
0.0322,0,0
0.0326,0,0
0.033,0,0
0.0334,0.0054563,0.00546562
0.0338,0,0
0.0342,0,0
0.0346,0,0
0.035,0,0
0.0354,0,0
0.0358,0,0
0.0362,0,0
0.0366,0,0
0.037,0,0
0.0374,0.0058126,0.00582322
0.0378,0,0
0.0382,0,0
0.0386,0,0
0.039,0,0
0.0394,0,0
0.0398,0.00556056,0.0055703
0.0402,0,0
0.0406,0,0
0.041,0,0
0.0414,0,0
0.0418,0,0
0.0422,0,0
0.0426,0,0
0.043,0.00582708,0.00583781
0.0434,0,0
0.0438,0,0
0.0442,0,0
0.0446,0,0
0.045,0,0
0.0454,0,0
0.0458,0,0
0.0462,0.00177236,0.00316059
0.0466,0,0
0.047,0,0
0.0474,0.00563504,0.00564512
0.0478,0,0
0.0482,0,0
0.0486,0,0
0.049,0,0
0.0494,0,0
0.0498,0,0
0.0502,0,0
0.0506,0,0
0.051,0,0
0.0514,0.00577889,0.00578955
0.0518,0,0
0.0522,0,0
0.0526,0,0
0.053,0,0
0.0534,0,0
0.0538,0,0
0.0542,0,0
0.0546,0,0
0.055,0,0
0.0554,0,0
0.0558,0,0
0.0562,0,0
0.0566,0.0114811,0.00813335
0.057,0,0
0.0574,0,0
0.0578,0,0
0.0582,0,0
0.0586,0.0106611,0.00755147
0.059,0,0
0.0594,0,0
0.0598,0,0
0.0602,0,0
0.0606,0,0
0.061,0,0
0.0614,0,0
0.0618,0,0
0.0622,0,0
0.0626,0,0
0.063,0.00602077,0.0060325
0.0634,0,0
0.0638,0,0
0.0642,0,0
0.0646,0.0055509,0.00556089
0.065,0,0
0.0654,0,0
0.0658,0,0
0.0662,0.00527556,0.00528461
0.0666,0,0
0.067,0,0
0.0674,0.00598985,0.00600154
0.0678,0,0
0.0682,0,0
0.0686,0,0
0.069,0,0
0.0694,0,0
0.0698,0,0
0.0702,0,0
0.0706,0,0
0.071,0,0
0.0714,0,0
0.0718,0.010386,0.00736132
0.0722,0.00557873,0.00558893
0.0726,0.00493273,0.00494071
0.073,0,0
0.0734,0,0
0.0738,0.00581523,0.00582632
0.0742,0,0
0.0746,0,0
0.075,0,0
0.0754,0,0
0.0758,0,0
0.0762,0,0
0.0766,0,0
0.077,0,0
0.0774,0,0
0.0778,0,0
0.0782,0,0
0.0786,0.00545392,0.00546372
0.079,0.00402,0.00471527
0.0794,0,0
0.0798,0,0
0.0802,0,0
0.0806,0,0
0.081,0,0
0.0814,0.00336315,0.00411591
0.0818,0,0
0.0822,0,0
0.0826,0,0
0.083,0,0
0.0834,0,0
0.0838,0,0
0.0842,0,0
0.0846,0,0
0.085,0.00417174,0.00479859
0.0854,0,0
0.0858,0,0
0.0862,0,0
0.0866,0,0
0.087,0,0
0.0874,0,0
0.0878,0,0
0.0882,0,0
0.0886,0,0
0.089,0,0
0.0894,0.00591386,0.00592545
0.0898,0,0
0.0902,0,0
0.0906,0,0
0.091,0,0
0.0914,0,0
0.0918,0,0
0.0922,0,0
0.0926,0,0
0.093,0.00540093,0.00541062
0.0934,0,0
0.0938,0,0
0.0942,0,0
0.0946,0,0
0.095,0,0
0.0954,0,0
0.0958,0,0
0.0962,0,0
0.0966,0,0
0.097,0.00588792,0.00589944
0.0974,0,0
0.0978,0,0
0.0982,0.00569336,0.00570413
0.0986,0,0
0.099,0,0
0.0994,0,0
0.0998,0,0
0.1002,0.00594266,0.00595439
0.1006,0,0
0.101,0,0
0.1014,0,0
0.1018,0,0
0.1022,0,0
0.1026,0,0
0.103,0,0
0.1034,0,0
0.1038,0,0
0.1042,0,0
0.1046,0,0
0.105,0,0
0.1054,0.00681492,0.00683033
0.1058,0,0
0.1062,0.00681571,0.00684391
0.1066,0.00684273,0.00685826
0.107,0,0
0.1074,0,0
0.1078,0,0
0.1082,0,0
0.1086,0.00307004,0.00465027
0.109,0.00701358,0.00702986
0.1094,0,0
0.1098,0,0
0.1102,0,0
0.1106,0,0
0.111,0,0
0.1114,0,0
0.1118,0,0
0.1122,0,0
0.1126,0,0
0.113,0.00743302,0.00745123
0.1134,0,0
0.1138,0.00772361,0.00774324
0.1142,0,0
0.1146,0,0
0.115,0,0
0.1154,0.00735406,0.00737181
0.1158,0.00841667,0.0084399
0.1162,0,0
0.1166,0,0
0.117,0,0
0.1174,0,0
0.1178,0,0
0.1182,0,0
0.1186,0,0
0.119,0,0
0.1194,0.00995018,0.00998243
0.1198,0,0
8
-0.1198,0,0
-0.1194,0,0
-0.119,0,0
-0.1186,0,0
-0.1182,0,0
-0.1178,0,0
-0.1174,0,0
-0.117,0,0
-0.1166,0,0
-0.1162,0,0
-0.1158,0,0
-0.1154,0,0
-0.115,0,0
-0.1146,0,0
-0.1142,0,0
-0.1138,0,0
-0.1134,0,0
-0.113,0,0
-0.1126,0,0
-0.1122,0,0
-0.1118,0,0
-0.1114,0,0
-0.111,0,0
-0.1106,0,0
-0.1102,0,0
-0.1098,0,0
-0.1094,0,0
-0.109,0,0
-0.1086,0,0
-0.1082,0,0
-0.1078,0,0
-0.1074,0,0
-0.107,0,0
-0.1066,0,0
-0.1062,0,0
-0.1058,0,0
-0.1054,0,0
-0.105,0,0
-0.1046,0,0
-0.1042,0,0
-0.1038,0,0
-0.1034,0.00413922,0.00414724
-0.103,0,0
-0.1026,0,0
-0.1022,0,0
-0.1018,0,0
-0.1014,0,0
-0.101,0,0
-0.1006,0,0
-0.1002,0,0
-0.0998,0,0
-0.0994,0.00401932,0.00402683
-0.099,0,0
-0.0986,0,0
-0.0982,0.00376727,0.00377386
-0.0978,0,0
-0.0974,0.0042072,0.00422116
-0.097,0.00400446,0.0040119
-0.0966,0,0
-0.0962,0,0
-0.0958,0,0
-0.0954,0,0
-0.095,0,0
-0.0946,0,0
-0.0942,0,0
-0.0938,0,0
-0.0934,0,0
-0.093,0,0
-0.0926,0,0
-0.0922,0,0
-0.0918,0,0
-0.0914,0,0
-0.091,0,0
-0.0906,0,0
-0.0902,0,0
-0.0898,0,0
-0.0894,0,0
-0.089,0,0
-0.0886,0.00834148,0.0059145
-0.0882,0,0
-0.0878,0.00418547,0.0041935
-0.0874,0,0
-0.087,0,0
-0.0866,0,0
-0.0862,0,0
-0.0858,0,0
-0.0854,0,0
-0.085,0,0
-0.0846,0,0
-0.0842,0,0
-0.0838,0.00426581,0.0042741
-0.0834,0,0
-0.083,0,0
-0.0826,0,0
-0.0822,0,0
-0.0818,0,0
-0.0814,0,0
-0.081,0,0
-0.0806,0.00405399,0.00406146
-0.0802,0,0
-0.0798,0,0
-0.0794,0,0
-0.079,0,0
-0.0786,0,0
-0.0782,0,0
-0.0778,0,0
-0.0774,0,0
-0.077,0,0
-0.0766,0,0
-0.0762,0,0
-0.0758,0.00790945,0.00560283
-0.0754,0.00391315,0.00392007
-0.075,0,0
-0.0746,0,0
-0.0742,0,0
-0.0738,0,0
-0.0734,0.00424602,0.00425415
-0.073,0,0
-0.0726,0.00398122,0.00398837
-0.0722,0,0
-0.0718,0,0
-0.0714,0,0
-0.071,0,0
-0.0706,0,0
-0.0702,0,0
-0.0698,0,0
-0.0694,0,0
-0.069,0,0
-0.0686,0.00398955,0.00399671
-0.0682,0,0
-0.0678,0,0
-0.0674,0,0
-0.067,0,0
-0.0666,0,0
-0.0662,0,0
-0.0658,0.00403079,0.00403809
-0.0654,0,0
-0.065,0,0
-0.0646,0,0
-0.0642,0,0
-0.0638,0.00445982,0.00446874
-0.0634,0.00412956,0.00413721
-0.063,0,0
-0.0626,0,0
-0.0622,0,0
-0.0618,0.00439386,0.00440251
-0.0614,0.000113942,0.000702018
-0.061,0,0
-0.0606,0,0
-0.0602,0,0
-0.0598,0.00418269,0.00419053
-0.0594,0,0
-0.059,0,0
-0.0586,0,0
-0.0582,0,0
-0.0578,0.0036802,0.00368627
-0.0574,0,0
-0.057,0.00412781,0.00413544
-0.0566,0,0
-0.0562,0,0
-0.0558,0,0
-0.0554,0,0
-0.055,0,0
-0.0546,0,0
-0.0542,0,0
-0.0538,0,0
-0.0534,0.00836637,0.005927
-0.053,0,0
-0.0526,0,0
-0.0522,0.00430284,0.00431113
-0.0518,0,0
-0.0514,0.00430299,0.00431128
-0.051,0,0
-0.0506,0,0
-0.0502,0.00412401,0.00413162
-0.0498,0,0
-0.0494,0,0
-0.049,0.00425543,0.00426354
-0.0486,0,0
-0.0482,0.00090346,0.0019294
-0.0478,0.00369481,0.00370093
-0.0474,0,0
-0.047,0,0
-0.0466,0.0111569,0.00706862
-0.0462,0.00802454,0.0056844
-0.0458,0,0
-0.0454,0,0
-0.045,0,0
-0.0446,0,0
-0.0442,0,0
-0.0438,0.0041544,0.00416212
-0.0434,0,0
-0.043,0,0
-0.0426,0,0
-0.0422,0,0
-0.0418,0,0
-0.0414,0,0
-0.041,0.00394547,0.00395243
-0.0406,0,0
-0.0402,0,0
-0.0398,0,0
-0.0394,0,0
-0.039,0,0
-0.0386,0.00420731,0.00421522
-0.0382,0,0
-0.0378,0.00391377,0.00392061
-0.0374,0,0
-0.037,0.00390038,0.00390718
-0.0366,0,0
-0.0362,0.00806165,0.00571407
-0.0358,0,0
-0.0354,0,0
-0.035,0,0
-0.0346,0.00440795,0.00441662
-0.0342,0.00358371,0.00390865
-0.0338,0,0
-0.0334,0,0
-0.033,0,0
-0.0326,0,0
-0.0322,0.00434895,0.00435739
-0.0318,0,0
-0.0314,0,0
-0.031,0.00404047,0.00404774
-0.0306,0,0
-0.0302,0,0
-0.0298,0.00197624,0.0029085
-0.0294,0,0
-0.029,0.00418202,0.00418981
-0.0286,0.00424582,0.00425385
-0.0282,0,0
-0.0278,0,0
-0.0274,0,0
-0.027,0,0
-0.0266,0.00439192,0.00440051
-0.0262,0,0
-0.0258,0,0
-0.0254,0,0
-0.025,0,0
-0.0246,0.00441348,0.00442215
-0.0242,0,0
-0.0238,0.00265309,0.00326526
-0.0234,0,0
-0.023,0,0
-0.0226,0,0
-0.0222,0.00832508,0.00589765
-0.0218,0.00190069,0.00281415
-0.0214,0,0
-0.021,0,0
-0.0206,0.00326337,0.00367042
-0.0202,0.00402413,0.00403133
-0.0198,0.00432358,0.00433189
-0.0194,0.00856717,0.00606944
-0.019,0,0
-0.0186,0,0
-0.0182,0,0
-0.0178,0.00115934,0.00218412
-0.0174,0,0
-0.017,0.00451394,0.00452299
-0.0166,0,0
-0.0162,0.00413433,0.00414192
-0.0158,0,0
-0.0154,0.00827496,0.00586203
-0.015,0,0
-0.0146,0,0
-0.0142,0.00856722,0.00606962
-0.0138,0,0
-0.0134,0.0129131,0.00746963
-0.013,0.00432913,0.00433744
-0.0126,0,0
-0.0122,0.00858605,0.00608457
-0.0118,0.0172593,0.00864634
-0.0114,0.00436284,0.00437127
-0.011,0,0
-0.0106,0.0062826,0.00506386
-0.0102,0.00826024,0.00585156
-0.0098,0,0
-0.0094,0,0
-0.009,0.00787979,0.00558157
-0.0086,0.0120724,0.0069854
-0.0082,0.00685813,0.00514647
-0.0078,0.00765596,0.00542275
-0.0074,0.00421381,0.00422165
-0.007,0.0160269,0.0080304
-0.0066,0.0040472,0.00405443
-0.0062,0,0
-0.0058,0.012908,0.00746668
-0.0054,0.0243062,0.0101827
-0.005,0.0086084,0.00609861
-0.0046,0.0169638,0.00849814
-0.0042,0.0197267,0.00988775
-0.0038,0.0418166,0.0137546
-0.0034,0.0427211,0.0129848
-0.003,0.0586053,0.0154581
-0.0026,0.0876212,0.019157
-0.0022,0.146153,0.0247305
-0.0018,0.186233,0.0274665
-0.0014,0.224618,0.0297609
-0.001,0.44715,0.0435206
-0.0006,0.606642,0.0493259
-0.0002,0.631226,0.0508485
0.0002,0.677603,0.0533474
0.0006,0.631845,0.0510742
0.001,0.462786,0.0435941
0.0014,0.454708,0.0434946
0.0018,0.285986,0.0335021
0.0022,0.201022,0.0297201
0.0026,0.14241,0.0244442
0.003,0.110356,0.0217327
0.0034,0.0748376,0.0179196
0.0038,0.040486,0.0137085
0.0042,0.0213448,0.0095636
0.0046,0.00819877,0.00580784
0.005,0.0270111,0.0105679
0.0054,0.00906582,0.00635763
0.0058,0.0166377,0.00833405
0.0062,0.0290813,0.0111032
0.0066,0.0139736,0.00771462
0.007,0.017848,0.00848488
0.0074,0.0156174,0.00812791
0.0078,0.0133179,0.00770574
0.0082,0.00884471,0.00626981
0.0086,0.00427499,0.00428298
0.009,0.00892022,0.00631986
0.0094,0.00456076,0.00456985
0.0098,0,0
0.0102,0,0
0.0106,0.00828594,0.00586979
0.011,0.00416454,0.00417212
0.0114,0,0
0.0118,0,0
0.0122,0.00422518,0.00423298
0.0126,0,0
0.013,0.00414074,0.00414822
0.0134,0,0
0.0138,0.00838348,0.00593886
0.0142,0,0
0.0146,0,0
0.015,0,0
0.0154,0,0
0.0158,0.00406969,0.00407691
0.0162,0,0
0.0166,0.00390878,0.00391544
0.017,0,0
0.0174,0,0
0.0178,0.00839287,0.00594551
0.0182,0,0
0.0186,0.00416363,0.00417118
0.019,0.00434841,0.00435664
0.0194,0,0
0.0198,0,0
0.0202,0.00414035,0.00414781
0.0206,0.00420301,0.00421069
0.021,0,0
0.0214,0,0
0.0218,0.00441342,0.00442188
0.0222,0,0
0.0226,0.00424525,0.00425307
0.023,0.00413127,0.00413869
0.0234,0,0
0.0238,0,0
0.0242,0.00427791,0.00428585
0.0246,0,0
0.025,0.00390435,0.00391096
0.0254,0.0087246,0.0061809
0.0258,0,0
0.0262,0.00430978,0.00431783
0.0266,0,0
0.027,0.00429763,0.00430563
0.0274,0.00426961,0.0042775
0.0278,0,0
0.0282,0.00425848,0.00426633
0.0286,0,0
0.029,0.00449601,0.00450476
0.0294,0,0
0.0298,0,0
0.0302,0,0
0.0306,0.0045482,0.00455714
0.031,0.000970837,0.00212071
0.0314,0,0
0.0318,0,0
0.0322,0.00405123,0.00405832
0.0326,0.0082383,0.00583652
0.033,0,0
0.0334,0,0
0.0338,0,0
0.0342,0,0
0.0346,0,0
0.035,0,0
0.0354,0,0
0.0358,0.0040267,0.0040337
0.0362,0.00402756,0.00403456
0.0366,0.000814561,0.00182822
0.037,0,0
0.0374,0.004235,0.00424273
0.0378,0,0
0.0382,0,0
0.0386,0.00867362,0.00614476
0.039,0.00445955,0.00446812
0.0394,0.0125907,0.00728964
0.0398,0.00425483,0.00426262
0.0402,0,0
0.0406,0,0
0.041,0.00402168,0.00402864
0.0414,0.00417965,0.00418717
0.0418,0.012277,0.00711273
0.0422,0,0
0.0426,0,0
0.043,0,0
0.0434,0,0
0.0438,0,0
0.0442,0,0
0.0446,0.00409385,0.00410105
0.045,0,0
0.0454,0,0
0.0458,0.0081519,0.00577436
0.0462,0.00416074,0.00416817
0.0466,0,0
0.047,0.00409646,0.00410366
0.0474,0.00417024,0.0041777
0.0478,0,0
0.0482,0,0
0.0486,0,0
0.049,0,0
0.0494,0.00472643,0.004736
0.0498,0,0
0.0502,0.00426044,0.00426821
0.0506,0,0
0.051,0.00438899,0.00439723
0.0514,0,0
0.0518,0.00454566,0.0045545
0.0522,0,0
0.0526,0.00417691,0.00418436
0.053,0,0
0.0534,0,0
0.0538,0.0038669,0.00387328
0.0542,0,0
0.0546,0,0
0.055,0,0
0.0554,0,0
0.0558,0,0
0.0562,0,0
0.0566,0.00449199,0.00450057
0.057,0,0
0.0574,0,0
0.0578,0,0
0.0582,0,0
0.0586,0.00442872,0.00443704
0.059,0.00390525,0.00391172
0.0594,0,0
0.0598,0.00420752,0.00421502
0.0602,0,0
0.0606,0.00447634,0.00448482
0.061,0.00417818,0.00418556
0.0614,0,0
0.0618,0,0
0.0622,0,0
0.0626,0,0
0.063,0,0
0.0634,0,0
0.0638,0,0
0.0642,0,0
0.0646,0,0
0.065,0.00435531,0.0043633
0.0654,0.00865535,0.00613141
0.0658,0,0
0.0662,0,0
0.0666,0.00408435,0.00409135
0.067,0.00436333,0.00437132
0.0674,0.00465059,0.00465965
0.0678,0.00455571,0.00456441
0.0682,0,0
0.0686,0,0
0.069,0.00439993,0.00440803
0.0694,0,0
0.0698,0,0
0.0702,0.00425971,0.00426729
0.0706,0,0
0.071,0,0
0.0714,0,0
0.0718,0,0
0.0722,0,0
0.0726,0.00388406,0.00389034
0.073,0,0
0.0734,0,0
0.0738,0.00459156,0.00460032
0.0742,0,0
0.0746,0,0
0.075,0,0
0.0754,0.00408782,0.00409475
0.0758,0.00412584,0.0041329
0.0762,0,0
0.0766,0.00483581,0.00484549
0.077,0,0
0.0774,0,0
0.0778,0,0
0.0782,0,0
0.0786,0,0
0.079,0,0
0.0794,0.00450441,0.00451279
0.0798,0,0
0.0802,0,0
0.0806,0,0
0.081,0,0
0.0814,0,0
0.0818,0,0
0.0822,0,0
0.0826,0,0
0.083,0,0
0.0834,0.00454437,0.00455285
0.0838,0.0045465,0.00455498
0.0842,0,0
0.0846,0.00420801,0.00421527
0.085,0,0
0.0854,0.00412892,0.0041359
0.0858,0,0
0.0862,0,0
0.0866,0.00429452,0.00430207
0.087,0,0
0.0874,0,0
0.0878,0,0
0.0882,0,0
0.0886,0.00901524,0.00638648
0.089,0,0
0.0894,0,0
0.0898,0,0
0.0902,0,0
0.0906,0,0
0.091,0,0
0.0914,0.00437038,0.00437815
0.0918,0,0
0.0922,0,0
0.0926,0.00406569,0.00407241
0.093,0,0
0.0934,0,0
0.0938,0.0046562,0.004665
0.0942,0,0
0.0946,0,0
0.095,0,0
0.0954,0,0
0.0958,0,0
0.0962,0,0
0.0966,0,0
0.097,0,0
0.0974,0,0
0.0978,0,0
0.0982,0,0
0.0986,0,0
0.099,0,0
0.0994,0,0
0.0998,0,0
0.1002,0,0
0.1006,0,0
0.101,0,0
0.1014,0,0
0.1018,0.00541671,0.00542855
0.1022,0,0
0.1026,0,0
0.103,0,0
0.1034,0,0
0.1038,0,0
0.1042,0,0
0.1046,0,0
0.105,0,0
0.1054,0,0
0.1058,0,0
0.1062,0,0
0.1066,0,0
0.107,0,0
0.1074,0,0
0.1078,0,0
0.1082,0,0
0.1086,0.00910029,0.00729842
0.109,0,0
0.1094,0,0
0.1098,0,0
0.1102,0,0
0.1106,0,0
0.111,0.00605454,0.0060693
0.1114,0,0
0.1118,0.00616875,0.00618407
0.1122,0.0067008,0.00671888
0.1126,0,0
0.113,0,0
0.1134,0,0
0.1138,0,0
0.1142,0,0
0.1146,0,0
0.115,0.00599161,0.00600606
0.1154,0,0
0.1158,0.00738174,0.00740368
0.1162,0,0
0.1166,0.00739588,0.00741791
0.117,0,0
0.1174,0.00766481,0.00768846
0.1178,0,0
0.1182,0,0
0.1186,0,0
0.119,0,0
0.1194,0,0
0.1198,0,0
9
-0.1198,0.00393232,0.0039399
-0.1194,0.00406187,0.00406995
-0.119,0,0
-0.1186,0,0
-0.1182,0,0
-0.1178,0,0
-0.1174,0.00388745,0.00389488
-0.117,0,0
-0.1166,0,0
-0.1162,0,0
-0.1158,0.00383128,0.00383852
-0.1154,0,0
-0.115,0,0
-0.1146,0,0
-0.1142,0.00375415,0.00376111
-0.1138,0,0
-0.1134,0,0
-0.113,0,0
-0.1126,0,0
-0.1122,0,0
-0.1118,0,0
-0.1114,0,0
-0.111,0,0
-0.1106,0,0
-0.1102,0,0
-0.1098,0,0
-0.1094,0,0
-0.109,0,0
-0.1086,0,0
-0.1082,0,0
-0.1078,0,0
-0.1074,0,0
-0.107,0,0
-0.1066,0,0
-0.1062,0,0
-0.1058,0,0
-0.1054,0,0
-0.105,0,0
-0.1046,0,0
-0.1042,0,0
-0.1038,0,0
-0.1034,0,0
-0.103,0,0
-0.1026,0,0
-0.1022,0,0
-0.1018,0,0
-0.1014,0,0
-0.101,0,0
-0.1006,0,0
-0.1002,0,0
-0.0998,0,0
-0.0994,0,0
-0.099,0,0
-0.0986,0,0
-0.0982,0,0
-0.0978,0,0
-0.0974,1.0446e-05,0.000201071
-0.097,0,0
-0.0966,0,0
-0.0962,0,0
-0.0958,0.00410622,0.0041148
-0.0954,0,0
-0.095,0,0
-0.0946,0,0
-0.0942,0.00360675,0.00361338
-0.0938,0,0
-0.0934,0.00352277,0.0035291
-0.093,0,0
-0.0926,0,0
-0.0922,0,0
-0.0918,0,0
-0.0914,0,0
-0.091,0.00365851,0.00366535
-0.0906,0,0
-0.0902,0,0
-0.0898,0,0
-0.0894,0,0
-0.089,0,0
-0.0886,0,0
-0.0882,0.00374877,0.00375598
-0.0878,0,0
-0.0874,0,0
-0.087,0,0
-0.0866,0,0
-0.0862,0,0
-0.0858,0,0
-0.0854,0,0
-0.085,0,0
-0.0846,0.00359681,0.00360348
-0.0842,0,0
-0.0838,0.00376873,0.00377606
-0.0834,0.00400166,0.00400993
-0.083,0,0
-0.0826,0,0
-0.0822,0,0
-0.0818,0,0
-0.0814,0,0
-0.081,0,0
-0.0806,0,0
-0.0802,0.010562,0.00610928
-0.0798,0.00699375,0.00495429
-0.0794,0,0
-0.079,0,0
-0.0786,0,0
-0.0782,0,0
-0.0778,0,0
-0.0774,0.00363111,0.00363796
-0.077,0,0
-0.0766,0,0
-0.0762,0,0
-0.0758,0,0
-0.0754,0,0
-0.075,0,0
-0.0746,0,0
-0.0742,0,0
-0.0738,0,0
-0.0734,0,0
-0.073,0,0
-0.0726,0.00343941,0.00344558
-0.0722,0,0
-0.0718,0.00662062,0.00468958
-0.0714,0,0
-0.071,0,0
-0.0706,0,0
-0.0702,0.00339125,0.00339726
-0.0698,0.00354189,0.00354845
-0.0694,0,0
-0.069,0,0
-0.0686,0,0
-0.0682,0.00359647,0.00360324
-0.0678,0.0035952,0.00360197
-0.0674,0,0
-0.067,0,0
-0.0666,0,0
-0.0662,0,0
-0.0658,0.00344776,0.003454
-0.0654,0,0
-0.065,0,0
-0.0646,0,0
-0.0642,0,0
-0.0638,0.00380557,0.00381318
-0.0634,0.00722834,0.0051226
-0.063,0,0
-0.0626,0,0
-0.0622,0.00691107,0.00489576
-0.0618,0.00748085,0.00530018
-0.0614,0,0
-0.061,0,0
-0.0606,0,0
-0.0602,0,0
-0.0598,0,0
-0.0594,0,0
-0.059,0,0
-0.0586,0,0
-0.0582,0,0
-0.0578,0,0
-0.0574,0,0
-0.057,0.00342232,0.0034285
-0.0566,0,0
-0.0562,0.00325208,0.00325767
-0.0558,0,0
-0.0554,0,0
-0.055,0,0
-0.0546,0,0
-0.0542,0,0
-0.0538,0.0105146,0.00608653
-0.0534,0,0
-0.053,0,0
-0.0526,0,0
-0.0522,0.00363388,0.00364088
-0.0518,0.00349379,0.00350026
-0.0514,0.00362719,0.00363416
-0.051,0.00735142,0.00520876
-0.0506,0.00371905,0.00372638
-0.0502,0.0104347,0.00603562
-0.0498,0.00317471,0.00318006
-0.0494,0.00358826,0.00359509
-0.049,0.00720998,0.00510805
-0.0486,0.00347286,0.00347926
-0.0482,0.00269725,0.00305979
-0.0478,0,0
-0.0474,0.0036692,0.00367636
-0.047,0.0104956,0.00607094
-0.0466,0,0
-0.0462,0,0
-0.0458,0,0
-0.0454,0.00649972,0.00460395
-0.045,0,0
-0.0446,0,0
-0.0442,0.00693959,0.00491616
-0.0438,0.00344331,0.00344963
-0.0434,0,0
-0.043,0,0
-0.0426,0,0
-0.0422,0.00314019,0.00314546
-0.0418,0,0
-0.0414,0.00345183,0.0034582
-0.041,0.00329724,0.00330306
-0.0406,0.00352407,0.00353071
-0.0402,0,0
-0.0398,0,0
-0.0394,0.00342341,0.00342969
-0.039,0,0
-0.0386,0.0035068,0.00351339
-0.0382,0.00335981,0.00336587
-0.0378,0.00325728,0.00326297
-0.0374,0,0
-0.037,0.00972834,0.00562646
-0.0366,0,0
-0.0362,0,0
-0.0358,0,0
-0.0354,0.00355661,0.00356341
-0.035,0,0
-0.0346,0,0
-0.0342,0.000549346,0.00139274
-0.0338,0.00323263,0.00323826
-0.0334,0,0
-0.033,0.00336941,0.00337553
-0.0326,0,0
-0.0322,0.00359225,0.00359922
-0.0318,0,0
-0.0314,0,0
-0.031,0,0
-0.0306,0,0
-0.0302,0.00669946,0.0047476
-0.0298,0.0105314,0.0060919
-0.0294,0,0
-0.029,0,0
-0.0286,0.00348934,0.00349594
-0.0282,0,0
-0.0278,0.00346771,0.00347423
-0.0274,0.00347603,0.00348258
-0.027,0.00360113,0.00360817
-0.0266,0,0
-0.0262,0.00679632,0.00481461
-0.0258,0.00641139,0.00454185
-0.0254,0,0
-0.025,0.00652586,0.00462326
-0.0246,0.00360634,0.00361342
-0.0242,0,0
-0.0238,0,0
-0.0234,0.00349003,0.00349668
-0.023,0,0
-0.0226,0,0
-0.0222,0.00339887,0.00340518
-0.0218,0.00675614,0.00478614
-0.0214,0.00632002,0.00447666
-0.021,0,0
-0.0206,0.000690197,0.00152122
-0.0202,0,0
-0.0198,0.00343837,0.00344484
-0.0194,0.00694513,0.0049203
-0.019,0,0
-0.0186,0.00334047,0.00334659
-0.0182,0,0
-0.0178,0.00900805,0.00547469
-0.0174,0.00756051,0.0053572
-0.017,0.00364577,0.00365308
-0.0166,0,0
-0.0162,0.00667541,0.00472891
-0.0158,0.00702702,0.00497847
-0.0154,0,0
-0.015,0,0
-0.0146,0,0
-0.0142,0.0103541,0.00598947
-0.0138,0,0
-0.0134,0.00690913,0.00489482
-0.013,0.0034718,0.00347846
-0.0126,0.00671441,0.00475663
-0.0122,0.00335532,0.00336154
-0.0118,0.0102998,0.00595805
-0.0114,0.00348791,0.00349465
-0.011,0.00348592,0.00349265
-0.0106,0.00328886,0.00329486
-0.0102,0.00329336,0.00329937
-0.0098,0,0
-0.0094,0.00979953,0.00568269
-0.009,0.00936704,0.00541754
-0.0086,0.00665974,0.00471787
-0.0082,0.0122337,0.0061274
-0.0078,0.0124526,0.00624278
-0.0074,0.0419304,0.0116591
-0.007,0.0193702,0.00792357
-0.0066,0.0160111,0.0071732
-0.0062,0.0165719,0.00742572
-0.0058,0.0238336,0.00902547
-0.0054,0.0234487,0.00887965
-0.005,0.0269567,0.0095491
-0.0046,0.00715636,0.00508318
-0.0042,0.0387259,0.012276
-0.0038,0.0238882,0.00966612
-0.0034,0.0214562,0.00816758
-0.003,0.0460174,0.0121223
-0.0026,0.0821244,0.0164558
-0.0022,0.0914264,0.0173283
-0.0018,0.147837,0.0214458
-0.0014,0.287176,0.029851
-0.001,0.383399,0.0356306
-0.0006,0.47719,0.0388046
-0.0002,0.567688,0.0426011
0.0002,0.579575,0.0435629
0.0006,0.494483,0.0399287
0.001,0.355028,0.0337342
0.0014,0.298386,0.0311036
0.0018,0.136243,0.0203284
0.0022,0.105855,0.0190383
0.0026,0.0716264,0.0153154
0.003,0.0362904,0.0109667
0.0034,0.0369575,0.0111723
0.0038,0.0331704,0.0109411
0.0042,0.0362209,0.0109426
0.0046,0.00956053,0.00552973
0.005,0.0127376,0.00638027
0.0054,0.0136295,0.0068636
0.0058,0.0160754,0.00720231
0.0062,0.0327587,0.0103264
0.0066,0.0261073,0.00926625
0.007,0.0264278,0.00905163
0.0074,0,0
0.0078,0.0239555,0.00907376
0.0082,0.0235565,0.00892483
0.0086,0.00970344,0.00561479
0.009,0.00964969,0.00558817
0.0094,0.00703015,0.00498098
0.0098,0.00306454,0.00306987
0.0102,0.00932184,0.00539197
0.0106,0.00320925,0.0032151
0.011,0.00320226,0.00320808
0.0114,0,0
0.0118,0.00323712,0.00324308
0.0122,0.0099184,0.00573924
0.0126,0.0031508,0.00315645
0.013,0,0
0.0134,0.00626729,0.00443993
0.0138,0.00642141,0.00454893
0.0142,0.00350387,0.00351086
0.0146,0.00294218,0.00294711
0.015,0,0
0.0154,0,0
0.0158,0,0
0.0162,0.00302896,0.0030342
0.0166,0.00298288,0.00298796
0.017,0.00318628,0.00319208
0.0174,0,0
0.0178,0,0
0.0182,0,0
0.0186,0,0
0.019,0.00314332,0.00314897
0.0194,0,0
0.0198,0,0
0.0202,0.00314538,0.00315104
0.0206,0,0
0.021,0.00571113,0.00404499
0.0214,0,0
0.0218,0.00334627,0.00335268
0.0222,0.00324141,0.00324743
0.0226,0.0032157,0.00322162
0.023,0.00312784,0.00313345
0.0234,0,0
0.0238,0,0
0.0242,0.0032345,0.0032405
0.0246,0,0
0.025,0.00294908,0.00295408
0.0254,0.00640785,0.00454117
0.0258,0,0
0.0262,0.0032509,0.00325697
0.0266,0.00668115,0.00473336
0.027,0.00323866,0.00324469
0.0274,0.0032163,0.00322225
0.0278,0,0
0.0282,0.00964407,0.00557837
0.0286,0.0121265,0.00607388
0.029,0.00313872,0.00314439
0.0294,0,0
0.0298,0.00334129,0.00334772
0.0302,0.00334498,0.00335142
0.0306,0.00349082,0.00349784
0.031,0.00273358,0.00308245
0.0314,0,0
0.0318,0.012317,0.00617323
0.0322,0.0031859,0.00319175
0.0326,0.0031358,0.00314148
0.033,0,0
0.0334,0,0
0.0338,0,0
0.0342,0,0
0.0346,0,0
0.035,0,0
0.0354,0,0
0.0358,0,0
0.0362,0.00297821,0.00298334
0.0366,0.00839758,0.00502682
0.037,0,0
0.0374,0.00273914,0.00274348
0.0378,0.00341955,0.00342631
0.0382,0.00341691,0.00342366
0.0386,0,0
0.039,0.00320828,0.00321424
0.0394,0.00331824,0.00332461
0.0398,0.0031641,0.00316989
0.0402,0.0065467,0.00463799
0.0406,0.00298147,0.00298662
0.041,0.00609085,0.00431528
0.0414,0.00310323,0.00310881
0.0418,0.00328705,0.00329331
0.0422,0,0
0.0426,0.00629946,0.00446253
0.043,0,0
0.0434,0.00291004,0.00291496
0.0438,0,0
0.0442,0.00906941,0.0052455
0.0446,0.00303063,0.00303596
0.045,0,0
0.0454,0.0095934,0.00554904
0.0458,0,0
0.0462,0,0
0.0466,0,0
0.047,0.00302611,0.00303142
0.0474,0.00307934,0.00308484
0.0478,0,0
0.0482,0.00325118,0.00325732
0.0486,0,0
0.049,0.003074,0.00307949
0.0494,0.00348163,0.00348867
0.0498,0.00366006,0.00366785
0.0502,0.00918774,0.00531401
0.0506,0,0
0.051,0.00944642,0.00546717
0.0514,0,0
0.0518,0,0
0.0522,0.00317601,0.00318188
0.0526,0.00306194,0.0030674
0.053,0,0
0.0534,0.0032398,0.00324592
0.0538,0.00282898,0.00283365
0.0542,0.00307092,0.00307642
0.0546,0,0
0.055,0,0
0.0554,0.00565727,0.00400921
0.0558,0.0032504,0.00325657
0.0562,0.00327086,0.00327711
0.0566,0.00630545,0.00446685
0.057,0,0
0.0574,0.00303868,0.00304408
0.0578,0,0
0.0582,0.00343289,0.00343979
0.0586,0.00614177,0.00435528
0.059,0,0
0.0594,0,0
0.0598,0.00304363,0.00304905
0.0602,0.00323365,0.00323978
0.0606,0.00323243,0.00323856
0.061,0,0
0.0614,0,0
0.0618,0,0
0.0622,0.00307526,0.00308082
0.0626,0,0
0.063,0.00331648,0.00332295
0.0634,0,0
0.0638,0,0
0.0642,0.00298409,0.00298933
0.0646,0.00303662,0.00304205
0.065,0.00622843,0.00441224
0.0654,0.00618305,0.00438004
0.0658,0.00317373,0.00317966
0.0662,0,0
0.0666,0.00290906,0.00291405
0.067,0,0
0.0674,0,0
0.0678,0,0
0.0682,0,0
0.0686,0.00627897,0.00444814
0.069,0,0
0.0694,0,0
0.0698,0,0
0.0702,0,0
0.0706,0,0
0.071,0,0
0.0714,0,0
0.0718,0.00573965,0.00406809
0.0722,0,0
0.0726,0,0
0.073,0,0
0.0734,0.0026786,0.00268286
0.0738,0.0032136,0.00321973
0.0742,0,0
0.0746,0.00273533,0.00273977
0.075,0.00559844,0.00396636
0.0754,0,0
0.0758,0,0
0.0762,0.00326246,0.00326879
0.0766,0,0
0.077,0,0
0.0774,0.00309953,0.00310525
0.0778,0.00641397,0.00454404
0.0782,0,0
0.0786,0.00292585,0.00293096
0.079,0,0
0.0794,0.00311175,0.00311753
0.0798,0.00299447,0.00299983
0.0802,0,0
0.0806,0,0
0.081,0,0
0.0814,0,0
0.0818,0,0
0.0822,0.00317744,0.00318348
0.0826,0.00315095,0.0031569
0.083,0,0
0.0834,0.00287008,0.00287502
0.0838,0.00310927,0.00311507
0.0842,0.00362798,0.00363588
0.0846,0,0
0.085,0,0
0.0854,0,0
0.0858,0,0
0.0862,0,0
0.0866,0.00583638,0.0041342
0.087,0.00319009,0.00319621
0.0874,0,0
0.0878,0,0
0.0882,0.0032351,0.00324141
0.0886,0.00305078,0.00305639
0.089,0,0
0.0894,0.00324679,0.00325315
0.0898,0,0
0.0902,0,0
0.0906,0,0
0.091,0.00295896,0.00296425
0.0914,0,0
0.0918,0.00296617,0.00297149
0.0922,0,0
0.0926,0,0
0.093,0,0
0.0934,0.00296107,0.00296638
0.0938,0,0
0.0942,0,0
0.0946,0,0
0.095,0,0
0.0954,0,0
0.0958,0,0
0.0962,0.00302394,0.00302948
0.0966,0,0
0.097,0.00322652,0.00323282
0.0974,0.00316507,0.00317114
0.0978,0.00313259,0.00313854
0.0982,0,0
0.0986,0.00297802,0.00298339
0.099,0.00615816,0.00436498
0.0994,0.00348791,0.00349528
0.0998,0,0
0.1002,0,0
0.1006,0.00321861,0.00322489
0.101,0,0
0.1014,0.00916524,0.00530137
0.1018,0,0
0.1022,0.00368881,0.00369705
0.1026,0,0
0.103,0,0
0.1034,0,0
0.1038,0,0
0.1042,0,0
0.1046,0,0
0.105,0,0
0.1054,0.0036601,0.00366823
0.1058,0,0
0.1062,0,0
0.1066,0.00358494,0.00359273
0.107,0,0
0.1074,0,0
0.1078,0,0
0.1082,0,0
0.1086,0.00382435,0.00383323
0.109,0,0
0.1094,0,0
0.1098,0.00367854,0.00368675
0.1102,0.00394321,0.00395265
0.1106,0.00424362,0.00425455
0.111,0,0
0.1114,0,0
0.1118,0,0
0.1122,0,0
0.1126,0,0
0.113,0,0
0.1134,0,0
0.1138,0.00865955,0.00613933
0.1142,0.00957518,0.00679037
0.1146,0.00456386,0.00457651
0.115,0.00504007,0.0050555
0.1154,0,0
0.1158,0,0
0.1162,0.00489164,0.00490618
0.1166,0,0
0.117,0,0
0.1174,0,0
0.1178,0.00510989,0.00512575
0.1182,0,0
0.1186,0.00496096,0.00497592
0.119,0.00489715,0.00491173
0.1194,0,0
0.1198,0,0
