# X , Y , E Distribution=true
1
-0.1198,0,0
-0.1194,0,0
-0.119,0,0
-0.1186,0,0
-0.1182,0,0
-0.1178,0,0
-0.1174,0,0
-0.117,0,0
-0.1166,0,0
-0.1162,0,0
-0.1158,0,0
-0.1154,0,0
-0.115,0,0
-0.1146,0,0
-0.1142,0,0
-0.1138,0,0
-0.1134,0,0
-0.113,0,0
-0.1126,0,0
-0.1122,0,0
-0.1118,0,0
-0.1114,0,0
-0.111,0,0
-0.1106,0,0
-0.1102,0,0
-0.1098,0,0
-0.1094,0,0
-0.109,0,0
-0.1086,0,0
-0.1082,0.0124711,0.0124944
-0.1078,0,0
-0.1074,0,0
-0.107,0,0
-0.1066,0,0
-0.1062,0,0
-0.1058,0,0
-0.1054,0,0
-0.105,0,0
-0.1046,0,0
-0.1042,0,0
-0.1038,0.0127358,0.01276
-0.1034,0,0
-0.103,0,0
-0.1026,0,0
-0.1022,0,0
-0.1018,0,0
-0.1014,0,0
-0.101,0,0
-0.1006,0,0
-0.1002,0,0
-0.0998,0,0
-0.0994,0,0
-0.099,0,0
-0.0986,0,0
-0.0982,0,0
-0.0978,0,0
-0.0974,0,0
-0.097,0,0
-0.0966,0,0
-0.0962,0,0
-0.0958,0,0
-0.0954,0,0
-0.095,0,0
-0.0946,0,0
-0.0942,0,0
-0.0938,0,0
-0.0934,0,0
-0.093,0,0
-0.0926,0,0
-0.0922,0,0
-0.0918,0,0
-0.0914,0,0
-0.091,0,0
-0.0906,0,0
-0.0902,0,0
-0.0898,0,0
-0.0894,0,0
-0.089,0,0
-0.0886,0,0
-0.0882,0,0
-0.0878,0,0
-0.0874,0,0
-0.087,0,0
-0.0866,0,0
-0.0862,0,0
-0.0858,0,0
-0.0854,0,0
-0.085,0,0
-0.0846,0,0
-0.0842,0,0
-0.0838,0,0
-0.0834,0.0270556,0.01917
-0.083,0,0
-0.0826,0,0
-0.0822,0,0
-0.0818,0,0
-0.0814,0,0
-0.081,0.0125712,0.0125945
-0.0806,0,0
-0.0802,0,0
-0.0798,0,0
-0.0794,0,0
-0.079,0.0131706,0.0131961
-0.0786,0,0
-0.0782,0,0
-0.0778,0,0
-0.0774,0,0
-0.077,0,0
-0.0766,0,0
-0.0762,0,0
-0.0758,0,0
-0.0754,0,0
-0.075,0,0
-0.0746,0,0
-0.0742,0,0
-0.0738,0,0
-0.0734,0,0
-0.073,0,0
-0.0726,0,0
-0.0722,0,0
-0.0718,0,0
-0.0714,0.0122179,0.0122399
-0.071,0,0
-0.0706,0.0128619,0.0128862
-0.0702,0,0
-0.0698,0,0
-0.0694,0.0129254,0.0129794
-0.069,0,0
-0.0686,0,0
-0.0682,0,0
-0.0678,0,0
-0.0674,0,0
-0.067,0,0
-0.0666,0,0
-0.0662,0,0
-0.0658,0,0
-0.0654,0,0
-0.065,0,0
-0.0646,0,0
-0.0642,0,0
-0.0638,0,0
-0.0634,0,0
-0.063,0,0
-0.0626,0.0115952,0.0116149
-0.0622,0,0
-0.0618,0,0
-0.0614,0,0
-0.061,0,0
-0.0606,0,0
-0.0602,0,0
-0.0598,0.0123905,0.0124129
-0.0594,0,0
-0.059,0,0
-0.0586,0,0
-0.0582,0,0
-0.0578,0,0
-0.0574,0,0
-0.057,0,0
-0.0566,0,0
-0.0562,0.0122365,0.0122583
-0.0558,0,0
-0.0554,0,0
-0.055,0,0
-0.0546,0,0
-0.0542,0,0
-0.0538,0,0
-0.0534,0,0
-0.053,0,0
-0.0526,0,0
-0.0522,0,0
-0.0518,0,0
-0.0514,0,0
-0.051,0,0
-0.0506,0,0
-0.0502,0,0
-0.0498,0,0
-0.0494,0,0
-0.049,0,0
-0.0486,0.0254748,0.0180468
-0.0482,0,0
-0.0478,0,0
-0.0474,0,0
-0.047,0,0
-0.0466,0,0
-0.0462,0,0
-0.0458,0,0
-0.0454,0,0
-0.045,0,0
-0.0446,0,0
-0.0442,0.00192864,0.00530832
-0.0438,0.00683739,0.00950903
-0.0434,0,0
-0.043,0.0139695,0.0139978
-0.0426,0.013972,0.0140003
-0.0422,0,0
-0.0418,0,0
-0.0414,0.00751565,0.00979721
-0.041,0,0
-0.0406,0.0125503,0.0125731
-0.0402,0,0
-0.0398,0,0
-0.0394,0,0
-0.039,0,0
-0.0386,0,0
-0.0382,0,0
-0.0378,0,0
-0.0374,0,0
-0.037,0.00696646,0.0100155
-0.0366,0.0128939,0.012918
-0.0362,0,0
-0.0358,0.0122385,0.0122601
-0.0354,0.0122723,0.012294
-0.035,0,0
-0.0346,0,0
-0.0342,0,0
-0.0338,0.0130074,0.0130319
-0.0334,0,0
-0.033,0,0
-0.0326,0,0
-0.0322,0,0
-0.0318,0,0
-0.0314,0,0
-0.031,0,0
-0.0306,0,0
-0.0302,0,0
-0.0298,0,0
-0.0294,0.0117619,0.0117818
-0.029,0,0
-0.0286,0,0
-0.0282,0.013164,0.0131889
-0.0278,0,0
-0.0274,0,0
-0.027,0,0
-0.0266,0,0
-0.0262,0,0
-0.0258,0,0
-0.0254,0,0
-0.025,0,0
-0.0246,0,0
-0.0242,0,0
-0.0238,0,0
-0.0234,0,0
-0.023,0,0
-0.0226,0,0
-0.0222,0,0
-0.0218,0,0
-0.0214,0,0
-0.021,0,0
-0.0206,0,0
-0.0202,0,0
-0.0198,0,0
-0.0194,0.0134933,0.0135194
-0.019,0,0
-0.0186,0,0
-0.0182,0.0281337,0.0199337
-0.0178,0,0
-0.0174,0,0
-0.017,0,0
-0.0166,0,0
-0.0162,0,0
-0.0158,0,0
-0.0154,0,0
-0.015,0,0
-0.0146,0,0
-0.0142,0,0
-0.0138,0,0
-0.0134,0,0
-0.013,0.0124669,0.0124891
-0.0126,0,0
-0.0122,0.0250889,0.0177732
-0.0118,0,0
-0.0114,0,0
-0.011,0.0132047,0.0132296
-0.0106,0.0125258,0.0125482
-0.0102,0.0119257,0.011946
-0.0098,0.0119063,0.0119265
-0.0094,0,0
-0.009,0.036204,0.0209388
-0.0086,0.0257003,0.0182062
-0.0082,0,0
-0.0078,0.0282041,0.0199835
-0.0074,0.0141051,0.0141334
-0.007,0.0126239,0.0126466
-0.0066,0,0
-0.0062,0,0
-0.0058,0.027464,0.019458
-0.0054,0.0343301,0.0214329
-0.005,0.0260843,0.0184791
-0.0046,0.0391983,0.0226736
-0.0042,0.0399611,0.0231155
-0.0038,0.110906,0.0392688
-0.0034,0.161597,0.0455856
-0.003,0.264499,0.0591378
-0.0026,0.347018,0.0671797
-0.0022,0.576945,0.0889565
-0.0018,1.0927,0.118288
-0.0014,2.01709,0.166107
-0.001,2.91049,0.194727
-0.0006,3.6461,0.214112
-0.0002,4.41153,0.236793
0.0002,4.42462,0.242099
0.0006,3.17858,0.205544
0.001,2.23985,0.173986
0.0014,1.27436,0.12965
0.0018,0.558825,0.0846468
0.0022,0.130652,0.0411725
0.0026,0.104593,0.0373278
0.003,0.00731148,0.0095329
0.0034,0.0132173,0.013242
0.0038,0.0135751,0.0136012
0.0042,0,0
0.0046,0,0
0.005,0.0133345,0.0133597
0.0054,0.0129122,0.0129358
0.0058,0,0
0.0062,0,0
0.0066,0.000838639,0.00333268
0.007,0,0
0.0074,0,0
0.0078,0,0
0.0082,0,0
0.0086,0.0242125,0.0179184
0.009,0.0386666,0.022365
0.0094,0,0
0.0098,0,0
0.0102,0,0
0.0106,0.0126249,0.0126474
0.011,0,0
0.0114,0,0
0.0118,0.0260081,0.0184243
0.0122,0,0
0.0126,0,0
0.013,0,0
0.0134,0,0
0.0138,0,0
0.0142,0,0
0.0146,0.0273151,0.0193519
0.015,0,0
0.0154,0,0
0.0158,0.0101434,0.0117455
0.0162,0.0131351,0.0131594
0.0166,0,0
0.017,0,0
0.0174,0.0123496,0.0123711
0.0178,0,0
0.0182,0.0115852,0.0123712
0.0186,0,0
0.019,0,0
0.0194,0,0
0.0198,0,0
0.0202,0.0141237,0.0141517
0.0206,0,0
0.021,0.0125831,0.0126053
0.0214,0,0
0.0218,0,0
0.0222,0,0
0.0226,0,0
0.023,0,0
0.0234,0,0
0.0238,0,0
0.0242,0,0
0.0246,0,0
0.025,0,0
0.0254,0,0
0.0258,0.0122755,0.0122966
0.0262,0,0
0.0266,0,0
0.027,0.0128778,0.012901
0.0274,0,0
0.0278,0,0
0.0282,0,0
0.0286,0,0
0.029,0,0
0.0294,0,0
0.0298,0,0
0.0302,0,0
0.0306,0,0
0.031,0,0
0.0314,0.0110597,0.012151
0.0318,0,0
0.0322,0,0
0.0326,0.0128419,0.0128649
0.033,0,0
0.0334,0.01312,0.013144
0.0338,0,0
0.0342,0,0
0.0346,0,0
0.035,0,0
0.0354,0,0
0.0358,0,0
0.0362,0,0
0.0366,0.0134595,0.0134847
0.037,0,0
0.0374,0,0
0.0378,0,0
0.0382,0,0
0.0386,0,0
0.039,0,0
0.0394,0,0
0.0398,0,0
0.0402,0,0
0.0406,0,0
0.041,0,0
0.0414,0,0
0.0418,0,0
0.0422,0,0
0.0426,0,0
0.043,0,0
0.0434,0,0
0.0438,0,0
0.0442,0,0
0.0446,0,0
0.045,0,0
0.0454,0.0127901,0.0128128
0.0458,0,0
0.0462,0.0125947,0.0126167
0.0466,0,0
0.047,0,0
0.0474,0,0
0.0478,0.0124876,0.0125092
0.0482,0,0
0.0486,0,0
0.049,0,0
0.0494,0,0
0.0498,0,0
0.0502,0.00832143,0.0108786
0.0506,0,0
0.051,0,0
0.0514,0,0
0.0518,0.0266019,0.0188689
0.0522,0,0
0.0526,0,0
0.053,0,0
0.0534,0,0
0.0538,0,0
0.0542,0,0
0.0546,0,0
0.055,0,0
0.0554,0,0
0.0558,0,0
0.0562,0,0
0.0566,0,0
0.057,0.0133671,0.0133917
0.0574,0,0
0.0578,0,0
0.0582,0.0131039,0.0131275
0.0586,0,0
0.059,0,0
0.0594,0,0
0.0598,0,0
0.0602,0,0
0.0606,0,0
0.061,0,0
0.0614,0,0
0.0618,0,0
0.0622,0,0
0.0626,0,0
0.063,0.013556,0.0135813
0.0634,0,0
0.0638,0,0
0.0642,0,0
0.0646,0,0
0.065,0,0
0.0654,0,0
0.0658,0,0
0.0662,0,0
0.0666,0,0
0.067,0,0
0.0674,0,0
0.0678,0,0
0.0682,0,0
0.0686,0,0
0.069,0.0134268,0.0134515
0.0694,0,0
0.0698,0,0
0.0702,0.0136669,0.0136925
0.0706,0,0
0.071,0,0
0.0714,0,0
0.0718,0,0
0.0722,0,0
0.0726,0,0
0.073,0,0
0.0734,0,0
0.0738,0,0
0.0742,0,0
0.0746,0,0
0.075,0,0
0.0754,0,0
0.0758,0.0119505,0.01197
0.0762,0,0
0.0766,0.0132182,0.013242
0.077,0,0
0.0774,0,0
0.0778,0,0
0.0782,0,0
0.0786,0.0125835,0.0126051
0.079,0,0
0.0794,0,0
0.0798,0,0
0.0802,0,0
0.0806,0.0134535,0.0134782
0.081,0,0
0.0814,0.0138036,0.0138295
0.0818,0,0
0.0822,0,0
0.0826,0,0
0.083,0,0
0.0834,0,0
0.0838,0,0
0.0842,0,0
0.0846,0,0
0.085,0.0129671,0.0129899
0.0854,0,0
0.0858,0,0
0.0862,0,0
0.0866,0,0
0.087,0,0
0.0874,0,0
0.0878,0,0
0.0882,0,0
0.0886,0.0130796,0.0131028
0.089,0,0
0.0894,0,0
0.0898,0,0
0.0902,0.00259045,0.00585549
0.0906,0,0
0.091,0,0
0.0914,0,0
0.0918,0,0
0.0922,0,0
0.0926,0,0
0.093,0,0
0.0934,0.0132798,0.0133037
0.0938,0,0
0.0942,0,0
0.0946,0,0
0.095,0,0
0.0954,0,0
0.0958,0,0
0.0962,0,0
0.0966,0,0
0.097,0,0
0.0974,0,0
0.0978,0,0
0.0982,0,0
0.0986,0,0
0.099,0,0
0.0994,0.0148583,0.0148881
0.0998,0,0
0.1002,0,0
0.1006,0,0
0.101,0,0
0.1014,0.0163365,0.0163724
0.1018,0,0
0.1022,0,0
0.1026,0,0
0.103,0,0
0.1034,0.0155026,0.0155349
0.1038,0,0
0.1042,0,0
0.1046,0,0
0.105,0,0
0.1054,0,0
0.1058,0,0
0.1062,0,0
0.1066,0,0
0.107,0,0
0.1074,0,0
0.1078,0,0
0.1082,0,0
0.1086,0,0
0.109,0,0
0.1094,0,0
0.1098,0,0
0.1102,0,0
0.1106,0.0180862,0.01813
0.111,0.0185234,0.0185693
0.1114,0,0
0.1118,0,0
0.1122,0,0
0.1126,0,0
0.113,0.0187365,0.0187835
0.1134,0,0
0.1138,0,0
0.1142,0,0
0.1146,0,0
0.115,0,0
0.1154,0,0
0.1158,0,0
0.1162,0,0
0.1166,0,0
0.117,0,0
0.1174,0,0
0.1178,0.0234083,0.0234813
0.1182,0,0
0.1186,0,0
0.119,0,0
0.1194,0,0
0.1198,0,0
2
-0.1198,0,0
-0.1194,0.00583552,0.00584642
-0.119,0.00583606,0.00584696
-0.1186,0,0
-0.1182,0,0
-0.1178,0,0
-0.1174,0,0
-0.117,0,0
-0.1166,0,0
-0.1162,0,0
-0.1158,0,0
-0.1154,0,0
-0.115,0,0
-0.1146,0,0
-0.1142,0.00600069,0.00601221
-0.1138,0,0
-0.1134,0,0
-0.113,0,0
-0.1126,0,0
-0.1122,0,0
-0.1118,0,0
-0.1114,0,0
-0.111,0,0
-0.1106,0,0
-0.1102,0.0057123,0.00572273
-0.1098,0,0
-0.1094,0,0
-0.109,0,0
-0.1086,0,0
-0.1082,0,0
-0.1078,0,0
-0.1074,0.00569732,0.00570769
-0.107,0,0
-0.1066,0,0
-0.1062,0,0
-0.1058,0,0
-0.1054,0.00529554,0.0053045
-0.105,0,0
-0.1046,0,0
-0.1042,0,0
-0.1038,0,0
-0.1034,0,0
-0.103,0,0
-0.1026,0,0
-0.1022,0,0
-0.1018,0,0
-0.1014,0,0
-0.101,0,0
-0.1006,0,0
-0.1002,0,0
-0.0998,0,0
-0.0994,0,0
-0.099,0.0057727,0.00578332
-0.0986,0,0
-0.0982,0,0
-0.0978,0,0
-0.0974,0,0
-0.097,0,0
-0.0966,0.00626718,0.00627969
-0.0962,0,0
-0.0958,0,0
-0.0954,0,0
-0.095,0,0
-0.0946,0,0
-0.0942,0,0
-0.0938,0,0
-0.0934,0,0
-0.093,0,0
-0.0926,0,0
-0.0922,0,0
-0.0918,0,0
-0.0914,0,0
-0.091,0.00559949,0.00560947
-0.0906,0,0
-0.0902,0.00642113,0.00643424
-0.0898,0,0
-0.0894,0,0
-0.089,0,0
-0.0886,0,0
-0.0882,0,0
-0.0878,0,0
-0.0874,0,0
-0.087,0.00548083,0.00549039
-0.0866,0,0
-0.0862,0,0
-0.0858,0,0
-0.0854,0,0
-0.085,0,0
-0.0846,0,0
-0.0842,0,0
-0.0838,0,0
-0.0834,0,0
-0.083,0,0
-0.0826,0,0
-0.0822,0,0
-0.0818,0,0
-0.0814,0,0
-0.081,0,0
-0.0806,0,0
-0.0802,0,0
-0.0798,0,0
-0.0794,0,0
-0.079,0,0
-0.0786,0,0
-0.0782,0,0
-0.0778,0,0
-0.0774,0,0
-0.077,0,0
-0.0766,0,0
-0.0762,0,0
-0.0758,0,0
-0.0754,0.00594787,0.00595909
-0.075,0,0
-0.0746,0,0
-0.0742,0,0
-0.0738,0.00629035,0.00630289
-0.0734,0,0
-0.073,0,0
-0.0726,0,0
-0.0722,0,0
-0.0718,0,0
-0.0714,0,0
-0.071,0,0
-0.0706,0.00538569,0.00539487
-0.0702,0,0
-0.0698,0,0
-0.0694,2.71778e-05,0.000404794
-0.069,0,0
-0.0686,0.00612656,0.00613844
-0.0682,0.00618373,0.00619584
-0.0678,0,0
-0.0674,0,0
-0.067,0,0
-0.0666,0,0
-0.0662,0,0
-0.0658,0,0
-0.0654,0,0
-0.065,0,0
-0.0646,0.00591793,0.00592901
-0.0642,0,0
-0.0638,0.00634085,0.00635356
-0.0634,0,0
-0.063,0,0
-0.0626,0,0
-0.0622,0,0
-0.0618,0,0
-0.0614,0.00578504,0.00579561
-0.061,0,0
-0.0606,0,0
-0.0602,0,0
-0.0598,0,0
-0.0594,0,0
-0.059,0,0
-0.0586,0,0
-0.0582,0,0
-0.0578,0,0
-0.0574,6.45666e-05,0.000611955
-0.057,0,0
-0.0566,0,0
-0.0562,0,0
-0.0558,0,0
-0.0554,0,0
-0.055,0,0
-0.0546,0,0
-0.0542,0,0
-0.0538,0.00544795,0.00545732
-0.0534,0,0
-0.053,0,0
-0.0526,0,0
-0.0522,0,0
-0.0518,0,0
-0.0514,0,0
-0.051,0,0
-0.0506,0.00609488,0.00610659
-0.0502,0,0
-0.0498,0,0
-0.0494,0,0
-0.049,0,0
-0.0486,0,0
-0.0482,0,0
-0.0478,0,0
-0.0474,0.00575684,0.00576729
-0.047,0.00603804,0.00604952
-0.0466,0,0
-0.0462,0.00578965,0.00580021
-0.0458,0,0
-0.0454,0,0
-0.045,0,0
-0.0446,0,0
-0.0442,0.00580309,0.00624386
-0.0438,0.00291355,0.00420895
-0.0434,0.00607284,0.00608445
-0.043,0,0
-0.0426,0.00642212,0.0064351
-0.0422,0,0
-0.0418,0,0
-0.0414,0,0
-0.041,0.0115314,0.00816876
-0.0406,0,0
-0.0402,0,0
-0.0398,0,0
-0.0394,0,0
-0.039,0,0
-0.0386,0,0
-0.0382,0,0
-0.0378,0,0
-0.0374,0,0
-0.037,0.00996793,0.00811736
-0.0366,0.0053029,0.00531174
-0.0362,0,0
-0.0358,0.00561699,0.00562691
-0.0354,0,0
-0.035,0.00575787,0.00576828
-0.0346,0,0
-0.0342,0.00630388,0.00631636
-0.0338,0,0
-0.0334,0,0
-0.033,0.00602917,0.00604059
-0.0326,0,0
-0.0322,0,0
-0.0318,0,0
-0.0314,0,0
-0.031,0,0
-0.0306,0,0
-0.0302,0.0057528,0.00576318
-0.0298,0,0
-0.0294,0,0
-0.029,0,0
-0.0286,0,0
-0.0282,0.00603132,0.00604273
-0.0278,0,0
-0.0274,0,0
-0.027,0.00575517,0.00576556
-0.0266,0.00610887,0.00612057
-0.0262,0,0
-0.0258,0.00658812,0.00660172
-0.0254,0,0
-0.025,0.000934174,0.00239058
-0.0246,0,0
-0.0242,0,0
-0.0238,0,0
-0.0234,0,0
-0.023,0,0
-0.0226,0,0
-0.0222,0,0
-0.0218,0,0
-0.0214,0.0061307,0.00614248
-0.021,0,0
-0.0206,0,0
-0.0202,0,0
-0.0198,0,0
-0.0194,0,0
-0.019,0.00599006,0.00600129
-0.0186,0,0
-0.0182,0.00577434,0.00578478
-0.0178,0.00568231,0.00569242
-0.0174,0,0
-0.017,0,0
-0.0166,0,0
-0.0162,0,0
-0.0158,0,0
-0.0154,0,0
-0.015,0,0
-0.0146,0,0
-0.0142,0,0
-0.0138,0,0
-0.0134,0,0
-0.013,0.00568945,0.00569957
-0.0126,0,0
-0.0122,0,0
-0.0118,0,0
-0.0114,0,0
-0.011,0,0
-0.0106,0,0
-0.0102,0.00543832,0.00544756
-0.0098,0.0110757,0.00784682
-0.0094,0.00553348,0.00554305
-0.009,0,0
-0.0086,0.0172005,0.00995325
-0.0082,0.00537146,0.00538047
-0.0078,0.01051,0.00744391
-0.0074,0,0
-0.007,0.0120274,0.00852882
-0.0066,0,0
-0.0062,0,0
-0.0058,0.0124276,0.00880486
-0.0054,0.0393825,0.0155709
-0.005,0,0
-0.0046,0.00825238,0.0070116
-0.0042,0,0
-0.0038,0.0324914,0.0144043
-0.0034,0.0693033,0.0201295
-0.003,0.0907641,0.0232518
-0.0026,0.125023,0.02707
-0.0022,0.177645,0.0336827
-0.0018,0.427232,0.0500935
-0.0014,0.744968,0.0680597
-0.001,1.03375,0.0781567
-0.0006,1.45659,0.0911891
-0.0002,1.55133,0.0946216
0.0002,1.76188,0.102974
0.0006,1.25607,0.0869454
0.001,0.987372,0.0779963
0.0014,0.638515,0.0617831
0.0018,0.264877,0.0392651
0.0022,0.178033,0.0325781
0.0026,0.0245339,0.0121927
0.003,0.0343742,0.0140696
0.0034,0.0176366,0.0102059
0.0038,0.0123604,0.00875702
0.0042,0.0111342,0.00831687
0.0046,0.00602387,0.00603517
0.005,0.0121088,0.00857835
0.0054,0,0
0.0058,0.0113892,0.00806974
0.0062,0.0061748,0.00618667
0.0066,0.0177701,0.0103907
0.007,0.017457,0.0100971
0.0074,0,0
0.0078,0.005899,0.00590983
0.0082,0,0
0.0086,0.0161794,0.00997599
0.009,0,0
0.0094,0,0
0.0098,0,0
0.0102,0.00335439,0.00438857
0.0106,0,0
0.011,0,0
0.0114,0.00575413,0.00576443
0.0118,0,0
0.0122,0.00591238,0.00592325
0.0126,0.00617506,0.00618691
0.013,0.011699,0.00828749
0.0134,0.0125522,0.00889308
0.0138,0,0
0.0142,0,0
0.0146,0,0
0.015,0.0115914,0.0084517
0.0154,0,0
0.0158,0.00154079,0.00307912
0.0162,0,0
0.0166,0,0
0.017,0,0
0.0174,0,0
0.0178,0,0
0.0182,0.000712806,0.00206327
0.0186,0,0
0.019,0,0
0.0194,0.0109473,0.0077541
0.0198,0.00600976,0.00602098
0.0202,0,0
0.0206,0,0
0.021,0,0
0.0214,0,0
0.0218,0,0
0.0222,0,0
0.0226,0.0170807,0.0099378
0.023,0,0
0.0234,0.00590023,0.00591103
0.0238,0.00596581,0.00597686
0.0242,0.00608578,0.00609727
0.0246,0.0121066,0.00857677
0.025,0,0
0.0254,0,0
0.0258,0.00549214,0.00550149
0.0262,0,0
0.0266,0,0
0.027,0,0
0.0274,0,0
0.0278,0,0
0.0282,0.0062406,0.00625267
0.0286,0,0
0.029,0,0
0.0294,0.00552763,0.0055371
0.0298,0.00544751,0.00545671
0.0302,0.00595845,0.00596945
0.0306,0,0
0.031,0,0
0.0314,0,0
0.0318,0.00612816,0.00613979
0.0322,0.00535022,0.00535909
0.0326,0.00577837,0.00578871
0.033,0,0
0.0334,0,0
0.0338,0,0
0.0342,0,0
0.0346,0.00575946,0.00576972
0.035,0,0
0.0354,0,0
0.0358,0,0
0.0362,0,0
0.0366,0,0
0.037,0,0
0.0374,0,0
0.0378,0,0
0.0382,0,0
0.0386,0,0
0.039,0.0115904,0.00821122
0.0394,0,0
0.0398,0.00545878,0.00546799
0.0402,0,0
0.0406,0,0
0.041,0,0
0.0414,0,0
0.0418,0,0
0.0422,0,0
0.0426,0.00625423,0.00626631
0.043,0,0
0.0434,0,0
0.0438,0.00603211,0.00604335
0.0442,0,0
0.0446,0.00116642,0.00269381
0.045,0,0
0.0454,0.00554822,0.00555773
0.0458,0,0
0.0462,0,0
0.0466,0.0054196,0.00542867
0.047,0,0
0.0474,0,0
0.0478,0.0055958,0.00560546
0.0482,0.0112046,0.00793659
0.0486,0,0
0.049,0,0
0.0494,0,0
0.0498,0,0
0.0502,0.00261745,0.00408293
0.0506,0,0
0.051,0.00583132,0.00584181
0.0514,0,0
0.0518,0.00168089,0.00308857
0.0522,0,0
0.0526,0,0
0.053,0,0
0.0534,0,0
0.0538,0,0
0.0542,0,0
0.0546,0,0
0.055,0,0
0.0554,0,0
0.0558,0,0
0.0562,0.00636978,0.00638227
0.0566,0.00983897,0.00793779
0.057,0,0
0.0574,0,0
0.0578,0,0
0.0582,0,0
0.0586,0,0
0.059,0,0
0.0594,0.00564971,0.00565954
0.0598,0.0118294,0.0083799
0.0602,0.00554073,0.00555018
0.0606,0,0
0.061,0,0
0.0614,0,0
0.0618,0,0
0.0622,0,0
0.0626,0,0
0.063,0.0109992,0.00815226
0.0634,0,0
0.0638,0,0
0.0642,0,0
0.0646,0.00567896,0.00568887
0.065,0.011136,0.00800449
0.0654,0.00633349,0.00634582
0.0658,0,0
0.0662,0.00612456,0.00613608
0.0666,0.00566772,0.00567759
0.067,0,0
0.0674,0,0
0.0678,0.00596181,0.00597272
0.0682,0,0
0.0686,0.0059805,0.00599149
0.069,0,0
0.0694,0,0
0.0698,0,0
0.0702,0,0
0.0706,0,0
0.071,0,0
0.0714,0.0057048,0.00571479
0.0718,0,0
0.0722,0,0
0.0726,0.00559707,0.00560668
0.073,0,0
0.0734,0,0
0.0738,0.00626574,0.00627778
0.0742,0.00560526,0.00561489
0.0746,0.00612299,0.00613448
0.075,0,0
0.0754,0,0
0.0758,0.00531316,0.00532181
0.0762,0.00586913,0.00587969
0.0766,0,0
0.077,0,0
0.0774,0,0
0.0778,0.00585907,0.00586959
0.0782,0,0
0.0786,0,0
0.079,0,0
0.0794,0,0
0.0798,0,0
0.0802,0,0
0.0806,0,0
0.081,0,0
0.0814,0,0
0.0818,0,0
0.0822,0,0
0.0826,0.00603543,0.00604657
0.083,0,0
0.0834,0.00589135,0.00590197
0.0838,0,0
0.0842,0,0
0.0846,0.00574912,0.00575923
0.085,0.00540092,0.00540984
0.0854,0,0
0.0858,0,0
0.0862,0.00550675,0.00551603
0.0866,0,0
0.087,0,0
0.0874,0,0
0.0878,0,0
0.0882,0,0
0.0886,0.0058727,0.00588324
0.089,0,0
0.0894,0,0
0.0898,0,0
0.0902,0.00469239,0.00524386
0.0906,0,0
0.091,0.00607429,0.00608556
0.0914,0,0
0.0918,0,0
0.0922,0,0
0.0926,0,0
0.093,0,0
0.0934,0,0
0.0938,0.00634142,0.00635369
0.0942,0.00662856,0.00664197
0.0946,0,0
0.095,0,0
0.0954,0,0
0.0958,0,0
0.0962,0,0
0.0966,0,0
0.097,0,0
0.0974,0,0
0.0978,0,0
0.0982,0,0
0.0986,0,0
0.099,0,0
0.0994,0,0
0.0998,0,0
0.1002,0,0
0.1006,0,0
0.101,0,0
0.1014,0.00566615,0.00640538
0.1018,0,0
0.1022,0,0
0.1026,0,0
0.103,0,0
0.1034,0,0
0.1038,0,0
0.1042,0,0
0.1046,0,0
0.105,0,0
0.1054,0,0
0.1058,0,0
0.1062,0,0
0.1066,0,0
0.107,0,0
0.1074,0,0
0.1078,0.00761743,0.00763506
0.1082,0,0
0.1086,0,0
0.109,0,0
0.1094,0,0
0.1098,0,0
0.1102,0,0
0.1106,0,0
0.111,0,0
0.1114,0,0
0.1118,0,0
0.1122,0,0
0.1126,0,0
0.113,0.00812988,0.00814994
0.1134,0.00877082,0.00879416
0.1138,0,0
0.1142,0,0
0.1146,0,0
0.115,0,0
0.1154,0,0
0.1158,0,0
0.1162,0,0
0.1166,0.0102692,0.0103011
0.117,0,0
0.1174,0,0
0.1178,0,0
0.1182,0,0
0.1186,0,0
0.119,0,0
0.1194,0,0
0.1198,0,0
3
-0.1198,0,0
-0.1194,0,0
-0.119,0,0
-0.1186,0,0
-0.1182,0,0
-0.1178,0,0
-0.1174,0,0
-0.117,0,0
-0.1166,0,0
-0.1162,0,0
-0.1158,0,0
-0.1154,0,0
-0.115,0,0
-0.1146,0,0
-0.1142,0,0
-0.1138,0,0
-0.1134,0,0
-0.113,0,0
-0.1126,0,0
-0.1122,0,0
-0.1118,0,0
-0.1114,0,0
-0.111,0,0
-0.1106,0,0
-0.1102,0,0
-0.1098,0,0
-0.1094,0,0
-0.109,0,0
-0.1086,0,0
-0.1082,0,0
-0.1078,0,0
-0.1074,0,0
-0.107,0,0
-0.1066,0,0
-0.1062,0,0
-0.1058,0,0
-0.1054,0,0
-0.105,0,0
-0.1046,0,0
-0.1042,0,0
-0.1038,0,0
-0.1034,0,0
-0.103,0,0
-0.1026,0,0
-0.1022,0,0
-0.1018,0,0
-0.1014,0,0
-0.101,0,0
-0.1006,0,0
-0.1002,0,0
-0.0998,0,0
-0.0994,0.00670205,0.00671575
-0.099,0,0
-0.0986,0,0
-0.0982,0.00648414,0.00649696
-0.0978,0,0
-0.0974,0,0
-0.097,0,0
-0.0966,0,0
-0.0962,0,0
-0.0958,0,0
-0.0954,0,0
-0.095,0.00602085,0.00603189
-0.0946,0,0
-0.0942,0,0
-0.0938,0,0
-0.0934,0,0
-0.093,0,0
-0.0926,0,0
-0.0922,0,0
-0.0918,0,0
-0.0914,0,0
-0.091,0,0
-0.0906,0,0
-0.0902,0,0
-0.0898,0,0
-0.0894,0,0
-0.089,0.00589554,0.0059061
-0.0886,0.00580446,0.00581469
-0.0882,0,0
-0.0878,0,0
-0.0874,0,0
-0.087,0,0
-0.0866,0,0
-0.0862,0,0
-0.0858,0,0
-0.0854,0,0
-0.085,0.00637512,0.00638744
-0.0846,0,0
-0.0842,0,0
-0.0838,0.00662655,0.00663985
-0.0834,0,0
-0.083,0.00607958,0.00609077
-0.0826,0.00572134,0.00613967
-0.0822,0,0
-0.0818,0.00638841,0.00640076
-0.0814,0,0
-0.081,0,0
-0.0806,0,0
-0.0802,0,0
-0.0798,0.00596864,0.00597942
-0.0794,0,0
-0.079,0,0
-0.0786,0.00654892,0.00656188
-0.0782,0,0
-0.0778,0,0
-0.0774,0.0122505,0.00867846
-0.077,0,0
-0.0766,0,0
-0.0762,0,0
-0.0758,0,0
-0.0754,0,0
-0.075,0,0
-0.0746,0,0
-0.0742,0,0
-0.0738,0,0
-0.0734,0,0
-0.073,0,0
-0.0726,0,0
-0.0722,0,0
-0.0718,0.00568241,0.00569213
-0.0714,0,0
-0.071,0,0
-0.0706,0.00566688,0.00567655
-0.0702,0,0
-0.0698,0,0
-0.0694,0.00635316,0.0063653
-0.069,0.00643684,0.0064493
-0.0686,0.00644999,0.0064625
-0.0682,0,0
-0.0678,0.00651215,0.0065249
-0.0674,0,0
-0.067,0,0
-0.0666,0,0
-0.0662,0,0
-0.0658,0,0
-0.0654,0,0
-0.065,0.0064122,0.00642454
-0.0646,0,0
-0.0642,0,0
-0.0638,0,0
-0.0634,0,0
-0.063,0,0
-0.0626,0,0
-0.0622,0,0
-0.0618,0.00632107,0.00633305
-0.0614,0,0
-0.061,0,0
-0.0606,0,0
-0.0602,0,0
-0.0598,0,0
-0.0594,0,0
-0.059,0,0
-0.0586,0.0065798,0.00659276
-0.0582,0.00603395,0.00604484
-0.0578,0,0
-0.0574,0.00603373,0.0060788
-0.057,0,0
-0.0566,0,0
-0.0562,0.00595966,0.00597028
-0.0558,0.00595324,0.00596383
-0.0554,0,0
-0.055,0,0
-0.0546,0,0
-0.0542,0,0
-0.0538,0,0
-0.0534,0,0
-0.053,0,0
-0.0526,0,0
-0.0522,0,0
-0.0518,0.00561982,0.00607128
-0.0514,0,0
-0.051,0,0
-0.0506,0,0
-0.0502,0.00333721,0.00457203
-0.0498,0,0
-0.0494,0,0
-0.049,0.0130091,0.00921761
-0.0486,0,0
-0.0482,0,0
-0.0478,0,0
-0.0474,0.00609459,0.00610564
-0.047,0,0
-0.0466,0.00155508,0.00324239
-0.0462,0,0
-0.0458,0,0
-0.0454,0,0
-0.045,0,0
-0.0446,0,0
-0.0442,0.00708799,0.00710292
-0.0438,0,0
-0.0434,0,0
-0.043,0,0
-0.0426,0,0
-0.0422,0,0
-0.0418,0,0
-0.0414,0.00619902,0.00621043
-0.041,0.00611304,0.00612413
-0.0406,0.00650156,0.0065141
-0.0402,0,0
-0.0398,0,0
-0.0394,0,0
-0.039,0.00610609,0.00611715
-0.0386,0,0
-0.0382,0,0
-0.0378,0,0
-0.0374,0,0
-0.037,0,0
-0.0366,0,0
-0.0362,0,0
-0.0358,0,0
-0.0354,0,0
-0.035,0,0
-0.0346,0.0064827,0.00649514
-0.0342,0,0
-0.0338,0.00633631,0.00634818
-0.0334,0,0
-0.033,0,0
-0.0326,0,0
-0.0322,0.0133046,0.00942628
-0.0318,0,0
-0.0314,0,0
-0.031,0,0
-0.0306,0,0
-0.0302,0,0
-0.0298,0,0
-0.0294,0.00635871,0.00637065
-0.029,0.0114604,0.00811744
-0.0286,0,0
-0.0282,0,0
-0.0278,0,0
-0.0274,0.00611933,0.00613038
-0.027,0,0
-0.0266,0,0
-0.0262,0.0064612,0.00647351
-0.0258,0,0
-0.0254,0,0
-0.025,0.00548991,0.00597759
-0.0246,0,0
-0.0242,0,0
-0.0238,0,0
-0.0234,0.00616681,0.006178
-0.023,0.00615522,0.00616638
-0.0226,0,0
-0.0222,0,0
-0.0218,0.00607241,0.00608326
-0.0214,0.00652813,0.00654067
-0.021,0,0
-0.0206,0.00395876,0.00479267
-0.0202,0,0
-0.0198,0.00636716,0.00637908
-0.0194,0,0
-0.019,0,0
-0.0186,0,0
-0.0182,0,0
-0.0178,0,0
-0.0174,0.00608874,0.00609963
-0.017,0.00647447,0.00648677
-0.0166,0,0
-0.0162,0.006319,0.00633072
-0.0158,0.00595849,0.00596891
-0.0154,0.0062679,0.00627942
-0.015,0,0
-0.0146,0,0
-0.0142,0,0
-0.0138,0,0
-0.0134,0.0129744,0.0091987
-0.013,0,0
-0.0126,0.00604976,0.00606049
-0.0122,0,0
-0.0118,0,0
-0.0114,0.00642707,0.00643917
-0.011,0.00512132,0.00574837
-0.0106,0,0
-0.0102,0.00242527,0.00375869
-0.0098,0.00602805,0.00603868
-0.0094,0,0
-0.009,0.0058566,0.00586664
-0.0086,0,0
-0.0082,0,0
-0.0078,0,0
-0.0074,0.00670257,0.00671571
-0.007,0.00670348,0.00671662
-0.0066,0.0122938,0.00870871
-0.0062,0.0063319,0.00634361
-0.0058,0.0066824,0.00669544
-0.0054,0.00659661,0.00660932
-0.005,0.00630605,0.00631766
-0.0046,0.0229407,0.0120972
-0.0042,0.0132785,0.0094102
-0.0038,0.0451886,0.0171756
-0.0034,0.00930751,0.00764327
-0.003,0.0617265,0.0199591
-0.0026,0.08186,0.0226588
-0.0022,0.163148,0.0334043
-0.0018,0.321614,0.0448927
-0.0014,0.455011,0.0549929
-0.001,0.825063,0.0721785
-0.0006,0.965684,0.0767558
-0.0002,1.08242,0.0817059
0.0002,1.01282,0.0809343
0.0006,0.881937,0.0755885
0.001,0.659263,0.0657541
0.0014,0.354985,0.0477189
0.0018,0.293859,0.0428015
0.0022,0.0960815,0.0245975
0.0026,0.0303853,0.0136574
0.003,0.0180687,0.0104503
0.0034,0.0194854,0.0112724
0.0038,0.0198338,0.0114732
0.0042,0.0277763,0.0135784
0.0046,0.0193499,0.0111927
0.005,0.00648307,0.0064953
0.0054,0.00627745,0.00628891
0.0058,0,0
0.0062,0.0124754,0.00883744
0.0066,0.0116072,0.00864435
0.007,0.0124672,0.00883164
0.0074,0.0068184,0.00683191
0.0078,0.0133079,0.0094283
0.0082,0,0
0.0086,0.00890658,0.00766867
0.009,0,0
0.0094,0,0
0.0098,0,0
0.0102,0.00867069,0.00730549
0.0106,0,0
0.011,0,0
0.0114,0,0
0.0118,0,0
0.0122,0,0
0.0126,0,0
0.013,0.00656396,0.00657645
0.0134,0,0
0.0138,0,0
0.0142,0.00711464,0.0071293
0.0146,0,0
0.015,0.00728724,0.00692451
0.0154,0.0063196,0.00633117
0.0158,0.00657921,0.00659174
0.0162,0,0
0.0166,0.0130277,0.00923624
0.017,0.00641717,0.00642909
0.0174,0,0
0.0178,0,0
0.0182,0,0
0.0186,0,0
0.019,0.00614134,0.00615225
0.0194,0,0
0.0198,0.00344202,0.00472211
0.0202,0.00630812,0.00631963
0.0206,0.00630914,0.00632065
0.021,0.00573418,0.00574369
0.0214,0,0
0.0218,0,0
0.0222,0.00229817,0.00378572
0.0226,0.00643374,0.00633462
0.023,0,0
0.0234,0,0
0.0238,0,0
0.0242,0,0
0.0246,0.00239771,0.00395716
0.025,0,0
0.0254,0.00595044,0.00596066
0.0258,0.0177129,0.010244
0.0262,0,0
0.0266,0.00231764,0.0039304
0.027,0,0
0.0274,0,0
0.0278,0,0
0.0282,0.0135753,0.00961862
0.0286,0,0
0.029,0,0
0.0294,0,0
0.0298,0.00608073,0.00609138
0.0302,0,0
0.0306,0,0
0.031,0,0
0.0314,0,0
0.0318,0,0
0.0322,0,0
0.0326,0,0
0.033,0,0
0.0334,0,0
0.0338,0,0
0.0342,0,0
0.0346,0,0
0.035,0,0
0.0354,0,0
0.0358,0,0
0.0362,0,0
0.0366,0.00610464,0.00611535
0.037,0,0
0.0374,0,0
0.0378,0,0
0.0382,0,0
0.0386,0,0
0.039,0,0
0.0394,0,0
0.0398,0,0
0.0402,0,0
0.0406,0.0013136,0.00290702
0.041,0,0
0.0414,0.00621916,0.00623025
0.0418,0,0
0.0422,0.00600792,0.00601827
0.0426,0,0
0.043,0,0
0.0434,0,0
0.0438,0,0
0.0442,0,0
0.0446,0.00542414,0.00603168
0.045,0,0
0.0454,0,0
0.0458,0,0
0.0462,0,0
0.0466,0,0
0.047,0,0
0.0474,0.00645978,0.00647172
0.0478,0.0023657,0.00388815
0.0482,0.012736,0.00902215
0.0486,0,0
0.049,0,0
0.0494,0,0
0.0498,0.00599079,0.00600105
0.0502,0,0
0.0506,0,0
0.051,0,0
0.0514,0,0
0.0518,0.00428854,0.00512455
0.0522,0,0
0.0526,0,0
0.053,0,0
0.0534,0,0
0.0538,0,0
0.0542,0,0
0.0546,0.00683384,0.00684717
0.055,0.00116784,0.00269342
0.0554,0.00571509,0.00572442
0.0558,0,0
0.0562,0,0
0.0566,0.0031508,0.00466705
0.057,0,0
0.0574,0,0
0.0578,0,0
0.0582,0,0
0.0586,0,0
0.059,0,0
0.0594,0,0
0.0598,0,0
0.0602,0,0
0.0606,0,0
0.061,0.00647609,0.00648803
0.0614,0,0
0.0618,0,0
0.0622,0,0
0.0626,0,0
0.063,0.00112909,0.0027211
0.0634,0,0
0.0638,0,0
0.0642,0,0
0.0646,0,0
0.065,0.00035716,0.00148984
0.0654,0,0
0.0658,0,0
0.0662,0,0
0.0666,0,0
0.067,0,0
0.0674,0,0
0.0678,0,0
0.0682,0,0
0.0686,0,0
0.069,0,0
0.0694,0.000493685,0.00174118
0.0698,0,0
0.0702,0,0
0.0706,0.00673409,0.00674697
0.071,0,0
0.0714,0,0
0.0718,0.00508054,0.00560627
0.0722,0.00320909,0.0045378
0.0726,0,0
0.073,0.0065889,0.00660122
0.0734,0,0
0.0738,0,0
0.0742,0,0
0.0746,0,0
0.075,0,0
0.0754,0,0
0.0758,0,0
0.0762,0,0
0.0766,0,0
0.077,0,0
0.0774,0,0
0.0778,0.00633351,0.00634488
0.0782,0,0
0.0786,0,0
0.079,0.0070043,0.00701819
0.0794,0,0
0.0798,0,0
0.0802,0,0
0.0806,0,0
0.081,0,0
0.0814,0,0
0.0818,0,0
0.0822,0,0
0.0826,0.00652618,0.00653824
0.083,0,0
0.0834,0,0
0.0838,0,0
0.0842,0,0
0.0846,0,0
0.085,0,0
0.0854,0,0
0.0858,0,0
0.0862,0,0
0.0866,0,0
0.087,0,0
0.0874,0.00665317,0.00666568
0.0878,0,0
0.0882,0,0
0.0886,0,0
0.089,0,0
0.0894,0,0
0.0898,0.00687404,0.00688739
0.0902,0,0
0.0906,0,0
0.091,0.00656949,0.00658167
0.0914,0,0
0.0918,0,0
0.0922,0,0
0.0926,0,0
0.093,0.00615807,0.00616877
0.0934,0,0
0.0938,0,0
0.0942,0,0
0.0946,0.0062791,0.00629022
0.095,0,0
0.0954,0,0
0.0958,0,0
0.0962,0.00681529,0.00682839
0.0966,0.00610965,0.00612018
0.097,0,0
0.0974,0,0
0.0978,0,0
0.0982,0.00697098,0.00698468
0.0986,0,0
0.099,0,0
0.0994,0,0
0.0998,0.00734828,0.00736349
0.1002,0.0071466,0.00716098
0.1006,0,0
0.101,0,0
0.1014,0.00166891,0.00361508
0.1018,0,0
0.1022,0,0
0.1026,0,0
0.103,0,0
0.1034,0,0
0.1038,0,0
0.1042,0,0
0.1046,0.00721265,0.00722729
0.105,0,0
0.1054,0,0
0.1058,0,0
0.1062,0,0
0.1066,0,0
0.107,0,0
0.1074,0,0
0.1078,0,0
0.1082,0,0
0.1086,0,0
0.109,0.00855444,0.00858176
0.1094,0,0
0.1098,0,0
0.1102,0,0
0.1106,0,0
0.111,0,0
0.1114,0,0
0.1118,0.008429,0.00844896
0.1122,0,0
0.1126,0,0
0.113,0.00878456,0.00880623
0.1134,0,0
0.1138,0,0
0.1142,0,0
0.1146,0,0
0.115,0,0
0.1154,0,0
0.1158,0.0100903,0.0101189
0.1162,0,0
0.1166,0,0
0.117,0,0
0.1174,0,0
0.1178,0,0
0.1182,0.00290969,0.00542635
0.1186,0,0
0.119,0,0
0.1194,0,0
0.1198,0,0
4
-0.1198,0,0
-0.1194,0,0
-0.119,0,0
-0.1186,0,0
-0.1182,0,0
-0.1178,0,0
-0.1174,0,0
-0.117,0,0
-0.1166,0,0
-0.1162,0,0
-0.1158,0.00592051,0.00593124
-0.1154,0,0
-0.115,0,0
-0.1146,0,0
-0.1142,0,0
-0.1138,0,0
-0.1134,0,0
-0.113,0,0
-0.1126,0,0
-0.1122,0,0
-0.1118,0,0
-0.1114,0,0
-0.111,0,0
-0.1106,0,0
-0.1102,0.0059858,0.00599673
-0.1098,0,0
-0.1094,0,0
-0.109,0.00601619,0.00602722
-0.1086,0,0
-0.1082,0,0
-0.1078,0,0
-0.1074,0,0
-0.107,0.00645551,0.00646819
-0.1066,0,0
-0.1062,0,0
-0.1058,0,0
-0.1054,0,0
-0.105,0,0
-0.1046,0,0
-0.1042,0,0
-0.1038,0,0
-0.1034,0,0
-0.103,0,0
-0.1026,0,0
-0.1022,0,0
-0.1018,0,0
-0.1014,0,0
-0.101,0,0
-0.1006,0,0
-0.1002,0,0
-0.0998,0,0
-0.0994,0,0
-0.099,0,0
-0.0986,0,0
-0.0982,0,0
-0.0978,0,0
-0.0974,0,0
-0.097,0,0
-0.0966,0,0
-0.0962,0,0
-0.0958,0,0
-0.0954,0,0
-0.095,0,0
-0.0946,0,0
-0.0942,0,0
-0.0938,0,0
-0.0934,0,0
-0.093,0,0
-0.0926,0.00647933,0.00649202
-0.0922,0,0
-0.0918,0,0
-0.0914,0.00689667,0.00640535
-0.091,0.0058977,0.00590821
-0.0906,0,0
-0.0902,0,0
-0.0898,0,0
-0.0894,0.00625684,0.00626866
-0.089,0,0
-0.0886,0,0
-0.0882,0,0
-0.0878,0,0
-0.0874,0,0
-0.087,0,0
-0.0866,0,0
-0.0862,0,0
-0.0858,0,0
-0.0854,0,0
-0.085,0,0
-0.0846,0,0
-0.0842,0,0
-0.0838,0,0
-0.0834,0,0
-0.083,0,0
-0.0826,0.00744569,0.00702391
-0.0822,0.0132015,0.00935346
-0.0818,0,0
-0.0814,0,0
-0.081,0,0
-0.0806,0,0
-0.0802,0,0
-0.0798,0,0
-0.0794,0.00224503,0.00367727
-0.079,0,0
-0.0786,0,0
-0.0782,0,0
-0.0778,0,0
-0.0774,0,0
-0.077,0,0
-0.0766,0,0
-0.0762,0,0
-0.0758,0,0
-0.0754,0,0
-0.075,0,0
-0.0746,0,0
-0.0742,0,0
-0.0738,0,0
-0.0734,0,0
-0.073,0,0
-0.0726,0,0
-0.0722,0,0
-0.0718,0.0059719,0.0059826
-0.0714,0,0
-0.071,0,0
-0.0706,0,0
-0.0702,0,0
-0.0698,0,0
-0.0694,0,0
-0.069,0,0
-0.0686,0,0
-0.0682,0,0
-0.0678,0,0
-0.0674,0,0
-0.067,0,0
-0.0666,0,0
-0.0662,0.00634448,0.00635653
-0.0658,0,0
-0.0654,0,0
-0.065,0,0
-0.0646,0,0
-0.0642,0,0
-0.0638,0,0
-0.0634,0,0
-0.063,0,0
-0.0626,0,0
-0.0622,0,0
-0.0618,0,0
-0.0614,0,0
-0.061,0,0
-0.0606,0,0
-0.0602,0,0
-0.0598,0,0
-0.0594,0,0
-0.059,0,0
-0.0586,0,0
-0.0582,0.0111559,0.00846651
-0.0578,0,0
-0.0574,0,0
-0.057,0,0
-0.0566,0.00563711,0.0056466
-0.0562,0.00594703,0.00595758
-0.0558,0,0
-0.0554,0,0
-0.055,0,0
-0.0546,0,0
-0.0542,0,0
-0.0538,0,0
-0.0534,0,0
-0.053,0.00686101,0.00687505
-0.0526,0,0
-0.0522,0,0
-0.0518,0.000914177,0.00244933
-0.0514,0,0
-0.051,0.00690114,0.00691533
-0.0506,0,0
-0.0502,0.00290367,0.00426498
-0.0498,0,0
-0.0494,0.00659595,0.00660891
-0.049,0,0
-0.0486,0,0
-0.0482,0,0
-0.0478,0,0
-0.0474,0,0
-0.047,0,0
-0.0466,0.00517439,0.00591221
-0.0462,0,0
-0.0458,0,0
-0.0454,0,0
-0.045,0.0128669,0.00911574
-0.0446,0,0
-0.0442,0,0
-0.0438,0,0
-0.0434,0,0
-0.043,0,0
-0.0426,0,0
-0.0422,0,0
-0.0418,0,0
-0.0414,0,0
-0.041,0,0
-0.0406,0,0
-0.0402,0,0
-0.0398,0,0
-0.0394,0,0
-0.039,0.00638445,0.00639657
-0.0386,0,0
-0.0382,0.00654923,0.00656198
-0.0378,0.00670649,0.00671986
-0.0374,0.0069634,0.0069778
-0.037,0.00622263,0.00623413
-0.0366,0,0
-0.0362,0,0
-0.0358,0.00584177,0.00585191
-0.0354,0.00595743,0.00596797
-0.035,0,0
-0.0346,0,0
-0.0342,0,0
-0.0338,0,0
-0.0334,0,0
-0.033,0,0
-0.0326,0.00607945,0.00609043
-0.0322,0,0
-0.0318,0,0
-0.0314,0,0
-0.031,0.00666121,0.00667438
-0.0306,0,0
-0.0302,0,0
-0.0298,0,0
-0.0294,0.00569972,0.00570936
-0.029,0,0
-0.0286,0.0126933,0.00899244
-0.0282,0,0
-0.0278,0,0
-0.0274,0,0
-0.027,0,0
-0.0266,0,0
-0.0262,0,0
-0.0258,0,0
-0.0254,0.00639767,0.00640981
-0.025,0.00639784,0.00640998
-0.0246,0,0
-0.0242,0,0
-0.0238,0,0
-0.0234,0,0
-0.023,0,0
-0.0226,0,0
-0.0222,0.00206468,0.00358391
-0.0218,0,0
-0.0214,0,0
-0.021,0.00590736,0.0059177
-0.0206,0.00709122,0.00619681
-0.0202,0.00669656,0.00670986
-0.0198,0,0
-0.0194,0.00651442,0.006527
-0.019,0,0
-0.0186,0,0
-0.0182,0.00678797,0.00680163
-0.0178,0.0119991,0.00849977
-0.0174,0.00603127,0.00604205
-0.017,0,0
-0.0166,0,0
-0.0162,0,0
-0.0158,0.00619656,0.00620794
-0.0154,0,0
-0.015,0,0
-0.0146,0,0
-0.0142,0,0
-0.0138,0,0
-0.0134,0.00666362,0.00667678
-0.013,0,0
-0.0126,0,0
-0.0122,0,0
-0.0118,0,0
-0.0114,0,0
-0.011,0.00764089,0.00697876
-0.0106,0,0
-0.0102,0.00333806,0.00438206
-0.0098,0.0114442,0.008106
-0.0094,0.00583182,0.0058419
-0.009,0.00583165,0.00584173
-0.0086,0.00577992,0.00578982
-0.0082,0.0113177,0.00801625
-0.0078,0,0
-0.0074,0,0
-0.007,0.0180934,0.0104875
-0.0066,0,0
-0.0062,0,0
-0.0058,0.00658392,0.00659677
-0.0054,0.0192067,0.0111126
-0.005,0.0125791,0.00891141
-0.0046,0.0124911,0.0088489
-0.0042,0.0127607,0.00904028
-0.0038,0.0247245,0.0125217
-0.0034,0.0122808,0.00869986
-0.003,0.0471949,0.0173029
-0.0026,0.106718,0.0257159
-0.0022,0.178583,0.0344533
-0.0018,0.191654,0.0343998
-0.0014,0.58586,0.0618668
-0.001,0.75789,0.0685882
-0.0006,0.904614,0.0736943
-0.0002,0.921951,0.0747985
0.0002,0.899941,0.0754114
0.0006,0.877708,0.0745389
0.001,0.613529,0.0627382
0.0014,0.330254,0.0454542
0.0018,0.232626,0.0377524
0.0022,0.107956,0.0259562
0.0026,0.0838343,0.0225203
0.003,0.00315737,0.00432573
0.0034,0.0250077,0.0125347
0.0038,0.0324392,0.0145354
0.0042,0.0259194,0.0129848
0.0046,0.0128298,0.00909035
0.005,0.0190506,0.0110197
0.0054,0.00614749,0.00615871
0.0058,0,0
0.0062,0.00610573,0.0061168
0.0066,0.00119442,0.00274324
0.007,0,0
0.0074,0.00667016,0.00668338
0.0078,0.0188716,0.0109192
0.0082,0.00682748,0.00684133
0.0086,0.0131044,0.00929249
0.009,0.0123993,0.00878447
0.0094,0,0
0.0098,0,0
0.0102,0,0
0.0106,0.00606851,0.00607946
0.011,0,0
0.0114,0,0
0.0118,0.00616623,0.00617753
0.0122,0,0
0.0126,0,0
0.013,0,0
0.0134,0,0
0.0138,0,0
0.0142,0,0
0.0146,0,0
0.015,0,0
0.0154,0,0
0.0158,0,0
0.0162,0,0
0.0166,0.0065855,0.00659839
0.017,0,0
0.0174,0.0058338,0.00584392
0.0178,0,0
0.0182,0,0
0.0186,0,0
0.019,0,0
0.0194,0.00571445,0.00572417
0.0198,0.0029278,0.00429369
0.0202,0,0
0.0206,0,0
0.021,0,0
0.0214,0,0
0.0218,0.00613369,0.00614489
0.0222,0.00380159,0.00479756
0.0226,0,0
0.023,0,0
0.0234,0.00195438,0.00347381
0.0238,0,0
0.0242,0,0
0.0246,0.0102936,0.00807403
0.025,0.00629953,0.00631134
0.0254,0,0
0.0258,0,0
0.0262,0,0
0.0266,0.00418762,0.00520021
0.027,0,0
0.0274,0,0
0.0278,0,0
0.0282,0.00664478,0.00665792
0.0286,0.00625391,0.00626555
0.029,0.012032,0.00853134
0.0294,0.00357192,0.0045409
0.0298,0,0
0.0302,0,0
0.0306,0,0
0.031,0,0
0.0314,0,0
0.0318,0,0
0.0322,0,0
0.0326,0,0
0.033,0,0
0.0334,0,0
0.0338,0,0
0.0342,0.00599905,0.00600977
0.0346,0.00609895,0.00611003
0.035,0,0
0.0354,0,0
0.0358,0,0
0.0362,0,0
0.0366,0,0
0.037,0,0
0.0374,0,0
0.0378,0,0
0.0382,0,0
0.0386,0,0
0.039,0,0
0.0394,0.00592917,0.00593964
0.0398,0.00566364,0.0056732
0.0402,0,0
0.0406,0.00490592,0.00551211
0.041,0,0
0.0414,0.00598493,0.00599561
0.0418,0,0
0.0422,0,0
0.0426,0.00641622,0.00642849
0.043,0,0
0.0434,0,0
0.0438,0,0
0.0442,0,0
0.0446,0,0
0.045,0,0
0.0454,0.00594033,0.00595085
0.0458,0,0
0.0462,0,0
0.0466,0,0
0.047,0,0
0.0474,0.00579187,0.00580187
0.0478,0.00383991,0.00485259
0.0482,0,0
0.0486,0,0
0.049,0,0
0.0494,0.00574388,0.00575372
0.0498,0,0
0.0502,0,0
0.0506,0,0
0.051,0.00614734,0.00615861
0.0514,0,0
0.0518,0,0
0.0522,0,0
0.0526,0,0
0.053,0.00549657,0.00550559
0.0534,0,0
0.0538,0.00672791,0.00674141
0.0542,0,0
0.0546,0,0
0.055,0.00480523,0.00534417
0.0554,0.00546745,0.00547637
0.0558,0,0
0.0562,0.00640479,0.00641703
0.0566,0.00658451,0.00659744
0.057,0,0
0.0574,0,0
0.0578,0,0
0.0582,0,0
0.0586,0.00598241,0.00599309
0.059,0,0
0.0594,0,0
0.0598,0,0
0.0602,0,0
0.0606,0.0116107,0.00824176
0.061,0.00618299,0.0061944
0.0614,0,0
0.0618,0,0
0.0622,0,0
0.0626,0,0
0.063,0,0
0.0634,0,0
0.0638,0,0
0.0642,0.00605519,0.00606613
0.0646,0,0
0.065,0.00590442,0.00591482
0.0654,0,0
0.0658,0,0
0.0662,0,0
0.0666,0,0
0.067,0,0
0.0674,0,0
0.0678,0.00613477,0.006146
0.0682,0,0
0.0686,0,0
0.069,0,0
0.0694,0.00535656,0.00559636
0.0698,0,0
0.0702,0.00625898,0.00627067
0.0706,0.00640849,0.00642075
0.071,0,0
0.0714,0,0
0.0718,0.00103148,0.00246385
0.0722,0.00302894,0.00429966
0.0726,0,0
0.073,0,0
0.0734,0,0
0.0738,0,0
0.0742,0,0
0.0746,0,0
0.075,0,0
0.0754,0,0
0.0758,0,0
0.0762,0,0
0.0766,0.00426597,0.00508173
0.077,0.0117164,0.00854169
0.0774,0,0
0.0778,0,0
0.0782,0,0
0.0786,0,0
0.079,0,0
0.0794,0.00597967,0.00599034
0.0798,0,0
0.0802,0,0
0.0806,0,0
0.081,0.00542578,0.00543457
0.0814,0,0
0.0818,0.00622787,0.00623944
0.0822,0,0
0.0826,0,0
0.083,0,0
0.0834,0,0
0.0838,0,0
0.0842,0,0
0.0846,0,0
0.085,0,0
0.0854,0.00650888,0.00652153
0.0858,0,0
0.0862,0,0
0.0866,0,0
0.087,0,0
0.0874,0,0
0.0878,0,0
0.0882,0.0118631,0.00840336
0.0886,0,0
0.089,0.00593204,0.00594255
0.0894,0,0
0.0898,0,0
0.0902,0.0119534,0.00846742
0.0906,0.0060081,0.00601888
0.091,0,0
0.0914,0,0
0.0918,0,0
0.0922,0,0
0.0926,0,0
0.093,0,0
0.0934,0,0
0.0938,0,0
0.0942,0,0
0.0946,0,0
0.095,0.00621449,0.00622601
0.0954,0,0
0.0958,0,0
0.0962,0,0
0.0966,0,0
0.097,0,0
0.0974,0,0
0.0978,0.00666516,0.00667841
0.0982,0,0
0.0986,0,0
0.099,0,0
0.0994,0,0
0.0998,0,0
0.1002,0,0
0.1006,0,0
0.101,0,0
0.1014,0,0
0.1018,0,0
0.1022,0,0
0.1026,0,0
0.103,0,0
0.1034,0,0
0.1038,0,0
0.1042,0,0
0.1046,0,0
0.105,0,0
0.1054,0,0
0.1058,0,0
0.1062,0,0
0.1066,0,0
0.107,0,0
0.1074,0.00775451,0.00777242
0.1078,0,0
0.1082,0,0
0.1086,0.0168139,0.0119278
0.109,1.26664e-05,0.000320809
0.1094,0,0
0.1098,0,0
0.1102,0,0
0.1106,0,0
0.111,0,0
0.1114,0,0
0.1118,0,0
0.1122,0,0
0.1126,0,0
0.113,0,0
0.1134,0,0
0.1138,0,0
0.1142,0,0
0.1146,0,0
0.115,0,0
0.1154,0,0
0.1158,0,0
0.1162,0,0
0.1166,0.0104669,0.0104994
0.117,0,0
0.1174,0,0
0.1178,0,0
0.1182,0.00675056,0.00802925
0.1186,0,0
0.119,0,0
0.1194,0,0
0.1198,0,0
5
-0.1198,0,0
-0.1194,0,0
-0.119,0,0
-0.1186,0,0
-0.1182,0,0
-0.1178,0,0
-0.1174,0,0
-0.117,0,0
-0.1166,0,0
-0.1162,0,0
-0.1158,0,0
-0.1154,0,0
-0.115,0,0
-0.1146,0,0
-0.1142,0,0
-0.1138,0,0
-0.1134,0,0
-0.113,0,0
-0.1126,0.0133519,0.00948369
-0.1122,0,0
-0.1118,0,0
-0.1114,0,0
-0.111,0,0
-0.1106,0,0
-0.1102,0,0
-0.1098,0,0
-0.1094,0,0
-0.109,0,0
-0.1086,0,0
-0.1082,0.00616405,0.00617551
-0.1078,0,0
-0.1074,0,0
-0.107,0,0
-0.1066,0,0
-0.1062,0,0
-0.1058,0,0
-0.1054,0,0
-0.105,0,0
-0.1046,0,0
-0.1042,0.00657414,0.00658714
-0.1038,0,0
-0.1034,0,0
-0.103,0,0
-0.1026,0,0
-0.1022,0,0
-0.1018,0.00567517,0.00568485
-0.1014,0,0
-0.101,0,0
-0.1006,0,0
-0.1002,0,0
-0.0998,0,0
-0.0994,0.00613761,0.00614891
-0.099,0,0
-0.0986,0,0
-0.0982,0,0
-0.0978,0.0123571,0.00875399
-0.0974,0,0
-0.097,0.00605252,0.00606349
-0.0966,0,0
-0.0962,0.00546399,0.00547293
-0.0958,0,0
-0.0954,0,0
-0.095,0,0
-0.0946,0,0
-0.0942,0,0
-0.0938,0,0
-0.0934,0,0
-0.093,0,0
-0.0926,0,0
-0.0922,0.00599992,0.00601066
-0.0918,0,0
-0.0914,0.00517743,0.00567176
-0.091,0,0
-0.0906,0,0
-0.0902,0,0
-0.0898,0,0
-0.0894,0,0
-0.089,0,0
-0.0886,0.00591958,0.00593001
-0.0882,0,0
-0.0878,0,0
-0.0874,0,0
-0.087,0,0
-0.0866,0,0
-0.0862,0,0
-0.0858,0,0
-0.0854,0,0
-0.085,0,0
-0.0846,0.000804987,0.00227631
-0.0842,0,0
-0.0838,0,0
-0.0834,0,0
-0.083,0,0
-0.0826,0,0
-0.0822,0,0
-0.0818,0,0
-0.0814,0,0
-0.081,0,0
-0.0806,0,0
-0.0802,0,0
-0.0798,0,0
-0.0794,0.0038149,0.00483064
-0.079,0,0
-0.0786,0,0
-0.0782,0,0
-0.0778,0,0
-0.0774,0,0
-0.077,0,0
-0.0766,0,0
-0.0762,0,0
-0.0758,0,0
-0.0754,0.00626152,0.00627311
-0.075,0.0067945,0.00680814
-0.0746,0,0
-0.0742,0,0
-0.0738,0,0
-0.0734,0,0
-0.073,0,0
-0.0726,0,0
-0.0722,0,0
-0.0718,0,0
-0.0714,0,0
-0.071,0,0
-0.0706,0,0
-0.0702,0,0
-0.0698,0,0
-0.0694,0.00648861,0.00650101
-0.069,0,0
-0.0686,0,0
-0.0682,0,0
-0.0678,0.0058648,0.00587493
-0.0674,0.00340013,0.00460516
-0.067,0,0
-0.0666,0,0
-0.0662,0.00645843,0.0064707
-0.0658,0,0
-0.0654,0,0
-0.065,0,0
-0.0646,0,0
-0.0642,0.00653206,0.0065446
-0.0638,0,0
-0.0634,0,0
-0.063,0,0
-0.0626,0,0
-0.0622,0,0
-0.0618,0,0
-0.0614,0,0
-0.061,0,0
-0.0606,0,0
-0.0602,0,0
-0.0598,0,0
-0.0594,0.00616717,0.00617833
-0.059,0,0
-0.0586,0,0
-0.0582,0.00156106,0.00310672
-0.0578,0.00622869,0.00624006
-0.0574,0,0
-0.057,0,0
-0.0566,0,0
-0.0562,0.00608407,0.00609491
-0.0558,0,0
-0.0554,0.00607817,0.00608899
-0.055,0,0
-0.0546,0.00658213,0.00659481
-0.0542,0,0
-0.0538,0,0
-0.0534,0,0
-0.053,0,0
-0.0526,0,0
-0.0522,0,0
-0.0518,0.00666748,0.00668047
-0.0514,0,0
-0.051,0,0
-0.0506,0,0
-0.0502,0,0
-0.0498,0,0
-0.0494,0.00672971,0.00674294
-0.049,0,0
-0.0486,0,0
-0.0482,0,0
-0.0478,0,0
-0.0474,0,0
-0.047,0,0
-0.0466,0,0
-0.0462,0,0
-0.0458,0.012839,0.00909863
-0.0454,0.00646751,0.00647971
-0.045,0,0
-0.0446,0.00672258,0.00673575
-0.0442,0,0
-0.0438,0,0
-0.0434,0,0
-0.043,0,0
-0.0426,0,0
-0.0422,0,0
-0.0418,0.00576032,0.00576998
-0.0414,0,0
-0.041,0,0
-0.0406,0.00239961,0.00399515
-0.0402,0,0
-0.0398,0.00139893,0.00305415
-0.0394,0,0
-0.039,0,0
-0.0386,0.00601722,0.00602776
-0.0382,0,0
-0.0378,0,0
-0.0374,0,0
-0.037,0,0
-0.0366,0.0114648,0.00812036
-0.0362,0.00639921,0.00641112
-0.0358,0.0181143,0.0104771
-0.0354,0.00608862,0.0060994
-0.035,0,0
-0.0346,0,0
-0.0342,0,0
-0.0338,0,0
-0.0334,0,0
-0.033,0,0
-0.0326,0.00659989,0.00661254
-0.0322,0,0
-0.0318,0,0
-0.0314,0,0
-0.031,0.00698388,0.00699804
-0.0306,0,0
-0.0302,0,0
-0.0298,0,0
-0.0294,0,0
-0.029,0,0
-0.0286,0,0
-0.0282,0.00652219,0.00653453
-0.0278,0,0
-0.0274,0,0
-0.027,0,0
-0.0266,0,0
-0.0262,0.00656951,0.00658202
-0.0258,0,0
-0.0254,0,0
-0.025,0,0
-0.0246,0,0
-0.0242,0,0
-0.0238,0,0
-0.0234,0,0
-0.023,0,0
-0.0226,0,0
-0.0222,0.00423116,0.00519075
-0.0218,0.006484,0.00649618
-0.0214,0.00663055,0.00664328
-0.021,0,0
-0.0206,0,0
-0.0202,0,0
-0.0198,0,0
-0.0194,0,0
-0.019,0,0
-0.0186,0,0
-0.0182,0,0
-0.0178,0.00614534,0.00615627
-0.0174,0,0
-0.017,0,0
-0.0166,0,0
-0.0162,0.00641002,0.00642191
-0.0158,0.0060436,0.00605417
-0.0154,0,0
-0.015,0.0057641,0.00577371
-0.0146,0.0118288,0.0083813
-0.0142,0,0
-0.0138,0.00639841,0.00641025
-0.0134,0.00683042,0.00684391
-0.013,0,0
-0.0126,0,0
-0.0122,0.00613187,0.00614274
-0.0118,0,0
-0.0114,0.00669659,0.00670955
-0.011,0.00651295,0.00652521
-0.0106,0,0
-0.0102,0.00588079,0.00589079
-0.0098,0,0
-0.0094,0,0
-0.009,0,0
-0.0086,0,0
-0.0082,0.00580839,0.00581814
-0.0078,0,0
-0.0074,0.020522,0.0118726
-0.007,0.0062995,0.00627076
-0.0066,0.00622036,0.00623154
-0.0062,0.00705482,0.00691339
-0.0058,0.0202032,0.0116873
-0.0054,0.00638118,0.00639294
-0.005,0.0129261,0.00915723
-0.0046,0.0192555,0.0111378
-0.0042,0.0131159,0.00929192
-0.0038,0.0264597,0.0132658
-0.0034,0.0252508,0.0126488
-0.003,0.0716616,0.0216377
-0.0026,0.145109,0.0303488
-0.0022,0.143522,0.0314437
-0.0018,0.320591,0.0450227
-0.0014,0.622432,0.0646817
-0.001,0.822707,0.0726596
-0.0006,0.832863,0.0717025
-0.0002,0.920843,0.0757635
0.0002,0.950209,0.0785506
0.0006,0.85108,0.0744336
0.001,0.551328,0.0604901
0.0014,0.424504,0.052553
0.0018,0.207735,0.0362152
0.0022,0.102635,0.0257411
0.0026,0.0856036,0.0238245
0.003,0.0790806,0.0224695
0.0034,0.0259444,0.0129966
0.0038,0.00669039,0.0067033
0.0042,0.0133187,0.00943583
0.0046,0.0132067,0.00935742
0.005,0.0196113,0.011344
0.0054,0.0253137,0.01268
0.0058,0.0183034,0.0105886
0.0062,0,0
0.0066,0,0
0.007,0.00646223,0.00647428
0.0074,0.00627945,0.00629083
0.0078,0,0
0.0082,0,0
0.0086,0,0
0.009,0,0
0.0094,0,0
0.0098,0,0
0.0102,0.00598918,0.00599954
0.0106,0,0
0.011,0,0
0.0114,0,0
0.0118,0.00637268,0.0063844
0.0122,0.00665527,0.00666805
0.0126,0.00665513,0.00666791
0.013,0,0
0.0134,0,0
0.0138,0,0
0.0142,0.00592926,0.00593941
0.0146,0,0
0.015,0,0
0.0154,0.00657075,0.00658321
0.0158,0.0132038,0.00935434
0.0162,0,0
0.0166,0,0
0.017,0.00643624,0.00644819
0.0174,0,0
0.0178,0,0
0.0182,0,0
0.0186,0,0
0.019,0.00615522,0.00616616
0.0194,0,0
0.0198,0,0
0.0202,0,0
0.0206,0,0
0.021,0,0
0.0214,0,0
0.0218,0,0
0.0222,0.00626152,0.00627284
0.0226,0,0
0.023,0,0
0.0234,0.00432911,0.00525048
0.0238,0.00641487,0.00642675
0.0242,0,0
0.0246,0,0
0.025,0.00649805,0.00651023
0.0254,0,0
0.0258,0,0
0.0262,0,0
0.0266,0,0
0.027,0,0
0.0274,0,0
0.0278,0,0
0.0282,0,0
0.0286,0,0
0.029,0.00648026,0.00649238
0.0294,0.00225135,0.00366266
0.0298,0,0
0.0302,0,0
0.0306,0,0
0.031,0,0
0.0314,0,0
0.0318,0,0
0.0322,0,0
0.0326,0,0
0.033,0,0
0.0334,0,0
0.0338,0,0
0.0342,0,0
0.0346,0,0
0.035,0,0
0.0354,0,0
0.0358,0,0
0.0362,0,0
0.0366,0,0
0.037,0,0
0.0374,0,0
0.0378,0,0
0.0382,0,0
0.0386,0,0
0.039,0.00613051,0.00614134
0.0394,0,0
0.0398,0,0
0.0402,0,0
0.0406,0,0
0.041,0,0
0.0414,0,0
0.0418,0,0
0.0422,0.00597943,0.00598973
0.0426,0,0
0.043,0.00621913,0.00623027
0.0434,0,0
0.0438,0,0
0.0442,0,0
0.0446,0,0
0.045,0,0
0.0454,0,0
0.0458,0,0
0.0462,0.00605445,0.00606501
0.0466,0,0
0.047,0,0
0.0474,0,0
0.0478,0,0
0.0482,0.00633,0.00634153
0.0486,0.00674652,0.00675962
0.049,0,0
0.0494,0,0
0.0498,0,0
0.0502,0,0
0.0506,0,0
0.051,0,0
0.0514,0,0
0.0518,0,0
0.0522,0,0
0.0526,0,0
0.053,0,0
0.0534,0.00558282,0.00559179
0.0538,0,0
0.0542,0,0
0.0546,0,0
0.055,0,0
0.0554,0,0
0.0558,0,0
0.0562,0,0
0.0566,0.00683587,0.00684929
0.057,0.00640375,0.00641553
0.0574,0,0
0.0578,0,0
0.0582,0,0
0.0586,0,0
0.059,0,0
0.0594,0.0124248,0.00880135
0.0598,0,0
0.0602,0,0
0.0606,0,0
0.061,0,0
0.0614,0,0
0.0618,0,0
0.0622,0,0
0.0626,0,0
0.063,0,0
0.0634,0.00642512,0.00643697
0.0638,0,0
0.0642,0.00629999,0.00631138
0.0646,0.00630056,0.00631194
0.065,0,0
0.0654,0,0
0.0658,0.00619714,0.00620815
0.0662,0,0
0.0666,0,0
0.067,0,0
0.0674,0,0
0.0678,0,0
0.0682,0,0
0.0686,0,0
0.069,0,0
0.0694,0,0
0.0698,0,0
0.0702,0,0
0.0706,0.0066805,0.00669328
0.071,0,0
0.0714,0,0
0.0718,0,0
0.0722,0,0
0.0726,0,0
0.073,0,0
0.0734,0,0
0.0738,0,0
0.0742,0,0
0.0746,0,0
0.075,0,0
0.0754,0,0
0.0758,0,0
0.0762,0,0
0.0766,0.00184439,0.00341496
0.077,0.000733591,0.00221083
0.0774,0,0
0.0778,0.00628373,0.00629501
0.0782,0,0
0.0786,0,0
0.079,0,0
0.0794,0,0
0.0798,0,0
0.0802,0,0
0.0806,0,0
0.081,0,0
0.0814,0,0
0.0818,0,0
0.0822,0,0
0.0826,0,0
0.083,0,0
0.0834,0,0
0.0838,0.00702278,0.00703683
0.0842,0,0
0.0846,0,0
0.085,0,0
0.0854,0,0
0.0858,0,0
0.0862,0,0
0.0866,0,0
0.087,0,0
0.0874,0.00660484,0.00661726
0.0878,0,0
0.0882,0,0
0.0886,0,0
0.089,0.0064764,0.00648833
0.0894,0,0
0.0898,0,0
0.0902,0,0
0.0906,0,0
0.091,0,0
0.0914,0,0
0.0918,0.00672653,0.00673939
0.0922,0,0
0.0926,0,0
0.093,0,0
0.0934,0,0
0.0938,0,0
0.0942,0,0
0.0946,0,0
0.095,0.0065729,0.00658516
0.0954,0,0
0.0958,0,0
0.0962,0,0
0.0966,0,0
0.097,0,0
0.0974,0,0
0.0978,0,0
0.0982,0,0
0.0986,0,0
0.099,0,0
0.0994,0,0
0.0998,0,0
0.1002,0,0
0.1006,0,0
0.101,0,0
0.1014,0,0
0.1018,0,0
0.1022,0,0
0.1026,0,0
0.103,0,0
0.1034,0,0
0.1038,0,0
0.1042,0,0
0.1046,0,0
0.105,0,0
0.1054,0,0
0.1058,0,0
0.1062,0,0
0.1066,0,0
0.107,0,0
0.1074,0,0
0.1078,0,0
0.1082,0,0
0.1086,0,0
0.109,0,0
0.1094,0.00819382,0.00821274
0.1098,0,0
0.1102,0,0
0.1106,0,0
0.111,0,0
0.1114,0,0
0.1118,0,0
0.1122,0,0
0.1126,0,0
0.113,0.00889047,0.00891271
0.1134,0,0
0.1138,0,0
0.1142,0,0
0.1146,0,0
0.115,0,0
0.1154,0,0
0.1158,0,0
0.1162,0,0
0.1166,0,0
0.117,0,0
0.1174,0,0
0.1178,0,0
0.1182,0.0100611,0.0100896
0.1186,0,0
0.119,0,0
0.1194,0,0
0.1198,0,0
6
-0.1198,0,0
-0.1194,0.00187652,0.00321016
-0.119,0,0
-0.1186,0,0
-0.1182,0,0
-0.1178,0,0
-0.1174,0,0
-0.117,0,0
-0.1166,0,0
-0.1162,0,0
-0.1158,0,0
-0.1154,0,0
-0.115,0,0
-0.1146,0,0
-0.1142,0,0
-0.1138,0,0
-0.1134,0,0
-0.113,0,0
-0.1126,0,0
-0.1122,0,0
-0.1118,0,0
-0.1114,0,0
-0.111,0,0
-0.1106,0,0
-0.1102,0,0
-0.1098,0,0
-0.1094,0,0
-0.109,0,0
-0.1086,0.00560254,0.00561317
-0.1082,0,0
-0.1078,0,0
-0.1074,0,0
-0.107,0,0
-0.1066,0,0
-0.1062,0,0
-0.1058,0,0
-0.1054,0,0
-0.105,0,0
-0.1046,0,0
-0.1042,0,0
-0.1038,0.00561837,0.00562902
-0.1034,0,0
-0.103,0,0
-0.1026,0,0
-0.1022,0,0
-0.1018,0,0
-0.1014,0,0
-0.101,0,0
-0.1006,0,0
-0.1002,0,0
-0.0998,0,0
-0.0994,0,0
-0.099,0,0
-0.0986,0,0
-0.0982,0,0
-0.0978,0,0
-0.0974,0,0
-0.097,0,0
-0.0966,0,0
-0.0962,0,0
-0.0958,0,0
-0.0954,0,0
-0.095,0.00547522,0.00548526
-0.0946,0.00569295,0.00570379
-0.0942,0,0
-0.0938,0,0
-0.0934,0,0
-0.093,0,0
-0.0926,0,0
-0.0922,0,0
-0.0918,0,0
-0.0914,8.45442e-05,0.000673056
-0.091,0,0
-0.0906,0,0
-0.0902,0,0
-0.0898,0,0
-0.0894,0,0
-0.089,0,0
-0.0886,0,0
-0.0882,0,0
-0.0878,0,0
-0.0874,0,0
-0.087,0,0
-0.0866,0,0
-0.0862,0,0
-0.0858,0,0
-0.0854,0,0
-0.085,0,0
-0.0846,0.0106623,0.00780262
-0.0842,0,0
-0.0838,0,0
-0.0834,0,0
-0.083,0,0
-0.0826,0,0
-0.0822,0.00599225,0.0060043
-0.0818,0,0
-0.0814,0,0
-0.081,0,0
-0.0806,0.00565944,0.00567021
-0.0802,0,0
-0.0798,0.00597238,0.00598437
-0.0794,0,0
-0.079,0,0
-0.0786,0,0
-0.0782,0,0
-0.0778,0,0
-0.0774,0.00539896,0.00540879
-0.077,0,0
-0.0766,0,0
-0.0762,0,0
-0.0758,0,0
-0.0754,0,0
-0.075,0,0
-0.0746,0,0
-0.0742,0,0
-0.0738,0,0
-0.0734,0,0
-0.073,0,0
-0.0726,0,0
-0.0722,0,0
-0.0718,0,0
-0.0714,0,0
-0.071,0,0
-0.0706,0.00555271,0.00556317
-0.0702,0,0
-0.0698,0,0
-0.0694,0,0
-0.069,0,0
-0.0686,0.00582416,0.00583569
-0.0682,0,0
-0.0678,0,0
-0.0674,0.00780419,0.00648647
-0.067,0,0
-0.0666,0,0
-0.0662,0,0
-0.0658,0,0
-0.0654,0,0
-0.065,0,0
-0.0646,0,0
-0.0642,0,0
-0.0638,0,0
-0.0634,0,0
-0.063,0,0
-0.0626,0,0
-0.0622,0,0
-0.0618,0,0
-0.0614,0,0
-0.061,0,0
-0.0606,0,0
-0.0602,0,0
-0.0598,0.00532892,0.00533865
-0.0594,0.00527494,0.00528448
-0.059,0,0
-0.0586,0.00574042,0.00575172
-0.0582,0.00578126,0.00579272
-0.0578,0,0
-0.0574,0,0
-0.057,0,0
-0.0566,0,0
-0.0562,0,0
-0.0558,0.00516321,0.00517237
-0.0554,0,0
-0.055,0,0
-0.0546,0,0
-0.0542,0.00528469,0.00529431
-0.0538,0,0
-0.0534,0,0
-0.053,0,0
-0.0526,0,0
-0.0522,0,0
-0.0518,0.00552243,0.00553294
-0.0514,0,0
-0.051,0,0
-0.0506,0,0
-0.0502,0,0
-0.0498,0,0
-0.0494,0.00542458,0.00543474
-0.049,0.00552674,0.0055373
-0.0486,0,0
-0.0482,0,0
-0.0478,0,0
-0.0474,0.00538201,0.00539203
-0.047,0,0
-0.0466,0,0
-0.0462,0,0
-0.0458,0,0
-0.0454,0,0
-0.045,0,0
-0.0446,0,0
-0.0442,0,0
-0.0438,0,0
-0.0434,0,0
-0.043,0,0
-0.0426,0,0
-0.0422,0,0
-0.0418,0,0
-0.0414,0.00516135,0.0051706
-0.041,0,0
-0.0406,0.00354032,0.00444139
-0.0402,0,0
-0.0398,0.00438865,0.00494909
-0.0394,0.00545665,0.00546701
-0.039,0,0
-0.0386,0,0
-0.0382,0,0
-0.0378,0,0
-0.0374,0,0
-0.037,0,0
-0.0366,0.00478389,0.00479187
-0.0362,0,0
-0.0358,0,0
-0.0354,0,0
-0.035,0,0
-0.0346,0,0
-0.0342,0.00537233,0.0053824
-0.0338,0,0
-0.0334,0,0
-0.033,0,0
-0.0326,0,0
-0.0322,0,0
-0.0318,0,0
-0.0314,0,0
-0.031,0,0
-0.0306,0.00574437,0.00575591
-0.0302,0,0
-0.0298,0,0
-0.0294,0,0
-0.029,0,0
-0.0286,0,0
-0.0282,0.0108105,0.00765864
-0.0278,0,0
-0.0274,0,0
-0.027,0,0
-0.0266,0,0
-0.0262,0,0
-0.0258,0,0
-0.0254,0,0
-0.025,0,0
-0.0246,0,0
-0.0242,0,0
-0.0238,0.00517635,0.00518575
-0.0234,0,0
-0.023,0,0
-0.0226,0,0
-0.0222,0,0
-0.0218,0.00534968,0.00535973
-0.0214,0,0
-0.021,0,0
-0.0206,0,0
-0.0202,0.00445785,0.00446484
-0.0198,0,0
-0.0194,0,0
-0.019,0,0
-0.0186,0.00572413,0.00573564
-0.0182,0,0
-0.0178,0.00505766,0.00506665
-0.0174,0,0
-0.017,0,0
-0.0166,0,0
-0.0162,0,0
-0.0158,0,0
-0.0154,0.00521821,0.00522779
-0.015,0.00522354,0.00523315
-0.0146,0,0
-0.0142,0.00525481,0.00526453
-0.0138,0.00560855,0.00561962
-0.0134,0.00560766,0.00561874
-0.013,0,0
-0.0126,0,0
-0.0122,0,0
-0.0118,0,0
-0.0114,0,0
-0.011,0.00506407,0.00507311
-0.0106,0.00991883,0.00702595
-0.0102,0,0
-0.0098,0.0098132,0.00695236
-0.0094,0.0048094,0.00481756
-0.009,0,0
-0.0086,0,0
-0.0082,0,0
-0.0078,0.0103395,0.00736151
-0.0074,0.00568765,0.00569906
-0.007,0.00508891,0.00509804
-0.0066,0,0
-0.0062,0.010245,0.00734177
-0.0058,0.00553055,0.00554134
-0.0054,0.0158918,0.00919447
-0.005,0.0105656,0.00748497
-0.0046,0.0157364,0.00910227
-0.0042,0.0107171,0.00759249
-0.0038,0.0211867,0.0106198
-0.0034,0.0411237,0.0145663
-0.003,0.0263973,0.0118429
-0.0026,0.0565121,0.0170703
-0.0022,0.0552976,0.0175615
-0.0018,0.0925164,0.0218684
-0.0014,0.163955,0.029996
-0.001,0.264844,0.0371776
-0.0006,0.346009,0.0417348
-0.0002,0.409603,0.0456044
0.0002,0.376698,0.0448142
0.0006,0.334019,0.0421857
0.001,0.323475,0.0418643
0.0014,0.20928,0.0331568
0.0018,0.143343,0.0271464
0.0022,0.10314,0.0231489
0.0026,0.0643523,0.0186432
0.003,0.0616847,0.0178616
0.0034,0.0158791,0.00918498
0.0038,0.0327374,0.0133909
0.0042,0.0109057,0.00772642
0.0046,0,0
0.005,0.0213196,0.01068
0.0054,0.0208375,0.0104391
0.0058,0,0
0.0062,0.0157096,0.00909032
0.0066,0.00544365,0.00545412
0.007,0,0
0.0074,0.00561078,0.00562189
0.0078,0,0
0.0082,0,0
0.0086,0,0
0.009,0,0
0.0094,0,0
0.0098,0,0
0.0102,0,0
0.0106,0.00511378,0.005123
0.011,0,0
0.0114,0.00507879,0.00508788
0.0118,0,0
0.0122,0,0
0.0126,0,0
0.013,0,0
0.0134,0,0
0.0138,0,0
0.0142,0,0
0.0146,0.00477827,0.00483111
0.015,0,0
0.0154,0,0
0.0158,0,0
0.0162,0,0
0.0166,0.00516941,0.00517878
0.017,0,0
0.0174,0,0
0.0178,0,0
0.0182,0,0
0.0186,0,0
0.019,0.00508318,0.00509221
0.0194,0,0
0.0198,0,0
0.0202,0,0
0.0206,0.00445854,0.00461242
0.021,0,0
0.0214,0,0
0.0218,0.00524742,0.00525699
0.0222,0,0
0.0226,0,0
0.023,0,0
0.0234,0,0
0.0238,0,0
0.0242,0,0
0.0246,0,0
0.025,0,0
0.0254,0,0
0.0258,0,0
0.0262,0,0
0.0266,0,0
0.027,0,0
0.0274,0,0
0.0278,0.00483536,0.00528168
0.0282,0,0
0.0286,0,0
0.029,0,0
0.0294,0.00491656,0.00492486
0.0298,0,0
0.0302,0,0
0.0306,0,0
0.031,0,0
0.0314,0,0
0.0318,0,0
0.0322,0,0
0.0326,0.00523994,0.00524931
0.033,0,0
0.0334,0,0
0.0338,0,0
0.0342,0,0
0.0346,0,0
0.035,0,0
0.0354,0,0
0.0358,0,0
0.0362,0,0
0.0366,0,0
0.037,0,0
0.0374,0.00397778,0.00463271
0.0378,0,0
0.0382,0,0
0.0386,0,0
0.039,0,0
0.0394,0,0
0.0398,0,0
0.0402,0,0
0.0406,0,0
0.041,0,0
0.0414,0,0
0.0418,0.00530265,0.0053121
0.0422,0,0
0.0426,0,0
0.043,0,0
0.0434,0,0
0.0438,0,0
0.0442,0,0
0.0446,0,0
0.045,0.00487224,0.00488018
0.0454,0,0
0.0458,0,0
0.0462,0,0
0.0466,0,0
0.047,0,0
0.0474,0,0
0.0478,0,0
0.0482,0,0
0.0486,0,0
0.049,0,0
0.0494,0,0
0.0498,0.00564217,0.00565274
0.0502,0,0
0.0506,0,0
0.051,0,0
0.0514,0,0
0.0518,0,0
0.0522,0,0
0.0526,0.00560787,0.00561827
0.053,0,0
0.0534,0.00486194,0.00486974
0.0538,0,0
0.0542,0.0116242,0.00824456
0.0546,0,0
0.055,0,0
0.0554,0,0
0.0558,0.0059281,0.00593966
0.0562,0,0
0.0566,0,0
0.057,0,0
0.0574,0,0
0.0578,0,0
0.0582,0,0
0.0586,0,0
0.059,0,0
0.0594,0,0
0.0598,0.00556779,0.00557793
0.0602,0,0
0.0606,0,0
0.061,0,0
0.0614,0.00252447,0.00355121
0.0618,0,0
0.0622,0,0
0.0626,0,0
0.063,0,0
0.0634,0,0
0.0638,0,0
0.0642,0,0
0.0646,0,0
0.065,0,0
0.0654,0,0
0.0658,0,0
0.0662,0,0
0.0666,0,0
0.067,0,0
0.0674,0,0
0.0678,0.0056706,0.00568098
0.0682,0,0
0.0686,0,0
0.069,0,0
0.0694,0.0053988,0.00540819
0.0698,0.0053933,0.00540266
0.0702,0,0
0.0706,0,0
0.071,0,0
0.0714,0,0
0.0718,0,0
0.0722,0,0
0.0726,0,0
0.073,0,0
0.0734,0,0
0.0738,0,0
0.0742,0,0
0.0746,0,0
0.075,0,0
0.0754,0,0
0.0758,0,0
0.0762,0,0
0.0766,0,0
0.077,0,0
0.0774,0.00595884,0.00597014
0.0778,0,0
0.0782,0,0
0.0786,0,0
0.079,0,0
0.0794,0,0
0.0798,0.00544357,0.00545297
0.0802,0,0
0.0806,0,0
0.081,0,0
0.0814,0,0
0.0818,0,0
0.0822,0,0
0.0826,0,0
0.083,0.0059552,0.00596639
0.0834,0,0
0.0838,0,0
0.0842,0,0
0.0846,0,0
0.085,0,0
0.0854,0.00174156,0.00328557
0.0858,0,0
0.0862,0,0
0.0866,0,0
0.087,0,0
0.0874,0.00599286,0.00600413
0.0878,0,0
0.0882,0,0
0.0886,0,0
0.089,0,0
0.0894,0,0
0.0898,0,0
0.0902,0,0
0.0906,0,0
0.091,0,0
0.0914,0,0
0.0918,0,0
0.0922,0,0
0.0926,0,0
0.093,0,0
0.0934,0,0
0.0938,0,0
0.0942,0,0
0.0946,0,0
0.095,0.00600812,0.00601933
0.0954,0,0
0.0958,0,0
0.0962,0,0
0.0966,0,0
0.097,0,0
0.0974,0,0
0.0978,0,0
0.0982,0,0
0.0986,0,0
0.099,0,0
0.0994,0,0
0.0998,0,0
0.1002,0,0
0.1006,0,0
0.101,0,0
0.1014,0,0
0.1018,0,0
0.1022,0,0
0.1026,0,0
0.103,0,0
0.1034,0,0
0.1038,0,0
0.1042,0,0
0.1046,0,0
0.105,0,0
0.1054,0,0
0.1058,0,0
0.1062,0,0
0.1066,0,0
0.107,0,0
0.1074,0,0
0.1078,0,0
0.1082,0,0
0.1086,0,0
0.109,0,0
0.1094,0,0
0.1098,0.0076694,0.00768741
0.1102,0,0
0.1106,0,0
0.111,0,0
0.1114,0,0
0.1118,0,0
0.1122,0,0
0.1126,0,0
0.113,0,0
0.1134,0,0
0.1138,0,0
0.1142,0,0
0.1146,0,0
0.115,0,0
0.1154,0,0
0.1158,0,0
0.1162,0,0
0.1166,0,0
0.117,0,0
0.1174,0.0101465,0.0101781
0.1178,0,0
0.1182,0,0
0.1186,0,0
0.119,0,0
0.1194,0.00919045,0.00921642
0.1198,0,0
7
-0.1198,0,0
-0.1194,0.00355382,0.00439257
-0.119,0.00547505,0.00548541
-0.1186,0,0
-0.1182,0,0
-0.1178,0,0
-0.1174,0,0
-0.117,0,0
-0.1166,0,0
-0.1162,0,0
-0.1158,0,0
-0.1154,0,0
-0.115,0,0
-0.1146,0.00520965,0.00521907
-0.1142,0,0
-0.1138,0,0
-0.1134,0.00565348,0.00566457
-0.113,0,0
-0.1126,0,0
-0.1122,0,0
-0.1118,0,0
-0.1114,0,0
-0.111,0,0
-0.1106,0,0
-0.1102,0,0
-0.1098,0,0
-0.1094,0,0
-0.109,0,0
-0.1086,0,0
-0.1082,0,0
-0.1078,0,0
-0.1074,0,0
-0.107,0,0
-0.1066,0,0
-0.1062,0.00581996,0.00583178
-0.1058,0,0
-0.1054,0,0
-0.105,0,0
-0.1046,0,0
-0.1042,0,0
-0.1038,0,0
-0.1034,0,0
-0.103,0,0
-0.1026,0,0
-0.1022,0,0
-0.1018,0,0
-0.1014,0,0
-0.101,0,0
-0.1006,0.00598497,0.00599754
-0.1002,0,0
-0.0998,0,0
-0.0994,0.00581995,0.00583185
-0.099,0,0
-0.0986,0,0
-0.0982,0,0
-0.0978,0,0
-0.0974,0,0
-0.097,0,0
-0.0966,0,0
-0.0962,0,0
-0.0958,0,0
-0.0954,0,0
-0.095,0,0
-0.0946,0,0
-0.0942,0,0
-0.0938,0,0
-0.0934,0,0
-0.093,0,0
-0.0926,0,0
-0.0922,0,0
-0.0918,0,0
-0.0914,0.00495247,0.00500104
-0.091,0,0
-0.0906,0,0
-0.0902,0,0
-0.0898,0,0
-0.0894,0,0
-0.089,0,0
-0.0886,0,0
-0.0882,0,0
-0.0878,0,0
-0.0874,0,0
-0.087,0,0
-0.0866,0,0
-0.0862,0,0
-0.0858,0,0
-0.0854,0,0
-0.085,0,0
-0.0846,0,0
-0.0842,0,0
-0.0838,0,0
-0.0834,0,0
-0.083,0,0
-0.0826,0,0
-0.0822,0,0
-0.0818,0.00546766,0.00547824
-0.0814,0.00535632,0.00536647
-0.081,0,0
-0.0806,0.00538246,0.0053927
-0.0802,0,0
-0.0798,0,0
-0.0794,0,0
-0.079,0,0
-0.0786,0,0
-0.0782,0,0
-0.0778,0,0
-0.0774,0.00515889,0.00516828
-0.077,0,0
-0.0766,0,0
-0.0762,0,0
-0.0758,0,0
-0.0754,0,0
-0.075,0,0
-0.0746,0,0
-0.0742,0.00555664,0.00556751
-0.0738,0,0
-0.0734,0.00566552,0.00567681
-0.073,0,0
-0.0726,0.00543081,0.0054665
-0.0722,0.00511384,0.00512304
-0.0718,0,0
-0.0714,0,0
-0.071,0,0
-0.0706,0,0
-0.0702,0.00542982,0.00544017
-0.0698,0,0
-0.0694,0,0
-0.069,0.00552315,0.00553385
-0.0686,0,0
-0.0682,0,0
-0.0678,0.00493036,0.00493888
-0.0674,0,0
-0.067,0,0
-0.0666,0.00541457,0.00542483
-0.0662,0,0
-0.0658,0,0
-0.0654,0,0
-0.065,0,0
-0.0646,0,0
-0.0642,0.00550264,0.0055132
-0.0638,0,0
-0.0634,0,0
-0.063,0,0
-0.0626,0.00486205,0.00487029
-0.0622,0,0
-0.0618,0,0
-0.0614,0.0107734,0.00763221
-0.061,0,0
-0.0606,0,0
-0.0602,0,0
-0.0598,0.00520504,0.00521445
-0.0594,0.0108222,0.00767203
-0.059,0,0
-0.0586,0.00568091,0.0056921
-0.0582,0,0
-0.0578,0.010648,0.00754319
-0.0574,0,0
-0.057,0,0
-0.0566,0,0
-0.0562,0,0
-0.0558,0,0
-0.0554,0,0
-0.055,0,0
-0.0546,0,0
-0.0542,0.00526443,0.00527399
-0.0538,0,0
-0.0534,0,0
-0.053,0.00594572,0.00595788
-0.0526,0,0
-0.0522,0.00528723,0.00535333
-0.0518,0.00554294,0.0055535
-0.0514,0,0
-0.051,0,0
-0.0506,0,0
-0.0502,0,0
-0.0498,0,0
-0.0494,0,0
-0.049,0,0
-0.0486,0,0
-0.0482,0.005522,0.00553242
-0.0478,0.00552505,0.00553548
-0.0474,0,0
-0.047,0.00557593,0.00558653
-0.0466,0.00587532,0.00588709
-0.0462,0,0
-0.0458,0,0
-0.0454,0.00564249,0.00565333
-0.045,0,0
-0.0446,0,0
-0.0442,0,0
-0.0438,0,0
-0.0434,0,0
-0.043,0,0
-0.0426,0,0
-0.0422,0,0
-0.0418,0,0
-0.0414,0,0
-0.041,0.0106713,0.00755948
-0.0406,0,0
-0.0402,0,0
-0.0398,0,0
-0.0394,0,0
-0.039,0,0
-0.0386,0,0
-0.0382,0,0
-0.0378,0.00592816,0.00593997
-0.0374,0.00615901,0.00617175
-0.037,0,0
-0.0366,0,0
-0.0362,0,0
-0.0358,0,0
-0.0354,0,0
-0.035,0,0
-0.0346,0.00573729,0.00574829
-0.0342,0,0
-0.0338,0,0
-0.0334,0.0115627,0.00819324
-0.033,0,0
-0.0326,0,0
-0.0322,0.00590708,0.0059187
-0.0318,0,0
-0.0314,0,0
-0.031,0,0
-0.0306,0,0
-0.0302,0,0
-0.0298,0,0
-0.0294,0,0
-0.029,0,0
-0.0286,0,0
-0.0282,0,0
-0.0278,0.0054213,0.00543101
-0.0274,0,0
-0.027,0,0
-0.0266,0,0
-0.0262,0.00578693,0.00579796
-0.0258,0,0
-0.0254,0,0
-0.025,0,0
-0.0246,0,0
-0.0242,0,0
-0.0238,0,0
-0.0234,0,0
-0.023,0.0059096,0.00592102
-0.0226,0,0
-0.0222,0,0
-0.0218,0.0130132,0.00867117
-0.0214,0,0
-0.021,0,0
-0.0206,0.0100362,0.00711435
-0.0202,0.00481581,0.00482335
-0.0198,0.0057603,0.00577108
-0.0194,0.00594871,0.0059602
-0.019,0.0119488,0.00846546
-0.0186,0,0
-0.0182,0.00621366,0.00622616
-0.0178,0,0
-0.0174,0,0
-0.017,0,0
-0.0166,0,0
-0.0162,0,0
-0.0158,0.00542653,0.00543602
-0.0154,0,0
-0.015,0,0
-0.0146,0,0
-0.0142,0.00546178,0.00547136
-0.0138,0.00417481,0.00490987
-0.0134,0,0
-0.013,0,0
-0.0126,0,0
-0.0122,0.000140219,0.000891225
-0.0118,0,0
-0.0114,0,0
-0.011,0,0
-0.0106,0,0
-0.0102,0,0
-0.0098,0.005538,0.00554777
-0.0094,0.00532788,0.00533692
-0.009,0,0
-0.0086,0,0
-0.0082,0,0
-0.0078,0,0
-0.0074,0.0188283,0.0108929
-0.007,0.00566451,0.00567468
-0.0066,0.0113445,0.0080362
-0.0062,0.00352445,0.00467086
-0.0058,0,0
-0.0054,0.00582426,0.00583499
-0.005,0.0177074,0.0102425
-0.0046,0.00586519,0.00587605
-0.0042,0.00628829,0.00630077
-0.0038,0.0183952,0.0106484
-0.0034,0.0462983,0.0163993
-0.003,0.0157023,0.00970964
-0.0026,0.0676488,0.0200856
-0.0022,0.0822366,0.0231406
-0.0018,0.123087,0.0269023
-0.0014,0.19755,0.0348986
-0.001,0.323571,0.0436506
-0.0006,0.395285,0.0473405
-0.0002,0.645305,0.0608002
0.0002,0.507997,0.0553377
0.0006,0.545115,0.0570553
0.001,0.440954,0.0518867
0.0014,0.345755,0.0453736
0.0018,0.274072,0.0401047
0.0022,0.17914,0.032331
0.0026,0.123383,0.0268568
0.003,0.0630026,0.0190466
0.0034,0.0655808,0.0198139
0.0038,0.030887,0.0138399
0.0042,0.0061635,0.00617534
0.0046,0.0306653,0.0137417
0.005,0.032487,0.0140513
0.0054,0.0290351,0.0130112
0.0058,0.0225478,0.011296
0.0062,0.0302176,0.0135448
0.0066,0.0181847,0.0105199
0.007,0.0118334,0.00838374
0.0074,0,0
0.0078,0.00692089,0.00641046
0.0082,0.00623035,0.00624239
0.0086,0,0
0.009,0.00586607,0.00587674
0.0094,0.00586793,0.0058786
0.0098,0,0
0.0102,0,0
0.0106,0.00574788,0.00575811
0.011,0,0
0.0114,0,0
0.0118,0.00592106,0.00593191
0.0122,0,0
0.0126,0,0
0.013,0,0
0.0134,0,0
0.0138,0,0
0.0142,0,0
0.0146,0.00631748,0.00627281
0.015,0,0
0.0154,0,0
0.0158,0,0
0.0162,0,0
0.0166,0,0
0.017,0.00586419,0.00587482
0.0174,0,0
0.0178,0.0117004,0.00829549
0.0182,0,0
0.0186,0,0
0.019,0.0173505,0.0100355
0.0194,0,0
0.0198,0.00602624,0.00603748
0.0202,0,0
0.0206,0.000334357,0.00133954
0.021,0,0
0.0214,0,0
0.0218,0,0
0.0222,0.00582521,0.00583573
0.0226,0,0
0.023,0,0
0.0234,0,0
0.0238,0,0
0.0242,0,0
0.0246,0.0120868,0.00856274
0.025,0,0
0.0254,0,0
0.0258,0,0
0.0262,0.00635889,0.00637146
0.0266,0,0
0.027,0,0
0.0274,0,0
0.0278,0.0010069,0.00253373
0.0282,0,0
0.0286,0,0
0.029,0.00599484,0.00600604
0.0294,0,0
0.0298,0,0
0.0302,0,0
0.0306,0,0
0.031,0,0
0.0314,0,0
0.0318,0,0
0.0322,0,0
0.0326,0.0167397,0.00968782
0.033,0,0
0.0334,0,0
0.0338,0,0
0.0342,0,0
0.0346,0,0
0.035,0.00606876,0.0060803
0.0354,0,0
0.0358,0.00555184,0.00556151
0.0362,0.00596397,0.00597514
0.0366,0.00596144,0.0059726
0.037,0,0
0.0374,0.00150751,0.00296145
0.0378,0,0
0.0382,0.00592307,0.0059341
0.0386,0,0
0.039,0,0
0.0394,0,0
0.0398,0,0
0.0402,0,0
0.0406,0,0
0.041,0.0117216,0.00830491
0.0414,0,0
0.0418,0,0
0.0422,0,0
0.0426,0,0
0.043,0,0
0.0434,0,0
0.0438,0.00532089,0.00532985
0.0442,0,0
0.0446,0,0
0.045,0.00514789,0.00515628
0.0454,0.0054072,0.00541646
0.0458,0,0
0.0462,0,0
0.0466,0,0
0.047,0,0
0.0474,0,0
0.0478,0,0
0.0482,0.00573185,0.0057423
0.0486,0,0
0.049,0,0
0.0494,0,0
0.0498,0,0
0.0502,0,0
0.0506,0,0
0.051,0,0
0.0514,0,0
0.0518,0,0
0.0522,0,0
0.0526,0.00580262,0.00581338
0.053,0,0
0.0534,0.00605144,0.00606315
0.0538,0,0
0.0542,0,0
0.0546,0,0
0.055,0,0
0.0554,0,0
0.0558,0,0
0.0562,0,0
0.0566,0,0
0.057,0,0
0.0574,0,0
0.0578,0,0
0.0582,0,0
0.0586,0,0
0.059,0,0
0.0594,0,0
0.0598,0,0
0.0602,0.00501998,0.00502811
0.0606,0.0050174,0.00502553
0.061,0,0
0.0614,0.00247744,0.00353409
0.0618,0,0
0.0622,0,0
0.0626,0,0
0.063,0,0
0.0634,0,0
0.0638,0.00533377,0.00534299
0.0642,0.00533103,0.00534024
0.0646,0,0
0.065,0.00542747,0.00543703
0.0654,0,0
0.0658,0,0
0.0662,0,0
0.0666,0,0
0.067,0,0
0.0674,0,0
0.0678,0,0
0.0682,0,0
0.0686,0,0
0.069,0,0
0.0694,0,0
0.0698,0,0
0.0702,0,0
0.0706,0,0
0.071,0,0
0.0714,0,0
0.0718,0,0
0.0722,0,0
0.0726,0,0
0.073,0,0
0.0734,0,0
0.0738,0,0
0.0742,0,0
0.0746,0,0
0.075,0.00579427,0.0058053
0.0754,0,0
0.0758,0,0
0.0762,0,0
0.0766,0,0
0.077,0,0
0.0774,0,0
0.0778,0,0
0.0782,0.00565072,0.00566124
0.0786,0,0
0.079,0,0
0.0794,0,0
0.0798,0,0
0.0802,0,0
0.0806,0.00439008,0.00477082
0.081,0,0
0.0814,0,0
0.0818,0,0
0.0822,0,0
0.0826,0,0
0.083,0,0
0.0834,0,0
0.0838,0,0
0.0842,0.00508968,0.00509825
0.0846,0,0
0.085,0,0
0.0854,0.00421466,0.0049838
0.0858,0,0
0.0862,0.00508554,0.0050941
0.0866,0.00526838,0.00527757
0.087,0,0
0.0874,0,0
0.0878,0,0
0.0882,0,0
0.0886,0,0
0.089,0,0
0.0894,0,0
0.0898,0,0
0.0902,0,0
0.0906,0,0
0.091,0,0
0.0914,0,0
0.0918,0,0
0.0922,0,0
0.0926,0,0
0.093,0,0
0.0934,0,0
0.0938,0,0
0.0942,0,0
0.0946,0.00533439,0.00534384
0.095,0,0
0.0954,0.00524085,0.00575485
0.0958,0,0
0.0962,0,0
0.0966,0,0
0.097,0,0
0.0974,0,0
0.0978,0.00598321,0.0059951
0.0982,0,0
0.0986,0,0
0.099,0,0
0.0994,0,0
0.0998,0,0
0.1002,0,0
0.1006,0,0
0.101,0,0
0.1014,0,0
0.1018,0,0
0.1022,0.00596813,0.00597996
0.1026,0,0
0.103,0,0
0.1034,0,0
0.1038,0,0
0.1042,0,0
0.1046,0,0
0.105,0.00596904,0.00598087
0.1054,0,0
0.1058,0,0
0.1062,0,0
0.1066,0.00662303,0.00663758
0.107,0,0
0.1074,0,0
0.1078,0,0
0.1082,0,0
0.1086,0,0
0.109,0.0145512,0.0103141
0.1094,0,0
0.1098,0,0
0.1102,0,0
0.1106,0,0
0.111,0,0
0.1114,0,0
0.1118,0,0
0.1122,0,0
0.1126,0,0
0.113,0,0
0.1134,0.00759624,0.00761524
0.1138,0,0
0.1142,0.00806088,0.00808224
0.1146,0,0
0.115,0,0
0.1154,0.00858081,0.00860497
0.1158,0,0
0.1162,0,0
0.1166,0,0
0.117,0,0
0.1174,0,0
0.1178,0,0
0.1182,0,0
0.1186,0,0
0.119,0,0
0.1194,0,0
0.1198,0,0
8
-0.1198,0,0
-0.1194,0,0
-0.119,0,0
-0.1186,0,0
-0.1182,0,0
-0.1178,0.0044047,0.00441394
-0.1174,0,0
-0.117,0,0
-0.1166,0,0
-0.1162,0,0
-0.1158,0,0
-0.1154,0,0
-0.115,0,0
-0.1146,0,0
-0.1142,0,0
-0.1138,0,0
-0.1134,0,0
-0.113,0,0
-0.1126,0,0
-0.1122,0,0
-0.1118,0,0
-0.1114,0.00415568,0.00416385
-0.111,0,0
-0.1106,0,0
-0.1102,0,0
-0.1098,0,0
-0.1094,0,0
-0.109,0,0
-0.1086,0,0
-0.1082,0,0
-0.1078,0,0
-0.1074,0,0
-0.107,0,0
-0.1066,0,0
-0.1062,0,0
-0.1058,0,0
-0.1054,0.0040367,0.00404435
-0.105,0,0
-0.1046,0,0
-0.1042,0,0
-0.1038,0,0
-0.1034,0.00415479,0.00416287
-0.103,0,0
-0.1026,0.00398771,0.00399514
-0.1022,0,0
-0.1018,0,0
-0.1014,0,0
-0.101,0,0
-0.1006,0,0
-0.1002,0,0
-0.0998,0,0
-0.0994,0,0
-0.099,0,0
-0.0986,0,0
-0.0982,0,0
-0.0978,0,0
-0.0974,0,0
-0.097,0.0039078,0.00391487
-0.0966,0,0
-0.0962,0.00427164,0.00428009
-0.0958,0,0
-0.0954,0,0
-0.095,0.00396502,0.00397229
-0.0946,0,0
-0.0942,0,0
-0.0938,0.00426842,0.00427683
-0.0934,0,0
-0.093,0,0
-0.0926,0,0
-0.0922,0,0
-0.0918,0,0
-0.0914,0,0
-0.091,0.000394377,0.00123818
-0.0906,0.00393893,0.00394606
-0.0902,0,0
-0.0898,0,0
-0.0894,0,0
-0.089,0,0
-0.0886,0,0
-0.0882,0,0
-0.0878,0,0
-0.0874,0,0
-0.087,0,0
-0.0866,0,0
-0.0862,0,0
-0.0858,0,0
-0.0854,0,0
-0.085,0.00423201,0.00424019
-0.0846,0,0
-0.0842,0,0
-0.0838,0,0
-0.0834,0,0
-0.083,0,0
-0.0826,0,0
-0.0822,0,0
-0.0818,0,0
-0.0814,0,0
-0.081,0,0
-0.0806,0,0
-0.0802,0,0
-0.0798,0,0
-0.0794,0,0
-0.079,0,0
-0.0786,0,0
-0.0782,0,0
-0.0778,0,0
-0.0774,0,0
-0.077,0.00402468,0.00403201
-0.0766,0,0
-0.0762,0,0
-0.0758,0,0
-0.0754,0,0
-0.075,0,0
-0.0746,0,0
-0.0742,0,0
-0.0738,0,0
-0.0734,0,0
-0.073,0,0
-0.0726,3.93586e-05,0.000411022
-0.0722,0,0
-0.0718,0,0
-0.0714,0.0114893,0.00664728
-0.071,0,0
-0.0706,0,0
-0.0702,0,0
-0.0698,0,0
-0.0694,0,0
-0.069,0,0
-0.0686,0,0
-0.0682,0,0
-0.0678,0,0
-0.0674,0.00120425,0.00221784
-0.067,0,0
-0.0666,0,0
-0.0662,0,0
-0.0658,0,0
-0.0654,0.00792662,0.00561553
-0.065,0.00390657,0.00391342
-0.0646,0,0
-0.0642,0,0
-0.0638,0.00446964,0.0044786
-0.0634,0,0
-0.063,0.00384843,0.00385507
-0.0626,0,0
-0.0622,0,0
-0.0618,0,0
-0.0614,0,0
-0.061,0,0
-0.0606,0,0
-0.0602,0,0
-0.0598,0,0
-0.0594,0,0
-0.059,0.00439569,0.00440434
-0.0586,0.0044288,0.00443758
-0.0582,0,0
-0.0578,0,0
-0.0574,0,0
-0.057,0,0
-0.0566,0.00375816,0.00376448
-0.0562,0,0
-0.0558,0.00396442,0.00397145
-0.0554,0,0
-0.055,0,0
-0.0546,0.00430193,0.00431021
-0.0542,0.00405325,0.0040606
-0.0538,0,0
-0.0534,0,0
-0.053,0,0
-0.0526,0.00429851,0.00430678
-0.0522,8.67481e-05,0.000600883
-0.0518,0.00870649,0.00616842
-0.0514,0,0
-0.051,0.00459471,0.00460416
-0.0506,0,0
-0.0502,0,0
-0.0498,0.00403905,0.00404635
-0.0494,0,0
-0.049,0,0
-0.0486,0,0
-0.0482,0.00406594,0.00407334
-0.0478,0,0
-0.0474,0.00415925,0.00416699
-0.047,0,0
-0.0466,0.00423239,0.00424041
-0.0462,0,0
-0.0458,0,0
-0.0454,0,0
-0.045,0,0
-0.0446,0.00437963,0.00438821
-0.0442,0,0
-0.0438,0,0
-0.0434,0,0
-0.043,0.00481867,0.00482905
-0.0426,0,0
-0.0422,0.00394331,0.00395027
-0.0418,0,0
-0.0414,0,0
-0.041,0,0
-0.0406,0,0
-0.0402,0,0
-0.0398,0,0
-0.0394,0,0
-0.039,0.00405108,0.00405841
-0.0386,0.00391809,0.00392495
-0.0382,0.00435676,0.00436524
-0.0378,0,0
-0.0374,0,0
-0.037,0.0041399,0.00414755
-0.0366,0,0
-0.0362,0,0
-0.0358,0.0038867,0.00389345
-0.0354,0,0
-0.035,0,0
-0.0346,0,0
-0.0342,0,0
-0.0338,0.00419989,0.00420776
-0.0334,0,0
-0.033,0.00828909,0.00587381
-0.0326,0.00404567,0.00405297
-0.0322,0,0
-0.0318,0,0
-0.0314,0,0
-0.031,0.00443379,0.00444255
-0.0306,0,0
-0.0302,0,0
-0.0298,0.00428118,0.00428935
-0.0294,0,0
-0.029,0,0
-0.0286,0.00422539,0.00423335
-0.0282,0.00401664,0.00402383
-0.0278,0,0
-0.0274,0,0
-0.027,0,0
-0.0266,0.00418724,0.00419505
-0.0262,0,0
-0.0258,0,0
-0.0254,0,0
-0.025,0,0
-0.0246,0,0
-0.0242,0,0
-0.0238,0,0
-0.0234,0,0
-0.023,0,0
-0.0226,0,0
-0.0222,0,0
-0.0218,0.00312087,0.00363651
-0.0214,0,0
-0.021,0.00393778,0.00394467
-0.0206,0,0
-0.0202,0,0
-0.0198,0,0
-0.0194,0,0
-0.019,0,0
-0.0186,0,0
-0.0182,0.0167287,0.0083895
-0.0178,0,0
-0.0174,0,0
-0.017,0.00433345,0.00434179
-0.0166,0.00436905,0.00437753
-0.0162,0.0085446,0.006055
-0.0158,0.00393672,0.0039436
-0.0154,0,0
-0.015,0.00414175,0.00414936
-0.0146,0.00790303,0.00559809
-0.0142,0,0
-0.0138,0.00530229,0.00470568
-0.0134,0,0
-0.013,0.00412115,0.00412868
-0.0126,0.00399774,0.00400482
-0.0122,0.00397205,0.00402959
-0.0118,0.00424671,0.0042547
-0.0114,0.0043684,0.00437685
-0.011,0,0
-0.0106,0.00394834,0.00395524
-0.0102,0,0
-0.0098,0,0
-0.0094,0,0
-0.009,0.00387391,0.00388054
-0.0086,0.00146172,0.00246381
-0.0082,0.00759041,0.00537624
-0.0078,0,0
-0.0074,0,0
-0.007,0.00850421,0.00603044
-0.0066,0.00813926,0.00576567
-0.0062,0.00608782,0.00510488
-0.0058,0.00888289,0.00626127
-0.0054,0.00854467,0.00605494
-0.005,0.0126905,0.00734057
-0.0046,0.00511731,0.00464568
-0.0042,0.0216788,0.00971547
-0.0038,0.0218329,0.00979017
-0.0034,0.0455102,0.0137473
-0.003,0.0602102,0.0159722
-0.0026,0.0896696,0.0193411
-0.0022,0.160093,0.0270558
-0.0018,0.202927,0.0290317
-0.0014,0.339126,0.0386516
-0.001,0.415929,0.0417697
-0.0006,0.535803,0.0465333
-0.0002,0.61867,0.0502887
0.0002,0.561057,0.0488854
0.0006,0.528887,0.0476767
0.001,0.502863,0.0468652
0.0014,0.381203,0.0402312
0.0018,0.281153,0.0341495
0.0022,0.231973,0.0310734
0.0026,0.181136,0.0274654
0.003,0.133473,0.0236704
0.0034,0.102698,0.020834
0.0038,0.0351687,0.0124581
0.0042,0.0363975,0.0126545
0.0046,0.0299342,0.0113891
0.005,0.028433,0.0110598
0.0054,0.00832909,0.00590032
0.0058,0.0237303,0.0097047
0.0062,0.0129145,0.00747311
0.0066,0.0384336,0.0128359
0.007,0.0127696,0.0073863
0.0074,0.0123577,0.00740568
0.0078,0.00767619,0.00568463
0.0082,0.00904993,0.0064138
0.0086,0.00463454,0.00464393
0.009,0.0125762,0.00727474
0.0094,0.00400013,0.00400712
0.0098,0.00426725,0.00427521
0.0102,0.00407118,0.00407843
0.0106,0,0
0.011,0.00390499,0.00391165
0.0114,0.00409639,0.00410372
0.0118,0.00840391,0.00595338
0.0122,0.00439693,0.00440537
0.0126,0.00875544,0.00620294
0.013,0,0
0.0134,0,0
0.0138,0,0
0.0142,0.00472479,0.00473452
0.0146,0.00832729,0.00590896
0.015,0,0
0.0154,0,0
0.0158,0,0
0.0162,0.00898529,0.006366
0.0166,0.00449368,0.00450247
0.017,0,0
0.0174,0,0
0.0178,0,0
0.0182,0.00424495,0.00425279
0.0186,0.00412762,0.00413504
0.019,0.00825676,0.00584891
0.0194,0.00781225,0.00553349
0.0198,0,0
0.0202,0,0
0.0206,0,0
0.021,0.00762295,0.00539918
0.0214,0,0
0.0218,0,0
0.0222,0.00419948,0.00420714
0.0226,0,0
0.023,0.00410823,0.00411555
0.0234,0,0
0.0238,0.00415702,0.00416452
0.0242,0,0
0.0246,0,0
0.025,0,0
0.0254,0.0039741,0.00398095
0.0258,0,0
0.0262,0,0
0.0266,0.00415111,0.00415858
0.027,0,0
0.0274,0.00432495,0.00433305
0.0278,0,0
0.0282,0,0
0.0286,0.00446576,0.0044744
0.029,0,0
0.0294,0,0
0.0298,0,0
0.0302,0,0
0.0306,0.0040028,0.00400973
0.031,0.0042083,0.00421596
0.0314,0,0
0.0318,0,0
0.0322,0,0
0.0326,0,0
0.033,0,0
0.0334,0.00422889,0.00423662
0.0338,0.00413601,0.0041434
0.0342,0.00827374,0.00586088
0.0346,0,0
0.035,0,0
0.0354,0.00440688,0.00441526
0.0358,0,0
0.0362,0.00858218,0.00608012
0.0366,0.00433847,0.00434658
0.037,0,0
0.0374,0,0
0.0378,0.00416977,0.00417726
0.0382,0.00871784,0.00617627
0.0386,0,0
0.039,0,0
0.0394,0,0
0.0398,0.00391824,0.00392485
0.0402,0.00409077,0.00409797
0.0406,0,0
0.041,0,0
0.0414,0,0
0.0418,0,0
0.0422,0,0
0.0426,0.0044925,0.00450117
0.043,0,0
0.0434,0,0
0.0438,0,0
0.0442,0,0
0.0446,0,0
0.045,0,0
0.0454,0,0
0.0458,0,0
0.0462,0,0
0.0466,0,0
0.047,0,0
0.0474,0,0
0.0478,0.00402523,0.00403218
0.0482,0,0
0.0486,0,0
0.049,0.00867564,0.00614602
0.0494,0,0
0.0498,0.00437311,0.0043813
0.0502,0.00456863,0.00457756
0.0506,0,0
0.051,0,0
0.0514,0.00407524,0.00408235
0.0518,0,0
0.0522,0,0
0.0526,0,0
0.053,0,0
0.0534,0,0
0.0538,0.00470158,0.00471101
0.0542,0,0
0.0546,0,0
0.055,0,0
0.0554,0,0
0.0558,0,0
0.0562,0,0
0.0566,0,0
0.057,0,0
0.0574,0,0
0.0578,0,0
0.0582,0,0
0.0586,0.00420346,0.00421096
0.059,0,0
0.0594,0,0
0.0598,0,0
0.0602,0.00402249,0.00402934
0.0606,0,0
0.061,0,0
0.0614,0,0
0.0618,0,0
0.0622,0,0
0.0626,0,0
0.063,0,0
0.0634,0,0
0.0638,0,0
0.0642,0,0
0.0646,0.00414309,0.00415032
0.065,0,0
0.0654,0,0
0.0658,0.00869935,0.00616518
0.0662,0,0
0.0666,0.00439348,0.00440158
0.067,0,0
0.0674,0,0
0.0678,0,0
0.0682,0.00432684,0.00433468
0.0686,0,0
0.069,0.00438788,0.00439594
0.0694,0.00429317,0.00430088
0.0698,0.00429577,0.00430348
0.0702,0,0
0.0706,0,0
0.071,0,0
0.0714,0,0
0.0718,0,0
0.0722,0,0
0.0726,0,0
0.073,0,0
0.0734,0,0
0.0738,0,0
0.0742,0.00413687,0.00414397
0.0746,0,0
0.075,0.00475819,0.00476758
0.0754,0,0
0.0758,0,0
0.0762,0,0
0.0766,0.00434678,0.0043546
0.077,0,0
0.0774,0,0
0.0778,0.00433997,0.00434776
0.0782,0,0
0.0786,0,0
0.079,0,0
0.0794,0.00440019,0.00440818
0.0798,0,0
0.0802,0,0
0.0806,0.000621997,0.00160683
0.081,0,0
0.0814,0,0
0.0818,0,0
0.0822,0,0
0.0826,0,0
0.083,0.00457408,0.00458268
0.0834,0,0
0.0838,0,0
0.0842,0,0
0.0846,0,0
0.085,0.0042879,0.00429544
0.0854,0,0
0.0858,0.00457714,0.00458572
0.0862,0,0
0.0866,0,0
0.087,0,0
0.0874,0.00459769,0.00460633
0.0878,0,0
0.0882,0,0
0.0886,0,0
0.089,0,0
0.0894,0,0
0.0898,0,0
0.0902,0,0
0.0906,0,0
0.091,0,0
0.0914,0,0
0.0918,0,0
0.0922,0,0
0.0926,0,0
0.093,0,0
0.0934,0.00441239,0.00442029
0.0938,0,0
0.0942,0,0
0.0946,0,0
0.095,0,0
0.0954,0.0054343,0.00504442
0.0958,0.00859727,0.00608979
0.0962,0,0
0.0966,0,0
0.097,0,0
0.0974,0.00487616,0.00488578
0.0978,0,0
0.0982,0,0
0.0986,0,0
0.099,0,0
0.0994,0,0
0.0998,0,0
0.1002,0.00498133,0.00499135
0.1006,0,0
0.101,0,0
0.1014,0.00904262,0.00640578
0.1018,0,0
0.1022,0.0100925,0.00715355
0.1026,0.0104828,0.00742812
0.103,0,0
0.1034,0,0
0.1038,0,0
0.1042,0,0
0.1046,0,0
0.105,0.00491289,0.00492262
0.1054,0,0
0.1058,0,0
0.1062,0,0
0.1066,0,0
0.107,0.000397267,0.00154509
0.1074,0,0
0.1078,0,0
0.1082,0,0
0.1086,0,0
0.109,0,0
0.1094,0.00573297,0.0057462
0.1098,0,0
0.1102,0,0
0.1106,0,0
0.111,0,0
0.1114,0,0
0.1118,0.00683668,0.0068555
0.1122,0,0
0.1126,0,0
0.113,0,0
0.1134,0.00660746,0.00662503
0.1138,0,0
0.1142,0,0
0.1146,0,0
0.115,0,0
0.1154,0.00699042,0.0070101
0.1158,0,0
0.1162,0.00734816,0.0073699
0.1166,0,0
0.117,0.00749092,0.00751352
0.1174,0,0
0.1178,0.00765362,0.00767721
0.1182,0,0
0.1186,0,0
0.119,0,0
0.1194,0,0
0.1198,0,0
9
-0.1198,0,0
-0.1194,0.00381244,0.00381957
-0.119,0,0
-0.1186,0,0
-0.1182,0.00405549,0.00406356
-0.1178,0,0
-0.1174,0,0
-0.117,0,0
-0.1166,0,0
-0.1162,0,0
-0.1158,0,0
-0.1154,0.00390306,0.00391057
-0.115,0,0
-0.1146,0,0
-0.1142,0,0
-0.1138,0,0
-0.1134,0,0
-0.113,0,0
-0.1126,0,0
-0.1122,0,0
-0.1118,0,0
-0.1114,0.00395938,0.00396716
-0.111,0,0
-0.1106,0.00363322,0.00363978
-0.1102,0,0
-0.1098,0,0
-0.1094,0.00399531,0.00400326
-0.109,0,0
-0.1086,0,0
-0.1082,0,0
-0.1078,0.00764696,0.00541754
-0.1074,0,0
-0.107,0,0
-0.1066,0,0
-0.1062,0,0
-0.1058,0,0
-0.1054,0,0
-0.105,0,0
-0.1046,0,0
-0.1042,0.00393852,0.0039463
-0.1038,0,0
-0.1034,0,0
-0.103,0,0
-0.1026,0,0
-0.1022,0,0
-0.1018,0,0
-0.1014,0,0
-0.101,0.00365176,0.00365848
-0.1006,0,0
-0.1002,0,0
-0.0998,0,0
-0.0994,0,0
-0.099,0,0
-0.0986,0,0
-0.0982,0,0
-0.0978,0,0
-0.0974,0,0
-0.097,0,0
-0.0966,0,0
-0.0962,0.00389076,0.00389845
-0.0958,0,0
-0.0954,0.00346409,0.00347019
-0.095,0,0
-0.0946,0,0
-0.0942,0,0
-0.0938,0,0
-0.0934,0,0
-0.093,0,0
-0.0926,0,0
-0.0922,0,0
-0.0918,0,0
-0.0914,0,0
-0.091,0.00312651,0.00330483
-0.0906,0,0
-0.0902,0.00398728,0.00399542
-0.0898,0,0
-0.0894,0.00368306,0.00369001
-0.089,0,0
-0.0886,0,0
-0.0882,0,0
-0.0878,0,0
-0.0874,0,0
-0.087,0,0
-0.0866,0.00354729,0.00355376
-0.0862,0,0
-0.0858,0,0
-0.0854,0,0
-0.085,0,0
-0.0846,0,0
-0.0842,0,0
-0.0838,0.00369402,0.00370106
-0.0834,0,0
-0.083,0,0
-0.0826,0,0
-0.0822,0.00389076,0.00389858
-0.0818,0,0
-0.0814,0,0
-0.081,0,0
-0.0806,0,0
-0.0802,0,0
-0.0798,0.00348281,0.0034891
-0.0794,0.00397726,0.00398546
-0.079,0.0037361,0.00374333
-0.0786,0,0
-0.0782,0,0
-0.0778,0.00369491,0.00370199
-0.0774,0,0
-0.077,0.00707753,0.00501402
-0.0766,0,0
-0.0762,0.0035455,0.00355204
-0.0758,0.00362503,0.00363186
-0.0754,0,0
-0.075,0,0
-0.0746,0.00366865,0.00367566
-0.0742,0,0
-0.0738,0,0
-0.0734,0,0
-0.073,0,0
-0.0726,0.00727746,0.00515631
-0.0722,0.0103316,0.0059757
-0.0718,0,0
-0.0714,0,0
-0.071,0,0
-0.0706,0,0
-0.0702,0.00364349,0.00365043
-0.0698,0,0
-0.0694,0.0036341,0.00364101
-0.069,0.0073957,0.00523967
-0.0686,0,0
-0.0682,0,0
-0.0678,0,0
-0.0674,0.00245617,0.00293249
-0.067,0,0
-0.0666,0,0
-0.0662,0,0
-0.0658,0,0
-0.0654,0,0
-0.065,0.00333817,0.00334402
-0.0646,0,0
-0.0642,0,0
-0.0638,0,0
-0.0634,0,0
-0.063,0.00338804,0.00339407
-0.0626,0.00321715,0.0032226
-0.0622,0,0
-0.0618,0,0
-0.0614,0,0
-0.061,0,0
-0.0606,0.00720834,0.00510675
-0.0602,0.00346378,0.00347011
-0.0598,0.00342606,0.00343225
-0.0594,0,0
-0.059,0.00368862,0.00369579
-0.0586,0,0
-0.0582,0,0
-0.0578,0.00349079,0.00349722
-0.0574,0,0
-0.057,0.00336786,0.00337385
-0.0566,0.00318374,0.00318909
-0.0562,0,0
-0.0558,0,0
-0.0554,0.00336333,0.00336931
-0.055,0.0112121,0.00648615
-0.0546,0.00363894,0.00364595
-0.0542,0.0102911,0.00595235
-0.0538,0.00343513,0.00344138
-0.0534,0.00339175,0.00339784
-0.053,0.003632,0.00363898
-0.0526,0.00363106,0.00363805
-0.0522,0,0
-0.0518,0,0
-0.0514,0,0
-0.051,0.00387777,0.00388574
-0.0506,0.00346647,0.00347284
-0.0502,0,0
-0.0498,0,0
-0.0494,0.00352928,0.00353589
-0.049,0.00359579,0.00360265
-0.0486,0.00695601,0.00492773
-0.0482,0,0
-0.0478,0.00700458,0.00496221
-0.0474,0.00341086,0.00341705
-0.047,0.00357603,0.00358283
-0.0466,0,0
-0.0462,0,0
-0.0458,0.00360654,0.00361346
-0.0454,0.00708081,0.00501633
-0.045,0.00359345,0.00360033
-0.0446,0,0
-0.0442,0.00394986,0.00395818
-0.0438,0.00357449,0.0035813
-0.0434,0,0
-0.043,0.00403683,0.00404553
-0.0426,0,0
-0.0422,0.00336484,0.00337089
-0.0418,0,0
-0.0414,0,0
-0.041,0.00674211,0.00477608
-0.0406,0.0069938,0.00495697
-0.0402,0,0
-0.0398,0,0
-0.0394,0,0
-0.039,0.00675406,0.00478449
-0.0386,0.00326421,0.00326992
-0.0382,0,0
-0.0378,0,0
-0.0374,0.00770731,0.00546117
-0.037,0.00688348,0.00487636
-0.0366,0,0
-0.0362,0.0165912,0.00743481
-0.0358,0,0
-0.0354,0.00328848,0.00329429
-0.035,0,0
-0.0346,0.00356132,0.00356815
-0.0342,0,0
-0.0338,0,0
-0.0334,0.00364164,0.00364879
-0.033,0.00350926,0.0035159
-0.0326,0,0
-0.0322,0.00364119,0.00364835
-0.0318,0,0
-0.0314,0,0
-0.031,0.00374887,0.00375647
-0.0306,0.00374724,0.00375484
-0.0302,0,0
-0.0298,0,0
-0.0294,0.00346486,0.00347137
-0.029,0.00317137,0.00317682
-0.0286,0,0
-0.0282,0.00329933,0.00330524
-0.0278,0,0
-0.0274,0,0
-0.027,0,0
-0.0266,0.00352438,0.00353112
-0.0262,0.00350259,0.00350926
-0.0258,0.00711739,0.00505384
-0.0254,0.0102911,0.00595426
-0.025,0,0
-0.0246,0,0
-0.0242,0,0
-0.0238,0.00332911,0.00333515
-0.0234,0.00332751,0.00333355
-0.023,0.00356895,0.0035759
-0.0226,0,0
-0.0222,0.00663278,0.00469906
-0.0218,0.00687012,0.00486703
-0.0214,0.00351072,0.00351746
-0.021,0.00640058,0.00453382
-0.0206,0,0
-0.0202,0,0
-0.0198,0.00341469,0.00342108
-0.0194,0.00352165,0.00352845
-0.019,0,0
-0.0186,0,0
-0.0182,0.00695423,0.0049339
-0.0178,0.00328911,0.00329505
-0.0174,0,0
-0.017,0,0
-0.0166,0,0
-0.0162,0,0
-0.0158,0,0
-0.0154,0.00333175,0.00333787
-0.015,0,0
-0.0146,0.00302105,0.00302609
-0.0142,0.00335113,0.00335732
-0.0138,0,0
-0.0134,0.0035734,0.00358045
-0.013,0.00982686,0.00568429
-0.0126,0.00320362,0.0032093
-0.0122,0.00326172,0.00326761
-0.0118,0.0033979,0.00340429
-0.0114,0.00339608,0.00340247
-0.011,0,0
-0.0106,0.00315113,0.00315664
-0.0102,0,0
-0.0098,0,0
-0.0094,0.0031105,0.00311588
-0.009,0.00927126,0.00536202
-0.0086,0.0181505,0.00765558
-0.0082,0.00904024,0.00522815
-0.0078,0.024227,0.00860225
-0.0074,0.0212663,0.00869969
-0.007,0.0237178,0.00898981
-0.0066,0.00966109,0.00558786
-0.0062,0.0134407,0.00673484
-0.0058,0.027803,0.00986194
-0.0054,0.030731,0.0102651
-0.005,0.00996668,0.00576506
-0.0046,0.0257931,0.00926324
-0.0042,0.020453,0.00836723
-0.0038,0.0201818,0.00826076
-0.0034,0.0390568,0.0112956
-0.003,0.0237573,0.00892999
-0.0026,0.065355,0.0146429
-0.0022,0.137479,0.0220804
-0.0018,0.124043,0.0202332
-0.0014,0.245981,0.0291439
-0.001,0.435135,0.0378121
-0.0006,0.475934,0.0388205
-0.0002,0.578652,0.0429935
0.0002,0.656609,0.0467837
0.0006,0.5072,0.0411634
0.001,0.3782,0.035875
0.0014,0.275959,0.0302621
0.0018,0.1477,0.021823
0.0022,0.0890542,0.0169314
0.0026,0.107321,0.0188442
0.003,0.0379737,0.0109905
0.0034,0.0343986,0.0105945
0.0038,0.0409412,0.0118416
0.0042,0.0228368,0.00884295
0.0046,0.00685524,0.00478028
0.005,0.0266895,0.00945403
0.0054,0.0193144,0.00790184
0.0058,0.015463,0.00692854
0.0062,0.0300008,0.010023
0.0066,0.0132766,0.00665139
0.007,0.0256852,0.00909809
0.0074,0.0385975,0.0115609
0.0078,0.0228512,0.00865444
0.0082,0.0170485,0.00763911
0.0086,0.0137274,0.00688317
0.009,0.00641163,0.00454195
0.0094,0,0
0.0098,0.00304372,0.00304898
0.0102,0,0
0.0106,0,0
0.011,0,0
0.0114,0.00614945,0.00435716
0.0118,0,0
0.0122,0,0
0.0126,0.00674807,0.00478077
0.013,0,0
0.0134,0.00685271,0.00485505
0.0138,0.00334071,0.00334707
0.0142,0.00361708,0.00362453
0.0146,0,0
0.015,0.00336953,0.003376
0.0154,0.00641665,0.00454556
0.0158,0.00333847,0.00334482
0.0162,0.00666512,0.00472397
0.0166,0,0
0.017,0.00642543,0.00455214
0.0174,0,0
0.0178,0.00303542,0.00304068
0.0182,0,0
0.0186,0.00325623,0.00326229
0.019,0.00628198,0.00445001
0.0194,0.00310385,0.00310936
0.0198,0,0
0.0202,0,0
0.0206,0.00318393,0.00318974
0.021,0.00597254,0.00423254
0.0214,0.00918926,0.00531478
0.0218,0,0
0.0222,0.00626096,0.00443511
0.0226,0.00625909,0.00443379
0.023,0,0
0.0234,0,0
0.0238,0.00644886,0.00456847
0.0242,0.00328807,0.00329428
0.0246,0.00653413,0.004629
0.025,0.00326358,0.00326969
0.0254,0.00300053,0.0030057
0.0258,0.00298696,0.00299208
0.0262,0.00296258,0.00296762
0.0266,0.00332989,0.00333626
0.027,0,0
0.0274,0,0
0.0278,0,0
0.0282,0.00679701,0.00481592
0.0286,0,0
0.029,0.00297437,0.00297946
0.0294,0,0
0.0298,0,0
0.0302,0,0
0.0306,0,0
0.031,0.00315736,0.0031631
0.0314,0,0
0.0318,0,0
0.0322,0,0
0.0326,0,0
0.033,0.00327908,0.00328528
0.0334,0.00316496,0.00317073
0.0338,0,0
0.0342,0.00309356,0.00309909
0.0346,0,0
0.035,0,0
0.0354,0.00618728,0.00438289
0.0358,0.00316827,0.00317407
0.0362,0,0
0.0366,0.00626904,0.00444328
0.037,0.00338319,0.0033898
0.0374,0,0
0.0378,0,0
0.0382,0,0
0.0386,0,0
0.039,0.00305133,0.00305671
0.0394,0,0
0.0398,0,0
0.0402,0.00608125,0.00430767
0.0406,0,0
0.041,0,0
0.0414,0,0
0.0418,0,0
0.0422,0.00297054,0.00297566
0.0426,0,0
0.043,0.00641948,0.00455099
0.0434,0,0
0.0438,0.00321109,0.00321707
0.0442,0,0
0.0446,0,0
0.045,0.00280814,0.00281272
0.0454,0.00295029,0.00295534
0.0458,0,0
0.0462,0.00300086,0.00300609
0.0466,0.0031174,0.00312304
0.047,0.00313752,0.00314324
0.0474,0,0
0.0478,0.00297085,0.00297597
0.0482,0,0
0.0486,0.00333894,0.00334542
0.049,0.00319702,0.00320296
0.0494,0,0
0.0498,0.00321949,0.00322552
0.0502,0.00336164,0.00336821
0.0506,0,0
0.051,0.00314844,0.00315421
0.0514,0.00299339,0.00299861
0.0518,0.00330889,0.00331526
0.0522,0,0
0.0526,0.00318012,0.00318601
0.053,0.00281156,0.00281617
0.0534,0.00606998,0.0043185
0.0538,0.00331707,0.00332349
0.0542,0.006258,0.00443316
0.0546,0,0
0.055,0,0
0.0554,0,0
0.0558,0,0
0.0562,0.0166071,0.00744198
0.0566,0,0
0.057,0,0
0.0574,0.00646313,0.00457876
0.0578,0.00328072,0.00328702
0.0582,0,0
0.0586,0.00307825,0.00308379
0.059,0,0
0.0594,0,0
0.0598,0.00310494,0.00311058
0.0602,0.00290725,0.0029122
0.0606,0,0
0.061,0,0
0.0614,0,0
0.0618,0.00301855,0.0030239
0.0622,0.00280264,0.00280725
0.0626,0,0
0.063,0,0
0.0634,0,0
0.0638,0.00298209,0.00298732
0.0642,0.00307095,0.0030765
0.0646,0,0
0.065,0,0
0.0654,0,0
0.0658,0.00620838,0.00439984
0.0662,0,0
0.0666,0.00590483,0.00418262
0.067,0,0
0.0674,0.00315702,0.00316289
0.0678,0,0
0.0682,0.00613926,0.00434899
0.0686,0.0030103,0.00301565
0.069,0.0058841,0.00416792
0.0694,0.00303661,0.00304206
0.0698,0.00890526,0.00515115
0.0702,0.00631306,0.00447235
0.0706,0.00969249,0.00560667
0.071,0,0
0.0714,0,0
0.0718,0,0
0.0722,0.00562975,0.00398748
0.0726,0.00289407,0.00289903
0.073,0,0
0.0734,0.00307527,0.00308088
0.0738,0.00323497,0.00324118
0.0742,0.00315928,0.00316521
0.0746,0.00648026,0.00459255
0.075,0.00320163,0.00320772
0.0754,0,0
0.0758,0.00570451,0.00404393
0.0762,0.00604454,0.00428183
0.0766,0,0
0.077,0.00303773,0.00304323
0.0774,0.00318104,0.00318707
0.0778,0.00302033,0.00302577
0.0782,0.00300804,0.00301344
0.0786,0,0
0.079,0.00332235,0.00332894
0.0794,0,0
0.0798,0.00303843,0.00304394
0.0802,0,0
0.0806,0,0
0.081,0.002706,0.00271038
0.0814,0.00313164,0.00313751
0.0818,0.00310338,0.00310915
0.0822,0.00587539,0.00416685
0.0826,0,0
0.083,0.003134,0.00313989
0.0834,0,0
0.0838,0,0
0.0842,0,0
0.0846,0,0
0.085,0,0
0.0854,0.00322936,0.00323563
0.0858,0,0
0.0862,0,0
0.0866,0.00579195,0.00410267
0.087,0.00289479,0.00289983
0.0874,0.00311924,0.0031251
0.0878,0,0
0.0882,0.0029345,0.00293969
0.0886,0,0
0.089,0.00293264,0.00293783
0.0894,0,0
0.0898,0.00614193,0.00435106
0.0902,0,0
0.0906,0.00296676,0.00297208
0.091,0.00306859,0.00307428
0.0914,0.00317279,0.00317887
0.0918,0,0
0.0922,0,0
0.0926,0.00297358,0.00297893
0.093,0,0
0.0934,0,0
0.0938,0,0
0.0942,0,0
0.0946,0,0
0.095,0,0
0.0954,0,0
0.0958,0.0120736,0.00606842
0.0962,0,0
0.0966,0.00284166,0.00284655
0.097,0.00315399,0.00316002
0.0974,0,0
0.0978,0,0
0.0982,0,0
0.0986,0.003148,0.00315401
0.099,0.00314782,0.00315383
0.0994,0,0
0.0998,0,0
0.1002,0,0
0.1006,0.00624562,0.00442468
0.101,0.00316639,0.00317247
0.1014,0.00301105,0.00301655
0.1018,0,0
0.1022,0,0
0.1026,0,0
0.103,0,0
0.1034,0,0
0.1038,0.00668946,0.00474134
0.1042,0.00355105,0.0035587
0.1046,0.00326581,0.00327227
0.105,0,0
0.1054,0.00360084,0.00360871
0.1058,0,0
0.1062,0,0
0.1066,0.00380607,0.00381486
0.107,0.00370804,0.00384694
0.1074,0.0038062,0.00381499
0.1078,0,0
0.1082,0.0074039,0.00524711
0.1086,0,0
0.109,0.00396696,0.0039765
0.1094,0,0
0.1098,0,0
0.1102,0.00368929,0.00369756
0.1106,0,0
0.111,0,0
0.1114,0.00379752,0.00380628
0.1118,0,0
0.1122,0,0
0.1126,0,0
0.113,0.00406077,0.00407078
0.1134,0.00438012,0.00439177
0.1138,0.00435689,0.00436842
0.1142,0.00872435,0.0061854
0.1146,0.00841572,0.00596603
0.115,0.00430963,0.00432092
0.1154,0,0
0.1158,0,0
0.1162,0,0
0.1166,0,0
0.117,0.00496414,0.00497911
0.1174,0,0
0.1178,0.0050716,0.00508723
0.1182,0.0139285,0.00806435
0.1186,0.00902439,0.00639872
0.119,0,0
0.1194,0,0
0.1198,0,0
