# X , Y , E Distribution=true
1
-0.1198,0,0
-0.1194,0,0
-0.119,0,0
-0.1186,0.0135443,0.0135719
-0.1182,0,0
-0.1178,0,0
-0.1174,0,0
-0.117,0,0
-0.1166,0,0
-0.1162,0,0
-0.1158,0,0
-0.1154,0,0
-0.115,0,0
-0.1146,0,0
-0.1142,0,0
-0.1138,0,0
-0.1134,0,0
-0.113,0,0
-0.1126,0,0
-0.1122,0,0
-0.1118,0,0
-0.1114,0,0
-0.111,0,0
-0.1106,0.0138429,0.0138716
-0.1102,0,0
-0.1098,0,0
-0.1094,0,0
-0.109,0,0
-0.1086,0,0
-0.1082,0.0121798,0.0122019
-0.1078,0,0
-0.1074,0,0
-0.107,0,0
-0.1066,0,0
-0.1062,0,0
-0.1058,0,0
-0.1054,0,0
-0.105,0,0
-0.1046,0,0
-0.1042,0,0
-0.1038,0,0
-0.1034,0,0
-0.103,0,0
-0.1026,0,0
-0.1022,0,0
-0.1018,0,0
-0.1014,0.0141117,0.0141414
-0.101,0,0
-0.1006,0,0
-0.1002,0,0
-0.0998,0,0
-0.0994,0,0
-0.099,0.0120032,0.0120246
-0.0986,0,0
-0.0982,0,0
-0.0978,0,0
-0.0974,0,0
-0.097,0,0
-0.0966,0,0
-0.0962,0,0
-0.0958,0,0
-0.0954,0,0
-0.095,0,0
-0.0946,0.0101334,0.0112395
-0.0942,0,0
-0.0938,0,0
-0.0934,0,0
-0.093,0,0
-0.0926,0,0
-0.0922,0,0
-0.0918,0,0
-0.0914,0,0
-0.091,0,0
-0.0906,0.00466951,0.00781598
-0.0902,0,0
-0.0898,0,0
-0.0894,0,0
-0.089,0,0
-0.0886,0,0
-0.0882,0,0
-0.0878,0,0
-0.0874,0,0
-0.087,0.0121344,0.0121562
-0.0866,0,0
-0.0862,0,0
-0.0858,0,0
-0.0854,0,0
-0.085,0,0
-0.0846,0,0
-0.0842,0,0
-0.0838,0,0
-0.0834,0,0
-0.083,0,0
-0.0826,0,0
-0.0822,0,0
-0.0818,0,0
-0.0814,0,0
-0.081,0,0
-0.0806,0,0
-0.0802,0,0
-0.0798,0,0
-0.0794,0,0
-0.079,0,0
-0.0786,0,0
-0.0782,0,0
-0.0778,0,0
-0.0774,0,0
-0.077,0,0
-0.0766,0,0
-0.0762,0,0
-0.0758,0,0
-0.0754,0.00831661,0.0101223
-0.075,0,0
-0.0746,0,0
-0.0742,0,0
-0.0738,0,0
-0.0734,0,0
-0.073,0,0
-0.0726,0,0
-0.0722,0,0
-0.0718,0,0
-0.0714,0,0
-0.071,0,0
-0.0706,0,0
-0.0702,0,0
-0.0698,0,0
-0.0694,0.0126524,0.0126759
-0.069,0,0
-0.0686,0,0
-0.0682,0,0
-0.0678,0,0
-0.0674,0,0
-0.067,0,0
-0.0666,0,0
-0.0662,0,0
-0.0658,0,0
-0.0654,0,0
-0.065,0,0
-0.0646,0,0
-0.0642,0.0135206,0.0135473
-0.0638,0,0
-0.0634,0.013457,0.0134835
-0.063,0,0
-0.0626,0.0146339,0.0146652
-0.0622,0,0
-0.0618,0,0
-0.0614,0,0
-0.061,0,0
-0.0606,0,0
-0.0602,0,0
-0.0598,0.0149477,0.0149803
-0.0594,0,0
-0.059,0,0
-0.0586,0,0
-0.0582,0,0
-0.0578,0,0
-0.0574,0.0126679,0.0126914
-0.057,0,0
-0.0566,0,0
-0.0562,0,0
-0.0558,0,0
-0.0554,0,0
-0.055,0,0
-0.0546,0,0
-0.0542,0,0
-0.0538,0,0
-0.0534,0,0
-0.053,0,0
-0.0526,0,0
-0.0522,0,0
-0.0518,0,0
-0.0514,0,0
-0.051,0,0
-0.0506,0,0
-0.0502,0,0
-0.0498,0,0
-0.0494,0,0
-0.049,0,0
-0.0486,0,0
-0.0482,0,0
-0.0478,0,0
-0.0474,0.0131612,0.0131864
-0.047,0,0
-0.0466,0,0
-0.0462,0,0
-0.0458,0,0
-0.0454,0,0
-0.045,0,0
-0.0446,0,0
-0.0442,0,0
-0.0438,0,0
-0.0434,0,0
-0.043,0,0
-0.0426,0,0
-0.0422,0,0
-0.0418,0,0
-0.0414,0,0
-0.041,0,0
-0.0406,0,0
-0.0402,0,0
-0.0398,0,0
-0.0394,0,0
-0.039,0,0
-0.0386,0,0
-0.0382,0,0
-0.0378,0.0125506,0.0125734
-0.0374,0,0
-0.037,0,0
-0.0366,0,0
-0.0362,0,0
-0.0358,0.0137651,0.0137924
-0.0354,0,0
-0.035,0,0
-0.0346,0,0
-0.0342,0,0
-0.0338,0,0
-0.0334,0,0
-0.033,0,0
-0.0326,0,0
-0.0322,0,0
-0.0318,0.0119339,0.0119545
-0.0314,0,0
-0.031,0,0
-0.0306,0,0
-0.0302,0,0
-0.0298,0,0
-0.0294,0,0
-0.029,0,0
-0.0286,0,0
-0.0282,0,0
-0.0278,0,0
-0.0274,0.0136932,0.0137202
-0.027,0,0
-0.0266,0.0119586,0.0119792
-0.0262,0,0
-0.0258,0,0
-0.0254,0,0
-0.025,0,0
-0.0246,0,0
-0.0242,0,0
-0.0238,0,0
-0.0234,0,0
-0.023,0,0
-0.0226,0,0
-0.0222,0,0
-0.0218,0,0
-0.0214,0.0116245,0.0116439
-0.021,0,0
-0.0206,0,0
-0.0202,0,0
-0.0198,0.0120158,0.0120365
-0.0194,0,0
-0.019,0,0
-0.0186,0.0138434,0.0138708
-0.0182,0,0
-0.0178,0,0
-0.0174,0,0
-0.017,0,0
-0.0166,0,0
-0.0162,0,0
-0.0158,0,0
-0.0154,0,0
-0.015,0,0
-0.0146,0.0130001,0.0130243
-0.0142,0.0287513,0.0203728
-0.0138,0.0132321,0.0132572
-0.0134,0.0135168,0.0135429
-0.013,0,0
-0.0126,0,0
-0.0122,0,0
-0.0118,0,0
-0.0114,0,0
-0.011,0,0
-0.0106,0,0
-0.0102,0.0116921,0.0117116
-0.0098,0,0
-0.0094,0,0
-0.009,0,0
-0.0086,0,0
-0.0082,0,0
-0.0078,0.0127877,0.012811
-0.0074,0.0255805,0.0181212
-0.007,0,0
-0.0066,0.013032,0.0130562
-0.0062,0,0
-0.0058,0.0132233,0.0132482
-0.0054,0.0537176,0.0258631
-0.005,0.0519595,0.0260391
-0.0046,0.0132087,0.0132335
-0.0042,0.0370149,0.0214083
-0.0038,0.0499176,0.0262164
-0.0034,0.0615575,0.0288116
-0.003,0.203387,0.0526701
-0.0026,0.344276,0.0675572
-0.0022,0.494,0.080948
-0.0018,1.57813,0.145481
-0.0014,2.30045,0.17182
-0.001,3.37542,0.209841
-0.0006,4.28068,0.233257
-0.0002,4.53366,0.247212
0.0002,4.22577,0.239153
0.0006,3.79183,0.225889
0.001,2.14728,0.171478
0.0014,0.996974,0.113977
0.0018,0.423642,0.0753232
0.0022,0.26017,0.0592645
0.0026,0.0526215,0.0262547
0.003,0.0331575,0.0207776
0.0034,0,0
0.0038,0.0137711,0.0139575
0.0042,0.000797191,0.00313867
0.0046,0,0
0.005,0.0125916,0.0126141
0.0054,0,0
0.0058,0,0
0.0062,0,0
0.0066,0,0
0.007,0.0137399,0.0137666
0.0074,0,0
0.0078,0,0
0.0082,0,0
0.0086,0.0070353,0.00939458
0.009,0,0
0.0094,0,0
0.0098,0,0
0.0102,0,0
0.0106,0.0120928,0.0121135
0.011,0,0
0.0114,0,0
0.0118,0,0
0.0122,0,0
0.0126,0,0
0.013,0,0
0.0134,0,0
0.0138,0,0
0.0142,0,0
0.0146,0,0
0.015,0,0
0.0154,0,0
0.0158,0,0
0.0162,0,0
0.0166,0.0128031,0.0128261
0.017,0,0
0.0174,0,0
0.0178,0,0
0.0182,0,0
0.0186,0,0
0.019,0,0
0.0194,0,0
0.0198,0.00176574,0.00490603
0.0202,0,0
0.0206,0,0
0.021,0,0
0.0214,0,0
0.0218,0.0140986,0.0141265
0.0222,0,0
0.0226,0,0
0.023,0,0
0.0234,0,0
0.0238,0,0
0.0242,0,0
0.0246,0.0125608,0.0125829
0.025,0,0
0.0254,0,0
0.0258,0,0
0.0262,0,0
0.0266,0,0
0.027,0,0
0.0274,0,0
0.0278,0,0
0.0282,0,0
0.0286,0.0145356,0.0145652
0.029,0,0
0.0294,0,0
0.0298,0,0
0.0302,0,0
0.0306,0,0
0.031,0,0
0.0314,0,0
0.0318,0.00136649,0.00422346
0.0322,0,0
0.0326,0,0
0.033,0,0
0.0334,0,0
0.0338,0,0
0.0342,0.0141625,0.0141904
0.0346,0,0
0.035,0,0
0.0354,0,0
0.0358,0,0
0.0362,0,0
0.0366,0,0
0.037,0,0
0.0374,0,0
0.0378,0,0
0.0382,0.00819461,0.0102768
0.0386,0,0
0.039,0,0
0.0394,0,0
0.0398,0,0
0.0402,0,0
0.0406,0.0119565,0.0119764
0.041,0.0123345,0.0129585
0.0414,0,0
0.0418,0,0
0.0422,0,0
0.0426,0.0122546,0.0122755
0.043,0,0
0.0434,0,0
0.0438,0,0
0.0442,0,0
0.0446,0,0
0.045,0,0
0.0454,0,0
0.0458,0.0129303,0.0129535
0.0462,0,0
0.0466,0,0
0.047,0,0
0.0474,0.0122577,0.0130144
0.0478,0,0
0.0482,0,0
0.0486,0,0
0.049,0,0
0.0494,0,0
0.0498,0,0
0.0502,0,0
0.0506,0.00934865,0.0112263
0.051,0,0
0.0514,0,0
0.0518,0,0
0.0522,0,0
0.0526,0,0
0.053,0.013703,0.0137289
0.0534,0,0
0.0538,0,0
0.0542,0,0
0.0546,0,0
0.055,0,0
0.0554,0,0
0.0558,0,0
0.0562,0,0
0.0566,0,0
0.057,0,0
0.0574,0,0
0.0578,0.0130293,0.0130527
0.0582,0,0
0.0586,0,0
0.059,0,0
0.0594,0,0
0.0598,0,0
0.0602,0,0
0.0606,0.0125566,0.0125783
0.061,0,0
0.0614,0.0134545,0.0134793
0.0618,0,0
0.0622,0.0142634,0.0142914
0.0626,0,0
0.063,0,0
0.0634,0,0
0.0638,0.0119402,0.0119598
0.0642,0,0
0.0646,0,0
0.065,0,0
0.0654,0,0
0.0658,0.00241061,0.00571069
0.0662,0,0
0.0666,0.0141064,0.0141337
0.067,0,0
0.0674,0,0
0.0678,0,0
0.0682,0.013274,0.0132981
0.0686,0,0
0.069,0,0
0.0694,0,0
0.0698,0,0
0.0702,0,0
0.0706,0.00935444,0.0108112
0.071,0.0131018,0.0131253
0.0714,0,0
0.0718,0,0
0.0722,0,0
0.0726,0,0
0.073,0,0
0.0734,0,0
0.0738,0,0
0.0742,0.0128789,0.0129016
0.0746,0,0
0.075,0,0
0.0754,0.0134094,0.013434
0.0758,0,0
0.0762,0,0
0.0766,0,0
0.077,0,0
0.0774,0.0136887,0.0137142
0.0778,0,0
0.0782,0,0
0.0786,0.01379,0.0138159
0.079,0,0
0.0794,0.0121215,0.0121416
0.0798,0,0
0.0802,0,0
0.0806,0.0132306,0.0132544
0.081,0,0
0.0814,0,0
0.0818,0,0
0.0822,0,0
0.0826,0,0
0.083,0,0
0.0834,0,0
0.0838,0,0
0.0842,0,0
0.0846,0,0
0.085,0,0
0.0854,0,0
0.0858,0,0
0.0862,0.00284185,0.00625152
0.0866,0,0
0.087,0,0
0.0874,0,0
0.0878,0,0
0.0882,0,0
0.0886,0,0
0.089,0,0
0.0894,0,0
0.0898,0,0
0.0902,0,0
0.0906,0,0
0.091,0,0
0.0914,0.00248679,0.00566901
0.0918,0,0
0.0922,0,0
0.0926,0,0
0.093,0,0
0.0934,0,0
0.0938,0,0
0.0942,0,0
0.0946,0.0136488,0.0136739
0.095,0,0
0.0954,0,0
0.0958,0,0
0.0962,0,0
0.0966,0,0
0.097,0,0
0.0974,0,0
0.0978,0,0
0.0982,0,0
0.0986,0,0
0.099,0,0
0.0994,0,0
0.0998,0,0
0.1002,0,0
0.1006,0,0
0.101,0,0
0.1014,0,0
0.1018,0,0
0.1022,0,0
0.1026,0,0
0.103,0,0
0.1034,0,0
0.1038,0.0159246,0.0159586
0.1042,0.0154142,0.0154461
0.1046,0,0
0.105,0,0
0.1054,0,0
0.1058,0,0
0.1062,0.0109915,0.0134272
0.1066,0,0
0.107,0,0
0.1074,0,0
0.1078,0,0
0.1082,0,0
0.1086,0,0
0.109,0,0
0.1094,0,0
0.1098,0,0
0.1102,0,0
0.1106,0,0
0.111,0,0
0.1114,0,0
0.1118,0,0
0.1122,0,0
0.1126,0,0
0.113,0,0
0.1134,0.0216428,0.0217054
0.1138,0,0
0.1142,0,0
0.1146,0,0
0.115,0,0
0.1154,0,0
0.1158,0,0
0.1162,0,0
0.1166,0,0
0.117,0,0
0.1174,0,0
0.1178,0,0
0.1182,0,0
0.1186,0,0
0.119,0.0248794,0.0249618
0.1194,0,0
0.1198,0,0
2
-0.1198,0,0
-0.1194,0,0
-0.119,0,0
-0.1186,0,0
-0.1182,0,0
-0.1178,0,0
-0.1174,0,0
-0.117,0,0
-0.1166,0,0
-0.1162,0,0
-0.1158,0,0
-0.1154,0,0
-0.115,0,0
-0.1146,0,0
-0.1142,0,0
-0.1138,0.00583085,0.00584172
-0.1134,0,0
-0.113,0,0
-0.1126,0.00550869,0.00551839
-0.1122,0,0
-0.1118,0,0
-0.1114,0,0
-0.111,0,0
-0.1106,0,0
-0.1102,0,0
-0.1098,0,0
-0.1094,0,0
-0.109,0,0
-0.1086,0,0
-0.1082,0,0
-0.1078,0.00582386,0.00583469
-0.1074,0,0
-0.107,0,0
-0.1066,0,0
-0.1062,0,0
-0.1058,0,0
-0.1054,0,0
-0.105,0,0
-0.1046,0,0
-0.1042,0,0
-0.1038,0,0
-0.1034,0,0
-0.103,0,0
-0.1026,0.00643205,0.00644525
-0.1022,0,0
-0.1018,0,0
-0.1014,0.0056908,0.00570113
-0.101,0,0
-0.1006,0,0
-0.1002,0,0
-0.0998,0,0
-0.0994,0,0
-0.099,0,0
-0.0986,0,0
-0.0982,0,0
-0.0978,0,0
-0.0974,0,0
-0.097,0,0
-0.0966,0,0
-0.0962,0,0
-0.0958,0,0
-0.0954,0,0
-0.095,0,0
-0.0946,0.00106421,0.00248459
-0.0942,0,0
-0.0938,0,0
-0.0934,0,0
-0.093,0,0
-0.0926,0,0
-0.0922,0,0
-0.0918,0,0
-0.0914,0,0
-0.091,0,0
-0.0906,0.00388751,0.0048623
-0.0902,0,0
-0.0898,0,0
-0.0894,0,0
-0.089,0,0
-0.0886,0,0
-0.0882,0,0
-0.0878,0,0
-0.0874,0,0
-0.087,0,0
-0.0866,0.0054514,0.00546084
-0.0862,0,0
-0.0858,0,0
-0.0854,0,0
-0.085,0,0
-0.0846,0,0
-0.0842,0,0
-0.0838,0,0
-0.0834,0,0
-0.083,0,0
-0.0826,0,0
-0.0822,0,0
-0.0818,0,0
-0.0814,0,0
-0.081,0,0
-0.0806,0,0
-0.0802,0,0
-0.0798,0,0
-0.0794,0,0
-0.079,0,0
-0.0786,0,0
-0.0782,0,0
-0.0778,0,0
-0.0774,0,0
-0.077,0,0
-0.0766,0,0
-0.0762,0,0
-0.0758,0.00632379,0.00633647
-0.0754,0,0
-0.075,0,0
-0.0746,0,0
-0.0742,0,0
-0.0738,0,0
-0.0734,0,0
-0.073,0,0
-0.0726,0,0
-0.0722,0,0
-0.0718,0,0
-0.0714,0,0
-0.071,0.00645527,0.00646847
-0.0706,0,0
-0.0702,0,0
-0.0698,0,0
-0.0694,0,0
-0.069,0,0
-0.0686,0,0
-0.0682,0.00667375,0.00668785
-0.0678,0,0
-0.0674,0,0
-0.067,0,0
-0.0666,0,0
-0.0662,0,0
-0.0658,0,0
-0.0654,0,0
-0.065,0,0
-0.0646,0,0
-0.0642,0,0
-0.0638,0,0
-0.0634,0,0
-0.063,0,0
-0.0626,0,0
-0.0622,0,0
-0.0618,0.00616019,0.00617219
-0.0614,0,0
-0.061,0.00579914,0.00580977
-0.0606,0,0
-0.0602,0,0
-0.0598,0,0
-0.0594,0,0
-0.059,0,0
-0.0586,0,0
-0.0582,0,0
-0.0578,0,0
-0.0574,0,0
-0.057,0,0
-0.0566,0,0
-0.0562,0,0
-0.0558,0,0
-0.0554,0,0
-0.055,0,0
-0.0546,0,0
-0.0542,0,0
-0.0538,0,0
-0.0534,0,0
-0.053,0,0
-0.0526,0,0
-0.0522,0,0
-0.0518,0.00556485,0.00557462
-0.0514,0,0
-0.051,0,0
-0.0506,0.00533444,0.00563069
-0.0502,0,0
-0.0498,0,0
-0.0494,0,0
-0.049,0,0
-0.0486,0,0
-0.0482,0,0
-0.0478,0,0
-0.0474,0,0
-0.047,0,0
-0.0466,0.00568888,0.00569908
-0.0462,0,0
-0.0458,0.00580897,0.0058196
-0.0454,0,0
-0.045,0,0
-0.0446,0,0
-0.0442,0.00604477,0.00605627
-0.0438,0,0
-0.0434,0,0
-0.043,0,0
-0.0426,0,0
-0.0422,0,0
-0.0418,0,0
-0.0414,0,0
-0.041,0,0
-0.0406,0.00558356,0.00559337
-0.0402,0,0
-0.0398,0,0
-0.0394,0,0
-0.039,0,0
-0.0386,0.011226,0.00795204
-0.0382,0,0
-0.0378,0,0
-0.0374,0.00559743,0.00560728
-0.037,0,0
-0.0366,0,0
-0.0362,0,0
-0.0358,0,0
-0.0354,0,0
-0.035,0,0
-0.0346,0.00592499,0.00593602
-0.0342,0,0
-0.0338,0,0
-0.0334,0,0
-0.033,0,0
-0.0326,0,0
-0.0322,0,0
-0.0318,0,0
-0.0314,0,0
-0.031,0,0
-0.0306,0,0
-0.0302,0.00596597,0.00597714
-0.0298,0,0
-0.0294,0,0
-0.029,0,0
-0.0286,0,0
-0.0282,0,0
-0.0278,0.00627218,0.00628452
-0.0274,0,0
-0.027,0,0
-0.0266,0,0
-0.0262,0,0
-0.0258,0,0
-0.0254,0,0
-0.025,0,0
-0.0246,0.00771913,0.00671618
-0.0242,0,0
-0.0238,0,0
-0.0234,0,0
-0.023,0,0
-0.0226,0,0
-0.0222,0,0
-0.0218,0,0
-0.0214,0.00531703,0.00532589
-0.021,0,0
-0.0206,0,0
-0.0202,0,0
-0.0198,0,0
-0.0194,0,0
-0.019,0.00333906,0.00460517
-0.0186,0.00632691,0.00633943
-0.0182,0,0
-0.0178,0,0
-0.0174,0,0
-0.017,0,0
-0.0166,0,0
-0.0162,0,0
-0.0158,0,0
-0.0154,0,0
-0.015,0,0
-0.0146,0.00593518,0.0059462
-0.0142,0.0130202,0.00922546
-0.0138,0.00640083,0.00641364
-0.0134,0,0
-0.013,0,0
-0.0126,0,0
-0.0122,0,0
-0.0118,0,0
-0.0114,0,0
-0.011,0,0
-0.0106,0,0
-0.0102,0,0
-0.0098,0,0
-0.0094,0,0
-0.009,0,0
-0.0086,0,0
-0.0082,0.0123666,0.00876143
-0.0078,0.0117957,0.00835682
-0.0074,0.00567191,0.00575992
-0.007,0.00588346,0.00589427
-0.0066,0,0
-0.0062,0,0
-0.0058,0.0120282,0.00852123
-0.0054,0.0040193,0.00492235
-0.005,0.00561957,0.00562943
-0.0046,0.0158107,0.00930799
-0.0042,0.0230743,0.01157
-0.0038,0.0187564,0.0108503
-0.0034,0.0123371,0.00874156
-0.003,0.082749,0.0226831
-0.0026,0.113693,0.0261291
-0.0022,0.198609,0.0345778
-0.0018,0.319173,0.0442583
-0.0014,0.760437,0.066525
-0.001,0.987519,0.0765625
-0.0006,1.38623,0.0894949
-0.0002,1.79386,0.104763
0.0002,1.78698,0.104765
0.0006,1.40627,0.0926182
0.001,0.974805,0.077869
0.0014,0.547383,0.0570166
0.0018,0.299365,0.0426386
0.0022,0.121309,0.0272323
0.0026,0.0354824,0.0145524
0.003,0.0237165,0.0118804
0.0034,0,0
0.0038,0.00654491,0.00648495
0.0042,0.0113968,0.00821728
0.0046,0,0
0.005,0.00571735,0.00572753
0.0054,0.00155214,0.00298432
0.0058,0.00600394,0.00601517
0.0062,0,0
0.0066,0,0
0.007,0,0
0.0074,0.0057193,0.00572948
0.0078,0.00619562,0.00620757
0.0082,0,0
0.0086,0,0
0.009,0.00446965,0.00515407
0.0094,0.00560548,0.00561525
0.0098,0.00939573,0.00747078
0.0102,0,0
0.0106,0,0
0.011,0,0
0.0114,0,0
0.0118,0.00613981,0.00615154
0.0122,0,0
0.0126,0.00576971,0.00578007
0.013,0,0
0.0134,0,0
0.0138,0.00633136,0.00634382
0.0142,0,0
0.0146,0,0
0.015,0,0
0.0154,0,0
0.0158,0,0
0.0162,0.00606913,0.00608058
0.0166,0,0
0.017,0,0
0.0174,0,0
0.0178,0,0
0.0182,0,0
0.0186,0,0
0.019,0,0
0.0194,0.00619058,0.00620248
0.0198,0.00533807,0.00573401
0.0202,0,0
0.0206,0.00595835,0.00596937
0.021,0,0
0.0214,0.00600836,0.00601956
0.0218,0.0063664,0.00637898
0.0222,0,0
0.0226,0,0
0.023,0,0
0.0234,0,0
0.0238,0,0
0.0242,0,0
0.0246,0.00555732,0.0055669
0.025,0,0
0.0254,0.00595242,0.00596341
0.0258,0,0
0.0262,0,0
0.0266,0,0
0.027,0,0
0.0274,0.00568915,0.00569918
0.0278,0,0
0.0282,0.00654874,0.00656203
0.0286,0,0
0.029,0,0
0.0294,0,0
0.0298,0,0
0.0302,0,0
0.0306,0,0
0.031,0.00571053,0.00572063
0.0314,0,0
0.0318,0.0052387,0.00554771
0.0322,0,0
0.0326,0,0
0.033,0,0
0.0334,0.0114088,0.0080815
0.0338,0,0
0.0342,0,0
0.0346,0,0
0.035,0.00550665,0.00551604
0.0354,0,0
0.0358,0,0
0.0362,0.0058454,0.00585597
0.0366,0,0
0.037,0,0
0.0374,0,0
0.0378,0,0
0.0382,0,0
0.0386,0,0
0.039,0.0128303,0.00909041
0.0394,0,0
0.0398,0,0
0.0402,0,0
0.0406,0,0
0.041,0.00664279,0.00637296
0.0414,0.00584519,0.00585575
0.0418,0,0
0.0422,0,0
0.0426,0.00574707,0.00575728
0.043,0.00574753,0.00575773
0.0434,0,0
0.0438,0,0
0.0442,0.00602042,0.00603162
0.0446,0,0
0.045,0,0
0.0454,0,0
0.0458,0,0
0.0462,0,0
0.0466,0,0
0.047,0,0
0.0474,0.000675671,0.00204551
0.0478,0.00603074,0.00604196
0.0482,0.00560833,0.00561804
0.0486,0,0
0.049,0,0
0.0494,0.00564043,0.00565025
0.0498,0,0
0.0502,0,0
0.0506,0,0
0.051,0,0
0.0514,0,0
0.0518,0,0
0.0522,0,0
0.0526,0,0
0.053,0,0
0.0534,0,0
0.0538,0.00536613,0.00537501
0.0542,0,0
0.0546,0,0
0.055,0,0
0.0554,0,0
0.0558,0,0
0.0562,0,0
0.0566,0,0
0.057,0,0
0.0574,0,0
0.0578,0,0
0.0582,0,0
0.0586,0,0
0.059,0,0
0.0594,0,0
0.0598,0,0
0.0602,0,0
0.0606,0,0
0.061,0,0
0.0614,0,0
0.0618,0,0
0.0622,0.00636637,0.00637884
0.0626,0,0
0.063,0,0
0.0634,0,0
0.0638,0,0
0.0642,0,0
0.0646,0,0
0.065,0,0
0.0654,0.00600953,0.00602062
0.0658,0.00493508,0.00545611
0.0662,0,0
0.0666,0,0
0.067,0.0062889,0.00630105
0.0674,0,0
0.0678,0,0
0.0682,0,0
0.0686,0,0
0.069,0,0
0.0694,0.00583296,0.00584341
0.0698,0,0
0.0702,0,0
0.0706,0,0
0.071,0,0
0.0714,0,0
0.0718,0.00592964,0.00594042
0.0722,0,0
0.0726,0,0
0.073,0,0
0.0734,0,0
0.0738,0,0
0.0742,0,0
0.0746,0,0
0.075,0.0117103,0.00829534
0.0754,0,0
0.0758,0.00348138,0.00456285
0.0762,0,0
0.0766,0,0
0.077,0,0
0.0774,0,0
0.0778,0,0
0.0782,0,0
0.0786,0,0
0.079,0,0
0.0794,0.00538356,0.00539244
0.0798,0.00529096,0.00529954
0.0802,0,0
0.0806,0,0
0.081,0,0
0.0814,0.00548853,0.00549775
0.0818,0,0
0.0822,0,0
0.0826,0,0
0.083,0.00317379,0.00413167
0.0834,0,0
0.0838,0,0
0.0842,0,0
0.0846,0,0
0.085,0,0
0.0854,0,0
0.0858,0,0
0.0862,0.00481349,0.0054168
0.0866,0,0
0.087,0,0
0.0874,0.00637137,0.00638378
0.0878,0,0
0.0882,0,0
0.0886,0,0
0.089,0,0
0.0894,0,0
0.0898,0,0
0.0902,0,0
0.0906,0,0
0.091,0,0
0.0914,0.00459928,0.00512902
0.0918,0,0
0.0922,0,0
0.0926,0,0
0.093,0.00258324,0.00402018
0.0934,0,0
0.0938,0,0
0.0942,0,0
0.0946,0,0
0.095,0.00621162,0.00622339
0.0954,0,0
0.0958,0,0
0.0962,0,0
0.0966,0,0
0.097,0,0
0.0974,0,0
0.0978,0,0
0.0982,0,0
0.0986,0,0
0.099,0,0
0.0994,0,0
0.0998,0,0
0.1002,0,0
0.1006,0,0
0.101,0,0
0.1014,0,0
0.1018,0,0
0.1022,0,0
0.1026,0,0
0.103,0,0
0.1034,0,0
0.1038,0,0
0.1042,0,0
0.1046,0,0
0.105,0,0
0.1054,0,0
0.1058,0,0
0.1062,0.00235348,0.00412489
0.1066,0.00719897,0.00721473
0.107,0,0
0.1074,0,0
0.1078,0,0
0.1082,0,0
0.1086,0,0
0.109,0,0
0.1094,0,0
0.1098,0.0153386,0.0108748
0.1102,0,0
0.1106,0,0
0.111,0,0
0.1114,0.00824617,0.00826682
0.1118,0,0
0.1122,0,0
0.1126,0,0
0.113,0,0
0.1134,0.00283216,0.00485907
0.1138,0,0
0.1142,0,0
0.1146,0,0
0.115,0,0
0.1154,0,0
0.1158,0,0
0.1162,0.0102122,0.0102438
0.1166,0,0
0.117,0,0
0.1174,0,0
0.1178,0,0
0.1182,0,0
0.1186,0,0
0.119,0,0
0.1194,0,0
0.1198,0,0
3
-0.1198,0.00648251,0.00649542
-0.1194,0,0
-0.119,0,0
-0.1186,0,0
-0.1182,0,0
-0.1178,0,0
-0.1174,0,0
-0.117,0.00626485,0.00627691
-0.1166,0,0
-0.1162,0,0
-0.1158,0,0
-0.1154,0,0
-0.115,0,0
-0.1146,0,0
-0.1142,0,0
-0.1138,0,0
-0.1134,0,0
-0.113,0,0
-0.1126,0,0
-0.1122,0,0
-0.1118,0,0
-0.1114,0,0
-0.111,0,0
-0.1106,0,0
-0.1102,0,0
-0.1098,0,0
-0.1094,0.00642437,0.006437
-0.109,0,0
-0.1086,0,0
-0.1082,0,0
-0.1078,0,0
-0.1074,0,0
-0.107,0,0
-0.1066,0,0
-0.1062,0,0
-0.1058,0,0
-0.1054,0,0
-0.105,0,0
-0.1046,0,0
-0.1042,0,0
-0.1038,0,0
-0.1034,0,0
-0.103,0,0
-0.1026,0,0
-0.1022,0.00577421,0.0057844
-0.1018,0,0
-0.1014,0,0
-0.101,0,0
-0.1006,0,0
-0.1002,0,0
-0.0998,0,0
-0.0994,0,0
-0.099,0,0
-0.0986,0,0
-0.0982,0,0
-0.0978,0,0
-0.0974,0,0
-0.097,0,0
-0.0966,0,0
-0.0962,0.00664136,0.00665479
-0.0958,0,0
-0.0954,0,0
-0.095,0,0
-0.0946,0,0
-0.0942,0,0
-0.0938,0,0
-0.0934,0,0
-0.093,0,0
-0.0926,0,0
-0.0922,0,0
-0.0918,0,0
-0.0914,0,0
-0.091,0,0
-0.0906,0.00640639,0.00641886
-0.0902,0,0
-0.0898,0,0
-0.0894,0,0
-0.089,0,0
-0.0886,0,0
-0.0882,0,0
-0.0878,0,0
-0.0874,0,0
-0.087,0,0
-0.0866,0,0
-0.0862,0,0
-0.0858,0,0
-0.0854,0,0
-0.085,0,0
-0.0846,0,0
-0.0842,0,0
-0.0838,0,0
-0.0834,0.0118118,0.00836715
-0.083,0,0
-0.0826,0,0
-0.0822,0,0
-0.0818,0,0
-0.0814,0,0
-0.081,0,0
-0.0806,0,0
-0.0802,0,0
-0.0798,0,0
-0.0794,0,0
-0.079,0,0
-0.0786,0,0
-0.0782,0,0
-0.0778,0,0
-0.0774,0,0
-0.077,0,0
-0.0766,0,0
-0.0762,0,0
-0.0758,0,0
-0.0754,0,0
-0.075,0,0
-0.0746,0,0
-0.0742,0,0
-0.0738,0,0
-0.0734,0,0
-0.073,0.00649812,0.00651084
-0.0726,0,0
-0.0722,0,0
-0.0718,0,0
-0.0714,0,0
-0.071,0,0
-0.0706,0,0
-0.0702,0,0
-0.0698,0,0
-0.0694,0,0
-0.069,0.00621612,0.00622775
-0.0686,0,0
-0.0682,0,0
-0.0678,0,0
-0.0674,0,0
-0.067,0.00626597,0.00627777
-0.0666,0,0
-0.0662,0,0
-0.0658,0,0
-0.0654,0,0
-0.065,0,0
-0.0646,0,0
-0.0642,0,0
-0.0638,0,0
-0.0634,0,0
-0.063,0,0
-0.0626,0,0
-0.0622,0,0
-0.0618,0,0
-0.0614,0,0
-0.061,0,0
-0.0606,0,0
-0.0602,0,0
-0.0598,0,0
-0.0594,0,0
-0.059,0,0
-0.0586,0,0
-0.0582,0,0
-0.0578,0,0
-0.0574,0,0
-0.057,0.00635448,0.00636655
-0.0566,0.00465864,0.00552457
-0.0562,0,0
-0.0558,0,0
-0.0554,0.00656973,0.00658263
-0.055,0,0
-0.0546,0,0
-0.0542,0,0
-0.0538,0,0
-0.0534,0,0
-0.053,0,0
-0.0526,0,0
-0.0522,0,0
-0.0518,0,0
-0.0514,0,0
-0.051,0,0
-0.0506,0.00279793,0.00423523
-0.0502,0,0
-0.0498,0,0
-0.0494,0,0
-0.049,0,0
-0.0486,0,0
-0.0482,0,0
-0.0478,0,0
-0.0474,0,0
-0.047,0.00650119,0.00651377
-0.0466,0,0
-0.0462,0,0
-0.0458,0,0
-0.0454,0,0
-0.045,0,0
-0.0446,0,0
-0.0442,0,0
-0.0438,0,0
-0.0434,0,0
-0.043,0,0
-0.0426,0,0
-0.0422,0,0
-0.0418,0,0
-0.0414,0,0
-0.041,0,0
-0.0406,0,0
-0.0402,0,0
-0.0398,0,0
-0.0394,0,0
-0.039,0.00474066,0.00559524
-0.0386,0,0
-0.0382,0,0
-0.0378,0,0
-0.0374,0,0
-0.037,0,0
-0.0366,0,0
-0.0362,0,0
-0.0358,0.00629255,0.00630428
-0.0354,0.0140354,0.00957394
-0.035,0,0
-0.0346,0.00629032,0.00630203
-0.0342,0.00720236,0.0072177
-0.0338,0,0
-0.0334,0,0
-0.033,0,0
-0.0326,0,0
-0.0322,0,0
-0.0318,0,0
-0.0314,0,0
-0.031,0,0
-0.0306,0,0
-0.0302,0,0
-0.0298,0,0
-0.0294,0,0
-0.029,0,0
-0.0286,0,0
-0.0282,0.00638952,0.00640157
-0.0278,0.00694301,0.00695723
-0.0274,0,0
-0.027,0,0
-0.0266,0,0
-0.0262,0.00565555,0.00566498
-0.0258,0,0
-0.0254,0,0
-0.025,0,0
-0.0246,0.00417666,0.00509593
-0.0242,0.00611609,0.0061271
-0.0238,0,0
-0.0234,0,0
-0.023,0,0
-0.0226,0,0
-0.0222,0.00580033,0.00581023
-0.0218,0,0
-0.0214,0,0
-0.021,0,0
-0.0206,0,0
-0.0202,0,0
-0.0198,0,0
-0.0194,0,0
-0.019,0.00318274,0.00464088
-0.0186,0,0
-0.0182,0,0
-0.0178,0.00662835,0.00664125
-0.0174,0,0
-0.017,0,0
-0.0166,0,0
-0.0162,0,0
-0.0158,0,0
-0.0154,0,0
-0.015,0,0
-0.0146,0,0
-0.0142,0,0
-0.0138,0,0
-0.0134,0,0
-0.013,0,0
-0.0126,0,0
-0.0122,0,0
-0.0118,0,0
-0.0114,0,0
-0.011,0,0
-0.0106,0,0
-0.0102,0,0
-0.0098,0.00597825,0.00598871
-0.0094,0.00637083,0.00638271
-0.009,0,0
-0.0086,0,0
-0.0082,0,0
-0.0078,0,0
-0.0074,0.000166775,0.00102074
-0.007,0,0
-0.0066,0,0
-0.0062,0,0
-0.0058,0.00863455,0.00746528
-0.0054,0.00641738,0.00642941
-0.005,0.0192782,0.0111512
-0.0046,0.000611887,0.00189296
-0.0042,0.0186581,0.0108049
-0.0038,0.0200021,0.0115708
-0.0034,0.0464737,0.0176015
-0.003,0.0404088,0.016398
-0.0026,0.0948923,0.0246541
-0.0022,0.159798,0.0322024
-0.0018,0.330131,0.0463899
-0.0014,0.541983,0.0581516
-0.001,0.805221,0.0715071
-0.0006,1.08388,0.081903
-0.0002,1.24422,0.090216
0.0002,1.23608,0.0901226
0.0006,1.02975,0.08196
0.001,0.688912,0.0677543
0.0014,0.369373,0.0482228
0.0018,0.249463,0.0402932
0.0022,0.115838,0.0275717
0.0026,0.0413557,0.0162681
0.003,0.0201775,0.011313
0.0034,0.00646468,0.00647684
0.0038,0,0
0.0042,0.00598779,0.00599822
0.0046,0,0
0.005,0,0
0.0054,0.0237694,0.012335
0.0058,0,0
0.0062,0.00643138,0.00644341
0.0066,0.0127941,0.00906367
0.007,0,0
0.0074,0.00612765,0.00613856
0.0078,0,0
0.0082,0,0
0.0086,0,0
0.009,0.00155597,0.00314818
0.0094,0.00634738,0.00635908
0.0098,0.00894795,0.00754333
0.0102,0.00602984,0.00604039
0.0106,0.00587576,0.00588578
0.011,0.00643072,0.00644272
0.0114,0,0
0.0118,0.00647667,0.00648883
0.0122,0,0
0.0126,0,0
0.013,0,0
0.0134,0.0066521,0.00666492
0.0138,0.00679292,0.00680629
0.0142,0.00538617,0.00602973
0.0146,0.0125462,0.00888851
0.015,0,0
0.0154,0.00605508,0.0060657
0.0158,0,0
0.0162,0.00651434,0.00652662
0.0166,0,0
0.017,0,0
0.0174,0,0
0.0178,0,0
0.0182,0,0
0.0186,0,0
0.019,0.0132942,0.00941855
0.0194,0.00664811,0.00666089
0.0198,0,0
0.0202,0,0
0.0206,0.00590473,0.00591481
0.021,0,0
0.0214,0,0
0.0218,0,0
0.0222,0,0
0.0226,0.00642831,0.00644025
0.023,0,0
0.0234,0,0
0.0238,0,0
0.0242,0,0
0.0246,0.00609081,0.00610151
0.025,0,0
0.0254,0,0
0.0258,0,0
0.0262,0.0129555,0.00917804
0.0266,0,0
0.027,0,0
0.0274,0.0061175,0.0061283
0.0278,0,0
0.0282,0,0
0.0286,0.0068308,0.00684424
0.029,0,0
0.0294,0,0
0.0298,0,0
0.0302,0,0
0.0306,0,0
0.031,0,0
0.0314,0,0
0.0318,0,0
0.0322,0,0
0.0326,0.00147292,0.00313738
0.033,0,0
0.0334,0.00572783,0.00573727
0.0338,0,0
0.0342,0,0
0.0346,0,0
0.035,0,0
0.0354,0,0
0.0358,0.00655165,0.00656398
0.0362,0.00629466,0.00630604
0.0366,0,0
0.037,0,0
0.0374,0,0
0.0378,0,0
0.0382,0,0
0.0386,0.00651518,0.00652736
0.039,0,0
0.0394,0.00691214,0.00692585
0.0398,0.00202627,0.00359258
0.0402,0,0
0.0406,0,0
0.041,0,0
0.0414,0,0
0.0418,0,0
0.0422,0,0
0.0426,0,0
0.043,0,0
0.0434,0,0
0.0438,0,0
0.0442,0,0
0.0446,0.00684765,0.00686108
0.045,0,0
0.0454,0,0
0.0458,0,0
0.0462,0,0
0.0466,0,0
0.047,0,0
0.0474,0,0
0.0478,0,0
0.0482,0,0
0.0486,0.00668607,0.00669886
0.049,0,0
0.0494,0,0
0.0498,0,0
0.0502,0,0
0.0506,0,0
0.051,0,0
0.0514,0.00625622,0.00626741
0.0518,0,0
0.0522,0,0
0.0526,0,0
0.053,0,0
0.0534,0,0
0.0538,0,0
0.0542,0,0
0.0546,0,0
0.055,0,0
0.0554,0,0
0.0558,0,0
0.0562,0,0
0.0566,0,0
0.057,0,0
0.0574,0,0
0.0578,0,0
0.0582,0,0
0.0586,0,0
0.059,0.0120736,0.0085752
0.0594,0,0
0.0598,0,0
0.0602,0,0
0.0606,0.0126247,0.00895057
0.061,0,0
0.0614,0,0
0.0618,0,0
0.0622,0.00666434,0.00667698
0.0626,0,0
0.063,0,0
0.0634,0,0
0.0638,0,0
0.0642,0,0
0.0646,0,0
0.065,0,0
0.0654,0,0
0.0658,0,0
0.0662,0,0
0.0666,0,0
0.067,0,0
0.0674,0,0
0.0678,0.00660297,0.00661536
0.0682,0,0
0.0686,0,0
0.069,0,0
0.0694,0,0
0.0698,0,0
0.0702,0,0
0.0706,0,0
0.071,0,0
0.0714,0,0
0.0718,0.00640694,0.0064186
0.0722,0,0
0.0726,0,0
0.073,0,0
0.0734,0.00641637,0.00642805
0.0738,0,0
0.0742,0,0
0.0746,0.0125576,0.00889538
0.075,0,0
0.0754,0,0
0.0758,0.00267734,0.00415997
0.0762,0,0
0.0766,0,0
0.077,0.00598954,0.00599971
0.0774,0.00642415,0.00643585
0.0778,0,0
0.0782,0,0
0.0786,0,0
0.079,0,0
0.0794,0,0
0.0798,0.00562681,0.00563578
0.0802,0,0
0.0806,0,0
0.081,0,0
0.0814,0,0
0.0818,0,0
0.0822,0,0
0.0826,0,0
0.083,0.00236505,0.00370873
0.0834,0,0
0.0838,0,0
0.0842,0,0
0.0846,0,0
0.085,0,0
0.0854,0,0
0.0858,0,0
0.0862,0,0
0.0866,0,0
0.087,0,0
0.0874,0,0
0.0878,0,0
0.0882,0,0
0.0886,0,0
0.089,0,0
0.0894,0,0
0.0898,0,0
0.0902,0,0
0.0906,0,0
0.091,0,0
0.0914,0,0
0.0918,0.00620344,0.0062143
0.0922,0,0
0.0926,0,0
0.093,0.00394709,0.00516802
0.0934,0,0
0.0938,0,0
0.0942,0,0
0.0946,0.0065275,0.00653952
0.095,0,0
0.0954,0,0
0.0958,0,0
0.0962,0,0
0.0966,0,0
0.097,0.00707126,0.00708535
0.0974,0.00190348,0.003677
0.0978,0,0
0.0982,0.00668719,0.0066998
0.0986,0,0
0.099,0,0
0.0994,0,0
0.0998,0.00685265,0.00686588
0.1002,0.00685322,0.00686645
0.1006,0,0
0.101,0,0
0.1014,0,0
0.1018,0,0
0.1022,0,0
0.1026,0,0
0.103,0,0
0.1034,0,0
0.1038,0,0
0.1042,0,0
0.1046,0,0
0.105,0,0
0.1054,0.0155767,0.0110386
0.1058,0,0
0.1062,0,0
0.1066,0,0
0.107,0,0
0.1074,0,0
0.1078,0,0
0.1082,0,0
0.1086,0,0
0.109,0,0
0.1094,0,0
0.1098,0,0
0.1102,0,0
0.1106,0,0
0.111,0,0
0.1114,0,0
0.1118,0,0
0.1122,0,0
0.1126,0,0
0.113,0,0
0.1134,0.00590232,0.00729148
0.1138,0,0
0.1142,0,0
0.1146,0,0
0.115,0,0
0.1154,0,0
0.1158,0,0
0.1162,0,0
0.1166,0,0
0.117,0,0
0.1174,0,0
0.1178,0,0
0.1182,0,0
0.1186,0,0
0.119,0,0
0.1194,0,0
0.1198,0,0
4
-0.1198,0,0
-0.1194,0,0
-0.119,0,0
-0.1186,0,0
-0.1182,0.00308193,0.00431424
-0.1178,0,0
-0.1174,0,0
-0.117,0,0
-0.1166,0,0
-0.1162,0,0
-0.1158,0,0
-0.1154,0,0
-0.115,0,0
-0.1146,0,0
-0.1142,0,0
-0.1138,0,0
-0.1134,0,0
-0.113,0,0
-0.1126,0,0
-0.1122,0,0
-0.1118,0,0
-0.1114,0,0
-0.111,0,0
-0.1106,0,0
-0.1102,0,0
-0.1098,0,0
-0.1094,0,0
-0.109,0,0
-0.1086,0,0
-0.1082,0,0
-0.1078,0,0
-0.1074,0,0
-0.107,0,0
-0.1066,0,0
-0.1062,0,0
-0.1058,0.00650123,0.0065141
-0.1054,0,0
-0.105,0,0
-0.1046,0,0
-0.1042,0,0
-0.1038,0,0
-0.1034,0,0
-0.103,0,0
-0.1026,0,0
-0.1022,0,0
-0.1018,0,0
-0.1014,0,0
-0.101,0,0
-0.1006,0,0
-0.1002,0,0
-0.0998,0,0
-0.0994,0,0
-0.099,0,0
-0.0986,0,0
-0.0982,0,0
-0.0978,0,0
-0.0974,0,0
-0.097,0,0
-0.0966,0,0
-0.0962,0,0
-0.0958,0,0
-0.0954,0.00618736,0.00619895
-0.095,0,0
-0.0946,0,0
-0.0942,0,0
-0.0938,0.00621592,0.00622761
-0.0934,0.00604504,0.00605609
-0.093,0,0
-0.0926,0,0
-0.0922,0,0
-0.0918,0,0
-0.0914,0,0
-0.091,0,0
-0.0906,0,0
-0.0902,0,0
-0.0898,0,0
-0.0894,0,0
-0.089,0.0061316,0.00614295
-0.0886,0,0
-0.0882,0,0
-0.0878,0,0
-0.0874,0,0
-0.087,0,0
-0.0866,0,0
-0.0862,0,0
-0.0858,0,0
-0.0854,0,0
-0.085,0,0
-0.0846,0,0
-0.0842,0,0
-0.0838,0,0
-0.0834,0,0
-0.083,0,0
-0.0826,0,0
-0.0822,0,0
-0.0818,0,0
-0.0814,0,0
-0.081,0,0
-0.0806,0,0
-0.0802,0,0
-0.0798,0,0
-0.0794,0,0
-0.079,0,0
-0.0786,0,0
-0.0782,0,0
-0.0778,0,0
-0.0774,0,0
-0.077,0,0
-0.0766,0,0
-0.0762,0,0
-0.0758,0,0
-0.0754,0,0
-0.075,0,0
-0.0746,0,0
-0.0742,0,0
-0.0738,0,0
-0.0734,0,0
-0.073,0,0
-0.0726,0,0
-0.0722,0,0
-0.0718,0,0
-0.0714,0.00631717,0.00632913
-0.071,0,0
-0.0706,0.00678286,0.00679665
-0.0702,0,0
-0.0698,0,0
-0.0694,0.00602803,0.00603892
-0.069,0,0
-0.0686,0,0
-0.0682,0,0
-0.0678,0,0
-0.0674,0,0
-0.067,0,0
-0.0666,0,0
-0.0662,0,0
-0.0658,0,0
-0.0654,0,0
-0.065,0,0
-0.0646,0,0
-0.0642,0,0
-0.0638,0,0
-0.0634,0,0
-0.063,0.00651813,0.00653084
-0.0626,0,0
-0.0622,0,0
-0.0618,0.00617262,0.00618401
-0.0614,0,0
-0.061,0,0
-0.0606,0,0
-0.0602,0,0
-0.0598,0.00729536,0.00731126
-0.0594,0,0
-0.059,0,0
-0.0586,0.00643596,0.00644833
-0.0582,0,0
-0.0578,0,0
-0.0574,0,0
-0.057,0,0
-0.0566,0.00187024,0.00350311
-0.0562,0,0
-0.0558,0,0
-0.0554,0,0
-0.055,0.00641694,0.00642923
-0.0546,0,0
-0.0542,0,0
-0.0538,0,0
-0.0534,0,0
-0.053,0,0
-0.0526,0,0
-0.0522,0,0
-0.0518,0,0
-0.0514,0,0
-0.051,0,0
-0.0506,0.00424541,0.00523194
-0.0502,0,0
-0.0498,0,0
-0.0494,0,0
-0.049,0,0
-0.0486,0,0
-0.0482,0,0
-0.0478,0,0
-0.0474,0,0
-0.047,0,0
-0.0466,0,0
-0.0462,0,0
-0.0458,0,0
-0.0454,0,0
-0.045,0,0
-0.0446,0,0
-0.0442,0,0
-0.0438,0,0
-0.0434,0,0
-0.043,0,0
-0.0426,0,0
-0.0422,0,0
-0.0418,0,0
-0.0414,0,0
-0.041,0.00613871,0.00614992
-0.0406,0,0
-0.0402,0,0
-0.0398,0,0
-0.0394,0,0
-0.039,0.00183277,0.00347446
-0.0386,0,0
-0.0382,0.00686193,0.00687592
-0.0378,0,0
-0.0374,0,0
-0.037,0,0
-0.0366,0,0
-0.0362,0,0
-0.0358,0,0
-0.0354,0.00529519,0.0057861
-0.035,0,0
-0.0346,0,0
-0.0342,0,0
-0.0338,0.00717546,0.00719075
-0.0334,0,0
-0.033,0,0
-0.0326,0,0
-0.0322,0,0
-0.0318,0,0
-0.0314,0,0
-0.031,0,0
-0.0306,0.00598344,0.00599407
-0.0302,0,0
-0.0298,0,0
-0.0294,0.00621919,0.00623067
-0.029,0.00598598,0.00599662
-0.0286,0,0
-0.0282,0,0
-0.0278,0.0138078,0.00978363
-0.0274,0,0
-0.027,0,0
-0.0266,0,0
-0.0262,0.00562096,0.00563034
-0.0258,0,0
-0.0254,0.00588234,0.0058926
-0.025,0,0
-0.0246,0,0
-0.0242,0,0
-0.0238,0,0
-0.0234,0,0
-0.023,0,0
-0.0226,0,0
-0.0222,0,0
-0.0218,0,0
-0.0214,0,0
-0.021,0,0
-0.0206,0,0
-0.0202,0,0
-0.0198,0,0
-0.0194,0,0
-0.019,0,0
-0.0186,0.00678775,0.0068014
-0.0182,0,0
-0.0178,0,0
-0.0174,0,0
-0.017,0,0
-0.0166,0,0
-0.0162,0,0
-0.0158,0,0
-0.0154,0,0
-0.015,0,0
-0.0146,0,0
-0.0142,0,0
-0.0138,0,0
-0.0134,0,0
-0.013,0,0
-0.0126,0,0
-0.0122,0.00667685,0.00669007
-0.0118,0,0
-0.0114,0.00613669,0.00614785
-0.011,9.17386e-05,0.000729155
-0.0106,0,0
-0.0102,0,0
-0.0098,0,0
-0.0094,0,0
-0.009,0,0
-0.0086,0,0
-0.0082,0,0
-0.0078,0,0
-0.0074,0.0120872,0.00856331
-0.007,0,0
-0.0066,0,0
-0.0062,0,0
-0.0058,0.00986689,0.00791937
-0.0054,0.00632135,0.0063332
-0.005,0,0
-0.0046,0.00574655,0.00575635
-0.0042,0,0
-0.0038,0.0131395,0.00930919
-0.0034,0.0259544,0.0130039
-0.003,0.0515834,0.0183852
-0.0026,0.109947,0.0263842
-0.0022,0.142414,0.0300472
-0.0018,0.222602,0.0379145
-0.0014,0.483201,0.0543815
-0.001,0.79247,0.0702403
-0.0006,1.03173,0.0790661
-0.0002,1.29249,0.0911475
0.0002,1.14324,0.0858662
0.0006,0.835873,0.0731902
0.001,0.732596,0.0692248
0.0014,0.426043,0.0513965
0.0018,0.251337,0.040041
0.0022,0.08882,0.023786
0.0026,0.0655103,0.020243
0.003,0.0237575,0.0121987
0.0034,0,0
0.0038,0,0
0.0042,0.00646879,0.00648121
0.0046,0.00586716,0.00587739
0.005,0.00599661,0.00600729
0.0054,0.00599632,0.006007
0.0058,0.00589079,0.0059011
0.0062,0,0
0.0066,0,0
0.007,0.00653524,0.00654792
0.0074,0.00653493,0.00654761
0.0078,0,0
0.0082,0,0
0.0086,0.00648965,0.00650216
0.009,0.0124065,0.00878889
0.0094,0,0
0.0098,0,0
0.0102,0,0
0.0106,0,0
0.011,0,0
0.0114,0,0
0.0118,0,0
0.0122,0.00632059,0.00633246
0.0126,0.00603754,0.00604837
0.013,0,0
0.0134,0,0
0.0138,0,0
0.0142,0.00130399,0.00292911
0.0146,0,0
0.015,0.00587562,0.00588588
0.0154,0,0
0.0158,0,0
0.0162,0,0
0.0166,0,0
0.017,0,0
0.0174,0,0
0.0178,0,0
0.0182,0,0
0.0186,0,0
0.019,0.0129267,0.00915815
0.0194,0,0
0.0198,0,0
0.0202,0,0
0.0206,0,0
0.021,0,0
0.0214,0,0
0.0218,0,0
0.0222,0,0
0.0226,0,0
0.023,0,0
0.0234,0,0
0.0238,0,0
0.0242,0,0
0.0246,0,0
0.025,0,0
0.0254,0,0
0.0258,0,0
0.0262,0,0
0.0266,0,0
0.027,0,0
0.0274,0.00592443,0.00593488
0.0278,0,0
0.0282,0,0
0.0286,0,0
0.029,0,0
0.0294,0,0
0.0298,0,0
0.0302,0,0
0.0306,0.00695807,0.00697248
0.031,0,0
0.0314,0,0
0.0318,0,0
0.0322,0.00608811,0.00609915
0.0326,0.00500889,0.00568686
0.033,0,0
0.0334,0.00593045,0.00594093
0.0338,0,0
0.0342,0.0060381,0.00604896
0.0346,0.0066198,0.00663285
0.035,0.00620387,0.00621533
0.0354,0,0
0.0358,0,0
0.0362,0.0060716,0.00608258
0.0366,0,0
0.037,0.00613794,0.00614916
0.0374,0,0
0.0378,0.00620421,0.00621568
0.0382,0,0
0.0386,0,0
0.039,0,0
0.0394,0,0
0.0398,0.00416053,0.00505187
0.0402,0,0
0.0406,0,0
0.041,0,0
0.0414,0,0
0.0418,0,0
0.0422,0,0
0.0426,0,0
0.043,0,0
0.0434,0,0
0.0438,0,0
0.0442,0,0
0.0446,0,0
0.045,0,0
0.0454,0,0
0.0458,0,0
0.0462,0,0
0.0466,0,0
0.047,0,0
0.0474,0,0
0.0478,0,0
0.0482,0,0
0.0486,0,0
0.049,0,0
0.0494,0,0
0.0498,0,0
0.0502,0.00551065,0.00551971
0.0506,0,0
0.051,0.0122135,0.00865347
0.0514,0,0
0.0518,0,0
0.0522,0.00654232,0.00655508
0.0526,0,0
0.053,0,0
0.0534,0,0
0.0538,0.00609308,0.00610416
0.0542,0,0
0.0546,0,0
0.055,0,0
0.0554,0.00577599,0.00578594
0.0558,0,0
0.0562,0,0
0.0566,0,0
0.057,0,0
0.0574,0,0
0.0578,0,0
0.0582,0.00603395,0.00604481
0.0586,0.0061074,0.00611853
0.059,0,0
0.0594,0,0
0.0598,0.0055465,0.00555568
0.0602,0,0
0.0606,0,0
0.061,0,0
0.0614,0.00594878,0.00595934
0.0618,0,0
0.0622,0,0
0.0626,0,0
0.063,0,0
0.0634,0.00548813,0.00549712
0.0638,0,0
0.0642,0,0
0.0646,0,0
0.065,0,0
0.0654,0,0
0.0658,0,0
0.0662,0.00583765,0.00584782
0.0666,0,0
0.067,0,0
0.0674,0,0
0.0678,0,0
0.0682,0,0
0.0686,0,0
0.069,0,0
0.0694,0,0
0.0698,0,0
0.0702,0,0
0.0706,0,0
0.071,0,0
0.0714,0,0
0.0718,0,0
0.0722,0,0
0.0726,0,0
0.073,0,0
0.0734,0,0
0.0738,0,0
0.0742,0.00588476,0.0058951
0.0746,0,0
0.075,0,0
0.0754,0.00612335,0.00613455
0.0758,0.00611839,0.00612956
0.0762,0,0
0.0766,0,0
0.077,0,0
0.0774,0.0062436,0.00625524
0.0778,0,0
0.0782,0,0
0.0786,0,0
0.079,0,0
0.0794,0,0
0.0798,0,0
0.0802,0,0
0.0806,0.00544903,0.0054579
0.081,0,0
0.0814,0,0
0.0818,0,0
0.0822,0,0
0.0826,0,0
0.083,0,0
0.0834,0,0
0.0838,0,0
0.0842,0,0
0.0846,0,0
0.085,0,0
0.0854,0,0
0.0858,0,0
0.0862,0,0
0.0866,0,0
0.087,0,0
0.0874,0,0
0.0878,0,0
0.0882,0,0
0.0886,0,0
0.089,0,0
0.0894,0,0
0.0898,0,0
0.0902,0.00606445,0.00607543
0.0906,0,0
0.091,0,0
0.0914,0,0
0.0918,0,0
0.0922,0,0
0.0926,0,0
0.093,0,0
0.0934,0,0
0.0938,0.00594685,0.00595741
0.0942,0,0
0.0946,0,0
0.095,0,0
0.0954,0,0
0.0958,0,0
0.0962,0,0
0.0966,0.00672596,0.00673945
0.097,0.00675777,0.00677139
0.0974,0.00488686,0.00572733
0.0978,0,0
0.0982,0,0
0.0986,0,0
0.099,0,0
0.0994,0,0
0.0998,0,0
0.1002,0,0
0.1006,0,0
0.101,0,0
0.1014,0.00704697,0.00706178
0.1018,0,0
0.1022,0,0
0.1026,0,0
0.103,0,0
0.1034,0,0
0.1038,0,0
0.1042,0,0
0.1046,0,0
0.105,0,0
0.1054,0,0
0.1058,0,0
0.1062,0,0
0.1066,0,0
0.107,0,0
0.1074,0,0
0.1078,0,0
0.1082,0,0
0.1086,0,0
0.109,0,0
0.1094,0,0
0.1098,0,0
0.1102,0,0
0.1106,0,0
0.111,0,0
0.1114,0,0
0.1118,0,0
0.1122,0,0
0.1126,0,0
0.113,0.00825643,0.00827671
0.1134,0,0
0.1138,0,0
0.1142,0,0
0.1146,0.00878428,0.00880723
0.115,0,0
0.1154,0,0
0.1158,0,0
0.1162,0,0
0.1166,0,0
0.117,0,0
0.1174,0,0
0.1178,0,0
0.1182,0,0
0.1186,0.0111333,0.0111701
0.119,0,0
0.1194,0.00992981,0.00995911
0.1198,0,0
5
-0.1198,0,0
-0.1194,0,0
-0.119,0,0
-0.1186,0,0
-0.1182,0.00295995,0.0042458
-0.1178,0,0
-0.1174,0,0
-0.117,0,0
-0.1166,0,0
-0.1162,0,0
-0.1158,0,0
-0.1154,0,0
-0.115,0,0
-0.1146,0,0
-0.1142,0,0
-0.1138,0,0
-0.1134,0,0
-0.113,0,0
-0.1126,0,0
-0.1122,0,0
-0.1118,0,0
-0.1114,0,0
-0.111,0,0
-0.1106,0,0
-0.1102,0,0
-0.1098,0,0
-0.1094,0,0
-0.109,0,0
-0.1086,0.00679429,0.00680822
-0.1082,0,0
-0.1078,0,0
-0.1074,0,0
-0.107,0,0
-0.1066,0,0
-0.1062,0,0
-0.1058,0,0
-0.1054,0,0
-0.105,0,0
-0.1046,0,0
-0.1042,0,0
-0.1038,0,0
-0.1034,0,0
-0.103,0,0
-0.1026,0.00682895,0.00684296
-0.1022,0,0
-0.1018,0,0
-0.1014,0,0
-0.101,0,0
-0.1006,0,0
-0.1002,0,0
-0.0998,0,0
-0.0994,0,0
-0.099,0,0
-0.0986,0,0
-0.0982,0,0
-0.0978,0,0
-0.0974,0,0
-0.097,0,0
-0.0966,0,0
-0.0962,0,0
-0.0958,0,0
-0.0954,0,0
-0.095,0,0
-0.0946,0,0
-0.0942,0,0
-0.0938,0,0
-0.0934,0,0
-0.093,0,0
-0.0926,0,0
-0.0922,0,0
-0.0918,0,0
-0.0914,0,0
-0.091,0,0
-0.0906,0,0
-0.0902,0,0
-0.0898,0,0
-0.0894,0.00686738,0.00688142
-0.089,0,0
-0.0886,0,0
-0.0882,0,0
-0.0878,0,0
-0.0874,0,0
-0.087,0,0
-0.0866,0,0
-0.0862,0,0
-0.0858,0.00607162,0.00608258
-0.0854,0,0
-0.085,0.00498116,0.0059624
-0.0846,0,0
-0.0842,0,0
-0.0838,0,0
-0.0834,0.00602798,0.00603877
-0.083,0,0
-0.0826,0,0
-0.0822,0,0
-0.0818,0,0
-0.0814,0,0
-0.081,0.0066195,0.00663249
-0.0806,0,0
-0.0802,0,0
-0.0798,0.00648413,0.00649658
-0.0794,0,0
-0.079,0,0
-0.0786,0,0
-0.0782,0,0
-0.0778,0,0
-0.0774,0,0
-0.077,0,0
-0.0766,0,0
-0.0762,0,0
-0.0758,0,0
-0.0754,0,0
-0.075,0,0
-0.0746,0.00632867,0.0063405
-0.0742,0,0
-0.0738,0.0120686,0.00854901
-0.0734,0,0
-0.073,0,0
-0.0726,0,0
-0.0722,0,0
-0.0718,0,0
-0.0714,0.00642542,0.0064376
-0.071,0,0
-0.0706,0,0
-0.0702,0,0
-0.0698,0,0
-0.0694,0,0
-0.069,0,0
-0.0686,0,0
-0.0682,0,0
-0.0678,0,0
-0.0674,0,0
-0.067,0,0
-0.0666,0,0
-0.0662,0,0
-0.0658,0,0
-0.0654,0,0
-0.065,0,0
-0.0646,0,0
-0.0642,0,0
-0.0638,0,0
-0.0634,0,0
-0.063,0,0
-0.0626,0,0
-0.0622,0,0
-0.0618,0,0
-0.0614,0,0
-0.061,0,0
-0.0606,0,0
-0.0602,0,0
-0.0598,0,0
-0.0594,0,0
-0.059,0,0
-0.0586,0,0
-0.0582,0,0
-0.0578,0,0
-0.0574,0,0
-0.057,0.00648763,0.00649996
-0.0566,0.00619081,0.00620203
-0.0562,0,0
-0.0558,0,0
-0.0554,0,0
-0.055,0,0
-0.0546,0,0
-0.0542,0,0
-0.0538,0,0
-0.0534,0,0
-0.053,0,0
-0.0526,0.00619221,0.00620342
-0.0522,0,0
-0.0518,0,0
-0.0514,0.00300851,0.00446837
-0.051,0,0
-0.0506,0,0
-0.0502,0,0
-0.0498,0,0
-0.0494,0.00609945,0.00611032
-0.049,0.00617195,0.00618308
-0.0486,0,0
-0.0482,0,0
-0.0478,0,0
-0.0474,0,0
-0.047,0,0
-0.0466,0,0
-0.0462,0,0
-0.0458,0,0
-0.0454,0,0
-0.045,0.00713174,0.00714657
-0.0446,0,0
-0.0442,0.00601429,0.00602484
-0.0438,0,0
-0.0434,0,0
-0.043,0,0
-0.0426,0,0
-0.0422,0,0
-0.0418,0,0
-0.0414,0,0
-0.041,0,0
-0.0406,0.006034,0.0060446
-0.0402,0,0
-0.0398,0,0
-0.0394,0.00670201,0.00671508
-0.039,0,0
-0.0386,0.0060667,0.00607741
-0.0382,0,0
-0.0378,0,0
-0.0374,0,0
-0.037,0,0
-0.0366,0,0
-0.0362,0,0
-0.0358,0,0
-0.0354,0,0
-0.035,0,0
-0.0346,0,0
-0.0342,0,0
-0.0338,0,0
-0.0334,0,0
-0.033,0,0
-0.0326,0,0
-0.0322,0,0
-0.0318,0,0
-0.0314,0,0
-0.031,0,0
-0.0306,0,0
-0.0302,0,0
-0.0298,0,0
-0.0294,0,0
-0.029,0.00630212,0.00631364
-0.0286,0,0
-0.0282,0,0
-0.0278,0,0
-0.0274,0,0
-0.027,0,0
-0.0266,0.00699857,0.00701277
-0.0262,0,0
-0.0258,0,0
-0.0254,0,0
-0.025,0,0
-0.0246,0.0062965,0.006308
-0.0242,0,0
-0.0238,0.00629328,0.00630476
-0.0234,0,0
-0.023,0.00605445,0.00606508
-0.0226,0,0
-0.0222,0,0
-0.0218,0,0
-0.0214,0,0
-0.021,0,0
-0.0206,0,0
-0.0202,0,0
-0.0198,0,0
-0.0194,0,0
-0.019,0.00684188,0.00685543
-0.0186,0.0139032,0.00985083
-0.0182,0,0
-0.0178,0,0
-0.0174,0,0
-0.017,0,0
-0.0166,0,0
-0.0162,0,0
-0.0158,0,0
-0.0154,0,0
-0.015,0.00627436,0.00628575
-0.0146,0,0
-0.0142,0,0
-0.0138,0.00692187,0.00693572
-0.0134,0,0
-0.013,0,0
-0.0126,0.0138051,0.00978121
-0.0122,0,0
-0.0118,0.00599908,0.00600949
-0.0114,0,0
-0.011,0.00582961,0.00588653
-0.0106,0.00668215,0.00669505
-0.0102,0,0
-0.0098,0,0
-0.0094,0.00592654,0.00593669
-0.009,0,0
-0.0086,0,0
-0.0082,0,0
-0.0078,0,0
-0.0074,0.00630221,0.00631368
-0.007,0,0
-0.0066,0,0
-0.0062,0,0
-0.0058,0.0201474,0.0114663
-0.0054,0.0129898,0.00920245
-0.005,0,0
-0.0046,0.0183153,0.0106044
-0.0042,0.0323377,0.0145069
-0.0038,0.0337433,0.0151201
-0.0034,0.0262558,0.0131529
-0.003,0.0535194,0.0189599
-0.0026,0.100966,0.0256074
-0.0022,0.201172,0.0362748
-0.0018,0.354255,0.0483198
-0.0014,0.599483,0.0613721
-0.001,1.08016,0.0833376
-0.0006,1.1612,0.0852231
-0.0002,1.17605,0.088173
0.0002,1.31833,0.0935402
0.0006,0.752284,0.0704126
0.001,0.692232,0.068301
0.0014,0.358795,0.0478538
0.0018,0.197809,0.0360582
0.0022,0.164798,0.0330273
0.0026,0.0641683,0.0203305
0.003,0.0128465,0.00910067
0.0034,0.0199601,0.0115506
0.0038,0.0271427,0.0136004
0.0042,0.0130209,0.00932947
0.0046,0.00635601,0.00636766
0.005,0,0
0.0054,0,0
0.0058,0,0
0.0062,0.00648097,0.00649308
0.0066,0,0
0.007,0,0
0.0074,0.0128995,0.00914692
0.0078,0,0
0.0082,0,0
0.0086,0,0
0.009,0,0
0.0094,0,0
0.0098,0.00634346,0.00635507
0.0102,0,0
0.0106,0,0
0.011,0,0
0.0114,0,0
0.0118,0,0
0.0122,0.00621843,0.00622959
0.0126,0,0
0.013,0,0
0.0134,0.00668171,0.00669459
0.0138,0,0
0.0142,0,0
0.0146,0,0
0.015,0,0
0.0154,0,0
0.0158,0,0
0.0162,0,0
0.0166,0,0
0.017,0,0
0.0174,0,0
0.0178,0,0
0.0182,0,0
0.0186,0.0121779,0.00862626
0.019,0,0
0.0194,0.00700568,0.00701984
0.0198,0,0
0.0202,0,0
0.0206,0,0
0.021,0,0
0.0214,0,0
0.0218,0,0
0.0222,0,0
0.0226,0,0
0.023,0,0
0.0234,0,0
0.0238,0,0
0.0242,0,0
0.0246,0,0
0.025,0,0
0.0254,0,0
0.0258,0,0
0.0262,0,0
0.0266,0,0
0.027,0,0
0.0274,0,0
0.0278,0,0
0.0282,0,0
0.0286,0,0
0.029,0.00679206,0.00680537
0.0294,0,0
0.0298,0,0
0.0302,0,0
0.0306,0,0
0.031,0,0
0.0314,0,0
0.0318,0,0
0.0322,0,0
0.0326,0.00664224,0.00665496
0.033,0,0
0.0334,0,0
0.0338,0,0
0.0342,0,0
0.0346,0.00640953,0.00642137
0.035,0,0
0.0354,0.00611483,0.00612561
0.0358,0,0
0.0362,0,0
0.0366,0,0
0.037,0,0
0.0374,0.00616925,0.00618022
0.0378,0,0
0.0382,0,0
0.0386,0,0
0.039,0,0
0.0394,0,0
0.0398,0,0
0.0402,0.00641469,0.00642655
0.0406,0,0
0.041,0,0
0.0414,0,0
0.0418,0,0
0.0422,0,0
0.0426,0.00589834,0.00590836
0.043,0,0
0.0434,0,0
0.0438,0,0
0.0442,0,0
0.0446,0,0
0.045,0,0
0.0454,0,0
0.0458,0,0
0.0462,0,0
0.0466,0,0
0.047,0.00727543,0.00729067
0.0474,0,0
0.0478,0,0
0.0482,0,0
0.0486,0,0
0.049,0,0
0.0494,0,0
0.0498,0,0
0.0502,0,0
0.0506,0,0
0.051,0,0
0.0514,0,0
0.0518,0,0
0.0522,0,0
0.0526,0,0
0.053,0,0
0.0534,0,0
0.0538,0,0
0.0542,0,0
0.0546,0,0
0.055,0,0
0.0554,0,0
0.0558,0,0
0.0562,0,0
0.0566,0,0
0.057,0,0
0.0574,0,0
0.0578,0,0
0.0582,0,0
0.0586,0,0
0.059,0,0
0.0594,0,0
0.0598,0,0
0.0602,0,0
0.0606,0,0
0.061,0.00652058,0.00653279
0.0614,0,0
0.0618,0,0
0.0622,0.00682261,0.00683597
0.0626,0,0
0.063,0,0
0.0634,0,0
0.0638,0,0
0.0642,0,0
0.0646,0,0
0.065,0,0
0.0654,0,0
0.0658,0,0
0.0662,0,0
0.0666,0,0
0.067,0,0
0.0674,0,0
0.0678,0,0
0.0682,0,0
0.0686,0,0
0.069,0,0
0.0694,0,0
0.0698,0,0
0.0702,0,0
0.0706,0,0
0.071,0,0
0.0714,0,0
0.0718,0,0
0.0722,0,0
0.0726,0,0
0.073,0,0
0.0734,0,0
0.0738,0,0
0.0742,0,0
0.0746,0,0
0.075,0,0
0.0754,0,0
0.0758,0,0
0.0762,0,0
0.0766,0,0
0.077,0,0
0.0774,0,0
0.0778,0,0
0.0782,0,0
0.0786,0,0
0.079,0,0
0.0794,0,0
0.0798,0,0
0.0802,0,0
0.0806,0,0
0.081,0,0
0.0814,0,0
0.0818,0.00706621,0.00708045
0.0822,0,0
0.0826,0,0
0.083,0,0
0.0834,0,0
0.0838,0,0
0.0842,0,0
0.0846,0,0
0.085,0,0
0.0854,0,0
0.0858,0,0
0.0862,0,0
0.0866,0.00594813,0.00595821
0.087,0.0062116,0.00622259
0.0874,0,0
0.0878,0,0
0.0882,0,0
0.0886,0.00601905,0.00602936
0.089,0,0
0.0894,0,0
0.0898,0,0
0.0902,0,0
0.0906,0,0
0.091,0,0
0.0914,0,0
0.0918,0,0
0.0922,0,0
0.0926,0,0
0.093,0,0
0.0934,0,0
0.0938,0,0
0.0942,0,0
0.0946,0,0
0.095,0,0
0.0954,0,0
0.0958,0,0
0.0962,0,0
0.0966,0,0
0.097,0,0
0.0974,0,0
0.0978,0,0
0.0982,0,0
0.0986,0,0
0.099,0,0
0.0994,0,0
0.0998,0,0
0.1002,0,0
0.1006,0,0
0.101,0.00679348,0.00680654
0.1014,0,0
0.1018,0,0
0.1022,0,0
0.1026,0,0
0.103,0,0
0.1034,0,0
0.1038,0,0
0.1042,0,0
0.1046,0,0
0.105,0,0
0.1054,0,0
0.1058,0,0
0.1062,0,0
0.1066,0,0
0.107,0,0
0.1074,0,0
0.1078,0,0
0.1082,0,0
0.1086,0,0
0.109,0,0
0.1094,0,0
0.1098,0,0
0.1102,0,0
0.1106,0,0
0.111,0,0
0.1114,0,0
0.1118,0,0
0.1122,0,0
0.1126,0,0
0.113,0,0
0.1134,0.0102692,0.0102988
0.1138,0,0
0.1142,0,0
0.1146,0.00929551,0.0093198
0.115,0,0
0.1154,0,0
0.1158,0,0
0.1162,0,0
0.1166,0,0
0.117,0,0
0.1174,0,0
0.1178,0,0
0.1182,0,0
0.1186,0,0
0.119,0.0117982,0.0118373
0.1194,0,0
0.1198,0,0
6
-0.1198,0,0
-0.1194,0,0
-0.119,0,0
-0.1186,0,0
-0.1182,0,0
-0.1178,0,0
-0.1174,0,0
-0.117,0,0
-0.1166,0,0
-0.1162,0,0
-0.1158,0,0
-0.1154,0,0
-0.115,0,0
-0.1146,0,0
-0.1142,0,0
-0.1138,0,0
-0.1134,0,0
-0.113,0,0
-0.1126,0,0
-0.1122,0.00544436,0.00545443
-0.1118,0,0
-0.1114,0,0
-0.111,0,0
-0.1106,0,0
-0.1102,0,0
-0.1098,0,0
-0.1094,0,0
-0.109,0,0
-0.1086,0,0
-0.1082,0,0
-0.1078,0,0
-0.1074,0,0
-0.107,0,0
-0.1066,0,0
-0.1062,0.00555246,0.00556287
-0.1058,0,0
-0.1054,0,0
-0.105,0,0
-0.1046,0,0
-0.1042,0,0
-0.1038,0,0
-0.1034,0,0
-0.103,0,0
-0.1026,0,0
-0.1022,0,0
-0.1018,0,0
-0.1014,0,0
-0.101,0,0
-0.1006,0,0
-0.1002,0,0
-0.0998,0,0
-0.0994,0,0
-0.099,0,0
-0.0986,0,0
-0.0982,0,0
-0.0978,0,0
-0.0974,0,0
-0.097,0,0
-0.0966,0,0
-0.0962,0,0
-0.0958,0,0
-0.0954,0,0
-0.095,0,0
-0.0946,0,0
-0.0942,0,0
-0.0938,0,0
-0.0934,0,0
-0.093,0,0
-0.0926,0,0
-0.0922,0,0
-0.0918,0,0
-0.0914,0,0
-0.091,0,0
-0.0906,0,0
-0.0902,0,0
-0.0898,0,0
-0.0894,0,0
-0.089,0,0
-0.0886,0,0
-0.0882,0,0
-0.0878,0,0
-0.0874,0,0
-0.087,0,0
-0.0866,0,0
-0.0862,0,0
-0.0858,0,0
-0.0854,0,0
-0.085,0.0018869,0.0034574
-0.0846,0,0
-0.0842,0,0
-0.0838,0,0
-0.0834,0,0
-0.083,0,0
-0.0826,0,0
-0.0822,0,0
-0.0818,0,0
-0.0814,0,0
-0.081,0,0
-0.0806,0,0
-0.0802,0,0
-0.0798,0,0
-0.0794,0,0
-0.079,0,0
-0.0786,0,0
-0.0782,0,0
-0.0778,0,0
-0.0774,0,0
-0.077,0,0
-0.0766,0,0
-0.0762,0,0
-0.0758,0,0
-0.0754,0.011269,0.00799494
-0.075,0,0
-0.0746,0,0
-0.0742,0.00525553,0.00526488
-0.0738,0,0
-0.0734,0,0
-0.073,0,0
-0.0726,0,0
-0.0722,0,0
-0.0718,0,0
-0.0714,0,0
-0.071,0,0
-0.0706,0,0
-0.0702,0,0
-0.0698,0,0
-0.0694,0.00545313,0.00546324
-0.069,0,0
-0.0686,0,0
-0.0682,0,0
-0.0678,0,0
-0.0674,0,0
-0.067,0,0
-0.0666,0,0
-0.0662,0,0
-0.0658,0,0
-0.0654,0,0
-0.065,0,0
-0.0646,0,0
-0.0642,0,0
-0.0638,0,0
-0.0634,0,0
-0.063,0,0
-0.0626,0,0
-0.0622,0,0
-0.0618,0.00539406,0.00540401
-0.0614,0,0
-0.061,0,0
-0.0606,0,0
-0.0602,0,0
-0.0598,0,0
-0.0594,0,0
-0.059,0,0
-0.0586,0,0
-0.0582,0,0
-0.0578,0.00556325,0.00557387
-0.0574,0,0
-0.057,0.00568072,0.0056918
-0.0566,0,0
-0.0562,0,0
-0.0558,0,0
-0.0554,0,0
-0.055,0,0
-0.0546,0,0
-0.0542,0,0
-0.0538,0,0
-0.0534,0,0
-0.053,0,0
-0.0526,0,0
-0.0522,0,0
-0.0518,0,0
-0.0514,0.00305219,0.00414266
-0.051,0.00554799,0.00555861
-0.0506,0,0
-0.0502,0,0
-0.0498,0,0
-0.0494,0,0
-0.049,0,0
-0.0486,0,0
-0.0482,0.00560776,0.00561863
-0.0478,0,0
-0.0474,0,0
-0.047,0,0
-0.0466,0,0
-0.0462,0,0
-0.0458,0,0
-0.0454,0,0
-0.045,0,0
-0.0446,0,0
-0.0442,0,0
-0.0438,0,0
-0.0434,0,0
-0.043,0,0
-0.0426,0,0
-0.0422,0,0
-0.0418,0,0
-0.0414,0.00539675,0.00540686
-0.041,0,0
-0.0406,0,0
-0.0402,0,0
-0.0398,0,0
-0.0394,0.00560761,0.00561854
-0.039,0,0
-0.0386,0,0
-0.0382,0,0
-0.0378,0,0
-0.0374,0,0
-0.037,0,0
-0.0366,0,0
-0.0362,0.00534601,0.00535597
-0.0358,0,0
-0.0354,0,0
-0.035,0,0
-0.0346,0.00533648,0.00534641
-0.0342,0,0
-0.0338,0,0
-0.0334,0,0
-0.033,0,0
-0.0326,0,0
-0.0322,0,0
-0.0318,0,0
-0.0314,0,0
-0.031,0,0
-0.0306,0,0
-0.0302,0,0
-0.0298,0,0
-0.0294,0,0
-0.029,0,0
-0.0286,0.00512372,0.0051329
-0.0282,0,0
-0.0278,0,0
-0.0274,0,0
-0.027,0,0
-0.0266,0,0
-0.0262,0,0
-0.0258,0,0
-0.0254,0,0
-0.025,0,0
-0.0246,0,0
-0.0242,0,0
-0.0238,0,0
-0.0234,0.00500006,0.00500883
-0.023,0,0
-0.0226,0,0
-0.0222,0,0
-0.0218,0,0
-0.0214,0,0
-0.021,0,0
-0.0206,0,0
-0.0202,0,0
-0.0198,0,0
-0.0194,0,0
-0.019,0,0
-0.0186,0,0
-0.0182,0,0
-0.0178,0,0
-0.0174,0,0
-0.017,0,0
-0.0166,0,0
-0.0162,0,0
-0.0158,0.0050426,0.00505155
-0.0154,0,0
-0.015,0,0
-0.0146,0,0
-0.0142,0,0
-0.0138,0.00568412,0.0056955
-0.0134,0.00536243,0.00537256
-0.013,0,0
-0.0126,0,0
-0.0122,0,0
-0.0118,0,0
-0.0114,0.00504581,0.00505479
-0.011,0.00485652,0.00486483
-0.0106,0,0
-0.0102,0,0
-0.0098,0,0
-0.0094,0,0
-0.009,0,0
-0.0086,0,0
-0.0082,0,0
-0.0078,0.00515806,0.00516745
-0.0074,0.00499794,0.00500675
-0.007,0,0
-0.0066,0,0
-0.0062,0.00532358,0.00533359
-0.0058,0,0
-0.0054,0,0
-0.005,0.00496755,0.00497626
-0.0046,0.0144795,0.00837404
-0.0042,0,0
-0.0038,0.005498,0.00550868
-0.0034,0.0162593,0.00940641
-0.003,0.0382132,0.0144722
-0.0026,0.0529388,0.0167737
-0.0022,0.0789663,0.0204288
-0.0018,0.129843,0.0265624
-0.0014,0.215021,0.0332456
-0.001,0.323402,0.0411634
-0.0006,0.416199,0.0460617
-0.0002,0.478059,0.0507797
0.0002,0.425787,0.0480076
0.0006,0.36928,0.0445478
0.001,0.29981,0.0405174
0.0014,0.181803,0.0308011
0.0018,0.230348,0.0351332
0.0022,0.0702649,0.0195268
0.0026,0.0209089,0.0104742
0.003,0.05218,0.0165318
0.0034,0.0216128,0.0108306
0.0038,0.0110762,0.00784878
0.0042,0.000242281,0.00114971
0.0046,0.00518817,0.00519768
0.005,0.0152676,0.00883147
0.0054,0.0158916,0.00919223
0.0058,0,0
0.0062,0.00529288,0.00530277
0.0066,0,0
0.007,0.0109922,0.00778776
0.0074,0,0
0.0078,0,0
0.0082,0,0
0.0086,0,0
0.009,0,0
0.0094,0.00494378,0.00495241
0.0098,0,0
0.0102,0,0
0.0106,0.00483565,0.0048439
0.011,0.00529274,0.00530261
0.0114,0,0
0.0118,0,0
0.0122,0.00533316,0.00534318
0.0126,0,0
0.013,0,0
0.0134,0,0
0.0138,0,0
0.0142,0,0
0.0146,0.0101472,0.00720623
0.015,0.00497145,0.00498013
0.0154,0.00434885,0.00466804
0.0158,0,0
0.0162,0,0
0.0166,0,0
0.017,0,0
0.0174,0,0
0.0178,0,0
0.0182,0,0
0.0186,0,0
0.019,0,0
0.0194,0,0
0.0198,0.00518415,0.00533068
0.0202,0,0
0.0206,0,0
0.021,0,0
0.0214,0,0
0.0218,0,0
0.0222,0,0
0.0226,0,0
0.023,0,0
0.0234,0.00599655,0.00600901
0.0238,0,0
0.0242,0,0
0.0246,0,0
0.025,0.00498405,0.00499264
0.0254,0,0
0.0258,0,0
0.0262,0.00536045,0.00537037
0.0266,0.00520365,0.00521299
0.027,0,0
0.0274,0,0
0.0278,0,0
0.0282,0,0
0.0286,0,0
0.029,0,0
0.0294,0,0
0.0298,0,0
0.0302,0,0
0.0306,0,0
0.031,0,0
0.0314,0,0
0.0318,0,0
0.0322,0,0
0.0326,0.00560925,0.00561999
0.033,0,0
0.0334,0,0
0.0338,0,0
0.0342,0,0
0.0346,0.00542931,0.00543934
0.035,0,0
0.0354,0,0
0.0358,0,0
0.0362,0.00532825,0.00533789
0.0366,0.00534614,0.00535584
0.037,0,0
0.0374,0,0
0.0378,0,0
0.0382,0,0
0.0386,0,0
0.039,0,0
0.0394,0.00558691,0.00559744
0.0398,0.00539682,0.00540665
0.0402,0,0
0.0406,0,0
0.041,0,0
0.0414,0,0
0.0418,0,0
0.0422,0,0
0.0426,0,0
0.043,0,0
0.0434,0.00543639,0.0054463
0.0438,0,0
0.0442,0,0
0.0446,0,0
0.045,0,0
0.0454,0,0
0.0458,0,0
0.0462,0,0
0.0466,0,0
0.047,0,0
0.0474,0,0
0.0478,0,0
0.0482,0,0
0.0486,0.0037065,0.00462483
0.049,0,0
0.0494,0,0
0.0498,0,0
0.0502,0,0
0.0506,0,0
0.051,0,0
0.0514,0.00534863,0.0053581
0.0518,0,0
0.0522,0,0
0.0526,0,0
0.053,0,0
0.0534,0,0
0.0538,0,0
0.0542,0,0
0.0546,0,0
0.055,0,0
0.0554,0,0
0.0558,0,0
0.0562,0,0
0.0566,0,0
0.057,0,0
0.0574,0,0
0.0578,0,0
0.0582,0,0
0.0586,0,0
0.059,0,0
0.0594,0,0
0.0598,0,0
0.0602,0,0
0.0606,0,0
0.061,0,0
0.0614,0,0
0.0618,0,0
0.0622,0.00601209,0.00602386
0.0626,0,0
0.063,0,0
0.0634,0,0
0.0638,0,0
0.0642,0.00552244,0.00553234
0.0646,0,0
0.065,0,0
0.0654,0,0
0.0658,0,0
0.0662,0,0
0.0666,0,0
0.067,0,0
0.0674,0,0
0.0678,0.00581395,0.00582486
0.0682,0,0
0.0686,0,0
0.069,0.00540382,0.00541323
0.0694,0,0
0.0698,0,0
0.0702,0,0
0.0706,0,0
0.071,0,0
0.0714,0,0
0.0718,0,0
0.0722,0,0
0.0726,0,0
0.073,0,0
0.0734,0,0
0.0738,0,0
0.0742,0,0
0.0746,0.00557295,0.00558287
0.075,0,0
0.0754,0,0
0.0758,0.00572424,0.0057347
0.0762,0,0
0.0766,0,0
0.077,0,0
0.0774,0,0
0.0778,0,0
0.0782,0,0
0.0786,0,0
0.079,0,0
0.0794,0,0
0.0798,0,0
0.0802,0,0
0.0806,0.00567635,0.00568655
0.081,0,0
0.0814,0,0
0.0818,0,0
0.0822,0.00552095,0.00553058
0.0826,0,0
0.083,0,0
0.0834,0,0
0.0838,0,0
0.0842,0,0
0.0846,0,0
0.085,0,0
0.0854,0.00586815,0.00587899
0.0858,0.00587153,0.00588237
0.0862,0,0
0.0866,0,0
0.087,0,0
0.0874,0,0
0.0878,0,0
0.0882,0,0
0.0886,0,0
0.089,0,0
0.0894,0,0
0.0898,0,0
0.0902,0,0
0.0906,0,0
0.091,0,0
0.0914,0,0
0.0918,0,0
0.0922,0.00603799,0.00604935
0.0926,0,0
0.093,0,0
0.0934,0,0
0.0938,0,0
0.0942,0,0
0.0946,0,0
0.095,0,0
0.0954,0,0
0.0958,0.00576371,0.00577401
0.0962,0,0
0.0966,0,0
0.097,0,0
0.0974,0,0
0.0978,0,0
0.0982,0,0
0.0986,0,0
0.099,0,0
0.0994,0.00684123,0.00685568
0.0998,0,0
0.1002,0,0
0.1006,0,0
0.101,0,0
0.1014,0,0
0.1018,0,0
0.1022,0,0
0.1026,0,0
0.103,0,0
0.1034,0,0
0.1038,0,0
0.1042,0,0
0.1046,0,0
0.105,0,0
0.1054,0,0
0.1058,0,0
0.1062,0,0
0.1066,0,0
0.107,0,0
0.1074,0.00855138,0.00857378
0.1078,0,0
0.1082,0,0
0.1086,0,0
0.109,0,0
0.1094,0,0
0.1098,0,0
0.1102,0,0
0.1106,0,0
0.111,0,0
0.1114,0,0
0.1118,0,0
0.1122,0,0
0.1126,0,0
0.113,0,0
0.1134,0,0
0.1138,0,0
0.1142,0.00845894,0.00848087
0.1146,0,0
0.115,0,0
0.1154,0,0
0.1158,0,0
0.1162,0,0
0.1166,0,0
0.117,0,0
0.1174,0,0
0.1178,0,0
0.1182,0,0
0.1186,0,0
0.119,0,0
0.1194,0,0
0.1198,0,0
7
-0.1198,0,0
-0.1194,0,0
-0.119,0,0
-0.1186,0,0
-0.1182,0,0
-0.1178,0,0
-0.1174,0,0
-0.117,0,0
-0.1166,0,0
-0.1162,0,0
-0.1158,0,0
-0.1154,0.00525393,0.0052635
-0.115,0,0
-0.1146,0,0
-0.1142,0,0
-0.1138,0,0
-0.1134,0,0
-0.113,0.00555785,0.00556858
-0.1126,0,0
-0.1122,0,0
-0.1118,0.00571712,0.00572848
-0.1114,0,0
-0.111,0,0
-0.1106,0,0
-0.1102,0,0
-0.1098,0,0
-0.1094,0,0
-0.109,0,0
-0.1086,0,0
-0.1082,0,0
-0.1078,0,0
-0.1074,0,0
-0.107,0,0
-0.1066,0,0
-0.1062,0,0
-0.1058,0,0
-0.1054,0,0
-0.105,0,0
-0.1046,0,0
-0.1042,0,0
-0.1038,0,0
-0.1034,0,0
-0.103,0,0
-0.1026,0,0
-0.1022,0,0
-0.1018,0,0
-0.1014,0,0
-0.101,0,0
-0.1006,0,0
-0.1002,0,0
-0.0998,0.00542799,0.00543833
-0.0994,0,0
-0.099,0,0
-0.0986,0,0
-0.0982,0,0
-0.0978,0,0
-0.0974,0,0
-0.097,0,0
-0.0966,0,0
-0.0962,0,0
-0.0958,0,0
-0.0954,0,0
-0.095,0.00535568,0.0053658
-0.0946,0.00521523,0.00522483
-0.0942,0,0
-0.0938,0,0
-0.0934,0,0
-0.093,0,0
-0.0926,0,0
-0.0922,0,0
-0.0918,0,0
-0.0914,0,0
-0.091,0,0
-0.0906,0,0
-0.0902,0,0
-0.0898,0,0
-0.0894,0,0
-0.089,0,0
-0.0886,0,0
-0.0882,0,0
-0.0878,0,0
-0.0874,0.00505383,0.00506288
-0.087,0,0
-0.0866,0,0
-0.0862,0,0
-0.0858,0,0
-0.0854,0,0
-0.085,0,0
-0.0846,0,0
-0.0842,0,0
-0.0838,0,0
-0.0834,0,0
-0.083,0,0
-0.0826,0,0
-0.0822,0,0
-0.0818,0,0
-0.0814,0,0
-0.081,0,0
-0.0806,0.00555001,0.0055609
-0.0802,0,0
-0.0798,0,0
-0.0794,0,0
-0.079,0,0
-0.0786,0,0
-0.0782,0,0
-0.0778,0,0
-0.0774,0.00519145,0.00520096
-0.077,0,0
-0.0766,0,0
-0.0762,0,0
-0.0758,0.00577462,0.00578638
-0.0754,0,0
-0.075,0.00511676,0.00512598
-0.0746,0,0
-0.0742,0,0
-0.0738,0,0
-0.0734,0,0
-0.073,0,0
-0.0726,0,0
-0.0722,0,0
-0.0718,0,0
-0.0714,0,0
-0.071,0,0
-0.0706,0,0
-0.0702,0,0
-0.0698,0,0
-0.0694,0,0
-0.069,0,0
-0.0686,0,0
-0.0682,0,0
-0.0678,0,0
-0.0674,0,0
-0.067,0,0
-0.0666,0,0
-0.0662,0,0
-0.0658,0,0
-0.0654,0,0
-0.065,0,0
-0.0646,0.00538528,0.0053954
-0.0642,0,0
-0.0638,0,0
-0.0634,0,0
-0.063,0,0
-0.0626,0,0
-0.0622,0,0
-0.0618,0,0
-0.0614,0,0
-0.061,0,0
-0.0606,0,0
-0.0602,0,0
-0.0598,0,0
-0.0594,0,0
-0.059,0,0
-0.0586,0,0
-0.0582,0,0
-0.0578,0,0
-0.0574,0,0
-0.057,0,0
-0.0566,0,0
-0.0562,0,0
-0.0558,0,0
-0.0554,0,0
-0.055,0.005549,0.00555962
-0.0546,0.00492645,0.00493482
-0.0542,0,0
-0.0538,0,0
-0.0534,0,0
-0.053,0,0
-0.0526,0,0
-0.0522,0,0
-0.0518,0,0
-0.0514,0,0
-0.051,0,0
-0.0506,0.0106887,0.00773858
-0.0502,0,0
-0.0498,0,0
-0.0494,0,0
-0.049,0,0
-0.0486,0,0
-0.0482,0.00567226,0.00568326
-0.0478,0,0
-0.0474,0,0
-0.047,0.00567039,0.00568136
-0.0466,0.00525606,0.00526548
-0.0462,0,0
-0.0458,0,0
-0.0454,0,0
-0.045,0,0
-0.0446,0,0
-0.0442,0,0
-0.0438,0,0
-0.0434,0,0
-0.043,0,0
-0.0426,0,0
-0.0422,0.00541175,0.00542167
-0.0418,0,0
-0.0414,0,0
-0.041,0.00564816,0.00565895
-0.0406,0,0
-0.0402,0,0
-0.0398,0,0
-0.0394,0,0
-0.039,0,0
-0.0386,0,0
-0.0382,0,0
-0.0378,0,0
-0.0374,0,0
-0.037,0,0
-0.0366,0.0108524,0.00768818
-0.0362,0,0
-0.0358,0,0
-0.0354,0,0
-0.035,0.00565521,0.00566591
-0.0346,0.00576059,0.00577169
-0.0342,0,0
-0.0338,0,0
-0.0334,0,0
-0.033,0.00608416,0.0060965
-0.0326,0,0
-0.0322,0,0
-0.0318,0.00594372,0.00595548
-0.0314,0,0
-0.031,0,0
-0.0306,0,0
-0.0302,0,0
-0.0298,0,0
-0.0294,0,0
-0.029,0,0
-0.0286,0,0
-0.0282,0,0
-0.0278,0,0
-0.0274,0,0
-0.027,0.00615601,0.0061685
-0.0266,0,0
-0.0262,0,0
-0.0258,0,0
-0.0254,0.00530906,0.00531832
-0.025,0.0105184,0.00745049
-0.0246,0,0
-0.0242,0,0
-0.0238,0.00549904,0.00550895
-0.0234,0,0
-0.023,0,0
-0.0226,0,0
-0.0222,0,0
-0.0218,0,0
-0.0214,0,0
-0.021,0,0
-0.0206,0,0
-0.0202,0,0
-0.0198,0.0113499,0.00805866
-0.0194,0,0
-0.019,0,0
-0.0186,0.00281549,0.00415609
-0.0182,0,0
-0.0178,0,0
-0.0174,0.00626173,0.00627441
-0.017,0,0
-0.0166,0.00566225,0.0056726
-0.0162,0.0107605,0.00763295
-0.0158,0,0
-0.0154,0.00270926,0.00391541
-0.015,0,0
-0.0146,0.00577614,0.00578686
-0.0142,0,0
-0.0138,0,0
-0.0134,0.00589061,0.00590173
-0.013,0,0
-0.0126,0.00623295,0.00624539
-0.0122,0.00131588,0.00285869
-0.0118,0.00542432,0.00543373
-0.0114,0,0
-0.011,0,0
-0.0106,0,0
-0.0102,0.00287884,0.00388516
-0.0098,0,0
-0.0094,0,0
-0.009,0,0
-0.0086,0.00601785,0.00602936
-0.0082,0.00607892,0.00609065
-0.0078,0,0
-0.0074,0,0
-0.007,0,0
-0.0066,0.00584994,0.00586079
-0.0062,0.00593497,0.00594612
-0.0058,0,0
-0.0054,0,0
-0.005,0.00555004,0.00555977
-0.0046,0,0
-0.0042,0.0116162,0.00804611
-0.0038,0.00927418,0.00759738
-0.0034,0.0186099,0.0107655
-0.003,0.0611929,0.0193899
-0.0026,0.04211,0.0158619
-0.0022,0.102213,0.024793
-0.0018,0.20652,0.0354094
-0.0014,0.292833,0.0411619
-0.001,0.402059,0.0486762
-0.0006,0.527581,0.0550009
-0.0002,0.799916,0.0697195
0.0002,0.630283,0.0620237
0.0006,0.723596,0.0662349
0.001,0.677093,0.0648145
0.0014,0.513631,0.0548933
0.0018,0.406328,0.0496281
0.0022,0.177742,0.0329557
0.0026,0.116003,0.0262292
0.003,0.0775645,0.0214679
0.0034,0.0667082,0.0200544
0.0038,0.0253417,0.0126976
0.0042,0.017916,0.0103738
0.0046,0.0114785,0.0081337
0.005,0.00571927,0.00572946
0.0054,0.00601454,0.0060258
0.0058,0.0262204,0.0122609
0.0062,0.0119838,0.00848967
0.0066,0.0239538,0.0119993
0.007,0.0119922,0.00849559
0.0074,0.0102156,0.00766723
0.0078,0,0
0.0082,0.0123186,0.00872722
0.0086,0,0
0.009,0,0
0.0094,0,0
0.0098,0,0
0.0102,0.00934685,0.007426
0.0106,0,0
0.011,0,0
0.0114,0,0
0.0118,0,0
0.0122,0,0
0.0126,0,0
0.013,0,0
0.0134,0,0
0.0138,0,0
0.0142,0,0
0.0146,5.84689e-05,0.000583265
0.015,0,0
0.0154,0.000731978,0.00204132
0.0158,0,0
0.0162,0,0
0.0166,0,0
0.017,0,0
0.0174,0,0
0.0178,0,0
0.0182,0,0
0.0186,0,0
0.019,0.00646295,0.00647588
0.0194,0,0
0.0198,0.00646445,0.00631883
0.0202,0,0
0.0206,0,0
0.021,0,0
0.0214,0,0
0.0218,0,0
0.0222,0.00603189,0.00604317
0.0226,0,0
0.023,0,0
0.0234,0,0
0.0238,0,0
0.0242,0,0
0.0246,0.00565777,0.00566772
0.025,0,0
0.0254,0,0
0.0258,0,0
0.0262,0,0
0.0266,0,0
0.027,0,0
0.0274,0,0
0.0278,0,0
0.0282,0,0
0.0286,0,0
0.029,0,0
0.0294,0,0
0.0298,0,0
0.0302,0,0
0.0306,0,0
0.031,0,0
0.0314,0,0
0.0318,0,0
0.0322,0,0
0.0326,0,0
0.033,0,0
0.0334,0,0
0.0338,0,0
0.0342,0,0
0.0346,0,0
0.035,0.00589502,0.00590591
0.0354,0,0
0.0358,0,0
0.0362,0,0
0.0366,0,0
0.037,0,0
0.0374,0,0
0.0378,0,0
0.0382,0.00567485,0.00568497
0.0386,0,0
0.039,0,0
0.0394,0,0
0.0398,0,0
0.0402,0,0
0.0406,0,0
0.041,0,0
0.0414,0,0
0.0418,0,0
0.0422,0,0
0.0426,0.0053787,0.00538784
0.043,0,0
0.0434,0.0115375,0.00817317
0.0438,0,0
0.0442,0,0
0.0446,0,0
0.045,0,0
0.0454,0,0
0.0458,0.00586356,0.00587445
0.0462,0,0
0.0466,0,0
0.047,0,0
0.0474,0,0
0.0478,0.00585773,0.00586863
0.0482,0,0
0.0486,0.00213657,0.00359154
0.049,0,0
0.0494,0,0
0.0498,0,0
0.0502,0,0
0.0506,0,0
0.051,0,0
0.0514,0,0
0.0518,0,0
0.0522,0,0
0.0526,0,0
0.053,0,0
0.0534,0.00568308,0.00569341
0.0538,0,0
0.0542,0,0
0.0546,0,0
0.055,0,0
0.0554,0,0
0.0558,0,0
0.0562,0,0
0.0566,0,0
0.057,0,0
0.0574,0.00576796,0.00577866
0.0578,0,0
0.0582,0,0
0.0586,0,0
0.059,0,0
0.0594,0,0
0.0598,0,0
0.0602,0,0
0.0606,0,0
0.061,0,0
0.0614,0,0
0.0618,0,0
0.0622,0,0
0.0626,0.00591089,0.0059222
0.063,0,0
0.0634,0,0
0.0638,0,0
0.0642,0.00552848,0.0055384
0.0646,0,0
0.065,0,0
0.0654,0,0
0.0658,0,0
0.0662,0.00535706,0.00536639
0.0666,0,0
0.067,0,0
0.0674,0,0
0.0678,0,0
0.0682,0,0
0.0686,0,0
0.069,0,0
0.0694,0,0
0.0698,0,0
0.0702,0,0
0.0706,0,0
0.071,0,0
0.0714,0,0
0.0718,0.00555374,0.00556384
0.0722,0,0
0.0726,0,0
0.073,0,0
0.0734,0,0
0.0738,0,0
0.0742,0,0
0.0746,0,0
0.075,0,0
0.0754,0,0
0.0758,0,0
0.0762,0,0
0.0766,0,0
0.077,0,0
0.0774,0,0
0.0778,0,0
0.0782,0,0
0.0786,0.00569337,0.00570405
0.079,0,0
0.0794,0,0
0.0798,0,0
0.0802,0,0
0.0806,0,0
0.081,0.00544758,0.00545738
0.0814,0,0
0.0818,0,0
0.0822,0,0
0.0826,0,0
0.083,0,0
0.0834,0,0
0.0838,0,0
0.0842,0,0
0.0846,0,0
0.085,0.00583779,0.00584906
0.0854,0,0
0.0858,0,0
0.0862,0.00560847,0.00561889
0.0866,0,0
0.087,0.00563634,0.00564686
0.0874,0,0
0.0878,0,0
0.0882,0,0
0.0886,0,0
0.089,0.00549939,0.00550942
0.0894,0,0
0.0898,0,0
0.0902,0.00545736,0.00546723
0.0906,0.00559204,0.00560241
0.091,0,0
0.0914,0,0
0.0918,0.00527804,0.00528728
0.0922,0,0
0.0926,0,0
0.093,0.0118246,0.00837768
0.0934,0,0
0.0938,0,0
0.0942,0,0
0.0946,0,0
0.095,0,0
0.0954,0,0
0.0958,0,0
0.0962,0,0
0.0966,0,0
0.097,0,0
0.0974,0,0
0.0978,0.00567202,0.00568271
0.0982,0,0
0.0986,0,0
0.099,0,0
0.0994,0,0
0.0998,0,0
0.1002,0.00548043,0.00549041
0.1006,0,0
0.101,0,0
0.1014,0,0
0.1018,0,0
0.1022,0,0
0.1026,0,0
0.103,0,0
0.1034,0.00635876,0.00637218
0.1038,0,0
0.1042,0,0
0.1046,0,0
0.105,0,0
0.1054,0,0
0.1058,0,0
0.1062,0,0
0.1066,0,0
0.107,0,0
0.1074,0,0
0.1078,0,0
0.1082,0,0
0.1086,0.00463046,0.00554049
0.109,0,0
0.1094,0,0
0.1098,0,0
0.1102,0,0
0.1106,0,0
0.111,0,0
0.1114,0,0
0.1118,0.00304211,0.00459947
0.1122,0,0
0.1126,0,0
0.113,0,0
0.1134,0,0
0.1138,0.00360642,0.00553811
0.1142,0,0
0.1146,0,0
0.115,0,0
0.1154,0,0
0.1158,0,0
0.1162,0,0
0.1166,0,0
0.117,0.00832485,0.00834752
0.1174,0,0
0.1178,0,0
0.1182,0,0
0.1186,0.00855447,0.00857834
0.119,0,0
0.1194,0,0
0.1198,0,0
8
-0.1198,0,0
-0.1194,0,0
-0.119,0,0
-0.1186,0,0
-0.1182,0,0
-0.1178,0,0
-0.1174,0,0
-0.117,0,0
-0.1166,0,0
-0.1162,0.00386023,0.00386732
-0.1158,0,0
-0.1154,0,0
-0.115,0,0
-0.1146,0,0
-0.1142,0,0
-0.1138,0,0
-0.1134,0,0
-0.113,0,0
-0.1126,0,0
-0.1122,0,0
-0.1118,0,0
-0.1114,0.00424873,0.00425727
-0.111,0,0
-0.1106,0,0
-0.1102,0,0
-0.1098,0.00415057,0.0041587
-0.1094,0,0
-0.109,0,0
-0.1086,0,0
-0.1082,0,0
-0.1078,0,0
-0.1074,0.0039523,0.00395965
-0.107,0,0
-0.1066,0,0
-0.1062,0,0
-0.1058,0,0
-0.1054,0,0
-0.105,0.00419996,0.00420823
-0.1046,0,0
-0.1042,0,0
-0.1038,0.00428087,0.00428945
-0.1034,0,0
-0.103,0,0
-0.1026,0,0
-0.1022,0,0
-0.1018,0,0
-0.1014,0,0
-0.101,0,0
-0.1006,0,0
-0.1002,0.00434195,0.00435073
-0.0998,0,0
-0.0994,0,0
-0.099,0,0
-0.0986,0,0
-0.0982,0,0
-0.0978,0,0
-0.0974,0,0
-0.097,0,0
-0.0966,0,0
-0.0962,0,0
-0.0958,0,0
-0.0954,0,0
-0.095,0,0
-0.0946,0,0
-0.0942,0,0
-0.0938,0,0
-0.0934,0.00407535,0.00408301
-0.093,0,0
-0.0926,0,0
-0.0922,0,0
-0.0918,0,0
-0.0914,0.00427554,0.00428395
-0.091,0,0
-0.0906,0,0
-0.0902,0,0
-0.0898,0,0
-0.0894,0.00333367,0.00386201
-0.089,0,0
-0.0886,0,0
-0.0882,0,0
-0.0878,0,0
-0.0874,0,0
-0.087,0,0
-0.0866,0,0
-0.0862,0,0
-0.0858,0,0
-0.0854,0,0
-0.085,0.00462337,0.00463313
-0.0846,0,0
-0.0842,0,0
-0.0838,0,0
-0.0834,0,0
-0.083,0,0
-0.0826,0,0
-0.0822,0,0
-0.0818,0,0
-0.0814,0,0
-0.081,0,0
-0.0806,0,0
-0.0802,0.00419323,0.00420121
-0.0798,0,0
-0.0794,0,0
-0.079,0,0
-0.0786,0,0
-0.0782,0,0
-0.0778,0,0
-0.0774,0,0
-0.077,0,0
-0.0766,0,0
-0.0762,0,0
-0.0758,0,0
-0.0754,0,0
-0.075,0,0
-0.0746,0,0
-0.0742,0.00406677,0.00407423
-0.0738,0,0
-0.0734,0.00413062,0.00413832
-0.073,0,0
-0.0726,0,0
-0.0722,0,0
-0.0718,0.00424642,0.00425454
-0.0714,0,0
-0.071,0,0
-0.0706,0,0
-0.0702,0,0
-0.0698,0,0
-0.0694,0.00411933,0.00412696
-0.069,0,0
-0.0686,0,0
-0.0682,0,0
-0.0678,0,0
-0.0674,0,0
-0.067,0,0
-0.0666,0.00431394,0.0043223
-0.0662,0,0
-0.0658,0.00405838,0.00406577
-0.0654,0,0
-0.065,0,0
-0.0646,0,0
-0.0642,0.00440294,0.00441163
-0.0638,0,0
-0.0634,0.00454565,0.00455492
-0.063,0.0043825,0.00439111
-0.0626,0.00476491,0.00477509
-0.0622,0,0
-0.0618,0,0
-0.0614,0,0
-0.061,0,0
-0.0606,0,0
-0.0602,0,0
-0.0598,0.00421821,0.00422618
-0.0594,0,0
-0.059,0,0
-0.0586,0,0
-0.0582,0,0
-0.0578,0,0
-0.0574,0,0
-0.057,0,0
-0.0566,0,0
-0.0562,0,0
-0.0558,0,0
-0.0554,0,0
-0.055,0,0
-0.0546,0,0
-0.0542,0,0
-0.0538,0,0
-0.0534,0.00407664,0.00408408
-0.053,0,0
-0.0526,0,0
-0.0522,0,0
-0.0518,0,0
-0.0514,0.00433209,0.00434049
-0.051,0,0
-0.0506,0.00870363,0.00603911
-0.0502,0.00412987,0.0041375
-0.0498,0,0
-0.0494,0,0
-0.049,0,0
-0.0486,0,0
-0.0482,0,0
-0.0478,0,0
-0.0474,0,0
-0.047,0,0
-0.0466,0,0
-0.0462,0,0
-0.0458,0,0
-0.0454,0,0
-0.045,0,0
-0.0446,0.00455045,0.00455972
-0.0442,0,0
-0.0438,0,0
-0.0434,0,0
-0.043,0,0
-0.0426,0,0
-0.0422,0,0
-0.0418,0,0
-0.0414,0,0
-0.041,0,0
-0.0406,0,0
-0.0402,0,0
-0.0398,0.00405955,0.00406692
-0.0394,0,0
-0.039,0,0
-0.0386,0,0
-0.0382,0,0
-0.0378,0,0
-0.0374,0.00401044,0.00401763
-0.037,0,0
-0.0366,0,0
-0.0362,0,0
-0.0358,0,0
-0.0354,0,0
-0.035,0.0041697,0.00417746
-0.0346,0,0
-0.0342,0,0
-0.0338,0,0
-0.0334,0,0
-0.033,0,0
-0.0326,0.00356063,0.00356629
-0.0322,0,0
-0.0318,0.0115548,0.00668265
-0.0314,0,0
-0.031,0,0
-0.0306,0,0
-0.0302,0.00419956,0.00420742
-0.0298,0,0
-0.0294,0,0
-0.029,0,0
-0.0286,0,0
-0.0282,0.0126921,0.00734164
-0.0278,0,0
-0.0274,0,0
-0.027,0.0135961,0.00786563
-0.0266,0,0
-0.0262,0.00374324,0.00374948
-0.0258,0,0
-0.0254,0,0
-0.025,0,0
-0.0246,0,0
-0.0242,0.00412179,0.00412935
-0.0238,0,0
-0.0234,0,0
-0.023,0.00417236,0.00418011
-0.0226,0,0
-0.0222,0,0
-0.0218,0,0
-0.0214,0,0
-0.021,0,0
-0.0206,0,0
-0.0202,0.00442537,0.00443408
-0.0198,0,0
-0.0194,0,0
-0.019,0,0
-0.0186,0.00240292,0.00327868
-0.0182,0.00452763,0.00453673
-0.0178,0.00122867,0.00226661
-0.0174,0,0
-0.017,0,0
-0.0166,0,0
-0.0162,0,0
-0.0158,0,0
-0.0154,0.00662369,0.00538934
-0.015,0,0
-0.0146,0,0
-0.0142,0,0
-0.0138,0,0
-0.0134,0,0
-0.013,0,0
-0.0126,0.00450033,0.0045093
-0.0122,0.00797896,0.00598011
-0.0118,0,0
-0.0114,0,0
-0.011,0,0
-0.0106,0.00386584,0.00387246
-0.0102,0.00169004,0.00252604
-0.0098,0,0
-0.0094,0.00421338,0.00422123
-0.009,0,0
-0.0086,0,0
-0.0082,0,0
-0.0078,0,0
-0.0074,0,0
-0.007,0.00415996,0.0041676
-0.0066,0,0
-0.0062,0.00426011,0.00426812
-0.0058,0,0
-0.0054,0.0164535,0.00824631
-0.005,0.00851289,0.00603083
-0.0046,0.0115107,0.00668243
-0.0042,0.0234997,0.00968481
-0.0038,0.024335,0.010393
-0.0034,0.0459437,0.0141605
-0.003,0.0745355,0.0181139
-0.0026,0.0824101,0.0187032
-0.0022,0.168459,0.0268423
-0.0018,0.208739,0.0301026
-0.0014,0.404072,0.0408538
-0.001,0.53294,0.0473374
-0.0006,0.643893,0.0513208
-0.0002,0.752426,0.0571149
0.0002,0.801673,0.0590773
0.0006,0.665985,0.0536887
0.001,0.651344,0.0536423
0.0014,0.385856,0.0402031
0.0018,0.236663,0.0319965
0.0022,0.196866,0.0292185
0.0026,0.132566,0.0236527
0.003,0.104705,0.0210243
0.0034,0.055595,0.0155173
0.0038,0.0225558,0.0101084
0.0042,0.0171084,0.00857764
0.0046,0.012126,0.00701545
0.005,0.00812262,0.00575379
0.0054,0.00853936,0.00604955
0.0058,0.026312,0.0103806
0.0062,0.00850319,0.00602391
0.0066,0.0273156,0.0107912
0.007,0.0234948,0.0101108
0.0074,0.0049544,0.00449634
0.0078,0.0131757,0.00762169
0.0082,0.00436618,0.00437452
0.0086,0.00403203,0.00403914
0.009,0.00421202,0.00421978
0.0094,0.00242821,0.0032043
0.0098,0,0
0.0102,0.00589031,0.00497394
0.0106,0,0
0.011,0.00853792,0.00604849
0.0114,0,0
0.0118,0.00437147,0.00437982
0.0122,0.00430089,0.00430896
0.0126,0,0
0.013,0,0
0.0134,0.00441713,0.00442564
0.0138,0,0
0.0142,0,0
0.0146,0,0
0.015,0,0
0.0154,0,0
0.0158,0.00804468,0.00569843
0.0162,0,0
0.0166,0,0
0.017,0,0
0.0174,0,0
0.0178,0,0
0.0182,0,0
0.0186,0.00403622,0.00404331
0.019,0,0
0.0194,0,0
0.0198,0,0
0.0202,0.00392361,0.0039303
0.0206,0,0
0.021,0,0
0.0214,0.00444031,0.00444888
0.0218,0,0
0.0222,0,0
0.0226,0,0
0.023,0,0
0.0234,0,0
0.0238,0,0
0.0242,0,0
0.0246,0.00397182,0.00397867
0.025,0,0
0.0254,0,0
0.0258,0.00425606,0.00426391
0.0262,0.00430857,0.00431661
0.0266,0,0
0.027,0,0
0.0274,0,0
0.0278,0.00407009,0.00407726
0.0282,0,0
0.0286,0,0
0.029,0,0
0.0294,0,0
0.0298,0,0
0.0302,0,0
0.0306,0,0
0.031,0.00817787,0.00579286
0.0314,0.00872109,0.00617838
0.0318,0.00419257,0.00420017
0.0322,0,0
0.0326,0.00443131,0.0044398
0.033,0,0
0.0334,0,0
0.0338,0,0
0.0342,0,0
0.0346,0,0
0.035,0,0
0.0354,0,0
0.0358,0.00872543,0.00618143
0.0362,0,0
0.0366,0,0
0.037,0.00107139,0.00213508
0.0374,0,0
0.0378,0,0
0.0382,0,0
0.0386,0,0
0.039,0,0
0.0394,0.00437871,0.00438697
0.0398,0,0
0.0402,0,0
0.0406,0.00385406,0.00386045
0.041,0,0
0.0414,0,0
0.0418,0,0
0.0422,0.00414812,0.00415552
0.0426,0,0
0.043,0,0
0.0434,0,0
0.0438,0,0
0.0442,0,0
0.0446,0,0
0.045,0,0
0.0454,0,0
0.0458,0,0
0.0462,0,0
0.0466,0,0
0.047,0,0
0.0474,0,0
0.0478,0.00433785,0.00434592
0.0482,0,0
0.0486,0,0
0.049,0,0
0.0494,0,0
0.0498,0,0
0.0502,0,0
0.0506,0,0
0.051,0,0
0.0514,0.00414067,0.00414801
0.0518,0,0
0.0522,0,0
0.0526,0,0
0.053,0,0
0.0534,0,0
0.0538,0,0
0.0542,0.00387528,0.00388168
0.0546,0,0
0.055,0,0
0.0554,0.00411878,0.004126
0.0558,0,0
0.0562,0.00434919,0.00435724
0.0566,0,0
0.057,0,0
0.0574,0,0
0.0578,0.00423547,0.00424309
0.0582,0,0
0.0586,0,0
0.059,0,0
0.0594,0,0
0.0598,0,0
0.0602,0,0
0.0606,0,0
0.061,0,0
0.0614,0,0
0.0618,0,0
0.0622,0,0
0.0626,0,0
0.063,0,0
0.0634,0,0
0.0638,0,0
0.0642,0,0
0.0646,0,0
0.065,0,0
0.0654,0,0
0.0658,0.00439114,0.00439924
0.0662,0,0
0.0666,0.00457584,0.00458463
0.067,0,0
0.0674,0,0
0.0678,0,0
0.0682,0.00866878,0.00614089
0.0686,0,0
0.069,0,0
0.0694,0,0
0.0698,0,0
0.0702,0,0
0.0706,0,0
0.071,0,0
0.0714,0.00222207,0.00316846
0.0718,0,0
0.0722,0,0
0.0726,0,0
0.073,0,0
0.0734,0,0
0.0738,0,0
0.0742,0,0
0.0746,0.00439166,0.00439966
0.075,0,0
0.0754,0,0
0.0758,0,0
0.0762,0,0
0.0766,0.00437402,0.00438195
0.077,0.00410109,0.00410805
0.0774,0,0
0.0778,0,0
0.0782,0.00433155,0.0043393
0.0786,0,0
0.079,0,0
0.0794,0,0
0.0798,0.00392692,0.00393328
0.0802,0,0
0.0806,0,0
0.081,0,0
0.0814,0,0
0.0818,0,0
0.0822,0,0
0.0826,0.00398897,0.00399551
0.083,0,0
0.0834,0,0
0.0838,0.00454861,0.0045571
0.0842,0,0
0.0846,0,0
0.085,0,0
0.0854,0,0
0.0858,0,0
0.0862,0.00413608,0.00414309
0.0866,0,0
0.087,0.00456218,0.00457069
0.0874,0,0
0.0878,0,0
0.0882,0,0
0.0886,0,0
0.089,0,0
0.0894,0,0
0.0898,0,0
0.0902,0,0
0.0906,0.00455089,0.00455933
0.091,0,0
0.0914,0,0
0.0918,0,0
0.0922,0,0
0.0926,0.000453112,0.00145874
0.093,0,0
0.0934,0,0
0.0938,0,0
0.0942,0,0
0.0946,0,0
0.095,0,0
0.0954,0,0
0.0958,0,0
0.0962,0.00470826,0.00471724
0.0966,0,0
0.097,0,0
0.0974,0,0
0.0978,0,0
0.0982,0,0
0.0986,0,0
0.099,0,0
0.0994,0,0
0.0998,0,0
0.1002,0,0
0.1006,0,0
0.101,0,0
0.1014,0,0
0.1018,0,0
0.1022,0,0
0.1026,0.00486524,0.0048748
0.103,0,0
0.1034,0,0
0.1038,0,0
0.1042,0,0
0.1046,0,0
0.105,0,0
0.1054,0,0
0.1058,0,0
0.1062,0,0
0.1066,0.0054303,0.00544218
0.107,0,0
0.1074,0,0
0.1078,0,0
0.1082,0,0
0.1086,0.00161911,0.00297013
0.109,0,0
0.1094,0,0
0.1098,0,0
0.1102,0.00601105,0.0060256
0.1106,0,0
0.111,0,0
0.1114,0,0
0.1118,0.00317972,0.00425671
0.1122,0,0
0.1126,0.00644398,0.00646069
0.113,0,0
0.1134,0,0
0.1138,0.00396337,0.00524777
0.1142,0,0
0.1146,0,0
0.115,0.0132162,0.00937014
0.1154,0.00740112,0.00742317
0.1158,0,0
0.1162,0,0
0.1166,0,0
0.117,0,0
0.1174,0,0
0.1178,0,0
0.1182,0.00688384,0.00690293
0.1186,0,0
0.119,0,0
0.1194,0,0
0.1198,0,0
9
-0.1198,0,0
-0.1194,0,0
-0.119,0,0
-0.1186,0,0
-0.1182,0,0
-0.1178,0,0
-0.1174,0,0
-0.117,0,0
-0.1166,0,0
-0.1162,0,0
-0.1158,0,0
-0.1154,0,0
-0.115,0,0
-0.1146,0,0
-0.1142,0,0
-0.1138,0,0
-0.1134,0.00374263,0.00374956
-0.113,0,0
-0.1126,0,0
-0.1122,0.00390807,0.00391563
-0.1118,0.00400394,0.00401189
-0.1114,0,0
-0.111,0,0
-0.1106,0,0
-0.1102,0,0
-0.1098,0,0
-0.1094,0,0
-0.109,0,0
-0.1086,0,0
-0.1082,0,0
-0.1078,0,0
-0.1074,0,0
-0.107,0,0
-0.1066,0,0
-0.1062,0,0
-0.1058,0,0
-0.1054,0,0
-0.105,0,0
-0.1046,0,0
-0.1042,0,0
-0.1038,0,0
-0.1034,0,0
-0.103,0,0
-0.1026,0,0
-0.1022,0.00396027,0.00396816
-0.1018,0,0
-0.1014,0,0
-0.101,0,0
-0.1006,0,0
-0.1002,0,0
-0.0998,0,0
-0.0994,0,0
-0.099,0,0
-0.0986,0,0
-0.0982,0,0
-0.0978,0,0
-0.0974,0,0
-0.097,0.00363504,0.00364175
-0.0966,0,0
-0.0962,0,0
-0.0958,0,0
-0.0954,0,0
-0.095,0,0
-0.0946,0,0
-0.0942,0,0
-0.0938,0,0
-0.0934,0.00368409,0.00369101
-0.093,0,0
-0.0926,0,0
-0.0922,0,0
-0.0918,0,0
-0.0914,0,0
-0.091,0,0
-0.0906,0,0
-0.0902,0.00407789,0.00408641
-0.0898,0.00407583,0.00408434
-0.0894,0.00100452,0.00200575
-0.089,0,0
-0.0886,0,0
-0.0882,0.00370176,0.00370879
-0.0878,0,0
-0.0874,0,0
-0.087,0,0
-0.0866,0,0
-0.0862,0,0
-0.0858,0.00412222,0.00413097
-0.0854,0,0
-0.085,0,0
-0.0846,0.00351938,0.00352576
-0.0842,0,0
-0.0838,0.00365459,0.00366148
-0.0834,0,0
-0.083,0,0
-0.0826,0,0
-0.0822,0,0
-0.0818,0,0
-0.0814,0,0
-0.081,0,0
-0.0806,0,0
-0.0802,0,0
-0.0798,0,0
-0.0794,0,0
-0.079,0.00386805,0.00387581
-0.0786,0,0
-0.0782,0,0
-0.0778,0,0
-0.0774,0,0
-0.077,0,0
-0.0766,0,0
-0.0762,0,0
-0.0758,0,0
-0.0754,0.00346412,0.00347037
-0.075,0,0
-0.0746,0,0
-0.0742,0,0
-0.0738,0.00342417,0.00343028
-0.0734,0,0
-0.073,0,0
-0.0726,0,0
-0.0722,0,0
-0.0718,0,0
-0.0714,0,0
-0.071,0.00391238,0.00392038
-0.0706,0,0
-0.0702,0.00375363,0.00376099
-0.0698,0,0
-0.0694,0,0
-0.069,0.00357117,0.00357784
-0.0686,0,0
-0.0682,0.00350252,0.00350894
-0.0678,0,0
-0.0674,0,0
-0.067,0,0
-0.0666,0,0
-0.0662,0,0
-0.0658,0,0
-0.0654,0,0
-0.065,0,0
-0.0646,0,0
-0.0642,0,0
-0.0638,0,0
-0.0634,0,0
-0.063,0,0
-0.0626,0,0
-0.0622,0.00406312,0.00407181
-0.0618,0,0
-0.0614,0,0
-0.061,0.00695697,0.00492834
-0.0606,0,0
-0.0602,0.0034499,0.00345617
-0.0598,0.00413315,0.00414215
-0.0594,0,0
-0.059,0,0
-0.0586,0.00349154,0.00349797
-0.0582,0,0
-0.0578,0.00361582,0.00362273
-0.0574,0.00698566,0.00494872
-0.057,0,0
-0.0566,0,0
-0.0562,0,0
-0.0558,0,0
-0.0554,0,0
-0.055,0.00361864,0.00362557
-0.0546,0.00321024,0.00321569
-0.0542,0.00735321,0.00520963
-0.0538,0,0
-0.0534,0,0
-0.053,0,0
-0.0526,0,0
-0.0522,0.00316067,0.00316596
-0.0518,0,0
-0.0514,0,0
-0.051,0,0
-0.0506,0,0
-0.0502,0,0
-0.0498,0,0
-0.0494,0.00335458,0.00336055
-0.049,0,0
-0.0486,0,0
-0.0482,0,0
-0.0478,0.00741291,0.00525389
-0.0474,0,0
-0.047,0,0
-0.0466,0,0
-0.0462,0,0
-0.0458,0.00355674,0.00356348
-0.0454,0,0
-0.045,0.00390189,0.00390999
-0.0446,0,0
-0.0442,0,0
-0.0438,0,0
-0.0434,0,0
-0.043,0,0
-0.0426,0.00363896,0.00364602
-0.0422,0,0
-0.0418,0,0
-0.0414,0,0
-0.041,0,0
-0.0406,0,0
-0.0402,0,0
-0.0398,0,0
-0.0394,0.00363986,0.00364696
-0.039,0,0
-0.0386,0.00329125,0.00329706
-0.0382,0.00380139,0.00380914
-0.0378,0.0067511,0.0047824
-0.0374,0,0
-0.037,0,0
-0.0366,0,0
-0.0362,0.00335044,0.00335647
-0.0358,0,0
-0.0354,0.003477,0.0034835
-0.035,0,0
-0.0346,0.00703174,0.00498234
-0.0342,0,0
-0.0338,0,0
-0.0334,0,0
-0.033,0.00347645,0.00348297
-0.0326,0,0
-0.0322,0.00334825,0.0033543
-0.0318,0,0
-0.0314,0.00365766,0.00366489
-0.031,0,0
-0.0306,0,0
-0.0302,0.0103775,0.0060027
-0.0298,0,0
-0.0294,0,0
-0.029,0.0032769,0.00328272
-0.0286,0.00330644,0.00331237
-0.0282,0,0
-0.0278,0.00377368,0.0037814
-0.0274,0.00724589,0.0051337
-0.027,0,0
-0.0266,0,0
-0.0262,0.00306592,0.00307103
-0.0258,0,0
-0.0254,0.00667967,0.00473571
-0.025,0,0
-0.0246,0,0
-0.0242,0,0
-0.0238,0,0
-0.0234,0.00655668,0.00464545
-0.023,0,0
-0.0226,0,0
-0.0222,0,0
-0.0218,0,0
-0.0214,0.00350237,0.00350907
-0.021,0,0
-0.0206,0,0
-0.0202,0.00333445,0.00334053
-0.0198,0.00313824,0.00314364
-0.0194,0.00343031,0.00343676
-0.019,0,0
-0.0186,0,0
-0.0182,0.00708845,0.00502205
-0.0178,0.00237519,0.00283391
-0.0174,0,0
-0.017,0.00332923,0.00333532
-0.0166,0,0
-0.0162,0,0
-0.0158,0.0064416,0.00456299
-0.0154,0.00362489,0.00363213
-0.015,0,0
-0.0146,0,0
-0.0142,0,0
-0.0138,0.00704198,0.00499123
-0.0134,0,0
-0.013,0.00348802,0.00349475
-0.0126,0.00360645,0.00361364
-0.0122,0.00714951,0.00506547
-0.0118,0.00641428,0.00454495
-0.0114,0.00969937,0.0056103
-0.011,0.00641397,0.00454343
-0.0106,0.0100457,0.0058197
-0.0102,0.00300079,0.00300578
-0.0098,0.0031499,0.00315541
-0.0094,0.0097893,0.00566656
-0.009,0,0
-0.0086,0.00343828,0.00344486
-0.0082,0.0239197,0.00905946
-0.0078,0.00995967,0.00576123
-0.0074,0.0225554,0.00854154
-0.007,0.022666,0.00858423
-0.0066,0.0132589,0.00664179
-0.0062,0.013465,0.00674517
-0.0058,0.0168212,0.00753684
-0.0054,0.0452386,0.0121192
-0.005,0.0165651,0.00742453
-0.0046,0.0156122,0.00698383
-0.0042,0.0194679,0.00797186
-0.0038,0.0278174,0.00985421
-0.0034,0.0425099,0.0120821
-0.003,0.0583078,0.0141703
-0.0026,0.0713203,0.0154341
-0.0022,0.124805,0.0204571
-0.0018,0.231332,0.0280083
-0.0014,0.325564,0.0324711
-0.001,0.583797,0.0438323
-0.0006,0.634656,0.0450348
-0.0002,0.78139,0.051471
0.0002,0.780295,0.051526
0.0006,0.597407,0.0449263
0.001,0.447103,0.0392654
0.0014,0.263507,0.029252
0.0018,0.140276,0.0217504
0.0022,0.0951029,0.0179432
0.0026,0.0811611,0.0163185
0.003,0.0522892,0.0130968
0.0034,0.0270715,0.00959269
0.0038,0.0245921,0.0093142
0.0042,0.0259424,0.00919988
0.0046,0.016063,0.0071981
0.005,0.012788,0.00640624
0.0054,0.0132404,0.00663261
0.0058,0.0217147,0.00825235
0.0062,0.0132162,0.00662048
0.0066,0.0182891,0.00776471
0.007,0.0322736,0.0104507
0.0074,0.00942862,0.00545332
0.0078,0.00340288,0.00340944
0.0082,0.0101718,0.00588404
0.0086,0.00990939,0.00573679
0.009,0.00649619,0.00460197
0.0094,0.00752206,0.00484136
0.0098,0,0
0.0102,0,0
0.0106,0,0
0.011,0,0
0.0114,0.00327303,0.00327911
0.0118,0.00335756,0.00336397
0.0122,0.00330142,0.00330762
0.0126,0.00374131,0.00374927
0.013,0.00306225,0.00306759
0.0134,0.0098319,0.00569327
0.0138,0,0
0.0142,0.0034183,0.00342495
0.0146,0.00323148,0.00323743
0.015,0,0
0.0154,0,0
0.0158,0.00659435,0.00467168
0.0162,0.00330415,0.00331037
0.0166,0.00315119,0.00315686
0.017,0,0
0.0174,0,0
0.0178,0.0100357,0.00580518
0.0182,0,0
0.0186,0.00307229,0.00307769
0.019,0,0
0.0194,0.0035327,0.00353984
0.0198,0,0
0.0202,0.00317757,0.00318335
0.0206,0.00297991,0.00298499
0.021,0,0
0.0214,0.00336817,0.00337467
0.0218,0.00344724,0.00345405
0.0222,0,0
0.0226,0.00340654,0.00341319
0.023,0.00315863,0.00316435
0.0234,0,0
0.0238,0.00362298,0.00363051
0.0242,0.00295963,0.00296465
0.0246,0.00306083,0.00306621
0.025,0.00300087,0.00300604
0.0254,0,0
0.0258,0,0
0.0262,0.00649967,0.00460454
0.0266,0.00312114,0.00312674
0.027,0.00323858,0.0032446
0.0274,0.00318605,0.00319189
0.0278,0,0
0.0282,0,0
0.0286,0,0
0.029,0,0
0.0294,0,0
0.0298,0.00934704,0.00540621
0.0302,0,0
0.0306,0.00718805,0.00509325
0.031,0,0
0.0314,0,0
0.0318,0.00334325,0.00334969
0.0322,0,0
0.0326,0.0132772,0.00665132
0.033,0.00331854,0.00332489
0.0334,0,0
0.0338,0.00285317,0.00285787
0.0342,0.00311366,0.00311926
0.0346,0,0
0.035,0,0
0.0354,0.005999,0.0042499
0.0358,0.00325703,0.00326316
0.0362,0.00626471,0.00443785
0.0366,0.0031359,0.00314158
0.037,0.00236219,0.00273759
0.0374,0.00623398,0.00441647
0.0378,0,0
0.0382,0,0
0.0386,0,0
0.039,0.00360429,0.00361181
0.0394,0,0
0.0398,0,0
0.0402,0.00319034,0.00319624
0.0406,0,0
0.041,0,0
0.0414,0,0
0.0418,0.00311591,0.00312154
0.0422,0,0
0.0426,0,0
0.043,0.00306131,0.00306675
0.0434,0.00314353,0.00314926
0.0438,0,0
0.0442,0,0
0.0446,0,0
0.045,0.00882496,0.00510926
0.0454,0.00313281,0.0031385
0.0458,0,0
0.0462,0,0
0.0466,0,0
0.047,0,0
0.0474,0,0
0.0478,0,0
0.0482,0.00297686,0.00298201
0.0486,0.00328891,0.0032952
0.049,0,0
0.0494,0,0
0.0498,0,0
0.0502,0,0
0.0506,0.00323737,0.00324347
0.051,0,0
0.0514,0,0
0.0518,0,0
0.0522,0,0
0.0526,0.00615717,0.00436159
0.053,0,0
0.0534,0,0
0.0538,0,0
0.0542,0.00293606,0.00294109
0.0546,0.00600311,0.00425228
0.055,0.00286482,0.00286961
0.0554,0,0
0.0558,0,0
0.0562,0,0
0.0566,0,0
0.057,0,0
0.0574,0,0
0.0578,0.00613942,0.00434903
0.0582,0,0
0.0586,0,0
0.059,0,0
0.0594,0.00282424,0.00282891
0.0598,0.00295813,0.00296325
0.0602,0.00303498,0.00304037
0.0606,0,0
0.061,0,0
0.0614,0,0
0.0618,0,0
0.0622,0.00333324,0.00333976
0.0626,0.00325534,0.00326156
0.063,0.00284796,0.00285272
0.0634,0,0
0.0638,0,0
0.0642,0,0
0.0646,0.00297757,0.00298279
0.065,0,0
0.0654,0,0
0.0658,0,0
0.0662,0.00295511,0.00296026
0.0666,0,0
0.067,0,0
0.0674,0.00595164,0.00421584
0.0678,0,0
0.0682,0.00307493,0.00308051
0.0686,0,0
0.069,0,0
0.0694,0,0
0.0698,0,0
0.0702,0,0
0.0706,0.00287421,0.0028791
0.071,0,0
0.0714,0.00794044,0.00502506
0.0718,0,0
0.0722,0,0
0.0726,0.00304633,0.00305183
0.073,0,0
0.0734,0.0030671,0.00307268
0.0738,0,0
0.0742,0.00295611,0.0029613
0.0746,0,0
0.075,0.00613308,0.00434465
0.0754,0,0
0.0758,0.00306833,0.00307393
0.0762,0.00306705,0.00307265
0.0766,0,0
0.077,0.00312733,0.00313315
0.0774,0,0
0.0778,0.00300209,0.00300747
0.0782,0.00600147,0.00425128
0.0786,0.00942896,0.00545403
0.079,0.00605672,0.00429351
0.0794,0.00275919,0.00276373
0.0798,0,0
0.0802,0.00543994,0.00385287
0.0806,0.00271881,0.00272323
0.081,0,0
0.0814,0,0
0.0818,0,0
0.0822,0,0
0.0826,0,0
0.083,0,0
0.0834,0,0
0.0838,0,0
0.0842,0,0
0.0846,0.00316595,0.00317197
0.085,0.00321233,0.00321853
0.0854,0.00921114,0.00532789
0.0858,0.00306779,0.00307346
0.0862,0.00616744,0.00436914
0.0866,0,0
0.087,0,0
0.0874,0,0
0.0878,0.00624458,0.0044239
0.0882,0.00330578,0.00331237
0.0886,0,0
0.089,0.00585693,0.00415082
0.0894,0.00301878,0.00302428
0.0898,0,0
0.0902,0,0
0.0906,0,0
0.091,0,0
0.0914,0,0
0.0918,0,0
0.0922,0,0
0.0926,0.00283926,0.0029933
0.093,0,0
0.0934,0.00313444,0.00314038
0.0938,0,0
0.0942,0,0
0.0946,0,0
0.095,0.00292287,0.00292804
0.0954,0.00294984,0.00295511
0.0958,0.00314792,0.00315392
0.0962,0.00331024,0.00331687
0.0966,0,0
0.097,0,0
0.0974,0,0
0.0978,0,0
0.0982,0.00310798,0.00311383
0.0986,0,0
0.099,0.00345326,0.00346048
0.0994,0.00661269,0.00468526
0.0998,0.0031833,0.00318944
0.1002,0.00318323,0.00318937
0.1006,0,0
0.101,0,0
0.1014,0,0
0.1018,0.0035375,0.00354508
0.1022,0,0
0.1026,0,0
0.103,0,0
0.1034,0,0
0.1038,0.00348136,0.00348871
0.1042,0,0
0.1046,0,0
0.105,0,0
0.1054,0.00361738,0.00362532
0.1058,0,0
0.1062,0,0
0.1066,0.00359053,0.00359835
0.107,0.00431877,0.00433009
0.1074,0,0
0.1078,0.00874209,0.00619799
0.1082,0,0
0.1086,0,0
0.109,0,0
0.1094,0,0
0.1098,0,0
0.1102,0,0
0.1106,0,0
0.111,0.00412252,0.00413284
0.1114,0,0
0.1118,0,0
0.1122,0,0
0.1126,0,0
0.113,0,0
0.1134,0,0
0.1138,0.00458029,0.00459302
0.1142,0.00426613,0.00427718
0.1146,0.0043003,0.00431153
0.115,0,0
0.1154,0,0
0.1158,0,0
0.1162,0.0198089,0.00993565
0.1166,0.0145153,0.00840549
0.117,0,0
0.1174,0.00463582,0.00464888
0.1178,0.00458826,0.00460106
0.1182,0.00456183,0.00457448
0.1186,0,0
0.119,0,0
0.1194,0.00483106,0.00484525
0.1198,0,0
