# X , Y , E Distribution=true
1
-0.1198,0,0
-0.1194,0,0
-0.119,0,0
-0.1186,0,0
-0.1182,0,0
-0.1178,0,0
-0.1174,0,0
-0.117,0,0
-0.1166,0,0
-0.1162,0,0
-0.1158,0,0
-0.1154,0,0
-0.115,0,0
-0.1146,0,0
-0.1142,0,0
-0.1138,0,0
-0.1134,0,0
-0.113,0,0
-0.1126,0,0
-0.1122,0,0
-0.1118,0,0
-0.1114,0,0
-0.111,0,0
-0.1106,0,0
-0.1102,0,0
-0.1098,0.0121253,0.0121473
-0.1094,0,0
-0.109,0,0
-0.1086,0,0
-0.1082,0,0
-0.1078,0,0
-0.1074,0,0
-0.107,0,0
-0.1066,0,0
-0.1062,0.00600077,0.00914382
-0.1058,0,0
-0.1054,0,0
-0.105,0,0
-0.1046,0.0120415,0.0120631
-0.1042,0,0
-0.1038,0,0
-0.1034,0,0
-0.103,0,0
-0.1026,0,0
-0.1022,0,0
-0.1018,0,0
-0.1014,0,0
-0.101,0,0
-0.1006,0,0
-0.1002,0,0
-0.0998,0,0
-0.0994,0,0
-0.099,0,0
-0.0986,0,0
-0.0982,0,0
-0.0978,0,0
-0.0974,0,0
-0.097,0,0
-0.0966,0,0
-0.0962,0,0
-0.0958,0,0
-0.0954,0,0
-0.095,0,0
-0.0946,0,0
-0.0942,0.0130943,0.0131197
-0.0938,0,0
-0.0934,0,0
-0.093,0,0
-0.0926,0,0
-0.0922,0,0
-0.0918,0,0
-0.0914,0,0
-0.091,0.0130502,0.0130755
-0.0906,0,0
-0.0902,0.0133641,0.0133906
-0.0898,0,0
-0.0894,0,0
-0.089,0,0
-0.0886,0,0
-0.0882,0,0
-0.0878,0,0
-0.0874,0.010148,0.0113465
-0.087,0.0129101,0.0129347
-0.0866,0,0
-0.0862,0,0
-0.0858,0.0129741,0.0129989
-0.0854,0,0
-0.085,0,0
-0.0846,0,0
-0.0842,0,0
-0.0838,0,0
-0.0834,0,0
-0.083,0,0
-0.0826,0,0
-0.0822,0,0
-0.0818,0,0
-0.0814,0,0
-0.081,0,0
-0.0806,0,0
-0.0802,0,0
-0.0798,0,0
-0.0794,0,0
-0.079,0,0
-0.0786,0,0
-0.0782,0,0
-0.0778,0,0
-0.0774,0,0
-0.077,0.0123756,0.0123982
-0.0766,0,0
-0.0762,0,0
-0.0758,0,0
-0.0754,0,0
-0.075,0,0
-0.0746,0,0
-0.0742,0,0
-0.0738,0,0
-0.0734,0,0
-0.073,0,0
-0.0726,0,0
-0.0722,0,0
-0.0718,0,0
-0.0714,0,0
-0.071,0,0
-0.0706,0,0
-0.0702,0,0
-0.0698,0,0
-0.0694,0,0
-0.069,0,0
-0.0686,0,0
-0.0682,0,0
-0.0678,0,0
-0.0674,0.0129262,0.0129507
-0.067,0,0
-0.0666,0,0
-0.0662,0,0
-0.0658,0,0
-0.0654,0,0
-0.065,0,0
-0.0646,0,0
-0.0642,0,0
-0.0638,0,0
-0.0634,0,0
-0.063,0,0
-0.0626,0.0199455,0.0160263
-0.0622,0,0
-0.0618,0,0
-0.0614,0,0
-0.061,0,0
-0.0606,0,0
-0.0602,0,0
-0.0598,0.0113344,0.0113532
-0.0594,0,0
-0.059,0.0140206,0.0140493
-0.0586,0,0
-0.0582,0,0
-0.0578,0.00894642,0.0110675
-0.0574,0.0133177,0.0133436
-0.057,0,0
-0.0566,0,0
-0.0562,0,0
-0.0558,0.0130354,0.0130602
-0.0554,0,0
-0.055,0,0
-0.0546,0,0
-0.0542,0.0126184,0.0126416
-0.0538,0,0
-0.0534,0,0
-0.053,0,0
-0.0526,0,0
-0.0522,0,0
-0.0518,0,0
-0.0514,0,0
-0.051,0,0
-0.0506,0,0
-0.0502,0,0
-0.0498,0,0
-0.0494,0,0
-0.049,0,0
-0.0486,0,0
-0.0482,0.0120339,0.0120549
-0.0478,0,0
-0.0474,0,0
-0.047,0,0
-0.0466,0,0
-0.0462,0,0
-0.0458,0,0
-0.0454,0,0
-0.045,0,0
-0.0446,0,0
-0.0442,0,0
-0.0438,0,0
-0.0434,0,0
-0.043,0,0
-0.0426,0,0
-0.0422,0,0
-0.0418,0,0
-0.0414,0,0
-0.041,0,0
-0.0406,0,0
-0.0402,0,0
-0.0398,0,0
-0.0394,0,0
-0.039,0,0
-0.0386,0,0
-0.0382,0,0
-0.0378,0,0
-0.0374,0,0
-0.037,0.017828,0.0151749
-0.0366,0,0
-0.0362,0,0
-0.0358,0,0
-0.0354,0,0
-0.035,0,0
-0.0346,0,0
-0.0342,0,0
-0.0338,0,0
-0.0334,0,0
-0.033,0,0
-0.0326,0,0
-0.0322,0,0
-0.0318,0,0
-0.0314,0,0
-0.031,0,0
-0.0306,0,0
-0.0302,0,0
-0.0298,0.0136046,0.0136313
-0.0294,0,0
-0.029,0,0
-0.0286,0.0123397,0.0123616
-0.0282,0,0
-0.0278,0,0
-0.0274,0,0
-0.027,0,0
-0.0266,0,0
-0.0262,0.0128174,0.012841
-0.0258,0,0
-0.0254,0,0
-0.025,0,0
-0.0246,0.0137176,0.0137446
-0.0242,0,0
-0.0238,0,0
-0.0234,0,0
-0.023,0.0121363,0.0121574
-0.0226,0.0132193,0.0132444
-0.0222,0,0
-0.0218,0,0
-0.0214,0,0
-0.021,0,0
-0.0206,0,0
-0.0202,0,0
-0.0198,0,0
-0.0194,0,0
-0.019,0,0
-0.0186,0.0109033,0.0121748
-0.0182,0,0
-0.0178,0,0
-0.0174,0,0
-0.017,0,0
-0.0166,0,0
-0.0162,0,0
-0.0158,0,0
-0.0154,0,0
-0.015,0.0231789,0.0174236
-0.0146,0,0
-0.0142,0,0
-0.0138,0,0
-0.0134,0,0
-0.013,0,0
-0.0126,0.0121985,0.0122197
-0.0122,0.00274127,0.00609142
-0.0118,0,0
-0.0114,0,0
-0.011,0,0
-0.0106,0,0
-0.0102,0.0136572,0.0136838
-0.0098,0,0
-0.0094,0,0
-0.009,0.0242297,0.0171627
-0.0086,0.0123862,0.0124081
-0.0082,0,0
-0.0078,0,0
-0.0074,0.0125678,0.0125903
-0.007,0,0
-0.0066,0.00632464,0.00921984
-0.0062,0.0266127,0.0188537
-0.0058,0,0
-0.0054,0.0388356,0.0224712
-0.005,0.0131893,0.013214
-0.0046,0.027068,0.0191769
-0.0042,0.0510353,0.0255654
-0.0038,0.0478514,0.0254068
-0.0034,0.112727,0.038253
-0.003,0.205988,0.0495773
-0.0026,0.376861,0.0686982
-0.0022,0.604851,0.0902673
-0.0018,1.66413,0.153056
-0.0014,2.20576,0.172536
-0.001,3.47371,0.212705
-0.0006,4.54148,0.247566
-0.0002,4.48509,0.243412
0.0002,4.0273,0.221196
0.0006,3.48104,0.212027
0.001,2.39313,0.179263
0.0014,0.894654,0.105438
0.0018,0.709825,0.0951447
0.0022,0.124038,0.0400373
0.0026,0.102733,0.0358429
0.003,0.0389699,0.0225497
0.0034,0.0101505,0.0121832
0.0038,0.012443,0.0124649
0.0042,0.0136383,0.0136646
0.0046,0.0250212,0.0177241
0.005,0,0
0.0054,0.0224392,0.0168829
0.0058,0,0
0.0062,0,0
0.0066,0,0
0.007,0,0
0.0074,0.0127163,0.0127392
0.0078,0.0130747,0.0130989
0.0082,0,0
0.0086,0,0
0.009,0,0
0.0094,0.0129048,0.0129283
0.0098,0,0
0.0102,0.012232,0.0121643
0.0106,0,0
0.011,0,0
0.0114,0.013171,0.0131954
0.0118,0,0
0.0122,0,0
0.0126,0,0
0.013,0,0
0.0134,0,0
0.0138,0.0112898,0.0118951
0.0142,0,0
0.0146,0,0
0.015,0,0
0.0154,0,0
0.0158,0,0
0.0162,0,0
0.0166,0,0
0.017,0,0
0.0174,0,0
0.0178,0,0
0.0182,0.0136116,0.0136377
0.0186,0,0
0.019,0,0
0.0194,0,0
0.0198,0.0131239,0.0131481
0.0202,0,0
0.0206,0,0
0.021,0,0
0.0214,0,0
0.0218,0,0
0.0222,0,0
0.0226,0,0
0.023,0,0
0.0234,0,0
0.0238,0,0
0.0242,0,0
0.0246,0,0
0.025,0,0
0.0254,0,0
0.0258,0,0
0.0262,0,0
0.0266,0,0
0.027,0.0133637,0.0133887
0.0274,0.0130853,0.0131092
0.0278,0,0
0.0282,0,0
0.0286,0.0062382,0.0088532
0.029,0,0
0.0294,0,0
0.0298,0,0
0.0302,0,0
0.0306,0,0
0.031,0,0
0.0314,0,0
0.0318,0,0
0.0322,0,0
0.0326,0,0
0.033,0,0
0.0334,0,0
0.0338,0,0
0.0342,0,0
0.0346,0.0135656,0.0135912
0.035,0,0
0.0354,0,0
0.0358,0,0
0.0362,0,0
0.0366,0,0
0.037,0.0130439,0.0130676
0.0374,0,0
0.0378,0,0
0.0382,0,0
0.0386,0,0
0.039,0,0
0.0394,0,0
0.0398,0.0132355,0.0132599
0.0402,0,0
0.0406,0,0
0.041,0,0
0.0414,0,0
0.0418,0,0
0.0422,0,0
0.0426,0.0125115,0.0125332
0.043,0,0
0.0434,0,0
0.0438,0.0120643,0.0131069
0.0442,0,0
0.0446,0,0
0.045,0,0
0.0454,0,0
0.0458,0,0
0.0462,0,0
0.0466,0,0
0.047,0,0
0.0474,0,0
0.0478,0,0
0.0482,0,0
0.0486,0,0
0.049,0,0
0.0494,0.0128509,0.0128738
0.0498,0,0
0.0502,0,0
0.0506,0,0
0.051,0,0
0.0514,0,0
0.0518,0,0
0.0522,0,0
0.0526,0,0
0.053,0.0128416,0.0128644
0.0534,0,0
0.0538,0,0
0.0542,0,0
0.0546,0,0
0.055,0.0121547,0.0121751
0.0554,0,0
0.0558,0,0
0.0562,0.0135342,0.0135595
0.0566,0,0
0.057,0,0
0.0574,0,0
0.0578,0,0
0.0582,0,0
0.0586,0.0126804,0.0127025
0.059,0,0
0.0594,0,0
0.0598,0.0127302,0.0127526
0.0602,0,0
0.0606,0,0
0.061,0,0
0.0614,0,0
0.0618,0.0142041,0.0142318
0.0622,0,0
0.0626,0,0
0.063,0,0
0.0634,0,0
0.0638,0,0
0.0642,0,0
0.0646,0,0
0.065,0,0
0.0654,0,0
0.0658,0,0
0.0662,0,0
0.0666,0,0
0.067,0,0
0.0674,0,0
0.0678,0,0
0.0682,0,0
0.0686,0,0
0.069,0,0
0.0694,0.0130985,0.013122
0.0698,0,0
0.0702,0,0
0.0706,0.0141295,0.0141568
0.071,0,0
0.0714,0.0134532,0.013478
0.0718,0.00385878,0.00729243
0.0722,0,0
0.0726,0,0
0.073,0,0
0.0734,0,0
0.0738,0,0
0.0742,0.0120738,0.0124773
0.0746,0,0
0.075,0,0
0.0754,0,0
0.0758,0,0
0.0762,0,0
0.0766,0,0
0.077,0,0
0.0774,0,0
0.0778,0,0
0.0782,0,0
0.0786,0,0
0.079,0,0
0.0794,0,0
0.0798,0,0
0.0802,0,0
0.0806,0,0
0.081,0.0128969,0.0129196
0.0814,0,0
0.0818,0,0
0.0822,0,0
0.0826,0,0
0.083,0,0
0.0834,0,0
0.0838,0,0
0.0842,0,0
0.0846,0,0
0.085,0,0
0.0854,0.0142228,0.0142502
0.0858,0.0124463,0.0124673
0.0862,0,0
0.0866,0,0
0.087,0.0274556,0.0194751
0.0874,0,0
0.0878,0,0
0.0882,0,0
0.0886,0,0
0.089,0,0
0.0894,0,0
0.0898,0,0
0.0902,0.0132855,0.0133094
0.0906,0,0
0.091,0,0
0.0914,0,0
0.0918,0,0
0.0922,0,0
0.0926,0,0
0.093,0,0
0.0934,0,0
0.0938,0.0135902,0.0136152
0.0942,0,0
0.0946,0,0
0.095,0.00140078,0.00444162
0.0954,0,0
0.0958,0,0
0.0962,0,0
0.0966,0,0
0.097,0,0
0.0974,0,0
0.0978,0,0
0.0982,0,0
0.0986,0,0
0.099,0,0
0.0994,0,0
0.0998,0,0
0.1002,0,0
0.1006,0.0142571,0.0142845
0.101,0,0
0.1014,0.0143903,0.0144182
0.1018,0,0
0.1022,0,0
0.1026,0.00190522,0.00537698
0.103,0,0
0.1034,0,0
0.1038,0,0
0.1042,0,0
0.1046,0,0
0.105,0,0
0.1054,0,0
0.1058,0,0
0.1062,0,0
0.1066,0,0
0.107,0,0
0.1074,0,0
0.1078,0,0
0.1082,0,0
0.1086,0,0
0.109,0,0
0.1094,0,0
0.1098,0,0
0.1102,0,0
0.1106,0,0
0.111,0,0
0.1114,0,0
0.1118,0,0
0.1122,0,0
0.1126,0,0
0.113,0,0
0.1134,0,0
0.1138,0,0
0.1142,0.0196859,0.0197376
0.1146,0,0
0.115,0,0
0.1154,0,0
0.1158,0,0
0.1162,0,0
0.1166,0,0
0.117,0,0
0.1174,0,0
0.1178,0,0
0.1182,0.0226614,0.0227298
0.1186,0,0
0.119,0,0
0.1194,0,0
0.1198,0.0224418,0.0225088
2
-0.1198,0,0
-0.1194,0,0
-0.119,0,0
-0.1186,0,0
-0.1182,0,0
-0.1178,0,0
-0.1174,0,0
-0.117,0,0
-0.1166,0,0
-0.1162,0,0
-0.1158,0.00676866,0.00682059
-0.1154,0,0
-0.115,0,0
-0.1146,0,0
-0.1142,0,0
-0.1138,0,0
-0.1134,0,0
-0.113,0,0
-0.1126,0,0
-0.1122,0,0
-0.1118,0,0
-0.1114,0,0
-0.111,0,0
-0.1106,0,0
-0.1102,0,0
-0.1098,0,0
-0.1094,0,0
-0.109,0,0
-0.1086,0,0
-0.1082,0,0
-0.1078,0.00568801,0.00569835
-0.1074,0,0
-0.107,0,0
-0.1066,0,0
-0.1062,0.00367448,0.0048876
-0.1058,0.00592656,0.00593777
-0.1054,0,0
-0.105,0,0
-0.1046,0,0
-0.1042,0,0
-0.1038,0,0
-0.1034,0,0
-0.103,0,0
-0.1026,0,0
-0.1022,0,0
-0.1018,0,0
-0.1014,0,0
-0.101,0,0
-0.1006,0,0
-0.1002,0,0
-0.0998,0,0
-0.0994,0,0
-0.099,0,0
-0.0986,0.00601382,0.00602535
-0.0982,0,0
-0.0978,0,0
-0.0974,0,0
-0.097,0,0
-0.0966,0,0
-0.0962,0,0
-0.0958,0,0
-0.0954,0,0
-0.095,0,0
-0.0946,0,0
-0.0942,0,0
-0.0938,0,0
-0.0934,0,0
-0.093,0,0
-0.0926,0,0
-0.0922,0,0
-0.0918,0.00678915,0.00680382
-0.0914,0,0
-0.091,0,0
-0.0906,0,0
-0.0902,0,0
-0.0898,0,0
-0.0894,0,0
-0.089,0,0
-0.0886,0,0
-0.0882,0,0
-0.0878,0.00576863,0.00577921
-0.0874,0.00115713,0.00261124
-0.087,0,0
-0.0866,0,0
-0.0862,0.00608052,0.00609227
-0.0858,0,0
-0.0854,0,0
-0.085,0,0
-0.0846,0,0
-0.0842,0,0
-0.0838,0,0
-0.0834,0,0
-0.083,0,0
-0.0826,0,0
-0.0822,0,0
-0.0818,0.00629515,0.00630773
-0.0814,0.00619622,0.00620841
-0.081,0.00605567,0.00606731
-0.0806,0,0
-0.0802,0,0
-0.0798,0,0
-0.0794,0.00567646,0.00568669
-0.079,0,0
-0.0786,0,0
-0.0782,0,0
-0.0778,0.00603517,0.00604672
-0.0774,0,0
-0.077,0,0
-0.0766,0,0
-0.0762,0,0
-0.0758,0,0
-0.0754,0,0
-0.075,0,0
-0.0746,0,0
-0.0742,0,0
-0.0738,0.0057742,0.00578477
-0.0734,0,0
-0.073,0,0
-0.0726,0.00638823,0.00640116
-0.0722,0,0
-0.0718,0,0
-0.0714,0,0
-0.071,0.00611956,0.00613142
-0.0706,0,0
-0.0702,0,0
-0.0698,0,0
-0.0694,0.00586495,0.00587584
-0.069,0,0
-0.0686,0,0
-0.0682,0,0
-0.0678,0.00623837,0.00625069
-0.0674,0,0
-0.067,0,0
-0.0666,0.00592397,0.00593507
-0.0662,0,0
-0.0658,0,0
-0.0654,0,0
-0.065,0,0
-0.0646,0,0
-0.0642,0.00602951,0.00604101
-0.0638,0,0
-0.0634,0,0
-0.063,0,0
-0.0626,0.00851746,0.00710515
-0.0622,0.00616699,0.00617901
-0.0618,0.00267933,0.00402362
-0.0614,0,0
-0.061,0,0
-0.0606,0,0
-0.0602,0,0
-0.0598,0,0
-0.0594,0,0
-0.059,0,0
-0.0586,0.00554426,0.00555397
-0.0582,0,0
-0.0578,0,0
-0.0574,0,0
-0.057,0.00614305,0.00615497
-0.0566,0.00589818,0.00590917
-0.0562,0.00640721,0.00642017
-0.0558,0,0
-0.0554,0,0
-0.055,0,0
-0.0546,0,0
-0.0542,0,0
-0.0538,0,0
-0.0534,0,0
-0.053,0.00547894,0.00548841
-0.0526,0,0
-0.0522,0,0
-0.0518,0,0
-0.0514,0,0
-0.051,0,0
-0.0506,0,0
-0.0502,0,0
-0.0498,0,0
-0.0494,0,0
-0.049,0,0
-0.0486,0.00574875,0.00575917
-0.0482,0,0
-0.0478,0,0
-0.0474,0,0
-0.047,0,0
-0.0466,0.00564953,0.00565958
-0.0462,0,0
-0.0458,0,0
-0.0454,0,0
-0.045,0,0
-0.0446,0,0
-0.0442,0,0
-0.0438,0,0
-0.0434,0.00600859,0.00601996
-0.043,0,0
-0.0426,0,0
-0.0422,0,0
-0.0418,0,0
-0.0414,0,0
-0.041,0,0
-0.0406,0.00581194,0.00582257
-0.0402,0,0
-0.0398,0,0
-0.0394,0,0
-0.039,0.00586179,0.00587259
-0.0386,0,0
-0.0382,0,0
-0.0378,0,0
-0.0374,0,0
-0.037,0.00363112,0.00464025
-0.0366,0,0
-0.0362,0,0
-0.0358,0.00607105,0.00608263
-0.0354,0.0055819,0.00559169
-0.035,0,0
-0.0346,0,0
-0.0342,0,0
-0.0338,0.00568053,0.00569067
-0.0334,0,0
-0.033,0,0
-0.0326,0,0
-0.0322,0,0
-0.0318,0,0
-0.0314,0,0
-0.031,0.006063,0.00607454
-0.0306,0,0
-0.0302,0,0
-0.0298,0,0
-0.0294,0,0
-0.029,0.00565372,0.00566375
-0.0286,0.00582804,0.0058387
-0.0282,0,0
-0.0278,0,0
-0.0274,0,0
-0.027,0,0
-0.0266,0,0
-0.0262,0,0
-0.0258,0,0
-0.0254,0.00512969,0.00567867
-0.025,0,0
-0.0246,0,0
-0.0242,0,0
-0.0238,0,0
-0.0234,0,0
-0.023,0.00555339,0.00556305
-0.0226,0,0
-0.0222,0,0
-0.0218,0,0
-0.0214,0,0
-0.021,0,0
-0.0206,0.00558616,0.00559593
-0.0202,0.00558662,0.00559639
-0.0198,0.00600448,0.00601577
-0.0194,0,0
-0.019,0.00618854,0.00620053
-0.0186,0,0
-0.0182,0,0
-0.0178,0.00610351,0.00611517
-0.0174,0.00618718,0.00619916
-0.017,0,0
-0.0166,0,0
-0.0162,0,0
-0.0158,0,0
-0.0154,0,0
-0.015,0.00587333,0.00588412
-0.0146,0,0
-0.0142,0,0
-0.0138,0.00623443,0.00624658
-0.0134,0,0
-0.013,0,0
-0.0126,0.0236843,0.0118713
-0.0122,0.0109415,0.00817867
-0.0118,0,0
-0.0114,0,0
-0.011,0,0
-0.0106,0.0124549,0.00882408
-0.0102,0,0
-0.0098,0.017139,0.00991292
-0.0094,0,0
-0.009,0.00552284,0.00553237
-0.0086,0,0
-0.0082,0.0114109,0.00808312
-0.0078,0.00626691,0.00627917
-0.0074,0,0
-0.007,0,0
-0.0066,0.0193363,0.010881
-0.0062,0.00606109,0.00607256
-0.0058,0.01135,0.00803992
-0.0054,0,0
-0.005,0.0369696,0.0151219
-0.0046,0.00834118,0.00694679
-0.0042,0.00577753,0.00578794
-0.0038,0.0265509,0.0126345
-0.0034,0.0250061,0.012144
-0.003,0.0592243,0.0177304
-0.0026,0.119652,0.0262091
-0.0022,0.219033,0.0367407
-0.0018,0.439134,0.0529827
-0.0014,0.72859,0.0668748
-0.001,1.20587,0.084404
-0.0006,1.63638,0.100114
-0.0002,2.02063,0.11025
0.0002,1.54455,0.0922729
0.0006,1.43408,0.091512
0.001,1.03193,0.0793205
0.0014,0.553474,0.0558206
0.0018,0.273542,0.0398808
0.0022,0.160655,0.0307776
0.0026,0.0268902,0.0123531
0.003,0.0183048,0.0104202
0.0034,0.015235,0.0100599
0.0038,0,0
0.0042,0,0
0.0046,0.00568094,0.00569099
0.005,0,0
0.0054,0.00130502,0.0027433
0.0058,0.0121233,0.00858864
0.0062,0.00210044,0.00353462
0.0066,0,0
0.007,0,0
0.0074,0,0
0.0078,0.00593109,0.00594204
0.0082,0,0
0.0086,0.00573454,0.00574478
0.009,0.00585942,0.0058701
0.0094,0.00585114,0.00586179
0.0098,0,0
0.0102,0.0053846,0.00543362
0.0106,0,0
0.011,0,0
0.0114,0.00543157,0.0057039
0.0118,0.00589827,0.0059091
0.0122,0,0
0.0126,0.00592984,0.00594077
0.013,0.00592435,0.00593526
0.0134,0.00592485,0.00593577
0.0138,0.00619716,0.0059299
0.0142,0,0
0.0146,0,0
0.015,0.00562683,0.00563667
0.0154,0,0
0.0158,0,0
0.0162,0.0059997,0.00601088
0.0166,0,0
0.017,0,0
0.0174,0.00560203,0.00561178
0.0178,0,0
0.0182,0.00938647,0.00761448
0.0186,0,0
0.019,0.0119784,0.00848575
0.0194,0,0
0.0198,0,0
0.0202,0,0
0.0206,0.00570583,0.00571594
0.021,0.00583561,0.00584618
0.0214,0,0
0.0218,0,0
0.0222,0.005901,0.00591181
0.0226,0.00599574,0.00600689
0.023,0.00608823,0.00609973
0.0234,0,0
0.0238,0,0
0.0242,0.00571543,0.00572556
0.0246,0,0
0.025,0.00540125,0.0054103
0.0254,0,0
0.0258,0.00615337,0.00616511
0.0262,0,0
0.0266,0,0
0.027,0,0
0.0274,0,0
0.0278,0,0
0.0282,0,0
0.0286,0.00283053,0.00400292
0.029,0.0114344,0.00809968
0.0294,0.00586385,0.0058745
0.0298,0,0
0.0302,0.00591776,0.00592861
0.0306,0,0
0.031,0,0
0.0314,0,0
0.0318,0,0
0.0322,0,0
0.0326,0,0
0.033,0,0
0.0334,0,0
0.0338,0,0
0.0342,0,0
0.0346,0,0
0.035,0.00639377,0.00640642
0.0354,0.00599749,0.00600862
0.0358,0,0
0.0362,0,0
0.0366,0,0
0.037,0,0
0.0374,0,0
0.0378,0,0
0.0382,0,0
0.0386,0.00590642,0.00591721
0.039,0,0
0.0394,0,0
0.0398,0.00594341,0.00595433
0.0402,0,0
0.0406,0,0
0.041,0,0
0.0414,0,0
0.0418,0,0
0.0422,0.00601718,0.00602836
0.0426,0,0
0.043,0,0
0.0434,0,0
0.0438,0,0
0.0442,0,0
0.0446,0,0
0.045,0,0
0.0454,0.00613865,0.00615029
0.0458,0.0061392,0.00615083
0.0462,0,0
0.0466,0,0
0.047,0,0
0.0474,0.00531984,0.00532857
0.0478,0,0
0.0482,0.00616404,0.00617577
0.0486,0,0
0.049,0,0
0.0494,0,0
0.0498,0.00675919,0.00677327
0.0502,0,0
0.0506,0,0
0.051,0,0
0.0514,0,0
0.0518,0.00604467,0.00605593
0.0522,0,0
0.0526,0,0
0.053,0,0
0.0534,0,0
0.0538,0.00578485,0.00579516
0.0542,0.00606658,0.00607791
0.0546,0,0
0.055,0,0
0.0554,0,0
0.0558,0,0
0.0562,0.00587532,0.00588595
0.0566,0,0
0.057,0,0
0.0574,0,0
0.0578,0,0
0.0582,0,0
0.0586,0,0
0.059,0,0
0.0594,0,0
0.0598,0,0
0.0602,0.00560179,0.00561144
0.0606,0,0
0.061,0,0
0.0614,0,0
0.0618,0,0
0.0622,0,0
0.0626,0,0
0.063,0,0
0.0634,0,0
0.0638,0,0
0.0642,0,0
0.0646,0.00577136,0.0057816
0.065,0,0
0.0654,0,0
0.0658,0,0
0.0662,0,0
0.0666,0,0
0.067,0,0
0.0674,0,0
0.0678,0,0
0.0682,0,0
0.0686,0,0
0.069,0.00543795,0.00544703
0.0694,0,0
0.0698,0,0
0.0702,0,0
0.0706,0.00629102,0.00630317
0.071,0,0
0.0714,0,0
0.0718,0.00439362,0.00519142
0.0722,0,0
0.0726,0,0
0.073,0,0
0.0734,0,0
0.0738,0,0
0.0742,0.000344784,0.00140618
0.0746,0.00575601,0.00576616
0.075,0,0
0.0754,0,0
0.0758,0,0
0.0762,0,0
0.0766,0.00613529,0.00614683
0.077,0,0
0.0774,0,0
0.0778,0,0
0.0782,0,0
0.0786,0,0
0.079,0.00540759,0.00541654
0.0794,0,0
0.0798,0,0
0.0802,0,0
0.0806,0,0
0.081,0.00572533,0.00573536
0.0814,0,0
0.0818,0,0
0.0822,0,0
0.0826,0,0
0.083,0,0
0.0834,0,0
0.0838,0,0
0.0842,0.00593005,0.00594081
0.0846,0,0
0.085,0,0
0.0854,0,0
0.0858,0,0
0.0862,0,0
0.0866,0,0
0.087,0,0
0.0874,0.0060438,0.00605496
0.0878,0,0
0.0882,0,0
0.0886,0,0
0.089,0.00593334,0.00594409
0.0894,0,0
0.0898,0,0
0.0902,0,0
0.0906,0,0
0.091,0.00577113,0.00578131
0.0914,0,0
0.0918,0,0
0.0922,0,0
0.0926,0,0
0.093,0,0
0.0934,0,0
0.0938,0,0
0.0942,0,0
0.0946,0,0
0.095,0.0117869,0.00856695
0.0954,0,0
0.0958,0,0
0.0962,0,0
0.0966,0,0
0.097,0,0
0.0974,0.00555653,0.00556594
0.0978,0,0
0.0982,0,0
0.0986,0,0
0.099,0,0
0.0994,0,0
0.0998,0,0
0.1002,0,0
0.1006,0,0
0.101,0,0
0.1014,0,0
0.1018,0,0
0.1022,0,0
0.1026,0.005827,0.00624575
0.103,0,0
0.1034,0,0
0.1038,0,0
0.1042,0,0
0.1046,0,0
0.105,0.0146557,0.0103939
0.1054,0.00704935,0.00706446
0.1058,0,0
0.1062,0,0
0.1066,0,0
0.107,0,0
0.1074,0,0
0.1078,0,0
0.1082,0,0
0.1086,0,0
0.109,0,0
0.1094,0,0
0.1098,0,0
0.1102,0,0
0.1106,0.00839083,0.00841221
0.111,0,0
0.1114,0,0
0.1118,0.00871571,0.00873877
0.1122,0,0
0.1126,0,0
0.113,0,0
0.1134,0,0
0.1138,0,0
0.1142,0,0
0.1146,0,0
0.115,0,0
0.1154,0,0
0.1158,0,0
0.1162,0,0
0.1166,0.0103903,0.010423
0.117,0,0
0.1174,0,0
0.1178,0,0
0.1182,0,0
0.1186,0,0
0.119,0,0
0.1194,0,0
0.1198,0,0
3
-0.1198,0,0
-0.1194,0,0
-0.119,0,0
-0.1186,0,0
-0.1182,0,0
-0.1178,0,0
-0.1174,0,0
-0.117,0,0
-0.1166,0,0
-0.1162,0,0
-0.1158,7.74313e-05,0.000744853
-0.1154,0,0
-0.115,0,0
-0.1146,0,0
-0.1142,0,0
-0.1138,0,0
-0.1134,0,0
-0.113,0,0
-0.1126,0.00678486,0.00679897
-0.1122,0,0
-0.1118,0,0
-0.1114,0,0
-0.111,0,0
-0.1106,0,0
-0.1102,0,0
-0.1098,0,0
-0.1094,0,0
-0.109,0,0
-0.1086,0,0
-0.1082,0,0
-0.1078,0,0
-0.1074,0,0
-0.107,0,0
-0.1066,0,0
-0.1062,0,0
-0.1058,0,0
-0.1054,0,0
-0.105,0,0
-0.1046,0,0
-0.1042,0,0
-0.1038,0,0
-0.1034,0,0
-0.103,0,0
-0.1026,0,0
-0.1022,0,0
-0.1018,0,0
-0.1014,0,0
-0.101,0,0
-0.1006,0,0
-0.1002,0,0
-0.0998,0,0
-0.0994,0.00545896,0.00546805
-0.099,0,0
-0.0986,0,0
-0.0982,0,0
-0.0978,0,0
-0.0974,0,0
-0.097,0.00642226,0.00643483
-0.0966,0,0
-0.0962,0,0
-0.0958,0,0
-0.0954,0,0
-0.095,0,0
-0.0946,0,0
-0.0942,0,0
-0.0938,0,0
-0.0934,0,0
-0.093,0,0
-0.0926,0.00594193,0.00595267
-0.0922,0,0
-0.0918,0,0
-0.0914,0,0
-0.091,0.000802453,0.00226201
-0.0906,0,0
-0.0902,0,0
-0.0898,0,0
-0.0894,0,0
-0.089,0,0
-0.0886,0,0
-0.0882,0,0
-0.0878,0,0
-0.0874,0,0
-0.087,0,0
-0.0866,0,0
-0.0862,0,0
-0.0858,0,0
-0.0854,0,0
-0.085,0,0
-0.0846,0,0
-0.0842,0,0
-0.0838,0,0
-0.0834,0.00635654,0.00636878
-0.083,0,0
-0.0826,0,0
-0.0822,0,0
-0.0818,0,0
-0.0814,0,0
-0.081,0,0
-0.0806,0,0
-0.0802,0.00684482,0.00685899
-0.0798,0,0
-0.0794,0,0
-0.079,0,0
-0.0786,0,0
-0.0782,0,0
-0.0778,0,0
-0.0774,0,0
-0.077,0,0
-0.0766,0.00626011,0.00627194
-0.0762,0,0
-0.0758,0,0
-0.0754,0,0
-0.075,0.00372038,0.00482988
-0.0746,0,0
-0.0742,0,0
-0.0738,0,0
-0.0734,0,0
-0.073,0,0
-0.0726,0,0
-0.0722,0,0
-0.0718,0,0
-0.0714,0,0
-0.071,0,0
-0.0706,0,0
-0.0702,0,0
-0.0698,0.00585355,0.00586387
-0.0694,0,0
-0.069,0,0
-0.0686,0,0
-0.0682,0,0
-0.0678,0.00656923,0.00658221
-0.0674,0.000492236,0.0017635
-0.067,0,0
-0.0666,0,0
-0.0662,0.0068255,0.00683949
-0.0658,0,0
-0.0654,0,0
-0.065,0,0
-0.0646,0,0
-0.0642,0.00638893,0.00640118
-0.0638,0,0
-0.0634,0,0
-0.063,0.00442636,0.00561544
-0.0626,0,0
-0.0622,0.00650375,0.00651643
-0.0618,0.00352284,0.00473822
-0.0614,0,0
-0.061,0,0
-0.0606,0,0
-0.0602,0,0
-0.0598,0,0
-0.0594,0,0
-0.059,0,0
-0.0586,0,0
-0.0582,0,0
-0.0578,0,0
-0.0574,0,0
-0.057,0,0
-0.0566,0,0
-0.0562,0.00634735,0.00635939
-0.0558,0,0
-0.0554,0,0
-0.055,0.00634917,0.00636121
-0.0546,0,0
-0.0542,0,0
-0.0538,0,0
-0.0534,0,0
-0.053,0,0
-0.0526,0,0
-0.0522,0.00639499,0.00640719
-0.0518,0,0
-0.0514,0.00379786,0.00488911
-0.051,0,0
-0.0506,0.00502807,0.00563084
-0.0502,0,0
-0.0498,0,0
-0.0494,0.0123937,0.00877985
-0.049,0,0
-0.0486,0,0
-0.0482,0,0
-0.0478,0,0
-0.0474,0,0
-0.047,0,0
-0.0466,0,0
-0.0462,0,0
-0.0458,0,0
-0.0454,0,0
-0.045,0,0
-0.0446,0.00589039,0.00590071
-0.0442,0,0
-0.0438,0,0
-0.0434,0.00636767,0.00637971
-0.043,0,0
-0.0426,0,0
-0.0422,0.00681794,0.00683174
-0.0418,0,0
-0.0414,0,0
-0.041,0,0
-0.0406,0,0
-0.0402,0,0
-0.0398,0,0
-0.0394,0,0
-0.039,0,0
-0.0386,0,0
-0.0382,0,0
-0.0378,0,0
-0.0374,0,0
-0.037,0.00626918,0.00628082
-0.0366,0,0
-0.0362,0,0
-0.0358,0,0
-0.0354,0,0
-0.035,0,0
-0.0346,0,0
-0.0342,0,0
-0.0338,0,0
-0.0334,0,0
-0.033,0,0
-0.0326,0,0
-0.0322,0,0
-0.0318,0,0
-0.0314,0,0
-0.031,0.00644211,0.00645437
-0.0306,0,0
-0.0302,0,0
-0.0298,0,0
-0.0294,0,0
-0.029,0,0
-0.0286,0.00619542,0.00620675
-0.0282,0,0
-0.0278,0,0
-0.0274,0.00381488,0.00478877
-0.027,0.00295028,0.00422018
-0.0266,0,0
-0.0262,0,0
-0.0258,0,0
-0.0254,0.00120436,0.002838
-0.025,0,0
-0.0246,0,0
-0.0242,0,0
-0.0238,0,0
-0.0234,0,0
-0.023,0.00591107,0.00592136
-0.0226,0,0
-0.0222,0,0
-0.0218,0,0
-0.0214,0.00603382,0.00604453
-0.021,0.0001291,0.000907245
-0.0206,0.00594935,0.00595976
-0.0202,0,0
-0.0198,0.005945,0.00595539
-0.0194,0,0
-0.019,0,0
-0.0186,0,0
-0.0182,0,0
-0.0178,0,0
-0.0174,0,0
-0.017,0,0
-0.0166,0,0
-0.0162,0,0
-0.0158,0,0
-0.0154,0,0
-0.015,0,0
-0.0146,0,0
-0.0142,0,0
-0.0138,0,0
-0.0134,0.00645128,0.00646348
-0.013,0,0
-0.0126,0,0
-0.0122,0,0
-0.0118,0,0
-0.0114,0,0
-0.011,0.00621389,0.0062252
-0.0106,0,0
-0.0102,0.00637434,0.00638623
-0.0098,0,0
-0.0094,0,0
-0.009,0.0058968,0.00590698
-0.0086,0.0119264,0.00844848
-0.0082,0.0060926,0.00610345
-0.0078,0.00669258,0.00670567
-0.0074,0.00609487,0.00610573
-0.007,0,0
-0.0066,0.00233027,0.00390412
-0.0062,0,0
-0.0058,0,0
-0.0054,0,0
-0.005,0,0
-0.0046,0.0185296,0.0108345
-0.0042,0.00358849,0.0047158
-0.0038,0.0270479,0.0131888
-0.0034,0.0420378,0.016364
-0.003,0.044912,0.0159623
-0.0026,0.121014,0.0272833
-0.0022,0.12549,0.0285194
-0.0018,0.290941,0.0445977
-0.0014,0.520742,0.0586004
-0.001,0.777106,0.0701254
-0.0006,0.995906,0.0807633
-0.0002,1.2134,0.0883883
0.0002,1.28476,0.087031
0.0006,1.01572,0.0799376
0.001,0.709874,0.0680318
0.0014,0.474094,0.0534006
0.0018,0.199562,0.0351362
0.0022,0.0934436,0.0241786
0.0026,0.0242305,0.0121367
0.003,0.0122414,0.00889664
0.0034,0.0131311,0.00933175
0.0038,0.0121012,0.0085719
0.0042,0.00663136,0.00664415
0.0046,0,0
0.005,0,0
0.0054,0,0
0.0058,0,0
0.0062,0.00409779,0.00510951
0.0066,0,0
0.007,0,0
0.0074,0,0
0.0078,0,0
0.0082,0,0
0.0086,0,0
0.009,0,0
0.0094,0.00627131,0.00628272
0.0098,0,0
0.0102,0,0
0.0106,0,0
0.011,0,0
0.0114,0.000574937,0.00192169
0.0118,0,0
0.0122,0,0
0.0126,0,0
0.013,0,0
0.0134,0.0063121,0.00632365
0.0138,0,0
0.0142,0,0
0.0146,0,0
0.015,0,0
0.0154,0,0
0.0158,0.00633587,0.0063475
0.0162,0,0
0.0166,0,0
0.017,0,0
0.0174,0.00601401,0.00602447
0.0178,0,0
0.0182,0.00733663,0.00697561
0.0186,0,0
0.019,0,0
0.0194,0,0
0.0198,0.00599409,0.00600448
0.0202,0,0
0.0206,0,0
0.021,0,0
0.0214,0.00241721,0.00390957
0.0218,0,0
0.0222,0.00633978,0.00635139
0.0226,0.00263887,0.00413074
0.023,0,0
0.0234,0.00646962,0.0064817
0.0238,0,0
0.0242,0.0125399,0.00891521
0.0246,0.0122163,0.00865345
0.025,0.00580574,0.00581547
0.0254,0.00580648,0.00581621
0.0258,0.00661508,0.0066277
0.0262,0,0
0.0266,0.00599907,0.00600945
0.027,0,0
0.0274,0,0
0.0278,0.00647859,0.00649069
0.0282,0,0
0.0286,0,0
0.029,0,0
0.0294,0,0
0.0298,0,0
0.0302,0,0
0.0306,0,0
0.031,0,0
0.0314,0,0
0.0318,0,0
0.0322,0,0
0.0326,0,0
0.033,0,0
0.0334,0.00669974,0.00671265
0.0338,0,0
0.0342,0.00632626,0.00633777
0.0346,0,0
0.035,0,0
0.0354,0.00645766,0.00646965
0.0358,0.00632354,0.00633503
0.0362,0,0
0.0366,0,0
0.037,0,0
0.0374,0,0
0.0378,0,0
0.0382,0,0
0.0386,0,0
0.039,0,0
0.0394,0.00696887,0.0069828
0.0398,0,0
0.0402,0,0
0.0406,0,0
0.041,0.0130804,0.00926678
0.0414,0,0
0.0418,0,0
0.0422,0,0
0.0426,0,0
0.043,0,0
0.0434,0,0
0.0438,0,0
0.0442,0,0
0.0446,0,0
0.045,0,0
0.0454,0,0
0.0458,0,0
0.0462,0,0
0.0466,0,0
0.047,0.00650165,0.00651374
0.0474,0,0
0.0478,0,0
0.0482,0,0
0.0486,0,0
0.049,0,0
0.0494,0,0
0.0498,0,0
0.0502,0.00648156,0.00649357
0.0506,0,0
0.051,0,0
0.0514,0,0
0.0518,0,0
0.0522,0,0
0.0526,0,0
0.053,0.00576681,0.00577631
0.0534,0,0
0.0538,0,0
0.0542,0,0
0.0546,0,0
0.055,0,0
0.0554,0,0
0.0558,0,0
0.0562,0,0
0.0566,0,0
0.057,0,0
0.0574,0.00641691,0.00642866
0.0578,0,0
0.0582,0,0
0.0586,0,0
0.059,0.00627596,0.00628719
0.0594,0,0
0.0598,0,0
0.0602,0,0
0.0606,0,0
0.061,0,0
0.0614,0,0
0.0618,0,0
0.0622,0,0
0.0626,0.00152021,0.00325246
0.063,0,0
0.0634,0,0
0.0638,0,0
0.0642,0,0
0.0646,0,0
0.065,0,0
0.0654,0,0
0.0658,0.00375326,0.0049531
0.0662,0,0
0.0666,0.00648448,0.00649643
0.067,0,0
0.0674,0,0
0.0678,0,0
0.0682,0.00602569,0.00603601
0.0686,0,0
0.069,0,0
0.0694,0,0
0.0698,0,0
0.0702,0,0
0.0706,0,0
0.071,0,0
0.0714,0,0
0.0718,0,0
0.0722,0,0
0.0726,0,0
0.073,0,0
0.0734,0,0
0.0738,0,0
0.0742,0,0
0.0746,0.00622081,0.00623179
0.075,0,0
0.0754,0,0
0.0758,0,0
0.0762,0,0
0.0766,0,0
0.077,0.00693655,0.00695019
0.0774,0,0
0.0778,0,0
0.0782,0,0
0.0786,0,0
0.079,0,0
0.0794,0,0
0.0798,0,0
0.0802,0,0
0.0806,0.0129496,0.00917483
0.081,0,0
0.0814,0,0
0.0818,0,0
0.0822,0,0
0.0826,0,0
0.083,0.00717099,0.00718553
0.0834,0.0066291,0.00664154
0.0838,0,0
0.0842,0,0
0.0846,0,0
0.085,0,0
0.0854,0,0
0.0858,0,0
0.0862,0,0
0.0866,0,0
0.087,0,0
0.0874,0,0
0.0878,0,0
0.0882,0,0
0.0886,0,0
0.089,0,0
0.0894,0,0
0.0898,0,0
0.0902,0,0
0.0906,0,0
0.091,0,0
0.0914,0,0
0.0918,0,0
0.0922,0,0
0.0926,0.00624403,0.00625503
0.093,0.000503708,0.00185563
0.0934,0,0
0.0938,0,0
0.0942,0,0
0.0946,0,0
0.095,0.00670884,0.00672153
0.0954,0.00675199,0.00676485
0.0958,0,0
0.0962,0,0
0.0966,0.0069751,0.00698882
0.097,0,0
0.0974,0,0
0.0978,0,0
0.0982,0,0
0.0986,0.00713818,0.00715254
0.099,0,0
0.0994,0,0
0.0998,0,0
0.1002,0,0
0.1006,0,0
0.101,0,0
0.1014,0,0
0.1018,0.00747829,0.00749403
0.1022,0.00764663,0.00766309
0.1026,0,0
0.103,0.00725277,0.00726758
0.1034,0,0
0.1038,0,0
0.1042,0,0
0.1046,0,0
0.105,0,0
0.1054,0,0
0.1058,0,0
0.1062,0,0
0.1066,0,0
0.107,0,0
0.1074,0,0
0.1078,0,0
0.1082,0,0
0.1086,0,0
0.109,0.00840165,0.00842149
0.1094,0,0
0.1098,0,0
0.1102,0.00882589,0.00884778
0.1106,0,0
0.111,0.00833095,0.00835045
0.1114,0,0
0.1118,0,0
0.1122,0.0101415,0.0101704
0.1126,0,0
0.113,0,0
0.1134,0,0
0.1138,0.00986274,0.00989005
0.1142,0,0
0.1146,0,0
0.115,0,0
0.1154,0,0
0.1158,0,0
0.1162,0,0
0.1166,0,0
0.117,0,0
0.1174,0,0
0.1178,0,0
0.1182,0,0
0.1186,0,0
0.119,0,0
0.1194,0,0
0.1198,0,0
4
-0.1198,0,0
-0.1194,0,0
-0.119,0,0
-0.1186,0,0
-0.1182,0,0
-0.1178,0,0
-0.1174,0,0
-0.117,0,0
-0.1166,0,0
-0.1162,0,0
-0.1158,0,0
-0.1154,0,0
-0.115,0,0
-0.1146,0,0
-0.1142,0.00652354,0.00653655
-0.1138,0.00619145,0.00620316
-0.1134,0,0
-0.113,0,0
-0.1126,0,0
-0.1122,0,0
-0.1118,0,0
-0.1114,0,0
-0.111,0,0
-0.1106,0,0
-0.1102,0,0
-0.1098,0,0
-0.1094,0,0
-0.109,0,0
-0.1086,0,0
-0.1082,0,0
-0.1078,0,0
-0.1074,0,0
-0.107,0,0
-0.1066,0,0
-0.1062,0,0
-0.1058,0,0
-0.1054,0,0
-0.105,0,0
-0.1046,0,0
-0.1042,0,0
-0.1038,0.00633119,0.00634337
-0.1034,0,0
-0.103,0.00615431,0.00616582
-0.1026,0,0
-0.1022,0.00592373,0.00593439
-0.1018,0,0
-0.1014,0,0
-0.101,0,0
-0.1006,0,0
-0.1002,0,0
-0.0998,0,0
-0.0994,0,0
-0.099,0,0
-0.0986,0,0
-0.0982,0,0
-0.0978,0,0
-0.0974,0,0
-0.097,0,0
-0.0966,0,0
-0.0962,0,0
-0.0958,0,0
-0.0954,0,0
-0.095,0,0
-0.0946,0,0
-0.0942,0,0
-0.0938,0,0
-0.0934,0,0
-0.093,0,0
-0.0926,0,0
-0.0922,0,0
-0.0918,0,0
-0.0914,0,0
-0.091,0.00558305,0.00598462
-0.0906,0,0
-0.0902,0.00654415,0.00655708
-0.0898,0,0
-0.0894,0,0
-0.089,0,0
-0.0886,0,0
-0.0882,0,0
-0.0878,0,0
-0.0874,0,0
-0.087,0.00600489,0.00601577
-0.0866,0,0
-0.0862,0,0
-0.0858,0,0
-0.0854,0.00211745,0.0036972
-0.085,0,0
-0.0846,0,0
-0.0842,0,0
-0.0838,0,0
-0.0834,0,0
-0.083,0,0
-0.0826,0,0
-0.0822,0,0
-0.0818,0,0
-0.0814,0,0
-0.081,0,0
-0.0806,0,0
-0.0802,0,0
-0.0798,0,0
-0.0794,0,0
-0.079,0.00654626,0.00655914
-0.0786,0,0
-0.0782,0,0
-0.0778,0,0
-0.0774,0,0
-0.077,0,0
-0.0766,0,0
-0.0762,0,0
-0.0758,0,0
-0.0754,0,0
-0.075,0.00253799,0.00399842
-0.0746,0,0
-0.0742,0,0
-0.0738,0,0
-0.0734,0,0
-0.073,0,0
-0.0726,0,0
-0.0722,0.00589223,0.00590265
-0.0718,0,0
-0.0714,0,0
-0.071,0,0
-0.0706,0,0
-0.0702,0,0
-0.0698,0.0058757,0.00588605
-0.0694,0,0
-0.069,0.00603752,0.00604844
-0.0686,0,0
-0.0682,0,0
-0.0678,0,0
-0.0674,0.00582151,0.0060749
-0.067,0,0
-0.0666,0,0
-0.0662,0.0068477,0.00686174
-0.0658,0,0
-0.0654,0,0
-0.065,0,0
-0.0646,0,0
-0.0642,0,0
-0.0638,0,0
-0.0634,0.00579138,0.00580142
-0.063,0.00978738,0.00836136
-0.0626,0,0
-0.0622,0,0
-0.0618,0,0
-0.0614,0,0
-0.061,0,0
-0.0606,0,0
-0.0602,0,0
-0.0598,0,0
-0.0594,0,0
-0.059,0,0
-0.0586,0,0
-0.0582,0,0
-0.0578,0,0
-0.0574,0.00649692,0.00650953
-0.057,0,0
-0.0566,0,0
-0.0562,0,0
-0.0558,0.00660617,0.0064928
-0.0554,0,0
-0.055,0,0
-0.0546,0,0
-0.0542,0,0
-0.0538,0.00615284,0.00616414
-0.0534,0,0
-0.053,0.00579622,0.00580624
-0.0526,0,0
-0.0522,0,0
-0.0518,0,0
-0.0514,0.00247362,0.00394655
-0.051,0,0
-0.0506,0.00125453,0.00281293
-0.0502,0,0
-0.0498,0,0
-0.0494,0,0
-0.049,0,0
-0.0486,0,0
-0.0482,0,0
-0.0478,0,0
-0.0474,0,0
-0.047,0,0
-0.0466,0,0
-0.0462,0,0
-0.0458,0,0
-0.0454,0,0
-0.045,0,0
-0.0446,0,0
-0.0442,0,0
-0.0438,0,0
-0.0434,0.0119161,0.00844089
-0.043,0,0
-0.0426,0,0
-0.0422,0.00609009,0.00610113
-0.0418,0,0
-0.0414,0,0
-0.041,0,0
-0.0406,0,0
-0.0402,0,0
-0.0398,0,0
-0.0394,0,0
-0.039,0,0
-0.0386,0,0
-0.0382,0,0
-0.0378,0,0
-0.0374,0,0
-0.037,0.0062497,0.00626131
-0.0366,0,0
-0.0362,0,0
-0.0358,0,0
-0.0354,0,0
-0.035,0,0
-0.0346,0,0
-0.0342,0,0
-0.0338,0,0
-0.0334,0,0
-0.033,0,0
-0.0326,0,0
-0.0322,0,0
-0.0318,0,0
-0.0314,0,0
-0.031,0.00641198,0.00642419
-0.0306,0.00691867,0.00693288
-0.0302,0,0
-0.0298,0,0
-0.0294,0,0
-0.029,0,0
-0.0286,0.0059782,0.0059888
-0.0282,0,0
-0.0278,0,0
-0.0274,0.0021627,0.00359524
-0.027,0.00902685,0.00736011
-0.0266,0,0
-0.0262,0,0
-0.0258,0,0
-0.0254,0,0
-0.025,0,0
-0.0246,0,0
-0.0242,0,0
-0.0238,0,0
-0.0234,0,0
-0.023,0,0
-0.0226,0,0
-0.0222,0,0
-0.0218,0,0
-0.0214,0,0
-0.021,0.0123666,0.00880593
-0.0206,0,0
-0.0202,0.00589447,0.00590477
-0.0198,0,0
-0.0194,0,0
-0.019,0.00634436,0.0063563
-0.0186,0,0
-0.0182,0.0125882,0.00891783
-0.0178,0,0
-0.0174,0,0
-0.017,0.00650494,0.00651748
-0.0166,0,0
-0.0162,0,0
-0.0158,0,0
-0.0154,0,0
-0.015,0.00619849,0.00620988
-0.0146,0.00581917,0.00582921
-0.0142,0,0
-0.0138,0,0
-0.0134,0,0
-0.013,0,0
-0.0126,0.005871,0.00588122
-0.0122,0,0
-0.0118,0.00597014,0.00598071
-0.0114,0,0
-0.011,0.00653143,0.00654408
-0.0106,0,0
-0.0102,0,0
-0.0098,0.0124828,0.00884852
-0.0094,0,0
-0.009,0.0060875,0.00609848
-0.0086,0,0
-0.0082,0.0066016,0.00661452
-0.0078,0.0126117,0.00894435
-0.0074,0.00603182,0.00604261
-0.007,0.00603131,0.0060421
-0.0066,0.006423,0.00643523
-0.0062,0.00642239,0.00643462
-0.0058,0.00601309,0.00602382
-0.0054,0,0
-0.005,0.00648461,0.00649708
-0.0046,0.00979257,0.00772116
-0.0042,0.00254623,0.00394132
-0.0038,0.0242256,0.0124978
-0.0034,0.0335379,0.0145302
-0.003,0.0376328,0.0148088
-0.0026,0.126051,0.0275625
-0.0022,0.150737,0.0312498
-0.0018,0.333126,0.047377
-0.0014,0.459567,0.054538
-0.001,0.785888,0.0698873
-0.0006,0.809238,0.0721703
-0.0002,1.16243,0.0856144
0.0002,0.95286,0.0742695
0.0006,0.786324,0.0696961
0.001,0.715826,0.0677425
0.0014,0.342843,0.045021
0.0018,0.201373,0.0350079
0.0022,0.102251,0.0251464
0.0026,0.0475112,0.0168277
0.003,0.0252653,0.0126564
0.0034,0,0
0.0038,0.0118604,0.00840138
0.0042,0.00599368,0.00600435
0.0046,0.00595942,0.00596997
0.005,0.0121518,0.00860973
0.0054,0,0
0.0058,0.00635632,0.00636832
0.0062,0.0192527,0.0111396
0.0066,0,0
0.007,0.00623698,0.00624853
0.0074,0,0
0.0078,0.0122073,0.00864902
0.0082,0,0
0.0086,0.00613312,0.00614429
0.009,0,0
0.0094,0,0
0.0098,0,0
0.0102,0.00572238,0.00573211
0.0106,0,0
0.011,0,0
0.0114,0,0
0.0118,0,0
0.0122,0.00618325,0.00619462
0.0126,0.00620496,0.0062164
0.013,0,0
0.0134,0.00615535,0.00616661
0.0138,0,0
0.0142,0,0
0.0146,0.00609286,0.0061039
0.015,0,0
0.0154,0.000488915,0.00183189
0.0158,0,0
0.0162,0,0
0.0166,0,0
0.017,0,0
0.0174,0,0
0.0178,0.00606435,0.00607528
0.0182,0.00234053,0.00388584
0.0186,0,0
0.019,0,0
0.0194,0,0
0.0198,0,0
0.0202,0,0
0.0206,0.00608962,0.00610065
0.021,0,0
0.0214,0.00377155,0.00481283
0.0218,0,0
0.0222,0.00615535,0.00616662
0.0226,0.00369166,0.00481356
0.023,0,0
0.0234,0,0
0.0238,0.0061256,0.00613676
0.0242,8.78093e-05,0.00073472
0.0246,0,0
0.025,0,0
0.0254,0,0
0.0258,0,0
0.0262,0,0
0.0266,0,0
0.027,0.00627443,0.00628614
0.0274,0,0
0.0278,0,0
0.0282,0.00587299,0.00588326
0.0286,0,0
0.029,0,0
0.0294,0,0
0.0298,0,0
0.0302,0,0
0.0306,0,0
0.031,0,0
0.0314,0,0
0.0318,0,0
0.0322,0,0
0.0326,0,0
0.033,0,0
0.0334,0,0
0.0338,0,0
0.0342,0.00577364,0.00578357
0.0346,0,0
0.035,0.00633915,0.00635111
0.0354,0.00623122,0.00624278
0.0358,0,0
0.0362,0,0
0.0366,0.00680404,0.00681783
0.037,0,0
0.0374,0,0
0.0378,0.00647136,0.00648383
0.0382,0,0
0.0386,0,0
0.039,0.00665268,0.00666587
0.0394,0,0
0.0398,0,0
0.0402,0,0
0.0406,0,0
0.041,0,0
0.0414,0,0
0.0418,0.00631007,0.00633701
0.0422,0,0
0.0426,0,0
0.043,0,0
0.0434,0,0
0.0438,0.00511556,0.00512336
0.0442,0,0
0.0446,0.006005,0.00601575
0.045,0,0
0.0454,0,0
0.0458,0,0
0.0462,0,0
0.0466,0,0
0.047,0.0124827,0.00884303
0.0474,0,0
0.0478,0,0
0.0482,0,0
0.0486,0,0
0.049,0,0
0.0494,0,0
0.0498,0.00699078,0.00700535
0.0502,0,0
0.0506,0,0
0.051,0,0
0.0514,0,0
0.0518,0,0
0.0522,0,0
0.0526,0,0
0.053,0.00507684,0.00550032
0.0534,0,0
0.0538,0.00626626,0.00627797
0.0542,0,0
0.0546,0,0
0.055,0,0
0.0554,0,0
0.0558,0,0
0.0562,0,0
0.0566,0,0
0.057,0,0
0.0574,0.00613472,0.00614595
0.0578,0,0
0.0582,0,0
0.0586,0,0
0.059,0.00602956,0.00604041
0.0594,0.00633285,0.00634481
0.0598,0,0
0.0602,0,0
0.0606,0,0
0.061,0,0
0.0614,0,0
0.0618,0,0
0.0622,0,0
0.0626,0.00516327,0.00585526
0.063,0,0
0.0634,0,0
0.0638,0,0
0.0642,0,0
0.0646,0.00594428,0.00595483
0.065,0,0
0.0654,0,0
0.0658,0.00262991,0.00404791
0.0662,0,0
0.0666,0,0
0.067,0,0
0.0674,0,0
0.0678,0.00573558,0.0057454
0.0682,0,0
0.0686,0,0
0.069,0,0
0.0694,0,0
0.0698,0,0
0.0702,0,0
0.0706,0,0
0.071,0,0
0.0714,0,0
0.0718,0,0
0.0722,0,0
0.0726,0,0
0.073,0.00590817,0.00591859
0.0734,0,0
0.0738,0,0
0.0742,0,0
0.0746,0,0
0.075,0,0
0.0754,0,0
0.0758,0,0
0.0762,0,0
0.0766,0,0
0.077,0.00658751,0.00660047
0.0774,0,0
0.0778,0,0
0.0782,0,0
0.0786,0.00560992,0.00561931
0.079,0,0
0.0794,0,0
0.0798,0,0
0.0802,0,0
0.0806,0,0
0.081,0,0
0.0814,0,0
0.0818,0,0
0.0822,0.0057811,0.00579108
0.0826,0,0
0.083,0,0
0.0834,0,0
0.0838,0,0
0.0842,0,0
0.0846,0,0
0.085,0.00644499,0.00645739
0.0854,0,0
0.0858,0,0
0.0862,0,0
0.0866,0,0
0.087,0,0
0.0874,0,0
0.0878,0,0
0.0882,0,0
0.0886,0,0
0.089,0,0
0.0894,0,0
0.0898,0,0
0.0902,0,0
0.0906,0,0
0.091,0,0
0.0914,0,0
0.0918,0,0
0.0922,0,0
0.0926,0,0
0.093,0.00596419,0.00620972
0.0934,0.00614725,0.00615853
0.0938,0,0
0.0942,0,0
0.0946,0,0
0.095,0,0
0.0954,0,0
0.0958,0,0
0.0962,0,0
0.0966,0,0
0.097,0,0
0.0974,0,0
0.0978,0,0
0.0982,0,0
0.0986,0.00674406,0.00675762
0.099,0,0
0.0994,0,0
0.0998,0,0
0.1002,0,0
0.1006,0,0
0.101,0,0
0.1014,0,0
0.1018,0,0
0.1022,0,0
0.1026,0,0
0.103,0,0
0.1034,0,0
0.1038,0,0
0.1042,0,0
0.1046,0,0
0.105,0,0
0.1054,0,0
0.1058,0,0
0.1062,0,0
0.1066,0,0
0.107,0,0
0.1074,0,0
0.1078,0,0
0.1082,0,0
0.1086,0.0086264,0.00864856
0.109,0,0
0.1094,0,0
0.1098,0,0
0.1102,0,0
0.1106,0,0
0.111,0,0
0.1114,0,0
0.1118,0,0
0.1122,0,0
0.1126,0,0
0.113,0,0
0.1134,0,0
0.1138,0,0
0.1142,0,0
0.1146,0,0
0.115,0,0
0.1154,0,0
0.1158,0,0
0.1162,0,0
0.1166,0,0
0.117,0,0
0.1174,0,0
0.1178,0,0
0.1182,0.0101446,0.0101751
0.1186,0.00971196,0.00973999
0.119,0,0
0.1194,0,0
0.1198,0,0
5
-0.1198,0,0
-0.1194,0,0
-0.119,0,0
-0.1186,0,0
-0.1182,0,0
-0.1178,0,0
-0.1174,0,0
-0.117,0,0
-0.1166,0,0
-0.1162,0,0
-0.1158,0,0
-0.1154,0,0
-0.115,0,0
-0.1146,0.00608946,0.0061007
-0.1142,0,0
-0.1138,0.00625304,0.00626488
-0.1134,0,0
-0.113,0,0
-0.1126,0,0
-0.1122,0,0
-0.1118,0,0
-0.1114,0,0
-0.111,0,0
-0.1106,0,0
-0.1102,0,0
-0.1098,0,0
-0.1094,0,0
-0.109,0,0
-0.1086,0,0
-0.1082,0,0
-0.1078,0,0
-0.1074,0,0
-0.107,0,0
-0.1066,0,0
-0.1062,0.00686157,0.00687575
-0.1058,0,0
-0.1054,0,0
-0.105,0,0
-0.1046,0,0
-0.1042,0,0
-0.1038,0,0
-0.1034,0,0
-0.103,0,0
-0.1026,0,0
-0.1022,0,0
-0.1018,0,0
-0.1014,0,0
-0.101,0.00640619,0.00641851
-0.1006,0,0
-0.1002,0,0
-0.0998,0,0
-0.0994,0,0
-0.099,0.00593882,0.00594939
-0.0986,0,0
-0.0982,0.00606598,0.006077
-0.0978,0,0
-0.0974,0,0
-0.097,0,0
-0.0966,0,0
-0.0962,0,0
-0.0958,0,0
-0.0954,0,0
-0.095,0,0
-0.0946,0,0
-0.0942,0,0
-0.0938,0,0
-0.0934,0,0
-0.093,0,0
-0.0926,0,0
-0.0922,0,0
-0.0918,0,0
-0.0914,0,0
-0.091,0,0
-0.0906,0,0
-0.0902,0,0
-0.0898,0,0
-0.0894,0,0
-0.089,0,0
-0.0886,0,0
-0.0882,0,0
-0.0878,0,0
-0.0874,0,0
-0.087,0,0
-0.0866,0,0
-0.0862,0,0
-0.0858,0,0
-0.0854,0.0108982,0.00844778
-0.085,0,0
-0.0846,0,0
-0.0842,0,0
-0.0838,0,0
-0.0834,0,0
-0.083,0,0
-0.0826,0,0
-0.0822,0.00646621,0.00647861
-0.0818,0,0
-0.0814,0,0
-0.081,0,0
-0.0806,0,0
-0.0802,0,0
-0.0798,0,0
-0.0794,0.00609956,0.00611058
-0.079,0,0
-0.0786,0,0
-0.0782,0.00609046,0.00610144
-0.0778,0,0
-0.0774,0,0
-0.077,0,0
-0.0766,0,0
-0.0762,0,0
-0.0758,0,0
-0.0754,0,0
-0.075,0,0
-0.0746,0,0
-0.0742,0,0
-0.0738,0,0
-0.0734,0,0
-0.073,0,0
-0.0726,0,0
-0.0722,0,0
-0.0718,0,0
-0.0714,0,0
-0.071,0,0
-0.0706,0,0
-0.0702,0,0
-0.0698,0,0
-0.0694,0,0
-0.069,0,0
-0.0686,0,0
-0.0682,0,0
-0.0678,0.00622315,0.00623455
-0.0674,0,0
-0.067,0,0
-0.0666,0,0
-0.0662,0,0
-0.0658,0,0
-0.0654,0,0
-0.065,0,0
-0.0646,0,0
-0.0642,0,0
-0.0638,0,0
-0.0634,0.00737346,0.00738943
-0.063,0,0
-0.0626,0,0
-0.0622,0.000671526,0.00211586
-0.0618,0,0
-0.0614,0,0
-0.061,0.00640918,0.00642123
-0.0606,0.00645816,0.00647039
-0.0602,0.0060445,0.00605522
-0.0598,0.00563613,0.00564545
-0.0594,0.0065612,0.00657382
-0.059,0,0
-0.0586,0,0
-0.0582,0,0
-0.0578,0,0
-0.0574,0,0
-0.057,0,0
-0.0566,0,0
-0.0562,0.0133886,0.00949062
-0.0558,0.00622726,0.00636495
-0.0554,0,0
-0.055,0,0
-0.0546,0,0
-0.0542,0,0
-0.0538,0,0
-0.0534,0,0
-0.053,0,0
-0.0526,0.00591166,0.00592188
-0.0522,0,0
-0.0518,0,0
-0.0514,0,0
-0.051,0,0
-0.0506,0,0
-0.0502,0.00636773,0.00637957
-0.0498,0,0
-0.0494,0,0
-0.049,0,0
-0.0486,0.00618574,0.00619691
-0.0482,0,0
-0.0478,0,0
-0.0474,0,0
-0.047,0,0
-0.0466,0,0
-0.0462,0,0
-0.0458,0,0
-0.0454,0,0
-0.045,0,0
-0.0446,0,0
-0.0442,0,0
-0.0438,0,0
-0.0434,0,0
-0.043,0,0
-0.0426,0,0
-0.0422,0,0
-0.0418,0,0
-0.0414,0,0
-0.041,0,0
-0.0406,0,0
-0.0402,0,0
-0.0398,0,0
-0.0394,0,0
-0.039,0.00102075,0.00254772
-0.0386,0,0
-0.0382,0,0
-0.0378,0,0
-0.0374,0,0
-0.037,0,0
-0.0366,0,0
-0.0362,0,0
-0.0358,0,0
-0.0354,0,0
-0.035,0,0
-0.0346,0,0
-0.0342,0,0
-0.0338,0,0
-0.0334,0,0
-0.033,0,0
-0.0326,0,0
-0.0322,0.0117097,0.00829412
-0.0318,0,0
-0.0314,0,0
-0.031,0,0
-0.0306,0,0
-0.0302,0,0
-0.0298,0,0
-0.0294,0,0
-0.029,0,0
-0.0286,0.0126053,0.00892959
-0.0282,0,0
-0.0278,0,0
-0.0274,0,0
-0.027,0,0
-0.0266,0,0
-0.0262,0,0
-0.0258,0,0
-0.0254,0,0
-0.025,0,0
-0.0246,0,0
-0.0242,0,0
-0.0238,0.00624478,0.00625608
-0.0234,0,0
-0.023,0,0
-0.0226,0.00617838,0.00618944
-0.0222,0,0
-0.0218,0,0
-0.0214,0,0
-0.021,0,0
-0.0206,0,0
-0.0202,0,0
-0.0198,0,0
-0.0194,0,0
-0.019,0,0
-0.0186,0,0
-0.0182,0.0128927,0.00913356
-0.0178,0,0
-0.0174,0,0
-0.017,0,0
-0.0166,0,0
-0.0162,0.0069747,0.00698877
-0.0158,0,0
-0.0154,0,0
-0.015,0.00635147,0.00636314
-0.0146,0.00596346,0.00597375
-0.0142,0,0
-0.0138,0,0
-0.0134,0,0
-0.013,0.00653159,0.00654393
-0.0126,0.00653096,0.0065433
-0.0122,0,0
-0.0118,0.00617532,0.00618635
-0.0114,0,0
-0.011,0,0
-0.0106,0,0
-0.0102,0,0
-0.0098,0,0
-0.0094,0,0
-0.009,0.0062471,0.00625837
-0.0086,0,0
-0.0082,0,0
-0.0078,0.0135532,0.00960235
-0.0074,0,0
-0.007,0,0
-0.0066,0,0
-0.0062,0.006555,0.00656741
-0.0058,0,0
-0.0054,0,0
-0.005,0.0198214,0.0114666
-0.0046,0.00623419,0.0062454
-0.0042,0.0315073,0.014117
-0.0038,0.0195495,0.0113131
-0.0034,0.0318863,0.0143343
-0.003,0.047121,0.0166286
-0.0026,0.124065,0.0277755
-0.0022,0.228836,0.0387716
-0.0018,0.412118,0.0534319
-0.0014,0.627641,0.0645411
-0.001,0.903347,0.0759741
-0.0006,1.15375,0.087423
-0.0002,1.19158,0.0879659
0.0002,0.978308,0.0763303
0.0006,0.748438,0.0689145
0.001,0.690202,0.0674349
0.0014,0.429026,0.0510342
0.0018,0.270973,0.0412759
0.0022,0.097811,0.0249781
0.0026,0.0729092,0.0211474
0.003,0.0382534,0.0156519
0.0034,0.0346882,0.0155724
0.0038,0.00616987,0.00618085
0.0042,0.0061699,0.00618088
0.0046,0,0
0.005,0.00637469,0.00638641
0.0054,0,0
0.0058,0.0067122,0.00672519
0.0062,0,0
0.0066,0,0
0.007,0.0128425,0.00909789
0.0074,0,0
0.0078,0,0
0.0082,0,0
0.0086,0,0
0.009,0.00632027,0.0063318
0.0094,0,0
0.0098,0.00633336,0.00634493
0.0102,0,0
0.0106,0,0
0.011,0,0
0.0114,0,0
0.0118,0,0
0.0122,0,0
0.0126,0,0
0.013,0,0
0.0134,0,0
0.0138,0,0
0.0142,0.00643946,0.00645143
0.0146,0,0
0.015,0,0
0.0154,0.00653925,0.00680022
0.0158,0,0
0.0162,0,0
0.0166,0,0
0.017,0,0
0.0174,0.0060311,0.0060416
0.0178,0,0
0.0182,0,0
0.0186,0,0
0.019,0.0064458,0.00645779
0.0194,0.00625628,0.00626758
0.0198,0,0
0.0202,0,0
0.0206,0,0
0.021,0,0
0.0214,0,0
0.0218,0,0
0.0222,0,0
0.0226,0.00644803,0.00646002
0.023,0,0
0.0234,0,0
0.0238,0,0
0.0242,0,0
0.0246,0,0
0.025,0,0
0.0254,0,0
0.0258,0,0
0.0262,0,0
0.0266,0,0
0.027,0.00642042,0.00643231
0.0274,0,0
0.0278,0,0
0.0282,0.0125348,0.00888434
0.0286,0.00611365,0.00612443
0.029,0,0
0.0294,0,0
0.0298,0,0
0.0302,0,0
0.0306,0,0
0.031,0,0
0.0314,0,0
0.0318,0,0
0.0322,0,0
0.0326,0,0
0.033,0,0
0.0334,0,0
0.0338,0,0
0.0342,0,0
0.0346,0,0
0.035,0,0
0.0354,0,0
0.0358,0,0
0.0362,0.00703142,0.00704567
0.0366,0.00703157,0.00704582
0.037,0,0
0.0374,0,0
0.0378,0,0
0.0382,0,0
0.0386,0,0
0.039,0.00687869,0.00689233
0.0394,0,0
0.0398,0,0
0.0402,0,0
0.0406,0,0
0.041,0,0
0.0414,0,0
0.0418,3.10526e-05,0.000452146
0.0422,0.00645452,0.00646652
0.0426,0,0
0.043,0,0
0.0434,0,0
0.0438,0,0
0.0442,0.00529424,0.00530232
0.0446,0.0186472,0.0107853
0.045,0.00629921,0.00631063
0.0454,0,0
0.0458,0,0
0.0462,0,0
0.0466,0,0
0.047,0.0127248,0.00901545
0.0474,0,0
0.0478,0.0057044,0.00571377
0.0482,0,0
0.0486,0,0
0.049,0,0
0.0494,0,0
0.0498,0,0
0.0502,0,0
0.0506,0.00619134,0.00620237
0.051,0,0
0.0514,0,0
0.0518,0,0
0.0522,0,0
0.0526,0,0
0.053,0.000893356,0.00234995
0.0534,0,0
0.0538,0,0
0.0542,0.00599396,0.0060043
0.0546,0,0
0.055,0,0
0.0554,0.00582692,0.00583669
0.0558,0,0
0.0562,0,0
0.0566,0.00686733,0.00688088
0.057,0,0
0.0574,0,0
0.0578,0,0
0.0582,0,0
0.0586,0,0
0.059,0,0
0.0594,0,0
0.0598,0,0
0.0602,0,0
0.0606,0,0
0.061,0.0062727,0.006284
0.0614,0,0
0.0618,0,0
0.0622,0,0
0.0626,0,0
0.063,0,0
0.0634,0,0
0.0638,0,0
0.0642,0,0
0.0646,0,0
0.065,0.00606292,0.00607347
0.0654,0,0
0.0658,0.00646105,0.00647302
0.0662,0,0
0.0666,0,0
0.067,0,0
0.0674,0,0
0.0678,0,0
0.0682,0.00597807,0.00598831
0.0686,0,0
0.069,0,0
0.0694,0,0
0.0698,0,0
0.0702,0,0
0.0706,0,0
0.071,0,0
0.0714,0,0
0.0718,0,0
0.0722,0.00231133,0.00392536
0.0726,0,0
0.073,0,0
0.0734,0,0
0.0738,0,0
0.0742,0,0
0.0746,0.00615852,0.00616937
0.075,0,0
0.0754,0,0
0.0758,0,0
0.0762,0,0
0.0766,0,0
0.077,0,0
0.0774,0,0
0.0778,0,0
0.0782,0,0
0.0786,0,0
0.079,0,0
0.0794,0,0
0.0798,0,0
0.0802,0,0
0.0806,0,0
0.081,0,0
0.0814,0,0
0.0818,0,0
0.0822,0.00605077,0.00606122
0.0826,0,0
0.083,0,0
0.0834,0,0
0.0838,0,0
0.0842,0,0
0.0846,0,0
0.085,0,0
0.0854,0,0
0.0858,0,0
0.0862,0,0
0.0866,0.00598901,0.00599923
0.087,0,0
0.0874,0,0
0.0878,0,0
0.0882,0,0
0.0886,0,0
0.089,0,0
0.0894,0,0
0.0898,0,0
0.0902,0.00623248,0.00624353
0.0906,0,0
0.091,0,0
0.0914,0,0
0.0918,0,0
0.0922,0,0
0.0926,0.00620337,0.00621431
0.093,0,0
0.0934,0,0
0.0938,0,0
0.0942,0,0
0.0946,0,0
0.095,0,0
0.0954,0,0
0.0958,0,0
0.0962,0,0
0.0966,0,0
0.097,0,0
0.0974,0,0
0.0978,0,0
0.0982,0,0
0.0986,0,0
0.099,0,0
0.0994,0,0
0.0998,0,0
0.1002,0,0
0.1006,0,0
0.101,0,0
0.1014,0.00683435,0.00684757
0.1018,0.00760957,0.00762595
0.1022,0,0
0.1026,0,0
0.103,0,0
0.1034,0,0
0.1038,0,0
0.1042,0,0
0.1046,0,0
0.105,0,0
0.1054,0,0
0.1058,0,0
0.1062,0,0
0.1066,0.00732717,0.00734233
0.107,0,0
0.1074,0,0
0.1078,0,0
0.1082,0,0
0.1086,0,0
0.109,0,0
0.1094,0.00899248,0.00901527
0.1098,0,0
0.1102,0,0
0.1106,0,0
0.111,0.00831141,0.00833087
0.1114,0,0
0.1118,0,0
0.1122,0,0
0.1126,0,0
0.113,0,0
0.1134,0,0
0.1138,0,0
0.1142,0,0
0.1146,0,0
0.115,0,0
0.1154,0,0
0.1158,0,0
0.1162,0,0
0.1166,0.0112144,0.0112497
0.117,0.0105154,0.0105464
0.1174,0,0
0.1178,0,0
0.1182,0,0
0.1186,0,0
0.119,0,0
0.1194,0,0
0.1198,0,0
6
-0.1198,0,0
-0.1194,0,0
-0.119,0,0
-0.1186,0,0
-0.1182,0,0
-0.1178,0,0
-0.1174,0,0
-0.117,0,0
-0.1166,0,0
-0.1162,0,0
-0.1158,0,0
-0.1154,0,0
-0.115,0,0
-0.1146,0,0
-0.1142,0,0
-0.1138,0,0
-0.1134,0,0
-0.113,0,0
-0.1126,0,0
-0.1122,0,0
-0.1118,0,0
-0.1114,0,0
-0.111,0,0
-0.1106,0.00153923,0.00306701
-0.1102,0,0
-0.1098,0,0
-0.1094,0,0
-0.109,0,0
-0.1086,0,0
-0.1082,0.00108662,0.00241927
-0.1078,0,0
-0.1074,0,0
-0.107,0,0
-0.1066,0,0
-0.1062,0,0
-0.1058,0,0
-0.1054,0,0
-0.105,0,0
-0.1046,0,0
-0.1042,0,0
-0.1038,0,0
-0.1034,0,0
-0.103,0,0
-0.1026,0,0
-0.1022,0,0
-0.1018,0,0
-0.1014,0,0
-0.101,0,0
-0.1006,0,0
-0.1002,0,0
-0.0998,0,0
-0.0994,0,0
-0.099,0,0
-0.0986,0,0
-0.0982,0,0
-0.0978,0,0
-0.0974,0,0
-0.097,0,0
-0.0966,0,0
-0.0962,0,0
-0.0958,0,0
-0.0954,0,0
-0.095,0,0
-0.0946,0,0
-0.0942,0,0
-0.0938,0,0
-0.0934,0,0
-0.093,0,0
-0.0926,0,0
-0.0922,0,0
-0.0918,0,0
-0.0914,0,0
-0.091,0,0
-0.0906,0,0
-0.0902,0,0
-0.0898,0,0
-0.0894,0,0
-0.089,0,0
-0.0886,0,0
-0.0882,0,0
-0.0878,0,0
-0.0874,0,0
-0.087,0,0
-0.0866,0,0
-0.0862,0,0
-0.0858,0,0
-0.0854,0,0
-0.085,0,0
-0.0846,0,0
-0.0842,0,0
-0.0838,0,0
-0.0834,0,0
-0.083,0,0
-0.0826,0,0
-0.0822,0,0
-0.0818,0,0
-0.0814,0,0
-0.081,0,0
-0.0806,0,0
-0.0802,0,0
-0.0798,0,0
-0.0794,0.00536567,0.00537536
-0.079,0,0
-0.0786,0,0
-0.0782,0,0
-0.0778,0,0
-0.0774,0,0
-0.077,0,0
-0.0766,0,0
-0.0762,0,0
-0.0758,0,0
-0.0754,0,0
-0.075,0,0
-0.0746,0,0
-0.0742,0,0
-0.0738,0.00540743,0.00541733
-0.0734,0,0
-0.073,0,0
-0.0726,0,0
-0.0722,0,0
-0.0718,0,0
-0.0714,0,0
-0.071,0,0
-0.0706,0,0
-0.0702,0,0
-0.0698,0,0
-0.0694,0,0
-0.069,0,0
-0.0686,0,0
-0.0682,0,0
-0.0678,0,0
-0.0674,0,0
-0.067,0,0
-0.0666,0,0
-0.0662,0,0
-0.0658,0,0
-0.0654,0,0
-0.065,0,0
-0.0646,0,0
-0.0642,0.00561492,0.00562569
-0.0638,0,0
-0.0634,0.0101408,0.00718304
-0.063,0.00622435,0.00623759
-0.0626,0,0
-0.0622,0.00512399,0.00541506
-0.0618,0,0
-0.0614,0,0
-0.061,0,0
-0.0606,0,0
-0.0602,0,0
-0.0598,0,0
-0.0594,0,0
-0.059,0,0
-0.0586,0,0
-0.0582,0.00561655,0.00562737
-0.0578,0,0
-0.0574,0.00511398,0.00512296
-0.057,0,0
-0.0566,0,0
-0.0562,0,0
-0.0558,0,0
-0.0554,0,0
-0.055,0,0
-0.0546,0,0
-0.0542,0,0
-0.0538,0,0
-0.0534,0,0
-0.053,0,0
-0.0526,0,0
-0.0522,0,0
-0.0518,0,0
-0.0514,0,0
-0.051,0,0
-0.0506,0,0
-0.0502,0,0
-0.0498,0,0
-0.0494,0,0
-0.049,0,0
-0.0486,0,0
-0.0482,0,0
-0.0478,0,0
-0.0474,0,0
-0.047,0.00581725,0.00582896
-0.0466,0,0
-0.0462,0,0
-0.0458,0,0
-0.0454,0.00555333,0.00556402
-0.045,0,0
-0.0446,0,0
-0.0442,0,0
-0.0438,0,0
-0.0434,0,0
-0.043,0,0
-0.0426,0,0
-0.0422,0,0
-0.0418,0,0
-0.0414,0,0
-0.041,0,0
-0.0406,0,0
-0.0402,0,0
-0.0398,0,0
-0.0394,0,0
-0.039,0.00444518,0.00486226
-0.0386,0.0050093,0.00501803
-0.0382,0,0
-0.0378,0,0
-0.0374,0,0
-0.037,0,0
-0.0366,0,0
-0.0362,0,0
-0.0358,0,0
-0.0354,0,0
-0.035,0,0
-0.0346,0,0
-0.0342,0,0
-0.0338,0,0
-0.0334,0.00520042,0.00520986
-0.033,0,0
-0.0326,0,0
-0.0322,0,0
-0.0318,0,0
-0.0314,0,0
-0.031,0,0
-0.0306,0,0
-0.0302,0,0
-0.0298,0,0
-0.0294,0,0
-0.029,0,0
-0.0286,0,0
-0.0282,0,0
-0.0278,0,0
-0.0274,0,0
-0.027,0,0
-0.0266,0,0
-0.0262,0,0
-0.0258,0,0
-0.0254,0.00542527,0.00543558
-0.025,0,0
-0.0246,0.00518531,0.00519474
-0.0242,0,0
-0.0238,0,0
-0.0234,0.00500228,0.00501106
-0.023,0,0
-0.0226,0.0053997,0.00540993
-0.0222,0,0
-0.0218,0,0
-0.0214,0,0
-0.021,0,0
-0.0206,0,0
-0.0202,0,0
-0.0198,0,0
-0.0194,0.00546051,0.00547098
-0.019,0,0
-0.0186,0,0
-0.0182,0,0
-0.0178,0,0
-0.0174,0,0
-0.017,0,0
-0.0166,0,0
-0.0162,0,0
-0.0158,0,0
-0.0154,0,0
-0.015,0,0
-0.0146,0,0
-0.0142,0,0
-0.0138,0,0
-0.0134,0,0
-0.013,0,0
-0.0126,0,0
-0.0122,0,0
-0.0118,0,0
-0.0114,0,0
-0.011,0,0
-0.0106,0,0
-0.0102,0.00529205,0.00530192
-0.0098,0,0
-0.0094,0,0
-0.009,0.0051163,0.00512553
-0.0086,0.00999854,0.00708252
-0.0082,0,0
-0.0078,0,0
-0.0074,0,0
-0.007,0,0
-0.0066,0.00539588,0.00540616
-0.0062,0.0107216,0.0075957
-0.0058,0,0
-0.0054,0,0
-0.005,0,0
-0.0046,0,0
-0.0042,0,0
-0.0038,0,0
-0.0034,0.000119325,0.000814927
-0.003,0.0273648,0.0112572
-0.0026,0.0248312,0.0111742
-0.0022,0.0437054,0.0154967
-0.0018,0.173259,0.0311993
-0.0014,0.226539,0.0350382
-0.001,0.357872,0.0431753
-0.0006,0.349955,0.0434722
-0.0002,0.452591,0.0492208
0.0002,0.324273,0.0396893
0.0006,0.361469,0.0433519
0.001,0.342709,0.0429257
0.0014,0.247024,0.0350107
0.0018,0.157925,0.0284189
0.0022,0.0822166,0.0205978
0.0026,0.0352594,0.0132833
0.003,0.0212216,0.0106308
0.0034,0.0164428,0.00952148
0.0038,0.0149989,0.00867507
0.0042,0.0155314,0.00899022
0.0046,0.0154751,0.00895857
0.005,0.0104077,0.00737288
0.0054,0,0
0.0058,0.010686,0.00757042
0.0062,0.00522372,0.00523336
0.0066,0,0
0.007,0,0
0.0074,0.00524606,0.00525578
0.0078,0,0
0.0082,0,0
0.0086,0,0
0.009,0,0
0.0094,0.00516071,0.00517011
0.0098,0,0
0.0102,0,0
0.0106,0,0
0.011,0,0
0.0114,0,0
0.0118,0,0
0.0122,0,0
0.0126,0.010568,0.00748692
0.013,0,0
0.0134,0,0
0.0138,0,0
0.0142,0,0
0.0146,0,0
0.015,0,0
0.0154,0,0
0.0158,0,0
0.0162,0,0
0.0166,0,0
0.017,0,0
0.0174,0,0
0.0178,0,0
0.0182,0,0
0.0186,0,0
0.019,0,0
0.0194,0,0
0.0198,0,0
0.0202,0,0
0.0206,0,0
0.021,0,0
0.0214,0,0
0.0218,0,0
0.0222,0.00526997,0.00527962
0.0226,0,0
0.023,0,0
0.0234,0,0
0.0238,0,0
0.0242,0,0
0.0246,0,0
0.025,0,0
0.0254,0.00484705,0.00485517
0.0258,0,0
0.0262,0,0
0.0266,0,0
0.027,0,0
0.0274,0,0
0.0278,0,0
0.0282,0,0
0.0286,0,0
0.029,0,0
0.0294,0,0
0.0298,0,0
0.0302,0,0
0.0306,0,0
0.031,0,0
0.0314,0,0
0.0318,0,0
0.0322,0,0
0.0326,0,0
0.033,0,0
0.0334,0,0
0.0338,0,0
0.0342,0,0
0.0346,0,0
0.035,0,0
0.0354,0,0
0.0358,0,0
0.0362,0,0
0.0366,0.00534591,0.0053556
0.037,0,0
0.0374,0,0
0.0378,0,0
0.0382,0,0
0.0386,0,0
0.039,0,0
0.0394,0,0
0.0398,0,0
0.0402,0,0
0.0406,0,0
0.041,0,0
0.0414,0,0
0.0418,0,0
0.0422,0,0
0.0426,0,0
0.043,0,0
0.0434,0,0
0.0438,0,0
0.0442,0.00455076,0.0045577
0.0446,0,0
0.045,0,0
0.0454,0,0
0.0458,0,0
0.0462,0,0
0.0466,0,0
0.047,0,0
0.0474,0,0
0.0478,0,0
0.0482,0,0
0.0486,0,0
0.049,0,0
0.0494,0,0
0.0498,0,0
0.0502,0,0
0.0506,0,0
0.051,0,0
0.0514,0,0
0.0518,0,0
0.0522,0,0
0.0526,0.00538832,0.00539791
0.053,0,0
0.0534,0,0
0.0538,0,0
0.0542,0,0
0.0546,0,0
0.055,0,0
0.0554,0,0
0.0558,0,0
0.0562,0,0
0.0566,0,0
0.057,0,0
0.0574,0,0
0.0578,0.0112825,0.00799274
0.0582,0,0
0.0586,0.00532515,0.00533444
0.059,0,0
0.0594,0,0
0.0598,0,0
0.0602,0,0
0.0606,0,0
0.061,0,0
0.0614,0,0
0.0618,0,0
0.0622,0,0
0.0626,0,0
0.063,0,0
0.0634,0,0
0.0638,0,0
0.0642,0,0
0.0646,0,0
0.065,0,0
0.0654,0,0
0.0658,0,0
0.0662,0,0
0.0666,0,0
0.067,0,0
0.0674,0,0
0.0678,0,0
0.0682,0,0
0.0686,0.00258808,0.00383389
0.069,0,0
0.0694,0,0
0.0698,0,0
0.0702,0,0
0.0706,0,0
0.071,0,0
0.0714,0,0
0.0718,0,0
0.0722,0.00978892,0.00763059
0.0726,0.00562965,0.0056398
0.073,0,0
0.0734,0,0
0.0738,0,0
0.0742,0,0
0.0746,0,0
0.075,0,0
0.0754,0,0
0.0758,0,0
0.0762,0,0
0.0766,0.00590028,0.00591137
0.077,0,0
0.0774,0,0
0.0778,0,0
0.0782,0,0
0.0786,0,0
0.079,0,0
0.0794,0,0
0.0798,0,0
0.0802,0,0
0.0806,0,0
0.081,0,0
0.0814,0,0
0.0818,0,0
0.0822,0,0
0.0826,0,0
0.083,0,0
0.0834,0,0
0.0838,0,0
0.0842,0,0
0.0846,0,0
0.085,0,0
0.0854,0,0
0.0858,0,0
0.0862,0,0
0.0866,0,0
0.087,0.00622139,0.00623354
0.0874,0.00622489,0.00623704
0.0878,0,0
0.0882,0,0
0.0886,0,0
0.089,0,0
0.0894,0,0
0.0898,0,0
0.0902,0,0
0.0906,0,0
0.091,0,0
0.0914,0,0
0.0918,0,0
0.0922,0,0
0.0926,0,0
0.093,0,0
0.0934,0,0
0.0938,0,0
0.0942,0,0
0.0946,0,0
0.095,0,0
0.0954,0,0
0.0958,0,0
0.0962,0,0
0.0966,0,0
0.097,0,0
0.0974,0,0
0.0978,0,0
0.0982,0,0
0.0986,0,0
0.099,0,0
0.0994,0,0
0.0998,0,0
0.1002,0,0
0.1006,0,0
0.101,0,0
0.1014,0,0
0.1018,0,0
0.1022,0,0
0.1026,0,0
0.103,0,0
0.1034,0,0
0.1038,0,0
0.1042,0,0
0.1046,0,0
0.105,0,0
0.1054,0.00698742,0.00700239
0.1058,0,0
0.1062,0,0
0.1066,0,0
0.107,0,0
0.1074,0,0
0.1078,0,0
0.1082,0,0
0.1086,0,0
0.109,0,0
0.1094,0,0
0.1098,0,0
0.1102,0.00810075,0.00812084
0.1106,0,0
0.111,0,0
0.1114,0,0
0.1118,0,0
0.1122,0,0
0.1126,0.0090559,0.00908101
0.113,0,0
0.1134,0,0
0.1138,0,0
0.1142,0.00856993,0.00859243
0.1146,0,0
0.115,0,0
0.1154,0,0
0.1158,0,0
0.1162,0,0
0.1166,0,0
0.117,0,0
0.1174,0,0
0.1178,0,0
0.1182,0,0
0.1186,0,0
0.119,0.0100238,0.0100546
0.1194,0,0
0.1198,0,0
7
-0.1198,0,0
-0.1194,0,0
-0.119,0,0
-0.1186,0,0
-0.1182,0,0
-0.1178,0,0
-0.1174,0,0
-0.117,0,0
-0.1166,0,0
-0.1162,0,0
-0.1158,0,0
-0.1154,0,0
-0.115,0,0
-0.1146,0,0
-0.1142,0,0
-0.1138,0,0
-0.1134,0,0
-0.113,0,0
-0.1126,0,0
-0.1122,0,0
-0.1118,0,0
-0.1114,0,0
-0.111,0,0
-0.1106,0.00443331,0.00513969
-0.1102,0,0
-0.1098,0,0
-0.1094,0.00519697,0.00520638
-0.109,0,0
-0.1086,0.000616391,0.00182441
-0.1082,0.00415767,0.00466406
-0.1078,0,0
-0.1074,0,0
-0.107,0,0
-0.1066,0,0
-0.1062,0,0
-0.1058,0,0
-0.1054,0.00526813,0.00527782
-0.105,0,0
-0.1046,0,0
-0.1042,0,0
-0.1038,0,0
-0.1034,0.0053439,0.00535389
-0.103,0,0
-0.1026,0,0
-0.1022,0,0
-0.1018,0,0
-0.1014,0,0
-0.101,0,0
-0.1006,0.0049362,0.00494475
-0.1002,0.00502151,0.00503036
-0.0998,0,0
-0.0994,0,0
-0.099,0,0
-0.0986,0,0
-0.0982,0,0
-0.0978,0,0
-0.0974,0,0
-0.097,0,0
-0.0966,0,0
-0.0962,0,0
-0.0958,0,0
-0.0954,0,0
-0.095,0,0
-0.0946,0,0
-0.0942,0,0
-0.0938,0,0
-0.0934,0,0
-0.093,0,0
-0.0926,0,0
-0.0922,0,0
-0.0918,0,0
-0.0914,0.00610196,0.00611514
-0.091,0,0
-0.0906,0.00533457,0.00534466
-0.0902,0,0
-0.0898,0,0
-0.0894,0,0
-0.089,0,0
-0.0886,0,0
-0.0882,0,0
-0.0878,0,0
-0.0874,0.00526509,0.00527491
-0.087,0,0
-0.0866,0,0
-0.0862,0,0
-0.0858,0.0108099,0.00765838
-0.0854,0,0
-0.085,0,0
-0.0846,0,0
-0.0842,0,0
-0.0838,0,0
-0.0834,0,0
-0.083,0,0
-0.0826,0.00507041,0.00507951
-0.0822,0,0
-0.0818,0,0
-0.0814,0,0
-0.081,0,0
-0.0806,0,0
-0.0802,0,0
-0.0798,0,0
-0.0794,0,0
-0.079,0,0
-0.0786,0,0
-0.0782,0,0
-0.0778,0,0
-0.0774,0,0
-0.077,0,0
-0.0766,0,0
-0.0762,0,0
-0.0758,0,0
-0.0754,0,0
-0.075,0,0
-0.0746,0.00553002,0.00554079
-0.0742,0,0
-0.0738,0,0
-0.0734,0,0
-0.073,0,0
-0.0726,0,0
-0.0722,0,0
-0.0718,0,0
-0.0714,0,0
-0.071,0,0
-0.0706,0,0
-0.0702,0,0
-0.0698,0,0
-0.0694,0,0
-0.069,0,0
-0.0686,0,0
-0.0682,0,0
-0.0678,0.00563984,0.00565097
-0.0674,0,0
-0.067,0,0
-0.0666,0,0
-0.0662,0.00586499,0.00587701
-0.0658,0,0
-0.0654,0,0
-0.065,0,0
-0.0646,0,0
-0.0642,0,0
-0.0638,0,0
-0.0634,0,0
-0.063,0,0
-0.0626,0,0
-0.0622,0,0
-0.0618,0,0
-0.0614,0,0
-0.061,0,0
-0.0606,0,0
-0.0602,0,0
-0.0598,0.00476167,0.00476954
-0.0594,0,0
-0.059,0,0
-0.0586,0.00510186,0.00511088
-0.0582,0,0
-0.0578,0,0
-0.0574,0,0
-0.057,0,0
-0.0566,0,0
-0.0562,0.0054902,0.00550062
-0.0558,0,0
-0.0554,0,0
-0.055,0,0
-0.0546,0,0
-0.0542,0,0
-0.0538,0,0
-0.0534,0,0
-0.053,0,0
-0.0526,0.00502567,0.00503436
-0.0522,0,0
-0.0518,0,0
-0.0514,0,0
-0.051,0,0
-0.0506,0,0
-0.0502,0,0
-0.0498,0.00571424,0.00572542
-0.0494,0,0
-0.049,0,0
-0.0486,0,0
-0.0482,0,0
-0.0478,0,0
-0.0474,0,0
-0.047,0.00532025,0.00532991
-0.0466,0,0
-0.0462,0,0
-0.0458,0,0
-0.0454,0,0
-0.045,0,0
-0.0446,0,0
-0.0442,0,0
-0.0438,0,0
-0.0434,0,0
-0.043,0,0
-0.0426,0,0
-0.0422,0,0
-0.0418,0,0
-0.0414,0,0
-0.041,0.00371482,0.00460905
-0.0406,0,0
-0.0402,0,0
-0.0398,0,0
-0.0394,0.00547668,0.0054868
-0.039,0,0
-0.0386,0,0
-0.0382,0,0
-0.0378,0,0
-0.0374,0,0
-0.037,0,0
-0.0366,0,0
-0.0362,0,0
-0.0358,0,0
-0.0354,0,0
-0.035,0,0
-0.0346,0,0
-0.0342,0,0
-0.0338,0,0
-0.0334,0,0
-0.033,0,0
-0.0326,0,0
-0.0322,0,0
-0.0318,0,0
-0.0314,0,0
-0.031,0,0
-0.0306,0,0
-0.0302,0,0
-0.0298,0,0
-0.0294,0.00565648,0.00566708
-0.029,0,0
-0.0286,0,0
-0.0282,0,0
-0.0278,0,0
-0.0274,0,0
-0.027,0,0
-0.0266,0,0
-0.0262,0.00594162,0.00595324
-0.0258,0,0
-0.0254,0,0
-0.025,0,0
-0.0246,0,0
-0.0242,0,0
-0.0238,0,0
-0.0234,0,0
-0.023,0,0
-0.0226,0,0
-0.0222,0,0
-0.0218,0,0
-0.0214,0,0
-0.021,0,0
-0.0206,0.00472204,0.00517114
-0.0202,0,0
-0.0198,0,0
-0.0194,0,0
-0.019,0,0
-0.0186,0,0
-0.0182,0,0
-0.0178,0,0
-0.0174,0.00598956,0.00600115
-0.017,0,0
-0.0166,0,0
-0.0162,0,0
-0.0158,0.0057725,0.00578324
-0.0154,0,0
-0.015,0.005712,0.00572249
-0.0146,0,0
-0.0142,0.00551943,0.00552922
-0.0138,0,0
-0.0134,0.00588992,0.00590104
-0.013,0,0
-0.0126,0,0
-0.0122,0.0060112,0.00602276
-0.0118,0.00558347,0.00559343
-0.0114,0,0
-0.011,0,0
-0.0106,0,0
-0.0102,0.0058532,0.00586412
-0.0098,0.00560319,0.00561319
-0.0094,0,0
-0.009,0,0
-0.0086,0,0
-0.0082,0,0
-0.0078,0.00561273,0.00562273
-0.0074,0,0
-0.007,0,0
-0.0066,0.00601069,0.00602214
-0.0062,0.00597643,0.00598774
-0.0058,0,0
-0.0054,0.00592748,0.00593859
-0.005,0.0178717,0.0104062
-0.0046,0,0
-0.0042,0.00571261,0.00572291
-0.0038,0.00659866,0.00640165
-0.0034,0.0186368,0.0107811
-0.003,0.0371503,0.014076
-0.0026,0.0566997,0.0179624
-0.0022,0.103329,0.0250863
-0.0018,0.191443,0.0348472
-0.0014,0.277527,0.0411162
-0.001,0.409628,0.0489866
-0.0006,0.589781,0.0598254
-0.0002,0.703935,0.0646596
0.0002,0.691928,0.0615662
0.0006,0.678329,0.0628371
0.001,0.598696,0.0602898
0.0014,0.422453,0.048653
0.0018,0.320487,0.0430895
0.0022,0.174641,0.0321337
0.0026,0.0970844,0.0234555
0.003,0.0702277,0.0202322
0.0034,0.0397295,0.0162342
0.0038,0.0283544,0.0127032
0.0042,0,0
0.0046,0.0118748,0.0084202
0.005,0.0413422,0.0156548
0.0054,0.02339,0.0116185
0.0058,0.0185188,0.0107132
0.0062,0.0186833,0.0108078
0.0066,0.0175708,0.0101635
0.007,0.00596326,0.0059743
0.0074,0,0
0.0078,0,0
0.0082,0,0
0.0086,0,0
0.009,0,0
0.0094,0,0
0.0098,0,0
0.0102,0,0
0.0106,0,0
0.011,0,0
0.0114,0,0
0.0118,0,0
0.0122,0,0
0.0126,0,0
0.013,0.00595626,0.00596723
0.0134,0.00595721,0.00596818
0.0138,0,0
0.0142,0,0
0.0146,0,0
0.015,0,0
0.0154,0,0
0.0158,0,0
0.0162,0,0
0.0166,0,0
0.017,0,0
0.0174,0.00587702,0.00588769
0.0178,0,0
0.0182,0,0
0.0186,0,0
0.019,0,0
0.0194,0.00594808,0.00595904
0.0198,0,0
0.0202,0,0
0.0206,0,0
0.021,0,0
0.0214,0,0
0.0218,0,0
0.0222,0,0
0.0226,0.00608907,0.00610057
0.023,0,0
0.0234,0,0
0.0238,0.00587028,0.00588098
0.0242,0,0
0.0246,0.00567362,0.00568362
0.025,0,0
0.0254,0,0
0.0258,0.00613602,0.00614773
0.0262,0.00613402,0.00614572
0.0266,0.00554596,0.00555553
0.027,0,0
0.0274,0.00599811,0.00600931
0.0278,0.00599541,0.00600661
0.0282,0,0
0.0286,0,0
0.029,0,0
0.0294,0,0
0.0298,0,0
0.0302,0,0
0.0306,0,0
0.031,0,0
0.0314,0,0
0.0318,0,0
0.0322,0,0
0.0326,0,0
0.033,0,0
0.0334,0,0
0.0338,0.00549217,0.00550162
0.0342,0,0
0.0346,0.00580536,0.00581593
0.035,0.00602354,0.00603491
0.0354,0,0
0.0358,0,0
0.0362,0.0115816,0.00820431
0.0366,0,0
0.037,0,0
0.0374,0,0
0.0378,0,0
0.0382,0,0
0.0386,0,0
0.039,0,0
0.0394,0,0
0.0398,0,0
0.0402,0.00548102,0.00549048
0.0406,0,0
0.041,0,0
0.0414,0,0
0.0418,0.00598653,0.00599784
0.0422,0,0
0.0426,0,0
0.043,0.00580252,0.00581316
0.0434,0,0
0.0438,0,0
0.0442,0,0
0.0446,0,0
0.045,0,0
0.0454,0,0
0.0458,0,0
0.0462,0,0
0.0466,0,0
0.047,0,0
0.0474,0,0
0.0478,0,0
0.0482,0,0
0.0486,0,0
0.049,0,0
0.0494,0,0
0.0498,0.00654716,0.0065608
0.0502,0,0
0.0506,0.00558788,0.00559783
0.051,0,0
0.0514,0,0
0.0518,0,0
0.0522,0,0
0.0526,0.00554362,0.00555344
0.053,0,0
0.0534,0,0
0.0538,0.0116835,0.00827694
0.0542,0,0
0.0546,0.00551056,0.00552029
0.055,0,0
0.0554,0,0
0.0558,0,0
0.0562,0,0
0.0566,0,0
0.057,0.00573196,0.00574251
0.0574,0.011388,0.00806726
0.0578,0,0
0.0582,0.00572538,0.00573592
0.0586,0,0
0.059,0,0
0.0594,0,0
0.0598,0,0
0.0602,0,0
0.0606,0,0
0.061,0.0113219,0.00802136
0.0614,0,0
0.0618,0.0060329,0.00604467
0.0622,0,0
0.0626,0,0
0.063,0,0
0.0634,0,0
0.0638,0,0
0.0642,0,0
0.0646,0,0
0.065,0,0
0.0654,0,0
0.0658,0,0
0.0662,0,0
0.0666,0,0
0.067,0,0
0.0674,0,0
0.0678,0,0
0.0682,0.00525251,0.00526151
0.0686,0.00862784,0.00695924
0.069,0,0
0.0694,0,0
0.0698,0,0
0.0702,0,0
0.0706,0,0
0.071,0,0
0.0714,0,0
0.0718,0,0
0.0722,0,0
0.0726,0,0
0.073,0,0
0.0734,0,0
0.0738,0,0
0.0742,0,0
0.0746,0.00536137,0.00537081
0.075,0,0
0.0754,0,0
0.0758,0.00549773,0.00550767
0.0762,0,0
0.0766,0,0
0.077,0,0
0.0774,0,0
0.0778,0,0
0.0782,0,0
0.0786,0,0
0.079,0,0
0.0794,0,0
0.0798,0,0
0.0802,0,0
0.0806,0,0
0.081,0,0
0.0814,0,0
0.0818,0.0055808,0.00559108
0.0822,0,0
0.0826,0,0
0.083,0,0
0.0834,0,0
0.0838,0,0
0.0842,0,0
0.0846,0,0
0.085,0,0
0.0854,0,0
0.0858,0,0
0.0862,0,0
0.0866,0,0
0.087,0,0
0.0874,0,0
0.0878,0,0
0.0882,0,0
0.0886,0,0
0.089,0,0
0.0894,0,0
0.0898,0,0
0.0902,0,0
0.0906,0.0054486,0.00545845
0.091,0.00531324,0.0053226
0.0914,0,0
0.0918,0,0
0.0922,0.00531062,0.00531998
0.0926,0.0036303,0.00439826
0.093,0,0
0.0934,0,0
0.0938,0,0
0.0942,0,0
0.0946,0.0056694,0.00570371
0.095,0,0
0.0954,0.0118885,0.00842303
0.0958,0,0
0.0962,0,0
0.0966,0,0
0.097,0,0
0.0974,0,0
0.0978,0,0
0.0982,0,0
0.0986,0,0
0.099,0,0
0.0994,0,0
0.0998,0,0
0.1002,0.0059989,0.00601086
0.1006,0,0
0.101,0,0
0.1014,0,0
0.1018,0,0
0.1022,0,0
0.1026,0,0
0.103,0,0
0.1034,0,0
0.1038,0,0
0.1042,0,0
0.1046,0,0
0.105,0.00697194,0.00698807
0.1054,0,0
0.1058,0,0
0.1062,0,0
0.1066,0,0
0.107,0,0
0.1074,0,0
0.1078,0,0
0.1082,0,0
0.1086,0,0
0.109,0,0
0.1094,0,0
0.1098,0,0
0.1102,0,0
0.1106,0,0
0.111,0.00291882,0.00455822
0.1114,0,0
0.1118,0,0
0.1122,0,0
0.1126,0,0
0.113,0,0
0.1134,0.00848388,0.00850757
0.1138,0,0
0.1142,0,0
0.1146,0,0
0.115,0,0
0.1154,0,0
0.1158,0,0
0.1162,0,0
0.1166,0,0
0.117,0,0
0.1174,0.00900956,0.0090361
0.1178,0,0
0.1182,0,0
0.1186,0,0
0.119,0,0
0.1194,0,0
0.1198,0,0
8
-0.1198,0,0
-0.1194,0,0
-0.119,0,0
-0.1186,0,0
-0.1182,0,0
-0.1178,0,0
-0.1174,0,0
-0.117,0.00866154,0.00613727
-0.1166,0,0
-0.1162,0,0
-0.1158,0,0
-0.1154,0,0
-0.115,0,0
-0.1146,0,0
-0.1142,0,0
-0.1138,0,0
-0.1134,0,0
-0.113,0,0
-0.1126,0,0
-0.1122,0,0
-0.1118,0,0
-0.1114,0,0
-0.111,0,0
-0.1106,0,0
-0.1102,0,0
-0.1098,0,0
-0.1094,0,0
-0.109,0,0
-0.1086,0.00749629,0.0054696
-0.1082,0,0
-0.1078,0,0
-0.1074,0,0
-0.107,0,0
-0.1066,0,0
-0.1062,0,0
-0.1058,0.00308588,0.00369317
-0.1054,0,0
-0.105,0,0
-0.1046,0,0
-0.1042,0,0
-0.1038,0,0
-0.1034,0.00399547,0.00400294
-0.103,0,0
-0.1026,0,0
-0.1022,0,0
-0.1018,0,0
-0.1014,0,0
-0.101,0,0
-0.1006,0,0
-0.1002,0,0
-0.0998,0,0
-0.0994,0,0
-0.099,0,0
-0.0986,0,0
-0.0982,0.00391309,0.0039202
-0.0978,0,0
-0.0974,0,0
-0.097,0,0
-0.0966,0,0
-0.0962,0,0
-0.0958,0,0
-0.0954,0,0
-0.095,0,0
-0.0946,0,0
-0.0942,0,0
-0.0938,0,0
-0.0934,0,0
-0.093,0,0
-0.0926,0,0
-0.0922,0,0
-0.0918,0,0
-0.0914,0,0
-0.091,0,0
-0.0906,0,0
-0.0902,0,0
-0.0898,0,0
-0.0894,0,0
-0.089,0,0
-0.0886,0,0
-0.0882,0,0
-0.0878,0,0
-0.0874,0,0
-0.087,0,0
-0.0866,0,0
-0.0862,0,0
-0.0858,0,0
-0.0854,0,0
-0.085,0,0
-0.0846,0,0
-0.0842,0,0
-0.0838,0.00411989,0.00412763
-0.0834,0,0
-0.083,0,0
-0.0826,0,0
-0.0822,0.00394157,0.00394864
-0.0818,0,0
-0.0814,0,0
-0.081,0,0
-0.0806,0.00433371,0.00434223
-0.0802,0,0
-0.0798,0,0
-0.0794,0,0
-0.079,0.00434155,0.00435009
-0.0786,0,0
-0.0782,0,0
-0.0778,0,0
-0.0774,0,0
-0.077,0,0
-0.0766,0.00434109,0.00434961
-0.0762,0,0
-0.0758,0,0
-0.0754,0,0
-0.075,0.0040354,0.00404275
-0.0746,0,0
-0.0742,0,0
-0.0738,0,0
-0.0734,0,0
-0.073,0,0
-0.0726,0,0
-0.0722,0,0
-0.0718,0,0
-0.0714,0,0
-0.071,0,0
-0.0706,0,0
-0.0702,0,0
-0.0698,0.00390614,0.00391301
-0.0694,0.00412794,0.0041356
-0.069,0.00402267,0.00402995
-0.0686,0,0
-0.0682,0,0
-0.0678,0.00439313,0.0044018
-0.0674,0,0
-0.067,0.00407616,0.00408363
-0.0666,0,0
-0.0662,0,0
-0.0658,0,0
-0.0654,0,0
-0.065,0,0
-0.0646,0,0
-0.0642,0,0
-0.0638,0,0
-0.0634,0,0
-0.063,0,0
-0.0626,0,0
-0.0622,0,0
-0.0618,0,0
-0.0614,0,0
-0.061,0.00419572,0.00420361
-0.0606,0,0
-0.0602,0,0
-0.0598,0.00764589,0.00541908
-0.0594,0,0
-0.059,0,0
-0.0586,0,0
-0.0582,0,0
-0.0578,0,0
-0.0574,0,0
-0.057,0,0
-0.0566,0,0
-0.0562,0,0
-0.0558,0,0
-0.0554,0,0
-0.055,0.00423686,0.0042449
-0.0546,0,0
-0.0542,0,0
-0.0538,0,0
-0.0534,0.00419348,0.00420135
-0.053,0,0
-0.0526,0,0
-0.0522,0,0
-0.0518,0.00426171,0.00426984
-0.0514,0,0
-0.051,0.00420427,0.00421218
-0.0506,0,0
-0.0502,0,0
-0.0498,0,0
-0.0494,0,0
-0.049,0,0
-0.0486,0,0
-0.0482,0,0
-0.0478,0,0
-0.0474,0,0
-0.047,0,0
-0.0466,0,0
-0.0462,0.00410645,0.004114
-0.0458,0,0
-0.0454,0,0
-0.045,0,0
-0.0446,0,0
-0.0442,0,0
-0.0438,0,0
-0.0434,0,0
-0.043,0.00396349,0.00397051
-0.0426,0,0
-0.0422,0,0
-0.0418,0,0
-0.0414,0.00400064,0.00400779
-0.041,0.00149824,0.00254505
-0.0406,0.00409002,0.0040975
-0.0402,0,0
-0.0398,0.00413065,0.00413827
-0.0394,0.00431047,0.00431877
-0.039,0,0
-0.0386,0.00412544,0.00413304
-0.0382,0,0
-0.0378,0,0
-0.0374,0,0
-0.037,0,0
-0.0366,0,0
-0.0362,0,0
-0.0358,0,0
-0.0354,0,0
-0.035,0.00792139,0.00561368
-0.0346,0,0
-0.0342,0,0
-0.0338,0,0
-0.0334,0,0
-0.033,0,0
-0.0326,0,0
-0.0322,0,0
-0.0318,0.0077452,0.00548683
-0.0314,0,0
-0.031,0,0
-0.0306,0,0
-0.0302,0.00431342,0.00432171
-0.0298,0,0
-0.0294,0,0
-0.029,0,0
-0.0286,0.00410255,0.00411005
-0.0282,0,0
-0.0278,0,0
-0.0274,0,0
-0.027,0,0
-0.0266,0,0
-0.0262,0,0
-0.0258,0,0
-0.0254,0,0
-0.025,0,0
-0.0246,0,0
-0.0242,0,0
-0.0238,0,0
-0.0234,0.00788132,0.00558272
-0.023,0,0
-0.0226,0.00425831,0.00426638
-0.0222,0,0
-0.0218,0,0
-0.0214,0,0
-0.021,0,0
-0.0206,0.000673423,0.00167061
-0.0202,0,0
-0.0198,0,0
-0.0194,0,0
-0.019,0,0
-0.0186,0.00871793,0.00617646
-0.0182,0,0
-0.0178,0,0
-0.0174,0.00435789,0.00436632
-0.017,0.00880795,0.00624102
-0.0166,0,0
-0.0162,0.00589661,0.00516132
-0.0158,0,0
-0.0154,0,0
-0.015,0,0
-0.0146,0,0
-0.0142,0.000477809,0.00136506
-0.0138,0,0
-0.0134,0,0
-0.013,0,0
-0.0126,0.00851612,0.00603318
-0.0122,0,0
-0.0118,0.0040274,0.00403459
-0.0114,0,0
-0.011,0,0
-0.0106,0,0
-0.0102,0.0042146,0.00422246
-0.0098,0,0
-0.0094,0,0
-0.009,0.00390038,0.0039071
-0.0086,0.00797625,0.00565001
-0.0082,0.00403114,0.00403832
-0.0078,0.00885748,0.00627544
-0.0074,0,0
-0.007,0,0
-0.0066,0,0
-0.0062,0,0
-0.0058,0.00808286,0.00572564
-0.0054,0.0205186,0.00920335
-0.005,0.00204488,0.00298906
-0.0046,0.00408101,0.00408835
-0.0042,0.0199188,0.00904345
-0.0038,0.0336852,0.0119866
-0.0034,0.0399888,0.0127908
-0.003,0.0534783,0.0143293
-0.0026,0.0922717,0.019238
-0.0022,0.13104,0.0239338
-0.0018,0.259454,0.0343297
-0.0014,0.409492,0.042225
-0.001,0.533774,0.0472731
-0.0006,0.690102,0.0546983
-0.0002,0.81036,0.0588436
0.0002,0.784511,0.0553656
0.0006,0.785964,0.0570983
0.001,0.552557,0.0488812
0.0014,0.364846,0.0382117
0.0018,0.25997,0.0327649
0.0022,0.211311,0.0296487
0.0026,0.131795,0.023052
0.003,0.0750991,0.0176922
0.0034,0.0746345,0.0187137
0.0038,0.0522572,0.0145195
0.0042,0.00494187,0.00465131
0.0046,0.00403498,0.00404212
0.005,0.00419405,0.00420175
0.0054,0.00596658,0.0049442
0.0058,0.0173391,0.00868658
0.0062,0.00872939,0.00614995
0.0066,0.0290551,0.0110023
0.007,0.0421927,0.0133677
0.0074,0.0164063,0.0082179
0.0078,0.0136426,0.00746038
0.0082,0.00662707,0.00529684
0.0086,0.00416333,0.00417091
0.009,0.00407947,0.00408675
0.0094,0,0
0.0098,0,0
0.0102,0.00777718,0.00550865
0.0106,0.0038685,0.00387504
0.011,0.00431734,0.00432548
0.0114,0,0
0.0118,0,0
0.0122,0,0
0.0126,0,0
0.013,0,0
0.0134,0,0
0.0138,0.00402825,0.00403533
0.0142,0,0
0.0146,0,0
0.015,0,0
0.0154,0,0
0.0158,0.00420841,0.00421613
0.0162,0,0
0.0166,0.00427845,0.00428643
0.017,0.00404841,0.00405555
0.0174,0,0
0.0178,0,0
0.0182,0,0
0.0186,0,0
0.019,0,0
0.0194,0,0
0.0198,0,0
0.0202,0,0
0.0206,0,0
0.021,0.00419018,0.00419781
0.0214,0,0
0.0218,0.00845491,0.00598977
0.0222,0,0
0.0226,0,0
0.023,0.00434938,0.00435759
0.0234,0,0
0.0238,0,0
0.0242,0,0
0.0246,0,0
0.025,0.0036321,0.00363782
0.0254,0,0
0.0258,0,0
0.0262,0,0
0.0266,0,0
0.027,0,0
0.0274,0,0
0.0278,0,0
0.0282,0,0
0.0286,0,0
0.029,0.00839227,0.00594502
0.0294,0.008394,0.00594624
0.0298,0.00429004,0.004298
0.0302,0,0
0.0306,0,0
0.031,0,0
0.0314,0,0
0.0318,0.00375959,0.0037657
0.0322,0,0
0.0326,0,0
0.033,0,0
0.0334,0,0
0.0338,0,0
0.0342,0,0
0.0346,0,0
0.035,0,0
0.0354,0,0
0.0358,0.00421084,0.00421848
0.0362,0,0
0.0366,0,0
0.037,0,0
0.0374,0,0
0.0378,0,0
0.0382,0,0
0.0386,0,0
0.039,0,0
0.0394,0,0
0.0398,0.0042662,0.00427404
0.0402,0,0
0.0406,0,0
0.041,0,0
0.0414,0,0
0.0418,0.00433525,0.00434333
0.0422,0,0
0.0426,0,0
0.043,0.00426352,0.00427134
0.0434,0.00457066,0.00457963
0.0438,0.00457154,0.00458052
0.0442,0,0
0.0446,0,0
0.045,0,0
0.0454,0,0
0.0458,0,0
0.0462,0,0
0.0466,0,0
0.047,0,0
0.0474,0,0
0.0478,0,0
0.0482,0,0
0.0486,0,0
0.049,0,0
0.0494,0,0
0.0498,0,0
0.0502,0,0
0.0506,0.00457751,0.00458648
0.051,0,0
0.0514,0,0
0.0518,0,0
0.0522,0,0
0.0526,0.00416823,0.00417565
0.053,0.00385562,0.00386197
0.0534,0,0
0.0538,0.00361974,0.00389483
0.0542,0.0043807,0.00438889
0.0546,0.00413817,0.00414548
0.055,0,0
0.0554,0.00393002,0.0039366
0.0558,0,0
0.0562,0,0
0.0566,0.00463663,0.00464577
0.057,0.00432878,0.00433675
0.0574,0,0
0.0578,0.00435198,0.00436002
0.0582,0,0
0.0586,0,0
0.059,0,0
0.0594,0,0
0.0598,0,0
0.0602,0,0
0.0606,0,0
0.061,0,0
0.0614,0,0
0.0618,0.00440868,0.00441689
0.0622,0.00461924,0.00462825
0.0626,0,0
0.063,0,0
0.0634,0,0
0.0638,0,0
0.0642,0.00420821,0.00421567
0.0646,0,0
0.065,0,0
0.0654,0,0
0.0658,0,0
0.0662,0,0
0.0666,0.00439016,0.00439825
0.067,0,0
0.0674,0,0
0.0678,0,0
0.0682,0.00435512,0.00436307
0.0686,0,0
0.069,0,0
0.0694,0,0
0.0698,0,0
0.0702,0,0
0.0706,0.00462443,0.00463335
0.071,0,0
0.0714,0,0
0.0718,0,0
0.0722,0,0
0.0726,0.00433427,0.00434209
0.073,0,0
0.0734,0,0
0.0738,0,0
0.0742,0,0
0.0746,0,0
0.075,0,0
0.0754,0.00391728,0.00392364
0.0758,0,0
0.0762,0,0
0.0766,0.00453919,0.00454772
0.077,0,0
0.0774,0,0
0.0778,0,0
0.0782,0,0
0.0786,0.00426953,0.00427706
0.079,0,0
0.0794,0,0
0.0798,0,0
0.0802,0,0
0.0806,0.00437477,0.00438266
0.081,0,0
0.0814,0,0
0.0818,0,0
0.0822,0,0
0.0826,0,0
0.083,0,0
0.0834,0,0
0.0838,0.00441714,0.00442515
0.0842,0.00441912,0.00442714
0.0846,0.0042925,0.00430006
0.085,0,0
0.0854,0,0
0.0858,0,0
0.0862,0,0
0.0866,0,0
0.087,0,0
0.0874,0,0
0.0878,0.00423737,0.00424471
0.0882,0,0
0.0886,0.00448282,0.00449102
0.089,0.00437537,0.00438318
0.0894,0,0
0.0898,0,0
0.0902,0,0
0.0906,0,0
0.091,0,0
0.0914,0,0
0.0918,0,0
0.0922,0,0
0.0926,0.00137088,0.00244173
0.093,0.00462914,0.00463784
0.0934,0,0
0.0938,0,0
0.0942,0,0
0.0946,3.85474e-05,0.000425445
0.095,0.014025,0.00811276
0.0954,0,0
0.0958,0,0
0.0962,0,0
0.0966,0,0
0.097,0.00523103,0.0052421
0.0974,0.00418463,0.00419172
0.0978,0,0
0.0982,0.00849705,0.00601866
0.0986,0,0
0.099,0.00514257,0.00515326
0.0994,0,0
0.0998,0,0
0.1002,0,0
0.1006,0,0
0.101,0,0
0.1014,0,0
0.1018,0,0
0.1022,0,0
0.1026,0.00505817,0.00506849
0.103,0,0
0.1034,0,0
0.1038,0,0
0.1042,0,0
0.1046,0,0
0.105,0,0
0.1054,0,0
0.1058,0,0
0.1062,0,0
0.1066,0,0
0.107,0,0
0.1074,0,0
0.1078,0,0
0.1082,0,0
0.1086,0,0
0.109,0.00572978,0.005743
0.1094,0,0
0.1098,0,0
0.1102,0,0
0.1106,0,0
0.111,0.00341715,0.00446659
0.1114,0,0
0.1118,0,0
0.1122,0,0
0.1126,0,0
0.113,0,0
0.1134,0,0
0.1138,0,0
0.1142,0,0
0.1146,0,0
0.115,0,0
0.1154,0,0
0.1158,0.0123515,0.00875558
0.1162,0,0
0.1166,0,0
0.117,0.000564869,0.00204058
0.1174,0,0
0.1178,0.00734778,0.00736952
0.1182,0,0
0.1186,0,0
0.119,0,0
0.1194,0.00819304,0.00822008
0.1198,0,0
9
-0.1198,0,0
-0.1194,0,0
-0.119,0,0
-0.1186,0,0
-0.1182,0,0
-0.1178,0,0
-0.1174,0,0
-0.117,0,0
-0.1166,0,0
-0.1162,0.00400619,0.0040141
-0.1158,0,0
-0.1154,0,0
-0.115,0,0
-0.1146,0,0
-0.1142,0,0
-0.1138,0,0
-0.1134,0,0
-0.113,0,0
-0.1126,0,0
-0.1122,0,0
-0.1118,0,0
-0.1114,0,0
-0.111,0,0
-0.1106,0,0
-0.1102,0.00414941,0.00415797
-0.1098,0,0
-0.1094,0,0
-0.109,0,0
-0.1086,0,0
-0.1082,0,0
-0.1078,0,0
-0.1074,0,0
-0.107,0,0
-0.1066,0.00826372,0.00585541
-0.1062,0,0
-0.1058,0.00123378,0.00226118
-0.1054,0,0
-0.105,0,0
-0.1046,0,0
-0.1042,0.00364441,0.00365107
-0.1038,0,0
-0.1034,0,0
-0.103,0,0
-0.1026,0,0
-0.1022,0,0
-0.1018,0,0
-0.1014,0,0
-0.101,0,0
-0.1006,0,0
-0.1002,0,0
-0.0998,0,0
-0.0994,0,0
-0.099,0,0
-0.0986,0,0
-0.0982,0,0
-0.0978,0,0
-0.0974,0,0
-0.097,0,0
-0.0966,0,0
-0.0962,0,0
-0.0958,0,0
-0.0954,0.00399571,0.00400384
-0.095,0,0
-0.0946,0.00355148,0.0035579
-0.0942,0,0
-0.0938,0,0
-0.0934,0,0
-0.093,0,0
-0.0926,0,0
-0.0922,0,0
-0.0918,0,0
-0.0914,0,0
-0.091,0,0
-0.0906,0,0
-0.0902,0,0
-0.0898,0,0
-0.0894,0,0
-0.089,0.00364324,0.00365004
-0.0886,0,0
-0.0882,0,0
-0.0878,0,0
-0.0874,0.00363124,0.00363801
-0.087,0,0
-0.0866,0,0
-0.0862,0.00375505,0.0037623
-0.0858,0,0
-0.0854,0,0
-0.085,0,0
-0.0846,0,0
-0.0842,0,0
-0.0838,0,0
-0.0834,0,0
-0.083,0.00357637,0.00358297
-0.0826,0,0
-0.0822,0.00741927,0.00525628
-0.0818,0,0
-0.0814,0,0
-0.081,0,0
-0.0806,0,0
-0.0802,0,0
-0.0798,0,0
-0.0794,0,0
-0.079,0,0
-0.0786,0,0
-0.0782,0,0
-0.0778,0,0
-0.0774,0,0
-0.077,0,0
-0.0766,0,0
-0.0762,0,0
-0.0758,0,0
-0.0754,0,0
-0.075,0,0
-0.0746,0.00373996,0.00374724
-0.0742,0,0
-0.0738,0,0
-0.0734,0.00379536,0.00380287
-0.073,0,0
-0.0726,0,0
-0.0722,0,0
-0.0718,0,0
-0.0714,0,0
-0.071,0,0
-0.0706,0,0
-0.0702,0,0
-0.0698,0,0
-0.0694,0,0
-0.069,0,0
-0.0686,0,0
-0.0682,0.00351705,0.00352353
-0.0678,0,0
-0.0674,0,0
-0.067,0,0
-0.0666,0.00329335,0.00329903
-0.0662,0,0
-0.0658,0.00378529,0.0037928
-0.0654,0,0
-0.065,0.007199,0.00510009
-0.0646,0.00358735,0.0035941
-0.0642,0,0
-0.0638,0,0
-0.0634,0,0
-0.063,0,0
-0.0626,0,0
-0.0622,0.00370349,0.00371071
-0.0618,0,0
-0.0614,0,0
-0.061,0,0
-0.0606,0,0
-0.0602,0,0
-0.0598,0,0
-0.0594,0,0
-0.059,0,0
-0.0586,0,0
-0.0582,0.00334937,0.00335529
-0.0578,0,0
-0.0574,0.00332389,0.00332973
-0.057,0,0
-0.0566,0,0
-0.0562,0,0
-0.0558,0,0
-0.0554,0,0
-0.055,0,0
-0.0546,0.00319916,0.00320458
-0.0542,0,0
-0.0538,0.00372889,0.00373625
-0.0534,0,0
-0.053,0,0
-0.0526,0.00326177,0.00326741
-0.0522,0,0
-0.0518,0,0
-0.0514,0.00352598,0.00353257
-0.051,0.010454,0.00604882
-0.0506,0,0
-0.0502,0,0
-0.0498,0.00368803,0.00369524
-0.0494,0.00337637,0.00338242
-0.049,0,0
-0.0486,0,0
-0.0482,0,0
-0.0478,0,0
-0.0474,0,0
-0.047,0,0
-0.0466,0.00345387,0.00346022
-0.0462,0,0
-0.0458,0,0
-0.0454,0,0
-0.045,0,0
-0.0446,0.0036566,0.00366373
-0.0442,0,0
-0.0438,0,0
-0.0434,0,0
-0.043,0,0
-0.0426,0.0113696,0.00657755
-0.0422,0.00678064,0.00480333
-0.0418,0.00338887,0.003395
-0.0414,0.00360063,0.00360756
-0.041,0,0
-0.0406,0,0
-0.0402,0,0
-0.0398,0,0
-0.0394,0,0
-0.039,0,0
-0.0386,0.00325011,0.00325578
-0.0382,0,0
-0.0378,0,0
-0.0374,0.00366245,0.00366965
-0.037,0.00691358,0.00489772
-0.0366,0,0
-0.0362,0.00668728,0.00473713
-0.0358,0.00349004,0.00349658
-0.0354,0,0
-0.035,0,0
-0.0346,0,0
-0.0342,0.00654588,0.0046412
-0.0338,0.00330958,0.00331549
-0.0334,0,0
-0.033,0.00703076,0.00498093
-0.0326,0,0
-0.0322,0.00342647,0.00343281
-0.0318,0.00324755,0.00325325
-0.0314,0,0
-0.031,0,0
-0.0306,0,0
-0.0302,0,0
-0.0298,0.00345917,0.00346565
-0.0294,0.00345757,0.00346405
-0.029,0,0
-0.0286,0.00337179,0.00337795
-0.0282,0,0
-0.0278,0.00343545,0.00344185
-0.0274,0,0
-0.027,0.00325209,0.00325783
-0.0266,0.00347787,0.00348444
-0.0262,0,0
-0.0258,0,0
-0.0254,0,0
-0.025,0,0
-0.0246,0,0
-0.0242,0.00321411,0.00321974
-0.0238,0,0
-0.0234,0.00321614,0.00322178
-0.023,0,0
-0.0226,0.00346948,0.00347605
-0.0222,0,0
-0.0218,0,0
-0.0214,0.00657866,0.00466061
-0.021,0.00682684,0.00483632
-0.0206,0.00319491,0.0032005
-0.0202,0.00319328,0.00319886
-0.0198,0.00343017,0.00343662
-0.0194,0,0
-0.019,0.00342776,0.0034342
-0.0186,0.010588,0.00612485
-0.0182,0,0
-0.0178,0,0
-0.0174,0,0
-0.017,0.00350506,0.00351181
-0.0166,0.00366645,0.00367384
-0.0162,0.00944379,0.00577005
-0.0158,0,0
-0.0154,0,0
-0.015,0,0
-0.0146,0,0
-0.0142,0.00915965,0.00541006
-0.0138,0,0
-0.0134,0,0
-0.013,0,0
-0.0126,0.00314491,0.00315038
-0.0122,0,0
-0.0118,0.0128895,0.00645626
-0.0114,0.0031928,0.00319845
-0.011,0,0
-0.0106,0.00699644,0.00495685
-0.0102,0,0
-0.0098,0.00321348,0.00321922
-0.0094,0.00994023,0.0057519
-0.009,0.00649035,0.00459765
-0.0086,0.00316959,0.00317518
-0.0082,0.00320103,0.00320673
-0.0078,0.010226,0.00592085
-0.0074,0.00960331,0.00555438
-0.007,0.0198909,0.00813637
-0.0066,0.0238147,0.00901856
-0.0062,0.0271393,0.00961347
-0.0058,0.0127287,0.00637572
-0.0054,0.0164272,0.00735729
-0.005,0.00883636,0.0055237
-0.0046,0.012865,0.00644409
-0.0042,0.0134465,0.0066281
-0.0038,0.023646,0.00895853
-0.0034,0.0338968,0.0106562
-0.003,0.0412457,0.011047
-0.0026,0.0874794,0.0166083
-0.0022,0.104341,0.0188565
-0.0018,0.167905,0.024461
-0.0014,0.335744,0.0338601
-0.001,0.541113,0.042118
-0.0006,0.711579,0.0491595
-0.0002,0.864752,0.0536036
0.0002,0.786548,0.0490119
0.0006,0.552718,0.0422007
0.001,0.439232,0.0385073
0.0014,0.254612,0.0282471
0.0018,0.16992,0.0233302
0.0022,0.104296,0.0183826
0.0026,0.0500265,0.0125289
0.003,0.0521434,0.0131469
0.0034,0.0255874,0.00968681
0.0038,0.0219318,0.00830426
0.0042,0.0121821,0.00620668
0.0046,0.00626395,0.00443712
0.005,0.00963715,0.00557503
0.0054,0.00782035,0.00498385
0.0058,0.00684615,0.00485033
0.0062,0.0232327,0.00881513
0.0066,0.00971279,0.00561824
0.007,0.00646317,0.00457887
0.0074,0.00951098,0.00550104
0.0078,0.0147011,0.00683491
0.0082,0.0110805,0.00599502
0.0086,0.00957192,0.00553662
0.009,0,0
0.0094,0.00641614,0.00454516
0.0098,0,0
0.0102,0.00597095,0.00422927
0.0106,0.0060927,0.0043168
0.011,0.00331982,0.00332608
0.0114,0.00326483,0.00327088
0.0118,0.00323076,0.00323669
0.0122,0.00322953,0.00323546
0.0126,0.00324,0.00324597
0.013,0,0
0.0134,0.00321226,0.00321814
0.0138,0.00308558,0.00309101
0.0142,0,0
0.0146,0,0
0.015,0.00613378,0.00434483
0.0154,0.00662866,0.0047093
0.0158,0.00643004,0.00455507
0.0162,0,0
0.0166,0.00308885,0.00309429
0.017,0,0
0.0174,0.00304585,0.00305115
0.0178,0.00315549,0.00316118
0.0182,0.00664079,0.00470477
0.0186,0.00650494,0.00460824
0.019,0,0
0.0194,0.00321788,0.0032238
0.0198,0.00605564,0.00428941
0.0202,0.00619067,0.00438522
0.0206,0.00309299,0.00309847
0.021,0.00318021,0.003186
0.0214,0.00317691,0.00318269
0.0218,0.0032347,0.00324069
0.0222,0,0
0.0226,0,0
0.023,0,0
0.0234,0.00658551,0.00466577
0.0238,0,0
0.0242,0,0
0.0246,0.00306947,0.00307488
0.025,0,0
0.0254,0,0
0.0258,0.00303629,0.00304158
0.0262,0,0
0.0266,0,0
0.027,0.00322024,0.0032262
0.0274,0.00317802,0.00318383
0.0278,0,0
0.0282,0.00628181,0.00445237
0.0286,0,0
0.029,0,0
0.0294,0,0
0.0298,0,0
0.0302,0,0
0.0306,0,0
0.031,0.00629975,0.00446269
0.0314,0.00290849,0.00291337
0.0318,0,0
0.0322,0,0
0.0326,0,0
0.033,0.00315233,0.00315806
0.0334,0,0
0.0338,0.00297802,0.00298314
0.0342,0.00314952,0.00315525
0.0346,0,0
0.035,0.00669222,0.00474258
0.0354,0.00663543,0.00470337
0.0358,0,0
0.0362,0.00314307,0.00314878
0.0366,0,0
0.037,0,0
0.0374,0,0
0.0378,0,0
0.0382,0,0
0.0386,0.0065796,0.00466526
0.039,0,0
0.0394,0.00345372,0.00346062
0.0398,0,0
0.0402,0,0
0.0406,0.00321891,0.00322491
0.041,0.00647358,0.00458618
0.0414,0,0
0.0418,0,0
0.0422,0,0
0.0426,0,0
0.043,0,0
0.0434,0,0
0.0438,0.00338683,0.00339349
0.0442,0,0
0.0446,0.00308382,0.00308933
0.045,0,0
0.0454,0.00632649,0.00448403
0.0458,0.00332041,0.0033268
0.0462,0,0
0.0466,0.00620431,0.00439502
0.047,0,0
0.0474,0.0030285,0.00303383
0.0478,0,0
0.0482,0,0
0.0486,0.00369559,0.00370352
0.049,0.003053,0.00305842
0.0494,0.00584912,0.00414299
0.0498,0.00358286,0.00359033
0.0502,0.00318357,0.00318947
0.0506,0.00336629,0.00337289
0.051,0.00336533,0.00337192
0.0514,0.00302334,0.00302866
0.0518,0.00639701,0.0045318
0.0522,0.00319759,0.00320354
0.0526,0,0
0.053,0,0
0.0534,0,0
0.0538,0.000406913,0.00111697
0.0542,0.00320282,0.00320881
0.0546,0,0
0.055,0,0
0.0554,0,0
0.0558,0.0031983,0.00320428
0.0562,0.00309577,0.00310136
0.0566,0.00337511,0.00338177
0.057,0.00629732,0.00446108
0.0574,0.00625673,0.00443227
0.0578,0.00316069,0.00316653
0.0582,0.00297902,0.00298421
0.0586,0,0
0.059,0.00305405,0.00305951
0.0594,0.00644896,0.00456872
0.0598,0,0
0.0602,0,0
0.0606,0.00579039,0.00410138
0.061,0.00306894,0.00307446
0.0614,0,0
0.0618,0,0
0.0622,0,0
0.0626,0,0
0.063,0,0
0.0634,0,0
0.0638,0,0
0.0642,0.00611787,0.00433423
0.0646,0.00301355,0.00301889
0.065,0.00295273,0.00295786
0.0654,0,0
0.0658,0,0
0.0662,0.0031282,0.00313397
0.0666,0,0
0.067,0.00616578,0.00439242
0.0674,0.00306317,0.00306871
0.0678,0,0
0.0682,0,0
0.0686,0.00308856,0.00309419
0.069,0,0
0.0694,0,0
0.0698,0,0
0.0702,0,0
0.0706,0,0
0.071,0,0
0.0714,0,0
0.0718,0.00316308,0.003169
0.0722,0,0
0.0726,0,0
0.073,0,0
0.0734,0,0
0.0738,0,0
0.0742,0.0029491,0.00295426
0.0746,0,0
0.075,0,0
0.0754,0,0
0.0758,0,0
0.0762,0.00311221,0.00311798
0.0766,0.00315616,0.00316209
0.077,0,0
0.0774,0,0
0.0778,0,0
0.0782,0,0
0.0786,0,0
0.079,0.00277306,0.00277765
0.0794,0,0
0.0798,0.00297351,0.00297879
0.0802,0,0
0.0806,0.00301396,0.00301939
0.081,0.00292801,0.00293314
0.0814,0,0
0.0818,0.00307642,0.00308209
0.0822,0,0
0.0826,0,0
0.083,0.00338232,0.00338918
0.0834,0,0
0.0838,0,0
0.0842,0.00302146,0.00302694
0.0846,0,0
0.085,0,0
0.0854,0,0
0.0858,0.00281939,0.00282418
0.0862,0,0
0.0866,0,0
0.087,0.00324096,0.00324728
0.0874,0.00306447,0.00307012
0.0878,0.00287271,0.00287768
0.0882,0,0
0.0886,0.00303427,0.00303983
0.089,0.00295898,0.00296426
0.0894,0,0
0.0898,0,0
0.0902,0,0
0.0906,0,0
0.091,0,0
0.0914,0,0
0.0918,0,0
0.0922,0.0030238,0.00302933
0.0926,0,0
0.093,0,0
0.0934,0.00302956,0.00303512
0.0938,0.00618518,0.00438177
0.0942,0,0
0.0946,0,0
0.095,0.00312325,0.00312915
0.0954,0,0
0.0958,0,0
0.0962,0.00316267,0.00316872
0.0966,0.00633109,0.00448674
0.097,0.00349389,0.00350129
0.0974,0,0
0.0978,0,0
0.0982,0.00283488,0.00283975
0.0986,0.00331719,0.00332386
0.099,0,0
0.0994,0,0
0.0998,0.00650176,0.00460651
0.1002,0,0
0.1006,0,0
0.101,0,0
0.1014,0,0
0.1018,0,0
0.1022,0,0
0.1026,0,0
0.103,0,0
0.1034,0,0
0.1038,0,0
0.1042,0,0
0.1046,0,0
0.105,0.00734864,0.00521167
0.1054,0,0
0.1058,0,0
0.1062,0.00349138,0.00349877
0.1066,0,0
0.107,0.00371824,0.00372662
0.1074,0,0
0.1078,0.0038293,0.00383819
0.1082,0,0
0.1086,0,0
0.109,0.00389005,0.00389923
0.1094,0,0
0.1098,0,0
0.1102,0,0
0.1106,0.0040842,0.00409433
0.111,0.00385428,0.00386329
0.1114,0.00435638,0.0043679
0.1118,0,0
0.1122,0,0
0.1126,0,0
0.113,0.004564,0.00457665
0.1134,0.0045981,0.00461093
0.1138,0.00455784,0.00457045
0.1142,0,0
0.1146,0,0
0.115,0,0
0.1154,0,0
0.1158,0.00409276,0.00410294
0.1162,0.00474822,0.00476191
0.1166,0,0
0.117,0.00933841,0.00675417
0.1174,0.00484551,0.00485977
0.1178,0.00486907,0.00488348
0.1182,0.00991902,0.00703495
0.1186,0,0
0.119,0.00489255,0.0049071
0.1194,0.0104965,0.00745033
0.1198,0,0
