# X , Y , E Distribution=true
1
-0.1198,0,0
-0.1194,0,0
-0.119,0,0
-0.1186,0,0
-0.1182,0,0
-0.1178,0,0
-0.1174,0,0
-0.117,0.00673316,0.00924958
-0.1166,0.0127957,0.0128203
-0.1162,0,0
-0.1158,0,0
-0.1154,0,0
-0.115,0,0
-0.1146,0,0
-0.1142,0,0
-0.1138,0,0
-0.1134,0,0
-0.113,0,0
-0.1126,0,0
-0.1122,0,0
-0.1118,0,0
-0.1114,0,0
-0.111,0,0
-0.1106,0,0
-0.1102,0,0
-0.1098,0,0
-0.1094,0,0
-0.109,0,0
-0.1086,0,0
-0.1082,0,0
-0.1078,0,0
-0.1074,0,0
-0.107,0,0
-0.1066,0,0
-0.1062,0,0
-0.1058,0,0
-0.1054,0.0128203,0.0128448
-0.105,0,0
-0.1046,0,0
-0.1042,0,0
-0.1038,0,0
-0.1034,0,0
-0.103,0,0
-0.1026,0,0
-0.1022,0,0
-0.1018,0,0
-0.1014,0,0
-0.101,0,0
-0.1006,0,0
-0.1002,0,0
-0.0998,0,0
-0.0994,0,0
-0.099,0,0
-0.0986,0.0138554,0.013884
-0.0982,0,0
-0.0978,0,0
-0.0974,0,0
-0.097,0,0
-0.0966,0,0
-0.0962,0,0
-0.0958,0,0
-0.0954,0,0
-0.095,0.0130357,0.0130609
-0.0946,0,0
-0.0942,0,0
-0.0938,0,0
-0.0934,0,0
-0.093,0,0
-0.0926,0,0
-0.0922,0,0
-0.0918,0,0
-0.0914,0,0
-0.091,0,0
-0.0906,0.0125466,0.0125699
-0.0902,0,0
-0.0898,0,0
-0.0894,0,0
-0.089,0,0
-0.0886,0,0
-0.0882,0,0
-0.0878,0,0
-0.0874,0,0
-0.087,0,0
-0.0866,0.0122456,0.0122677
-0.0862,0,0
-0.0858,0.0126294,0.0126529
-0.0854,0,0
-0.085,0,0
-0.0846,0,0
-0.0842,0,0
-0.0838,0,0
-0.0834,0,0
-0.083,0,0
-0.0826,0,0
-0.0822,0,0
-0.0818,0,0
-0.0814,0,0
-0.081,0,0
-0.0806,0,0
-0.0802,0,0
-0.0798,0,0
-0.0794,0.0114625,0.0120114
-0.079,0,0
-0.0786,0,0
-0.0782,0,0
-0.0778,0,0
-0.0774,0,0
-0.077,0,0
-0.0766,0,0
-0.0762,0,0
-0.0758,0,0
-0.0754,0,0
-0.075,0,0
-0.0746,0,0
-0.0742,0,0
-0.0738,0.0137684,0.0137962
-0.0734,0,0
-0.073,0,0
-0.0726,0,0
-0.0722,0,0
-0.0718,0,0
-0.0714,0,0
-0.071,0,0
-0.0706,0,0
-0.0702,0,0
-0.0698,0,0
-0.0694,0,0
-0.069,0,0
-0.0686,0.0124484,0.0124711
-0.0682,0,0
-0.0678,0,0
-0.0674,0,0
-0.067,0,0
-0.0666,0,0
-0.0662,0,0
-0.0658,0,0
-0.0654,0,0
-0.065,0,0
-0.0646,0,0
-0.0642,0,0
-0.0638,0,0
-0.0634,0,0
-0.063,0,0
-0.0626,0,0
-0.0622,0,0
-0.0618,0,0
-0.0614,0,0
-0.061,0,0
-0.0606,0,0
-0.0602,0,0
-0.0598,0,0
-0.0594,0,0
-0.059,0,0
-0.0586,0,0
-0.0582,0,0
-0.0578,0,0
-0.0574,0,0
-0.057,0,0
-0.0566,0.0137781,0.0138058
-0.0562,0,0
-0.0558,0,0
-0.0554,0,0
-0.055,0,0
-0.0546,0,0
-0.0542,0,0
-0.0538,0,0
-0.0534,0,0
-0.053,0,0
-0.0526,0,0
-0.0522,0,0
-0.0518,0.00931653,0.0112904
-0.0514,0,0
-0.051,0,0
-0.0506,0,0
-0.0502,0.0122135,0.0122352
-0.0498,0,0
-0.0494,0,0
-0.049,0,0
-0.0486,0,0
-0.0482,0,0
-0.0478,0,0
-0.0474,0,0
-0.047,0,0
-0.0466,0,0
-0.0462,0.0129559,0.0129802
-0.0458,0,0
-0.0454,0,0
-0.045,0.0121847,0.0130012
-0.0446,0.0130753,0.0131001
-0.0442,0,0
-0.0438,0,0
-0.0434,0,0
-0.043,0.011385,0.0121743
-0.0426,0,0
-0.0422,0.0138348,0.0138625
-0.0418,0,0
-0.0414,0,0
-0.041,0.0100391,0.0107578
-0.0406,0.0121956,0.0122171
-0.0402,0,0
-0.0398,0,0
-0.0394,0.012243,0.0122647
-0.039,0,0
-0.0386,0,0
-0.0382,0,0
-0.0378,0,0
-0.0374,0,0
-0.037,0,0
-0.0366,0,0
-0.0362,0,0
-0.0358,0,0
-0.0354,0,0
-0.035,0,0
-0.0346,0,0
-0.0342,0,0
-0.0338,0.0031696,0.00635655
-0.0334,0,0
-0.033,0,0
-0.0326,0,0
-0.0322,0.0121023,0.0121234
-0.0318,0,0
-0.0314,0,0
-0.031,0.0264771,0.0187579
-0.0306,0,0
-0.0302,0,0
-0.0298,0,0
-0.0294,0.0127996,0.0128232
-0.029,0,0
-0.0286,0,0
-0.0282,0,0
-0.0278,0,0
-0.0274,0.0131031,0.0131278
-0.027,0,0
-0.0266,0,0
-0.0262,0,0
-0.0258,0.0408903,0.0236549
-0.0254,0,0
-0.025,0,0
-0.0246,0,0
-0.0242,0.012701,0.0127241
-0.0238,0.0127032,0.0127264
-0.0234,0,0
-0.023,0,0
-0.0226,0,0
-0.0222,0,0
-0.0218,0,0
-0.0214,0,0
-0.021,0,0
-0.0206,0,0
-0.0202,0,0
-0.0198,0,0
-0.0194,0,0
-0.019,0,0
-0.0186,0.0125584,0.012581
-0.0182,0.0132608,0.013286
-0.0178,0,0
-0.0174,0,0
-0.017,0.0126786,0.0127016
-0.0166,0,0
-0.0162,0,0
-0.0158,0,0
-0.0154,0,0
-0.015,0,0
-0.0146,0,0
-0.0142,0,0
-0.0138,0,0
-0.0134,0,0
-0.013,0,0
-0.0126,0.0126053,0.012628
-0.0122,0,0
-0.0118,0,0
-0.0114,0,0
-0.011,0.0133061,0.0133314
-0.0106,0,0
-0.0102,0,0
-0.0098,0,0
-0.0094,0.00550398,0.00826039
-0.009,0.00594991,0.00893992
-0.0086,0.0131602,0.0131849
-0.0082,0,0
-0.0078,0.00953773,0.0105825
-0.0074,0.0120326,0.0120532
-0.007,0.00267773,0.00576077
-0.0066,0,0
-0.0062,0.0285397,0.0202326
-0.0058,0.044545,0.0253194
-0.0054,0.0223728,0.0171105
-0.005,0.0134744,0.0135003
-0.0046,0.0256317,0.0181575
-0.0042,0.057773,0.0260767
-0.0038,0.0935499,0.0332871
-0.0034,0.118628,0.0370025
-0.003,0.127865,0.0397221
-0.0026,0.41687,0.0738071
-0.0022,0.694158,0.0962744
-0.0018,1.1121,0.122213
-0.0014,2.06201,0.166508
-0.001,3.56578,0.220788
-0.0006,4.8017,0.248152
-0.0002,4.75629,0.24426
0.0002,4.23789,0.237922
0.0006,3.05872,0.197259
0.001,2.14146,0.168209
0.0014,1.20312,0.124444
0.0018,0.581798,0.0862535
0.0022,0.185358,0.0472878
0.0026,0.0641169,0.0287427
0.003,0.0366289,0.022349
0.0034,0,0
0.0038,0.0134936,0.0135194
0.0042,0,0
0.0046,0,0
0.005,0,0
0.0054,0,0
0.0058,0,0
0.0062,0.013031,0.013055
0.0066,0,0
0.007,0,0
0.0074,0,0
0.0078,0,0
0.0082,0,0
0.0086,0,0
0.009,0.0137855,0.0138123
0.0094,0.0138542,0.0138813
0.0098,0,0
0.0102,0,0
0.0106,0.000176451,0.00151072
0.011,0,0
0.0114,0,0
0.0118,0,0
0.0122,0.00840603,0.0105336
0.0126,0,0
0.013,0,0
0.0134,0.026165,0.0185356
0.0138,0,0
0.0142,0,0
0.0146,0,0
0.015,0.00911419,0.0105384
0.0154,0.0129196,0.0129432
0.0158,0,0
0.0162,0,0
0.0166,0,0
0.017,0.00667377,0.0093061
0.0174,0,0
0.0178,0,0
0.0182,0,0
0.0186,0,0
0.019,0,0
0.0194,0.0140881,0.014116
0.0198,0,0
0.0202,0.0126769,0.0126995
0.0206,0,0
0.021,0,0
0.0214,0,0
0.0218,0,0
0.0222,0,0
0.0226,0,0
0.023,0,0
0.0234,0,0
0.0238,0.00503394,0.00830996
0.0242,0,0
0.0246,0.0121754,0.0121962
0.025,0,0
0.0254,0.0128864,0.0129096
0.0258,0,0
0.0262,0,0
0.0266,0,0
0.027,0,0
0.0274,0,0
0.0278,0,0
0.0282,0,0
0.0286,0,0
0.029,0,0
0.0294,0,0
0.0298,0,0
0.0302,0,0
0.0306,0,0
0.031,0.0256588,0.0182519
0.0314,0,0
0.0318,0,0
0.0322,0.0118939,0.0119137
0.0326,0.0132892,0.0133138
0.033,0.0138885,0.0139154
0.0334,0,0
0.0338,0.0128228,0.0128458
0.0342,0,0
0.0346,0.0102681,0.0110771
0.035,0.0133654,0.0133903
0.0354,0,0
0.0358,0,0
0.0362,0,0
0.0366,0.012628,0.0126502
0.037,0,0
0.0374,0.0133969,0.0134218
0.0378,0.0133334,0.0133582
0.0382,0.0136544,0.0136804
0.0386,0,0
0.039,0,0
0.0394,0,0
0.0398,0,0
0.0402,0,0
0.0406,0,0
0.041,0,0
0.0414,0,0
0.0418,0,0
0.0422,0,0
0.0426,0,0
0.043,0,0
0.0434,0,0
0.0438,0,0
0.0442,0.0125598,0.0125817
0.0446,0.0124319,0.0124533
0.045,0.0127399,0.0127624
0.0454,0,0
0.0458,0,0
0.0462,0,0
0.0466,0,0
0.047,0,0
0.0474,0.00378635,0.00681321
0.0478,0,0
0.0482,0,0
0.0486,0,0
0.049,0,0
0.0494,0,0
0.0498,0.0113275,0.0122339
0.0502,0,0
0.0506,0.0118878,0.0119073
0.051,0,0
0.0514,0.0131673,0.0131913
0.0518,0,0
0.0522,0,0
0.0526,0,0
0.053,0,0
0.0534,0,0
0.0538,0,0
0.0542,0,0
0.0546,0,0
0.055,0,0
0.0554,0,0
0.0558,0.0142056,0.0142335
0.0562,0.0134104,0.0134352
0.0566,0.0118787,0.0118982
0.057,0,0
0.0574,0,0
0.0578,0,0
0.0582,0,0
0.0586,0,0
0.059,0,0
0.0594,0,0
0.0598,0,0
0.0602,0,0
0.0606,0,0
0.061,0,0
0.0614,0,0
0.0618,0,0
0.0622,0,0
0.0626,0,0
0.063,0.00802363,0.0108459
0.0634,0,0
0.0638,0.0135478,0.013573
0.0642,0,0
0.0646,0,0
0.065,0,0
0.0654,0,0
0.0658,0,0
0.0662,0,0
0.0666,0,0
0.067,0,0
0.0674,0,0
0.0678,0,0
0.0682,0.00104585,0.00363149
0.0686,0,0
0.069,0.0145004,0.0145292
0.0694,0,0
0.0698,0,0
0.0702,0,0
0.0706,0,0
0.071,0,0
0.0714,0,0
0.0718,0,0
0.0722,0,0
0.0726,0,0
0.073,0,0
0.0734,0,0
0.0738,0,0
0.0742,0,0
0.0746,0,0
0.075,0,0
0.0754,0.0123254,0.0123461
0.0758,0,0
0.0762,0,0
0.0766,0,0
0.077,0,0
0.0774,0,0
0.0778,0,0
0.0782,0,0
0.0786,0,0
0.079,0,0
0.0794,0,0
0.0798,0,0
0.0802,0,0
0.0806,0,0
0.081,0,0
0.0814,0,0
0.0818,0,0
0.0822,0,0
0.0826,0.0139938,0.0140204
0.083,0,0
0.0834,0,0
0.0838,0,0
0.0842,0,0
0.0846,0,0
0.085,0.0129839,0.0130068
0.0854,0,0
0.0858,0,0
0.0862,0,0
0.0866,0.0290331,0.02057
0.087,0,0
0.0874,0,0
0.0878,0,0
0.0882,0,0
0.0886,0,0
0.089,0,0
0.0894,0,0
0.0898,0,0
0.0902,0,0
0.0906,0,0
0.091,0.0142669,0.0142944
0.0914,0,0
0.0918,0.00991875,0.0115535
0.0922,0,0
0.0926,0,0
0.093,0,0
0.0934,0,0
0.0938,0,0
0.0942,0,0
0.0946,0,0
0.095,0,0
0.0954,0,0
0.0958,0,0
0.0962,0,0
0.0966,0,0
0.097,0.012747,0.0127689
0.0974,0,0
0.0978,0,0
0.0982,0,0
0.0986,0,0
0.099,0,0
0.0994,0.0136788,0.013704
0.0998,0,0
0.1002,0,0
0.1006,0,0
0.101,0,0
0.1014,0.0154269,0.015459
0.1018,0,0
0.1022,0,0
0.1026,0.0151583,0.0151892
0.103,0,0
0.1034,0,0
0.1038,0,0
0.1042,0,0
0.1046,0,0
0.105,0,0
0.1054,0,0
0.1058,0,0
0.1062,0,0
0.1066,0,0
0.107,0,0
0.1074,0,0
0.1078,0,0
0.1082,0,0
0.1086,0,0
0.109,0,0
0.1094,0,0
0.1098,0,0
0.1102,0,0
0.1106,0,0
0.111,0,0
0.1114,0,0
0.1118,0,0
0.1122,0,0
0.1126,0,0
0.113,0,0
0.1134,0,0
0.1138,0,0
0.1142,0,0
0.1146,0,0
0.115,0,0
0.1154,0,0
0.1158,0,0
0.1162,0,0
0.1166,0,0
0.117,0,0
0.1174,0,0
0.1178,0,0
0.1182,0,0
0.1186,0,0
0.119,0,0
0.1194,0,0
0.1198,0,0
2
-0.1198,0,0
-0.1194,0,0
-0.119,0,0
-0.1186,0,0
-0.1182,0,0
-0.1178,0,0
-0.1174,0,0
-0.117,0.00277158,0.00405868
-0.1166,0,0
-0.1162,0,0
-0.1158,0,0
-0.1154,0,0
-0.115,0,0
-0.1146,0,0
-0.1142,0,0
-0.1138,0,0
-0.1134,0,0
-0.113,0,0
-0.1126,0,0
-0.1122,0,0
-0.1118,0,0
-0.1114,0,0
-0.111,0,0
-0.1106,0,0
-0.1102,0,0
-0.1098,0,0
-0.1094,0,0
-0.109,0,0
-0.1086,0,0
-0.1082,0,0
-0.1078,0,0
-0.1074,0,0
-0.107,0,0
-0.1066,0,0
-0.1062,0,0
-0.1058,0,0
-0.1054,0,0
-0.105,0,0
-0.1046,0,0
-0.1042,0,0
-0.1038,0,0
-0.1034,0,0
-0.103,0,0
-0.1026,0,0
-0.1022,0,0
-0.1018,0,0
-0.1014,0.00602993,0.00604153
-0.101,0,0
-0.1006,0,0
-0.1002,0,0
-0.0998,0,0
-0.0994,0,0
-0.099,0,0
-0.0986,0,0
-0.0982,0,0
-0.0978,0,0
-0.0974,0,0
-0.097,0,0
-0.0966,0,0
-0.0962,0.00556239,0.00557225
-0.0958,0.00121124,0.00271253
-0.0954,0,0
-0.095,0,0
-0.0946,0,0
-0.0942,0.00605509,0.00606676
-0.0938,0,0
-0.0934,0,0
-0.093,0,0
-0.0926,0,0
-0.0922,0,0
-0.0918,0,0
-0.0914,0,0
-0.091,0,0
-0.0906,0,0
-0.0902,0,0
-0.0898,0,0
-0.0894,0.00126825,0.00273096
-0.089,0.00633542,0.00634818
-0.0886,0,0
-0.0882,0,0
-0.0878,0,0
-0.0874,0,0
-0.087,0,0
-0.0866,0,0
-0.0862,0,0
-0.0858,0,0
-0.0854,0,0
-0.085,0,0
-0.0846,0,0
-0.0842,0,0
-0.0838,0,0
-0.0834,0,0
-0.083,0,0
-0.0826,0,0
-0.0822,0,0
-0.0818,0,0
-0.0814,0,0
-0.081,0,0
-0.0806,0.00211793,0.00349233
-0.0802,0,0
-0.0798,0,0
-0.0794,0.000499635,0.00170749
-0.079,0,0
-0.0786,0,0
-0.0782,0,0
-0.0778,0,0
-0.0774,0,0
-0.077,0,0
-0.0766,0,0
-0.0762,0.00629173,0.00630429
-0.0758,0.00630808,0.0063207
-0.0754,0,0
-0.075,0,0
-0.0746,0,0
-0.0742,0,0
-0.0738,0.00637549,0.00638837
-0.0734,0,0
-0.073,0.00452631,0.005284
-0.0726,0,0
-0.0722,0,0
-0.0718,0,0
-0.0714,0,0
-0.071,0,0
-0.0706,0,0
-0.0702,0,0
-0.0698,0.00614631,0.00615828
-0.0694,0,0
-0.069,0,0
-0.0686,0.00575769,0.00576818
-0.0682,0,0
-0.0678,0,0
-0.0674,0,0
-0.067,0,0
-0.0666,0,0
-0.0662,0,0
-0.0658,0,0
-0.0654,0.00570122,0.0057115
-0.065,0,0
-0.0646,0,0
-0.0642,0,0
-0.0638,0,0
-0.0634,0.00599724,0.00600861
-0.063,0,0
-0.0626,0,0
-0.0622,0.0059653,0.00597655
-0.0618,0,0
-0.0614,0.00561655,0.00562652
-0.061,0,0
-0.0606,0.00608069,0.00609237
-0.0602,0.00550533,0.00551491
-0.0598,0,0
-0.0594,0,0
-0.059,0,0
-0.0586,0.00318368,0.00424038
-0.0582,0,0
-0.0578,0.00557682,0.00558665
-0.0574,0,0
-0.057,0,0
-0.0566,0,0
-0.0562,0,0
-0.0558,0,0
-0.0554,0,0
-0.055,0,0
-0.0546,0,0
-0.0542,0,0
-0.0538,0,0
-0.0534,0,0
-0.053,0,0
-0.0526,0,0
-0.0522,0,0
-0.0518,0,0
-0.0514,0,0
-0.051,0,0
-0.0506,0,0
-0.0502,0,0
-0.0498,0,0
-0.0494,0.00576939,0.00577989
-0.049,0,0
-0.0486,0,0
-0.0482,0,0
-0.0478,0,0
-0.0474,0,0
-0.047,0,0
-0.0466,0,0
-0.0462,0,0
-0.0458,0,0
-0.0454,0,0
-0.045,0.000750647,0.00218838
-0.0446,0,0
-0.0442,0,0
-0.0438,0,0
-0.0434,0,0
-0.043,0.00669028,0.00632743
-0.0426,0,0
-0.0422,0,0
-0.0418,0,0
-0.0414,0,0
-0.041,0.000666552,0.00187902
-0.0406,0.00876077,0.00694517
-0.0402,0.00560378,0.00561366
-0.0398,0,0
-0.0394,0,0
-0.039,0.00565332,0.00566337
-0.0386,0,0
-0.0382,0,0
-0.0378,0,0
-0.0374,0,0
-0.037,0,0
-0.0366,0,0
-0.0362,0,0
-0.0358,0.0119365,0.00845704
-0.0354,0,0
-0.035,0.00592194,0.00593296
-0.0346,0,0
-0.0342,0,0
-0.0338,0.00437281,0.00505699
-0.0334,0,0
-0.033,0,0
-0.0326,0,0
-0.0322,0,0
-0.0318,0,0
-0.0314,0,0
-0.031,0.00555619,0.00581809
-0.0306,0.00578859,0.00579911
-0.0302,0.00553236,0.00554196
-0.0298,0.00586537,0.00587617
-0.0294,0,0
-0.029,0,0
-0.0286,0.00600369,0.006015
-0.0282,0,0
-0.0278,0,0
-0.0274,0,0
-0.027,0,0
-0.0266,0,0
-0.0262,0.0115208,0.00816118
-0.0258,0.00363884,0.00476518
-0.0254,0,0
-0.025,0,0
-0.0246,0.00548441,0.00549384
-0.0242,0,0
-0.0238,0,0
-0.0234,0.00609481,0.00610645
-0.023,0,0
-0.0226,0,0
-0.0222,0,0
-0.0218,0,0
-0.0214,0,0
-0.021,0,0
-0.0206,0,0
-0.0202,0.00612292,0.00613466
-0.0198,0,0
-0.0194,0,0
-0.019,0,0
-0.0186,0,0
-0.0182,0.00604722,0.00605867
-0.0178,0,0
-0.0174,0,0
-0.017,0,0
-0.0166,0,0
-0.0162,0,0
-0.0158,0,0
-0.0154,0,0
-0.015,0,0
-0.0146,0,0
-0.0142,0,0
-0.0138,0.00636322,0.00637588
-0.0134,0.00624282,0.006255
-0.013,0.00292229,0.00410702
-0.0126,0,0
-0.0122,0,0
-0.0118,0.00661124,0.0066249
-0.0114,0,0
-0.011,0.00606915,0.00608066
-0.0106,0.0111119,0.00787099
-0.0102,0,0
-0.0098,0,0
-0.0094,0.0090653,0.00728659
-0.009,0.0033878,0.00455467
-0.0086,0.00599859,0.00600982
-0.0082,0,0
-0.0078,0,0
-0.0074,0,0
-0.007,0.0106373,0.00769884
-0.0066,0.0116328,0.00824498
-0.0062,0,0
-0.0058,0.0254705,0.0129583
-0.0054,0.00609768,0.00610929
-0.005,0.00613588,0.00614763
-0.0046,0.005835,0.00584562
-0.0042,0.0105198,0.00760426
-0.0038,0.0382088,0.0144839
-0.0034,0.0454796,0.0154558
-0.003,0.0554287,0.0175435
-0.0026,0.122816,0.0269966
-0.0022,0.210157,0.0357025
-0.0018,0.44474,0.0521119
-0.0014,0.649021,0.0629678
-0.001,1.12169,0.0834477
-0.0006,1.48047,0.0927915
-0.0002,1.72586,0.0991089
0.0002,1.75051,0.102993
0.0006,1.31055,0.0871478
0.001,0.870867,0.0724739
0.0014,0.516404,0.0551184
0.0018,0.271995,0.0398833
0.0022,0.132846,0.0270292
0.0026,0.0236161,0.0117145
0.003,0.0326943,0.0142299
0.0034,0.00627634,0.00628861
0.0038,0.0226095,0.0118419
0.0042,0.0126127,0.00893607
0.0046,0.00559645,0.0056062
0.005,0.00594175,0.00595275
0.0054,0.00594204,0.00595303
0.0058,0,0
0.0062,0,0
0.0066,0.0078119,0.00673537
0.007,0,0
0.0074,0,0
0.0078,0,0
0.0082,0,0
0.0086,0,0
0.009,0.00801857,0.0069296
0.0094,0.0125327,0.00887925
0.0098,0,0
0.0102,0.011566,0.00819312
0.0106,0.00576074,0.00581113
0.011,0.0123526,0.00875144
0.0114,0.00623592,0.00624801
0.0118,0.00599951,0.0060107
0.0122,0.00595682,0.00596785
0.0126,0.0022629,0.00348498
0.013,0,0
0.0134,0,0
0.0138,0.0058732,0.00588392
0.0142,0,0
0.0146,0.00553458,0.0055441
0.015,0.00690581,0.0061887
0.0154,0,0
0.0158,0,0
0.0162,0.00572552,0.00573571
0.0166,0,0
0.017,0.00282926,0.00407484
0.0174,0,0
0.0178,0,0
0.0182,0,0
0.0186,0,0
0.019,0,0
0.0194,0.0124511,0.00882358
0.0198,0.00592972,0.00594064
0.0202,0.00572779,0.00573798
0.0206,0,0
0.021,0.0117199,0.00830467
0.0214,0.0110931,0.0080232
0.0218,0,0
0.0222,0.00583276,0.00584332
0.0226,0,0
0.023,0,0
0.0234,0,0
0.0238,0.00389523,0.00491055
0.0242,0,0
0.0246,0,0
0.025,0,0
0.0254,0,0
0.0258,0.00581281,0.00582328
0.0262,0,0
0.0266,0.00590502,0.00591583
0.027,0,0
0.0274,0,0
0.0278,0.0058062,0.00581665
0.0282,0,0
0.0286,0,0
0.029,0.00547496,0.00548425
0.0294,0,0
0.0298,0,0
0.0302,0,0
0.0306,0,0
0.031,0,0
0.0314,0.00574212,0.00575233
0.0318,0,0
0.0322,0,0
0.0326,0.0119587,0.00847178
0.033,0,0
0.0334,0.00563453,0.00564436
0.0338,0,0
0.0342,0,0
0.0346,0.000738488,0.00199208
0.035,0,0
0.0354,0,0
0.0358,0,0
0.0362,0,0
0.0366,0,0
0.037,0,0
0.0374,0,0
0.0378,0,0
0.0382,0.00419554,0.00508273
0.0386,0.00206622,0.0034027
0.039,0,0
0.0394,0,0
0.0398,0.0113611,0.00804762
0.0402,0,0
0.0406,0,0
0.041,0,0
0.0414,0,0
0.0418,0,0
0.0422,0,0
0.0426,0.00600479,0.00601593
0.043,0,0
0.0434,0,0
0.0438,0.00583703,0.00584756
0.0442,0,0
0.0446,0.00563401,0.00564381
0.045,0,0
0.0454,0,0
0.0458,0,0
0.0462,0,0
0.0466,0,0
0.047,0,0
0.0474,0.0037789,0.00455658
0.0478,0,0
0.0482,0,0
0.0486,0,0
0.049,0,0
0.0494,0,0
0.0498,0,0
0.0502,0,0
0.0506,0.004969,0.00515145
0.051,0,0
0.0514,0,0
0.0518,0,0
0.0522,0,0
0.0526,0,0
0.053,0,0
0.0534,0,0
0.0538,0,0
0.0542,0.00502722,0.00543447
0.0546,0,0
0.055,0.00569307,0.00570306
0.0554,0.00576207,0.0057723
0.0558,0,0
0.0562,0,0
0.0566,0,0
0.057,0,0
0.0574,0.00618284,0.00619461
0.0578,0,0
0.0582,0,0
0.0586,0,0
0.059,0,0
0.0594,0,0
0.0598,0,0
0.0602,0,0
0.0606,0.012086,0.00856888
0.061,0,0
0.0614,0.00580994,0.00582032
0.0618,0,0
0.0622,0,0
0.0626,0,0
0.063,0.00293575,0.00438257
0.0634,0,0
0.0638,0,0
0.0642,0,0
0.0646,0.00578163,0.0057919
0.065,0,0
0.0654,0,0
0.0658,0,0
0.0662,0.00649249,0.00650544
0.0666,0,0
0.067,0,0
0.0674,0.00584894,0.00585945
0.0678,0,0
0.0682,0.00513319,0.00537034
0.0686,0,0
0.069,0,0
0.0694,0,0
0.0698,0,0
0.0702,0,0
0.0706,0,0
0.071,0.00607916,0.0060905
0.0714,0,0
0.0718,0,0
0.0722,0,0
0.0726,0.00582471,0.00583511
0.073,0,0
0.0734,0,0
0.0738,0,0
0.0742,0,0
0.0746,0,0
0.075,0,0
0.0754,0,0
0.0758,0,0
0.0762,0,0
0.0766,0,0
0.077,0,0
0.0774,0,0
0.0778,0,0
0.0782,0,0
0.0786,0,0
0.079,0,0
0.0794,0,0
0.0798,0.00543234,0.00544138
0.0802,0,0
0.0806,0,0
0.081,0,0
0.0814,0,0
0.0818,0,0
0.0822,0,0
0.0826,0,0
0.083,0,0
0.0834,0,0
0.0838,0,0
0.0842,0,0
0.0846,0,0
0.085,0,0
0.0854,0,0
0.0858,0,0
0.0862,0.00643328,0.00644593
0.0866,0,0
0.087,0,0
0.0874,0.00571237,0.00572234
0.0878,0,0
0.0882,0,0
0.0886,0,0
0.089,0,0
0.0894,0,0
0.0898,0,0
0.0902,0.019026,0.0110102
0.0906,0,0
0.091,0,0
0.0914,0,0
0.0918,0,0
0.0922,0,0
0.0926,0,0
0.093,0,0
0.0934,0,0
0.0938,0,0
0.0942,0,0
0.0946,0,0
0.095,0,0
0.0954,0.00566841,0.00567821
0.0958,0,0
0.0962,0,0
0.0966,0,0
0.097,0,0
0.0974,0,0
0.0978,0,0
0.0982,0,0
0.0986,0,0
0.099,0,0
0.0994,0,0
0.0998,0,0
0.1002,0,0
0.1006,0,0
0.101,0,0
0.1014,0,0
0.1018,0,0
0.1022,0,0
0.1026,0,0
0.103,0,0
0.1034,0,0
0.1038,0,0
0.1042,0,0
0.1046,0,0
0.105,0,0
0.1054,0,0
0.1058,0,0
0.1062,0,0
0.1066,0,0
0.107,0,0
0.1074,0,0
0.1078,0,0
0.1082,0,0
0.1086,0,0
0.109,0,0
0.1094,0,0
0.1098,0,0
0.1102,0,0
0.1106,0,0
0.111,0,0
0.1114,0,0
0.1118,0,0
0.1122,0,0
0.1126,0,0
0.113,0,0
0.1134,0,0
0.1138,0.00884602,0.00886975
0.1142,0,0
0.1146,0,0
0.115,0,0
0.1154,0,0
0.1158,0,0
0.1162,0,0
0.1166,0,0
0.117,0,0
0.1174,0,0
0.1178,0,0
0.1182,0,0
0.1186,0,0
0.119,0,0
0.1194,0.00952846,0.00955595
0.1198,0,0
3
-0.1198,0,0
-0.1194,0.00299147,0.00426849
-0.119,0,0
-0.1186,0,0
-0.1182,0,0
-0.1178,0,0
-0.1174,0,0
-0.117,0,0
-0.1166,0,0
-0.1162,0,0
-0.1158,0,0
-0.1154,0,0
-0.115,0.00648179,0.00649469
-0.1146,0,0
-0.1142,0.00610617,0.00611761
-0.1138,0,0
-0.1134,0,0
-0.113,0,0
-0.1126,0,0
-0.1122,0,0
-0.1118,0.00681695,0.00683119
-0.1114,0,0
-0.111,0,0
-0.1106,0,0
-0.1102,0,0
-0.1098,0,0
-0.1094,0,0
-0.109,0,0
-0.1086,0,0
-0.1082,0,0
-0.1078,0,0
-0.1074,0,0
-0.107,0,0
-0.1066,0,0
-0.1062,0,0
-0.1058,0,0
-0.1054,0,0
-0.105,0,0
-0.1046,0,0
-0.1042,0.00626237,0.00627435
-0.1038,0,0
-0.1034,0,0
-0.103,0,0
-0.1026,0,0
-0.1022,0,0
-0.1018,0,0
-0.1014,0,0
-0.101,0,0
-0.1006,0,0
-0.1002,0.00557563,0.00558512
-0.0998,0,0
-0.0994,0,0
-0.099,0,0
-0.0986,0,0
-0.0982,0,0
-0.0978,0,0
-0.0974,0.00621725,0.00622903
-0.097,0,0
-0.0966,0,0
-0.0962,0,0
-0.0958,0.00506205,0.00567103
-0.0954,0,0
-0.095,0,0
-0.0946,0.0123957,0.00878194
-0.0942,0.006335,0.00634721
-0.0938,0,0
-0.0934,0,0
-0.093,0,0
-0.0926,0,0
-0.0922,0,0
-0.0918,0,0
-0.0914,0,0
-0.091,0,0
-0.0906,0,0
-0.0902,0,0
-0.0898,0,0
-0.0894,0.00480766,0.00544144
-0.089,0,0
-0.0886,0,0
-0.0882,0,0
-0.0878,0,0
-0.0874,0.00553108,0.00554037
-0.087,0,0
-0.0866,0,0
-0.0862,0,0
-0.0858,0,0
-0.0854,0,0
-0.085,0,0
-0.0846,0.00621182,0.00622352
-0.0842,0,0
-0.0838,0,0
-0.0834,0,0
-0.083,0,0
-0.0826,0,0
-0.0822,0.00654456,0.00655753
-0.0818,0,0
-0.0814,0,0
-0.081,0,0
-0.0806,0.00379891,0.00479156
-0.0802,0.0120453,0.00853285
-0.0798,0,0
-0.0794,0,0
-0.079,0,0
-0.0786,0,0
-0.0782,0,0
-0.0778,0,0
-0.0774,0,0
-0.077,0,0
-0.0766,0,0
-0.0762,0,0
-0.0758,0,0
-0.0754,0,0
-0.075,0,0
-0.0746,0,0
-0.0742,0,0
-0.0738,0,0
-0.0734,0,0
-0.073,0.00170167,0.0033223
-0.0726,0,0
-0.0722,0,0
-0.0718,0,0
-0.0714,0.00639859,0.00641092
-0.071,0,0
-0.0706,0,0
-0.0702,0,0
-0.0698,0,0
-0.0694,0,0
-0.069,0,0
-0.0686,0,0
-0.0682,0,0
-0.0678,0.00615372,0.00616511
-0.0674,0,0
-0.067,0,0
-0.0666,0.00597202,0.00598273
-0.0662,0.00597945,0.0059902
-0.0658,0,0
-0.0654,0,0
-0.065,0.00581989,0.00583006
-0.0646,0.00073729,0.00204829
-0.0642,0.00633667,0.00634872
-0.0638,0,0
-0.0634,0,0
-0.063,0,0
-0.0626,0,0
-0.0622,0.00574678,0.00575668
-0.0618,0,0
-0.0614,0,0
-0.061,0,0
-0.0606,0.00641554,0.00642787
-0.0602,0,0
-0.0598,0.00392309,0.00478242
-0.0594,0,0
-0.059,0,0
-0.0586,0.00852062,0.00712728
-0.0582,0,0
-0.0578,0,0
-0.0574,0,0
-0.057,0.012576,0.00891808
-0.0566,0,0
-0.0562,0,0
-0.0558,0,0
-0.0554,0,0
-0.055,0,0
-0.0546,0,0
-0.0542,0,0
-0.0538,0.00604584,0.00629578
-0.0534,0,0
-0.053,0,0
-0.0526,0,0
-0.0522,0,0
-0.0518,0,0
-0.0514,0,0
-0.051,0,0
-0.0506,0,0
-0.0502,0,0
-0.0498,0,0
-0.0494,0.00602783,0.00603865
-0.049,0,0
-0.0486,0,0
-0.0482,0,0
-0.0478,0,0
-0.0474,0.00299539,0.00431343
-0.047,0,0
-0.0466,0,0
-0.0462,0,0
-0.0458,0,0
-0.0454,0,0
-0.045,0,0
-0.0446,0,0
-0.0442,0,0
-0.0438,0,0
-0.0434,0,0
-0.043,0,0
-0.0426,0,0
-0.0422,0,0
-0.0418,0,0
-0.0414,0,0
-0.041,0,0
-0.0406,0.0022507,0.00355564
-0.0402,0,0
-0.0398,0,0
-0.0394,0,0
-0.039,0,0
-0.0386,0,0
-0.0382,0,0
-0.0378,0.00435023,0.0053549
-0.0374,0,0
-0.037,0.00229527,0.00382098
-0.0366,0,0
-0.0362,0,0
-0.0358,0.00624603,0.00625758
-0.0354,0,0
-0.035,0,0
-0.0346,0,0
-0.0342,0,0
-0.0338,0,0
-0.0334,0,0
-0.033,0,0
-0.0326,0,0
-0.0322,0.00607021,0.0060811
-0.0318,0,0
-0.0314,0,0
-0.031,0.00054507,0.00187837
-0.0306,0,0
-0.0302,0.00615189,0.00616307
-0.0298,0,0
-0.0294,0,0
-0.029,0,0
-0.0286,0.00638253,0.00639455
-0.0282,0,0
-0.0278,0,0
-0.0274,0,0
-0.027,0.00621397,0.00622535
-0.0266,0,0
-0.0262,0.00661079,0.00662368
-0.0258,0.00274129,0.00426568
-0.0254,0.00669456,0.00670777
-0.025,0,0
-0.0246,0.00583549,0.00584553
-0.0242,0.00601277,0.00602342
-0.0238,0,0
-0.0234,0,0
-0.023,0,0
-0.0226,0.00569571,0.00570526
-0.0222,0.00187633,0.0034697
-0.0218,0,0
-0.0214,0,0
-0.021,0,0
-0.0206,0,0
-0.0202,0,0
-0.0198,0,0
-0.0194,0.0187751,0.0108598
-0.019,0.00611478,0.00612577
-0.0186,0,0
-0.0182,0.00644425,0.00645645
-0.0178,0,0
-0.0174,0.00589134,0.00590153
-0.017,0,0
-0.0166,0,0
-0.0162,0,0
-0.0158,0,0
-0.0154,0,0
-0.015,0.00611251,0.00612348
-0.0146,0,0
-0.0142,0.0124423,0.00881408
-0.0138,0,0
-0.0134,0,0
-0.013,0.00396629,0.00498859
-0.0126,0,0
-0.0122,0,0
-0.0118,0,0
-0.0114,0,0
-0.011,0,0
-0.0106,0,0
-0.0102,0,0
-0.0098,0.00606693,0.00607771
-0.0094,0.00634403,0.00635581
-0.009,0.00601396,0.00602454
-0.0086,0.00651413,0.00652655
-0.0082,0,0
-0.0078,0,0
-0.0074,0,0
-0.007,0.0170801,0.0101053
-0.0066,0.00641538,0.00642741
-0.0062,0,0
-0.0058,0,0
-0.0054,0.00621523,0.00622652
-0.005,0.0159332,0.0100825
-0.0046,0.0203496,0.0113793
-0.0042,0.000871521,0.00232196
-0.0038,0.0240817,0.0120726
-0.0034,0.0510793,0.0169361
-0.003,0.0464681,0.016525
-0.0026,0.0517585,0.0181308
-0.0022,0.16812,0.0330369
-0.0018,0.245599,0.0400466
-0.0014,0.482326,0.056136
-0.001,0.676961,0.0670219
-0.0006,1.00884,0.0792471
-0.0002,1.18495,0.0849776
0.0002,1.1758,0.0873353
0.0006,0.958979,0.0769562
0.001,0.771246,0.070815
0.0014,0.325321,0.045167
0.0018,0.232254,0.0381607
0.0022,0.128446,0.027534
0.0026,0.0486255,0.0173233
0.003,0.0265594,0.0133082
0.0034,0.00993704,0.00821607
0.0038,0.00879196,0.00760972
0.0042,0.00622387,0.00623514
0.0046,0.00622488,0.00623615
0.005,0,0
0.0054,0,0
0.0058,0.00558912,0.00559821
0.0062,0,0
0.0066,0.00466639,0.00559257
0.007,0,0
0.0074,0,0
0.0078,0.00634586,0.00635756
0.0082,0.00634709,0.00635879
0.0086,0.00628093,0.00629238
0.009,0.00438771,0.00543229
0.0094,0,0
0.0098,0.00603872,0.00604931
0.0102,0,0
0.0106,0.0043705,0.00524097
0.011,0,0
0.0114,0,0
0.0118,0,0
0.0122,0.00616064,0.00617165
0.0126,0.00947196,0.00756026
0.013,0,0
0.0134,0,0
0.0138,0,0
0.0142,0.00623937,0.00625065
0.0146,0,0
0.015,0,0
0.0154,0.000854797,0.00232004
0.0158,0,0
0.0162,0,0
0.0166,0.00572796,0.00573746
0.017,0,0
0.0174,0,0
0.0178,0.00393457,0.00495865
0.0182,0,0
0.0186,0.00601151,0.00602197
0.019,0,0
0.0194,0,0
0.0198,0.00636839,0.00638011
0.0202,0.00615143,0.00616237
0.0206,0,0
0.021,0,0
0.0214,0.012864,0.00893252
0.0218,0,0
0.0222,0,0
0.0226,0,0
0.023,0,0
0.0234,0,0
0.0238,0,0
0.0242,0,0
0.0246,0,0
0.025,0.0117278,0.00830925
0.0254,0,0
0.0258,0.0125548,0.00889381
0.0262,0,0
0.0266,0,0
0.027,0,0
0.0274,0,0
0.0278,0.00656361,0.00657603
0.0282,0,0
0.0286,0,0
0.029,0,0
0.0294,0,0
0.0298,0,0
0.0302,0.00649769,0.00650985
0.0306,0,0
0.031,0,0
0.0314,0.00617891,0.0061899
0.0318,0,0
0.0322,0,0
0.0326,0.00643538,0.0064473
0.033,0,0
0.0334,0,0
0.0338,0,0
0.0342,0.01774,0.0102661
0.0346,0,0
0.035,0,0
0.0354,0.00647121,0.00648325
0.0358,0.00668599,0.00669884
0.0362,0.00601264,0.00602303
0.0366,0,0
0.037,0,0
0.0374,0,0
0.0378,0.00639105,0.00640278
0.0382,0.0020883,0.00372168
0.0386,0.00378982,0.00478298
0.039,0,0
0.0394,0,0
0.0398,0,0
0.0402,0.00671312,0.00672605
0.0406,0,0
0.041,0,0
0.0414,0.0065369,0.00654916
0.0418,0,0
0.0422,0,0
0.0426,0,0
0.043,0,0
0.0434,0,0
0.0438,0,0
0.0442,0,0
0.0446,0,0
0.045,0,0
0.0454,0,0
0.0458,0,0
0.0462,0,0
0.0466,0,0
0.047,0.0058717,0.00588157
0.0474,0,0
0.0478,0,0
0.0482,0,0
0.0486,0,0
0.049,0,0
0.0494,0,0
0.0498,0,0
0.0502,0,0
0.0506,0.000382049,0.00148368
0.051,0,0
0.0514,0.0063605,0.00637206
0.0518,0.0124371,0.00881235
0.0522,0,0
0.0526,0,0
0.053,0,0
0.0534,0,0
0.0538,0,0
0.0542,0.00089184,0.0023779
0.0546,0,0
0.055,0,0
0.0554,0,0
0.0558,0,0
0.0562,0.00647235,0.0064843
0.0566,0,0
0.057,0,0
0.0574,0,0
0.0578,0,0
0.0582,0,0
0.0586,0,0
0.059,0,0
0.0594,0,0
0.0598,0,0
0.0602,0,0
0.0606,0,0
0.061,0,0
0.0614,0.0051071,0.00566853
0.0618,0,0
0.0622,0,0
0.0626,0,0
0.063,0,0
0.0634,0,0
0.0638,0,0
0.0642,0,0
0.0646,0,0
0.065,0.0060867,0.00609724
0.0654,0,0
0.0658,0,0
0.0662,0.00701356,0.00702755
0.0666,0,0
0.067,0,0
0.0674,0,0
0.0678,0,0
0.0682,0,0
0.0686,0,0
0.069,0,0
0.0694,0.006979,0.00699284
0.0698,0,0
0.0702,0,0
0.0706,0,0
0.071,0,0
0.0714,0,0
0.0718,0,0
0.0722,0,0
0.0726,0,0
0.073,0,0
0.0734,0,0
0.0738,0,0
0.0742,0.00119245,0.00278886
0.0746,0,0
0.075,0,0
0.0754,0,0
0.0758,0,0
0.0762,0,0
0.0766,0,0
0.077,0,0
0.0774,0,0
0.0778,0,0
0.0782,0,0
0.0786,0,0
0.079,0,0
0.0794,0,0
0.0798,0,0
0.0802,0,0
0.0806,0,0
0.081,0,0
0.0814,0,0
0.0818,0,0
0.0822,0,0
0.0826,0,0
0.083,0.00695353,0.00696721
0.0834,0,0
0.0838,0,0
0.0842,0.0132731,0.00941163
0.0846,0,0
0.085,0,0
0.0854,0,0
0.0858,0,0
0.0862,0,0
0.0866,0,0
0.087,0,0
0.0874,0,0
0.0878,0.00608328,0.00609374
0.0882,0,0
0.0886,0,0
0.089,0,0
0.0894,0,0
0.0898,0,0
0.0902,0,0
0.0906,0.00636607,0.00637752
0.091,0,0
0.0914,0,0
0.0918,0,0
0.0922,0.00684921,0.00686246
0.0926,0,0
0.093,0,0
0.0934,0,0
0.0938,0,0
0.0942,0,0
0.0946,0,0
0.095,0,0
0.0954,0,0
0.0958,0.00632931,0.00634061
0.0962,0,0
0.0966,0,0
0.097,0,0
0.0974,0,0
0.0978,0,0
0.0982,0,0
0.0986,0,0
0.099,0,0
0.0994,0,0
0.0998,0.00369426,0.00528
0.1002,0,0
0.1006,0,0
0.101,0,0
0.1014,0,0
0.1018,0,0
0.1022,0.00707183,0.00708591
0.1026,0,0
0.103,0,0
0.1034,0,0
0.1038,0,0
0.1042,0,0
0.1046,0,0
0.105,0,0
0.1054,0,0
0.1058,0,0
0.1062,0,0
0.1066,0,0
0.107,0,0
0.1074,0.00846179,0.00848192
0.1078,0,0
0.1082,0,0
0.1086,0.00821421,0.00823317
0.109,0,0
0.1094,0,0
0.1098,0.00921187,0.00923572
0.1102,0,0
0.1106,0,0
0.111,0,0
0.1114,0,0
0.1118,0,0
0.1122,0,0
0.1126,0,0
0.113,0.00923369,0.00925764
0.1134,0,0
0.1138,0,0
0.1142,0,0
0.1146,0.0103612,0.0103913
0.115,0,0
0.1154,0,0
0.1158,0,0
0.1162,0,0
0.1166,0,0
0.117,0,0
0.1174,0,0
0.1178,0,0
0.1182,0,0
0.1186,0,0
0.119,0,0
0.1194,0,0
0.1198,0,0
4
-0.1198,0,0
-0.1194,0.0030846,0.00434009
-0.119,0,0
-0.1186,0.00357494,0.00470544
-0.1182,0,0
-0.1178,0,0
-0.1174,0,0
-0.117,0,0
-0.1166,0,0
-0.1162,0,0
-0.1158,0,0
-0.1154,0,0
-0.115,0,0
-0.1146,0.00631362,0.00632581
-0.1142,0,0
-0.1138,0,0
-0.1134,0,0
-0.113,0.00648997,0.00650284
-0.1126,0,0
-0.1122,0,0
-0.1118,0,0
-0.1114,0,0
-0.111,0,0
-0.1106,0,0
-0.1102,0,0
-0.1098,0,0
-0.1094,0,0
-0.109,0,0
-0.1086,0,0
-0.1082,0,0
-0.1078,0,0
-0.1074,0,0
-0.107,0,0
-0.1066,0,0
-0.1062,0,0
-0.1058,0,0
-0.1054,0,0
-0.105,0,0
-0.1046,0,0
-0.1042,0,0
-0.1038,0,0
-0.1034,0,0
-0.103,0,0
-0.1026,0,0
-0.1022,0,0
-0.1018,0,0
-0.1014,0,0
-0.101,0,0
-0.1006,0,0
-0.1002,0,0
-0.0998,0,0
-0.0994,0,0
-0.099,0,0
-0.0986,0,0
-0.0982,0,0
-0.0978,0,0
-0.0974,0,0
-0.097,0,0
-0.0966,0,0
-0.0962,0,0
-0.0958,0,0
-0.0954,0,0
-0.095,0,0
-0.0946,0,0
-0.0942,0.00637279,0.00638508
-0.0938,0,0
-0.0934,0,0
-0.093,0,0
-0.0926,0,0
-0.0922,0,0
-0.0918,0,0
-0.0914,0,0
-0.091,0,0
-0.0906,0.00614355,0.00615496
-0.0902,0,0
-0.0898,0,0
-0.0894,0,0
-0.089,0,0
-0.0886,0,0
-0.0882,0,0
-0.0878,0,0
-0.0874,0,0
-0.087,0,0
-0.0866,0.00599545,0.00600629
-0.0862,0,0
-0.0858,0,0
-0.0854,0,0
-0.085,0,0
-0.0846,0,0
-0.0842,0,0
-0.0838,0,0
-0.0834,0,0
-0.083,0,0
-0.0826,0,0
-0.0822,0,0
-0.0818,0,0
-0.0814,0,0
-0.081,0,0
-0.0806,0,0
-0.0802,0,0
-0.0798,0,0
-0.0794,0,0
-0.079,0,0
-0.0786,0,0
-0.0782,0,0
-0.0778,0,0
-0.0774,0,0
-0.077,0,0
-0.0766,0,0
-0.0762,0,0
-0.0758,0,0
-0.0754,0,0
-0.075,0,0
-0.0746,0,0
-0.0742,0,0
-0.0738,0,0
-0.0734,0,0
-0.073,0,0
-0.0726,0,0
-0.0722,0,0
-0.0718,0,0
-0.0714,0,0
-0.071,0,0
-0.0706,0,0
-0.0702,0,0
-0.0698,0.00631617,0.00632813
-0.0694,0,0
-0.069,0.00178156,0.00342034
-0.0686,0,0
-0.0682,0,0
-0.0678,0,0
-0.0674,0.0127004,0.00899765
-0.067,0,0
-0.0666,0,0
-0.0662,0,0
-0.0658,0,0
-0.0654,0.000296681,0.00133946
-0.065,0.00602994,0.00604082
-0.0646,0.00494847,0.00531437
-0.0642,0,0
-0.0638,0.0123054,0.00871976
-0.0634,0,0
-0.063,0,0
-0.0626,0,0
-0.0622,0,0
-0.0618,0,0
-0.0614,0,0
-0.061,0,0
-0.0606,0.00643022,0.00644258
-0.0602,0,0
-0.0598,0.0083378,0.00726442
-0.0594,0,0
-0.059,0,0
-0.0586,0,0
-0.0582,0,0
-0.0578,0.00625244,0.00626411
-0.0574,0,0
-0.057,0,0
-0.0566,0,0
-0.0562,0,0
-0.0558,0,0
-0.0554,0,0
-0.055,0,0
-0.0546,0,0
-0.0542,0,0
-0.0538,0.000485207,0.00178442
-0.0534,0,0
-0.053,0,0
-0.0526,0.0123738,0.00876585
-0.0522,0.00644031,0.00645268
-0.0518,0,0
-0.0514,0,0
-0.051,0,0
-0.0506,0,0
-0.0502,0,0
-0.0498,0,0
-0.0494,0,0
-0.049,0,0
-0.0486,0,0
-0.0482,0,0
-0.0478,0,0
-0.0474,0.00319141,0.00445105
-0.047,0.00596502,0.00597562
-0.0466,0,0
-0.0462,0,0
-0.0458,0,0
-0.0454,0,0
-0.045,0,0
-0.0446,0,0
-0.0442,0,0
-0.0438,0.00615566,0.00616694
-0.0434,0,0
-0.043,0,0
-0.0426,0,0
-0.0422,0,0
-0.0418,0,0
-0.0414,0.00642507,0.00643735
-0.041,0,0
-0.0406,0,0
-0.0402,0,0
-0.0398,0,0
-0.0394,0,0
-0.039,0,0
-0.0386,0,0
-0.0382,0,0
-0.0378,0.00220938,0.00381067
-0.0374,0.00654738,0.00656012
-0.037,0.00516249,0.00572159
-0.0366,0,0
-0.0362,0,0
-0.0358,0,0
-0.0354,0,0
-0.035,0,0
-0.0346,0.0062646,0.00627625
-0.0342,0,0
-0.0338,0,0
-0.0334,0,0
-0.033,0,0
-0.0326,0,0
-0.0322,0,0
-0.0318,0,0
-0.0314,0,0
-0.031,0,0
-0.0306,0,0
-0.0302,0.00585026,0.00586042
-0.0298,0,0
-0.0294,0.000372098,0.00150468
-0.029,0,0
-0.0286,0,0
-0.0282,0.0129381,0.00916619
-0.0278,0,0
-0.0274,0,0
-0.027,0,0
-0.0266,0,0
-0.0262,0,0
-0.0258,0,0
-0.0254,0,0
-0.025,0,0
-0.0246,0,0
-0.0242,0,0
-0.0238,0.00614413,0.00615533
-0.0234,0,0
-0.023,0,0
-0.0226,0,0
-0.0222,0.00448161,0.00534202
-0.0218,0,0
-0.0214,0,0
-0.021,0,0
-0.0206,0,0
-0.0202,0,0
-0.0198,0,0
-0.0194,0,0
-0.019,0,0
-0.0186,0,0
-0.0182,0,0
-0.0178,0,0
-0.0174,0,0
-0.017,0.00638785,0.00639994
-0.0166,0,0
-0.0162,0.0123495,0.00874843
-0.0158,0,0
-0.0154,0,0
-0.015,0,0
-0.0146,0,0
-0.0142,0,0
-0.0138,0.00658582,0.00659867
-0.0134,0.00658592,0.00659878
-0.013,0.00560738,0.00606971
-0.0126,0,0
-0.0122,0.00655517,0.00656791
-0.0118,0.00672653,0.00673994
-0.0114,0,0
-0.011,0.0127981,0.00906684
-0.0106,0,0
-0.0102,0,0
-0.0098,0,0
-0.0094,0.00626235,0.00627397
-0.009,0,0
-0.0086,0,0
-0.0082,0,0
-0.0078,0.00589094,0.00590123
-0.0074,0.00492643,0.00534289
-0.007,0.00577438,0.00578427
-0.0066,0,0
-0.0062,0,0
-0.0058,0,0
-0.0054,0,0
-0.005,0.0094673,0.00776861
-0.0046,0.0109806,0.00822612
-0.0042,0.00549248,0.00550143
-0.0038,0.0165769,0.00991971
-0.0034,0.0323398,0.013366
-0.003,0.0271029,0.0127121
-0.0026,0.0991186,0.0249693
-0.0022,0.165301,0.0324803
-0.0018,0.287711,0.0429809
-0.0014,0.441014,0.0532206
-0.001,0.715066,0.0682525
-0.0006,0.856761,0.0722106
-0.0002,1.00576,0.0775351
0.0002,1.04687,0.0814982
0.0006,0.722583,0.0660644
0.001,0.563811,0.0598431
0.0014,0.375866,0.0480561
0.0018,0.239703,0.0384636
0.0022,0.0902019,0.022828
0.0026,0.0470498,0.0167223
0.003,0.0131736,0.0093334
0.0034,0.0103075,0.00834629
0.0038,0.0153116,0.0100042
0.0042,0,0
0.0046,0,0
0.005,0,0
0.0054,0.0065538,0.00656656
0.0058,0,0
0.0062,0.00653462,0.0065473
0.0066,0.0120765,0.0086806
0.007,0,0
0.0074,0,0
0.0078,0,0
0.0082,0.0062066,0.00621805
0.0086,0,0
0.009,0,0
0.0094,0,0
0.0098,0,0
0.0102,0.00599826,0.00600895
0.0106,0.00184731,0.00336726
0.011,0,0
0.0114,0,0
0.0118,0,0
0.0122,0,0
0.0126,0,0
0.013,0,0
0.0134,0,0
0.0138,0,0
0.0142,0,0
0.0146,0.00608145,0.00609244
0.015,0.00578715,0.00579711
0.0154,0.00527905,0.00569046
0.0158,0.00636697,0.00637902
0.0162,0,0
0.0166,0,0
0.017,0.00610966,0.00612076
0.0174,0,0
0.0178,0.00223015,0.00368229
0.0182,0,0
0.0186,0,0
0.019,0.005846,0.00585616
0.0194,0,0
0.0198,0,0
0.0202,0,0
0.0206,0,0
0.021,0,0
0.0214,0,0
0.0218,0,0
0.0222,0.00608405,0.00609507
0.0226,0,0
0.023,0.0066804,0.00669367
0.0234,0,0
0.0238,0,0
0.0242,0,0
0.0246,0,0
0.025,0,0
0.0254,0,0
0.0258,0,0
0.0262,0,0
0.0266,0,0
0.027,0,0
0.0274,0,0
0.0278,0,0
0.0282,0.00618053,0.00619191
0.0286,0,0
0.029,0,0
0.0294,0,0
0.0298,0,0
0.0302,0,0
0.0306,0,0
0.031,0,0
0.0314,0,0
0.0318,0.00556647,0.0055757
0.0322,0,0
0.0326,0,0
0.033,0.00649622,0.00650878
0.0334,0,0
0.0338,0,0
0.0342,0,0
0.0346,0,0
0.035,0,0
0.0354,0,0
0.0358,0,0
0.0362,0,0
0.0366,0,0
0.037,0,0
0.0374,0.00616042,0.00617173
0.0378,0,0
0.0382,0,0
0.0386,0,0
0.039,0,0
0.0394,0,0
0.0398,0.00617862,0.00619
0.0402,0,0
0.0406,0,0
0.041,0,0
0.0414,0,0
0.0418,0,0
0.0422,0,0
0.0426,0,0
0.043,0,0
0.0434,0.00604914,0.00606004
0.0438,0,0
0.0442,0.00583754,0.0058477
0.0446,0,0
0.045,0,0
0.0454,0.00591805,0.00592849
0.0458,0,0
0.0462,0,0
0.0466,0,0
0.047,0.00580233,0.00581237
0.0474,0,0
0.0478,0,0
0.0482,0,0
0.0486,0,0
0.049,0,0
0.0494,0,0
0.0498,0.0121976,0.00864068
0.0502,0,0
0.0506,0,0
0.051,0,0
0.0514,0,0
0.0518,0,0
0.0522,0,0
0.0526,0,0
0.053,0,0
0.0534,0,0
0.0538,0,0
0.0542,0,0
0.0546,0,0
0.055,0,0
0.0554,0,0
0.0558,0,0
0.0562,0,0
0.0566,0.00548198,0.00549095
0.057,0,0
0.0574,0,0
0.0578,0,0
0.0582,0,0
0.0586,0,0
0.059,0,0
0.0594,0,0
0.0598,0,0
0.0602,0,0
0.0606,0,0
0.061,0,0
0.0614,0.00709859,0.0065316
0.0618,0,0
0.0622,0,0
0.0626,0.0125023,0.00885727
0.063,0,0
0.0634,0,0
0.0638,0,0
0.0642,0,0
0.0646,0.00595481,0.00596539
0.065,0,0
0.0654,0,0
0.0658,0,0
0.0662,0,0
0.0666,0,0
0.067,0.00624161,0.00625323
0.0674,0,0
0.0678,0,0
0.0682,0,0
0.0686,0.00576841,0.00577835
0.069,0,0
0.0694,0,0
0.0698,0,0
0.0702,0,0
0.0706,0,0
0.071,0,0
0.0714,0,0
0.0718,0.0054988,0.00550783
0.0722,0,0
0.0726,0,0
0.073,0,0
0.0734,0,0
0.0738,0,0
0.0742,0.00504374,0.00559208
0.0746,0,0
0.075,0,0
0.0754,0,0
0.0758,0,0
0.0762,0,0
0.0766,0,0
0.077,0,0
0.0774,0,0
0.0778,0,0
0.0782,0,0
0.0786,0,0
0.079,0,0
0.0794,0,0
0.0798,0,0
0.0802,0,0
0.0806,0,0
0.081,0,0
0.0814,0.00564963,0.00565916
0.0818,0,0
0.0822,0,0
0.0826,0.00636546,0.00637755
0.083,0,0
0.0834,0,0
0.0838,0,0
0.0842,0,0
0.0846,0,0
0.085,0,0
0.0854,0,0
0.0858,0,0
0.0862,0,0
0.0866,0,0
0.087,0,0
0.0874,0.00916922,0.00733675
0.0878,0,0
0.0882,0,0
0.0886,0,0
0.089,0,0
0.0894,0,0
0.0898,0.0128543,0.00910683
0.0902,0,0
0.0906,0,0
0.091,0,0
0.0914,0,0
0.0918,0,0
0.0922,0.00647887,0.0064914
0.0926,0,0
0.093,0.00622325,0.0062348
0.0934,0,0
0.0938,0,0
0.0942,0,0
0.0946,0,0
0.095,0,0
0.0954,0.0115908,0.0082101
0.0958,0,0
0.0962,0.00637532,0.00638744
0.0966,0,0
0.097,0,0
0.0974,0,0
0.0978,0.00223671,0.00378081
0.0982,0,0
0.0986,0,0
0.099,0,0
0.0994,0,0
0.0998,0.00360879,0.00507204
0.1002,0,0
0.1006,0,0
0.101,0,0
0.1014,0,0
0.1018,0,0
0.1022,0,0
0.1026,0,0
0.103,0,0
0.1034,0,0
0.1038,0.0070213,0.007036
0.1042,0,0
0.1046,0,0
0.105,0,0
0.1054,0,0
0.1058,0,0
0.1062,0,0
0.1066,0,0
0.107,0.00770046,0.00771812
0.1074,0,0
0.1078,0,0
0.1082,0,0
0.1086,0,0
0.109,0,0
0.1094,0,0
0.1098,0,0
0.1102,0,0
0.1106,0,0
0.111,0.00888762,0.00891113
0.1114,0.00896139,0.00898529
0.1118,0,0
0.1122,0,0
0.1126,0,0
0.113,0,0
0.1134,0,0
0.1138,0,0
0.1142,0,0
0.1146,0,0
0.115,0.0103978,0.01043
0.1154,0,0
0.1158,0,0
0.1162,0.00970063,0.00972861
0.1166,0.00962982,0.00965739
0.117,0,0
0.1174,0,0
0.1178,0,0
0.1182,0,0
0.1186,0,0
0.119,0,0
0.1194,0,0
0.1198,0.0198348,0.0140666
5
-0.1198,0,0
-0.1194,0,0
-0.119,0,0
-0.1186,0.0026171,0.004043
-0.1182,0,0
-0.1178,0,0
-0.1174,0,0
-0.117,0,0
-0.1166,0,0
-0.1162,0,0
-0.1158,0,0
-0.1154,0,0
-0.115,0,0
-0.1146,0,0
-0.1142,0,0
-0.1138,0,0
-0.1134,0,0
-0.113,0,0
-0.1126,0,0
-0.1122,0,0
-0.1118,0,0
-0.1114,0,0
-0.111,0,0
-0.1106,0,0
-0.1102,0,0
-0.1098,0,0
-0.1094,0,0
-0.109,0,0
-0.1086,0,0
-0.1082,0,0
-0.1078,0,0
-0.1074,0.00610034,0.00611156
-0.107,0,0
-0.1066,0,0
-0.1062,0,0
-0.1058,0,0
-0.1054,0,0
-0.105,0,0
-0.1046,0,0
-0.1042,0.00636095,0.00637313
-0.1038,0,0
-0.1034,0,0
-0.103,0,0
-0.1026,0.00656214,0.00657508
-0.1022,0,0
-0.1018,0.00655591,0.00656882
-0.1014,0,0
-0.101,0,0
-0.1006,0,0
-0.1002,0,0
-0.0998,0,0
-0.0994,0.0064244,0.00643677
-0.099,0,0
-0.0986,0,0
-0.0982,0,0
-0.0978,0,0
-0.0974,0.00632844,0.00634043
-0.097,0,0
-0.0966,0,0
-0.0962,0,0
-0.0958,0,0
-0.0954,0,0
-0.095,0,0
-0.0946,0,0
-0.0942,0,0
-0.0938,0,0
-0.0934,0.00667198,0.00668528
-0.093,0,0
-0.0926,0,0
-0.0922,0,0
-0.0918,0.00591233,0.00592276
-0.0914,0,0
-0.091,0,0
-0.0906,0,0
-0.0902,0,0
-0.0898,0,0
-0.0894,0,0
-0.089,0,0
-0.0886,0,0
-0.0882,0,0
-0.0878,0,0
-0.0874,0,0
-0.087,0,0
-0.0866,0,0
-0.0862,0,0
-0.0858,0,0
-0.0854,0,0
-0.085,0,0
-0.0846,0,0
-0.0842,0,0
-0.0838,0,0
-0.0834,0.0157777,0.0102345
-0.083,0,0
-0.0826,0,0
-0.0822,0,0
-0.0818,0,0
-0.0814,0,0
-0.081,0,0
-0.0806,0,0
-0.0802,0,0
-0.0798,0,0
-0.0794,0.00623125,0.00624275
-0.079,0,0
-0.0786,0,0
-0.0782,0,0
-0.0778,0,0
-0.0774,0,0
-0.077,0,0
-0.0766,0.0016768,0.00326042
-0.0762,0,0
-0.0758,0,0
-0.0754,0.00627498,0.00628661
-0.075,0,0
-0.0746,0.00333235,0.00450331
-0.0742,0,0
-0.0738,0,0
-0.0734,0,0
-0.073,0,0
-0.0726,0,0
-0.0722,0,0
-0.0718,0.00669376,0.00670698
-0.0714,0,0
-0.071,0,0
-0.0706,0,0
-0.0702,0,0
-0.0698,0,0
-0.0694,0,0
-0.069,0.00484299,0.00568864
-0.0686,0,0
-0.0682,0,0
-0.0678,0.00676224,0.0067757
-0.0674,0,0
-0.067,0.00619891,0.00621022
-0.0666,0,0
-0.0662,0.00609969,0.00611064
-0.0658,0.00574852,0.00575824
-0.0654,0.00583242,0.00599233
-0.065,0,0
-0.0646,0.00614003,0.00615112
-0.0642,0,0
-0.0638,0.00641375,0.00642583
-0.0634,0,0
-0.063,0,0
-0.0626,0,0
-0.0622,0,0
-0.0618,0,0
-0.0614,0.00626171,0.00627322
-0.061,0.00642389,0.006436
-0.0606,0,0
-0.0602,0,0
-0.0598,0,0
-0.0594,0.00637828,0.00639021
-0.059,0,0
-0.0586,0,0
-0.0582,0,0
-0.0578,0.00601132,0.00602191
-0.0574,0.00577307,0.00578284
-0.057,0,0
-0.0566,0,0
-0.0562,0.00623182,0.00624319
-0.0558,0,0
-0.0554,0,0
-0.055,0,0
-0.0546,0,0
-0.0542,0,0
-0.0538,0,0
-0.0534,0,0
-0.053,0,0
-0.0526,0,0
-0.0522,0,0
-0.0518,0,0
-0.0514,0.00696706,0.00698125
-0.051,0,0
-0.0506,0,0
-0.0502,0,0
-0.0498,0,0
-0.0494,0,0
-0.049,0,0
-0.0486,0,0
-0.0482,0,0
-0.0478,0,0
-0.0474,0,0
-0.047,0,0
-0.0466,0.00618125,0.0061924
-0.0462,0,0
-0.0458,0,0
-0.0454,0,0
-0.045,0,0
-0.0446,0,0
-0.0442,0,0
-0.0438,0,0
-0.0434,0.00628927,0.00630079
-0.043,0.00644166,0.00645375
-0.0426,0,0
-0.0422,0,0
-0.0418,0.00656149,0.00657403
-0.0414,0,0
-0.041,0,0
-0.0406,0,0
-0.0402,0,0
-0.0398,0,0
-0.0394,0,0
-0.039,0,0
-0.0386,0,0
-0.0382,0,0
-0.0378,0,0
-0.0374,0.00672518,0.00673834
-0.037,0.0052976,0.00585895
-0.0366,0,0
-0.0362,0,0
-0.0358,0.0129039,0.00914249
-0.0354,0,0
-0.035,0,0
-0.0346,0,0
-0.0342,0,0
-0.0338,0,0
-0.0334,0,0
-0.033,0,0
-0.0326,0.0118296,0.0083792
-0.0322,0,0
-0.0318,0,0
-0.0314,0,0
-0.031,0,0
-0.0306,0,0
-0.0302,0.00598238,0.00599278
-0.0298,0,0
-0.0294,0.00581979,0.00601785
-0.029,0,0
-0.0286,0,0
-0.0282,0.00660224,0.00661489
-0.0278,0,0
-0.0274,0,0
-0.027,0,0
-0.0266,0,0
-0.0262,0,0
-0.0258,0,0
-0.0254,0,0
-0.025,0.00629442,0.00630591
-0.0246,0,0
-0.0242,0,0
-0.0238,0,0
-0.0234,0,0
-0.023,0,0
-0.0226,0,0
-0.0222,0,0
-0.0218,0,0
-0.0214,0,0
-0.021,0,0
-0.0206,0,0
-0.0202,0.00662204,0.00663474
-0.0198,0,0
-0.0194,0,0
-0.019,0,0
-0.0186,0,0
-0.0182,0.00655386,0.00656629
-0.0178,0,0
-0.0174,0,0
-0.017,0,0
-0.0166,0,0
-0.0162,0,0
-0.0158,0,0
-0.0154,0.00631473,0.00632626
-0.015,0,0
-0.0146,0,0
-0.0142,0,0
-0.0138,0,0
-0.0134,0,0
-0.013,0.0062194,0.00623058
-0.0126,0,0
-0.0122,0,0
-0.0118,0,0
-0.0114,0,0
-0.011,0,0
-0.0106,0.00656346,0.00657591
-0.0102,0,0
-0.0098,0,0
-0.0094,0,0
-0.009,0,0
-0.0086,0.012973,0.00919051
-0.0082,0,0
-0.0078,0,0
-0.0074,0.00679992,0.00636039
-0.007,0.0120148,0.00851122
-0.0066,0,0
-0.0062,0.00680014,0.00681348
-0.0058,0,0
-0.0054,0.00629049,0.00630191
-0.005,0.0132706,0.00940175
-0.0046,0.00631002,0.00632151
-0.0042,0.0225815,0.0113092
-0.0038,0.0260359,0.0127414
-0.0034,0.0453154,0.0160479
-0.003,0.0728667,0.0210764
-0.0026,0.114899,0.027138
-0.0022,0.235531,0.0393229
-0.0018,0.350483,0.0481086
-0.0014,0.653746,0.0657141
-0.001,0.99448,0.0816928
-0.0006,1.10433,0.0833104
-0.0002,1.12121,0.0830737
0.0002,1.06711,0.083553
0.0006,0.81026,0.0712159
0.001,0.563293,0.0606666
0.0014,0.315184,0.0446061
0.0018,0.204065,0.0359807
0.0022,0.0461654,0.0165355
0.0026,0.0680159,0.0205067
0.003,0.020339,0.0117657
0.0034,0.0135487,0.0096016
0.0038,0.0375797,0.0158443
0.0042,0.0397985,0.0162907
0.0046,0.00604316,0.0060537
0.005,0.00641539,0.00642727
0.0054,0,0
0.0058,0.0120174,0.00852903
0.0062,0,0
0.0066,0.00605583,0.00606641
0.007,0,0
0.0074,0.00610411,0.00611486
0.0078,0,0
0.0082,0.00639018,0.00640196
0.0086,0,0
0.009,0,0
0.0094,0,0
0.0098,0,0
0.0102,0.00617689,0.0061879
0.0106,0,0
0.011,0,0
0.0114,0,0
0.0118,0.00642065,0.00643254
0.0122,0,0
0.0126,0,0
0.013,0,0
0.0134,0,0
0.0138,0,0
0.0142,0.0125925,0.00892058
0.0146,0,0
0.015,0,0
0.0154,0,0
0.0158,0,0
0.0162,0,0
0.0166,0,0
0.017,0,0
0.0174,0,0
0.0178,0,0
0.0182,0,0
0.0186,0,0
0.019,0,0
0.0194,0,0
0.0198,0.00638087,0.00639262
0.0202,0,0
0.0206,0,0
0.021,0,0
0.0214,0,0
0.0218,0.00627358,0.00628494
0.0222,0,0
0.0226,0.00665877,0.00667157
0.023,0.0137787,0.0097624
0.0234,0.00628539,0.00629679
0.0238,0,0
0.0242,0.00566368,0.00567293
0.0246,0,0
0.025,0.00572479,0.00573425
0.0254,0,0
0.0258,0,0
0.0262,0,0
0.0266,0.00634652,0.00635814
0.027,0,0
0.0274,0,0
0.0278,0.00655874,0.00657114
0.0282,0,0
0.0286,0,0
0.029,0.00665229,0.00666506
0.0294,0,0
0.0298,0,0
0.0302,0,0
0.0306,0,0
0.031,0,0
0.0314,0,0
0.0318,0,0
0.0322,0,0
0.0326,0,0
0.033,0,0
0.0334,0,0
0.0338,0.00619268,0.00620374
0.0342,0,0
0.0346,0.0117605,0.00833212
0.035,0,0
0.0354,0,0
0.0358,0,0
0.0362,0,0
0.0366,0,0
0.037,0,0
0.0374,0,0
0.0378,0,0
0.0382,0,0
0.0386,0.00682055,0.00683395
0.039,0.0122225,0.00865787
0.0394,0,0
0.0398,0,0
0.0402,0,0
0.0406,0,0
0.041,0,0
0.0414,0,0
0.0418,0,0
0.0422,0,0
0.0426,0,0
0.043,0,0
0.0434,0,0
0.0438,0,0
0.0442,0,0
0.0446,0,0
0.045,0,0
0.0454,0.00612712,0.00613793
0.0458,0,0
0.0462,0,0
0.0466,0,0
0.047,0,0
0.0474,0,0
0.0478,0,0
0.0482,0,0
0.0486,0,0
0.049,0,0
0.0494,0,0
0.0498,0,0
0.0502,0,0
0.0506,0,0
0.051,0.00570685,0.00571622
0.0514,0,0
0.0518,0,0
0.0522,0,0
0.0526,0,0
0.053,0,0
0.0534,0,0
0.0538,0,0
0.0542,0,0
0.0546,0.00662602,0.00663864
0.055,0,0
0.0554,0,0
0.0558,0,0
0.0562,0,0
0.0566,0,0
0.057,0,0
0.0574,0,0
0.0578,0,0
0.0582,0,0
0.0586,0,0
0.059,0,0
0.0594,0,0
0.0598,0,0
0.0602,0,0
0.0606,0,0
0.061,0,0
0.0614,0,0
0.0618,0,0
0.0622,0,0
0.0626,0,0
0.063,0,0
0.0634,0,0
0.0638,0.00616652,0.00617743
0.0642,0,0
0.0646,0,0
0.065,0,0
0.0654,0,0
0.0658,0,0
0.0662,0,0
0.0666,0,0
0.067,0,0
0.0674,0,0
0.0678,0,0
0.0682,0,0
0.0686,0,0
0.069,0,0
0.0694,0.00668238,0.00669517
0.0698,0,0
0.0702,0,0
0.0706,0.00548535,0.00549397
0.071,0,0
0.0714,0,0
0.0718,0,0
0.0722,0,0
0.0726,0,0
0.073,0,0
0.0734,0.00601161,0.00602195
0.0738,0.00622253,0.00623361
0.0742,0,0
0.0746,0,0
0.075,0,0
0.0754,0,0
0.0758,0,0
0.0762,0.00621058,0.00622161
0.0766,0,0
0.077,0,0
0.0774,0,0
0.0778,0,0
0.0782,0,0
0.0786,0,0
0.079,0,0
0.0794,0.0058985,0.00590843
0.0798,0,0
0.0802,0,0
0.0806,0,0
0.081,0,0
0.0814,0,0
0.0818,0,0
0.0822,0,0
0.0826,0,0
0.083,0,0
0.0834,0,0
0.0838,0,0
0.0842,0,0
0.0846,0,0
0.085,0,0
0.0854,0,0
0.0858,0,0
0.0862,0,0
0.0866,0,0
0.087,0,0
0.0874,0.00905047,0.00757648
0.0878,0,0
0.0882,0,0
0.0886,0,0
0.089,0,0
0.0894,0,0
0.0898,0,0
0.0902,0,0
0.0906,0,0
0.091,0,0
0.0914,0,0
0.0918,0,0
0.0922,0,0
0.0926,0,0
0.093,0,0
0.0934,0,0
0.0938,0,0
0.0942,0,0
0.0946,0,0
0.095,0,0
0.0954,0,0
0.0958,0,0
0.0962,0,0
0.0966,0,0
0.097,0,0
0.0974,0,0
0.0978,0.00434621,0.00540652
0.0982,0,0
0.0986,0,0
0.099,0,0
0.0994,0,0
0.0998,0,0
0.1002,0,0
0.1006,0,0
0.101,0,0
0.1014,0,0
0.1018,0,0
0.1022,0,0
0.1026,0,0
0.103,0.00681019,0.00682331
0.1034,0,0
0.1038,0,0
0.1042,0,0
0.1046,0,0
0.105,0,0
0.1054,0,0
0.1058,0,0
0.1062,0,0
0.1066,0,0
0.107,0,0
0.1074,0,0
0.1078,0,0
0.1082,0.00818798,0.00820688
0.1086,0,0
0.109,0,0
0.1094,0,0
0.1098,0.00909056,0.00911384
0.1102,0,0
0.1106,0,0
0.111,0.00939518,0.00942004
0.1114,0,0
0.1118,0,0
0.1122,0,0
0.1126,0,0
0.113,0,0
0.1134,0,0
0.1138,0.00990899,0.0099366
0.1142,0,0
0.1146,0,0
0.115,0,0
0.1154,0,0
0.1158,0,0
0.1162,0,0
0.1166,0,0
0.117,0,0
0.1174,0,0
0.1178,0,0
0.1182,0,0
0.1186,0,0
0.119,0,0
0.1194,0,0
0.1198,0,0
6
-0.1198,0.00572049,0.00573168
-0.1194,0,0
-0.119,0,0
-0.1186,0.00553546,0.00554592
-0.1182,0,0
-0.1178,0,0
-0.1174,0.0116448,0.00825232
-0.117,0,0
-0.1166,0,0
-0.1162,0,0
-0.1158,0,0
-0.1154,0,0
-0.115,0.00584368,0.0058553
-0.1146,0,0
-0.1142,0,0
-0.1138,0.00581788,0.00582939
-0.1134,0,0
-0.113,0,0
-0.1126,0,0
-0.1122,0,0
-0.1118,0.0056966,0.00570761
-0.1114,0,0
-0.111,0,0
-0.1106,0,0
-0.1102,0,0
-0.1098,0,0
-0.1094,0,0
-0.109,0,0
-0.1086,0,0
-0.1082,0,0
-0.1078,0,0
-0.1074,0,0
-0.107,0,0
-0.1066,0,0
-0.1062,0,0
-0.1058,0,0
-0.1054,0,0
-0.105,0,0
-0.1046,0,0
-0.1042,0,0
-0.1038,0,0
-0.1034,0,0
-0.103,0,0
-0.1026,0,0
-0.1022,0,0
-0.1018,0,0
-0.1014,0,0
-0.101,0,0
-0.1006,0,0
-0.1002,0,0
-0.0998,0,0
-0.0994,0,0
-0.099,0,0
-0.0986,0,0
-0.0982,0,0
-0.0978,0,0
-0.0974,0,0
-0.097,0,0
-0.0966,0,0
-0.0962,0,0
-0.0958,0,0
-0.0954,0,0
-0.095,0,0
-0.0946,0,0
-0.0942,0,0
-0.0938,0,0
-0.0934,0,0
-0.093,0,0
-0.0926,0,0
-0.0922,0,0
-0.0918,0,0
-0.0914,0,0
-0.091,0.00514495,0.00515378
-0.0906,0,0
-0.0902,0.0107655,0.007626
-0.0898,0,0
-0.0894,0.00559049,0.00560091
-0.089,0,0
-0.0886,0,0
-0.0882,0,0
-0.0878,0,0
-0.0874,0,0
-0.087,0,0
-0.0866,0,0
-0.0862,0,0
-0.0858,0,0
-0.0854,0,0
-0.085,0,0
-0.0846,0,0
-0.0842,0,0
-0.0838,0.00548255,0.00549262
-0.0834,0.00359484,0.00459651
-0.083,0,0
-0.0826,0,0
-0.0822,0,0
-0.0818,0,0
-0.0814,0,0
-0.081,0,0
-0.0806,0,0
-0.0802,0,0
-0.0798,0,0
-0.0794,0,0
-0.079,0,0
-0.0786,0,0
-0.0782,0,0
-0.0778,0,0
-0.0774,0,0
-0.077,0,0
-0.0766,0.00406368,0.00475038
-0.0762,0,0
-0.0758,0,0
-0.0754,0,0
-0.075,0,0
-0.0746,0.00238549,0.00356058
-0.0742,0,0
-0.0738,0,0
-0.0734,0,0
-0.073,0,0
-0.0726,0,0
-0.0722,0,0
-0.0718,0,0
-0.0714,0,0
-0.071,0,0
-0.0706,0,0
-0.0702,0,0
-0.0698,0,0
-0.0694,0,0
-0.069,0,0
-0.0686,0,0
-0.0682,0,0
-0.0678,0,0
-0.0674,0,0
-0.067,0,0
-0.0666,0,0
-0.0662,0,0
-0.0658,0,0
-0.0654,0,0
-0.065,0,0
-0.0646,0,0
-0.0642,0,0
-0.0638,0.00551731,0.0055277
-0.0634,0,0
-0.063,0,0
-0.0626,0,0
-0.0622,0.00551438,0.00552478
-0.0618,0,0
-0.0614,0,0
-0.061,0,0
-0.0606,0,0
-0.0602,0,0
-0.0598,0,0
-0.0594,0,0
-0.059,0,0
-0.0586,0,0
-0.0582,0,0
-0.0578,0.00513168,0.00514072
-0.0574,0,0
-0.057,0,0
-0.0566,0.00583913,0.00585084
-0.0562,0,0
-0.0558,0.00505612,0.00506491
-0.0554,0,0
-0.055,0,0
-0.0546,0,0
-0.0542,0,0
-0.0538,0,0
-0.0534,0,0
-0.053,0,0
-0.0526,0,0
-0.0522,0,0
-0.0518,0,0
-0.0514,0,0
-0.051,0,0
-0.0506,0,0
-0.0502,0,0
-0.0498,0,0
-0.0494,0,0
-0.049,0.00536303,0.00537297
-0.0486,0.00536131,0.00537124
-0.0482,0,0
-0.0478,0,0
-0.0474,0,0
-0.047,0,0
-0.0466,0,0
-0.0462,0,0
-0.0458,0.00554164,0.00555228
-0.0454,0,0
-0.045,0.0103498,0.00733152
-0.0446,0,0
-0.0442,0,0
-0.0438,0,0
-0.0434,0,0
-0.043,0,0
-0.0426,0,0
-0.0422,0,0
-0.0418,0,0
-0.0414,0,0
-0.041,0.00535731,0.00536728
-0.0406,0,0
-0.0402,0,0
-0.0398,0,0
-0.0394,0,0
-0.039,0,0
-0.0386,0,0
-0.0382,0,0
-0.0378,0,0
-0.0374,0.0056166,0.00562758
-0.037,0,0
-0.0366,0,0
-0.0362,0,0
-0.0358,0,0
-0.0354,0,0
-0.035,0,0
-0.0346,0,0
-0.0342,0,0
-0.0338,0.00539346,0.00540361
-0.0334,0,0
-0.033,0,0
-0.0326,0,0
-0.0322,0,0
-0.0318,0,0
-0.0314,0.00531897,0.00532886
-0.031,0,0
-0.0306,0,0
-0.0302,0,0
-0.0298,0,0
-0.0294,0,0
-0.029,0.00537599,0.0053861
-0.0286,0,0
-0.0282,0,0
-0.0278,0,0
-0.0274,0,0
-0.027,0,0
-0.0266,0,0
-0.0262,0,0
-0.0258,0,0
-0.0254,0,0
-0.025,0,0
-0.0246,0,0
-0.0242,0,0
-0.0238,0,0
-0.0234,0,0
-0.023,0,0
-0.0226,0,0
-0.0222,0,0
-0.0218,0,0
-0.0214,0,0
-0.021,0.00557164,0.00558254
-0.0206,0,0
-0.0202,0,0
-0.0198,0,0
-0.0194,0,0
-0.019,0,0
-0.0186,0,0
-0.0182,0,0
-0.0178,0,0
-0.0174,0,0
-0.017,0,0
-0.0166,0,0
-0.0162,0,0
-0.0158,0,0
-0.0154,0,0
-0.015,0,0
-0.0146,0,0
-0.0142,0,0
-0.0138,0,0
-0.0134,0,0
-0.013,0,0
-0.0126,0,0
-0.0122,0,0
-0.0118,0,0
-0.0114,0,0
-0.011,0,0
-0.0106,0.00492492,0.00493347
-0.0102,0,0
-0.0098,0,0
-0.0094,0.00526387,0.00527364
-0.009,0,0
-0.0086,0.00540186,0.00541215
-0.0082,0,0
-0.0078,0,0
-0.0074,0,0
-0.007,0.00485139,0.00485969
-0.0066,0,0
-0.0062,0,0
-0.0058,0.00539149,0.00540175
-0.0054,0.00539093,0.00540119
-0.005,0.00514215,0.00515149
-0.0046,0.00461335,0.00462087
-0.0042,0,0
-0.0038,0.0046173,0.00462483
-0.0034,0.0046331,0.00464068
-0.003,0.024945,0.0111755
-0.0026,0.0313448,0.012823
-0.0022,0.0639571,0.0185125
-0.0018,0.112615,0.0246371
-0.0014,0.160889,0.0294409
-0.001,0.277975,0.0390102
-0.0006,0.352122,0.0424872
-0.0002,0.318841,0.039962
0.0002,0.387662,0.045468
0.0006,0.289379,0.03842
0.001,0.339032,0.0425049
0.0014,0.231136,0.0345294
0.0018,0.208495,0.032644
0.0022,0.0971398,0.0217611
0.0026,0.055947,0.0169092
0.003,0.027151,0.012169
0.0034,0.0224955,0.0112707
0.0038,0.0108053,0.00765509
0.0042,0.0055588,0.00556972
0.0046,0.0051243,0.00513358
0.005,0,0
0.0054,0,0
0.0058,0.00521273,0.00522233
0.0062,0.00521333,0.00522293
0.0066,0,0
0.007,0,0
0.0074,0,0
0.0078,0,0
0.0082,0,0
0.0086,0,0
0.009,0,0
0.0094,0,0
0.0098,0,0
0.0102,0,0
0.0106,0,0
0.011,0,0
0.0114,0,0
0.0118,0,0
0.0122,0,0
0.0126,0,0
0.013,0,0
0.0134,0.00523452,0.00524416
0.0138,0,0
0.0142,0,0
0.0146,0,0
0.015,0,0
0.0154,0,0
0.0158,0,0
0.0162,0,0
0.0166,0,0
0.017,0,0
0.0174,0,0
0.0178,0,0
0.0182,0.00517232,0.00518168
0.0186,0,0
0.019,0,0
0.0194,0,0
0.0198,0,0
0.0202,0,0
0.0206,0,0
0.021,0.00534716,0.00535712
0.0214,0,0
0.0218,0,0
0.0222,0.00520901,0.00521844
0.0226,0,0
0.023,0,0
0.0234,0,0
0.0238,0,0
0.0242,0.00471824,0.00472595
0.0246,0.00492266,0.00493105
0.025,0,0
0.0254,0.00501224,0.00502092
0.0258,0,0
0.0262,0.00538877,0.00539879
0.0266,0,0
0.027,0,0
0.0274,0,0
0.0278,0,0
0.0282,0,0
0.0286,0.00493528,0.00494366
0.029,0.00493868,0.00494706
0.0294,0,0
0.0298,0,0
0.0302,0,0
0.0306,0,0
0.031,0,0
0.0314,0,0
0.0318,0,0
0.0322,0,0
0.0326,0,0
0.033,0,0
0.0334,0,0
0.0338,0,0
0.0342,0,0
0.0346,0,0
0.035,0,0
0.0354,0.00491214,0.00492034
0.0358,0,0
0.0362,0,0
0.0366,0,0
0.037,0,0
0.0374,0,0
0.0378,0,0
0.0382,0,0
0.0386,0,0
0.039,0.00511111,0.00511993
0.0394,0,0
0.0398,0,0
0.0402,0,0
0.0406,0,0
0.041,0,0
0.0414,0.00556977,0.0055802
0.0418,0,0
0.0422,0,0
0.0426,0,0
0.043,0,0
0.0434,0,0
0.0438,0,0
0.0442,0,0
0.0446,0,0
0.045,0,0
0.0454,0,0
0.0458,0,0
0.0462,0,0
0.0466,0,0
0.047,0,0
0.0474,0,0
0.0478,0,0
0.0482,0,0
0.0486,0,0
0.049,0,0
0.0494,0.00847658,0.00669402
0.0498,0,0
0.0502,0,0
0.0506,0,0
0.051,0,0
0.0514,0,0
0.0518,0,0
0.0522,0,0
0.0526,0,0
0.053,0,0
0.0534,0,0
0.0538,0,0
0.0542,0,0
0.0546,0,0
0.055,0,0
0.0554,0,0
0.0558,0.00561434,0.00562471
0.0562,0,0
0.0566,0,0
0.057,0,0
0.0574,0,0
0.0578,0,0
0.0582,0,0
0.0586,0,0
0.059,0,0
0.0594,0,0
0.0598,0,0
0.0602,0,0
0.0606,0,0
0.061,0,0
0.0614,0,0
0.0618,0,0
0.0622,0,0
0.0626,0,0
0.063,0,0
0.0634,0,0
0.0638,0,0
0.0642,0,0
0.0646,0.00580703,0.00581797
0.065,0,0
0.0654,0,0
0.0658,0,0
0.0662,0,0
0.0666,0,0
0.067,0.00576183,0.00577256
0.0674,0,0
0.0678,0,0
0.0682,0,0
0.0686,0,0
0.069,0,0
0.0694,0,0
0.0698,0,0
0.0702,0,0
0.0706,0,0
0.071,0,0
0.0714,0,0
0.0718,0,0
0.0722,0,0
0.0726,0.00191286,0.00328018
0.073,0,0
0.0734,0,0
0.0738,0,0
0.0742,0,0
0.0746,0.00571386,0.00572429
0.075,0,0
0.0754,0,0
0.0758,0,0
0.0762,0,0
0.0766,0,0
0.077,0,0
0.0774,0,0
0.0778,0,0
0.0782,0.00563156,0.00564164
0.0786,0,0
0.079,0,0
0.0794,0,0
0.0798,0,0
0.0802,0,0
0.0806,0,0
0.081,0,0
0.0814,0,0
0.0818,0,0
0.0822,0,0
0.0826,0,0
0.083,0,0
0.0834,0,0
0.0838,0,0
0.0842,0,0
0.0846,0,0
0.085,0,0
0.0854,0,0
0.0858,0.00163745,0.00312391
0.0862,0,0
0.0866,0,0
0.087,0,0
0.0874,0,0
0.0878,0,0
0.0882,0,0
0.0886,0,0
0.089,0,0
0.0894,0,0
0.0898,0,0
0.0902,0,0
0.0906,0,0
0.091,0,0
0.0914,0,0
0.0918,0,0
0.0922,0,0
0.0926,0,0
0.093,0,0
0.0934,0,0
0.0938,0,0
0.0942,0.00610136,0.00611293
0.0946,0,0
0.095,0,0
0.0954,0,0
0.0958,0,0
0.0962,0,0
0.0966,0,0
0.097,0.00554648,0.005556
0.0974,0,0
0.0978,0,0
0.0982,0,0
0.0986,0.00044719,0.00166865
0.099,0,0
0.0994,0.00685895,0.00687346
0.0998,0,0
0.1002,0,0
0.1006,0,0
0.101,0,0
0.1014,0,0
0.1018,0.00673509,0.00674905
0.1022,0,0
0.1026,0,0
0.103,0,0
0.1034,0,0
0.1038,0,0
0.1042,0,0
0.1046,0,0
0.105,0,0
0.1054,0,0
0.1058,0,0
0.1062,0,0
0.1066,0,0
0.107,0,0
0.1074,0.00728554,0.0073018
0.1078,0,0
0.1082,0,0
0.1086,0,0
0.109,0,0
0.1094,0,0
0.1098,0,0
0.1102,0,0
0.1106,0,0
0.111,0,0
0.1114,0.00871324,0.00873648
0.1118,0,0
0.1122,0,0
0.1126,0,0
0.113,0,0
0.1134,0,0
0.1138,0,0
0.1142,0,0
0.1146,0,0
0.115,0,0
0.1154,0.00873187,0.00875525
0.1158,0,0
0.1162,0.00907705,0.00910233
0.1166,0,0
0.117,0,0
0.1174,0,0
0.1178,0,0
0.1182,0.0101232,0.0101547
0.1186,0,0
0.119,0,0
0.1194,0,0
0.1198,0.0109546,0.0109915
7
-0.1198,0,0
-0.1194,0,0
-0.119,0,0
-0.1186,0,0
-0.1182,0,0
-0.1178,0,0
-0.1174,0.00561811,0.00562904
-0.117,0,0
-0.1166,0,0
-0.1162,0,0
-0.1158,0,0
-0.1154,0,0
-0.115,0,0
-0.1146,0,0
-0.1142,0,0
-0.1138,0,0
-0.1134,0,0
-0.113,0,0
-0.1126,0,0
-0.1122,0,0
-0.1118,0,0
-0.1114,0,0
-0.111,0,0
-0.1106,0,0
-0.1102,0,0
-0.1098,0,0
-0.1094,0,0
-0.109,0,0
-0.1086,0,0
-0.1082,0,0
-0.1078,0,0
-0.1074,0,0
-0.107,0,0
-0.1066,0,0
-0.1062,0,0
-0.1058,0,0
-0.1054,0,0
-0.105,0,0
-0.1046,0,0
-0.1042,0,0
-0.1038,0,0
-0.1034,0,0
-0.103,0,0
-0.1026,0,0
-0.1022,0,0
-0.1018,0.0054296,0.00543994
-0.1014,0,0
-0.101,0,0
-0.1006,0,0
-0.1002,0,0
-0.0998,0.00563866,0.00564982
-0.0994,0,0
-0.099,0,0
-0.0986,0,0
-0.0982,0.0053145,0.00532443
-0.0978,0,0
-0.0974,0,0
-0.097,0,0
-0.0966,0,0
-0.0962,0,0
-0.0958,0,0
-0.0954,0,0
-0.095,0,0
-0.0946,0,0
-0.0942,0,0
-0.0938,0,0
-0.0934,0,0
-0.093,0,0
-0.0926,0,0
-0.0922,0,0
-0.0918,0,0
-0.0914,0,0
-0.091,0,0
-0.0906,0.0104728,0.00741917
-0.0902,0,0
-0.0898,0,0
-0.0894,0,0
-0.089,0,0
-0.0886,0,0
-0.0882,0,0
-0.0878,0,0
-0.0874,0,0
-0.087,0.0055512,0.00556213
-0.0866,0,0
-0.0862,0,0
-0.0858,0,0
-0.0854,0,0
-0.085,0,0
-0.0846,0.00531703,0.00532705
-0.0842,0,0
-0.0838,0,0
-0.0834,0,0
-0.083,0,0
-0.0826,0.00560053,0.00561163
-0.0822,0,0
-0.0818,0,0
-0.0814,0,0
-0.081,0,0
-0.0806,0.00530924,0.00531921
-0.0802,0,0
-0.0798,0.00486498,0.00487335
-0.0794,0,0
-0.079,0,0
-0.0786,0,0
-0.0782,0,0
-0.0778,0,0
-0.0774,0,0
-0.077,0,0
-0.0766,0,0
-0.0762,0,0
-0.0758,0.00551717,0.0055279
-0.0754,0,0
-0.075,0,0
-0.0746,0,0
-0.0742,0,0
-0.0738,0,0
-0.0734,0,0
-0.073,0,0
-0.0726,0,0
-0.0722,0,0
-0.0718,0,0
-0.0714,0,0
-0.071,0.00500258,0.00501137
-0.0706,0.0050044,0.00501319
-0.0702,0,0
-0.0698,0,0
-0.0694,0,0
-0.069,0,0
-0.0686,0,0
-0.0682,0,0
-0.0678,0,0
-0.0674,0.00528535,0.00529513
-0.067,0,0
-0.0666,0,0
-0.0662,0,0
-0.0658,0,0
-0.0654,0,0
-0.065,0,0
-0.0646,0,0
-0.0642,0,0
-0.0638,0,0
-0.0634,0,0
-0.063,0,0
-0.0626,0,0
-0.0622,0,0
-0.0618,0,0
-0.0614,0,0
-0.061,0,0
-0.0606,0,0
-0.0602,0,0
-0.0598,0,0
-0.0594,0.00593648,0.0059487
-0.059,0.00512671,0.00513582
-0.0586,0.00484316,0.00497724
-0.0582,0,0
-0.0578,0,0
-0.0574,0,0
-0.057,0,0
-0.0566,0.00567792,0.00568907
-0.0562,0.0105593,0.00748019
-0.0558,0,0
-0.0554,0,0
-0.055,0,0
-0.0546,0,0
-0.0542,0,0
-0.0538,0.00564435,0.00565533
-0.0534,0,0
-0.053,0,0
-0.0526,0,0
-0.0522,0,0
-0.0518,0,0
-0.0514,0,0
-0.051,0.00590126,0.00591321
-0.0506,0,0
-0.0502,0,0
-0.0498,0,0
-0.0494,0,0
-0.049,0.00541532,0.00542535
-0.0486,0.0032698,0.00432364
-0.0482,0,0
-0.0478,0,0
-0.0474,0,0
-0.047,0,0
-0.0466,0,0
-0.0462,0,0
-0.0458,0.00348819,0.00425228
-0.0454,0,0
-0.045,0,0
-0.0446,0,0
-0.0442,0,0
-0.0438,0,0
-0.0434,0,0
-0.043,0,0
-0.0426,0.00592216,0.00593405
-0.0422,0,0
-0.0418,0,0
-0.0414,0,0
-0.041,0,0
-0.0406,0,0
-0.0402,0,0
-0.0398,0,0
-0.0394,0,0
-0.039,0,0
-0.0386,0.00278263,0.00384754
-0.0382,0.00515196,0.00516089
-0.0378,0.00784261,0.0066638
-0.0374,0,0
-0.037,0,0
-0.0366,0,0
-0.0362,0,0
-0.0358,0.00567616,0.00568695
-0.0354,0,0
-0.035,0,0
-0.0346,0,0
-0.0342,0,0
-0.0338,0,0
-0.0334,0,0
-0.033,0,0
-0.0326,0,0
-0.0322,0,0
-0.0318,0.00588039,0.00589189
-0.0314,0.011077,0.00784742
-0.031,0,0
-0.0306,0,0
-0.0302,0,0
-0.0298,0,0
-0.0294,0.00555781,0.00556804
-0.029,0,0
-0.0286,0,0
-0.0282,0,0
-0.0278,0,0
-0.0274,0,0
-0.027,0,0
-0.0266,0,0
-0.0262,0,0
-0.0258,0,0
-0.0254,0,0
-0.025,0,0
-0.0246,0.00523924,0.00524825
-0.0242,0.00540187,0.00541144
-0.0238,0.00337559,0.00434093
-0.0234,0,0
-0.023,0,0
-0.0226,0,0
-0.0222,0,0
-0.0218,0,0
-0.0214,0,0
-0.021,0,0
-0.0206,0,0
-0.0202,0,0
-0.0198,0,0
-0.0194,0,0
-0.019,0,0
-0.0186,0,0
-0.0182,0,0
-0.0178,0,0
-0.0174,0,0
-0.017,0,0
-0.0166,0.00203687,0.00346347
-0.0162,0,0
-0.0158,0.00531989,0.00532901
-0.0154,0,0
-0.015,0,0
-0.0146,0.00583124,0.00584217
-0.0142,0,0
-0.0138,0.00620115,0.00621349
-0.0134,0.00162599,0.00315234
-0.013,0,0
-0.0126,0,0
-0.0122,0,0
-0.0118,0,0
-0.0114,0,0
-0.011,0,0
-0.0106,0,0
-0.0102,0,0
-0.0098,0.00557364,0.00558354
-0.0094,0,0
-0.009,0.0115211,0.00816813
-0.0086,0.0059939,0.00600532
-0.0082,0,0
-0.0078,0,0
-0.0074,0,0
-0.007,0.0054,0.00540924
-0.0066,0,0
-0.0062,0.0123994,0.0087849
-0.0058,0.00662236,0.00663623
-0.0054,0,0
-0.005,0,0
-0.0046,0.0115322,0.00816935
-0.0042,0.010323,0.0073114
-0.0038,0.0217523,0.0109082
-0.0034,0.0221446,0.0107267
-0.003,0.0387614,0.0146809
-0.0026,0.064973,0.0196271
-0.0022,0.145873,0.0296153
-0.0018,0.168996,0.0319998
-0.0014,0.200876,0.0348913
-0.001,0.389074,0.0489137
-0.0006,0.418206,0.0490642
-0.0002,0.643634,0.0601505
0.0002,0.724856,0.0660899
0.0006,0.580188,0.0576932
0.001,0.585848,0.0592707
0.0014,0.334869,0.0441018
0.0018,0.351811,0.0452867
0.0022,0.158034,0.029446
0.0026,0.135858,0.0279355
0.003,0.0796943,0.0221523
0.0034,0.0509666,0.0180563
0.0038,0.0489868,0.0173528
0.0042,0.0242275,0.0121468
0.0046,0.028415,0.0127324
0.005,0,0
0.0054,0.0312695,0.0140115
0.0058,0.0104493,0.0074008
0.0062,0.0302537,0.01356
0.0066,0.0181113,0.0104887
0.007,0.00584279,0.00585339
0.0074,0,0
0.0078,0.0112443,0.00797762
0.0082,0,0
0.0086,0,0
0.009,0.00627396,0.00628616
0.0094,0.00630582,0.00631814
0.0098,0,0
0.0102,0.000989013,0.00238963
0.0106,0.00586751,0.00587817
0.011,0,0
0.0114,0.0125333,0.00887958
0.0118,0,0
0.0122,0,0
0.0126,0.00577492,0.00578524
0.013,0,0
0.0134,0,0
0.0138,0,0
0.0142,0,0
0.0146,0,0
0.015,0,0
0.0154,0,0
0.0158,0,0
0.0162,0,0
0.0166,0,0
0.017,0,0
0.0174,0,0
0.0178,0,0
0.0182,0,0
0.0186,0,0
0.019,0,0
0.0194,0,0
0.0198,0.00594646,0.00595741
0.0202,0,0
0.0206,0.00601017,0.00602136
0.021,0,0
0.0214,0,0
0.0218,0,0
0.0222,0,0
0.0226,0,0
0.023,0,0
0.0234,0,0
0.0238,0.00616152,0.0061733
0.0242,0,0
0.0246,0,0
0.025,0,0
0.0254,0,0
0.0258,0,0
0.0262,0,0
0.0266,0,0
0.027,0,0
0.0274,0,0
0.0278,0.00607405,0.00608554
0.0282,0,0
0.0286,0,0
0.029,0.00544136,0.00545059
0.0294,0,0
0.0298,0,0
0.0302,0,0
0.0306,0,0
0.031,0.00568756,0.00569766
0.0314,0,0
0.0318,0,0
0.0322,0,0
0.0326,0.00591997,0.00593093
0.033,0,0
0.0334,0.0112371,0.00796008
0.0338,0,0
0.0342,0,0
0.0346,0.00553029,0.00553987
0.035,0,0
0.0354,0,0
0.0358,0,0
0.0362,0.00607161,0.00608318
0.0366,0,0
0.037,0,0
0.0374,0,0
0.0378,0,0
0.0382,0,0
0.0386,0.00549015,0.00549964
0.039,0,0
0.0394,0,0
0.0398,0,0
0.0402,0,0
0.0406,0,0
0.041,0,0
0.0414,0,0
0.0418,0,0
0.0422,0,0
0.0426,0,0
0.043,0,0
0.0434,0,0
0.0438,0,0
0.0442,0,0
0.0446,0,0
0.045,0,0
0.0454,0,0
0.0458,0,0
0.0462,0,0
0.0466,0,0
0.047,0,0
0.0474,0,0
0.0478,0,0
0.0482,0,0
0.0486,0,0
0.049,0,0
0.0494,0.0021496,0.00344421
0.0498,0,0
0.0502,0,0
0.0506,0,0
0.051,0.00514791,0.00515636
0.0514,0,0
0.0518,0,0
0.0522,0,0
0.0526,0.00618698,0.00619921
0.053,0,0
0.0534,0,0
0.0538,0.0055831,0.00559308
0.0542,0,0
0.0546,0,0
0.055,0,0
0.0554,0,0
0.0558,0.00609932,0.00611125
0.0562,0.00575401,0.00576463
0.0566,0,0
0.057,0,0
0.0574,0.00592211,0.00593338
0.0578,0,0
0.0582,0.00563004,0.00564024
0.0586,0,0
0.059,0,0
0.0594,0.00606556,0.00607742
0.0598,0,0
0.0602,0,0
0.0606,0,0
0.061,0,0
0.0614,0,0
0.0618,0,0
0.0622,0,0
0.0626,0,0
0.063,0.0116142,0.00822795
0.0634,0,0
0.0638,0.00545716,0.00546682
0.0642,0.00572938,0.00574002
0.0646,0,0
0.065,0,0
0.0654,0,0
0.0658,0,0
0.0662,0,0
0.0666,0,0
0.067,0,0
0.0674,0.0055148,0.00552471
0.0678,0.00527559,0.00528466
0.0682,0.00527925,0.00528834
0.0686,0,0
0.069,0,0
0.0694,0,0
0.0698,0,0
0.0702,0,0
0.0706,0,0
0.071,0,0
0.0714,0,0
0.0718,0,0
0.0722,0.0104906,0.00743836
0.0726,0.00360979,0.0044557
0.073,0,0
0.0734,0,0
0.0738,0,0
0.0742,0,0
0.0746,0,0
0.075,0.00555745,0.0055676
0.0754,0,0
0.0758,0,0
0.0762,0,0
0.0766,0,0
0.077,0,0
0.0774,0,0
0.0778,0,0
0.0782,0,0
0.0786,0,0
0.079,0,0
0.0794,0,0
0.0798,0,0
0.0802,0,0
0.0806,0,0
0.081,0,0
0.0814,0,0
0.0818,0,0
0.0822,0,0
0.0826,0,0
0.083,0,0
0.0834,0,0
0.0838,0,0
0.0842,0.00591614,0.00592771
0.0846,0,0
0.085,0,0
0.0854,0,0
0.0858,0.00408534,0.00480952
0.0862,0,0
0.0866,0,0
0.087,0,0
0.0874,0,0
0.0878,0,0
0.0882,0,0
0.0886,0,0
0.089,0.00504853,0.00505698
0.0894,0,0
0.0898,0,0
0.0902,0,0
0.0906,0,0
0.091,0,0
0.0914,0,0
0.0918,0,0
0.0922,0,0
0.0926,0.0117735,0.00834143
0.093,0,0
0.0934,0,0
0.0938,0,0
0.0942,0,0
0.0946,0,0
0.095,0,0
0.0954,0,0
0.0958,0,0
0.0962,0,0
0.0966,0,0
0.097,0.00516915,0.00517802
0.0974,0.00544229,0.00545213
0.0978,0.00571537,0.00572622
0.0982,0,0
0.0986,0.00965429,0.00751869
0.099,0.00358913,0.00455823
0.0994,0,0
0.0998,0,0
0.1002,0,0
0.1006,0,0
0.101,0,0
0.1014,0,0
0.1018,0,0
0.1022,0,0
0.1026,0,0
0.103,0,0
0.1034,0,0
0.1038,0,0
0.1042,0,0
0.1046,0,0
0.105,0,0
0.1054,0,0
0.1058,0.0135819,0.00962651
0.1062,0,0
0.1066,0,0
0.107,0,0
0.1074,0,0
0.1078,0,0
0.1082,0,0
0.1086,0,0
0.109,0,0
0.1094,0,0
0.1098,0,0
0.1102,0,0
0.1106,0.00343748,0.00519844
0.111,0,0
0.1114,0,0
0.1118,0,0
0.1122,0,0
0.1126,0.0080414,0.00806271
0.113,0,0
0.1134,0,0
0.1138,0,0
0.1142,0,0
0.1146,0.00765698,0.00825677
0.115,0,0
0.1154,0,0
0.1158,0,0
0.1162,0,0
0.1166,0,0
0.117,0,0
0.1174,0,0
0.1178,0,0
0.1182,0,0
0.1186,0,0
0.119,0,0
0.1194,0,0
0.1198,0,0
8
-0.1198,0,0
-0.1194,0,0
-0.119,0,0
-0.1186,0,0
-0.1182,0,0
-0.1178,0.00425439,0.00426301
-0.1174,0,0
-0.117,0,0
-0.1166,0,0
-0.1162,0,0
-0.1158,0,0
-0.1154,0,0
-0.115,0,0
-0.1146,0,0
-0.1142,0,0
-0.1138,0,0
-0.1134,0,0
-0.113,0,0
-0.1126,0,0
-0.1122,0,0
-0.1118,0,0
-0.1114,0,0
-0.111,0,0
-0.1106,0,0
-0.1102,0,0
-0.1098,0,0
-0.1094,0,0
-0.109,0,0
-0.1086,0,0
-0.1082,0.00406338,0.00407116
-0.1078,0,0
-0.1074,0,0
-0.107,0,0
-0.1066,0,0
-0.1062,0,0
-0.1058,0,0
-0.1054,0,0
-0.105,0,0
-0.1046,0,0
-0.1042,0,0
-0.1038,0,0
-0.1034,0,0
-0.103,0,0
-0.1026,0,0
-0.1022,0,0
-0.1018,0,0
-0.1014,0.00412117,0.00412909
-0.101,0,0
-0.1006,0.0038235,0.00383031
-0.1002,0,0
-0.0998,0,0
-0.0994,0,0
-0.099,0,0
-0.0986,0,0
-0.0982,0,0
-0.0978,0,0
-0.0974,0,0
-0.097,0.00358611,0.00359207
-0.0966,0,0
-0.0962,0,0
-0.0958,0.0039721,0.0039794
-0.0954,0,0
-0.095,0,0
-0.0946,0,0
-0.0942,0,0
-0.0938,0.00405934,0.00406694
-0.0934,0,0
-0.093,0,0
-0.0926,0,0
-0.0922,0,0
-0.0918,0,0
-0.0914,0,0
-0.091,0,0
-0.0906,0,0
-0.0902,0,0
-0.0898,0,0
-0.0894,0,0
-0.089,0,0
-0.0886,0,0
-0.0882,0,0
-0.0878,0,0
-0.0874,0,0
-0.087,0,0
-0.0866,0.00395141,0.00395855
-0.0862,0.00407586,0.00408345
-0.0858,0,0
-0.0854,0,0
-0.085,0,0
-0.0846,0,0
-0.0842,0,0
-0.0838,0,0
-0.0834,0,0
-0.083,0,0
-0.0826,0,0
-0.0822,0.0042871,0.00429546
-0.0818,0,0
-0.0814,0,0
-0.081,0.00382792,0.00383457
-0.0806,0,0
-0.0802,0.00401206,0.00401936
-0.0798,0,0
-0.0794,0.00406795,0.00407546
-0.079,0,0
-0.0786,0,0
-0.0782,0,0
-0.0778,0,0
-0.0774,0,0
-0.077,0.00602258,0.0051474
-0.0766,0,0
-0.0762,0,0
-0.0758,0,0
-0.0754,0,0
-0.075,0,0
-0.0746,0,0
-0.0742,0,0
-0.0738,0.00453073,0.00453999
-0.0734,0,0
-0.073,0,0
-0.0726,0,0
-0.0722,0.00418807,0.00419597
-0.0718,0,0
-0.0714,0,0
-0.071,0,0
-0.0706,0,0
-0.0702,0.00424324,0.00425135
-0.0698,0,0
-0.0694,0,0
-0.069,0.00421712,0.00422511
-0.0686,0.00405352,0.00406091
-0.0682,0,0
-0.0678,0,0
-0.0674,0,0
-0.067,0,0
-0.0666,0,0
-0.0662,0,0
-0.0658,0,0
-0.0654,0,0
-0.065,0,0
-0.0646,0,0
-0.0642,0,0
-0.0638,0,0
-0.0634,0,0
-0.063,0,0
-0.0626,0,0
-0.0622,0,0
-0.0618,0.00420676,0.00421469
-0.0614,0.00396083,0.00396787
-0.061,0,0
-0.0606,0,0
-0.0602,0,0
-0.0598,0,0
-0.0594,0,0
-0.059,0,0
-0.0586,0.00416547,0.00407269
-0.0582,0,0
-0.0578,0,0
-0.0574,0,0
-0.057,0,0
-0.0566,0,0
-0.0562,0,0
-0.0558,0,0
-0.0554,0.00407037,0.00407779
-0.055,0,0
-0.0546,0,0
-0.0542,0,0
-0.0538,0.00434362,0.00435206
-0.0534,0,0
-0.053,0,0
-0.0526,0,0
-0.0522,0,0
-0.0518,0,0
-0.0514,0,0
-0.051,0,0
-0.0506,0,0
-0.0502,0,0
-0.0498,0.00429089,0.00429913
-0.0494,0,0
-0.049,0,0
-0.0486,0.00620293,0.00520483
-0.0482,0,0
-0.0478,0,0
-0.0474,0,0
-0.047,0,0
-0.0466,0,0
-0.0462,0.00428826,0.00429649
-0.0458,0.00127644,0.00224392
-0.0454,0,0
-0.045,0.00400737,0.00401455
-0.0446,0.00442239,0.0044561
-0.0442,0,0
-0.0438,0,0
-0.0434,0,0
-0.043,0.00377917,0.00378556
-0.0426,0,0
-0.0422,0,0
-0.0418,0,0
-0.0414,0.00416317,0.00417092
-0.041,0,0
-0.0406,0,0
-0.0402,0,0
-0.0398,0.00395717,0.00396416
-0.0394,0,0
-0.039,0,0
-0.0386,0.00189747,0.00275781
-0.0382,0,0
-0.0378,0.00632235,0.00499634
-0.0374,0,0
-0.037,0.00420312,0.00421101
-0.0366,0,0
-0.0362,0.0042589,0.004267
-0.0358,0,0
-0.0354,0,0
-0.035,0,0
-0.0346,0,0
-0.0342,0,0
-0.0338,0,0
-0.0334,0,0
-0.033,0.00770183,0.00545538
-0.0326,0,0
-0.0322,0,0
-0.0318,0,0
-0.0314,0,0
-0.031,0,0
-0.0306,0,0
-0.0302,0,0
-0.0298,0,0
-0.0294,0,0
-0.029,0,0
-0.0286,0,0
-0.0282,0,0
-0.0278,0,0
-0.0274,0,0
-0.027,0,0
-0.0266,0,0
-0.0262,0,0
-0.0258,0,0
-0.0254,0,0
-0.025,0,0
-0.0246,0,0
-0.0242,0,0
-0.0238,0.00160915,0.00257118
-0.0234,0,0
-0.023,0.00409668,0.00410415
-0.0226,0,0
-0.0222,0,0
-0.0218,0.0044527,0.00446152
-0.0214,0.00392383,0.00393068
-0.021,0,0
-0.0206,0,0
-0.0202,0.00393199,0.00393886
-0.0198,0,0
-0.0194,0.00413713,0.00414474
-0.019,0,0
-0.0186,0,0
-0.0182,0.00426809,0.00427618
-0.0178,0.00410407,0.00411156
-0.0174,0,0
-0.017,0,0
-0.0166,0.0111654,0.00686897
-0.0162,0.00422196,0.00422987
-0.0158,0.00808186,0.00573082
-0.0154,0.00342044,0.00375797
-0.015,0,0
-0.0146,0,0
-0.0142,0.00411016,0.00411766
-0.0138,0,0
-0.0134,0.00322487,0.00377429
-0.013,0,0
-0.0126,0,0
-0.0122,0,0
-0.0118,0.00916131,0.00649223
-0.0114,0.00416608,0.00417376
-0.011,0,0
-0.0106,0.00820388,0.00581726
-0.0102,0,0
-0.0098,0,0
-0.0094,0,0
-0.009,0,0
-0.0086,0,0
-0.0082,0.00415787,0.00416551
-0.0078,0,0
-0.0074,0.00377024,0.00377651
-0.007,0.0117327,0.0067861
-0.0066,0.0124746,0.00721878
-0.0062,0.00178829,0.00282587
-0.0058,0.0092648,0.00650339
-0.0054,0.00238322,0.00313783
-0.005,0.018306,0.00892172
-0.0046,0.00826198,0.00585275
-0.0042,0.0188695,0.00845994
-0.0038,0.0122546,0.00708796
-0.0034,0.0434662,0.0127154
-0.003,0.023601,0.0095695
-0.0026,0.0571142,0.0154667
-0.0022,0.120777,0.0227878
-0.0018,0.234914,0.0318846
-0.0014,0.340837,0.0384205
-0.001,0.609339,0.0517508
-0.0006,0.573983,0.0485658
-0.0002,0.712647,0.0535743
0.0002,0.802066,0.0586842
0.0006,0.600627,0.0496534
0.001,0.526681,0.0474649
0.0014,0.360157,0.0386128
0.0018,0.30353,0.0354302
0.0022,0.180606,0.0266068
0.0026,0.133526,0.0235374
0.003,0.101514,0.0211633
0.0034,0.0724579,0.0181529
0.0038,0.0527282,0.0152523
0.0042,0.0265214,0.0108531
0.0046,0.00810428,0.00574183
0.005,0.0140755,0.00763148
0.0054,0.0168084,0.00844118
0.0058,0.0153262,0.00768804
0.0062,0.0427064,0.0135344
0.0066,0.0363328,0.0121397
0.007,0.0369863,0.0123526
0.0074,0.00790509,0.0056061
0.0078,0.00583395,0.0046918
0.0082,0.0122524,0.00708834
0.0086,0.00416847,0.00417607
0.009,0,0
0.0094,0.00400731,0.00401433
0.0098,0,0
0.0102,0.00337535,0.00371579
0.0106,0,0
0.011,0,0
0.0114,0.00443916,0.00444776
0.0118,0.00427146,0.00427943
0.0122,0.0081807,0.00579497
0.0126,0,0
0.013,0,0
0.0134,0,0
0.0138,0,0
0.0142,0,0
0.0146,0.00414428,0.00415177
0.015,0,0
0.0154,0.00808444,0.00572939
0.0158,0,0
0.0162,0,0
0.0166,0,0
0.017,0.00380576,0.00381207
0.0174,0.00414013,0.00414759
0.0178,0,0
0.0182,0,0
0.0186,0,0
0.019,0,0
0.0194,0,0
0.0198,0,0
0.0202,0,0
0.0206,0.0057716,0.00497243
0.021,0.00408494,0.0040922
0.0214,0,0
0.0218,0,0
0.0222,0.0041659,0.00417344
0.0226,0,0
0.023,0,0
0.0234,0.00417603,0.0041836
0.0238,0,0
0.0242,2.47433e-05,0.000305689
0.0246,0,0
0.025,0,0
0.0254,0,0
0.0258,0,0
0.0262,0,0
0.0266,0.00422293,0.00423066
0.027,0,0
0.0274,0,0
0.0278,0,0
0.0282,0,0
0.0286,0,0
0.029,0,0
0.0294,0,0
0.0298,0,0
0.0302,0,0
0.0306,0,0
0.031,0.00410609,0.00411338
0.0314,0,0
0.0318,0.00373253,0.00373855
0.0322,0,0
0.0326,0,0
0.033,0,0
0.0334,0.00403751,0.00404455
0.0338,0,0
0.0342,0,0
0.0346,0,0
0.035,0,0
0.0354,0,0
0.0358,0.00445216,0.00446072
0.0362,0.00800776,0.00567213
0.0366,0,0
0.037,0.00431734,0.00432538
0.0374,0,0
0.0378,0,0
0.0382,0,0
0.0386,0.00456044,0.0045694
0.039,0,0
0.0394,0,0
0.0398,0,0
0.0402,0,0
0.0406,0.0043713,0.00437952
0.041,0,0
0.0414,0.00435577,0.00436393
0.0418,0.00412573,0.00413305
0.0422,0,0
0.0426,0,0
0.043,0.0042611,0.0042689
0.0434,0,0
0.0438,0,0
0.0442,0,0
0.0446,0,0
0.045,0,0
0.0454,0,0
0.0458,0,0
0.0462,0,0
0.0466,0,0
0.047,0.00403052,0.00403749
0.0474,0,0
0.0478,0,0
0.0482,0,0
0.0486,0,0
0.049,0,0
0.0494,0,0
0.0498,0,0
0.0502,0,0
0.0506,0.00409731,0.0041045
0.051,0,0
0.0514,0,0
0.0518,0,0
0.0522,0.00385002,0.00385635
0.0526,0.00647703,0.00531494
0.053,0.00419377,0.00420128
0.0534,0,0
0.0538,0,0
0.0542,0,0
0.0546,0,0
0.055,0,0
0.0554,0,0
0.0558,0,0
0.0562,0,0
0.0566,0,0
0.057,0.00403801,0.00404494
0.0574,0,0
0.0578,0,0
0.0582,0,0
0.0586,0,0
0.059,0,0
0.0594,0.00460768,0.00461668
0.0598,0,0
0.0602,0,0
0.0606,0,0
0.061,0,0
0.0614,0.00844704,0.00598364
0.0618,0,0
0.0622,0.0091278,0.00646678
0.0626,0,0
0.063,0,0
0.0634,0.00474805,0.00475756
0.0638,0.00881125,0.00624208
0.0642,0,0
0.0646,0,0
0.065,0,0
0.0654,0.00454889,0.00455759
0.0658,0,0
0.0662,0,0
0.0666,0.00315174,0.00367747
0.067,0,0
0.0674,0,0
0.0678,0,0
0.0682,0,0
0.0686,0.00411101,0.00411808
0.069,0,0
0.0694,0,0
0.0698,0,0
0.0702,0,0
0.0706,0,0
0.071,0.00447058,0.00447892
0.0714,0,0
0.0718,0,0
0.0722,0.00825263,0.00585154
0.0726,0.00429141,0.00429908
0.073,0,0
0.0734,0,0
0.0738,0,0
0.0742,0,0
0.0746,0,0
0.075,0,0
0.0754,0.00443416,0.00444231
0.0758,0.00461669,0.00462552
0.0762,0,0
0.0766,0,0
0.077,0,0
0.0774,0,0
0.0778,0,0
0.0782,0.00866184,0.00613581
0.0786,0,0
0.079,0,0
0.0794,0,0
0.0798,0,0
0.0802,0,0
0.0806,0,0
0.081,0,0
0.0814,0,0
0.0818,0,0
0.0822,0,0
0.0826,0,0
0.083,0,0
0.0834,0,0
0.0838,0,0
0.0842,0,0
0.0846,0,0
0.085,0.00858677,0.00608246
0.0854,0.00454576,0.00455422
0.0858,0,0
0.0862,0,0
0.0866,0,0
0.087,0.00445104,0.00445914
0.0874,0,0
0.0878,0,0
0.0882,0,0
0.0886,0,0
0.089,0.00409908,0.00410594
0.0894,0,0
0.0898,0,0
0.0902,0,0
0.0906,0,0
0.091,0,0
0.0914,0,0
0.0918,0,0
0.0922,0,0
0.0926,0.00480462,0.004814
0.093,0,0
0.0934,0,0
0.0938,0,0
0.0942,0,0
0.0946,0,0
0.095,0,0
0.0954,0.0043822,0.00438998
0.0958,0,0
0.0962,0,0
0.0966,0,0
0.097,0.00434842,0.00435608
0.0974,0,0
0.0978,0,0
0.0982,0.00495452,0.00496445
0.0986,0.00132397,0.00254135
0.099,0.00178955,0.0029177
0.0994,0,0
0.0998,0,0
0.1002,0,0
0.1006,0,0
0.101,0,0
0.1014,0.00513359,0.00514423
0.1018,0,0
0.1022,0,0
0.1026,0,0
0.103,0.00477139,0.00478058
0.1034,0,0
0.1038,0,0
0.1042,0,0
0.1046,0,0
0.105,0.00539107,0.00540279
0.1054,0,0
0.1058,0.00566966,0.00568261
0.1062,0,0
0.1066,0.00575587,0.00576922
0.107,0,0
0.1074,0,0
0.1078,0,0
0.1082,0,0
0.1086,0,0
0.109,0,0
0.1094,0,0
0.1098,0,0
0.1102,0,0
0.1106,0.0035968,0.00481676
0.111,0,0
0.1114,0,0
0.1118,0,0
0.1122,0,0
0.1126,0,0
0.113,0,0
0.1134,0,0
0.1138,0,0
0.1142,0,0
0.1146,0.000974989,0.0026613
0.115,0,0
0.1154,0,0
0.1158,0,0
0.1162,0,0
0.1166,0,0
0.117,0,0
0.1174,0,0
0.1178,0,0
0.1182,0,0
0.1186,0,0
0.119,0,0
0.1194,0,0
0.1198,0,0
9
-0.1198,0,0
-0.1194,0,0
-0.119,0,0
-0.1186,0,0
-0.1182,0,0
-0.1178,0.00357037,0.00357664
-0.1174,0,0
-0.117,0,0
-0.1166,0,0
-0.1162,0,0
-0.1158,0,0
-0.1154,0,0
-0.115,0,0
-0.1146,0,0
-0.1142,0.00405918,0.00406732
-0.1138,0,0
-0.1134,0,0
-0.113,0,0
-0.1126,0,0
-0.1122,0,0
-0.1118,0,0
-0.1114,0,0
-0.111,0,0
-0.1106,0,0
-0.1102,0,0
-0.1098,0,0
-0.1094,0,0
-0.109,0.00395935,0.00396716
-0.1086,0,0
-0.1082,0,0
-0.1078,0,0
-0.1074,0,0
-0.107,0,0
-0.1066,0,0
-0.1062,0,0
-0.1058,0,0
-0.1054,0,0
-0.105,0,0
-0.1046,0,0
-0.1042,0,0
-0.1038,0,0
-0.1034,0.00376279,0.00376991
-0.103,0,0
-0.1026,0.00783427,0.00555059
-0.1022,0,0
-0.1018,0,0
-0.1014,0,0
-0.101,0,0
-0.1006,0.00689742,0.00488704
-0.1002,0,0
-0.0998,0.00380898,0.00381631
-0.0994,0,0
-0.099,0.0071836,0.00508881
-0.0986,0,0
-0.0982,0,0
-0.0978,0,0
-0.0974,0,0
-0.097,0,0
-0.0966,0,0
-0.0962,0,0
-0.0958,0,0
-0.0954,0,0
-0.095,0,0
-0.0946,0.00367115,0.00367802
-0.0942,0.00373207,0.00373917
-0.0938,0,0
-0.0934,0,0
-0.093,0,0
-0.0926,0,0
-0.0922,0,0
-0.0918,0,0
-0.0914,0,0
-0.091,0,0
-0.0906,0,0
-0.0902,0,0
-0.0898,0,0
-0.0894,0.00363389,0.00364066
-0.089,0,0
-0.0886,0,0
-0.0882,0,0
-0.0878,0,0
-0.0874,0.00326535,0.00327083
-0.087,0.00382614,0.00383367
-0.0866,0,0
-0.0862,0.00718074,0.00508713
-0.0858,0.0036196,0.00362634
-0.0854,0,0
-0.085,0,0
-0.0846,0,0
-0.0842,0,0
-0.0838,0,0
-0.0834,0,0
-0.083,0,0
-0.0826,0,0
-0.0822,0,0
-0.0818,0.00377256,0.00377992
-0.0814,0,0
-0.081,0,0
-0.0806,0,0
-0.0802,0,0
-0.0798,0,0
-0.0794,0,0
-0.079,0,0
-0.0786,0,0
-0.0782,0,0
-0.0778,0.00334498,0.00335079
-0.0774,0,0
-0.077,0.00238672,0.00302349
-0.0766,0,0
-0.0762,0,0
-0.0758,0,0
-0.0754,0.00373747,0.00374474
-0.075,0,0
-0.0746,0,0
-0.0742,0,0
-0.0738,0,0
-0.0734,0,0
-0.073,0,0
-0.0726,0,0
-0.0722,0,0
-0.0718,0,0
-0.0714,0,0
-0.071,0,0
-0.0706,0,0
-0.0702,0.00362026,0.00362711
-0.0698,0,0
-0.0694,0,0
-0.069,0.00374423,0.00375157
-0.0686,0,0
-0.0682,0,0
-0.0678,0,0
-0.0674,0,0
-0.067,0,0
-0.0666,0.00329548,0.00330117
-0.0662,0,0
-0.0658,0,0
-0.0654,0.00343455,0.00344074
-0.065,0.0034354,0.0034416
-0.0646,0,0
-0.0642,0,0
-0.0638,0.00358395,0.0035907
-0.0634,0.00360594,0.00361278
-0.063,0,0
-0.0626,0,0
-0.0622,0,0
-0.0618,0.00348951,0.00349591
-0.0614,0.00337031,0.00337629
-0.061,0,0
-0.0606,0.00364302,0.00365001
-0.0602,0,0
-0.0598,0.0106036,0.00614027
-0.0594,0,0
-0.059,0,0
-0.0586,0,0
-0.0582,0,0
-0.0578,0,0
-0.0574,0,0
-0.057,0,0
-0.0566,0,0
-0.0562,0,0
-0.0558,0,0
-0.0554,0,0
-0.055,0,0
-0.0546,0.00349367,0.00350012
-0.0542,0,0
-0.0538,0,0
-0.0534,0,0
-0.053,0,0
-0.0526,0,0
-0.0522,0.00349462,0.00350109
-0.0518,0.00746877,0.00529168
-0.0514,0,0
-0.051,0,0
-0.0506,0,0
-0.0502,0,0
-0.0498,0,0
-0.0494,0,0
-0.049,0,0
-0.0486,0,0
-0.0482,0,0
-0.0478,0.00347427,0.00348068
-0.0474,0.00346358,0.00346996
-0.047,0,0
-0.0466,0.00352812,0.00353474
-0.0462,0,0
-0.0458,0.00360413,0.00361104
-0.0454,0,0
-0.045,0.0033651,0.00337113
-0.0446,0.00379553,0.00378214
-0.0442,0.00355032,0.00355704
-0.0438,0,0
-0.0434,0,0
-0.043,0,0
-0.0426,0,0
-0.0422,0.00374511,0.0037526
-0.0418,0,0
-0.0414,0,0
-0.041,0.00310499,0.00311015
-0.0406,0.0065876,0.00466635
-0.0402,0,0
-0.0398,0.00330221,0.00330805
-0.0394,0.00331804,0.00332394
-0.039,0.00352009,0.00352672
-0.0386,0.00332771,0.00333364
-0.0382,0.00327609,0.00328184
-0.0378,0.00327474,0.00328049
-0.0374,0,0
-0.037,0,0
-0.0366,0,0
-0.0362,0.00707373,0.00501139
-0.0358,0,0
-0.0354,0,0
-0.035,0,0
-0.0346,0,0
-0.0342,0.00327974,0.00328553
-0.0338,0,0
-0.0334,0,0
-0.033,0,0
-0.0326,0,0
-0.0322,0,0
-0.0318,0,0
-0.0314,0.00687667,0.00487158
-0.031,0,0
-0.0306,0,0
-0.0302,0.00320767,0.00321324
-0.0298,0.00320511,0.00321067
-0.0294,0,0
-0.029,0,0
-0.0286,0.00347352,0.00348006
-0.0282,0.00354557,0.00355238
-0.0278,0,0
-0.0274,0,0
-0.027,0,0
-0.0266,0,0
-0.0262,0.00332152,0.00332752
-0.0258,0.00358196,0.00358894
-0.0254,0.00335177,0.00335789
-0.025,0,0
-0.0246,0,0
-0.0242,0.0064975,0.00460256
-0.0238,0.00356797,0.00357491
-0.0234,0,0
-0.023,0,0
-0.0226,0.00306912,0.00307426
-0.0222,0.00688451,0.00487724
-0.0218,0.00375843,0.00376614
-0.0214,0.010138,0.00588239
-0.021,0,0
-0.0206,0.00350176,0.00350847
-0.0202,0,0
-0.0198,0,0
-0.0194,0.00670786,0.0047519
-0.019,0.00327471,0.00328059
-0.0186,0.00327298,0.00327886
-0.0182,0.00689986,0.00488818
-0.0178,0.00345185,0.0034584
-0.0174,0.00629261,0.00445725
-0.017,0.00329498,0.00330095
-0.0166,0,0
-0.0162,0.0033236,0.00332968
-0.0158,0.00622148,0.00440679
-0.0154,0.00387215,0.00358859
-0.015,0,0
-0.0146,0.0033959,0.00340226
-0.0142,0,0
-0.0138,0,0
-0.0134,0.00350952,0.00351632
-0.013,0.00350774,0.00351454
-0.0126,0.0032113,0.003217
-0.0122,0.00350934,0.00351616
-0.0118,0.00373065,0.00373836
-0.0114,0,0
-0.011,0,0
-0.0106,0,0
-0.0102,0,0
-0.0098,0.00319645,0.00320212
-0.0094,0.00334021,0.00334641
-0.009,0,0
-0.0086,0.00336756,0.00337387
-0.0082,0.00627454,0.00444452
-0.0078,0.012542,0.00628199
-0.0074,0,0
-0.007,0.00929142,0.00537409
-0.0066,0.00672131,0.0047616
-0.0062,0.0199224,0.00843984
-0.0058,0.0186006,0.00837144
-0.0054,0.0211763,0.00837442
-0.005,0.0358739,0.010954
-0.0046,0.0166135,0.00744593
-0.0042,0.00582174,0.0041233
-0.0038,0.0215947,0.00818581
-0.0034,0.0204489,0.00774164
-0.003,0.0371581,0.0107981
-0.0026,0.0834963,0.0166316
-0.0022,0.115813,0.0197714
-0.0018,0.204485,0.0263408
-0.0014,0.313355,0.0326102
-0.001,0.525319,0.0425302
-0.0006,0.682374,0.0469002
-0.0002,0.598577,0.0434413
0.0002,0.774854,0.0510383
0.0006,0.572251,0.0428408
0.001,0.386646,0.0360345
0.0014,0.276271,0.0299015
0.0018,0.133788,0.0207907
0.0022,0.09391,0.0169413
0.0026,0.0607506,0.0140089
0.003,0.0815342,0.016718
0.0034,0.049501,0.0132565
0.0038,0.0543096,0.0136043
0.0042,0.027555,0.00976453
0.0046,0.0125808,0.00630273
0.005,0.0116199,0.00615154
0.0054,0.00671452,0.00475841
0.0058,0.00861873,0.00498412
0.0062,0.0167978,0.007529
0.0066,0.0164571,0.0073832
0.007,0.0186297,0.00761977
0.0074,0.0249633,0.00884197
0.0078,0.0158302,0.00679287
0.0082,0.00310374,0.0031092
0.0086,0.00953524,0.0055159
0.009,0.00985908,0.00570546
0.0094,0.00688759,0.00487978
0.0098,0.00308726,0.00309267
0.0102,0.00633587,0.0044882
0.0106,0,0
0.011,0,0
0.0114,0.00341155,0.00341816
0.0118,0,0
0.0122,0,0
0.0126,0,0
0.013,0.00292173,0.00292659
0.0134,0.00330329,0.0033095
0.0138,0,0
0.0142,0.003204,0.00320985
0.0146,0,0
0.015,0,0
0.0154,0.0063702,0.0045126
0.0158,0,0
0.0162,0,0
0.0166,0,0
0.017,0,0
0.0174,0,0
0.0178,0.0063186,0.004476
0.0182,0,0
0.0186,0.00323851,0.00324451
0.019,0.00660615,0.00468008
0.0194,0,0
0.0198,0,0
0.0202,0,0
0.0206,0.0020799,0.00258915
0.021,0,0
0.0214,0,0
0.0218,0,0
0.0222,0,0
0.0226,0.00334997,0.0033564
0.023,0,0
0.0234,0,0
0.0238,0,0
0.0242,0.00282733,0.0028413
0.0246,0,0
0.025,0,0
0.0254,0,0
0.0258,0.00313632,0.00314197
0.0262,0,0
0.0266,0,0
0.027,0.00657026,0.00465466
0.0274,0.00312827,0.0031339
0.0278,0,0
0.0282,0.0031967,0.00320258
0.0286,0.0066632,0.00472063
0.029,0,0
0.0294,0.00333106,0.00333744
0.0298,0.00324779,0.00325386
0.0302,0.00587149,0.0041588
0.0306,0,0
0.031,0,0
0.0314,0,0
0.0318,0,0
0.0322,0.00299898,0.00300416
0.0326,0,0
0.033,0,0
0.0334,0.00302173,0.003027
0.0338,0,0
0.0342,0.0028703,0.00287505
0.0346,0,0
0.035,0.00965671,0.00558568
0.0354,0,0
0.0358,0,0
0.0362,0,0
0.0366,0.00303635,0.00304168
0.037,0,0
0.0374,0,0
0.0378,0.00320216,0.00320809
0.0382,0.00327817,0.00328439
0.0386,0.00339558,0.00340225
0.039,0,0
0.0394,0,0
0.0398,0,0
0.0402,0,0
0.0406,0,0
0.041,0.00289788,0.00290275
0.0414,0,0
0.0418,0.00306203,0.00306746
0.0422,0,0
0.0426,0,0
0.043,0.009455,0.00546887
0.0434,0.00627189,0.00444297
0.0438,0,0
0.0442,0.00601744,0.00426243
0.0446,0,0
0.045,0,0
0.0454,0,0
0.0458,0.00292776,0.00293273
0.0462,0,0
0.0466,0.00578542,0.00409779
0.047,0,0
0.0474,0,0
0.0478,0.00323175,0.00323781
0.0482,0,0
0.0486,0.00339103,0.00339771
0.049,0,0
0.0494,0.00300864,0.0030139
0.0498,0,0
0.0502,0.00937869,0.00542465
0.0506,0,0
0.051,0.00281899,0.00282361
0.0514,0,0
0.0518,0.00297942,0.00298459
0.0522,0,0
0.0526,0.00510712,0.00416976
0.053,0.0060699,0.0043
0.0534,0.0029967,0.00300194
0.0538,0.00306198,0.00306745
0.0542,0,0
0.0546,0,0
0.055,0.00600685,0.00425494
0.0554,0,0
0.0558,0.00334854,0.00335509
0.0562,0.00624824,0.00442624
0.0566,0,0
0.057,0.00293712,0.00294216
0.0574,0.00325379,0.00325998
0.0578,0,0
0.0582,0,0
0.0586,0,0
0.059,0.00315531,0.00316113
0.0594,0,0
0.0598,0,0
0.0602,0.005963,0.00422385
0.0606,0,0
0.061,0,0
0.0614,0,0
0.0618,0.00315214,0.00315797
0.0622,0,0
0.0626,0.00314895,0.00315477
0.063,0,0
0.0634,0,0
0.0638,0,0
0.0642,0,0
0.0646,0,0
0.065,0,0
0.0654,0,0
0.0658,0,0
0.0662,0.00304643,0.0030519
0.0666,0.000800434,0.00156407
0.067,0.00315792,0.0031638
0.0674,0,0
0.0678,0.00288682,0.00289174
0.0682,0.002911,0.002916
0.0686,0,0
0.069,0.00323217,0.00323834
0.0694,0,0
0.0698,0.00314551,0.00315136
0.0702,0,0
0.0706,0,0
0.071,0,0
0.0714,0.00308734,0.00309298
0.0718,0,0
0.0722,0,0
0.0726,0.00301186,0.00301723
0.073,0.00581853,0.00412143
0.0734,0,0
0.0738,0.00299663,0.00300196
0.0742,0,0
0.0746,0.00307203,0.00307763
0.075,0.00282482,0.00282957
0.0754,0,0
0.0758,0.00321599,0.00322214
0.0762,0,0
0.0766,0.00305316,0.00305871
0.077,0,0
0.0774,0.00298697,0.00299229
0.0778,0.00278974,0.00279439
0.0782,0,0
0.0786,0,0
0.079,0,0
0.0794,0.00560216,0.00396804
0.0798,0,0
0.0802,0,0
0.0806,0.00291231,0.00291738
0.081,0.00618547,0.00438356
0.0814,0,0
0.0818,0,0
0.0822,0.00335174,0.00335847
0.0826,0,0
0.083,0.0032798,0.00328625
0.0834,0,0
0.0838,0,0
0.0842,0,0
0.0846,0,0
0.085,0,0
0.0854,0,0
0.0858,0,0
0.0862,0.00922403,0.00534059
0.0866,0,0
0.087,0,0
0.0874,0,0
0.0878,0,0
0.0882,0.00300887,0.00301433
0.0886,0,0
0.089,0,0
0.0894,0,0
0.0898,0,0
0.0902,0,0
0.0906,0,0
0.091,0,0
0.0914,0,0
0.0918,0,0
0.0922,0,0
0.0926,0,0
0.093,0,0
0.0934,0,0
0.0938,0.00589629,0.00417675
0.0942,0,0
0.0946,0.0030339,0.00303947
0.095,0,0
0.0954,0.00293235,0.00293756
0.0958,0.00294506,0.00295032
0.0962,0,0
0.0966,0.00313753,0.0031435
0.097,0,0
0.0974,0.00290427,0.00290939
0.0978,0.00313195,0.00313789
0.0982,0,0
0.0986,0,0
0.099,0,0
0.0994,0,0
0.0998,0,0
0.1002,0.00340332,0.00341034
0.1006,0,0
0.101,0,0
0.1014,0,0
0.1018,0,0
0.1022,0.00417247,0.00375015
0.1026,0,0
0.103,0,0
0.1034,0,0
0.1038,0,0
0.1042,0,0
0.1046,0.00732393,0.0051903
0.105,0,0
0.1054,0,0
0.1058,0.000430396,0.00125768
0.1062,0.00382356,0.00383243
0.1066,0.0068894,0.00488173
0.107,0,0
0.1074,0.00367896,0.00368717
0.1078,0,0
0.1082,0.007193,0.00509733
0.1086,0,0
0.109,0,0
0.1094,0,0
0.1098,0,0
0.1102,0,0
0.1106,0,0
0.111,0,0
0.1114,0,0
0.1118,0,0
0.1122,0.00398917,0.00399884
0.1126,0,0
0.113,0,0
0.1134,0.00458703,0.0045998
0.1138,0.00441683,0.00442868
0.1142,0.0042149,0.00422569
0.1146,0.0047867,0.00480061
0.115,0,0
0.1154,0,0
0.1158,0.00441713,0.00442898
0.1162,0.00466326,0.00463553
0.1166,0,0
0.117,0,0
0.1174,0,0
0.1178,0,0
0.1182,0,0
0.1186,0.00455395,0.00456655
0.119,0.00504319,0.00505865
0.1194,0.00484583,0.0048601
0.1198,0.00484543,0.0048597
