# X , Y , E Distribution=true
1
-0.1198,0.0134869,0.0135142
-0.1194,0,0
-0.119,0,0
-0.1186,0,0
-0.1182,0,0
-0.1178,0,0
-0.1174,0,0
-0.117,0,0
-0.1166,0,0
-0.1162,0,0
-0.1158,0,0
-0.1154,0.0130434,0.0130689
-0.115,0,0
-0.1146,0,0
-0.1142,0,0
-0.1138,0,0
-0.1134,0,0
-0.113,0.0124022,0.0124253
-0.1126,0,0
-0.1122,0,0
-0.1118,0,0
-0.1114,0,0
-0.111,0,0
-0.1106,0,0
-0.1102,0,0
-0.1098,0,0
-0.1094,0,0
-0.109,0,0
-0.1086,0,0
-0.1082,0,0
-0.1078,0,0
-0.1074,0.0104,0.0116479
-0.107,0,0
-0.1066,0,0
-0.1062,0,0
-0.1058,0,0
-0.1054,0,0
-0.105,0,0
-0.1046,0,0
-0.1042,0,0
-0.1038,0,0
-0.1034,0,0
-0.103,0,0
-0.1026,0,0
-0.1022,0,0
-0.1018,0.0143231,0.0143537
-0.1014,0,0
-0.101,0,0
-0.1006,0,0
-0.1002,0,0
-0.0998,0,0
-0.0994,0,0
-0.099,0,0
-0.0986,0,0
-0.0982,0.0133562,0.0133827
-0.0978,0,0
-0.0974,0,0
-0.097,0,0
-0.0966,0,0
-0.0962,0,0
-0.0958,0,0
-0.0954,0,0
-0.095,0,0
-0.0946,0,0
-0.0942,0,0
-0.0938,0,0
-0.0934,0,0
-0.093,0,0
-0.0926,0,0
-0.0922,0,0
-0.0918,0,0
-0.0914,0,0
-0.091,0,0
-0.0906,0.0119418,0.0119629
-0.0902,0,0
-0.0898,0.0125018,0.012525
-0.0894,0.0121373,0.0121591
-0.089,0,0
-0.0886,0,0
-0.0882,0,0
-0.0878,0,0
-0.0874,0,0
-0.087,0,0
-0.0866,0,0
-0.0862,0,0
-0.0858,0,0
-0.0854,0,0
-0.085,0,0
-0.0846,0,0
-0.0842,0,0
-0.0838,0,0
-0.0834,0,0
-0.083,0,0
-0.0826,0.0130653,0.0130905
-0.0822,0,0
-0.0818,0,0
-0.0814,0,0
-0.081,0,0
-0.0806,0,0
-0.0802,0,0
-0.0798,0,0
-0.0794,0,0
-0.079,0,0
-0.0786,0.0127961,0.0128203
-0.0782,0,0
-0.0778,0,0
-0.0774,0,0
-0.077,0,0
-0.0766,0,0
-0.0762,0,0
-0.0758,0.0131744,0.0131999
-0.0754,0,0
-0.075,0,0
-0.0746,0,0
-0.0742,0,0
-0.0738,0,0
-0.0734,0,0
-0.073,0.00811386,0.0104147
-0.0726,0,0
-0.0722,0,0
-0.0718,0,0
-0.0714,0,0
-0.071,0,0
-0.0706,0,0
-0.0702,0,0
-0.0698,0,0
-0.0694,0,0
-0.069,0,0
-0.0686,0,0
-0.0682,0,0
-0.0678,0,0
-0.0674,0,0
-0.067,0.000952791,0.00353686
-0.0666,0,0
-0.0662,0,0
-0.0658,0,0
-0.0654,0,0
-0.065,0.00569589,0.00843724
-0.0646,0,0
-0.0642,0,0
-0.0638,0,0
-0.0634,0,0
-0.063,0.0129059,0.0129303
-0.0626,0,0
-0.0622,0,0
-0.0618,0,0
-0.0614,0,0
-0.061,0,0
-0.0606,0,0
-0.0602,0.0128107,0.0128347
-0.0598,0,0
-0.0594,0,0
-0.059,0,0
-0.0586,0,0
-0.0582,0,0
-0.0578,0.0127052,0.0127288
-0.0574,0,0
-0.057,0,0
-0.0566,0,0
-0.0562,0.0140036,0.0140321
-0.0558,0,0
-0.0554,0.0137536,0.0137811
-0.055,0,0
-0.0546,0,0
-0.0542,0,0
-0.0538,0,0
-0.0534,0.0137655,0.0137931
-0.053,0,0
-0.0526,0,0
-0.0522,0,0
-0.0518,0,0
-0.0514,0.01275,0.0127737
-0.051,0,0
-0.0506,0,0
-0.0502,0.0200556,0.0159041
-0.0498,0,0
-0.0494,0,0
-0.049,0,0
-0.0486,0,0
-0.0482,0,0
-0.0478,0,0
-0.0474,0,0
-0.047,0,0
-0.0466,0,0
-0.0462,0,0
-0.0458,0,0
-0.0454,0.0130155,0.0130401
-0.045,0,0
-0.0446,0,0
-0.0442,0,0
-0.0438,0,0
-0.0434,0,0
-0.043,0,0
-0.0426,0,0
-0.0422,0.0132601,0.0132856
-0.0418,0,0
-0.0414,0,0
-0.041,0.00687564,0.00906315
-0.0406,0,0
-0.0402,0.0134262,0.0134523
-0.0398,0.0119786,0.0119994
-0.0394,0,0
-0.039,0,0
-0.0386,0,0
-0.0382,0,0
-0.0378,0,0
-0.0374,0,0
-0.037,0.00511266,0.00789214
-0.0366,0,0
-0.0362,0,0
-0.0358,0,0
-0.0354,0.0126311,0.0126542
-0.035,0,0
-0.0346,0,0
-0.0342,0,0
-0.0338,0,0
-0.0334,0,0
-0.033,0,0
-0.0326,0,0
-0.0322,0,0
-0.0318,0,0
-0.0314,0,0
-0.031,0,0
-0.0306,0,0
-0.0302,0,0
-0.0298,0,0
-0.0294,0,0
-0.029,0.0127099,0.0127332
-0.0286,0.0132591,0.0132844
-0.0282,0,0
-0.0278,0,0
-0.0274,0.0168659,0.0144742
-0.027,0,0
-0.0266,0,0
-0.0262,0,0
-0.0258,0,0
-0.0254,0,0
-0.025,0,0
-0.0246,0,0
-0.0242,0,0
-0.0238,0,0
-0.0234,0,0
-0.023,0,0
-0.0226,0.00776096,0.010458
-0.0222,0,0
-0.0218,0,0
-0.0214,0,0
-0.021,0,0
-0.0206,0,0
-0.0202,0.0171626,0.0145413
-0.0198,0,0
-0.0194,0,0
-0.019,0,0
-0.0186,0,0
-0.0182,0,0
-0.0178,0,0
-0.0174,0,0
-0.017,0.0361754,0.0215701
-0.0166,0,0
-0.0162,0,0
-0.0158,0,0
-0.0154,0,0
-0.015,0,0
-0.0146,0,0
-0.0142,0.0128404,0.0130433
-0.0138,0,0
-0.0134,0,0
-0.013,0,0
-0.0126,0.0162516,0.0146799
-0.0122,0,0
-0.0118,0.0134695,0.0134954
-0.0114,0,0
-0.011,0.0123869,0.0124089
-0.0106,0,0
-0.0102,0.0124464,0.0124685
-0.0098,0,0
-0.0094,0,0
-0.009,0.0255592,0.0181061
-0.0086,0.0180205,0.0151692
-0.0082,0.0259046,0.018354
-0.0078,0.0129066,0.0129303
-0.0074,0,0
-0.007,0,0
-0.0066,0.0262756,0.0186146
-0.0062,0.0125335,0.0125558
-0.0058,0,0
-0.0054,0.0330838,0.0210925
-0.005,0.0384656,0.0229617
-0.0046,0,0
-0.0042,0.0795625,0.0313803
-0.0038,0.0732429,0.0291763
-0.0034,0.0618445,0.0278876
-0.003,0.184524,0.0496883
-0.0026,0.276041,0.060432
-0.0022,0.536268,0.085262
-0.0018,0.886375,0.104386
-0.0014,2.09527,0.161335
-0.001,3.63314,0.219899
-0.0006,4.56413,0.245943
-0.0002,4.97179,0.260646
0.0002,3.50061,0.212412
0.0006,3.29763,0.208795
0.001,1.94153,0.154966
0.0014,1.20379,0.120909
0.0018,0.345391,0.0658722
0.0022,0.201441,0.0521654
0.0026,0.0872948,0.034885
0.003,0.0129256,0.0129493
0.0034,0.0052378,0.0084211
0.0038,0.0130371,0.0130612
0.0042,0,0
0.0046,0,0
0.005,0,0
0.0054,0.0126245,0.0126471
0.0058,0.0127817,0.0128048
0.0062,0.0121313,0.0121521
0.0066,0.0132408,0.0132656
0.007,0,0
0.0074,0,0
0.0078,0.00408833,0.00756879
0.0082,0,0
0.0086,0,0
0.009,0,0
0.0094,0,0
0.0098,0.000677678,0.00298415
0.0102,0.0130946,0.0131188
0.0106,0,0
0.011,0.0122962,0.0123176
0.0114,0.0122985,0.0123199
0.0118,0,0
0.0122,0,0
0.0126,0,0
0.013,0,0
0.0134,0,0
0.0138,0.0126681,0.0128512
0.0142,0,0
0.0146,0,0
0.015,0.0127835,0.0128065
0.0154,0,0
0.0158,0,0
0.0162,0,0
0.0166,0,0
0.017,0,0
0.0174,0,0
0.0178,0,0
0.0182,0,0
0.0186,0,0
0.019,0,0
0.0194,0,0
0.0198,0,0
0.0202,0,0
0.0206,0,0
0.021,0,0
0.0214,0,0
0.0218,0,0
0.0222,0,0
0.0226,0,0
0.023,0,0
0.0234,0,0
0.0238,0,0
0.0242,0.0257413,0.0182348
0.0246,0,0
0.025,0,0
0.0254,0,0
0.0258,0.00956028,0.0112504
0.0262,0,0
0.0266,0.0257353,0.0182305
0.027,0,0
0.0274,0.000208715,0.00168659
0.0278,0.0136249,0.0136509
0.0282,0,0
0.0286,0,0
0.029,0,0
0.0294,0,0
0.0298,0,0
0.0302,0,0
0.0306,0,0
0.031,0.0140069,0.0140343
0.0314,0.0136352,0.0136611
0.0318,0,0
0.0322,0.0046206,0.00784837
0.0326,0.0132846,0.0133092
0.033,0.0114985,0.0119608
0.0334,0,0
0.0338,0,0
0.0342,0.0126688,0.0126912
0.0346,0.0143377,0.0143663
0.035,0,0
0.0354,0,0
0.0358,0,0
0.0362,0,0
0.0366,0,0
0.037,0,0
0.0374,0,0
0.0378,0,0
0.0382,0,0
0.0386,0,0
0.039,0.0137481,0.0137744
0.0394,0,0
0.0398,0,0
0.0402,0,0
0.0406,0,0
0.041,0,0
0.0414,0,0
0.0418,0,0
0.0422,0,0
0.0426,0,0
0.043,0,0
0.0434,0,0
0.0438,0,0
0.0442,0,0
0.0446,0,0
0.045,0,0
0.0454,0.0129214,0.0129446
0.0458,0.0136419,0.0136677
0.0462,0.0215665,0.0162813
0.0466,0,0
0.047,0,0
0.0474,0,0
0.0478,0,0
0.0482,0.00600062,0.00906628
0.0486,0,0
0.049,0,0
0.0494,0,0
0.0498,0,0
0.0502,0,0
0.0506,0,0
0.051,0,0
0.0514,0,0
0.0518,0.00167882,0.00474321
0.0522,0,0
0.0526,0,0
0.053,0,0
0.0534,0,0
0.0538,0,0
0.0542,0,0
0.0546,0,0
0.055,0.00589666,0.00868126
0.0554,0,0
0.0558,0,0
0.0562,0.00055278,0.00276864
0.0566,0,0
0.057,0,0
0.0574,0,0
0.0578,0,0
0.0582,0,0
0.0586,0,0
0.059,0,0
0.0594,0,0
0.0598,0,0
0.0602,0,0
0.0606,0,0
0.061,0,0
0.0614,0,0
0.0618,0.0260262,0.0188553
0.0622,0.00357458,0.00686987
0.0626,0.0128149,0.0128375
0.063,0,0
0.0634,0,0
0.0638,0,0
0.0642,0,0
0.0646,0,0
0.065,0.0133489,0.0133733
0.0654,0,0
0.0658,0,0
0.0662,0,0
0.0666,0,0
0.067,0,0
0.0674,0,0
0.0678,0,0
0.0682,0,0
0.0686,0,0
0.069,0,0
0.0694,0,0
0.0698,0.00991232,0.0116142
0.0702,0,0
0.0706,0,0
0.071,0,0
0.0714,0,0
0.0718,0,0
0.0722,0,0
0.0726,0,0
0.073,0,0
0.0734,0,0
0.0738,0,0
0.0742,0,0
0.0746,0,0
0.075,0,0
0.0754,0,0
0.0758,0,0
0.0762,0,0
0.0766,0,0
0.077,0,0
0.0774,0,0
0.0778,0,0
0.0782,0,0
0.0786,0.0121894,0.0122096
0.079,0,0
0.0794,0,0
0.0798,0.0130115,0.0130345
0.0802,0,0
0.0806,0,0
0.081,0,0
0.0814,0,0
0.0818,0,0
0.0822,0.0131016,0.0131249
0.0826,0,0
0.083,0,0
0.0834,0,0
0.0838,0,0
0.0842,0.0133192,0.0133433
0.0846,0,0
0.085,0,0
0.0854,0.0134862,0.0135109
0.0858,0,0
0.0862,0,0
0.0866,0,0
0.087,0,0
0.0874,0,0
0.0878,0.0124553,0.0124764
0.0882,0,0
0.0886,0,0
0.089,0.0131743,0.0131978
0.0894,0,0
0.0898,0,0
0.0902,0,0
0.0906,0,0
0.091,0,0
0.0914,0,0
0.0918,0,0
0.0922,0,0
0.0926,0,0
0.093,0,0
0.0934,0,0
0.0938,0.0105733,0.0122803
0.0942,0,0
0.0946,0,0
0.095,0,0
0.0954,0,0
0.0958,0,0
0.0962,0,0
0.0966,0,0
0.097,0,0
0.0974,0,0
0.0978,0,0
0.0982,0.0138768,0.0139028
0.0986,0,0
0.099,0,0
0.0994,0.0142175,0.0142447
0.0998,0,0
0.1002,0,0
0.1006,0,0
0.101,0,0
0.1014,0,0
0.1018,0,0
0.1022,0,0
0.1026,0,0
0.103,0,0
0.1034,0,0
0.1038,0,0
0.1042,0,0
0.1046,0,0
0.105,0,0
0.1054,0,0
0.1058,0,0
0.1062,0,0
0.1066,0,0
0.107,0.0180021,0.0180456
0.1074,0.0172293,0.0172691
0.1078,0,0
0.1082,0,0
0.1086,0,0
0.109,0,0
0.1094,0,0
0.1098,0,0
0.1102,0,0
0.1106,0,0
0.111,0,0
0.1114,0,0
0.1118,0,0
0.1122,0,0
0.1126,0,0
0.113,0,0
0.1134,0,0
0.1138,0,0
0.1142,0,0
0.1146,0,0
0.115,0.0141126,0.0177416
0.1154,0,0
0.1158,0,0
0.1162,0,0
0.1166,0,0
0.117,0,0
0.1174,0,0
0.1178,0,0
0.1182,0,0
0.1186,0,0
0.119,0.0216721,0.0217347
0.1194,0,0
0.1198,0.0248172,0.0248991
2
-0.1198,0,0
-0.1194,0,0
-0.119,0,0
-0.1186,0,0
-0.1182,0,0
-0.1178,0,0
-0.1174,0,0
-0.117,0,0
-0.1166,0,0
-0.1162,0,0
-0.1158,0,0
-0.1154,0.00204656,0.00353981
-0.115,0,0
-0.1146,0,0
-0.1142,0,0
-0.1138,0,0
-0.1134,0,0
-0.113,0.00583248,0.00584336
-0.1126,0,0
-0.1122,0,0
-0.1118,0,0
-0.1114,0,0
-0.111,0,0
-0.1106,0,0
-0.1102,0,0
-0.1098,0,0
-0.1094,0,0
-0.109,0,0
-0.1086,0,0
-0.1082,0.00605626,0.00606798
-0.1078,0,0
-0.1074,0.00121128,0.00271575
-0.107,0.0057749,0.00578555
-0.1066,0,0
-0.1062,0,0
-0.1058,0,0
-0.1054,0,0
-0.105,0,0
-0.1046,0.00570822,0.00571862
-0.1042,0.00570082,0.00571119
-0.1038,0,0
-0.1034,0,0
-0.103,0,0
-0.1026,0,0
-0.1022,0,0
-0.1018,0,0
-0.1014,0,0
-0.101,0,0
-0.1006,0,0
-0.1002,0,0
-0.0998,0,0
-0.0994,0.00445259,0.00498303
-0.099,0,0
-0.0986,0,0
-0.0982,0.00597568,0.00598706
-0.0978,0,0
-0.0974,0,0
-0.097,0,0
-0.0966,0.00618705,0.00619925
-0.0962,0,0
-0.0958,0,0
-0.0954,0,0
-0.095,0,0
-0.0946,0,0
-0.0942,0,0
-0.0938,0,0
-0.0934,0,0
-0.093,0,0
-0.0926,0,0
-0.0922,0,0
-0.0918,0,0
-0.0914,0,0
-0.091,0,0
-0.0906,0,0
-0.0902,0.00226475,0.0035923
-0.0898,0,0
-0.0894,0,0
-0.089,0,0
-0.0886,0,0
-0.0882,0,0
-0.0878,0.0065661,0.0065798
-0.0874,0,0
-0.087,0,0
-0.0866,0,0
-0.0862,0,0
-0.0858,0,0
-0.0854,0,0
-0.085,0,0
-0.0846,0,0
-0.0842,0,0
-0.0838,0,0
-0.0834,0.00602371,0.00603524
-0.083,0.00574701,0.0057575
-0.0826,0,0
-0.0822,0.00545206,0.00546151
-0.0818,0,0
-0.0814,0,0
-0.081,0,0
-0.0806,0,0
-0.0802,0,0
-0.0798,0,0
-0.0794,0,0
-0.079,0.00604546,0.00605706
-0.0786,0,0
-0.0782,0,0
-0.0778,0,0
-0.0774,0,0
-0.077,0,0
-0.0766,0,0
-0.0762,0,0
-0.0758,0,0
-0.0754,0,0
-0.075,0,0
-0.0746,0,0
-0.0742,0,0
-0.0738,0,0
-0.0734,0,0
-0.073,0.00240838,0.00386075
-0.0726,0,0
-0.0722,0.00547882,0.00548833
-0.0718,0.00590662,0.00591767
-0.0714,0,0
-0.071,0,0
-0.0706,0,0
-0.0702,0,0
-0.0698,0,0
-0.0694,0.00592749,0.00593862
-0.069,0,0
-0.0686,0.00595994,0.00597119
-0.0682,0,0
-0.0678,0,0
-0.0674,0,0
-0.067,0.0119522,0.00862914
-0.0666,0,0
-0.0662,0,0
-0.0658,0,0
-0.0654,0,0
-0.065,0.00312219,0.00424631
-0.0646,0,0
-0.0642,0,0
-0.0638,0,0
-0.0634,0,0
-0.063,0,0
-0.0626,0,0
-0.0622,0,0
-0.0618,0,0
-0.0614,0.0059028,0.00591381
-0.061,0,0
-0.0606,0,0
-0.0602,0,0
-0.0598,0,0
-0.0594,0,0
-0.059,0,0
-0.0586,0,0
-0.0582,0.00566816,0.0059042
-0.0578,0,0
-0.0574,0.00386368,0.00472913
-0.057,0.00604076,0.00605229
-0.0566,0.0063158,0.00632839
-0.0562,0,0
-0.0558,0,0
-0.0554,0,0
-0.055,0.00613591,0.00614779
-0.0546,0,0
-0.0542,0,0
-0.0538,0,0
-0.0534,0.00634278,0.00635547
-0.053,0,0
-0.0526,0,0
-0.0522,0,0
-0.0518,0,0
-0.0514,0,0
-0.051,0,0
-0.0506,0.00581755,0.00582822
-0.0502,0.00233726,0.0036841
-0.0498,0,0
-0.0494,0,0
-0.049,0,0
-0.0486,0,0
-0.0482,0,0
-0.0478,0,0
-0.0474,0,0
-0.047,0,0
-0.0466,0,0
-0.0462,0,0
-0.0458,0,0
-0.0454,0,0
-0.045,0,0
-0.0446,0,0
-0.0442,0,0
-0.0438,0,0
-0.0434,0,0
-0.043,0,0
-0.0426,0,0
-0.0422,0,0
-0.0418,0.00143476,0.00289639
-0.0414,0.00549115,0.00550064
-0.041,0.00778156,0.00653567
-0.0406,0.00568106,0.00569122
-0.0402,0,0
-0.0398,0.00521502,0.00522358
-0.0394,0.0109864,0.00779202
-0.039,0,0
-0.0386,0.00536968,0.00537875
-0.0382,0,0
-0.0378,0,0
-0.0374,0,0
-0.037,0.00322619,0.00424778
-0.0366,0,0
-0.0362,0.0114909,0.00833122
-0.0358,0,0
-0.0354,0,0
-0.035,0,0
-0.0346,0,0
-0.0342,0.00651225,0.00652557
-0.0338,0,0
-0.0334,0.0112721,0.00798467
-0.033,0,0
-0.0326,0,0
-0.0322,0,0
-0.0318,0.00578086,0.00579136
-0.0314,0,0
-0.031,0,0
-0.0306,0.00614016,0.006152
-0.0302,0,0
-0.0298,0,0
-0.0294,0,0
-0.029,0,0
-0.0286,0,0
-0.0282,0,0
-0.0278,0,0
-0.0274,0.00385233,0.00484449
-0.027,0,0
-0.0266,0.00597324,0.00598443
-0.0262,0.00611254,0.00612426
-0.0258,0.00619853,0.00621057
-0.0254,0,0
-0.025,0.0168324,0.00973533
-0.0246,0,0
-0.0242,0,0
-0.0238,0,0
-0.0234,0.00564333,0.00565331
-0.023,0,0
-0.0226,0,0
-0.0222,0.0122927,0.00871626
-0.0218,0,0
-0.0214,0,0
-0.021,0,0
-0.0206,0.0120206,0.00851584
-0.0202,0.00337963,0.0043633
-0.0198,0,0
-0.0194,0.0117656,0.00833496
-0.019,0,0
-0.0186,0.00600006,0.00601133
-0.0182,0.00600048,0.00601175
-0.0178,0.00597041,0.00598157
-0.0174,0.00585348,0.0058642
-0.017,0.0010357,0.00246684
-0.0166,0,0
-0.0162,0,0
-0.0158,0,0
-0.0154,0,0
-0.015,0,0
-0.0146,0.0115323,0.0081733
-0.0142,0.0122148,0.00859522
-0.0138,0,0
-0.0134,0.0169384,0.00979672
-0.013,0,0
-0.0126,0.00454089,0.00518553
-0.0122,0,0
-0.0118,0,0
-0.0114,0.00623952,0.00625169
-0.011,0.00564994,0.00565991
-0.0106,0,0
-0.0102,0.00567533,0.00568539
-0.0098,0,0
-0.0094,0.0120784,0.00855686
-0.009,0.023639,0.011845
-0.0086,0.00338448,0.00443835
-0.0082,0.00316869,0.00437079
-0.0078,0,0
-0.0074,0,0
-0.007,0.00622608,0.00623818
-0.0066,0.00598531,0.0059965
-0.0062,0.01162,0.00823273
-0.0058,0.0241231,0.0120915
-0.0054,0.00962438,0.00779713
-0.005,0,0
-0.0046,0.0234464,0.0117447
-0.0042,0.0358369,0.0142117
-0.0038,0.0190182,0.00993968
-0.0034,0.0352993,0.0143882
-0.003,0.0606881,0.0192283
-0.0026,0.122405,0.0270479
-0.0022,0.224235,0.037061
-0.0018,0.308648,0.0416101
-0.0014,0.688149,0.0623091
-0.001,1.05161,0.0798852
-0.0006,1.24399,0.0865619
-0.0002,1.67757,0.102015
0.0002,1.51104,0.0940003
0.0006,1.3502,0.0901532
0.001,0.820355,0.067646
0.0014,0.567792,0.0559841
0.0018,0.22384,0.0357451
0.0022,0.15167,0.030422
0.0026,0.0554558,0.0186468
0.003,0.0472677,0.0167449
0.0034,0.0173913,0.0103425
0.0038,0,0
0.0042,0,0
0.0046,0,0
0.005,0.00562356,0.00563341
0.0054,0,0
0.0058,0.005802,0.00581248
0.0062,0,0
0.0066,0.00600871,0.00601995
0.007,0.0179519,0.0103839
0.0074,0.0128554,0.00910835
0.0078,0.0108082,0.00828861
0.0082,0.0182585,0.0105616
0.0086,0.00609599,0.00610756
0.009,0.00637818,0.00639084
0.0094,0,0
0.0098,0.0113678,0.00816031
0.0102,0,0
0.0106,0,0
0.011,0.00557203,0.00558169
0.0114,0.0120255,0.00851922
0.0118,0.0183506,0.010615
0.0122,0.00598034,0.00599147
0.0126,0.00563615,0.00564603
0.013,0,0
0.0134,0,0
0.0138,0.00602606,0.00596379
0.0142,0.00570852,0.00571865
0.0146,0,0
0.015,0,0
0.0154,0.00518743,0.00548815
0.0158,0.0117214,0.00830339
0.0162,0,0
0.0166,0.00561186,0.00562164
0.017,0,0
0.0174,0.00630227,0.00631461
0.0178,0.00660438,0.0062466
0.0182,0,0
0.0186,0,0
0.019,0.005622,0.00563181
0.0194,0,0
0.0198,0,0
0.0202,0,0
0.0206,0.0114902,0.00813932
0.021,0.01182,0.00842619
0.0214,0,0
0.0218,0.0054823,0.0055676
0.0222,0,0
0.0226,0,0
0.023,0,0
0.0234,0,0
0.0238,0.0062081,0.00622005
0.0242,0.00580751,0.00581798
0.0246,0,0
0.025,0,0
0.0254,0,0
0.0258,0.00163714,0.00312644
0.0262,0,0
0.0266,0.00580143,0.00581186
0.027,0.00537175,0.0053807
0.0274,0.00602581,0.00608419
0.0278,0.00614041,0.0061521
0.0282,0,0
0.0286,0,0
0.029,0.00632506,0.00633746
0.0294,0,0
0.0298,0.00613003,0.00614167
0.0302,0.00581889,0.00582938
0.0306,0.00587118,0.00588186
0.031,0.0063055,0.00631781
0.0314,0.00613681,0.00614848
0.0318,0,0
0.0322,0.00389756,0.00483543
0.0326,0.00597744,0.00598851
0.033,0.000405016,0.00150566
0.0334,0,0
0.0338,0,0
0.0342,0.00644687,0.00645974
0.0346,0,0
0.035,0,0
0.0354,0.0121816,0.00862993
0.0358,0,0
0.0362,0,0
0.0366,0,0
0.037,0,0
0.0374,0.00624469,0.00625675
0.0378,0,0
0.0382,0,0
0.0386,0,0
0.039,0,0
0.0394,0,0
0.0398,0.00782932,0.00650825
0.0402,0.00539266,0.00540165
0.0406,0.00581781,0.00582827
0.041,0,0
0.0414,0,0
0.0418,0.00618607,0.0061979
0.0422,0,0
0.0426,0,0
0.043,0,0
0.0434,0.00614875,0.00616042
0.0438,0,0
0.0442,0,0
0.0446,0,0
0.045,0.0110875,0.00785349
0.0454,0,0
0.0458,0,0
0.0462,0.00543608,0.0054452
0.0466,0,0
0.047,0,0
0.0474,0,0
0.0478,0,0
0.0482,0.0100547,0.00807141
0.0486,0,0
0.049,0.0057659,0.00577616
0.0494,0,0
0.0498,0,0
0.0502,0,0
0.0506,0,0
0.051,0,0
0.0514,0.00580635,0.00581675
0.0518,0.00522554,0.00559899
0.0522,0,0
0.0526,0,0
0.053,0,0
0.0534,0,0
0.0538,0,0
0.0542,0,0
0.0546,0.00553829,0.00554774
0.055,0.00305917,0.00418189
0.0554,0,0
0.0558,0,0
0.0562,0.0119671,0.00856465
0.0566,0,0
0.057,0,0
0.0574,0,0
0.0578,0,0
0.0582,0,0
0.0586,0,0
0.059,0,0
0.0594,0,0
0.0598,0,0
0.0602,0,0
0.0606,0,0
0.061,0,0
0.0614,0,0
0.0618,0,0
0.0622,0.00427652,0.00502024
0.0626,0,0
0.063,0,0
0.0634,0,0
0.0638,0,0
0.0642,0,0
0.0646,0,0
0.065,0,0
0.0654,0,0
0.0658,0.00289555,0.00406016
0.0662,0,0
0.0666,0,0
0.067,0,0
0.0674,0.00588582,0.00589646
0.0678,0.00623329,0.00624522
0.0682,0,0
0.0686,0.00593041,0.00594121
0.069,0,0
0.0694,0.00603744,0.00604863
0.0698,0,0
0.0702,0,0
0.0706,0,0
0.071,0,0
0.0714,0,0
0.0718,0,0
0.0722,0,0
0.0726,0,0
0.073,0,0
0.0734,0,0
0.0738,0,0
0.0742,0,0
0.0746,0,0
0.075,0,0
0.0754,0,0
0.0758,0,0
0.0762,0,0
0.0766,0,0
0.077,0.00374771,0.00464261
0.0774,0,0
0.0778,0,0
0.0782,0,0
0.0786,0,0
0.079,0,0
0.0794,0,0
0.0798,0,0
0.0802,0.00584622,0.00585669
0.0806,0,0
0.081,0,0
0.0814,0.00460523,0.00528474
0.0818,0,0
0.0822,0,0
0.0826,0,0
0.083,0,0
0.0834,0,0
0.0838,0,0
0.0842,0,0
0.0846,0.00573132,0.00574137
0.085,0,0
0.0854,0.00597925,0.00599019
0.0858,0,0
0.0862,0.0125063,0.00886023
0.0866,0,0
0.087,0.00570262,0.00571256
0.0874,0,0
0.0878,0,0
0.0882,0,0
0.0886,0.00528558,0.00529412
0.089,0,0
0.0894,0,0
0.0898,0,0
0.0902,0,0
0.0906,0,0
0.091,0.00595986,0.00597071
0.0914,0,0
0.0918,0,0
0.0922,0,0
0.0926,0,0
0.093,0.00590487,0.00591551
0.0934,0,0
0.0938,0.00628385,0.0062959
0.0942,0,0
0.0946,0.00610841,0.0061198
0.095,0,0
0.0954,0.0122195,0.00866577
0.0958,0,0
0.0962,0,0
0.0966,0,0
0.097,0.00613555,0.00614703
0.0974,0,0
0.0978,0,0
0.0982,0,0
0.0986,0,0
0.099,0,0
0.0994,0,0
0.0998,0,0
0.1002,0,0
0.1006,0,0
0.101,0,0
0.1014,0.00694523,0.00695991
0.1018,0.0121858,0.00863269
0.1022,0,0
0.1026,0,0
0.103,0,0
0.1034,0,0
0.1038,0,0
0.1042,0,0
0.1046,0,0
0.105,0,0
0.1054,0,0
0.1058,0,0
0.1062,0.00724505,0.00726101
0.1066,0,0
0.107,0,0
0.1074,0,0
0.1078,0,0
0.1082,0,0
0.1086,0,0
0.109,0,0
0.1094,0.00849027,0.00851216
0.1098,0.00849132,0.00851321
0.1102,0,0
0.1106,0,0
0.111,0,0
0.1114,0.00814247,0.0081626
0.1118,0,0
0.1122,0,0
0.1126,0,0
0.113,0,0
0.1134,0.0180174,0.0127854
0.1138,0,0
0.1142,0,0
0.1146,0,0
0.115,0.0121163,0.0109009
0.1154,0,0
0.1158,0,0
0.1162,0,0
0.1166,0.0179287,0.0127294
0.117,0.00943215,0.00945911
0.1174,0,0
0.1178,0,0
0.1182,0,0
0.1186,0,0
0.119,0.0101614,0.0101926
0.1194,0,0
0.1198,0,0
3
-0.1198,0,0
-0.1194,0,0
-0.119,0,0
-0.1186,0,0
-0.1182,0,0
-0.1178,0.00644954,0.00646232
-0.1174,0,0
-0.117,0,0
-0.1166,0,0
-0.1162,0,0
-0.1158,0.00629267,0.00630482
-0.1154,0.00422477,0.00519306
-0.115,0.00635941,0.00637182
-0.1146,0,0
-0.1142,0,0
-0.1138,0,0
-0.1134,0,0
-0.113,0,0
-0.1126,0.00646682,0.00647964
-0.1122,0,0
-0.1118,0,0
-0.1114,0,0
-0.111,0,0
-0.1106,0,0
-0.1102,0,0
-0.1098,0,0
-0.1094,0,0
-0.109,0,0
-0.1086,0,0
-0.1082,0.00215805,0.00368443
-0.1078,0,0
-0.1074,0,0
-0.107,0,0
-0.1066,0,0
-0.1062,0,0
-0.1058,0,0
-0.1054,0.00502461,0.00561108
-0.105,0,0
-0.1046,0,0
-0.1042,0,0
-0.1038,0,0
-0.1034,0,0
-0.103,0,0
-0.1026,0,0
-0.1022,0,0
-0.1018,0,0
-0.1014,0.00598433,0.00599527
-0.101,0,0
-0.1006,0,0
-0.1002,0,0
-0.0998,0,0
-0.0994,0.00115431,0.00259388
-0.099,0,0
-0.0986,0,0
-0.0982,0,0
-0.0978,0,0
-0.0974,0.00640812,0.00642064
-0.097,0,0
-0.0966,0.0064696,0.00648235
-0.0962,0,0
-0.0958,0,0
-0.0954,0,0
-0.095,0,0
-0.0946,0,0
-0.0942,0,0
-0.0938,0,0
-0.0934,0,0
-0.093,0,0
-0.0926,0,0
-0.0922,0,0
-0.0918,0,0
-0.0914,0,0
-0.091,0.0125345,0.00888011
-0.0906,0,0
-0.0902,0.0035735,0.00461746
-0.0898,0,0
-0.0894,0,0
-0.089,0,0
-0.0886,0,0
-0.0882,0,0
-0.0878,0,0
-0.0874,0.000755973,0.00228536
-0.087,0,0
-0.0866,0,0
-0.0862,0,0
-0.0858,0,0
-0.0854,0,0
-0.085,0,0
-0.0846,0,0
-0.0842,0.00566797,0.00588037
-0.0838,0.00631618,0.00632826
-0.0834,0,0
-0.083,0,0
-0.0826,0,0
-0.0822,0,0
-0.0818,0,0
-0.0814,0,0
-0.081,0,0
-0.0806,0.00631435,0.00632641
-0.0802,0.00625534,0.00626718
-0.0798,0,0
-0.0794,0.00620694,0.00621858
-0.079,0,0
-0.0786,0,0
-0.0782,0,0
-0.0778,0,0
-0.0774,0,0
-0.077,0,0
-0.0766,0,0
-0.0762,0,0
-0.0758,0,0
-0.0754,0,0
-0.075,0,0
-0.0746,0,0
-0.0742,0,0
-0.0738,0,0
-0.0734,0,0
-0.073,0,0
-0.0726,0,0
-0.0722,0,0
-0.0718,0,0
-0.0714,0,0
-0.071,0.00569469,0.00570446
-0.0706,0,0
-0.0702,0,0
-0.0698,0,0
-0.0694,0,0
-0.069,0,0
-0.0686,0,0
-0.0682,0,0
-0.0678,0.0039452,0.00479137
-0.0674,0,0
-0.067,0,0
-0.0666,0,0
-0.0662,0,0
-0.0658,0,0
-0.0654,0,0
-0.065,0,0
-0.0646,0,0
-0.0642,0.00524645,0.00563173
-0.0638,0,0
-0.0634,0,0
-0.063,0,0
-0.0626,0,0
-0.0622,0,0
-0.0618,0,0
-0.0614,0,0
-0.061,0.00576055,0.00577049
-0.0606,0,0
-0.0602,0,0
-0.0598,0,0
-0.0594,0,0
-0.059,0,0
-0.0586,0,0
-0.0582,0.0004837,0.00177212
-0.0578,0,0
-0.0574,0.00201013,0.0035051
-0.057,0,0
-0.0566,0,0
-0.0562,0,0
-0.0558,0,0
-0.0554,0.00648134,0.00649389
-0.055,0,0
-0.0546,0,0
-0.0542,0.00659979,0.0066128
-0.0538,0,0
-0.0534,0,0
-0.053,0,0
-0.0526,0.00662197,0.00663506
-0.0522,0.00651482,0.00652748
-0.0518,0,0
-0.0514,0,0
-0.051,0,0
-0.0506,0,0
-0.0502,0.00612078,0.00613195
-0.0498,0.00636129,0.00637335
-0.0494,0,0
-0.049,0,0
-0.0486,0,0
-0.0482,0,0
-0.0478,0.00605606,0.00606699
-0.0474,0,0
-0.047,0,0
-0.0466,0,0
-0.0462,0,0
-0.0458,0,0
-0.0454,0.00634073,0.00635268
-0.045,0,0
-0.0446,0,0
-0.0442,0.0134674,0.009542
-0.0438,0,0
-0.0434,0,0
-0.043,0.00622918,0.0062407
-0.0426,0.00623703,0.00624858
-0.0422,0,0
-0.0418,0.01083,0.00819302
-0.0414,0,0
-0.041,0,0
-0.0406,0.005801,0.00581099
-0.0402,0,0
-0.0398,0.00583544,0.00584554
-0.0394,0,0
-0.039,0,0
-0.0386,0,0
-0.0382,0.00473646,0.00548495
-0.0378,0.00105187,0.00241528
-0.0374,0,0
-0.037,0,0
-0.0366,0.00617397,0.00618526
-0.0362,0.000577528,0.00192418
-0.0358,0.00618067,0.00619199
-0.0354,0.0024769,0.00391107
-0.035,0,0
-0.0346,0,0
-0.0342,0,0
-0.0338,0.00628004,0.00629171
-0.0334,0,0
-0.033,0,0
-0.0326,0.00616061,0.00617184
-0.0322,0,0
-0.0318,0,0
-0.0314,0,0
-0.031,0.0124154,0.00879726
-0.0306,0.0005114,0.00183019
-0.0302,0,0
-0.0298,0,0
-0.0294,0,0
-0.029,0,0
-0.0286,0,0
-0.0282,0.00678817,0.00680177
-0.0278,0,0
-0.0274,0.00585824,0.00586837
-0.027,0.00645452,0.00646681
-0.0266,0.00628772,0.00629938
-0.0262,0,0
-0.0258,0,0
-0.0254,0.00739432,0.00679089
-0.025,0,0
-0.0246,0,0
-0.0242,0,0
-0.0238,0.0119631,0.00847427
-0.0234,0,0
-0.023,0.0124723,0.00883543
-0.0226,0.00627708,0.00628868
-0.0222,0,0
-0.0218,0.00156561,0.0031482
-0.0214,0,0
-0.021,0,0
-0.0206,0,0
-0.0202,0.0034672,0.00456106
-0.0198,0,0
-0.0194,0.00629577,0.00630742
-0.019,0.00623963,0.00625108
-0.0186,0.0126906,0.00899062
-0.0182,0.00639451,0.00640652
-0.0178,0.00636304,0.00637494
-0.0174,0.00604867,0.00605942
-0.017,0,0
-0.0166,0.0127419,0.00902676
-0.0162,0.00605737,0.00606814
-0.0158,0,0
-0.0154,0,0
-0.015,0,0
-0.0146,0.00595774,0.00596815
-0.0142,0.00354543,0.0047824
-0.0138,0.00661966,0.0066325
-0.0134,0,0
-0.013,0.0123129,0.00872443
-0.0126,0.00106894,0.00263329
-0.0122,0.00641841,0.00643048
-0.0118,0.00655705,0.00656964
-0.0114,0.0065923,0.00660503
-0.011,0.00758739,0.00677596
-0.0106,0.0127074,0.00900224
-0.0102,0,0
-0.0098,0.00467559,0.0055004
-0.0094,0,0
-0.009,0.0065789,0.00659156
-0.0086,0.0186062,0.0107618
-0.0082,0.00303035,0.00441702
-0.0078,0.0167819,0.0103759
-0.0074,0.00664952,0.00666245
-0.007,0.00647061,0.00648285
-0.0066,0.00502613,0.0057141
-0.0062,0.024829,0.012439
-0.0058,0.00682577,0.00683938
-0.0054,0.0149184,0.00988036
-0.005,0.0412645,0.0166517
-0.0046,0.0386908,0.0155968
-0.0042,0.0320574,0.0139381
-0.0038,0.0200108,0.010541
-0.0034,0.0389442,0.0157489
-0.003,0.0339329,0.014838
-0.0026,0.0836493,0.0230918
-0.0022,0.113865,0.027057
-0.0018,0.258525,0.0394229
-0.0014,0.46417,0.052953
-0.001,0.721468,0.0682481
-0.0006,0.742327,0.0690822
-0.0002,1.0491,0.0834182
0.0002,1.0067,0.0792489
0.0006,0.900816,0.0759264
0.001,0.543301,0.0571309
0.0014,0.34109,0.0449372
0.0018,0.232015,0.037646
0.0022,0.133591,0.0292504
0.0026,0.056567,0.0195849
0.003,0.0631653,0.020014
0.0034,0.032562,0.0146421
0.0038,0.0126791,0.00898201
0.0042,0.02458,0.0127584
0.0046,0.0205239,0.0114603
0.005,0.00602179,0.00603233
0.0054,0.00613734,0.00614829
0.0058,0.012428,0.0088038
0.0062,0.0243964,0.0122266
0.0066,0.00630174,0.00631329
0.007,0.00643733,0.00644938
0.0074,0,0
0.0078,0,0
0.0082,0.0130483,0.00924402
0.0086,0,0
0.009,0.00664648,0.0066593
0.0094,0.0134855,0.00935961
0.0098,0.0123053,0.00871672
0.0102,0.00636312,0.00637488
0.0106,0,0
0.011,0.0119485,0.0084635
0.0114,0,0
0.0118,0.0065598,0.00657228
0.0122,0.00641411,0.00642604
0.0126,0,0
0.013,0.00617074,0.00618178
0.0134,0,0
0.0138,0,0
0.0142,0.0183758,0.0106282
0.0146,0.0061519,0.00616287
0.015,0.00887843,0.00743748
0.0154,0.000641824,0.00199985
0.0158,0.00629027,0.00630173
0.0162,0,0
0.0166,0,0
0.017,0,0
0.0174,0.00574666,0.00575622
0.0178,0.0112968,0.00826701
0.0182,0,0
0.0186,0,0
0.019,0.0130921,0.00927507
0.0194,0,0
0.0198,0.0127765,0.00905108
0.0202,0.0122126,0.00865137
0.0206,0,0
0.021,0.0064712,0.0064058
0.0214,0,0
0.0218,0.000163511,0.000996599
0.0222,0.0064117,0.00642357
0.0226,0.0027482,0.00430221
0.023,0,0
0.0234,0,0
0.0238,0.00249655,0.00400646
0.0242,0.00624169,0.00625294
0.0246,0.00624554,0.00625679
0.025,0,0
0.0254,0,0
0.0258,0.0152563,0.00990641
0.0262,0,0
0.0266,0,0
0.027,0,0
0.0274,0.00577669,0.00578631
0.0278,0.00658165,0.00659413
0.0282,0.0130671,0.00925722
0.0286,0,0
0.029,0,0
0.0294,0,0
0.0298,0,0
0.0302,0,0
0.0306,0,0
0.031,0,0
0.0314,0.00660431,0.00661686
0.0318,0,0
0.0322,0,0
0.0326,0,0
0.033,0.00600423,0.0060146
0.0334,0.00596076,0.00597098
0.0338,0.00172358,0.00321097
0.0342,0,0
0.0346,0,0
0.035,0,0
0.0354,0,0
0.0358,0,0
0.0362,0,0
0.0366,0.00734156,0.00670811
0.037,0.00672471,0.0067377
0.0374,0,0
0.0378,0,0
0.0382,0.00674683,0.0067599
0.0386,0,0
0.039,0,0
0.0394,0,0
0.0398,0.00318366,0.00430787
0.0402,0,0
0.0406,0,0
0.041,0,0
0.0414,0,0
0.0418,0,0
0.0422,0.0066414,0.00665405
0.0426,0,0
0.043,0,0
0.0434,0,0
0.0438,0,0
0.0442,0,0
0.0446,0,0
0.045,0,0
0.0454,0,0
0.0458,0.00659518,0.00660764
0.0462,0,0
0.0466,0,0
0.047,0.00646077,0.00647272
0.0474,0.00619987,0.00621087
0.0478,0,0
0.0482,0,0
0.0486,0,0
0.049,0.00642286,0.00643466
0.0494,0.0115359,0.00817056
0.0498,0,0
0.0502,0,0
0.0506,0,0
0.051,0,0
0.0514,0,0
0.0518,0.00644922,0.00646111
0.0522,0,0
0.0526,0,0
0.053,0.00675887,0.00677192
0.0534,0,0
0.0538,0,0
0.0542,0.00660533,0.00661778
0.0546,0,0
0.055,0,0
0.0554,0,0
0.0558,0.00631884,0.00633023
0.0562,0,0
0.0566,0.00629387,0.00630517
0.057,0,0
0.0574,0,0
0.0578,0,0
0.0582,0,0
0.0586,0.00656286,0.00657514
0.059,0,0
0.0594,0,0
0.0598,0,0
0.0602,0,0
0.0606,0,0
0.061,0,0
0.0614,0,0
0.0618,0.00647384,0.00648578
0.0622,0,0
0.0626,0,0
0.063,0.00645978,0.00647166
0.0634,0,0
0.0638,0,0
0.0642,0.00137601,0.00299618
0.0646,0,0
0.065,0,0
0.0654,0.0063924,0.00640403
0.0658,0.00300064,0.00429573
0.0662,0,0
0.0666,0,0
0.067,0.00591832,0.00625205
0.0674,0.00635804,0.00636953
0.0678,0,0
0.0682,0,0
0.0686,0,0
0.069,0,0
0.0694,0,0
0.0698,0,0
0.0702,0,0
0.0706,0,0
0.071,0,0
0.0714,0,0
0.0718,0,0
0.0722,0,0
0.0726,0.00665827,0.00667085
0.073,0,0
0.0734,0,0
0.0738,0,0
0.0742,0,0
0.0746,0,0
0.075,0,0
0.0754,0,0
0.0758,0,0
0.0762,0,0
0.0766,0,0
0.077,0.00214386,0.00365069
0.0774,0,0
0.0778,0,0
0.0782,0,0
0.0786,0,0
0.079,0,0
0.0794,0,0
0.0798,0,0
0.0802,0,0
0.0806,0,0
0.081,0,0
0.0814,0.00808689,0.00728209
0.0818,0,0
0.0822,0,0
0.0826,0,0
0.083,0,0
0.0834,0,0
0.0838,0.00616139,0.00617213
0.0842,0,0
0.0846,0,0
0.085,0,0
0.0854,0,0
0.0858,0,0
0.0862,0,0
0.0866,0,0
0.087,0,0
0.0874,0,0
0.0878,0,0
0.0882,0,0
0.0886,0,0
0.089,0,0
0.0894,0.00590268,0.00591253
0.0898,0,0
0.0902,0,0
0.0906,0,0
0.091,0,0
0.0914,0,0
0.0918,0,0
0.0922,0,0
0.0926,0,0
0.093,0,0
0.0934,0,0
0.0938,0,0
0.0942,0,0
0.0946,0.00660653,0.00661884
0.095,0,0
0.0954,0,0
0.0958,0,0
0.0962,0,0
0.0966,0,0
0.097,0.00663572,0.00664814
0.0974,0,0
0.0978,0,0
0.0982,0.00662889,0.00664127
0.0986,0,0
0.099,0,0
0.0994,0.00076633,0.00236893
0.0998,0,0
0.1002,0,0
0.1006,0,0
0.101,0,0
0.1014,0.00751112,0.007527
0.1018,0,0
0.1022,0,0
0.1026,0,0
0.103,0,0
0.1034,0,0
0.1038,0,0
0.1042,0,0
0.1046,0,0
0.105,0,0
0.1054,0,0
0.1058,0,0
0.1062,0.000463241,0.00190904
0.1066,0,0
0.107,0.0085759,0.00859658
0.1074,0,0
0.1078,0,0
0.1082,0,0
0.1086,0,0
0.109,0.00778995,0.00780701
0.1094,0,0
0.1098,0,0
0.1102,0,0
0.1106,0.00838927,0.00840905
0.111,0,0
0.1114,0,0
0.1118,0,0
0.1122,0,0
0.1126,0,0
0.113,0,0
0.1134,0,0
0.1138,0,0
0.1142,0,0
0.1146,0,0
0.115,0.00127204,0.00367112
0.1154,0,0
0.1158,0.010513,0.010544
0.1162,0,0
0.1166,0,0
0.117,0,0
0.1174,0.0112277,0.011263
0.1178,0.011811,0.0118502
0.1182,0,0
0.1186,0,0
0.119,0,0
0.1194,0,0
0.1198,0,0
4
-0.1198,0,0
-0.1194,0,0
-0.119,0,0
-0.1186,0,0
-0.1182,0,0
-0.1178,0.0061419,0.00615346
-0.1174,0,0
-0.117,0.00625258,0.00626455
-0.1166,0,0
-0.1162,0.00666684,0.00668044
-0.1158,0,0
-0.1154,0.00638032,0.00639277
-0.115,0,0
-0.1146,0.0058255,0.00583588
-0.1142,0,0
-0.1138,0,0
-0.1134,0,0
-0.113,0,0
-0.1126,0,0
-0.1122,0,0
-0.1118,0,0
-0.1114,0,0
-0.111,0,0
-0.1106,0,0
-0.1102,0,0
-0.1098,0,0
-0.1094,0,0
-0.109,0,0
-0.1086,0.00387598,0.00497012
-0.1082,0.00412707,0.00510681
-0.1078,0,0
-0.1074,0,0
-0.107,0,0
-0.1066,0,0
-0.1062,0.00598027,0.00599116
-0.1058,0,0
-0.1054,0.00122353,0.00277565
-0.105,0,0
-0.1046,0.00643616,0.00644876
-0.1042,0,0
-0.1038,0,0
-0.1034,0,0
-0.103,0,0
-0.1026,0.00670794,0.00672161
-0.1022,0.0068204,0.00683453
-0.1018,0.00688227,0.00689666
-0.1014,0,0
-0.101,0,0
-0.1006,0,0
-0.1002,0,0
-0.0998,0,0
-0.0994,0,0
-0.099,0,0
-0.0986,0.00629011,0.00630211
-0.0982,0,0
-0.0978,0,0
-0.0974,0,0
-0.097,0.00651332,0.00652617
-0.0966,0,0
-0.0962,0,0
-0.0958,0,0
-0.0954,0,0
-0.095,0,0
-0.0946,0,0
-0.0942,0,0
-0.0938,0,0
-0.0934,0,0
-0.093,0,0
-0.0926,0,0
-0.0922,0,0
-0.0918,0,0
-0.0914,0,0
-0.091,0,0
-0.0906,0,0
-0.0902,0.0119627,0.00847421
-0.0898,0,0
-0.0894,0,0
-0.089,0,0
-0.0886,0,0
-0.0882,0,0
-0.0878,0.00671687,0.00673048
-0.0874,0.0130826,0.00953577
-0.087,0,0
-0.0866,0,0
-0.0862,0,0
-0.0858,0,0
-0.0854,0.00668802,0.0067015
-0.085,0,0
-0.0846,0,0
-0.0842,0.00041274,0.00159145
-0.0838,0.00635302,0.00636518
-0.0834,0,0
-0.083,0.00606197,0.00607303
-0.0826,0,0
-0.0822,0,0
-0.0818,0,0
-0.0814,0,0
-0.081,0,0
-0.0806,0,0
-0.0802,0,0
-0.0798,0.00636172,0.00637389
-0.0794,0,0
-0.079,0,0
-0.0786,0,0
-0.0782,0,0
-0.0778,0,0
-0.0774,0,0
-0.077,0.00638151,0.00639375
-0.0766,0,0
-0.0762,0.00644878,0.00646127
-0.0758,0,0
-0.0754,0,0
-0.075,0.0121223,0.00858739
-0.0746,0.00637039,0.00638257
-0.0742,0.00594527,0.00595588
-0.0738,0,0
-0.0734,0,0
-0.073,0,0
-0.0726,0,0
-0.0722,0,0
-0.0718,0.00624404,0.00625574
-0.0714,0.00624494,0.00625664
-0.071,0,0
-0.0706,0.00586795,0.00587827
-0.0702,0.012941,0.00917012
-0.0698,0,0
-0.0694,0,0
-0.069,0.00635747,0.00636958
-0.0686,0,0
-0.0682,0,0
-0.0678,0.00185997,0.00329552
-0.0674,0,0
-0.067,0,0
-0.0666,0.00639045,0.00640268
-0.0662,0,0
-0.0658,0,0
-0.0654,0,0
-0.065,0,0
-0.0646,0,0
-0.0642,0.000779306,0.00217366
-0.0638,0,0
-0.0634,0,0
-0.063,0,0
-0.0626,0,0
-0.0622,0,0
-0.0618,0.00195835,0.0035792
-0.0614,0,0
-0.061,0.0057743,0.00578427
-0.0606,3.85445e-05,0.00049334
-0.0602,0,0
-0.0598,0,0
-0.0594,0,0
-0.059,0.00652484,0.00653756
-0.0586,0,0
-0.0582,0,0
-0.0578,0,0
-0.0574,0,0
-0.057,0,0
-0.0566,0,0
-0.0562,0,0
-0.0558,0,0
-0.0554,0.000578528,0.00194143
-0.055,0,0
-0.0546,0,0
-0.0542,0,0
-0.0538,0.00660736,0.00662038
-0.0534,0,0
-0.053,0.00642087,0.00643316
-0.0526,0,0
-0.0522,0.00646284,0.0064753
-0.0518,0,0
-0.0514,0,0
-0.051,0.0132414,0.00938162
-0.0506,0,0
-0.0502,0,0
-0.0498,0,0
-0.0494,0,0
-0.049,0,0
-0.0486,0,0
-0.0482,0,0
-0.0478,0,0
-0.0474,0,0
-0.047,0,0
-0.0466,0,0
-0.0462,0,0
-0.0458,0,0
-0.0454,0,0
-0.045,0.00611315,0.00612428
-0.0446,0.00590575,0.00591613
-0.0442,0,0
-0.0438,0,0
-0.0434,0,0
-0.043,0,0
-0.0426,0.0124518,0.00882109
-0.0422,0,0
-0.0418,0.00616319,0.00617449
-0.0414,0,0
-0.041,0.0113354,0.00803069
-0.0406,0,0
-0.0402,0,0
-0.0398,0,0
-0.0394,0,0
-0.039,0,0
-0.0386,0.0056807,0.00569029
-0.0382,0.00158707,0.00317056
-0.0378,0.00446299,0.00496788
-0.0374,0,0
-0.037,0,0
-0.0366,0.00636514,0.00637718
-0.0362,0.00636565,0.00637769
-0.0358,0,0
-0.0354,0.0145673,0.00946836
-0.035,0.00638305,0.00639515
-0.0346,0,0
-0.0342,0,0
-0.0338,0,0
-0.0334,0,0
-0.033,0.0064903,0.00650281
-0.0326,0,0
-0.0322,0,0
-0.0318,0,0
-0.0314,0.00611423,0.00612533
-0.031,0.00604305,0.00605389
-0.0306,0.012478,0.00901879
-0.0302,0,0
-0.0298,0,0
-0.0294,0.000607759,0.00193148
-0.029,0,0
-0.0286,0,0
-0.0282,0,0
-0.0278,0.00665468,0.00666782
-0.0274,0,0
-0.027,0.00624976,0.00626135
-0.0266,0,0
-0.0262,0,0
-0.0258,0,0
-0.0254,0.00500126,0.005567
-0.025,0,0
-0.0246,0,0
-0.0242,0,0
-0.0238,0.00597514,0.00598573
-0.0234,0.0119269,0.00844854
-0.023,0.00619063,0.00620199
-0.0226,0,0
-0.0222,0,0
-0.0218,0.00470494,0.00543646
-0.0214,0,0
-0.021,0.0063124,0.00632421
-0.0206,0,0
-0.0202,0.00249087,0.00384978
-0.0198,0,0
-0.0194,0,0
-0.019,0.00618517,0.00619651
-0.0186,0.00633613,0.00634803
-0.0182,0,0
-0.0178,0.00630365,0.00631543
-0.0174,0,0
-0.017,0.00618027,0.00619159
-0.0166,0,0
-0.0162,0,0
-0.0158,0.00592083,0.00593122
-0.0154,0,0
-0.015,0.00627453,0.0062862
-0.0146,0,0
-0.0142,0.00874506,0.00728418
-0.0138,0,0
-0.0134,0,0
-0.013,0.00622314,0.00623462
-0.0126,0.0179432,0.0106784
-0.0122,0.0063884,0.0064005
-0.0118,0,0
-0.0114,0.0130931,0.00927633
-0.011,0.00441842,0.00513939
-0.0106,0.00627563,0.00628731
-0.0102,0,0
-0.0098,0.014478,0.00961762
-0.0094,0,0
-0.009,0.00613904,0.00615022
-0.0086,0,0
-0.0082,0.0189838,0.0109809
-0.0078,0.00238049,0.00390102
-0.0074,0.00655711,0.00656986
-0.007,0.0129362,0.00916573
-0.0066,0.00780404,0.00706905
-0.0062,0.021768,0.0115066
-0.0058,0.00672514,0.00673855
-0.0054,0.0241359,0.0125552
-0.005,0.0120403,0.0089076
-0.0046,0.0174154,0.0103833
-0.0042,0.0215157,0.0113579
-0.0038,0.0520328,0.0170192
-0.0034,0.0422378,0.0161768
-0.003,0.0683512,0.020887
-0.0026,0.0935172,0.0242739
-0.0022,0.100639,0.0254063
-0.0018,0.292097,0.0414231
-0.0014,0.421463,0.0499403
-0.001,0.600535,0.0617559
-0.0006,0.948539,0.0773669
-0.0002,0.988533,0.0802762
0.0002,0.867904,0.0729899
0.0006,0.868113,0.0739444
0.001,0.580548,0.0586508
0.0014,0.263732,0.0390969
0.0018,0.221102,0.0364733
0.0022,0.124096,0.0282978
0.0026,0.048543,0.01782
0.003,0.0369787,0.0151243
0.0034,0.0333441,0.014578
0.0038,0.0189995,0.010994
0.0042,0.0148722,0.00988491
0.0046,0.00484348,0.00549242
0.005,0.0117969,0.0083563
0.0054,0.00601042,0.00602115
0.0058,0.00608391,0.0060949
0.0062,0.00577283,0.00578273
0.0066,0.012598,0.0089248
0.007,0.0125716,0.00890607
0.0074,0.0202105,0.011692
0.0078,0,0
0.0082,0.0127442,0.00902858
0.0086,0.0197508,0.0114281
0.009,0,0
0.0094,0.0179467,0.0105313
0.0098,0.0122273,0.00866299
0.0102,0.00621543,0.0062269
0.0106,0,0
0.011,0.0118793,0.00841612
0.0114,0,0
0.0118,0.0128047,0.00907153
0.0122,0.0059372,0.00594768
0.0126,0,0
0.013,0.0117947,0.00835479
0.0134,0.00615851,0.00616979
0.0138,0,0
0.0142,0,0
0.0146,0.00599513,0.00600582
0.015,0.00344686,0.00457429
0.0154,0,0
0.0158,0.0122521,0.00867932
0.0162,0,0
0.0166,0,0
0.017,0.00658411,0.006597
0.0174,0.00559216,0.00560146
0.0178,0.00614894,0.00616019
0.0182,0.0117715,0.00835703
0.0186,0.00549215,0.00550112
0.019,0.00636514,0.00637719
0.0194,0,0
0.0198,0,0
0.0202,0,0
0.0206,0,0
0.021,0,0
0.0214,0.00610123,0.0061123
0.0218,0.00610072,0.00611179
0.0222,0,0
0.0226,0.00384461,0.00501338
0.023,0,0
0.0234,0.00647259,0.00648505
0.0238,0.00379243,0.00486361
0.0242,0,0
0.0246,0.00605649,0.0060674
0.025,0,0
0.0254,0,0
0.0258,0.00385384,0.00490557
0.0262,0,0
0.0266,0,0
0.027,0,0
0.0274,0,0
0.0278,0,0
0.0282,0,0
0.0286,0,0
0.029,0,0
0.0294,0,0
0.0298,0.0127587,0.00903894
0.0302,0.00551869,0.00552776
0.0306,0,0
0.031,0,0
0.0314,0,0
0.0318,0,0
0.0322,0,0
0.0326,0.00591894,0.00592938
0.033,0.00579961,0.00580963
0.0334,0,0
0.0338,0.00409231,0.00486199
0.0342,0,0
0.0346,0.00670048,0.00671385
0.035,0,0
0.0354,0.00632831,0.00634024
0.0358,0,0
0.0362,0,0
0.0366,0.00496613,0.00557244
0.037,0.0042379,0.00525225
0.0374,0,0
0.0378,0,0
0.0382,0,0
0.0386,0.00640875,0.00642099
0.039,0,0
0.0394,0,0
0.0398,0,0
0.0402,0.0117665,0.00833481
0.0406,0,0
0.041,0,0
0.0414,0,0
0.0418,0,0
0.0422,0,0
0.0426,0,0
0.043,0,0
0.0434,0,0
0.0438,0.0116723,0.00826806
0.0442,0,0
0.0446,0,0
0.045,0,0
0.0454,0,0
0.0458,0,0
0.0462,0.00562933,0.00563878
0.0466,0,0
0.047,0.00581978,0.00582988
0.0474,0.00595037,0.00596093
0.0478,0,0
0.0482,0,0
0.0486,0,0
0.049,0,0
0.0494,0,0
0.0498,0,0
0.0502,0,0
0.0506,0.00567662,0.00568623
0.051,0,0
0.0514,0,0
0.0518,0,0
0.0522,0,0
0.0526,0.00617336,0.00618472
0.053,0,0
0.0534,0,0
0.0538,0,0
0.0542,0,0
0.0546,0,0
0.055,0.00588308,0.0058934
0.0554,0,0
0.0558,0,0
0.0562,0.00623274,0.00624432
0.0566,0,0
0.057,0.00601814,0.00602895
0.0574,0.00590928,0.00591969
0.0578,0,0
0.0582,0,0
0.0586,0,0
0.059,0,0
0.0594,0,0
0.0598,0,0
0.0602,0,0
0.0606,0,0
0.061,0,0
0.0614,0,0
0.0618,0,0
0.0622,0,0
0.0626,0,0
0.063,0.00428537,0.00513377
0.0634,0,0
0.0638,0,0
0.0642,0.00488664,0.00551398
0.0646,0,0
0.065,0,0
0.0654,0,0
0.0658,0,0
0.0662,0,0
0.0666,0,0
0.067,0.000630415,0.00199178
0.0674,0,0
0.0678,0,0
0.0682,0,0
0.0686,0,0
0.069,0,0
0.0694,0,0
0.0698,0,0
0.0702,0,0
0.0706,0,0
0.071,0.0059395,0.00595003
0.0714,0,0
0.0718,0,0
0.0722,0,0
0.0726,0,0
0.073,0,0
0.0734,0.00574785,0.00575772
0.0738,0,0
0.0742,0.0058335,0.00584366
0.0746,0,0
0.075,0,0
0.0754,0.00605275,0.00606369
0.0758,0.00667831,0.00669162
0.0762,0.00627854,0.00629031
0.0766,0,0
0.077,0.0058829,0.00589323
0.0774,0,0
0.0778,0,0
0.0782,0,0
0.0786,0,0
0.079,0,0
0.0794,0,0
0.0798,0,0
0.0802,0,0
0.0806,0,0
0.081,0,0
0.0814,0,0
0.0818,0,0
0.0822,0,0
0.0826,0,0
0.083,0,0
0.0834,0,0
0.0838,0,0
0.0842,0,0
0.0846,0,0
0.085,0,0
0.0854,0.00612673,0.00613793
0.0858,0,0
0.0862,0,0
0.0866,0,0
0.087,0,0
0.0874,0,0
0.0878,0,0
0.0882,0,0
0.0886,0,0
0.089,0,0
0.0894,0,0
0.0898,0,0
0.0902,0,0
0.0906,0,0
0.091,0.0060992,0.0061103
0.0914,0.00597067,0.0059813
0.0918,0,0
0.0922,0,0
0.0926,0,0
0.093,0,0
0.0934,0,0
0.0938,0.0131738,0.0093364
0.0942,0,0
0.0946,0,0
0.095,0,0
0.0954,0,0
0.0958,0,0
0.0962,0,0
0.0966,0,0
0.097,0,0
0.0974,0,0
0.0978,0.00642187,0.00643417
0.0982,0,0
0.0986,0,0
0.099,0.00669801,0.00671139
0.0994,0.0125795,0.00916238
0.0998,0.00675262,0.00676622
0.1002,0.00657013,0.006583
0.1006,0,0
0.101,0,0
0.1014,0,0
0.1018,0,0
0.1022,0,0
0.1026,0,0
0.103,0,0
0.1034,0,0
0.1038,0,0
0.1042,0,0
0.1046,0,0
0.105,0,0
0.1054,0.00824251,0.00826275
0.1058,0,0
0.1062,0.00695677,0.00718789
0.1066,0,0
0.107,0.00810743,0.00812701
0.1074,0,0
0.1078,0,0
0.1082,0,0
0.1086,0,0
0.109,0,0
0.1094,0,0
0.1098,0,0
0.1102,0,0
0.1106,0,0
0.111,0,0
0.1114,0,0
0.1118,0.00855708,0.00857888
0.1122,0,0
0.1126,0,0
0.113,0,0
0.1134,0,0
0.1138,0,0
0.1142,0,0
0.1146,0,0
0.115,0,0
0.1154,0,0
0.1158,0,0
0.1162,0,0
0.1166,0,0
0.117,0,0
0.1174,0,0
0.1178,0.011146,0.0111829
0.1182,0,0
0.1186,0,0
0.119,0,0
0.1194,0,0
0.1198,0,0
5
-0.1198,0,0
-0.1194,0,0
-0.119,0,0
-0.1186,0,0
-0.1182,0.00604483,0.00605593
-0.1178,0,0
-0.1174,0,0
-0.117,0,0
-0.1166,0,0
-0.1162,0,0
-0.1158,0,0
-0.1154,0,0
-0.115,0,0
-0.1146,0,0
-0.1142,0,0
-0.1138,0,0
-0.1134,0,0
-0.113,0,0
-0.1126,0,0
-0.1122,0,0
-0.1118,0,0
-0.1114,0,0
-0.111,0,0
-0.1106,0,0
-0.1102,0,0
-0.1098,0,0
-0.1094,0,0
-0.109,0.00621561,0.00622728
-0.1086,0.00249656,0.00400816
-0.1082,0,0
-0.1078,0,0
-0.1074,0,0
-0.107,0,0
-0.1066,0.00586233,0.00587269
-0.1062,0.00587318,0.00588358
-0.1058,0,0
-0.1054,0,0
-0.105,0,0
-0.1046,0,0
-0.1042,0,0
-0.1038,0,0
-0.1034,0,0
-0.103,0,0
-0.1026,0,0
-0.1022,0,0
-0.1018,0,0
-0.1014,0,0
-0.101,0,0
-0.1006,0,0
-0.1002,0,0
-0.0998,0,0
-0.0994,0,0
-0.099,0,0
-0.0986,0,0
-0.0982,0,0
-0.0978,0,0
-0.0974,0,0
-0.097,0.00659214,0.00660515
-0.0966,0,0
-0.0962,0.00658843,0.00660141
-0.0958,0,0
-0.0954,0,0
-0.095,0,0
-0.0946,0,0
-0.0942,0,0
-0.0938,0,0
-0.0934,0.0200701,0.0116107
-0.093,0,0
-0.0926,0,0
-0.0922,0,0
-0.0918,0,0
-0.0914,0,0
-0.091,0,0
-0.0906,0,0
-0.0902,0,0
-0.0898,0,0
-0.0894,0,0
-0.089,0,0
-0.0886,0,0
-0.0882,0,0
-0.0878,0,0
-0.0874,0,0
-0.087,0,0
-0.0866,0,0
-0.0862,0,0
-0.0858,0,0
-0.0854,0.00466027,0.00563401
-0.085,0,0
-0.0846,0,0
-0.0842,0,0
-0.0838,0,0
-0.0834,0,0
-0.083,0,0
-0.0826,0,0
-0.0822,0,0
-0.0818,0,0
-0.0814,0,0
-0.081,0,0
-0.0806,0,0
-0.0802,0,0
-0.0798,0,0
-0.0794,0,0
-0.079,0.00648073,0.00649317
-0.0786,0,0
-0.0782,0.00655436,0.00656707
-0.0778,0.00583036,0.00584042
-0.0774,0,0
-0.077,0,0
-0.0766,0,0
-0.0762,0,0
-0.0758,0,0
-0.0754,0,0
-0.075,0,0
-0.0746,0,0
-0.0742,0,0
-0.0738,0,0
-0.0734,0.00586082,0.00587096
-0.073,0,0
-0.0726,0,0
-0.0722,0.00588497,0.00589519
-0.0718,0,0
-0.0714,0.00275599,0.00419177
-0.071,0,0
-0.0706,0,0
-0.0702,0,0
-0.0698,0,0
-0.0694,0.00621395,0.00622533
-0.069,0,0
-0.0686,0,0
-0.0682,0,0
-0.0678,0,0
-0.0674,0.00619428,0.00620557
-0.067,0,0
-0.0666,0,0
-0.0662,0,0
-0.0658,0,0
-0.0654,0,0
-0.065,0,0
-0.0646,0.00619339,0.00620467
-0.0642,0,0
-0.0638,0,0
-0.0634,0.0060258,0.00603647
-0.063,0,0
-0.0626,0,0
-0.0622,0.00602098,0.00603163
-0.0618,0.00464228,0.00556152
-0.0614,0,0
-0.061,0,0
-0.0606,0.012778,0.00906632
-0.0602,0,0
-0.0598,0,0
-0.0594,0,0
-0.059,0,0
-0.0586,0.00663837,0.00665129
-0.0582,0,0
-0.0578,0,0
-0.0574,0,0
-0.057,0,0
-0.0566,0,0
-0.0562,0,0
-0.0558,0.0013374,0.0029574
-0.0554,0.00602659,0.00632684
-0.055,0,0
-0.0546,0.00629054,0.00630212
-0.0542,0,0
-0.0538,0,0
-0.0534,0,0
-0.053,0,0
-0.0526,0,0
-0.0522,0,0
-0.0518,0,0
-0.0514,0,0
-0.051,0,0
-0.0506,0,0
-0.0502,0,0
-0.0498,0.00649016,0.00650246
-0.0494,0,0
-0.049,0.00700223,0.00701654
-0.0486,0.00643031,0.00644238
-0.0482,0,0
-0.0478,0.0123543,0.00875156
-0.0474,0,0
-0.047,0,0
-0.0466,0,0
-0.0462,0.00633429,0.006346
-0.0458,0,0
-0.0454,0.0129314,0.00916112
-0.045,0,0
-0.0446,0.0118643,0.00840501
-0.0442,0,0
-0.0438,0.00686661,0.00688035
-0.0434,0,0
-0.043,0.00635044,0.00636219
-0.0426,0.00635832,0.0063701
-0.0422,0,0
-0.0418,0,0
-0.0414,0.00593349,0.00594375
-0.041,0,0
-0.0406,0.00613945,0.00615042
-0.0402,0,0
-0.0398,0.005636,0.00564525
-0.0394,0,0
-0.039,0,0
-0.0386,0,0
-0.0382,0,0
-0.0378,0,0
-0.0374,0,0
-0.037,0.0060246,0.00603516
-0.0366,0,0
-0.0362,0,0
-0.0358,0,0
-0.0354,0.00138968,0.00295641
-0.035,0.00652386,0.00653623
-0.0346,0.00661482,0.00662754
-0.0342,0,0
-0.0338,0,0
-0.0334,0,0
-0.033,0,0
-0.0326,0.00627147,0.00628289
-0.0322,0.00627218,0.00628361
-0.0318,0.00595505,0.00596535
-0.0314,0,0
-0.031,0.00617906,0.00619014
-0.0306,0,0
-0.0302,0.00635913,0.00637087
-0.0298,0,0
-0.0294,0.0118883,0.00863892
-0.029,0,0
-0.0286,0,0
-0.0282,0,0
-0.0278,0.0127642,0.00906256
-0.0274,0,0
-0.027,0,0
-0.0266,0,0
-0.0262,0,0
-0.0258,0,0
-0.0254,0,0
-0.025,0,0
-0.0246,0,0
-0.0242,0.00623355,0.00624481
-0.0238,0.018345,0.0106103
-0.0234,0,0
-0.023,0.00633618,0.00634781
-0.0226,0,0
-0.0222,0.00637773,0.00638951
-0.0218,0,0
-0.0214,0.0137977,0.00936545
-0.021,0.0126819,0.00898395
-0.0206,0,0
-0.0202,0.0121422,0.00860092
-0.0198,0,0
-0.0194,0,0
-0.019,0,0
-0.0186,0,0
-0.0182,0,0
-0.0178,0.00645659,0.00646866
-0.0174,0,0
-0.017,0,0
-0.0166,0.00614408,0.006155
-0.0162,0,0
-0.0158,0,0
-0.0154,0,0
-0.015,0,0
-0.0146,0.0128601,0.00911042
-0.0142,0.00604136,0.00605192
-0.0138,0,0
-0.0134,0.00610046,0.00611122
-0.013,0.00610093,0.00611169
-0.0126,0.0130993,0.00928015
-0.0122,0,0
-0.0118,0.00664484,0.0066576
-0.0114,0,0
-0.011,0,0
-0.0106,0,0
-0.0102,0.0190123,0.0109997
-0.0098,0,0
-0.0094,0.0133249,0.00944029
-0.009,0.00666312,0.00667594
-0.0086,0.00627132,0.00628268
-0.0082,0.00649505,0.00650724
-0.0078,0.00636071,0.0063724
-0.0074,0.0132708,0.00940286
-0.007,0.0131016,0.00928179
-0.0066,0.00647255,0.00648465
-0.0062,0.00263522,0.00413783
-0.0058,0.0202104,0.0116989
-0.0054,0.0339231,0.0152046
-0.005,0,0
-0.0046,0.0316942,0.0142002
-0.0042,0.0125429,0.00866499
-0.0038,0.0292478,0.0131052
-0.0034,0.0698024,0.0211038
-0.003,0.0787195,0.0227683
-0.0026,0.103061,0.0258156
-0.0022,0.178133,0.0342567
-0.0018,0.397076,0.0490938
-0.0014,0.591883,0.0602261
-0.001,0.702068,0.0676593
-0.0006,1.01895,0.0813902
-0.0002,1.03338,0.0831695
0.0002,0.667461,0.0649225
0.0006,0.818433,0.0725778
0.001,0.496084,0.0548696
0.0014,0.377255,0.0474196
0.0018,0.19588,0.0346928
0.0022,0.10884,0.0267162
0.0026,0.0941901,0.0252265
0.003,0.0565516,0.0190862
0.0034,0.0169151,0.0106009
0.0038,0.019188,0.0110987
0.0042,0.0202955,0.0117406
0.0046,0,0
0.005,0.0121439,0.00860212
0.0054,0.00626331,0.00627462
0.0058,0.0184692,0.0106854
0.0062,0,0
0.0066,0.0193198,0.0111756
0.007,0,0
0.0074,0,0
0.0078,0.00683093,0.00684439
0.0082,0.00656085,0.00657327
0.0086,0.0134566,0.00953616
0.009,0.0133781,0.00947804
0.0094,0.0130292,0.00923369
0.0098,0.00619007,0.00620112
0.0102,0.0261165,0.0130906
0.0106,0.00622626,0.00623745
0.011,0.00600739,0.0060178
0.0114,0.0129636,0.00918384
0.0118,0.00659356,0.00660611
0.0122,0.00644569,0.00645768
0.0126,0,0
0.013,0.00547504,0.00583624
0.0134,0,0
0.0138,0,0
0.0142,0,0
0.0146,0.0185196,0.0107114
0.015,0,0
0.0154,0,0
0.0158,0,0
0.0162,0.00653796,0.00655029
0.0166,0,0
0.017,0,0
0.0174,0.00576294,0.00577253
0.0178,0.00633715,0.00634874
0.0182,0,0
0.0186,0,0
0.019,0,0
0.0194,0,0
0.0198,0.00640097,0.00641279
0.0202,0,0
0.0206,0.0123624,0.00875719
0.021,0,0
0.0214,0,0
0.0218,0,0
0.0222,0.00641904,0.00643093
0.0226,0,0
0.023,0,0
0.0234,0,0
0.0238,0.0128185,0.00908085
0.0242,0,0
0.0246,0.0124946,0.00885095
0.025,0,0
0.0254,0,0
0.0258,0.00639398,0.00640577
0.0262,0,0
0.0266,0.00623531,0.00624652
0.027,0,0
0.0274,0,0
0.0278,0.00659815,0.00661071
0.0282,0,0
0.0286,0,0
0.029,0,0
0.0294,0,0
0.0298,0,0
0.0302,0,0
0.0306,0,0
0.031,0,0
0.0314,0,0
0.0318,0,0
0.0322,0.0064316,0.00644353
0.0326,0,0
0.033,0,0
0.0334,0.0120028,0.00850194
0.0338,0,0
0.0342,0,0
0.0346,0,0
0.035,0,0
0.0354,0.00653851,0.00655083
0.0358,0,0
0.0362,0,0
0.0366,0,0
0.037,0.00232176,0.00395222
0.0374,0.0065197,0.00653195
0.0378,0.0128698,0.00911721
0.0382,0,0
0.0386,0,0
0.039,0,0
0.0394,0,0
0.0398,0,0
0.0402,0,0
0.0406,0.00624188,0.0062531
0.041,0,0
0.0414,0,0
0.0418,0,0
0.0422,0,0
0.0426,0.00584133,0.00585116
0.043,0,0
0.0434,0.00659493,0.00660745
0.0438,0,0
0.0442,0.006322,0.00633351
0.0446,0,0
0.045,0,0
0.0454,0,0
0.0458,0,0
0.0462,0,0
0.0466,0.00582941,0.00583919
0.047,0,0
0.0474,0,0
0.0478,0,0
0.0482,0,0
0.0486,0.0127662,0.00904366
0.049,0,0
0.0494,0,0
0.0498,0,0
0.0502,0,0
0.0506,0,0
0.051,0,0
0.0514,0,0
0.0518,0,0
0.0522,0,0
0.0526,0.00682865,0.00684206
0.053,0,0
0.0534,0,0
0.0538,0,0
0.0542,0,0
0.0546,0,0
0.055,0,0
0.0554,0.00653296,0.00654523
0.0558,0,0
0.0562,0,0
0.0566,0.00624811,0.00625933
0.057,0,0
0.0574,0,0
0.0578,0,0
0.0582,0,0
0.0586,0,0
0.059,0.00645504,0.00646701
0.0594,0,0
0.0598,0,0
0.0602,0,0
0.0606,0,0
0.061,0,0
0.0614,0,0
0.0618,0,0
0.0622,0,0
0.0626,0,0
0.063,0.00191613,0.00350091
0.0634,0,0
0.0638,0.00598514,0.00599542
0.0642,0,0
0.0646,0,0
0.065,0,0
0.0654,0,0
0.0658,0,0
0.0662,0.00634143,0.00635296
0.0666,0,0
0.067,0,0
0.0674,0,0
0.0678,0,0
0.0682,0,0
0.0686,0.00635585,0.00636742
0.069,0,0
0.0694,0.00647396,0.00648597
0.0698,0.00647172,0.00648372
0.0702,0,0
0.0706,0,0
0.071,0.00619211,0.00620309
0.0714,0,0
0.0718,0.0139882,0.009911
0.0722,0,0
0.0726,0,0
0.073,0,0
0.0734,0.00599687,0.00600716
0.0738,0,0
0.0742,0,0
0.0746,0,0
0.075,0,0
0.0754,0,0
0.0758,0,0
0.0762,0,0
0.0766,0,0
0.077,0,0
0.0774,0,0
0.0778,0,0
0.0782,0,0
0.0786,0,0
0.079,0,0
0.0794,0,0
0.0798,0,0
0.0802,0,0
0.0806,0,0
0.081,0.00630843,0.00631979
0.0814,0,0
0.0818,0.00639589,0.00640756
0.0822,0.0128067,0.00907223
0.0826,0,0
0.083,0.00617023,0.00618109
0.0834,0,0
0.0838,0,0
0.0842,0,0
0.0846,0,0
0.085,0.0061209,0.00613158
0.0854,0,0
0.0858,0.0129481,0.00917292
0.0862,0,0
0.0866,0.00612122,0.0061319
0.087,0,0
0.0874,0,0
0.0878,0,0
0.0882,0,0
0.0886,0,0
0.089,0,0
0.0894,0,0
0.0898,0,0
0.0902,0,0
0.0906,0,0
0.091,0.00640257,0.00641422
0.0914,0,0
0.0918,0,0
0.0922,0,0
0.0926,0,0
0.093,0,0
0.0934,0,0
0.0938,0.00268023,0.00426268
0.0942,0,0
0.0946,0.0065656,0.00657784
0.095,0,0
0.0954,0,0
0.0958,0,0
0.0962,0,0
0.0966,0,0
0.097,0,0
0.0974,0,0
0.0978,0.00675841,0.00677136
0.0982,0,0
0.0986,0.00621443,0.00622537
0.099,0,0
0.0994,0,0
0.0998,0,0
0.1002,0,0
0.1006,0.00741664,0.00743221
0.101,0,0
0.1014,0,0
0.1018,0,0
0.1022,0,0
0.1026,0,0
0.103,0,0
0.1034,0,0
0.1038,0,0
0.1042,0,0
0.1046,0,0
0.105,0,0
0.1054,0,0
0.1058,0,0
0.1062,0,0
0.1066,0,0
0.107,0,0
0.1074,0,0
0.1078,0,0
0.1082,0,0
0.1086,0,0
0.109,0,0
0.1094,0.00915115,0.00917475
0.1098,0,0
0.1102,0.00430192,0.00611063
0.1106,0,0
0.111,0,0
0.1114,0,0
0.1118,0,0
0.1122,0,0
0.1126,0,0
0.113,0,0
0.1134,0,0
0.1138,0,0
0.1142,0,0
0.1146,0,0
0.115,0,0
0.1154,0.000696767,0.00271291
0.1158,0,0
0.1162,0,0
0.1166,0,0
0.117,0,0
0.1174,0,0
0.1178,0.0118067,0.0118458
0.1182,0,0
0.1186,0,0
0.119,0.0109719,0.0110056
0.1194,0,0
0.1198,0,0
6
-0.1198,0,0
-0.1194,0,0
-0.119,0,0
-0.1186,0,0
-0.1182,0,0
-0.1178,0,0
-0.1174,0,0
-0.117,0,0
-0.1166,0,0
-0.1162,0,0
-0.1158,0,0
-0.1154,0,0
-0.115,0,0
-0.1146,0,0
-0.1142,0,0
-0.1138,0,0
-0.1134,0,0
-0.113,0,0
-0.1126,0,0
-0.1122,0,0
-0.1118,0,0
-0.1114,0,0
-0.111,0,0
-0.1106,0.00568306,0.00569401
-0.1102,0,0
-0.1098,0,0
-0.1094,0,0
-0.109,0,0
-0.1086,0,0
-0.1082,0,0
-0.1078,0,0
-0.1074,0,0
-0.107,0,0
-0.1066,0,0
-0.1062,0,0
-0.1058,0,0
-0.1054,0,0
-0.105,0,0
-0.1046,0,0
-0.1042,0.00539178,0.00540158
-0.1038,0,0
-0.1034,0,0
-0.103,0,0
-0.1026,0,0
-0.1022,0,0
-0.1018,0,0
-0.1014,0,0
-0.101,0,0
-0.1006,0,0
-0.1002,0,0
-0.0998,0,0
-0.0994,0,0
-0.099,0,0
-0.0986,0,0
-0.0982,0,0
-0.0978,0,0
-0.0974,0.000526491,0.00166359
-0.097,0,0
-0.0966,0,0
-0.0962,0,0
-0.0958,0,0
-0.0954,0,0
-0.095,0.000297698,0.00128619
-0.0946,0,0
-0.0942,0,0
-0.0938,0,0
-0.0934,0,0
-0.093,0,0
-0.0926,0,0
-0.0922,0,0
-0.0918,0.00583885,0.00585023
-0.0914,0,0
-0.091,0,0
-0.0906,0,0
-0.0902,0,0
-0.0898,0,0
-0.0894,0,0
-0.089,0,0
-0.0886,0,0
-0.0882,0,0
-0.0878,0,0
-0.0874,0,0
-0.087,0,0
-0.0866,0.00601308,0.00602515
-0.0862,0,0
-0.0858,0,0
-0.0854,0.00188623,0.0033781
-0.085,0,0
-0.0846,0,0
-0.0842,0,0
-0.0838,0,0
-0.0834,0,0
-0.083,0,0
-0.0826,0,0
-0.0822,0,0
-0.0818,0,0
-0.0814,0,0
-0.081,0.00549602,0.00550617
-0.0806,0,0
-0.0802,0,0
-0.0798,0.00568656,0.00569744
-0.0794,0,0
-0.079,0,0
-0.0786,0,0
-0.0782,0,0
-0.0778,0,0
-0.0774,0,0
-0.077,0,0
-0.0766,0,0
-0.0762,0.00573718,0.0057483
-0.0758,0,0
-0.0754,0,0
-0.075,0,0
-0.0746,0,0
-0.0742,0,0
-0.0738,0,0
-0.0734,0,0
-0.073,0,0
-0.0726,0,0
-0.0722,0,0
-0.0718,0,0
-0.0714,0.00312549,0.00416181
-0.071,0,0
-0.0706,0,0
-0.0702,0,0
-0.0698,0,0
-0.0694,0,0
-0.069,0,0
-0.0686,0,0
-0.0682,0,0
-0.0678,0,0
-0.0674,0,0
-0.067,0,0
-0.0666,0,0
-0.0662,0,0
-0.0658,0,0
-0.0654,0,0
-0.065,0.00533511,0.00534482
-0.0646,0,0
-0.0642,0,0
-0.0638,0,0
-0.0634,0.00518076,0.00518993
-0.063,0,0
-0.0626,0,0
-0.0622,0,0
-0.0618,0.00569426,0.00570535
-0.0614,0.0109032,0.00772411
-0.061,0,0
-0.0606,0,0
-0.0602,0,0
-0.0598,0.00534276,0.00535254
-0.0594,0,0
-0.059,0,0
-0.0586,0.00567228,0.00568332
-0.0582,0,0
-0.0578,0,0
-0.0574,0,0
-0.057,0,0
-0.0566,0,0
-0.0562,0.00593132,0.00594341
-0.0558,0.00440887,0.00495506
-0.0554,0.00581992,0.00583156
-0.055,0,0
-0.0546,0,0
-0.0542,0,0
-0.0538,0,0
-0.0534,0,0
-0.053,0.00555779,0.00556843
-0.0526,0.00573335,0.00574468
-0.0522,0,0
-0.0518,0,0
-0.0514,0.00572094,0.00573223
-0.051,0,0
-0.0506,0,0
-0.0502,0,0
-0.0498,0,0
-0.0494,0,0
-0.049,0,0
-0.0486,0,0
-0.0482,0,0
-0.0478,0,0
-0.0474,0,0
-0.047,0,0
-0.0466,0,0
-0.0462,0,0
-0.0458,0,0
-0.0454,0,0
-0.045,0,0
-0.0446,0,0
-0.0442,0,0
-0.0438,0,0
-0.0434,0,0
-0.043,0,0
-0.0426,0,0
-0.0422,0.00552463,0.00553522
-0.0418,0,0
-0.0414,0,0
-0.041,0.00970203,0.0068735
-0.0406,0,0
-0.0402,0,0
-0.0398,0.00497751,0.00498612
-0.0394,0,0
-0.039,0.00521734,0.00522681
-0.0386,0.00485241,0.0048606
-0.0382,0.00531566,0.00532549
-0.0378,0,0
-0.0374,0,0
-0.037,0,0
-0.0366,0,0
-0.0362,0,0
-0.0358,0,0
-0.0354,0,0
-0.035,0,0
-0.0346,0,0
-0.0342,0,0
-0.0338,0.00532344,0.00533333
-0.0334,0,0
-0.033,0,0
-0.0326,0.00509686,0.00510594
-0.0322,0,0
-0.0318,0,0
-0.0314,0,0
-0.031,0.00536261,0.00537266
-0.0306,0,0
-0.0302,0,0
-0.0298,0.00504665,0.00505555
-0.0294,0,0
-0.029,0,0
-0.0286,0.00544672,0.0054571
-0.0282,0,0
-0.0278,0.0105754,0.00750851
-0.0274,0,0
-0.027,0,0
-0.0266,0,0
-0.0262,0,0
-0.0258,0.00554558,0.00555636
-0.0254,0,0
-0.025,0.00501721,0.00502604
-0.0246,0,0
-0.0242,0,0
-0.0238,0.00505178,0.00506073
-0.0234,0,0
-0.023,0,0
-0.0226,0,0
-0.0222,0,0
-0.0218,0,0
-0.0214,0.00434145,0.00479883
-0.021,0,0
-0.0206,0,0
-0.0202,0,0
-0.0198,0.0103865,0.00735779
-0.0194,0.00526491,0.00527465
-0.019,0,0
-0.0186,0.0105254,0.00745633
-0.0182,0,0
-0.0178,0,0
-0.0174,0,0
-0.017,0,0
-0.0166,0,0
-0.0162,0,0
-0.0158,0.00498674,0.00499549
-0.0154,0,0
-0.015,0,0
-0.0146,0.00528235,0.00529217
-0.0142,0,0
-0.0138,0,0
-0.0134,0.0100251,0.00710135
-0.013,0,0
-0.0126,0,0
-0.0122,0,0
-0.0118,0,0
-0.0114,0,0
-0.011,0,0
-0.0106,0.00527646,0.00528627
-0.0102,0.0100594,0.00712572
-0.0098,0,0
-0.0094,0,0
-0.009,0.00545699,0.00546749
-0.0086,0.00513519,0.00514449
-0.0082,0.00531738,0.00532735
-0.0078,0,0
-0.0074,0.00550939,0.00552009
-0.007,0.0108684,0.00770061
-0.0066,0,0
-0.0062,0.00504928,0.00505828
-0.0058,0.0108769,0.00771172
-0.0054,0,0
-0.005,0,0
-0.0046,0.0103608,0.00733963
-0.0042,0,0
-0.0038,0.0282137,0.0115417
-0.0034,0.00482948,0.00483772
-0.003,0.0267677,0.0119938
-0.0026,0.0262251,0.0117501
-0.0022,0.05872,0.0177503
-0.0018,0.0992485,0.0222595
-0.0014,0.103937,0.0227335
-0.001,0.270767,0.0380083
-0.0006,0.327805,0.0417292
-0.0002,0.43595,0.04882
0.0002,0.364977,0.0433693
0.0006,0.322905,0.0414873
0.001,0.164345,0.0287728
0.0014,0.195482,0.0309645
0.0018,0.140646,0.0266315
0.0022,0.105555,0.0236658
0.0026,0.0714273,0.0198522
0.003,0.05841,0.0175012
0.0034,0.037584,0.0142341
0.0038,0.0156598,0.00905789
0.0042,0.0546191,0.0173082
0.0046,0.0210739,0.0105572
0.005,0.0101714,0.00720754
0.0054,0.015155,0.00876541
0.0058,0.0150811,0.0087252
0.0062,0,0
0.0066,0.0052967,0.00530661
0.007,0.00527514,0.00528497
0.0074,0,0
0.0078,0,0
0.0082,0.0107494,0.00761542
0.0086,0,0
0.009,0.0164071,0.00949097
0.0094,0,0
0.0098,0.00523545,0.00524511
0.0102,0.00565758,0.00566887
0.0106,0.0101904,0.00721869
0.011,0,0
0.0114,0,0
0.0118,0.00540023,0.0054105
0.0122,0.00528077,0.00529059
0.0126,0,0
0.013,0.0056758,0.00538042
0.0134,0.00999376,0.00718149
0.0138,0,0
0.0142,0,0
0.0146,0,0
0.015,0,0
0.0154,0,0
0.0158,0,0
0.0162,0.00537675,0.00538689
0.0166,0.00497193,0.0049806
0.017,0,0
0.0174,0.00461175,0.00468665
0.0178,0,0
0.0182,0.00523578,0.00529622
0.0186,0.00467203,0.00467967
0.019,0,0
0.0194,0,0
0.0198,0.00529355,0.00530333
0.0202,0.00500992,0.00501867
0.0206,0,0
0.021,0,0
0.0214,0,0
0.0218,0.00948337,0.00698332
0.0222,0.00532971,0.00533958
0.0226,0,0
0.023,0,0
0.0234,0,0
0.0238,0.00533578,0.00534564
0.0242,0.005202,0.00521137
0.0246,0,0
0.025,0,0
0.0254,0,0
0.0258,0,0
0.0262,0,0
0.0266,0.00521486,0.00522424
0.027,0.0053824,0.00539239
0.0274,0,0
0.0278,0,0
0.0282,0.00553298,0.00554351
0.0286,0.00496687,0.00497535
0.029,0,0
0.0294,0.00445943,0.00497651
0.0298,0,0
0.0302,0,0
0.0306,0,0
0.031,0.00570497,0.00571611
0.0314,0,0
0.0318,0.00447951,0.00499991
0.0322,0,0
0.0326,0,0
0.033,0,0
0.0334,0,0
0.0338,0,0
0.0342,0,0
0.0346,0,0
0.035,0,0
0.0354,0,0
0.0358,0,0
0.0362,0,0
0.0366,0,0
0.037,0,0
0.0374,0.00554676,0.00555718
0.0378,0.00425964,0.00483958
0.0382,0,0
0.0386,0,0
0.039,0,0
0.0394,0,0
0.0398,0,0
0.0402,0,0
0.0406,0,0
0.041,0,0
0.0414,0,0
0.0418,0,0
0.0422,0.00566466,0.00567544
0.0426,0,0
0.043,0,0
0.0434,0,0
0.0438,0,0
0.0442,0,0
0.0446,0,0
0.045,0,0
0.0454,0,0
0.0458,0,0
0.0462,0,0
0.0466,0,0
0.047,0.00520204,0.00521106
0.0474,0,0
0.0478,0,0
0.0482,0,0
0.0486,0,0
0.049,0,0
0.0494,0,0
0.0498,0,0
0.0502,0.00546922,0.00547914
0.0506,0,0
0.051,0,0
0.0514,0,0
0.0518,0,0
0.0522,0,0
0.0526,0,0
0.053,0,0
0.0534,0,0
0.0538,0,0
0.0542,0,0
0.0546,0,0
0.055,0,0
0.0554,0,0
0.0558,0,0
0.0562,0.00578711,0.00579811
0.0566,0,0
0.057,0,0
0.0574,0,0
0.0578,0,0
0.0582,0,0
0.0586,0,0
0.059,0,0
0.0594,0,0
0.0598,0,0
0.0602,0.0106435,0.00753917
0.0606,0,0
0.061,0,0
0.0614,0,0
0.0618,0,0
0.0622,0,0
0.0626,0,0
0.063,0,0
0.0634,0,0
0.0638,0,0
0.0642,0,0
0.0646,0,0
0.065,0,0
0.0654,0,0
0.0658,0,0
0.0662,0,0
0.0666,0,0
0.067,0,0
0.0674,0,0
0.0678,0.00559884,0.00560896
0.0682,0,0
0.0686,0,0
0.069,0,0
0.0694,0.00575656,0.00576723
0.0698,0,0
0.0702,0,0
0.0706,0,0
0.071,0,0
0.0714,0,0
0.0718,0,0
0.0722,0,0
0.0726,0,0
0.073,0,0
0.0734,0,0
0.0738,0,0
0.0742,0,0
0.0746,0,0
0.075,0.00571988,0.00573033
0.0754,0.00565931,0.00566953
0.0758,0.00624809,0.00626054
0.0762,0,0
0.0766,0,0
0.077,0,0
0.0774,0.00553563,0.00554538
0.0778,0,0
0.0782,0,0
0.0786,0,0
0.079,0,0
0.0794,0.00567664,0.00568687
0.0798,0,0
0.0802,0,0
0.0806,0,0
0.081,0,0
0.0814,0,0
0.0818,0.00576891,0.00577943
0.0822,0,0
0.0826,0,0
0.083,0,0
0.0834,0,0
0.0838,0.00552743,0.00553706
0.0842,0,0
0.0846,0.00573609,0.00574645
0.085,0,0
0.0854,0,0
0.0858,0,0
0.0862,0,0
0.0866,0.00128688,0.002804
0.087,0.00555273,0.00556241
0.0874,0,0
0.0878,0,0
0.0882,0,0
0.0886,0,0
0.089,0,0
0.0894,0,0
0.0898,0,0
0.0902,0,0
0.0906,0,0
0.091,0,0
0.0914,0,0
0.0918,0,0
0.0922,0.00615245,0.00616424
0.0926,0.00527914,0.00528782
0.093,0,0
0.0934,0.00579248,0.00580292
0.0938,0.00371907,0.00479798
0.0942,0,0
0.0946,0.00114879,0.00263018
0.095,0.00572758,0.00573777
0.0954,0.00076253,0.00209415
0.0958,0,0
0.0962,0,0
0.0966,0,0
0.097,0,0
0.0974,0,0
0.0978,0,0
0.0982,0,0
0.0986,0,0
0.099,0,0
0.0994,0,0
0.0998,0,0
0.1002,0,0
0.1006,0,0
0.101,0,0
0.1014,0,0
0.1018,0,0
0.1022,0.00701683,0.00703197
0.1026,0,0
0.103,0,0
0.1034,0,0
0.1038,0,0
0.1042,0,0
0.1046,0,0
0.105,0,0
0.1054,0,0
0.1058,0,0
0.1062,0.0070523,0.00706755
0.1066,0,0
0.107,0,0
0.1074,0,0
0.1078,0.00742503,0.00744192
0.1082,0,0
0.1086,0,0
0.109,0,0
0.1094,0,0
0.1098,0,0
0.1102,0.00398977,0.00564505
0.1106,0,0
0.111,0,0
0.1114,0,0
0.1118,0,0
0.1122,0.00821817,0.00823884
0.1126,0,0
0.113,0,0
0.1134,0,0
0.1138,0,0
0.1142,0,0
0.1146,0.00964539,0.0096739
0.115,0,0
0.1154,0.0188358,0.0135869
0.1158,0,0
0.1162,0,0
0.1166,0,0
0.117,0,0
0.1174,0,0
0.1178,0,0
0.1182,0.0096107,0.00963907
0.1186,0.00956832,0.00959645
0.119,0,0
0.1194,0.0100084,0.0100392
0.1198,0,0
7
-0.1198,0,0
-0.1194,0,0
-0.119,0,0
-0.1186,0,0
-0.1182,0,0
-0.1178,0.00543535,0.00544557
-0.1174,0,0
-0.117,0,0
-0.1166,0,0
-0.1162,0,0
-0.1158,0,0
-0.1154,0,0
-0.115,0,0
-0.1146,0,0
-0.1142,0.00508287,0.00509184
-0.1138,0.00525615,0.00526574
-0.1134,0,0
-0.113,0,0
-0.1126,0,0
-0.1122,0,0
-0.1118,0,0
-0.1114,0,0
-0.111,0,0
-0.1106,0.0110825,0.00785161
-0.1102,0,0
-0.1098,0,0
-0.1094,0,0
-0.109,0,0
-0.1086,0.0054854,0.00549589
-0.1082,0.00550338,0.00551393
-0.1078,0,0
-0.1074,0,0
-0.107,0,0
-0.1066,0,0
-0.1062,0,0
-0.1058,0,0
-0.1054,0,0
-0.105,0,0
-0.1046,0,0
-0.1042,0,0
-0.1038,0,0
-0.1034,0,0
-0.103,0,0
-0.1026,0,0
-0.1022,0,0
-0.1018,0,0
-0.1014,0,0
-0.101,0,0
-0.1006,0,0
-0.1002,0,0
-0.0998,0,0
-0.0994,0,0
-0.099,0,0
-0.0986,0,0
-0.0982,0.00541602,0.00542634
-0.0978,0,0
-0.0974,0.00948615,0.00689501
-0.097,0,0
-0.0966,0.0056027,0.00561376
-0.0962,0,0
-0.0958,0,0
-0.0954,0.00490674,0.00491523
-0.095,0.00497211,0.00512091
-0.0946,0,0
-0.0942,0,0
-0.0938,0,0
-0.0934,0,0
-0.093,0,0
-0.0926,0,0
-0.0922,0,0
-0.0918,0,0
-0.0914,0,0
-0.091,0,0
-0.0906,0,0
-0.0902,0.00509528,0.00510448
-0.0898,0,0
-0.0894,0,0
-0.089,0,0
-0.0886,0.0107243,0.00759845
-0.0882,0,0
-0.0878,0,0
-0.0874,0,0
-0.087,0,0
-0.0866,0.00566878,0.00568016
-0.0862,0,0
-0.0858,0,0
-0.0854,0,0
-0.085,0,0
-0.0846,0.00552483,0.00553563
-0.0842,0,0
-0.0838,0,0
-0.0834,0,0
-0.083,0,0
-0.0826,0,0
-0.0822,0,0
-0.0818,0,0
-0.0814,0.0156699,0.00906379
-0.081,0,0
-0.0806,0,0
-0.0802,0,0
-0.0798,0,0
-0.0794,0,0
-0.079,0,0
-0.0786,0,0
-0.0782,0,0
-0.0778,0,0
-0.0774,0,0
-0.077,0,0
-0.0766,0.00543522,0.00544565
-0.0762,0,0
-0.0758,0,0
-0.0754,0,0
-0.075,0,0
-0.0746,0,0
-0.0742,0,0
-0.0738,0,0
-0.0734,0,0
-0.073,0,0
-0.0726,0,0
-0.0722,0,0
-0.0718,0.00532479,0.00533475
-0.0714,0.0106625,0.00755363
-0.071,0,0
-0.0706,0.00442949,0.00471989
-0.0702,0,0
-0.0698,0,0
-0.0694,0,0
-0.069,0,0
-0.0686,0,0
-0.0682,0,0
-0.0678,0,0
-0.0674,0.00520828,0.00521778
-0.067,0,0
-0.0666,0.00547222,0.0054827
-0.0662,0,0
-0.0658,0,0
-0.0654,0,0
-0.065,0.0105171,0.00745068
-0.0646,0,0
-0.0642,0.00493566,0.00494416
-0.0638,0,0
-0.0634,0,0
-0.063,0.0050808,0.00508979
-0.0626,0.00441565,0.00489349
-0.0622,0,0
-0.0618,0.00559953,0.00561044
-0.0614,0.00536524,0.00537525
-0.061,0.00496541,0.00497399
-0.0606,0.0108227,0.00766719
-0.0602,0,0
-0.0598,0,0
-0.0594,0,0
-0.059,0,0
-0.0586,0,0
-0.0582,0,0
-0.0578,0,0
-0.0574,0,0
-0.057,0,0
-0.0566,0,0
-0.0562,0.00589873,0.00591075
-0.0558,0.00579438,0.00580598
-0.0554,0,0
-0.055,0.00516582,0.00517502
-0.0546,0,0
-0.0542,0,0
-0.0538,0,0
-0.0534,0,0
-0.053,0,0
-0.0526,0,0
-0.0522,0,0
-0.0518,0.0114134,0.0080863
-0.0514,0,0
-0.051,0,0
-0.0506,0,0
-0.0502,0.00532199,0.0053317
-0.0498,0,0
-0.0494,0.00566213,0.00567311
-0.049,0.0176146,0.0101934
-0.0486,0,0
-0.0482,0,0
-0.0478,0,0
-0.0474,0,0
-0.047,0,0
-0.0466,0.00541842,0.00542843
-0.0462,0,0
-0.0458,0.00557613,0.00558672
-0.0454,0.0055391,0.00554955
-0.045,0,0
-0.0446,0,0
-0.0442,0,0
-0.0438,0.0113531,0.00804334
-0.0434,0,0
-0.043,0.00545614,0.00546623
-0.0426,0.0108343,0.00767537
-0.0422,0.00566353,0.00567439
-0.0418,0,0
-0.0414,0,0
-0.041,0.00509227,0.00510104
-0.0406,0,0
-0.0402,0,0
-0.0398,0.00486262,0.0048706
-0.0394,0,0
-0.039,0,0
-0.0386,0.00549576,0.00550593
-0.0382,0,0
-0.0378,0.00487223,0.00488022
-0.0374,0,0
-0.037,0.0104362,0.00739244
-0.0366,0,0
-0.0362,0,0
-0.0358,0,0
-0.0354,0,0
-0.035,0,0
-0.0346,0,0
-0.0342,0,0
-0.0338,0,0
-0.0334,0.00530607,0.00531547
-0.033,0,0
-0.0326,0.0052464,0.00532856
-0.0322,0.00551025,0.00552035
-0.0318,0.00519778,0.00520677
-0.0314,0,0
-0.031,0.00564263,0.00565321
-0.0306,0.00580657,0.00581776
-0.0302,0,0
-0.0298,0,0
-0.0294,0,0
-0.029,0,0
-0.0286,0,0
-0.0282,0,0
-0.0278,0.00597993,0.00599173
-0.0274,0,0
-0.027,0.00562412,0.00563454
-0.0266,0.00568606,0.00569671
-0.0262,0,0
-0.0258,0.0059091,0.00592058
-0.0254,0.00591362,0.00592511
-0.025,0.0107126,0.00758832
-0.0246,0,0
-0.0242,0,0
-0.0238,0,0
-0.0234,0,0
-0.023,0.00561271,0.00562302
-0.0226,0,0
-0.0222,0,0
-0.0218,0.00614102,0.00615333
-0.0214,0.0022982,0.00360075
-0.021,0,0
-0.0206,0,0
-0.0202,0.00540543,0.00541493
-0.0198,0.000515546,0.00170463
-0.0194,0.00569904,0.00570959
-0.019,0,0
-0.0186,0,0
-0.0182,0,0
-0.0178,0.0115803,0.00820387
-0.0174,0,0
-0.017,0.00578924,0.00580006
-0.0166,0.00550819,0.00551799
-0.0162,0.0119257,0.00844899
-0.0158,0,0
-0.0154,0,0
-0.015,0,0
-0.0146,0,0
-0.0142,0.00586799,0.00587905
-0.0138,0.00047243,0.00169359
-0.0134,0.00550626,0.00551598
-0.013,0,0
-0.0126,0.0175899,0.0101754
-0.0122,0,0
-0.0118,0.00600772,0.00601926
-0.0114,0.00275642,0.0040893
-0.011,0.0115785,0.00821063
-0.0106,0.00583112,0.00584197
-0.0102,0,0
-0.0098,0.00887883,0.00706507
-0.0094,0.0124347,0.00864305
-0.009,0.00974571,0.00756908
-0.0086,0,0
-0.0082,0,0
-0.0078,0.0316331,0.0135892
-0.0074,0,0
-0.007,0.00613163,0.00614355
-0.0066,0.0117953,0.00835617
-0.0062,0.00562862,0.00563865
-0.0058,0.0126048,0.00893072
-0.0054,0.0123282,0.00873673
-0.005,0.012403,0.00878745
-0.0046,0.0177896,0.0102957
-0.0042,0.0325303,0.0133241
-0.0038,0.00590028,0.00550646
-0.0034,0.024231,0.0117527
-0.003,0.0429104,0.0160657
-0.0026,0.0808535,0.0219229
-0.0022,0.105138,0.0252721
-0.0018,0.171571,0.0310794
-0.0014,0.0968956,0.0233372
-0.001,0.259151,0.0395186
-0.0006,0.379762,0.0476095
-0.0002,0.463419,0.0533238
0.0002,0.619339,0.0599137
0.0006,0.618734,0.0607635
0.001,0.44092,0.0491565
0.0014,0.292939,0.0402006
0.0018,0.228328,0.036034
0.0022,0.173895,0.0326607
0.0026,0.126721,0.0282916
0.003,0.0770648,0.0214186
0.0034,0.0619461,0.0194361
0.0038,0.0118325,0.00838226
0.0042,0.0250453,0.0125472
0.0046,0.0177459,0.0102645
0.005,0.029611,0.0129968
0.0054,0.0400417,0.0151618
0.0058,0.0223443,0.0111946
0.0062,0.0224346,0.0112417
0.0066,0.0178084,0.0103012
0.007,0.0360593,0.0147488
0.0074,0,0
0.0078,0.012699,0.00899727
0.0082,0,0
0.0086,0.0125167,0.00887014
0.009,0,0
0.0094,0.0118031,0.00836132
0.0098,0,0
0.0102,0,0
0.0106,0.0128851,0.00912934
0.011,0.0114009,0.00807721
0.0114,0,0
0.0118,0.006148,0.0061597
0.0122,0,0
0.0126,0,0
0.013,0.00566711,0.00567705
0.0134,0.000332496,0.00140546
0.0138,0.00591275,0.00592356
0.0142,0.0057403,0.00575049
0.0146,0.0115255,0.00816431
0.015,0,0
0.0154,0.00608931,0.00610077
0.0158,0,0
0.0162,0,0
0.0166,0.00564064,0.00565048
0.017,0,0
0.0174,0.00648534,0.00640935
0.0178,0.00591295,0.00592376
0.0182,0.000114967,0.000834659
0.0186,0.00611886,0.00613044
0.019,0,0
0.0194,0,0
0.0198,0,0
0.0202,0,0
0.0206,0,0
0.021,0.00610165,0.00611318
0.0214,0.00585531,0.00586594
0.0218,0.0123516,0.00844294
0.0222,0,0
0.0226,0.00624538,0.00625748
0.023,0.00600933,0.00602054
0.0234,0,0
0.0238,0.00620237,0.00621432
0.0242,0.00580016,0.00581061
0.0246,0,0
0.025,0,0
0.0254,0.00595583,0.00596685
0.0258,0,0
0.0262,0,0
0.0266,0,0
0.027,0.00535005,0.00535896
0.0274,0,0
0.0278,0,0
0.0282,0.00604311,0.00605449
0.0286,0.0185286,0.010092
0.029,0,0
0.0294,0.00746556,0.00684609
0.0298,0,0
0.0302,0.0105296,0.0074578
0.0306,0,0
0.031,0.00625396,0.00626618
0.0314,0,0
0.0318,0.00118166,0.002686
0.0322,0,0
0.0326,0,0
0.033,0.00552038,0.00552992
0.0334,0,0
0.0338,0.0109516,0.00775722
0.0342,0,0
0.0346,0.00570034,0.00571052
0.035,0,0
0.0354,0.00601092,0.00602225
0.0358,0,0
0.0362,0,0
0.0366,0,0
0.037,0,0
0.0374,0.0059808,0.00599203
0.0378,0.00721293,0.00653588
0.0382,0.0061611,0.00617303
0.0386,0,0
0.039,0,0
0.0394,0,0
0.0398,0,0
0.0402,0,0
0.0406,0.00558213,0.00559195
0.041,0,0
0.0414,0,0
0.0418,0,0
0.0422,0,0
0.0426,0,0
0.043,0.00579685,0.00580747
0.0434,0,0
0.0438,0,0
0.0442,0,0
0.0446,0,0
0.045,0,0
0.0454,0.00564628,0.00565638
0.0458,0,0
0.0462,0,0
0.0466,0,0
0.047,0,0
0.0474,0,0
0.0478,0,0
0.0482,0.00643557,0.00644873
0.0486,0,0
0.049,0,0
0.0494,0,0
0.0498,0,0
0.0502,0.00531402,0.00532302
0.0506,0,0
0.051,0,0
0.0514,0,0
0.0518,0,0
0.0522,0,0
0.0526,0.00576353,0.00577414
0.053,0,0
0.0534,0,0
0.0538,0,0
0.0542,0,0
0.0546,0,0
0.055,0,0
0.0554,0.00585683,0.00586782
0.0558,0,0
0.0562,0.00579377,0.00580454
0.0566,0,0
0.057,0.0111774,0.00791784
0.0574,0,0
0.0578,0,0
0.0582,0,0
0.0586,0,0
0.059,0,0
0.0594,0,0
0.0598,0,0
0.0602,0.0053892,0.00539857
0.0606,0,0
0.061,0,0
0.0614,0,0
0.0618,0,0
0.0622,0,0
0.0626,0,0
0.063,0,0
0.0634,0,0
0.0638,0,0
0.0642,0,0
0.0646,0,0
0.065,0,0
0.0654,0,0
0.0658,0,0
0.0662,0.00536042,0.00536976
0.0666,0,0
0.067,0,0
0.0674,0,0
0.0678,0.00587352,0.00588476
0.0682,0,0
0.0686,0,0
0.069,0,0
0.0694,0,0
0.0698,0,0
0.0702,0,0
0.0706,0,0
0.071,0.00541666,0.00542626
0.0714,0,0
0.0718,0,0
0.0722,0,0
0.0726,0,0
0.073,0,0
0.0734,0.00522866,0.00523764
0.0738,0.00571567,0.00572639
0.0742,0,0
0.0746,0,0
0.075,0,0
0.0754,0.0060377,0.00604968
0.0758,0.00549398,0.0055039
0.0762,0,0
0.0766,0.0057718,0.00578276
0.077,0,0
0.0774,0,0
0.0778,0,0
0.0782,0,0
0.0786,0,0
0.079,0.00561428,0.00562467
0.0794,0.00546344,0.00547328
0.0798,0,0
0.0802,0.0108507,0.00768635
0.0806,0.0107679,0.00762915
0.081,0.00545276,0.00546258
0.0814,0.00560121,0.00561157
0.0818,0,0
0.0822,0,0
0.0826,0,0
0.083,0,0
0.0834,0,0
0.0838,0.00527178,0.00528097
0.0842,0,0
0.0846,0.00529904,0.00530833
0.085,0,0
0.0854,0,0
0.0858,0,0
0.0862,0.005617,0.00562744
0.0866,0.00455287,0.00513684
0.087,0,0
0.0874,0.00566807,0.00567871
0.0878,0,0
0.0882,0,0
0.0886,0,0
0.089,0,0
0.0894,0,0
0.0898,0,0
0.0902,0,0
0.0906,0,0
0.091,0,0
0.0914,0,0
0.0918,0,0
0.0922,0,0
0.0926,0,0
0.093,0,0
0.0934,0,0
0.0938,0,0
0.0942,0,0
0.0946,0.00453788,0.0050561
0.095,0.00540028,0.00540997
0.0954,0.0046419,0.00499428
0.0958,0,0
0.0962,0,0
0.0966,0.00556679,0.00557709
0.097,0,0
0.0974,0.00607812,0.0060904
0.0978,0,0
0.0982,0.00562262,0.00563313
0.0986,0,0
0.099,0,0
0.0994,0,0
0.0998,0,0
0.1002,0,0
0.1006,0,0
0.101,0,0
0.1014,0,0
0.1018,0,0
0.1022,0,0
0.1026,0.0062926,0.00630575
0.103,0,0
0.1034,0,0
0.1038,0.00651275,0.00652683
0.1042,0,0
0.1046,0,0
0.105,0.00691561,0.00693148
0.1054,0,0
0.1058,0,0
0.1062,0,0
0.1066,0,0
0.107,0.00727456,0.0072921
0.1074,0,0
0.1078,0,0
0.1082,0,0
0.1086,0.00673939,0.00675443
0.109,0.00764475,0.00766409
0.1094,0,0
0.1098,0,0
0.1102,0,0
0.1106,0.00713224,0.00714905
0.111,0,0
0.1114,0.00748625,0.00750476
0.1118,0,0
0.1122,0,0
0.1126,0,0
0.113,0,0
0.1134,0,0
0.1138,0,0
0.1142,0,0
0.1146,0,0
0.115,0.00900408,0.00903069
0.1154,0,0
0.1158,0.00899894,0.00902548
0.1162,0,0
0.1166,0,0
0.117,0,0
0.1174,0.00417591,0.00622824
0.1178,0,0
0.1182,0,0
0.1186,0.0147871,0.0115786
0.119,0.00943956,0.00946861
0.1194,0.00944638,0.00947544
0.1198,0.0102574,0.0102916
8
-0.1198,0,0
-0.1194,0,0
-0.119,0,0
-0.1186,0,0
-0.1182,0.00385082,0.00385789
-0.1178,0,0
-0.1174,0.00394816,0.00395558
-0.117,0,0
-0.1166,0,0
-0.1162,0.00180625,0.00278853
-0.1158,0,0
-0.1154,0,0
-0.115,0,0
-0.1146,0,0
-0.1142,0,0
-0.1138,0,0
-0.1134,0,0
-0.113,0,0
-0.1126,0,0
-0.1122,0,0
-0.1118,0,0
-0.1114,0,0
-0.111,0,0
-0.1106,0.00407824,0.0040861
-0.1102,0,0
-0.1098,0,0
-0.1094,0,0
-0.109,0,0
-0.1086,0.00410401,0.00411195
-0.1082,0,0
-0.1078,0,0
-0.1074,0,0
-0.107,0,0
-0.1066,0,0
-0.1062,0,0
-0.1058,0.00399667,0.00400416
-0.1054,0,0
-0.105,0,0
-0.1046,0,0
-0.1042,0,0
-0.1038,0,0
-0.1034,0,0
-0.103,0,0
-0.1026,0,0
-0.1022,0,0
-0.1018,0,0
-0.1014,0,0
-0.101,0,0
-0.1006,0,0
-0.1002,0,0
-0.0998,0,0
-0.0994,0,0
-0.099,0.00428697,0.00429551
-0.0986,0,0
-0.0982,0.00658136,0.00527407
-0.0978,0,0
-0.0974,0,0
-0.097,0,0
-0.0966,0,0
-0.0962,0,0
-0.0958,0,0
-0.0954,0,0
-0.095,0.000270061,0.00101775
-0.0946,0,0
-0.0942,0,0
-0.0938,0,0
-0.0934,0,0
-0.093,0.00456522,0.00457483
-0.0926,0.00411232,0.00412011
-0.0922,0,0
-0.0918,0,0
-0.0914,0,0
-0.091,0,0
-0.0906,0.00384191,0.00384869
-0.0902,0,0
-0.0898,0,0
-0.0894,0,0
-0.089,0,0
-0.0886,0,0
-0.0882,0.00408961,0.00409728
-0.0878,0,0
-0.0874,0,0
-0.087,0,0
-0.0866,0,0
-0.0862,0,0
-0.0858,0,0
-0.0854,0,0
-0.085,0.00432922,0.00433777
-0.0846,0,0
-0.0842,0,0
-0.0838,0,0
-0.0834,0.0042187,0.00422681
-0.083,0.00400743,0.00401474
-0.0826,0.00422857,0.00423671
-0.0822,0.00380459,0.00381118
-0.0818,0.0044516,0.00446061
-0.0814,0,0
-0.081,0,0
-0.0806,0,0
-0.0802,0.00416695,0.00417483
-0.0798,0,0
-0.0794,0,0
-0.079,0.00423193,0.00424004
-0.0786,0,0
-0.0782,0,0
-0.0778,0,0
-0.0774,0,0
-0.077,0,0
-0.0766,0,0
-0.0762,0,0
-0.0758,0,0
-0.0754,0,0
-0.075,0,0
-0.0746,0.00423598,0.00424408
-0.0742,0.00393995,0.00394695
-0.0738,0,0
-0.0734,0.00383469,0.00384132
-0.073,0,0
-0.0726,0,0
-0.0722,0,0
-0.0718,0.00415315,0.00416092
-0.0714,0,0
-0.071,0,0
-0.0706,0.000453966,0.00133428
-0.0702,0,0
-0.0698,0,0
-0.0694,0,0
-0.069,0,0
-0.0686,0.008392,0.00594524
-0.0682,0.00428187,0.00429011
-0.0678,0,0
-0.0674,0.00405637,0.00406376
-0.067,0,0
-0.0666,0,0
-0.0662,0.0040172,0.00402445
-0.0658,0,0
-0.0654,0,0
-0.065,0,0
-0.0646,0,0
-0.0642,0,0
-0.0638,0.00393052,0.00393745
-0.0634,0.00394582,0.0039528
-0.063,0.00814879,0.00577547
-0.0626,0.000766452,0.00179654
-0.0622,0,0
-0.0618,0,0
-0.0614,0.00416223,0.00416999
-0.061,0.00385101,0.00385766
-0.0606,0.00419537,0.00420326
-0.0602,0,0
-0.0598,0,0
-0.0594,0.00388548,0.00389224
-0.059,0,0
-0.0586,0,0
-0.0582,0,0
-0.0578,0.00432427,0.00433264
-0.0574,0,0
-0.057,0,0
-0.0566,0,0
-0.0562,0,0
-0.0558,0.00447022,0.00447917
-0.0554,0,0
-0.055,0.0039813,0.0039884
-0.0546,0,0
-0.0542,0.00412147,0.00412907
-0.0538,0,0
-0.0534,0,0
-0.053,0,0
-0.0526,0,0
-0.0522,0,0
-0.0518,0,0
-0.0514,0,0
-0.051,0.00881604,0.00624619
-0.0506,0,0
-0.0502,0,0
-0.0498,0,0
-0.0494,0,0
-0.049,0,0
-0.0486,0,0
-0.0482,0.0041655,0.00417326
-0.0478,0,0
-0.0474,0,0
-0.047,0,0
-0.0466,0,0
-0.0462,0.00412802,0.00413564
-0.0458,0.0042435,0.00425155
-0.0454,0.00421301,0.00422095
-0.045,0,0
-0.0446,0,0
-0.0442,0,0
-0.0438,0,0
-0.0434,0,0
-0.043,0,0
-0.0426,0,0
-0.0422,0,0
-0.0418,0.00409973,0.00410724
-0.0414,0.00386441,0.00387109
-0.041,0.00369013,0.00369622
-0.0406,0,0
-0.0402,0,0
-0.0398,0,0
-0.0394,0.000901363,0.00191676
-0.039,0.00422106,0.00422902
-0.0386,0,0
-0.0382,0,0
-0.0378,0,0
-0.0374,0,0
-0.037,0,0
-0.0366,0,0
-0.0362,0.00409788,0.00410538
-0.0358,0,0
-0.0354,0,0
-0.035,0,0
-0.0346,0,0
-0.0342,0,0
-0.0338,0.00416271,0.00417045
-0.0334,0,0
-0.033,0.00431909,0.00432741
-0.0326,0.00415414,0.00410685
-0.0322,0,0
-0.0318,0,0
-0.0314,0,0
-0.031,0.00402212,0.00402933
-0.0306,0,0
-0.0302,0,0
-0.0298,0.00395909,0.00396608
-0.0294,0.00418527,0.00419308
-0.029,0.00282006,0.00340651
-0.0286,0,0
-0.0282,0.00898947,0.00636925
-0.0278,0.00443082,0.00443956
-0.0274,0.0038782,0.0038849
-0.027,0,0
-0.0266,0,0
-0.0262,0,0
-0.0258,0,0
-0.0254,0.0041122,0.00411972
-0.025,0.0121753,0.00704339
-0.0246,0,0
-0.0242,0,0
-0.0238,0,0
-0.0234,0.00393392,0.00394081
-0.023,0,0
-0.0226,0,0
-0.0222,0.00450306,0.00451208
-0.0218,0.00417099,0.00417873
-0.0214,0.00243509,0.00317297
-0.021,0.00412869,0.00413627
-0.0206,0.00844073,0.00597973
-0.0202,0,0
-0.0198,0.00372722,0.0039182
-0.0194,0.00416165,0.00416934
-0.019,0.0041247,0.00413226
-0.0186,0.00832428,0.00589705
-0.0182,0.00422638,0.00423431
-0.0178,0,0
-0.0174,0,0
-0.017,0.00820312,0.00588709
-0.0166,0.0082116,0.00581895
-0.0162,0.00400225,0.00400937
-0.0158,0,0
-0.0154,0.00391527,0.00392207
-0.015,0.0076966,0.00568875
-0.0146,0.00418986,0.00419765
-0.0142,0,0
-0.0138,0.0127796,0.00749079
-0.0134,0,0
-0.013,0.00397708,0.00398409
-0.0126,0.00427036,0.00427844
-0.0122,0.0042417,0.00424967
-0.0118,0.00433382,0.00434214
-0.0114,0.0111723,0.00701848
-0.011,0.00871714,0.00617585
-0.0106,0.00192112,0.00277253
-0.0102,0,0
-0.0098,0.0140003,0.00759233
-0.0094,0.00393171,0.00410225
-0.009,0.00145654,0.00252247
-0.0086,0.00819344,0.00580414
-0.0082,0.012732,0.00736461
-0.0078,0.00233012,0.003118
-0.0074,0.0042742,0.00428227
-0.007,0,0
-0.0066,0.0042328,0.00424071
-0.0062,0.00823163,0.0058278
-0.0058,0.00836538,0.00592614
-0.0054,0.00904275,0.00640695
-0.005,0.0308599,0.0116877
-0.0046,0.0503366,0.0145634
-0.0042,0.0356916,0.0120518
-0.0038,0.0270882,0.0100785
-0.0034,0.0300905,0.0108907
-0.003,0.0479135,0.0143979
-0.0026,0.106966,0.0213059
-0.0022,0.141384,0.0246504
-0.0018,0.184143,0.0271
-0.0014,0.295318,0.0344433
-0.001,0.327645,0.0374929
-0.0006,0.521385,0.0471494
-0.0002,0.675725,0.0544718
0.0002,0.558355,0.0479948
0.0006,0.60487,0.0507516
0.001,0.393381,0.0395926
0.0014,0.278138,0.0330765
0.0018,0.23605,0.0309554
0.0022,0.195459,0.028969
0.0026,0.13582,0.0246847
0.003,0.113245,0.0219038
0.0034,0.103709,0.021199
0.0038,0.0640453,0.016573
0.0042,0.0278971,0.0110371
0.0046,0.0168938,0.0084629
0.005,0.023124,0.00962812
0.0054,0.0154324,0.00794114
0.0058,0.027746,0.0106756
0.0062,0.0230401,0.00983206
0.0066,0.0252656,0.0103342
0.007,0.0170148,0.00852329
0.0074,0.0319193,0.0120887
0.0078,0.00450181,0.00451068
0.0082,0.0090795,0.00627804
0.0086,0.0181441,0.00909009
0.009,0.0117835,0.007288
0.0094,0.00836375,0.00592489
0.0098,0,0
0.0102,0.0130108,0.00753119
0.0106,0.012329,0.00713095
0.011,0.00396603,0.0039729
0.0114,0.0082474,0.00584655
0.0118,0.00435516,0.00436345
0.0122,0.00851696,0.00603361
0.0126,0.0120951,0.00699546
0.013,0,0
0.0134,0,0
0.0138,0,0
0.0142,0.00816933,0.00578689
0.0146,0,0
0.015,0.00820652,0.00581334
0.0154,0.00431674,0.00432486
0.0158,0.00432762,0.00433578
0.0162,0,0
0.0166,0.00400155,0.00400852
0.017,0,0
0.0174,0,0
0.0178,0.00419882,0.0042065
0.0182,0,0
0.0186,0,0
0.019,0,0
0.0194,0.0121706,0.00703999
0.0198,0,0
0.0202,0,0
0.0206,0.00844937,0.00598817
0.021,0.00419564,0.00420329
0.0214,0.00837187,0.0059306
0.0218,0,0
0.0222,0,0
0.0226,0,0
0.023,0,0
0.0234,0,0
0.0238,0.00425926,0.00426713
0.0242,0.00415036,0.00415784
0.0246,0,0
0.025,0,0
0.0254,0,0
0.0258,0.00425303,0.00426087
0.0262,0,0
0.0266,0.00414897,0.00415643
0.027,0.00428022,0.00428815
0.0274,0,0
0.0278,0.0043928,0.00440115
0.0282,0,0
0.0286,0.00243485,0.00310344
0.029,0,0
0.0294,0,0
0.0298,0,0
0.0302,0,0
0.0306,0.00800126,0.00567489
0.031,0,0
0.0314,0.00439524,0.0044036
0.0318,0,0
0.0322,0,0
0.0326,0,0
0.033,0,0
0.0334,0,0
0.0338,0,0
0.0342,0,0
0.0346,0.00413641,0.0041438
0.035,0.00413711,0.00414449
0.0354,0,0
0.0358,0.00415717,0.00416463
0.0362,0,0
0.0366,0,0
0.037,0.00447879,0.00448743
0.0374,0,0
0.0378,0,0
0.0382,0.004494,0.0045027
0.0386,0,0
0.039,0,0
0.0394,0,0
0.0398,0.00387047,0.00387692
0.0402,0.00407105,0.00407818
0.0406,0.00417714,0.00418465
0.041,0,0
0.0414,0,0
0.0418,0,0
0.0422,0,0
0.0426,0,0
0.043,0,0
0.0434,0,0
0.0438,0,0
0.0442,0,0
0.0446,0,0
0.045,0,0
0.0454,0.00439634,0.00440463
0.0458,0,0
0.0462,0,0
0.0466,0.00390923,0.00391579
0.047,0,0
0.0474,0.00826864,0.00585719
0.0478,0,0
0.0482,0,0
0.0486,0.004284,0.00429187
0.049,0,0
0.0494,0.00384893,0.00385527
0.0498,0,0
0.0502,0.00423777,0.00424546
0.0506,0.00395446,0.00396115
0.051,0.00415613,0.00416352
0.0514,0,0
0.0518,0.004186,0.00419349
0.0522,0.00420635,0.00421391
0.0526,0,0
0.053,0,0
0.0534,0,0
0.0538,0.00441782,0.00442615
0.0542,0.00436682,0.00437495
0.0546,0.00400023,0.00400705
0.055,0,0
0.0554,0,0
0.0558,0.00423278,0.00424041
0.0562,0,0
0.0566,0,0
0.057,0.00460353,0.00461254
0.0574,0.00392891,0.00393547
0.0578,0,0
0.0582,0,0
0.0586,0,0
0.059,0,0
0.0594,0,0
0.0598,0.00400541,0.00401221
0.0602,0,0
0.0606,0.00401087,0.00401768
0.061,0,0
0.0614,0.00447819,0.00448668
0.0618,0,0
0.0622,0,0
0.0626,0.00416303,0.00417035
0.063,0,0
0.0634,0,0
0.0638,0,0
0.0642,0.00389351,0.00389989
0.0646,0,0
0.065,0,0
0.0654,0.003254,0.00392595
0.0658,0,0
0.0662,0,0
0.0666,0,0
0.067,0,0
0.0674,0,0
0.0678,0.00887724,0.00629143
0.0682,0,0
0.0686,0,0
0.069,0,0
0.0694,0.0044314,0.00443961
0.0698,0,0
0.0702,0,0
0.0706,0.00428481,0.00429247
0.071,0,0
0.0714,0,0
0.0718,0,0
0.0722,0.00453721,0.00454578
0.0726,0,0
0.073,0,0
0.0734,0,0
0.0738,0.00427509,0.00428269
0.0742,0,0
0.0746,0.00419287,0.00420017
0.075,0.00440193,0.00440997
0.0754,0,0
0.0758,0.00480773,0.00481731
0.0762,0.00452229,0.00453076
0.0766,0.00216492,0.00315672
0.077,0.00424161,0.00424906
0.0774,0,0
0.0778,0.00449602,0.00450438
0.0782,0,0
0.0786,0,0
0.079,0,0
0.0794,0,0
0.0798,0,0
0.0802,0,0
0.0806,0,0
0.081,0,0
0.0814,0,0
0.0818,0,0
0.0822,0.00443908,0.00444718
0.0826,0,0
0.083,0.00448355,0.00449181
0.0834,0.00874408,0.00619622
0.0838,0,0
0.0842,0,0
0.0846,0,0
0.085,0.00850523,0.0060246
0.0854,0.0044608,0.00446895
0.0858,0,0
0.0862,0,0
0.0866,0.00467056,0.00467948
0.087,0,0
0.0874,0,0
0.0878,0,0
0.0882,0,0
0.0886,0,0
0.089,0,0
0.0894,0,0
0.0898,0,0
0.0902,0,0
0.0906,0.0042376,0.00424492
0.091,0,0
0.0914,0,0
0.0918,0,0
0.0922,0,0
0.0926,0.00432081,0.0043284
0.093,0.00432273,0.00433033
0.0934,0.00443609,0.00444409
0.0938,0,0
0.0942,0,0
0.0946,0,0
0.095,0,0
0.0954,0.00438552,0.00439331
0.0958,0,0
0.0962,0.00476473,0.00477392
0.0966,0,0
0.097,0,0
0.0974,0,0
0.0978,0.00473324,0.0047423
0.0982,0.00461758,0.00462621
0.0986,0,0
0.099,0.00508126,0.00509169
0.0994,0,0
0.0998,0.00498207,0.00499209
0.1002,0,0
0.1006,0.00519615,0.00520705
0.101,0,0
0.1014,0,0
0.1018,0.00459475,0.00460328
0.1022,0,0
0.1026,0,0
0.103,0,0
0.1034,0,0
0.1038,0,0
0.1042,0,0
0.1046,0,0
0.105,0,0
0.1054,0,0
0.1058,0,0
0.1062,0,0
0.1066,0.0119846,0.0084949
0.107,0,0
0.1074,0,0
0.1078,0,0
0.1082,0,0
0.1086,0,0
0.109,0,0
0.1094,0,0
0.1098,0,0
0.1102,0,0
0.1106,0,0
0.111,0.00608242,0.00609732
0.1114,0,0
0.1118,0,0
0.1122,0,0
0.1126,0,0
0.113,0,0
0.1134,0.00651542,0.00653251
0.1138,0,0
0.1142,0.006524,0.00654113
0.1146,0,0
0.115,0,0
0.1154,0,0
0.1158,0,0
0.1162,0,0
0.1166,0,0
0.117,0,0
0.1174,0.0119244,0.00961663
0.1178,0,0
0.1182,0,0
0.1186,0.00262274,0.00438777
0.119,0,0
0.1194,0,0
0.1198,0,0
9
-0.1198,0.00393664,0.00394424
-0.1194,0.00385692,0.00386421
-0.119,0.00409964,0.00410789
-0.1186,0,0
-0.1182,0.00373668,0.00374353
-0.1178,0,0
-0.1174,0,0
-0.117,0,0
-0.1166,0,0
-0.1162,0.00646867,0.00515883
-0.1158,0,0
-0.1154,0,0
-0.115,0,0
-0.1146,0,0
-0.1142,0,0
-0.1138,0,0
-0.1134,0,0
-0.113,0,0
-0.1126,0,0
-0.1122,0,0
-0.1118,0.00420361,0.00421237
-0.1114,0,0
-0.111,0,0
-0.1106,0,0
-0.1102,0,0
-0.1098,0,0
-0.1094,0,0
-0.109,0,0
-0.1086,0,0
-0.1082,0,0
-0.1078,0,0
-0.1074,0,0
-0.107,0,0
-0.1066,0,0
-0.1062,0,0
-0.1058,0,0
-0.1054,0,0
-0.105,0.00398712,0.00399509
-0.1046,0,0
-0.1042,0,0
-0.1038,0,0
-0.1034,0,0
-0.103,0.00375875,0.00376586
-0.1026,0,0
-0.1022,0,0
-0.1018,0.00422467,0.00423366
-0.1014,0,0
-0.101,0,0
-0.1006,0,0
-0.1002,0,0
-0.0998,0.00345542,0.00346145
-0.0994,0,0
-0.099,0,0
-0.0986,0,0
-0.0982,0.00163838,0.00248556
-0.0978,0,0
-0.0974,0.00346238,0.00346846
-0.097,0,0
-0.0966,0,0
-0.0962,0,0
-0.0958,0,0
-0.0954,0,0
-0.095,0.00322439,0.00335063
-0.0946,0.00333873,0.00334441
-0.0942,0.00367361,0.00368049
-0.0938,0,0
-0.0934,0,0
-0.093,0,0
-0.0926,0,0
-0.0922,0,0
-0.0918,0,0
-0.0914,0,0
-0.091,0,0
-0.0906,0,0
-0.0902,0.00352565,0.00353202
-0.0898,0,0
-0.0894,0,0
-0.089,0,0
-0.0886,0,0
-0.0882,0.00365006,0.0036569
-0.0878,0,0
-0.0874,0,0
-0.087,0.00360621,0.0036129
-0.0866,0,0
-0.0862,0,0
-0.0858,0.00744123,0.00527183
-0.0854,0,0
-0.085,0,0
-0.0846,0,0
-0.0842,0,0
-0.0838,0,0
-0.0834,0.00742987,0.00526381
-0.083,0,0
-0.0826,0,0
-0.0822,0.00669888,0.00474503
-0.0818,0,0
-0.0814,0,0
-0.081,0,0
-0.0806,0,0
-0.0802,0,0
-0.0798,0,0
-0.0794,0,0
-0.079,0,0
-0.0786,0,0
-0.0782,0,0
-0.0778,0.00332201,0.00332774
-0.0774,0,0
-0.077,0,0
-0.0766,0,0
-0.0762,0,0
-0.0758,0,0
-0.0754,0.00377991,0.00378734
-0.075,0.00349552,0.00350188
-0.0746,0.00367201,0.00367903
-0.0742,0,0
-0.0738,0,0
-0.0734,0,0
-0.073,0,0
-0.0726,0,0
-0.0722,0,0
-0.0718,0.00358332,0.00359002
-0.0714,0,0
-0.071,0,0
-0.0706,0,0
-0.0702,0,0
-0.0698,0,0
-0.0694,0,0
-0.069,0,0
-0.0686,0,0
-0.0682,0,0
-0.0678,0.00332604,0.00333184
-0.0674,0,0
-0.067,0,0
-0.0666,0.00364765,0.00365463
-0.0662,0,0
-0.0658,0,0
-0.0654,0.00389226,0.00390021
-0.065,0.0103958,0.00601293
-0.0646,0,0
-0.0642,0.00327554,0.00328118
-0.0638,0,0
-0.0634,0,0
-0.063,0,0
-0.0626,0.00357481,0.00358153
-0.0622,0.00335752,0.00336345
-0.0618,0.00346489,0.00347121
-0.0614,0.00723997,0.0051304
-0.061,0.00327544,0.00328109
-0.0606,0.00354495,0.00355157
-0.0602,0.0035439,0.00355052
-0.0598,0.00335109,0.00335701
-0.0594,0.0033,0.00330574
-0.059,0,0
-0.0586,0,0
-0.0582,0,0
-0.0578,0.00717185,0.00508218
-0.0574,0.00695176,0.00492482
-0.057,0.00344677,0.00345304
-0.0566,0.00377287,0.00378039
-0.0562,0,0
-0.0558,0,0
-0.0554,0,0
-0.055,0.00366013,0.00366721
-0.0546,0,0
-0.0542,0,0
-0.0538,0,0
-0.0534,0.00377836,0.00378592
-0.053,0,0
-0.0526,0,0
-0.0522,0.00366675,0.00367387
-0.0518,0.00366587,0.00367299
-0.0514,0.00372115,0.00372849
-0.051,0.00372029,0.00372763
-0.0506,0.00691483,0.00489849
-0.0502,0,0
-0.0498,0,0
-0.0494,0,0
-0.049,0.01115,0.00645223
-0.0486,0.0070668,0.00500637
-0.0482,0.00339232,0.00339843
-0.0478,0.00744076,0.00527182
-0.0474,0,0
-0.047,0,0
-0.0466,0.00669518,0.00474264
-0.0462,0.00347069,0.0034771
-0.0458,0,0
-0.0454,0,0
-0.045,0,0
-0.0446,0,0
-0.0442,0,0
-0.0438,0,0
-0.0434,0,0
-0.043,0.00346516,0.00347157
-0.0426,0.00681227,0.00482577
-0.0422,0,0
-0.0418,0.00701731,0.00497258
-0.0414,0,0
-0.041,0.00321722,0.00322276
-0.0406,0.00655554,0.00464443
-0.0402,0.00724791,0.00513499
-0.0398,0.00323144,0.00323703
-0.0394,0.00602297,0.00452507
-0.039,0.0035188,0.00352543
-0.0386,0.00314862,0.00315393
-0.0382,0,0
-0.0378,0.00349418,0.00350073
-0.0374,0,0
-0.037,0,0
-0.0366,0,0
-0.0362,0,0
-0.0358,0,0
-0.0354,0.00676917,0.00479524
-0.035,0,0
-0.0346,0,0
-0.0342,0.00379634,0.0038041
-0.0338,0,0
-0.0334,0,0
-0.033,0.00357183,0.00357871
-0.0326,0.00667122,0.00472608
-0.0322,0.0033725,0.00337864
-0.0318,0,0
-0.0314,0,0
-0.031,0.00346581,0.0034723
-0.0306,0,0
-0.0302,0.00340953,0.00341582
-0.0298,0.00325908,0.00326483
-0.0294,0,0
-0.029,0.00105245,0.00188711
-0.0286,0,0
-0.0282,0,0
-0.0278,0,0
-0.0274,0.00636412,0.00450789
-0.027,0.00691628,0.00490017
-0.0266,0,0
-0.0262,0,0
-0.0258,0.00352278,0.00352952
-0.0254,0.00357018,0.00357711
-0.025,0.00322966,0.00323534
-0.0246,0.010625,0.00614622
-0.0242,0.00331377,0.00331976
-0.0238,0,0
-0.0234,0.00324092,0.00324664
-0.023,0.00672524,0.00476419
-0.0226,0,0
-0.0222,0,0
-0.0218,0.00366474,0.00367208
-0.0214,0,0
-0.021,0.00335525,0.00336141
-0.0206,0.00341779,0.00342419
-0.0202,0,0
-0.0198,0,0
-0.0194,0.0100908,0.00583675
-0.019,0.0100549,0.00581594
-0.0186,0,0
-0.0182,0.00683954,0.00484537
-0.0178,0.00681833,0.00483034
-0.0174,0.00323051,0.00323625
-0.017,0.00690359,0.00482952
-0.0166,0.00322992,0.00323566
-0.0162,0.00671984,0.00476412
-0.0158,0.00634064,0.00449139
-0.0154,0.00963037,0.00557167
-0.015,0.0139342,0.00684239
-0.0146,0.00633182,0.0044851
-0.0142,0.00682543,0.0048354
-0.0138,0.00351268,0.00351949
-0.0134,0.00319413,0.00319977
-0.013,0,0
-0.0126,0,0
-0.0122,0.00342022,0.00342669
-0.0118,0.00346752,0.00347418
-0.0114,0.00351864,0.00352549
-0.011,0.013331,0.00668454
-0.0106,0.00164897,0.00229477
-0.0102,0.00319439,0.00320005
-0.0098,0.00642517,0.00455139
-0.0094,0,0
-0.009,0.00673397,0.00477244
-0.0086,0.00325572,0.00326161
-0.0082,0.0234482,0.00887958
-0.0078,0.013191,0.00660764
-0.0074,0.0205279,0.00839731
-0.007,0.0273247,0.00967991
-0.0066,0.0235267,0.00890913
-0.0062,0.0255321,0.0090448
-0.0058,0.0101788,0.00589196
-0.0054,0.0173608,0.0077811
-0.005,0.024239,0.00918019
-0.0046,0.0163508,0.00732571
-0.0042,0.0228617,0.0085485
-0.0038,0.0370858,0.0104706
-0.0034,0.0321533,0.01017
-0.003,0.0497898,0.0130015
-0.0026,0.0630027,0.0144661
-0.0022,0.104061,0.0188757
-0.0018,0.0907788,0.0168945
-0.0014,0.227478,0.0267195
-0.001,0.362608,0.0349565
-0.0006,0.366785,0.0349994
-0.0002,0.57804,0.0445027
0.0002,0.489955,0.0397579
0.0006,0.408666,0.0367614
0.001,0.266793,0.0287588
0.0014,0.206357,0.0251271
0.0018,0.117487,0.0192711
0.0022,0.102618,0.0185718
0.0026,0.0392263,0.0116186
0.003,0.040309,0.011586
0.0034,0.0430532,0.0120723
0.0038,0.0203618,0.00833153
0.0042,0.0192965,0.00818133
0.0046,0.0295547,0.00987039
0.005,0.00945766,0.00547172
0.0054,0.0102097,0.00570893
0.0058,0.0131476,0.00641481
0.0062,0.014322,0.00677487
0.0066,0.0296059,0.00988747
0.007,0.0394917,0.0114217
0.0074,0.028204,0.00999173
0.0078,0.0311597,0.0104079
0.0082,0.0264093,0.00941359
0.0086,0.00684517,0.00485091
0.009,0.0116142,0.00633491
0.0094,0.00322305,0.00322894
0.0098,0.00629136,0.00445661
0.0102,0.0032515,0.0032575
0.0106,0.0035117,0.0035187
0.011,0.00304967,0.00305495
0.0114,0.00328957,0.00329572
0.0118,0.00988521,0.00571826
0.0122,0.00637003,0.00451403
0.0126,0,0
0.013,0,0
0.0134,0,0
0.0138,0,0
0.0142,0.00311394,0.00311946
0.0146,0.00624803,0.0044259
0.015,0,0
0.0154,0,0
0.0158,0.00638362,0.00452212
0.0162,0.00330497,0.0033112
0.0166,0,0
0.017,0.00298788,0.00299298
0.0174,0,0
0.0178,0,0
0.0182,0,0
0.0186,0.00285639,0.00286105
0.019,0.00661908,0.00468926
0.0194,0,0
0.0198,0,0
0.0202,0.00305102,0.00305635
0.0206,0.00311417,0.00311972
0.021,0.00636854,0.00451145
0.0214,0,0
0.0218,0,0
0.0222,0,0
0.0226,0.00675679,0.00478703
0.023,0,0
0.0234,0,0
0.0238,0.00979868,0.00566895
0.0242,0,0
0.0246,0,0
0.025,0,0
0.0254,0,0
0.0258,0.00322168,0.00322764
0.0262,0.00293263,0.00293758
0.0266,0.003128,0.00313362
0.027,0.00612096,0.00434215
0.0274,0,0
0.0278,0.00661505,0.00468645
0.0282,0.00654275,0.00463513
0.0286,0.00296575,0.00297081
0.029,0,0
0.0294,0.00329738,0.00330364
0.0298,0.00312909,0.00313473
0.0302,0,0
0.0306,0.00285058,0.00285526
0.031,0.00677562,0.00480045
0.0314,0.00329607,0.00330233
0.0318,0.00329578,0.00330205
0.0322,0.00641665,0.00454566
0.0326,0,0
0.033,0,0
0.0334,0,0
0.0338,0,0
0.0342,0.00305366,0.00305905
0.0346,0,0
0.035,0,0
0.0354,0.00326128,0.00326742
0.0358,0.0031735,0.00317932
0.0362,0.00310291,0.00310848
0.0366,0.00320891,0.00321486
0.037,0.00667923,0.00473205
0.0374,0,0
0.0378,0,0
0.0382,0,0
0.0386,0,0
0.039,0,0
0.0394,0.00289787,0.00290273
0.0398,0,0
0.0402,0.00310434,0.00310992
0.0406,0.00310377,0.00310934
0.041,0.00303593,0.00304127
0.0414,0,0
0.0418,0.00329729,0.00330359
0.0422,0,0
0.0426,0.00290141,0.00290629
0.043,0,0
0.0434,0,0
0.0438,0,0
0.0442,0.00313711,0.00314282
0.0446,0.00317354,0.00317938
0.045,0,0
0.0454,0.00308095,0.00308646
0.0458,0.00325167,0.0032578
0.0462,0,0
0.0466,0,0
0.047,0,0
0.0474,0.00305275,0.00305816
0.0478,0.00322767,0.00323372
0.0482,0.00703685,0.00498598
0.0486,0,0
0.049,0.00611669,0.00433284
0.0494,0.00283519,0.00283986
0.0498,0.0029486,0.00295365
0.0502,0.00311818,0.00312383
0.0506,0.00290809,0.00291301
0.051,0.00334399,0.00335049
0.0514,0.00612721,0.00434035
0.0518,0.0030727,0.0030782
0.0522,0.0062452,0.00442437
0.0526,0.00631751,0.00447538
0.053,0.00667817,0.00473155
0.0534,0,0
0.0538,0,0
0.0542,0,0
0.0546,0.00876818,0.00507096
0.055,0,0
0.0554,0.00308676,0.00309232
0.0558,0.0030858,0.00309136
0.0562,0,0
0.0566,0.00307091,0.00307642
0.057,0.00306989,0.00307539
0.0574,0.0030134,0.00301871
0.0578,0,0
0.0582,0,0
0.0586,0,0
0.059,0,0
0.0594,0.00625962,0.0044346
0.0598,0.00579463,0.00410438
0.0602,0.00296486,0.00297002
0.0606,0.00289641,0.00290132
0.061,0.00304066,0.00304608
0.0614,0.00305882,0.00306431
0.0618,0.0031403,0.00314609
0.0622,0,0
0.0626,0.00299319,0.00299846
0.063,0.00311078,0.00311646
0.0634,0,0
0.0638,0,0
0.0642,0.00314365,0.00314946
0.0646,0,0
0.065,0.00310733,0.00311301
0.0654,0.00104575,0.00188107
0.0658,0,0
0.0662,0.00887125,0.00513076
0.0666,0,0
0.067,0,0
0.0674,0,0
0.0678,0.00324237,0.00324858
0.0682,0.00616582,0.00436783
0.0686,0,0
0.069,0,0
0.0694,0.00313438,0.00314019
0.0698,0.00313315,0.00313895
0.0702,0,0
0.0706,0.00302168,0.00302708
0.071,0,0
0.0714,0.00337866,0.00338542
0.0718,0,0
0.0722,0,0
0.0726,0,0
0.073,0.00934635,0.0054061
0.0734,0.00288938,0.00289434
0.0738,0,0
0.0742,0.00293036,0.00293546
0.0746,0,0
0.075,0,0
0.0754,0.00910975,0.00526902
0.0758,0.00334897,0.00335564
0.0762,0.0031474,0.0031533
0.0766,0.00168304,0.00232088
0.077,0.00295645,0.00296165
0.0774,0.00607413,0.00430441
0.0778,0,0
0.0782,0.00286651,0.00287141
0.0786,0,0
0.079,0.00309881,0.00310454
0.0794,0.00597628,0.00423359
0.0798,0.00295976,0.00296499
0.0802,0,0
0.0806,0.00593949,0.00420818
0.081,0.00300721,0.00301262
0.0814,0,0
0.0818,0.00308708,0.00309279
0.0822,0,0
0.0826,0,0
0.083,0,0
0.0834,0.00307057,0.00307622
0.0838,0,0
0.0842,0.0029016,0.00290665
0.0846,0,0
0.085,0,0
0.0854,0,0
0.0858,0.00308975,0.00309549
0.0862,0.00635027,0.00449891
0.0866,0,0
0.087,0,0
0.0874,0,0
0.0878,0,0
0.0882,0.00291475,0.00291987
0.0886,0,0
0.089,0.0029533,0.00295857
0.0894,0.00564716,0.00400093
0.0898,0.00552085,0.00391034
0.0902,0.00285833,0.00286327
0.0906,0.00291125,0.00291637
0.091,0,0
0.0914,0,0
0.0918,0.00314485,0.00315083
0.0922,0.00271812,0.00272259
0.0926,0.00833834,0.00482466
0.093,0.00290281,0.00290791
0.0934,0.00332539,0.00333208
0.0938,0.00633323,0.00448686
0.0942,0.00351774,0.00352523
0.0946,0,0
0.095,0.0029598,0.0029651
0.0954,0,0
0.0958,0,0
0.0962,0.00318542,0.00319157
0.0966,0.00610137,0.0043223
0.097,0,0
0.0974,0,0
0.0978,0,0
0.0982,0,0
0.0986,0.00619803,0.00439969
0.099,0.00677701,0.00480192
0.0994,0,0
0.0998,0,0
0.1002,0,0
0.1006,0.00692378,0.00490613
0.101,0.00348788,0.00349525
0.1014,0.00348794,0.00349532
0.1018,0.0061953,0.00438931
0.1022,0,0
0.1026,0,0
0.103,0,0
0.1034,0,0
0.1038,0,0
0.1042,0,0
0.1046,0,0
0.105,0,0
0.1054,0.00404833,0.00405826
0.1058,0.00364489,0.00365295
0.1062,0,0
0.1066,0,0
0.107,0,0
0.1074,0.00380254,0.00381131
0.1078,0.00374856,0.00375709
0.1082,0.00733281,0.00519662
0.1086,0,0
0.109,0,0
0.1094,0.00424837,0.00425932
0.1098,0.00424791,0.00425886
0.1102,0,0
0.1106,0,0
0.111,0.00403416,0.00404404
0.1114,0,0
0.1118,0,0
0.1122,0.00357372,0.00358147
0.1126,0.011225,0.00650877
0.113,0,0
0.1134,0.00431916,0.00433049
0.1138,0,0
0.1142,0.00432408,0.00433544
0.1146,0,0
0.115,0.00972956,0.00690018
0.1154,0,0
0.1158,0,0
0.1162,0,0
0.1166,0,0
0.117,0.00470212,0.00471555
0.1174,0.0103635,0.00735118
0.1178,0,0
0.1182,0,0
0.1186,0.0048358,0.00485001
0.119,0,0
0.1194,0,0
0.1198,0.0109154,0.0077441
