# X , Y , E Distribution=true
1
-0.1198,0,0
-0.1194,0,0
-0.119,0,0
-0.1186,0,0
-0.1182,0,0
-0.1178,0,0
-0.1174,0.012407,0.0124301
-0.117,0,0
-0.1166,0,0
-0.1162,0,0
-0.1158,0,0
-0.1154,0,0
-0.115,0,0
-0.1146,0,0
-0.1142,0,0
-0.1138,0,0
-0.1134,0,0
-0.113,0,0
-0.1126,0,0
-0.1122,0,0
-0.1118,0,0
-0.1114,0,0
-0.111,0,0
-0.1106,0,0
-0.1102,0,0
-0.1098,0.0134221,0.0134491
-0.1094,0,0
-0.109,0,0
-0.1086,0,0
-0.1082,0,0
-0.1078,0,0
-0.1074,0,0
-0.107,0,0
-0.1066,0,0
-0.1062,0,0
-0.1058,0,0
-0.1054,0,0
-0.105,0,0
-0.1046,0,0
-0.1042,0,0
-0.1038,0,0
-0.1034,0,0
-0.103,0,0
-0.1026,0,0
-0.1022,0,0
-0.1018,0,0
-0.1014,0,0
-0.101,0,0
-0.1006,0,0
-0.1002,0,0
-0.0998,0,0
-0.0994,0,0
-0.099,0,0
-0.0986,0,0
-0.0982,0,0
-0.0978,0,0
-0.0974,0,0
-0.097,0,0
-0.0966,0,0
-0.0962,0,0
-0.0958,0,0
-0.0954,0,0
-0.095,0,0
-0.0946,0,0
-0.0942,0,0
-0.0938,0,0
-0.0934,0.0078671,0.0102585
-0.093,0,0
-0.0926,0.0138884,0.013917
-0.0922,0,0
-0.0918,0,0
-0.0914,0,0
-0.091,0,0
-0.0906,0,0
-0.0902,0,0
-0.0898,0,0
-0.0894,0,0
-0.089,0.00467726,0.00785984
-0.0886,0,0
-0.0882,0,0
-0.0878,0,0
-0.0874,0,0
-0.087,0,0
-0.0866,0,0
-0.0862,0,0
-0.0858,0,0
-0.0854,0,0
-0.085,0.0137978,0.0138259
-0.0846,0,0
-0.0842,0,0
-0.0838,0,0
-0.0834,0,0
-0.083,0,0
-0.0826,0.0123305,0.0123529
-0.0822,0,0
-0.0818,0,0
-0.0814,0,0
-0.081,0,0
-0.0806,0,0
-0.0802,0,0
-0.0798,0,0
-0.0794,0,0
-0.079,0,0
-0.0786,0,0
-0.0782,0,0
-0.0778,0,0
-0.0774,0,0
-0.077,0,0
-0.0766,0,0
-0.0762,0,0
-0.0758,0,0
-0.0754,0,0
-0.075,0,0
-0.0746,0,0
-0.0742,0,0
-0.0738,0,0
-0.0734,0,0
-0.073,0.013483,0.0135097
-0.0726,0,0
-0.0722,0,0
-0.0718,0,0
-0.0714,0,0
-0.071,0,0
-0.0706,0,0
-0.0702,0,0
-0.0698,0,0
-0.0694,0,0
-0.069,0.0120406,0.0120618
-0.0686,0,0
-0.0682,0,0
-0.0678,0,0
-0.0674,0,0
-0.067,0,0
-0.0666,0,0
-0.0662,0,0
-0.0658,0,0
-0.0654,0,0
-0.065,0,0
-0.0646,0,0
-0.0642,0,0
-0.0638,0,0
-0.0634,0,0
-0.063,0,0
-0.0626,0,0
-0.0622,0,0
-0.0618,0,0
-0.0614,0,0
-0.061,0,0
-0.0606,0,0
-0.0602,0,0
-0.0598,0,0
-0.0594,0,0
-0.059,0,0
-0.0586,0,0
-0.0582,0,0
-0.0578,0,0
-0.0574,0,0
-0.057,0,0
-0.0566,0,0
-0.0562,0,0
-0.0558,0,0
-0.0554,0,0
-0.055,0,0
-0.0546,0,0
-0.0542,0,0
-0.0538,0,0
-0.0534,0,0
-0.053,0,0
-0.0526,0,0
-0.0522,0,0
-0.0518,0,0
-0.0514,0,0
-0.051,0,0
-0.0506,0,0
-0.0502,0,0
-0.0498,0,0
-0.0494,0,0
-0.049,0,0
-0.0486,0,0
-0.0482,0,0
-0.0478,0,0
-0.0474,0,0
-0.047,0,0
-0.0466,0,0
-0.0462,0,0
-0.0458,0,0
-0.0454,0.00622357,0.00862683
-0.045,0,0
-0.0446,0,0
-0.0442,0,0
-0.0438,0.0122959,0.0123178
-0.0434,0,0
-0.043,0,0
-0.0426,0,0
-0.0422,0,0
-0.0418,0,0
-0.0414,0,0
-0.041,0,0
-0.0406,0,0
-0.0402,0,0
-0.0398,0,0
-0.0394,0,0
-0.039,0,0
-0.0386,0,0
-0.0382,0,0
-0.0378,0,0
-0.0374,0,0
-0.037,0,0
-0.0366,0,0
-0.0362,0.0126083,0.0126313
-0.0358,0,0
-0.0354,0,0
-0.035,0,0
-0.0346,0,0
-0.0342,0,0
-0.0338,0.0136435,0.0136703
-0.0334,0,0
-0.033,0,0
-0.0326,0,0
-0.0322,0,0
-0.0318,0.0131902,0.0132152
-0.0314,0,0
-0.031,0,0
-0.0306,0,0
-0.0302,0,0
-0.0298,0,0
-0.0294,0,0
-0.029,0,0
-0.0286,0,0
-0.0282,0,0
-0.0278,0,0
-0.0274,0,0
-0.027,0.0121781,0.0121995
-0.0266,0,0
-0.0262,0,0
-0.0258,0,0
-0.0254,0,0
-0.025,0,0
-0.0246,0,0
-0.0242,0,0
-0.0238,0,0
-0.0234,0,0
-0.023,0,0
-0.0226,0,0
-0.0222,0,0
-0.0218,0,0
-0.0214,0,0
-0.021,0,0
-0.0206,0,0
-0.0202,0,0
-0.0198,0,0
-0.0194,0,0
-0.019,0,0
-0.0186,0,0
-0.0182,0,0
-0.0178,0,0
-0.0174,0,0
-0.017,0.0129508,0.0129748
-0.0166,0.0124876,0.01251
-0.0162,0,0
-0.0158,0,0
-0.0154,0,0
-0.015,0,0
-0.0146,0,0
-0.0142,0.0120583,0.0120791
-0.0138,0,0
-0.0134,0,0
-0.013,0,0
-0.0126,0,0
-0.0122,0,0
-0.0118,0.0130061,0.0130303
-0.0114,0.0125678,0.01281
-0.011,0.0128783,0.0129019
-0.0106,0,0
-0.0102,0,0
-0.0098,0,0
-0.0094,0,0
-0.009,0.0133485,0.0133739
-0.0086,0,0
-0.0082,0,0
-0.0078,0,0
-0.0074,0.0136193,0.0136457
-0.007,0,0
-0.0066,0.0121461,0.0121671
-0.0062,0.0253426,0.0179524
-0.0058,0,0
-0.0054,0,0
-0.005,0.0387081,0.0224158
-0.0046,0.0454524,0.0249892
-0.0042,0.0343822,0.0214118
-0.0038,0.069948,0.0305749
-0.0034,0.162198,0.0469359
-0.003,0.20501,0.0529798
-0.0026,0.224452,0.0536019
-0.0022,0.578053,0.0845024
-0.0018,1.12664,0.121063
-0.0014,2.11528,0.162951
-0.001,3.47503,0.212939
-0.0006,4.62375,0.258427
-0.0002,4.3996,0.240197
0.0002,3.67476,0.21503
0.0006,3.83337,0.228296
0.001,2.17724,0.170257
0.0014,1.13869,0.119492
0.0018,0.500045,0.0768514
0.0022,0.187405,0.0483423
0.0026,0.0496879,0.0248909
0.003,0.0295533,0.0195065
0.0034,0.0135229,0.0135488
0.0038,0,0
0.0042,0,0
0.0046,0,0
0.005,0,0
0.0054,0,0
0.0058,0,0
0.0062,0,0
0.0066,0,0
0.007,0,0
0.0074,0.0386229,0.0223398
0.0078,0,0
0.0082,0,0
0.0086,0,0
0.009,0,0
0.0094,0,0
0.0098,0,0
0.0102,0.0130593,0.0130833
0.0106,0.0125988,0.0126212
0.011,0,0
0.0114,0,0
0.0118,0,0
0.0122,0,0
0.0126,0,0
0.013,0,0
0.0134,0.0135906,0.0136166
0.0138,0,0
0.0142,0,0
0.0146,0,0
0.015,0,0
0.0154,0,0
0.0158,0,0
0.0162,0,0
0.0166,0,0
0.017,0.00739061,0.00980098
0.0174,0,0
0.0178,0,0
0.0182,0,0
0.0186,0,0
0.019,0,0
0.0194,0,0
0.0198,0,0
0.0202,0,0
0.0206,0,0
0.021,0,0
0.0214,0,0
0.0218,0,0
0.0222,0,0
0.0226,0,0
0.023,0.0125617,0.0125839
0.0234,0,0
0.0238,0,0
0.0242,0,0
0.0246,0,0
0.025,0,0
0.0254,0.00365199,0.00719037
0.0258,0.0131369,0.013161
0.0262,0,0
0.0266,0,0
0.027,0,0
0.0274,0,0
0.0278,0,0
0.0282,0,0
0.0286,0,0
0.029,0,0
0.0294,0,0
0.0298,0.0068711,0.00980168
0.0302,0,0
0.0306,0.0098524,0.0113105
0.031,0.0132342,0.0132587
0.0314,0,0
0.0318,0,0
0.0322,0,0
0.0326,0,0
0.033,0,0
0.0334,0,0
0.0338,0,0
0.0342,0,0
0.0346,0,0
0.035,0,0
0.0354,0,0
0.0358,0.0127713,0.012794
0.0362,0,0
0.0366,0,0
0.037,0,0
0.0374,0,0
0.0378,0.0128493,0.0128723
0.0382,0.00827221,0.0100803
0.0386,0,0
0.039,0,0
0.0394,0,0
0.0398,0,0
0.0402,0,0
0.0406,0,0
0.041,0.0143207,0.0143492
0.0414,0,0
0.0418,0.0090511,0.010952
0.0422,0,0
0.0426,0,0
0.043,0,0
0.0434,0.00389047,0.00688894
0.0438,0,0
0.0442,0,0
0.0446,0,0
0.045,0,0
0.0454,0,0
0.0458,0,0
0.0462,0,0
0.0466,0,0
0.047,0,0
0.0474,0,0
0.0478,0,0
0.0482,0,0
0.0486,0,0
0.049,0,0
0.0494,0,0
0.0498,0,0
0.0502,0,0
0.0506,0,0
0.051,0,0
0.0514,0,0
0.0518,0,0
0.0522,0,0
0.0526,0,0
0.053,0,0
0.0534,0,0
0.0538,0,0
0.0542,0,0
0.0546,0,0
0.055,0,0
0.0554,0,0
0.0558,0,0
0.0562,0.0134882,0.0135133
0.0566,0,0
0.057,0,0
0.0574,0,0
0.0578,0,0
0.0582,0,0
0.0586,0,0
0.059,0,0
0.0594,0,0
0.0598,0,0
0.0602,0,0
0.0606,0,0
0.061,0,0
0.0614,0,0
0.0618,0,0
0.0622,0,0
0.0626,0,0
0.063,0,0
0.0634,0,0
0.0638,0,0
0.0642,0,0
0.0646,0,0
0.065,0,0
0.0654,0,0
0.0658,0,0
0.0662,0,0
0.0666,0,0
0.067,0,0
0.0674,0.0118563,0.0118756
0.0678,0,0
0.0682,0.0124552,0.0124765
0.0686,0,0
0.069,0,0
0.0694,0,0
0.0698,0,0
0.0702,0,0
0.0706,0,0
0.071,0,0
0.0714,0,0
0.0718,0,0
0.0722,0,0
0.0726,0,0
0.073,0,0
0.0734,0,0
0.0738,0.0131482,0.0131718
0.0742,0,0
0.0746,0,0
0.075,0.0122012,0.0122215
0.0754,0,0
0.0758,0,0
0.0762,0,0
0.0766,0,0
0.077,0,0
0.0774,0,0
0.0778,0,0
0.0782,0,0
0.0786,0,0
0.079,0,0
0.0794,0,0
0.0798,0.0132003,0.013224
0.0802,0,0
0.0806,0,0
0.081,0,0
0.0814,0,0
0.0818,0,0
0.0822,0,0
0.0826,0.0140329,0.0140597
0.083,0.0135689,0.013594
0.0834,0,0
0.0838,0,0
0.0842,0,0
0.0846,0,0
0.085,0,0
0.0854,0.0147016,0.0147309
0.0858,0,0
0.0862,0,0
0.0866,0,0
0.087,0.0137404,0.0137661
0.0874,0,0
0.0878,0,0
0.0882,0.00974912,0.0117068
0.0886,0,0
0.089,0,0
0.0894,0,0
0.0898,0,0
0.0902,0,0
0.0906,0,0
0.091,0,0
0.0914,0,0
0.0918,0.0131278,0.0131511
0.0922,0,0
0.0926,0,0
0.093,0,0
0.0934,0,0
0.0938,0,0
0.0942,0,0
0.0946,0,0
0.095,0,0
0.0954,0,0
0.0958,0,0
0.0962,0,0
0.0966,0,0
0.097,0,0
0.0974,0,0
0.0978,0.0135421,0.0135668
0.0982,0,0
0.0986,0,0
0.099,0,0
0.0994,0.0119311,0.01376
0.0998,0,0
0.1002,0,0
0.1006,0,0
0.101,0,0
0.1014,0,0
0.1018,0,0
0.1022,0,0
0.1026,0,0
0.103,0,0
0.1034,0,0
0.1038,0.0163903,0.0164264
0.1042,0,0
0.1046,0.0142983,0.0143257
0.105,0,0
0.1054,0,0
0.1058,0,0
0.1062,0,0
0.1066,0,0
0.107,0,0
0.1074,0,0
0.1078,0,0
0.1082,0,0
0.1086,0,0
0.109,0,0
0.1094,0,0
0.1098,0.0182761,0.0183208
0.1102,0.001045,0.00438716
0.1106,0,0
0.111,0,0
0.1114,0,0
0.1118,0,0
0.1122,0,0
0.1126,0,0
0.113,0,0
0.1134,0.0201329,0.0201871
0.1138,0,0
0.1142,0,0
0.1146,0,0
0.115,0,0
0.1154,0,0
0.1158,0,0
0.1162,0,0
0.1166,0,0
0.117,0,0
0.1174,0,0
0.1178,0,0
0.1182,0,0
0.1186,0,0
0.119,0,0
0.1194,0,0
0.1198,0,0
2
-0.1198,0,0
-0.1194,0.00596953,0.00598095
-0.119,0,0
-0.1186,0,0
-0.1182,0,0
-0.1178,0,0
-0.1174,0,0
-0.117,0,0
-0.1166,0,0
-0.1162,0,0
-0.1158,0,0
-0.1154,0,0
-0.115,0,0
-0.1146,0,0
-0.1142,0,0
-0.1138,0,0
-0.1134,0,0
-0.113,0,0
-0.1126,0,0
-0.1122,0,0
-0.1118,0,0
-0.1114,0,0
-0.111,0.00651776,0.00653134
-0.1106,0,0
-0.1102,0,0
-0.1098,0.00610696,0.00611887
-0.1094,0,0
-0.109,0,0
-0.1086,0,0
-0.1082,0,0
-0.1078,0,0
-0.1074,0.00587604,0.00588706
-0.107,0,0
-0.1066,0,0
-0.1062,0,0
-0.1058,0,0
-0.1054,0,0
-0.105,0,0
-0.1046,0,0
-0.1042,0,0
-0.1038,0,0
-0.1034,0,0
-0.103,0,0
-0.1026,0,0
-0.1022,0,0
-0.1018,0,0
-0.1014,0,0
-0.101,0.00600168,0.00601317
-0.1006,0,0
-0.1002,0,0
-0.0998,0,0
-0.0994,0,0
-0.099,0,0
-0.0986,0,0
-0.0982,0,0
-0.0978,0,0
-0.0974,0.00613337,0.00614535
-0.097,0,0
-0.0966,0,0
-0.0962,0,0
-0.0958,0,0
-0.0954,0,0
-0.095,0,0
-0.0946,0,0
-0.0942,0,0
-0.0938,0.011556,0.00818639
-0.0934,0.00253848,0.00397439
-0.093,0,0
-0.0926,0,0
-0.0922,0,0
-0.0918,0,0
-0.0914,0,0
-0.091,0,0
-0.0906,0,0
-0.0902,0,0
-0.0898,0,0
-0.0894,0,0
-0.089,0.00394018,0.00491755
-0.0886,0,0
-0.0882,0,0
-0.0878,0,0
-0.0874,0,0
-0.087,0.00561931,0.00562935
-0.0866,0,0
-0.0862,0.0056449,0.00565503
-0.0858,0.00584671,0.00585757
-0.0854,0,0
-0.085,0,0
-0.0846,0,0
-0.0842,0,0
-0.0838,0,0
-0.0834,0,0
-0.083,0,0
-0.0826,0.00587611,0.00588708
-0.0822,0.00617205,0.00618414
-0.0818,0,0
-0.0814,0,0
-0.081,0,0
-0.0806,0,0
-0.0802,0,0
-0.0798,0,0
-0.0794,0,0
-0.079,0,0
-0.0786,0,0
-0.0782,0,0
-0.0778,0,0
-0.0774,0,0
-0.077,0.00594302,0.00595422
-0.0766,0,0
-0.0762,0.00585123,0.00586209
-0.0758,0,0
-0.0754,0,0
-0.075,0,0
-0.0746,0,0
-0.0742,0,0
-0.0738,0,0
-0.0734,0,0
-0.073,0,0
-0.0726,0,0
-0.0722,0,0
-0.0718,0,0
-0.0714,0,0
-0.071,0,0
-0.0706,0,0
-0.0702,0,0
-0.0698,0,0
-0.0694,0,0
-0.069,0,0
-0.0686,0,0
-0.0682,0,0
-0.0678,0,0
-0.0674,0,0
-0.067,0,0
-0.0666,0,0
-0.0662,0,0
-0.0658,0,0
-0.0654,0,0
-0.065,0,0
-0.0646,0,0
-0.0642,0,0
-0.0638,0,0
-0.0634,0,0
-0.063,0,0
-0.0626,0,0
-0.0622,0,0
-0.0618,0,0
-0.0614,0,0
-0.061,0,0
-0.0606,0,0
-0.0602,0,0
-0.0598,0,0
-0.0594,0.00574682,0.00575726
-0.059,0,0
-0.0586,0,0
-0.0582,0,0
-0.0578,0,0
-0.0574,0,0
-0.057,0,0
-0.0566,0,0
-0.0562,0,0
-0.0558,0.00645207,0.00646521
-0.0554,0,0
-0.055,0,0
-0.0546,0,0
-0.0542,0,0
-0.0538,0,0
-0.0534,0,0
-0.053,0.00579584,0.00580644
-0.0526,0,0
-0.0522,0,0
-0.0518,0,0
-0.0514,0.0059522,0.00596338
-0.051,0,0
-0.0506,0,0
-0.0502,0,0
-0.0498,0,0
-0.0494,0,0
-0.049,0,0
-0.0486,0,0
-0.0482,0.00588167,0.00589257
-0.0478,0,0
-0.0474,0,0
-0.047,0,0
-0.0466,0,0
-0.0462,0,0
-0.0458,0.00546464,0.00547405
-0.0454,0.00261861,0.00379505
-0.045,0,0
-0.0446,0,0
-0.0442,0.00560647,0.00561636
-0.0438,0.00541334,0.00578507
-0.0434,0,0
-0.043,0,0
-0.0426,0,0
-0.0422,0,0
-0.0418,0,0
-0.0414,0.00634711,0.00635979
-0.041,0,0
-0.0406,0,0
-0.0402,0,0
-0.0398,0,0
-0.0394,0,0
-0.039,0,0
-0.0386,0.00593148,0.00594255
-0.0382,0,0
-0.0378,0,0
-0.0374,0,0
-0.037,0,0
-0.0366,0,0
-0.0362,0,0
-0.0358,0,0
-0.0354,0,0
-0.035,0,0
-0.0346,0,0
-0.0342,0,0
-0.0338,0,0
-0.0334,0,0
-0.033,0.00349002,0.0045464
-0.0326,0,0
-0.0322,0,0
-0.0318,0,0
-0.0314,0,0
-0.031,0.000806478,0.00213662
-0.0306,0,0
-0.0302,0,0
-0.0298,0,0
-0.0294,0,0
-0.029,0.00583547,0.00584616
-0.0286,0,0
-0.0282,0.00589205,0.00590294
-0.0278,0.00631099,0.00632348
-0.0274,0,0
-0.027,0,0
-0.0266,0,0
-0.0262,0,0
-0.0258,0,0
-0.0254,0,0
-0.025,0,0
-0.0246,0.00613806,0.00614987
-0.0242,0,0
-0.0238,0,0
-0.0234,0,0
-0.023,0.00557366,0.0055834
-0.0226,0,0
-0.0222,0,0
-0.0218,0,0
-0.0214,0.00615429,0.00616616
-0.021,0,0
-0.0206,0.00443746,0.00495911
-0.0202,0.00552346,0.00553301
-0.0198,0,0
-0.0194,0,0
-0.019,0.011169,0.00791149
-0.0186,0,0
-0.0182,0,0
-0.0178,0,0
-0.0174,0,0
-0.017,0.0118326,0.00838241
-0.0166,0,0
-0.0162,0,0
-0.0158,0.00625481,0.00626705
-0.0154,0.00594402,0.00595507
-0.015,0,0
-0.0146,0.000841194,0.00224579
-0.0142,0,0
-0.0138,0,0
-0.0134,0,0
-0.013,0,0
-0.0126,0,0
-0.0122,0,0
-0.0118,0.00587502,0.00588581
-0.0114,0.000201026,0.00109421
-0.011,0,0
-0.0106,0,0
-0.0102,0,0
-0.0098,0.00615662,0.00616846
-0.0094,0.0121695,0.0086215
-0.009,0,0
-0.0086,0,0
-0.0082,0.00555961,0.00556926
-0.0078,0,0
-0.0074,0,0
-0.007,0,0
-0.0066,0.00605505,0.00606649
-0.0062,0.00576346,0.00577383
-0.0058,0.0277044,0.0126328
-0.0054,0,0
-0.005,0,0
-0.0046,0.0155383,0.00984648
-0.0042,0.0303826,0.013487
-0.0038,0.0335899,0.014092
-0.0034,0.0297441,0.0133811
-0.003,0.0754521,0.0216419
-0.0026,0.0870579,0.0224184
-0.0022,0.190557,0.0325581
-0.0018,0.379499,0.0473809
-0.0014,0.606775,0.0587386
-0.001,1.11388,0.081131
-0.0006,1.60129,0.102557
-0.0002,1.86644,0.105443
0.0002,1.57442,0.095607
0.0006,1.39682,0.0928076
0.001,1.11062,0.0818474
0.0014,0.581138,0.0574257
0.0018,0.318429,0.0415646
0.0022,0.108005,0.0247184
0.0026,0.0206973,0.0108331
0.003,0.0403348,0.0156193
0.0034,0.00374904,0.0048082
0.0038,0.0130383,0.00842322
0.0042,0,0
0.0046,0.00570872,0.00571887
0.005,0,0
0.0054,0.00616818,0.00618003
0.0058,0,0
0.0062,0,0
0.0066,0.00638773,0.00640043
0.007,0,0
0.0074,0,0
0.0078,0,0
0.0082,0,0
0.0086,0,0
0.009,0,0
0.0094,0.00575702,0.00576734
0.0098,0.00199469,0.00341509
0.0102,0,0
0.0106,0,0
0.011,0.00598723,0.00599839
0.0114,0,0
0.0118,0,0
0.0122,0.0053938,0.00540285
0.0126,0.00573011,0.00574033
0.013,0,0
0.0134,0,0
0.0138,0.00601135,0.00602258
0.0142,0,0
0.0146,0,0
0.015,0,0
0.0154,0,0
0.0158,0,0
0.0162,0,0
0.0166,0.00594329,0.00595426
0.017,0.0204602,0.0110737
0.0174,0,0
0.0178,0,0
0.0182,0,0
0.0186,0.00703392,0.00648027
0.019,0,0
0.0194,0,0
0.0198,0,0
0.0202,0.00234954,0.00365276
0.0206,0,0
0.021,0.0131852,0.0093425
0.0214,0,0
0.0218,0,0
0.0222,0,0
0.0226,0,0
0.023,0,0
0.0234,0.0058666,0.00587728
0.0238,0.00591782,0.00592868
0.0242,0,0
0.0246,0,0
0.025,0,0
0.0254,0.00471307,0.00548585
0.0258,0,0
0.0262,0,0
0.0266,0.00619324,0.00620513
0.027,0,0
0.0274,0,0
0.0278,0.00619355,0.00620544
0.0282,0,0
0.0286,0,0
0.029,0,0
0.0294,0,0
0.0298,0.00317821,0.00447365
0.0302,0.00593983,0.00595076
0.0306,0,0
0.031,0,0
0.0314,0.00575447,0.00576473
0.0318,0.00556817,0.00557777
0.0322,0,0
0.0326,0,0
0.033,0,0
0.0334,0,0
0.0338,0,0
0.0342,0,0
0.0346,0,0
0.035,0,0
0.0354,0.00580667,0.00581711
0.0358,0.00574108,0.00575128
0.0362,0,0
0.0366,0.00590852,0.00591933
0.037,0,0
0.0374,0,0
0.0378,0,0
0.0382,0,0
0.0386,0,0
0.039,0,0
0.0394,0,0
0.0398,0,0
0.0402,0,0
0.0406,0,0
0.041,0,0
0.0414,0.011051,0.0084459
0.0418,0.00186372,0.00332938
0.0422,0.00593987,0.00595078
0.0426,0,0
0.043,0,0
0.0434,0.00370877,0.00450514
0.0438,0,0
0.0442,0,0
0.0446,0,0
0.045,0,0
0.0454,0,0
0.0458,0,0
0.0462,0,0
0.0466,0.00568636,0.00569634
0.047,0,0
0.0474,0.00563817,0.00564798
0.0478,0,0
0.0482,0,0
0.0486,0.00569996,0.00570998
0.049,0,0
0.0494,0,0
0.0498,0.00689887,0.00691355
0.0502,0,0
0.0506,0,0
0.051,0,0
0.0514,0,0
0.0518,0.0122494,0.00867803
0.0522,0,0
0.0526,0.00606188,0.0060732
0.053,0,0
0.0534,0,0
0.0538,0,0
0.0542,0,0
0.0546,0.00558158,0.00559117
0.055,0,0
0.0554,0,0
0.0558,0,0
0.0562,0,0
0.0566,0.00590375,0.00591449
0.057,0,0
0.0574,0.00624635,0.00625836
0.0578,0,0
0.0582,0,0
0.0586,0,0
0.059,0,0
0.0594,0.00665681,0.00667045
0.0598,0,0
0.0602,0,0
0.0606,0,0
0.061,0,0
0.0614,0,0
0.0618,0,0
0.0622,0,0
0.0626,0,0
0.063,0,0
0.0634,0,0
0.0638,0,0
0.0642,0,0
0.0646,0,0
0.065,0,0
0.0654,0,0
0.0658,0,0
0.0662,0.00275594,0.00399912
0.0666,0,0
0.067,0,0
0.0674,0,0
0.0678,0,0
0.0682,0,0
0.0686,0,0
0.069,0,0
0.0694,0,0
0.0698,0.00562582,0.00563554
0.0702,0,0
0.0706,0,0
0.071,0,0
0.0714,0,0
0.0718,0,0
0.0722,0,0
0.0726,0,0
0.073,0,0
0.0734,0,0
0.0738,0,0
0.0742,0,0
0.0746,0,0
0.075,0,0
0.0754,0,0
0.0758,0,0
0.0762,0,0
0.0766,0,0
0.077,0.00615134,0.00616293
0.0774,0.00570302,0.00571298
0.0778,0.00596076,0.00597165
0.0782,0,0
0.0786,0,0
0.079,0,0
0.0794,0,0
0.0798,0,0
0.0802,0,0
0.0806,0,0
0.081,0,0
0.0814,0,0
0.0818,0,0
0.0822,0.00574272,0.00575281
0.0826,0,0
0.083,0,0
0.0834,0,0
0.0838,0,0
0.0842,0,0
0.0846,0.00596817,0.00597906
0.085,0,0
0.0854,0,0
0.0858,0,0
0.0862,0,0
0.0866,0,0
0.087,0,0
0.0874,0.00595122,0.00596205
0.0878,0,0
0.0882,0.00188514,0.00342634
0.0886,0,0
0.089,0,0
0.0894,0,0
0.0898,0,0
0.0902,0,0
0.0906,0,0
0.091,0,0
0.0914,0,0
0.0918,0,0
0.0922,0,0
0.0926,0,0
0.093,0,0
0.0934,0,0
0.0938,0,0
0.0942,0,0
0.0946,0,0
0.095,0,0
0.0954,0,0
0.0958,0,0
0.0962,0,0
0.0966,0,0
0.097,0,0
0.0974,0,0
0.0978,0,0
0.0982,0,0
0.0986,0,0
0.099,0,0
0.0994,0.0017092,0.0034607
0.0998,0,0
0.1002,0,0
0.1006,0.00711939,0.00713483
0.101,0.00352756,0.00494638
0.1014,0,0
0.1018,0,0
0.1022,0,0
0.1026,0,0
0.103,0,0
0.1034,0.00446881,0.00543184
0.1038,0,0
0.1042,0,0
0.1046,0,0
0.105,0,0
0.1054,0,0
0.1058,0,0
0.1062,0.00753749,0.00755476
0.1066,0,0
0.107,0,0
0.1074,0,0
0.1078,0,0
0.1082,0,0
0.1086,0,0
0.109,0,0
0.1094,0.0010521,0.00302154
0.1098,0,0
0.1102,0.00760981,0.00785569
0.1106,0,0
0.111,0,0
0.1114,0,0
0.1118,0,0
0.1122,0,0
0.1126,0,0
0.113,0,0
0.1134,0,0
0.1138,0,0
0.1142,0,0
0.1146,0,0
0.115,0,0
0.1154,0,0
0.1158,0,0
0.1162,0.00929767,0.00932387
0.1166,0,0
0.117,0,0
0.1174,0.00915186,0.00917723
0.1178,0,0
0.1182,0,0
0.1186,0.00961289,0.00964088
0.119,0,0
0.1194,0,0
0.1198,0,0
3
-0.1198,0,0
-0.1194,0,0
-0.119,0.0069336,0.00694837
-0.1186,0,0
-0.1182,0.00621786,0.00622973
-0.1178,0,0
-0.1174,0,0
-0.117,0,0
-0.1166,0,0
-0.1162,0,0
-0.1158,0,0
-0.1154,0,0
-0.115,0,0
-0.1146,0,0
-0.1142,0,0
-0.1138,0,0
-0.1134,0,0
-0.113,0,0
-0.1126,0,0
-0.1122,0,0
-0.1118,0,0
-0.1114,0,0
-0.111,0,0
-0.1106,0,0
-0.1102,0,0
-0.1098,0,0
-0.1094,0,0
-0.109,0,0
-0.1086,0.00410927,0.00488731
-0.1082,0,0
-0.1078,0,0
-0.1074,0,0
-0.107,0,0
-0.1066,0,0
-0.1062,0,0
-0.1058,0,0
-0.1054,0,0
-0.105,0,0
-0.1046,0,0
-0.1042,0,0
-0.1038,0,0
-0.1034,0,0
-0.103,0,0
-0.1026,0,0
-0.1022,0,0
-0.1018,0,0
-0.1014,0.00631278,0.00632495
-0.101,0,0
-0.1006,0,0
-0.1002,0,0
-0.0998,0,0
-0.0994,0,0
-0.099,0,0
-0.0986,0,0
-0.0982,0,0
-0.0978,0,0
-0.0974,0,0
-0.097,0,0
-0.0966,0,0
-0.0962,0,0
-0.0958,0,0
-0.0954,0,0
-0.095,0,0
-0.0946,0,0
-0.0942,0,0
-0.0938,0,0
-0.0934,0,0
-0.093,0,0
-0.0926,0,0
-0.0922,0,0
-0.0918,0,0
-0.0914,0,0
-0.091,0,0
-0.0906,0,0
-0.0902,0,0
-0.0898,0,0
-0.0894,0,0
-0.089,0.00640354,0.006416
-0.0886,0,0
-0.0882,0,0
-0.0878,0,0
-0.0874,0,0
-0.087,0,0
-0.0866,0,0
-0.0862,0,0
-0.0858,0,0
-0.0854,0,0
-0.085,0,0
-0.0846,0,0
-0.0842,0,0
-0.0838,0,0
-0.0834,0,0
-0.083,0,0
-0.0826,0,0
-0.0822,0,0
-0.0818,0,0
-0.0814,0,0
-0.081,0.00660789,0.0066211
-0.0806,0,0
-0.0802,0,0
-0.0798,0.00402897,0.00513642
-0.0794,0,0
-0.079,0,0
-0.0786,0,0
-0.0782,0,0
-0.0778,0,0
-0.0774,0,0
-0.077,0,0
-0.0766,0,0
-0.0762,0,0
-0.0758,0,0
-0.0754,0,0
-0.075,0,0
-0.0746,0,0
-0.0742,0,0
-0.0738,0,0
-0.0734,0,0
-0.073,0,0
-0.0726,0,0
-0.0722,0.00634051,0.00635263
-0.0718,0.0055723,0.00558166
-0.0714,0,0
-0.071,0,0
-0.0706,0,0
-0.0702,0,0
-0.0698,0,0
-0.0694,0,0
-0.069,0,0
-0.0686,0,0
-0.0682,0.00664163,0.0066549
-0.0678,0.00627763,0.00628948
-0.0674,0,0
-0.067,0,0
-0.0666,0,0
-0.0662,0,0
-0.0658,0,0
-0.0654,0,0
-0.065,0.00652051,0.00653327
-0.0646,0,0
-0.0642,0,0
-0.0638,0.00575359,0.00576352
-0.0634,0,0
-0.063,0,0
-0.0626,0,0
-0.0622,0,0
-0.0618,0.00610109,0.00611225
-0.0614,0,0
-0.061,0,0
-0.0606,0,0
-0.0602,0,0
-0.0598,0,0
-0.0594,0,0
-0.059,0,0
-0.0586,0,0
-0.0582,0,0
-0.0578,0,0
-0.0574,0,0
-0.057,0,0
-0.0566,0,0
-0.0562,0,0
-0.0558,0,0
-0.0554,0,0
-0.055,0,0
-0.0546,0.00659337,0.00660636
-0.0542,0.0065021,0.00651472
-0.0538,0,0
-0.0534,0,0
-0.053,0,0
-0.0526,0,0
-0.0522,0,0
-0.0518,0,0
-0.0514,0,0
-0.051,0,0
-0.0506,0,0
-0.0502,0,0
-0.0498,0,0
-0.0494,0,0
-0.049,0.00565932,0.00566886
-0.0486,0,0
-0.0482,0.00622528,0.00623682
-0.0478,0.00661877,0.00663181
-0.0474,0,0
-0.047,0,0
-0.0466,0,0
-0.0462,0,0
-0.0458,0.00649085,0.00650338
-0.0454,0,0
-0.045,0.00642352,0.00643579
-0.0446,0,0
-0.0442,0,0
-0.0438,0.000789502,0.00227418
-0.0434,0,0
-0.043,0,0
-0.0426,0,0
-0.0422,0,0
-0.0418,0,0
-0.0414,0,0
-0.041,0,0
-0.0406,0.00614215,0.00615335
-0.0402,0,0
-0.0398,0,0
-0.0394,0.00610279,0.00611384
-0.039,0,0
-0.0386,0,0
-0.0382,0,0
-0.0378,0,0
-0.0374,0,0
-0.037,0,0
-0.0366,0,0
-0.0362,0,0
-0.0358,0,0
-0.0354,0,0
-0.035,0.0066416,0.00665466
-0.0346,0,0
-0.0342,0,0
-0.0338,0,0
-0.0334,0,0
-0.033,0.00256016,0.00401287
-0.0326,0,0
-0.0322,0,0
-0.0318,0.00376789,0.00477816
-0.0314,0,0
-0.031,0.0111293,0.00818145
-0.0306,0,0
-0.0302,0.00698818,0.0070026
-0.0298,0,0
-0.0294,0,0
-0.029,0,0
-0.0286,0,0
-0.0282,0,0
-0.0278,0,0
-0.0274,0.00674044,0.00675384
-0.027,0,0
-0.0266,0,0
-0.0262,0.00630879,0.00632052
-0.0258,0,0
-0.0254,0,0
-0.025,0,0
-0.0246,0,0
-0.0242,0,0
-0.0238,0,0
-0.0234,0,0
-0.023,0,0
-0.0226,0,0
-0.0222,0,0
-0.0218,0,0
-0.0214,0,0
-0.021,0,0
-0.0206,0.00115608,0.00261223
-0.0202,0.00636001,0.0063719
-0.0198,0,0
-0.0194,0,0
-0.019,0,0
-0.0186,0,0
-0.0182,0,0
-0.0178,0,0
-0.0174,0,0
-0.017,0,0
-0.0166,0,0
-0.0162,0,0
-0.0158,0.006669,0.00668204
-0.0154,0.00869754,0.00739809
-0.015,0.00646778,0.00648005
-0.0146,0.00547356,0.00591615
-0.0142,0,0
-0.0138,0,0
-0.0134,0,0
-0.013,0,0
-0.0126,0,0
-0.0122,0,0
-0.0118,0,0
-0.0114,0,0
-0.011,0,0
-0.0106,0.00635538,0.00636721
-0.0102,0,0
-0.0098,0.00350374,0.00471605
-0.0094,0,0
-0.009,0,0
-0.0086,0.0189965,0.010988
-0.0082,0,0
-0.0078,0.00693204,0.00694609
-0.0074,0.00662834,0.00664119
-0.007,0,0
-0.0066,0.0218306,0.0115378
-0.0062,0.0184903,0.0106947
-0.0058,0.00106872,0.00257387
-0.0054,0.00610623,0.00611712
-0.005,0,0
-0.0046,0.0186573,0.0112117
-0.0042,0.00848878,0.00742119
-0.0038,0.024758,0.0124222
-0.0034,0.0367054,0.015622
-0.003,0.0313676,0.0144208
-0.0026,0.0842251,0.022639
-0.0022,0.13073,0.0276313
-0.0018,0.31279,0.0444852
-0.0014,0.481037,0.0540545
-0.001,0.688861,0.0660866
-0.0006,1.33187,0.09671
-0.0002,1.14935,0.0856986
0.0002,1.23929,0.0874595
0.0006,0.985628,0.0806429
0.001,0.756267,0.0698929
0.0014,0.389168,0.0487107
0.0018,0.249017,0.0380065
0.0022,0.0839669,0.0225685
0.0026,0.0359581,0.0147716
0.003,0.0126901,0.00899226
0.0034,0.0253719,0.0129414
0.0038,0.0115737,0.0083319
0.0042,0.0197215,0.0114103
0.0046,0,0
0.005,0,0
0.0054,0,0
0.0058,0,0
0.0062,0.013516,0.00957614
0.0066,0,0
0.007,0.00603044,0.00604101
0.0074,0,0
0.0078,0,0
0.0082,0,0
0.0086,0,0
0.009,0,0
0.0094,0,0
0.0098,0.00410674,0.00507339
0.0102,0,0
0.0106,0,0
0.011,0,0
0.0114,0.00510969,0.00579267
0.0118,0,0
0.0122,0,0
0.0126,0,0
0.013,0,0
0.0134,0,0
0.0138,0,0
0.0142,0,0
0.0146,0.0120563,0.00854002
0.015,0,0
0.0154,0,0
0.0158,0,0
0.0162,0,0
0.0166,0,0
0.017,0.00628703,0.00629847
0.0174,0.00644556,0.00645759
0.0178,0,0
0.0182,0,0
0.0186,0.00522121,0.00578544
0.019,0,0
0.0194,0.00604255,0.00605311
0.0198,0.00623736,0.00624861
0.0202,0.00355438,0.00465606
0.0206,0,0
0.021,0,0
0.0214,0,0
0.0218,0.00725127,0.00726646
0.0222,0,0
0.0226,0,0
0.023,0,0
0.0234,0,0
0.0238,0.000246838,0.00131033
0.0242,0,0
0.0246,0,0
0.025,0,0
0.0254,0,0
0.0258,0,0
0.0262,0,0
0.0266,0,0
0.027,0,0
0.0274,0,0
0.0278,0,0
0.0282,0,0
0.0286,0,0
0.029,0.00611156,0.00612232
0.0294,0,0
0.0298,0.0100366,0.00824556
0.0302,0,0
0.0306,0,0
0.031,0.00641064,0.00642247
0.0314,0,0
0.0318,0,0
0.0322,0,0
0.0326,0,0
0.033,0,0
0.0334,0,0
0.0338,0,0
0.0342,0,0
0.0346,0,0
0.035,0.0128767,0.0091221
0.0354,0.00123579,0.00278459
0.0358,0,0
0.0362,0,0
0.0366,0,0
0.037,0,0
0.0374,0.000810952,0.0021702
0.0378,0.00621796,0.00622907
0.0382,0,0
0.0386,0.00229432,0.00382645
0.039,0,0
0.0394,0,0
0.0398,0,0
0.0402,0,0
0.0406,0,0
0.041,0,0
0.0414,0.00194796,0.00368111
0.0418,0,0
0.0422,0.00640194,0.0064137
0.0426,0,0
0.043,0,0
0.0434,0,0
0.0438,0,0
0.0442,0,0
0.0446,0.00649959,0.00651169
0.045,0,0
0.0454,0,0
0.0458,0.00632691,0.00633837
0.0462,0,0
0.0466,0,0
0.047,0,0
0.0474,0,0
0.0478,0,0
0.0482,0,0
0.0486,0.00651459,0.00652672
0.049,0,0
0.0494,0,0
0.0498,0,0
0.0502,0,0
0.0506,0,0
0.051,0,0
0.0514,0,0
0.0518,0,0
0.0522,0,0
0.0526,0,0
0.053,0,0
0.0534,0,0
0.0538,0,0
0.0542,0,0
0.0546,0,0
0.055,0,0
0.0554,0,0
0.0558,0,0
0.0562,0,0
0.0566,0,0
0.057,0,0
0.0574,0,0
0.0578,0,0
0.0582,0,0
0.0586,0.00650247,0.00651452
0.059,0,0
0.0594,0,0
0.0598,0,0
0.0602,0,0
0.0606,0,0
0.061,0,0
0.0614,0,0
0.0618,0,0
0.0622,0,0
0.0626,0,0
0.063,0.0124461,0.00882429
0.0634,0.00596004,0.00597015
0.0638,0,0
0.0642,0.0060906,0.00610116
0.0646,0,0
0.065,0.0125798,0.0089112
0.0654,0.00618691,0.0061978
0.0658,0.0056521,0.00595197
0.0662,0.00326939,0.00452709
0.0666,0,0
0.067,0,0
0.0674,0,0
0.0678,0,0
0.0682,0,0
0.0686,0,0
0.069,0.00616633,0.00617713
0.0694,0,0
0.0698,0,0
0.0702,0,0
0.0706,0,0
0.071,0,0
0.0714,0,0
0.0718,0,0
0.0722,0,0
0.0726,0.00633569,0.00634708
0.073,0,0
0.0734,0,0
0.0738,0,0
0.0742,0.00614411,0.00615482
0.0746,0,0
0.075,0,0
0.0754,0,0
0.0758,0,0
0.0762,0,0
0.0766,0,0
0.077,0,0
0.0774,0.00616478,0.00617555
0.0778,0,0
0.0782,0,0
0.0786,0,0
0.079,0,0
0.0794,0,0
0.0798,0.00240358,0.00390978
0.0802,0,0
0.0806,0,0
0.081,0,0
0.0814,0,0
0.0818,0,0
0.0822,0,0
0.0826,0,0
0.083,0,0
0.0834,0,0
0.0838,0,0
0.0842,0,0
0.0846,0,0
0.085,0,0
0.0854,0,0
0.0858,0.00627444,0.00628557
0.0862,0,0
0.0866,0,0
0.087,0,0
0.0874,0,0
0.0878,0,0
0.0882,0,0
0.0886,0,0
0.089,0,0
0.0894,0,0
0.0898,0,0
0.0902,0,0
0.0906,0,0
0.091,0,0
0.0914,0,0
0.0918,0,0
0.0922,0,0
0.0926,0,0
0.093,0,0
0.0934,0,0
0.0938,0.00650712,0.00651907
0.0942,0,0
0.0946,0,0
0.095,0,0
0.0954,0.00671223,0.00672494
0.0958,0,0
0.0962,0,0
0.0966,0,0
0.097,0,0
0.0974,0,0
0.0978,0,0
0.0982,0,0
0.0986,0.00724389,0.00725868
0.099,0,0
0.0994,0,0
0.0998,0,0
0.1002,0,0
0.1006,0,0
0.101,0.00365447,0.00523559
0.1014,0,0
0.1018,0,0
0.1022,0,0
0.1026,0,0
0.103,0,0
0.1034,0.0022786,0.00403332
0.1038,0,0
0.1042,0,0
0.1046,0,0
0.105,0,0
0.1054,0,0
0.1058,0.00765522,0.00767171
0.1062,0,0
0.1066,0,0
0.107,0,0
0.1074,0,0
0.1078,0,0
0.1082,0,0
0.1086,0,0
0.109,0,0
0.1094,0.00819311,0.00876615
0.1098,0,0
0.1102,0,0
0.1106,0,0
0.111,0,0
0.1114,0,0
0.1118,0,0
0.1122,0,0
0.1126,0.0088531,0.00887511
0.113,0,0
0.1134,0,0
0.1138,0,0
0.1142,0,0
0.1146,0,0
0.115,0,0
0.1154,0,0
0.1158,0,0
0.1162,0,0
0.1166,0,0
0.117,0,0
0.1174,0.00916031,0.00918386
0.1178,0,0
0.1182,0,0
0.1186,0,0
0.119,0,0
0.1194,0,0
0.1198,0,0
4
-0.1198,0,0
-0.1194,0,0
-0.119,0.00640425,0.00641682
-0.1186,0,0
-0.1182,0,0
-0.1178,0,0
-0.1174,0,0
-0.117,0,0
-0.1166,0,0
-0.1162,0,0
-0.1158,0,0
-0.1154,0,0
-0.115,0,0
-0.1146,0,0
-0.1142,0,0
-0.1138,0,0
-0.1134,0,0
-0.113,0,0
-0.1126,0,0
-0.1122,0,0
-0.1118,0,0
-0.1114,0,0
-0.111,0,0
-0.1106,0,0
-0.1102,0,0
-0.1098,0,0
-0.1094,0.00676413,0.00677807
-0.109,0,0
-0.1086,0.00169043,0.0031417
-0.1082,0,0
-0.1078,0,0
-0.1074,0,0
-0.107,0,0
-0.1066,0,0
-0.1062,0,0
-0.1058,0,0
-0.1054,0,0
-0.105,0,0
-0.1046,0,0
-0.1042,0,0
-0.1038,0,0
-0.1034,0,0
-0.103,0,0
-0.1026,0,0
-0.1022,0,0
-0.1018,0,0
-0.1014,0,0
-0.101,0,0
-0.1006,0,0
-0.1002,0,0
-0.0998,0,0
-0.0994,0,0
-0.099,0,0
-0.0986,0,0
-0.0982,0.00632324,0.00633537
-0.0978,0,0
-0.0974,0,0
-0.097,0,0
-0.0966,0,0
-0.0962,0,0
-0.0958,0,0
-0.0954,0,0
-0.095,0,0
-0.0946,0,0
-0.0942,0,0
-0.0938,0,0
-0.0934,0,0
-0.093,0,0
-0.0926,0,0
-0.0922,0,0
-0.0918,0,0
-0.0914,0,0
-0.091,0,0
-0.0906,0,0
-0.0902,0,0
-0.0898,0,0
-0.0894,0,0
-0.089,0,0
-0.0886,0,0
-0.0882,0,0
-0.0878,0,0
-0.0874,0,0
-0.087,0,0
-0.0866,0,0
-0.0862,0.00595097,0.00596165
-0.0858,0,0
-0.0854,0,0
-0.085,0,0
-0.0846,0,0
-0.0842,0,0
-0.0838,0,0
-0.0834,0,0
-0.083,0,0
-0.0826,0,0
-0.0822,0,0
-0.0818,0,0
-0.0814,0,0
-0.081,0,0
-0.0806,0,0
-0.0802,0,0
-0.0798,0.00250697,0.00406258
-0.0794,0,0
-0.079,0,0
-0.0786,0,0
-0.0782,0,0
-0.0778,0,0
-0.0774,0.00687047,0.00688465
-0.077,0,0
-0.0766,0,0
-0.0762,0,0
-0.0758,0,0
-0.0754,0,0
-0.075,0,0
-0.0746,0,0
-0.0742,0,0
-0.0738,0,0
-0.0734,0,0
-0.073,0,0
-0.0726,0,0
-0.0722,0.0063672,0.00637936
-0.0718,0,0
-0.0714,0,0
-0.071,0,0
-0.0706,0,0
-0.0702,0,0
-0.0698,0,0
-0.0694,0,0
-0.069,0,0
-0.0686,0.0062562,0.00626793
-0.0682,0,0
-0.0678,0,0
-0.0674,0,0
-0.067,0.00601984,0.0060307
-0.0666,0.00570237,0.00571211
-0.0662,0,0
-0.0658,0,0
-0.0654,0.00600325,0.00601404
-0.065,0,0
-0.0646,0,0
-0.0642,0,0
-0.0638,0,0
-0.0634,0,0
-0.063,0,0
-0.0626,0,0
-0.0622,0,0
-0.0618,0,0
-0.0614,0,0
-0.061,0,0
-0.0606,0,0
-0.0602,0,0
-0.0598,0,0
-0.0594,0,0
-0.059,0,0
-0.0586,0,0
-0.0582,0,0
-0.0578,0,0
-0.0574,0,0
-0.057,0,0
-0.0566,0,0
-0.0562,0,0
-0.0558,0,0
-0.0554,0,0
-0.055,0,0
-0.0546,0,0
-0.0542,0,0
-0.0538,0.0066477,0.00666088
-0.0534,0,0
-0.053,0,0
-0.0526,0,0
-0.0522,0,0
-0.0518,0,0
-0.0514,0.00669829,0.00671167
-0.051,0,0
-0.0506,0,0
-0.0502,0.00635036,0.00636238
-0.0498,0,0
-0.0494,0,0
-0.049,0.00565853,0.00566807
-0.0486,0,0
-0.0482,0,0
-0.0478,0,0
-0.0474,0,0
-0.047,0,0
-0.0466,0,0
-0.0462,0,0
-0.0458,0,0
-0.0454,0,0
-0.045,0,0
-0.0446,0,0
-0.0442,0,0
-0.0438,0,0
-0.0434,0.000958993,0.00240602
-0.043,0.00614149,0.00615272
-0.0426,0,0
-0.0422,0,0
-0.0418,0,0
-0.0414,0.00627814,0.00628987
-0.041,0,0
-0.0406,0,0
-0.0402,0,0
-0.0398,0,0
-0.0394,0,0
-0.039,0,0
-0.0386,0,0
-0.0382,0,0
-0.0378,0,0
-0.0374,0,0
-0.037,0,0
-0.0366,0,0
-0.0362,0.00612211,0.00613325
-0.0358,0,0
-0.0354,0.0061096,0.00612069
-0.035,0,0
-0.0346,0,0
-0.0342,0,0
-0.0338,0,0
-0.0334,0,0
-0.033,0,0
-0.0326,0,0
-0.0322,0,0
-0.0318,0.00225978,0.00369214
-0.0314,0,0
-0.031,0,0
-0.0306,0.013658,0.00967724
-0.0302,0,0
-0.0298,0,0
-0.0294,0,0
-0.029,0,0
-0.0286,0,0
-0.0282,0,0
-0.0278,0,0
-0.0274,0.00601469,0.00636144
-0.027,0.00589716,0.00590748
-0.0266,0,0
-0.0262,0,0
-0.0258,0,0
-0.0254,0,0
-0.025,0,0
-0.0246,0,0
-0.0242,0,0
-0.0238,0,0
-0.0234,0,0
-0.023,0.0058897,0.00589999
-0.0226,0,0
-0.0222,0,0
-0.0218,0,0
-0.0214,0,0
-0.021,0.00578618,0.00579611
-0.0206,0.00583403,0.00584412
-0.0202,0.000532361,0.00183581
-0.0198,0,0
-0.0194,0.00642361,0.00643584
-0.019,0,0
-0.0186,0,0
-0.0182,0,0
-0.0178,0,0
-0.0174,0,0
-0.017,0.0124918,0.00884942
-0.0166,0,0
-0.0162,0,0
-0.0158,0,0
-0.0154,0.00368802,0.00472152
-0.015,0,0
-0.0146,0.00630345,0.00631522
-0.0142,0,0
-0.0138,0.00603663,0.00604744
-0.0134,0.00618399,0.00619533
-0.013,0.00614531,0.0061565
-0.0126,0,0
-0.0122,0,0
-0.0118,0,0
-0.0114,0,0
-0.011,0,0
-0.0106,0.0123352,0.00873968
-0.0102,0,0
-0.0098,0.00902933,0.00752273
-0.0094,0,0
-0.009,0,0
-0.0086,0,0
-0.0082,0,0
-0.0078,0.00683754,0.0068514
-0.0074,0.00653641,0.00654908
-0.007,0,0
-0.0066,0.00233698,0.00369646
-0.0062,0.00606785,0.00607877
-0.0058,0,0
-0.0054,0.00576002,0.00576986
-0.005,0.00639487,0.00640699
-0.0046,0.00262732,0.00417982
-0.0042,0,0
-0.0038,0.0259875,0.013038
-0.0034,0.0291729,0.0137954
-0.003,0.0389223,0.0159456
-0.0026,0.101498,0.0246868
-0.0022,0.113382,0.0257403
-0.0018,0.336339,0.0457969
-0.0014,0.470313,0.0530921
-0.001,0.699938,0.0660279
-0.0006,1.03077,0.0844999
-0.0002,1.08118,0.0824114
0.0002,1.09557,0.0817325
0.0006,1.02687,0.0815222
0.001,0.707636,0.0669569
0.0014,0.398171,0.0486405
0.0018,0.141365,0.0283642
0.0022,0.0821664,0.0221074
0.0026,0.0505713,0.0174948
0.003,0.0436946,0.0165502
0.0034,0.00531269,0.00573961
0.0038,0.00427009,0.00529157
0.0042,0.00653146,0.00654413
0.0046,0.00626178,0.00627342
0.005,0,0
0.0054,0.00646894,0.00648136
0.0058,0,0
0.0062,0,0
0.0066,0,0
0.007,0,0
0.0074,0,0
0.0078,0,0
0.0082,0.0117163,0.00829939
0.0086,0.00580746,0.00581748
0.009,0,0
0.0094,0.0114541,0.00812449
0.0098,0,0
0.0102,0,0
0.0106,0,0
0.011,0,0
0.0114,0.0013983,0.00299398
0.0118,0.0115789,0.00820417
0.0122,0,0
0.0126,0,0
0.013,0,0
0.0134,0,0
0.0138,0,0
0.0142,0,0
0.0146,0,0
0.015,0,0
0.0154,0,0
0.0158,0,0
0.0162,0,0
0.0166,0,0
0.017,0,0
0.0174,0,0
0.0178,0.0120507,0.0085371
0.0182,0,0
0.0186,0.0060667,0.00607765
0.019,0,0
0.0194,0,0
0.0198,0.00606237,0.0060733
0.0202,0,0
0.0206,0,0
0.021,0,0
0.0214,0,0
0.0218,0,0
0.0222,0,0
0.0226,0,0
0.023,0.00591311,0.00592352
0.0234,0,0
0.0238,0.0132027,0.00943884
0.0242,0,0
0.0246,0,0
0.025,0,0
0.0254,0,0
0.0258,0,0
0.0262,0,0
0.0266,0,0
0.027,0,0
0.0274,0,0
0.0278,0,0
0.0282,0,0
0.0286,0.00571458,0.0057243
0.029,0.0060605,0.00607143
0.0294,0,0
0.0298,0.00334641,0.00468291
0.0302,0,0
0.0306,0,0
0.031,0.00619826,0.00620969
0.0314,0,0
0.0318,0,0
0.0322,0,0
0.0326,0,0
0.033,0.00578935,0.00579933
0.0334,0.00607715,0.00608815
0.0338,0,0
0.0342,0,0
0.0346,0,0
0.035,0,0
0.0354,0.0108733,0.00811376
0.0358,0,0
0.0362,0,0
0.0366,0,0
0.037,0,0
0.0374,0.00479868,0.00518345
0.0378,0,0
0.0382,0,0
0.0386,0.00391607,0.0049072
0.039,0,0
0.0394,0,0
0.0398,0,0
0.0402,0,0
0.0406,0,0
0.041,0,0
0.0414,0,0
0.0418,0,0
0.0422,0,0
0.0426,0.00554897,0.00555815
0.043,0,0
0.0434,0.00565314,0.00566267
0.0438,0,0
0.0442,0,0
0.0446,0,0
0.045,0,0
0.0454,0,0
0.0458,0,0
0.0462,0,0
0.0466,0,0
0.047,0,0
0.0474,0,0
0.0478,0.00544361,0.00545245
0.0482,0,0
0.0486,0,0
0.049,0,0
0.0494,0,0
0.0498,0,0
0.0502,0,0
0.0506,0,0
0.051,0.00629515,0.00630697
0.0514,0,0
0.0518,0.00633055,0.0063425
0.0522,0,0
0.0526,0,0
0.053,0,0
0.0534,0,0
0.0538,0,0
0.0542,0,0
0.0546,0,0
0.055,0,0
0.0554,0,0
0.0558,0,0
0.0562,0,0
0.0566,0.00609417,0.00610525
0.057,0,0
0.0574,0.00644652,0.00645892
0.0578,0,0
0.0582,0,0
0.0586,0,0
0.059,0,0
0.0594,0,0
0.0598,0,0
0.0602,0,0
0.0606,0.00566199,0.00567156
0.061,0,0
0.0614,0,0
0.0618,0,0
0.0622,0.0125004,0.00885565
0.0626,0,0
0.063,0.0043282,0.00518518
0.0634,0,0
0.0638,0,0
0.0642,0,0
0.0646,0,0
0.065,0,0
0.0654,0,0
0.0658,0.000565651,0.0018383
0.0662,0,0
0.0666,0,0
0.067,0.00571539,0.00572514
0.0674,0,0
0.0678,0,0
0.0682,0,0
0.0686,0.00571022,0.00571995
0.069,0,0
0.0694,0,0
0.0698,0,0
0.0702,0,0
0.0706,0.00571705,0.00572681
0.071,0,0
0.0714,0,0
0.0718,0,0
0.0722,0,0
0.0726,0,0
0.073,0,0
0.0734,0,0
0.0738,0,0
0.0742,0,0
0.0746,0,0
0.075,0,0
0.0754,0,0
0.0758,0,0
0.0762,0,0
0.0766,0,0
0.077,0,0
0.0774,0,0
0.0778,0.00611762,0.00612879
0.0782,0,0
0.0786,0,0
0.079,0,0
0.0794,0,0
0.0798,0.00373209,0.00474554
0.0802,0,0
0.0806,0,0
0.081,0,0
0.0814,0,0
0.0818,0,0
0.0822,0,0
0.0826,0,0
0.083,0,0
0.0834,0,0
0.0838,0,0
0.0842,0,0
0.0846,0,0
0.085,0,0
0.0854,0,0
0.0858,0,0
0.0862,0,0
0.0866,0,0
0.087,0,0
0.0874,0,0
0.0878,0,0
0.0882,0,0
0.0886,0,0
0.089,0.00609753,0.00610863
0.0894,0,0
0.0898,0,0
0.0902,0,0
0.0906,0.00562814,0.00563759
0.091,0,0
0.0914,0.013387,0.00948497
0.0918,0,0
0.0922,0,0
0.0926,0,0
0.093,0,0
0.0934,0,0
0.0938,0,0
0.0942,0,0
0.0946,0,0
0.095,0,0
0.0954,0,0
0.0958,0.0063453,0.00635731
0.0962,0,0
0.0966,0,0
0.097,0,0
0.0974,0,0
0.0978,0,0
0.0982,0,0
0.0986,0,0
0.099,0,0
0.0994,0,0
0.0998,0,0
0.1002,0.00686355,0.0068776
0.1006,0,0
0.101,0,0
0.1014,0,0
0.1018,0.00697497,0.00698948
0.1022,0,0
0.1026,0,0
0.103,0,0
0.1034,0,0
0.1038,0,0
0.1042,0.00689596,0.00691014
0.1046,0,0
0.105,0,0
0.1054,0,0
0.1058,0,0
0.1062,0,0
0.1066,0,0
0.107,0,0
0.1074,0,0
0.1078,0,0
0.1082,0.00808552,0.00810499
0.1086,0,0
0.109,0,0
0.1094,0,0
0.1098,0,0
0.1102,0,0
0.1106,0,0
0.111,0.00839091,0.00841187
0.1114,0,0
0.1118,0,0
0.1122,0,0
0.1126,0,0
0.113,0.00824509,0.00826533
0.1134,0,0
0.1138,0.00844249,0.0084637
0.1142,0,0
0.1146,0,0
0.115,0,0
0.1154,0,0
0.1158,0,0
0.1162,0,0
0.1166,0,0
0.117,0,0
0.1174,0.00864425,0.00866647
0.1178,0.00937004,0.00939614
0.1182,0,0
0.1186,0,0
0.119,0,0
0.1194,0,0
0.1198,0,0
5
-0.1198,0,0
-0.1194,0,0
-0.119,0.00688591,0.00696309
-0.1186,0,0
-0.1182,0,0
-0.1178,0,0
-0.1174,0,0
-0.117,0,0
-0.1166,0,0
-0.1162,0,0
-0.1158,0,0
-0.1154,0,0
-0.115,0,0
-0.1146,0,0
-0.1142,0,0
-0.1138,0,0
-0.1134,0,0
-0.113,0,0
-0.1126,0,0
-0.1122,0,0
-0.1118,0,0
-0.1114,0,0
-0.111,0,0
-0.1106,0,0
-0.1102,0,0
-0.1098,0,0
-0.1094,0.00682819,0.00684226
-0.109,0,0
-0.1086,0,0
-0.1082,0,0
-0.1078,0.00597203,0.00598279
-0.1074,0,0
-0.107,0,0
-0.1066,0,0
-0.1062,0,0
-0.1058,0,0
-0.1054,0,0
-0.105,0,0
-0.1046,0,0
-0.1042,0,0
-0.1038,0,0
-0.1034,0,0
-0.103,0,0
-0.1026,0.00647694,0.00648955
-0.1022,0,0
-0.1018,0,0
-0.1014,0,0
-0.101,0.00667634,0.00668972
-0.1006,0,0
-0.1002,0,0
-0.0998,0,0
-0.0994,0.00601257,0.00641745
-0.099,0,0
-0.0986,0,0
-0.0982,0,0
-0.0978,0,0
-0.0974,0,0
-0.097,0,0
-0.0966,0,0
-0.0962,0,0
-0.0958,0,0
-0.0954,0,0
-0.095,0,0
-0.0946,0,0
-0.0942,0,0
-0.0938,0,0
-0.0934,0.00660779,0.00662082
-0.093,0,0
-0.0926,0,0
-0.0922,0,0
-0.0918,0.00652123,0.00653392
-0.0914,0,0
-0.091,0,0
-0.0906,0,0
-0.0902,0,0
-0.0898,0,0
-0.0894,0,0
-0.089,0,0
-0.0886,0.0065179,0.00653055
-0.0882,0.00670616,0.00671954
-0.0878,0,0
-0.0874,0,0
-0.087,0,0
-0.0866,0,0
-0.0862,0,0
-0.0858,0,0
-0.0854,0,0
-0.085,0,0
-0.0846,0,0
-0.0842,0,0
-0.0838,0,0
-0.0834,0,0
-0.083,0,0
-0.0826,0,0
-0.0822,0,0
-0.0818,0,0
-0.0814,0,0
-0.081,0,0
-0.0806,0,0
-0.0802,0,0
-0.0798,0.00659423,0.00660711
-0.0794,0,0
-0.079,0,0
-0.0786,0,0
-0.0782,0,0
-0.0778,0,0
-0.0774,0,0
-0.077,0,0
-0.0766,0,0
-0.0762,0,0
-0.0758,0,0
-0.0754,0,0
-0.075,0,0
-0.0746,0,0
-0.0742,0,0
-0.0738,0,0
-0.0734,0,0
-0.073,0,0
-0.0726,0,0
-0.0722,0,0
-0.0718,0,0
-0.0714,0,0
-0.071,0,0
-0.0706,0,0
-0.0702,0,0
-0.0698,0,0
-0.0694,0,0
-0.069,0,0
-0.0686,0.012733,0.00902051
-0.0682,0,0
-0.0678,0,0
-0.0674,0,0
-0.067,0,0
-0.0666,0,0
-0.0662,0,0
-0.0658,0,0
-0.0654,0,0
-0.065,0,0
-0.0646,0,0
-0.0642,0,0
-0.0638,0,0
-0.0634,0,0
-0.063,0,0
-0.0626,0,0
-0.0622,0,0
-0.0618,0,0
-0.0614,0,0
-0.061,0,0
-0.0606,0,0
-0.0602,0,0
-0.0598,0.00633906,0.00635085
-0.0594,0,0
-0.059,0,0
-0.0586,0,0
-0.0582,0,0
-0.0578,0,0
-0.0574,0.00664495,0.00665788
-0.057,0,0
-0.0566,0.00645156,0.00646375
-0.0562,0.00597718,0.00598764
-0.0558,0.00594853,0.00595889
-0.0554,0,0
-0.055,0,0
-0.0546,0,0
-0.0542,0.00677752,0.00679096
-0.0538,0.00699368,0.00700798
-0.0534,0,0
-0.053,0,0
-0.0526,0,0
-0.0522,0,0
-0.0518,0,0
-0.0514,0,0
-0.051,0,0
-0.0506,0,0
-0.0502,0,0
-0.0498,0.00661499,0.00662777
-0.0494,0,0
-0.049,0,0
-0.0486,0,0
-0.0482,0,0
-0.0478,0,0
-0.0474,0.00685893,0.00687266
-0.047,0,0
-0.0466,0,0
-0.0462,0,0
-0.0458,0,0
-0.0454,0,0
-0.045,0,0
-0.0446,0,0
-0.0442,0,0
-0.0438,0,0
-0.0434,0.00516288,0.00564135
-0.043,0,0
-0.0426,0,0
-0.0422,0,0
-0.0418,0,0
-0.0414,0.00641248,0.00642446
-0.041,0,0
-0.0406,0,0
-0.0402,0,0
-0.0398,0.00577737,0.00578709
-0.0394,0,0
-0.039,0,0
-0.0386,0,0
-0.0382,0,0
-0.0378,0,0
-0.0374,0,0
-0.037,0.00608399,0.00609476
-0.0366,0,0
-0.0362,0.00625642,0.0062678
-0.0358,0,0
-0.0354,0,0
-0.035,0,0
-0.0346,0,0
-0.0342,0,0
-0.0338,0,0
-0.0334,0,0
-0.033,0,0
-0.0326,0,0
-0.0322,0.00614527,0.00615624
-0.0318,0,0
-0.0314,0,0
-0.031,0,0
-0.0306,0,0
-0.0302,0.00698355,0.0069977
-0.0298,0.00634867,0.00636037
-0.0294,0.00617641,0.00618748
-0.029,0,0
-0.0286,0,0
-0.0282,0,0
-0.0278,0,0
-0.0274,0.0143834,0.00993931
-0.027,0,0
-0.0266,0,0
-0.0262,0,0
-0.0258,0,0
-0.0254,0,0
-0.025,0,0
-0.0246,0,0
-0.0242,0,0
-0.0238,0,0
-0.0234,0,0
-0.023,0,0
-0.0226,0,0
-0.0222,0,0
-0.0218,0,0
-0.0214,0.00674943,0.00676262
-0.021,0,0
-0.0206,0,0
-0.0202,0.00591273,0.00619082
-0.0198,0.00657742,0.00658995
-0.0194,0,0
-0.019,0.0060397,0.00605027
-0.0186,0,0
-0.0182,0.00615955,0.00617053
-0.0178,0.00597344,0.00598377
-0.0174,0,0
-0.017,0.00639829,0.00641014
-0.0166,0,0
-0.0162,0,0
-0.0158,0,0
-0.0154,0,0
-0.015,0,0
-0.0146,0.00645976,0.00647183
-0.0142,0,0
-0.0138,0,0
-0.0134,0,0
-0.013,0,0
-0.0126,0,0
-0.0122,0,0
-0.0118,0,0
-0.0114,0,0
-0.011,0,0
-0.0106,0.00643851,0.00645049
-0.0102,0,0
-0.0098,0.00665751,0.00667032
-0.0094,0,0
-0.009,0,0
-0.0086,0,0
-0.0082,0.00601199,0.00602243
-0.0078,0,0
-0.0074,0,0
-0.007,0,0
-0.0066,0,0
-0.0062,0.0124654,0.00883022
-0.0058,0,0
-0.0054,0,0
-0.005,0.0131427,0.00931092
-0.0046,0.00680747,0.00682084
-0.0042,0.0130803,0.00926665
-0.0038,0.0181619,0.0105042
-0.0034,0.0336314,0.0150762
-0.003,0.0461135,0.0174466
-0.0026,0.0984006,0.0246537
-0.0022,0.234691,0.0376582
-0.0018,0.375048,0.0489315
-0.0014,0.646021,0.0630655
-0.001,0.868758,0.0746034
-0.0006,1.45972,0.101719
-0.0002,1.19998,0.0878672
0.0002,1.13068,0.0839288
0.0006,0.946969,0.0794216
0.001,0.612502,0.0632068
0.0014,0.276903,0.0411957
0.0018,0.201307,0.0343664
0.0022,0.0728855,0.0211028
0.0026,0.0619266,0.0196207
0.003,0.0321669,0.014416
0.0034,0.0370082,0.015585
0.0038,0.0125812,0.00893364
0.0042,0.00644592,0.00645791
0.0046,0.00616435,0.00617532
0.005,0,0
0.0054,0.0199456,0.0115378
0.0058,0,0
0.0062,0,0
0.0066,0,0
0.007,0.00607466,0.0060853
0.0074,0,0
0.0078,0,0
0.0082,0,0
0.0086,0,0
0.009,0,0
0.0094,0,0
0.0098,0.0062831,0.00629449
0.0102,0.00638275,0.0063945
0.0106,0,0
0.011,0,0
0.0114,0,0
0.0118,0,0
0.0122,0,0
0.0126,0.00593012,0.00594027
0.013,0,0
0.0134,0,0
0.0138,0,0
0.0142,0.00637616,0.00638789
0.0146,0.00613783,0.00614871
0.015,0.0061376,0.00614847
0.0154,0,0
0.0158,0,0
0.0162,0,0
0.0166,0,0
0.017,0,0
0.0174,0.00646398,0.00647604
0.0178,0,0
0.0182,0,0
0.0186,0.00625296,0.00626424
0.019,0,0
0.0194,0,0
0.0198,0,0
0.0202,0,0
0.0206,0,0
0.021,0,0
0.0214,0,0
0.0218,0,0
0.0222,0.00651224,0.00652448
0.0226,0.00609785,0.00610858
0.023,0,0
0.0234,0,0
0.0238,0,0
0.0242,0.00651787,0.00653013
0.0246,0,0
0.025,0,0
0.0254,0,0
0.0258,0,0
0.0262,0.00636807,0.00637977
0.0266,0,0
0.027,0,0
0.0274,0,0
0.0278,0,0
0.0282,0,0
0.0286,0.00625509,0.00626638
0.029,0,0
0.0294,0,0
0.0298,0.00673856,0.00675166
0.0302,0,0
0.0306,0,0
0.031,0.00639897,0.00641078
0.0314,0,0
0.0318,0,0
0.0322,0.00631849,0.00633001
0.0326,0.0129111,0.00914859
0.033,0.00597887,0.00598918
0.0334,0,0
0.0338,0,0
0.0342,0,0
0.0346,0,0
0.035,0,0
0.0354,0,0
0.0358,0,0
0.0362,0,0
0.0366,0,0
0.037,0,0
0.0374,0,0
0.0378,0,0
0.0382,0,0
0.0386,0,0
0.039,0,0
0.0394,0,0
0.0398,0,0
0.0402,0,0
0.0406,0,0
0.041,0,0
0.0414,0,0
0.0418,0,0
0.0422,0,0
0.0426,0.00656276,0.00657517
0.043,0,0
0.0434,0,0
0.0438,0,0
0.0442,0,0
0.0446,0.012635,0.00895306
0.045,0,0
0.0454,0,0
0.0458,0.00618081,0.00619181
0.0462,0,0
0.0466,0,0
0.047,0,0
0.0474,0,0
0.0478,0,0
0.0482,0.0064748,0.00648687
0.0486,0,0
0.049,0,0
0.0494,0,0
0.0498,0,0
0.0502,0,0
0.0506,0.013021,0.00924221
0.051,0,0
0.0514,0,0
0.0518,0,0
0.0522,0,0
0.0526,0,0
0.053,0,0
0.0534,0,0
0.0538,0,0
0.0542,0,0
0.0546,0,0
0.055,0,0
0.0554,0,0
0.0558,0,0
0.0562,0,0
0.0566,0,0
0.057,0,0
0.0574,0,0
0.0578,0,0
0.0582,0,0
0.0586,0,0
0.059,0,0
0.0594,0,0
0.0598,0,0
0.0602,0,0
0.0606,0,0
0.061,0,0
0.0614,0,0
0.0618,0,0
0.0622,0,0
0.0626,0,0
0.063,0.00193528,0.00353596
0.0634,0.00591405,0.00592409
0.0638,0,0
0.0642,0,0
0.0646,0,0
0.065,0,0
0.0654,0,0
0.0658,0,0
0.0662,0,0
0.0666,0,0
0.067,0,0
0.0674,0,0
0.0678,0,0
0.0682,0,0
0.0686,0,0
0.069,0,0
0.0694,0,0
0.0698,0,0
0.0702,0,0
0.0706,0,0
0.071,0,0
0.0714,0,0
0.0718,0,0
0.0722,0,0
0.0726,0,0
0.073,0,0
0.0734,0,0
0.0738,0,0
0.0742,0,0
0.0746,0,0
0.075,0,0
0.0754,0,0
0.0758,0,0
0.0762,0.00651701,0.00652915
0.0766,0.00659585,0.00660828
0.077,0,0
0.0774,0,0
0.0778,0,0
0.0782,0,0
0.0786,0,0
0.079,0,0
0.0794,0,0
0.0798,0,0
0.0802,0,0
0.0806,0.00637309,0.00638468
0.081,0,0
0.0814,0,0
0.0818,0,0
0.0822,0,0
0.0826,0,0
0.083,0,0
0.0834,0,0
0.0838,0,0
0.0842,0,0
0.0846,0.00640555,0.00641724
0.085,0,0
0.0854,0,0
0.0858,0,0
0.0862,0,0
0.0866,0,0
0.087,0.00653717,0.00654934
0.0874,0,0
0.0878,0,0
0.0882,0,0
0.0886,0.00619743,0.00620836
0.089,0,0
0.0894,0,0
0.0898,0,0
0.0902,0,0
0.0906,0,0
0.091,0.00608293,0.00609346
0.0914,0,0
0.0918,0,0
0.0922,0,0
0.0926,0,0
0.093,0,0
0.0934,0,0
0.0938,0,0
0.0942,0,0
0.0946,0,0
0.095,0,0
0.0954,0,0
0.0958,0.006673,0.00668563
0.0962,0.00700352,0.00701744
0.0966,0,0
0.097,0,0
0.0974,0,0
0.0978,0,0
0.0982,0,0
0.0986,0,0
0.099,0,0
0.0994,0,0
0.0998,0,0
0.1002,0,0
0.1006,0,0
0.101,0,0
0.1014,0,0
0.1018,0,0
0.1022,0,0
0.1026,0,0
0.103,0,0
0.1034,0,0
0.1038,0,0
0.1042,0,0
0.1046,0,0
0.105,0.00718443,0.00719901
0.1054,0,0
0.1058,0,0
0.1062,0,0
0.1066,0,0
0.107,0,0
0.1074,0,0
0.1078,0,0
0.1082,0,0
0.1086,0,0
0.109,0,0
0.1094,0,0
0.1098,0,0
0.1102,0,0
0.1106,0,0
0.111,0,0
0.1114,0,0
0.1118,0,0
0.1122,0,0
0.1126,0,0
0.113,0,0
0.1134,0,0
0.1138,0,0
0.1142,0,0
0.1146,0,0
0.115,0,0
0.1154,0,0
0.1158,0,0
0.1162,0,0
0.1166,0,0
0.117,0,0
0.1174,0,0
0.1178,0,0
0.1182,0,0
0.1186,0,0
0.119,0,0
0.1194,0,0
0.1198,0,0
6
-0.1198,0,0
-0.1194,0,0
-0.119,0.000111464,0.000835496
-0.1186,0,0
-0.1182,0,0
-0.1178,0,0
-0.1174,0,0
-0.117,0,0
-0.1166,0,0
-0.1162,0,0
-0.1158,0,0
-0.1154,0,0
-0.115,0,0
-0.1146,0,0
-0.1142,0,0
-0.1138,0,0
-0.1134,0,0
-0.113,0,0
-0.1126,0,0
-0.1122,0,0
-0.1118,0,0
-0.1114,0,0
-0.111,0,0
-0.1106,0,0
-0.1102,0,0
-0.1098,0,0
-0.1094,0,0
-0.109,0,0
-0.1086,0.00523593,0.00524521
-0.1082,0,0
-0.1078,0,0
-0.1074,0,0
-0.107,0,0
-0.1066,0.00556671,0.00557719
-0.1062,0,0
-0.1058,0,0
-0.1054,0,0
-0.105,0,0
-0.1046,0,0
-0.1042,0,0
-0.1038,0,0
-0.1034,0.00557451,0.00558499
-0.103,0,0
-0.1026,0,0
-0.1022,0,0
-0.1018,0,0
-0.1014,0,0
-0.101,0,0
-0.1006,0,0
-0.1002,0,0
-0.0998,0,0
-0.0994,0.000721781,0.00210009
-0.099,0,0
-0.0986,0,0
-0.0982,0,0
-0.0978,0,0
-0.0974,0,0
-0.097,0,0
-0.0966,0,0
-0.0962,0,0
-0.0958,0,0
-0.0954,0,0
-0.095,0,0
-0.0946,0,0
-0.0942,0,0
-0.0938,0,0
-0.0934,0,0
-0.093,0,0
-0.0926,0,0
-0.0922,0,0
-0.0918,0,0
-0.0914,0,0
-0.091,0,0
-0.0906,0,0
-0.0902,0,0
-0.0898,0,0
-0.0894,0,0
-0.089,0,0
-0.0886,0,0
-0.0882,0,0
-0.0878,0,0
-0.0874,0,0
-0.087,0,0
-0.0866,0,0
-0.0862,0,0
-0.0858,0,0
-0.0854,0,0
-0.085,0,0
-0.0846,0,0
-0.0842,0,0
-0.0838,0,0
-0.0834,0,0
-0.083,0,0
-0.0826,0,0
-0.0822,0,0
-0.0818,0,0
-0.0814,0,0
-0.081,0,0
-0.0806,0,0
-0.0802,0,0
-0.0798,0,0
-0.0794,0,0
-0.079,0,0
-0.0786,0,0
-0.0782,0,0
-0.0778,0,0
-0.0774,0,0
-0.077,0,0
-0.0766,0,0
-0.0762,0,0
-0.0758,0,0
-0.0754,0.00529609,0.00530557
-0.075,0,0
-0.0746,0,0
-0.0742,0,0
-0.0738,0,0
-0.0734,0,0
-0.073,0,0
-0.0726,0,0
-0.0722,0,0
-0.0718,0,0
-0.0714,0,0
-0.071,0,0
-0.0706,0,0
-0.0702,0,0
-0.0698,0,0
-0.0694,0,0
-0.069,0,0
-0.0686,0,0
-0.0682,0.00586914,0.00588086
-0.0678,0,0
-0.0674,0,0
-0.067,0,0
-0.0666,0,0
-0.0662,0.00570371,0.00571479
-0.0658,0,0
-0.0654,0,0
-0.065,0,0
-0.0646,0,0
-0.0642,0,0
-0.0638,0,0
-0.0634,0,0
-0.063,0,0
-0.0626,0,0
-0.0622,0,0
-0.0618,0,0
-0.0614,0,0
-0.061,0,0
-0.0606,0,0
-0.0602,0,0
-0.0598,0,0
-0.0594,0,0
-0.059,0,0
-0.0586,0,0
-0.0582,0.00531581,0.00532551
-0.0578,0,0
-0.0574,0,0
-0.057,0,0
-0.0566,0,0
-0.0562,0,0
-0.0558,0.00506565,0.00507447
-0.0554,0,0
-0.055,0,0
-0.0546,0,0
-0.0542,0,0
-0.0538,0,0
-0.0534,0,0
-0.053,0,0
-0.0526,0,0
-0.0522,0,0
-0.0518,0,0
-0.0514,0,0
-0.051,0,0
-0.0506,0,0
-0.0502,0,0
-0.0498,0,0
-0.0494,0.00541072,0.00542084
-0.049,0,0
-0.0486,0,0
-0.0482,0,0
-0.0478,0,0
-0.0474,0,0
-0.047,0,0
-0.0466,0,0
-0.0462,0,0
-0.0458,0,0
-0.0454,0,0
-0.045,0,0
-0.0446,0,0
-0.0442,0,0
-0.0438,0.00559064,0.00560148
-0.0434,0.00515899,0.00516822
-0.043,0,0
-0.0426,0,0
-0.0422,0,0
-0.0418,0,0
-0.0414,0,0
-0.041,0,0
-0.0406,0,0
-0.0402,0,0
-0.0398,0,0
-0.0394,0,0
-0.039,0,0
-0.0386,0,0
-0.0382,0,0
-0.0378,0,0
-0.0374,0,0
-0.037,0,0
-0.0366,0,0
-0.0362,0,0
-0.0358,0,0
-0.0354,0,0
-0.035,0,0
-0.0346,0.00508307,0.00509208
-0.0342,0,0
-0.0338,0,0
-0.0334,0,0
-0.033,0,0
-0.0326,0,0
-0.0322,0,0
-0.0318,0,0
-0.0314,0,0
-0.031,0,0
-0.0306,0,0
-0.0302,0,0
-0.0298,0,0
-0.0294,0.00523411,0.00524369
-0.029,0,0
-0.0286,0.00552256,0.00553323
-0.0282,0,0
-0.0278,0,0
-0.0274,0,0
-0.027,0,0
-0.0266,0,0
-0.0262,0,0
-0.0258,0.00520418,0.00521367
-0.0254,0,0
-0.025,0,0
-0.0246,0,0
-0.0242,0,0
-0.0238,0,0
-0.0234,0,0
-0.023,0,0
-0.0226,0,0
-0.0222,0,0
-0.0218,0,0
-0.0214,0,0
-0.021,0,0
-0.0206,0.00519203,0.00520149
-0.0202,0,0
-0.0198,0,0
-0.0194,0,0
-0.019,0,0
-0.0186,0,0
-0.0182,0,0
-0.0178,0.00491598,0.00492448
-0.0174,0,0
-0.017,0,0
-0.0166,0,0
-0.0162,0.00544077,0.00545118
-0.0158,0,0
-0.0154,0,0
-0.015,0,0
-0.0146,0.00538846,0.00539868
-0.0142,0,0
-0.0138,0,0
-0.0134,0,0
-0.013,0.00517091,0.00518033
-0.0126,0,0
-0.0122,0,0
-0.0118,0,0
-0.0114,0,0
-0.011,0.0104153,0.00737824
-0.0106,0,0
-0.0102,0.00524963,0.00525934
-0.0098,0,0
-0.0094,0,0
-0.009,0,0
-0.0086,0.0157525,0.00911157
-0.0082,0,0
-0.0078,0,0
-0.0074,0.00549176,0.0055024
-0.007,0,0
-0.0066,0,0
-0.0062,0,0
-0.0058,0,0
-0.0054,0,0
-0.005,0,0
-0.0046,0.00556322,0.00557415
-0.0042,0,0
-0.0038,0.014838,0.0085817
-0.0034,0.0271441,0.012168
-0.003,0.0221789,0.0111112
-0.0026,0.0609633,0.0176453
-0.0022,0.0676721,0.0181388
-0.0018,0.124703,0.0255068
-0.0014,0.205909,0.0322204
-0.001,0.32049,0.0411271
-0.0006,0.438366,0.0504239
-0.0002,0.407224,0.0462418
0.0002,0.453197,0.0479511
0.0006,0.449168,0.0494083
0.001,0.360272,0.0437788
0.0014,0.303381,0.0389264
0.0018,0.137759,0.0256321
0.0022,0.124399,0.024911
0.0026,0.0804746,0.0201579
0.003,0.0583296,0.0176231
0.0034,0.0324224,0.013262
0.0038,0.0157555,0.00913182
0.0042,0.0322464,0.0131926
0.0046,0.0100639,0.00712889
0.005,0.0102901,0.00728941
0.0054,0.0108737,0.00770363
0.0058,0.00558421,0.00559522
0.0062,0.00553828,0.00554912
0.0066,0,0
0.007,0.00496224,0.00497094
0.0074,0.00512839,0.00523822
0.0078,0.00533094,0.00534097
0.0082,0.00488711,0.00489554
0.0086,0,0
0.009,0,0
0.0094,0,0
0.0098,0,0
0.0102,0,0
0.0106,0,0
0.011,0,0
0.0114,0,0
0.0118,0,0
0.0122,0,0
0.0126,0,0
0.013,0,0
0.0134,0,0
0.0138,0,0
0.0142,0,0
0.0146,0,0
0.015,0,0
0.0154,0,0
0.0158,0,0
0.0162,0,0
0.0166,0,0
0.017,0,0
0.0174,0,0
0.0178,0,0
0.0182,0,0
0.0186,0,0
0.019,0,0
0.0194,0,0
0.0198,0,0
0.0202,0,0
0.0206,0,0
0.021,0,0
0.0214,0,0
0.0218,0.00540336,0.00541351
0.0222,0,0
0.0226,0,0
0.023,0,0
0.0234,0.00524848,0.00525804
0.0238,0.01055,0.00765501
0.0242,0.00542997,0.00544018
0.0246,0,0
0.025,0,0
0.0254,0,0
0.0258,0,0
0.0262,0,0
0.0266,0,0
0.027,0,0
0.0274,0,0
0.0278,0,0
0.0282,0,0
0.0286,0,0
0.029,0,0
0.0294,0,0
0.0298,0,0
0.0302,0,0
0.0306,0,0
0.031,0,0
0.0314,0.00520912,0.00521841
0.0318,0,0
0.0322,0,0
0.0326,0,0
0.033,0,0
0.0334,0,0
0.0338,0,0
0.0342,0,0
0.0346,0,0
0.035,0,0
0.0354,0,0
0.0358,0,0
0.0362,0,0
0.0366,0,0
0.037,0,0
0.0374,0,0
0.0378,0,0
0.0382,0,0
0.0386,0,0
0.039,0,0
0.0394,0.00520264,0.00521178
0.0398,0,0
0.0402,0,0
0.0406,0,0
0.041,0,0
0.0414,0,0
0.0418,0,0
0.0422,0,0
0.0426,0,0
0.043,0,0
0.0434,0,0
0.0438,0,0
0.0442,0,0
0.0446,0,0
0.045,0.00524776,0.00525697
0.0454,0,0
0.0458,0,0
0.0462,0.00537463,0.00538428
0.0466,0,0
0.047,0,0
0.0474,0,0
0.0478,0,0
0.0482,0.00555492,0.00556519
0.0486,0,0
0.049,0,0
0.0494,0,0
0.0498,0,0
0.0502,0,0
0.0506,0.00529859,0.0053079
0.051,0,0
0.0514,0,0
0.0518,0,0
0.0522,0,0
0.0526,0,0
0.053,0.00554988,0.00556005
0.0534,0,0
0.0538,0,0
0.0542,0,0
0.0546,0.00521835,0.00522733
0.055,0,0
0.0554,0,0
0.0558,0,0
0.0562,0,0
0.0566,0.00553423,0.00554429
0.057,0.00612727,0.00613959
0.0574,0,0
0.0578,0,0
0.0582,0.00508773,0.00509621
0.0586,0,0
0.059,0,0
0.0594,0,0
0.0598,0,0
0.0602,0,0
0.0606,0,0
0.061,0,0
0.0614,0,0
0.0618,0,0
0.0622,0,0
0.0626,0,0
0.063,0,0
0.0634,0,0
0.0638,0,0
0.0642,0,0
0.0646,0,0
0.065,0,0
0.0654,0,0
0.0658,0,0
0.0662,0,0
0.0666,0,0
0.067,0,0
0.0674,0,0
0.0678,0,0
0.0682,0,0
0.0686,0,0
0.069,0,0
0.0694,0.0053613,0.00537055
0.0698,0,0
0.0702,0,0
0.0706,0,0
0.071,0,0
0.0714,0,0
0.0718,0,0
0.0722,0,0
0.0726,0,0
0.073,0,0
0.0734,0,0
0.0738,0,0
0.0742,0.00545126,0.00546077
0.0746,0,0
0.075,0,0
0.0754,0,0
0.0758,0,0
0.0762,0,0
0.0766,0,0
0.077,0,0
0.0774,0,0
0.0778,0,0
0.0782,0,0
0.0786,0,0
0.079,0,0
0.0794,0,0
0.0798,0,0
0.0802,0,0
0.0806,0,0
0.081,0,0
0.0814,0,0
0.0818,0,0
0.0822,0,0
0.0826,0,0
0.083,0,0
0.0834,0,0
0.0838,0,0
0.0842,0,0
0.0846,0,0
0.085,0,0
0.0854,0,0
0.0858,0,0
0.0862,0,0
0.0866,0,0
0.087,0,0
0.0874,0,0
0.0878,0,0
0.0882,0.00604963,0.0060611
0.0886,0,0
0.089,0.00563313,0.00564306
0.0894,0,0
0.0898,0,0
0.0902,0,0
0.0906,0,0
0.091,0,0
0.0914,0,0
0.0918,0,0
0.0922,0,0
0.0926,0,0
0.093,0,0
0.0934,0,0
0.0938,0,0
0.0942,0,0
0.0946,0,0
0.095,0,0
0.0954,0,0
0.0958,0,0
0.0962,0,0
0.0966,0,0
0.097,0,0
0.0974,0,0
0.0978,0.00589649,0.00590725
0.0982,0,0
0.0986,0,0
0.099,0,0
0.0994,0,0
0.0998,0,0
0.1002,0,0
0.1006,0,0
0.101,0,0
0.1014,0,0
0.1018,0,0
0.1022,0,0
0.1026,0,0
0.103,0,0
0.1034,0,0
0.1038,0,0
0.1042,0,0
0.1046,0,0
0.105,0,0
0.1054,0,0
0.1058,0,0
0.1062,0,0
0.1066,0,0
0.107,0,0
0.1074,0,0
0.1078,0,0
0.1082,0,0
0.1086,0,0
0.109,0,0
0.1094,0,0
0.1098,0,0
0.1102,0,0
0.1106,0,0
0.111,0,0
0.1114,0,0
0.1118,0,0
0.1122,0,0
0.1126,0,0
0.113,0,0
0.1134,0,0
0.1138,0,0
0.1142,0.00757574,0.00759333
0.1146,0,0
0.115,0,0
0.1154,0,0
0.1158,0,0
0.1162,0,0
0.1166,0,0
0.117,0,0
0.1174,0,0
0.1178,0,0
0.1182,0,0
0.1186,0,0
0.119,0,0
0.1194,0,0
0.1198,0,0
7
-0.1198,0,0
-0.1194,0,0
-0.119,0,0
-0.1186,0.0175465,0.0101537
-0.1182,0,0
-0.1178,0,0
-0.1174,0,0
-0.117,0.00552584,0.00553642
-0.1166,0,0
-0.1162,0,0
-0.1158,0,0
-0.1154,0,0
-0.115,0,0
-0.1146,0,0
-0.1142,0,0
-0.1138,0,0
-0.1134,0,0
-0.113,0,0
-0.1126,0,0
-0.1122,0,0
-0.1118,0,0
-0.1114,0,0
-0.111,0.00548707,0.00549754
-0.1106,0,0
-0.1102,0,0
-0.1098,0,0
-0.1094,0,0
-0.109,0,0
-0.1086,0,0
-0.1082,0,0
-0.1078,0,0
-0.1074,0,0
-0.107,0,0
-0.1066,0,0
-0.1062,0,0
-0.1058,0,0
-0.1054,0,0
-0.105,0,0
-0.1046,0,0
-0.1042,0,0
-0.1038,0,0
-0.1034,0,0
-0.103,0,0
-0.1026,0,0
-0.1022,0,0
-0.1018,0,0
-0.1014,0.00549633,0.00550692
-0.101,0.00545765,0.0054681
-0.1006,0,0
-0.1002,0,0
-0.0998,0,0
-0.0994,0.00582335,0.00583525
-0.099,0.00563171,0.00564285
-0.0986,0,0
-0.0982,0,0
-0.0978,0,0
-0.0974,0,0
-0.097,0,0
-0.0966,0,0
-0.0962,0.00548413,0.00549473
-0.0958,0,0
-0.0954,0,0
-0.095,0,0
-0.0946,0,0
-0.0942,0,0
-0.0938,0,0
-0.0934,0,0
-0.093,0,0
-0.0926,0,0
-0.0922,0,0
-0.0918,0,0
-0.0914,0.00543407,0.00544452
-0.091,0,0
-0.0906,0,0
-0.0902,0,0
-0.0898,0,0
-0.0894,0,0
-0.089,0.00548283,0.00549349
-0.0886,0,0
-0.0882,0,0
-0.0878,0,0
-0.0874,0,0
-0.087,0,0
-0.0866,0,0
-0.0862,0,0
-0.0858,0,0
-0.0854,0,0
-0.085,0,0
-0.0846,0.00543166,0.00544211
-0.0842,0.00538633,0.00539661
-0.0838,0,0
-0.0834,0,0
-0.083,0,0
-0.0826,0,0
-0.0822,0,0
-0.0818,0,0
-0.0814,0,0
-0.081,0,0
-0.0806,0,0
-0.0802,0,0
-0.0798,0,0
-0.0794,0,0
-0.079,0,0
-0.0786,0,0
-0.0782,0,0
-0.0778,0,0
-0.0774,0,0
-0.077,0,0
-0.0766,0,0
-0.0762,0,0
-0.0758,0,0
-0.0754,0,0
-0.075,0,0
-0.0746,0,0
-0.0742,0,0
-0.0738,0,0
-0.0734,0,0
-0.073,0,0
-0.0726,0,0
-0.0722,0.00530565,0.00531555
-0.0718,0,0
-0.0714,0,0
-0.071,0,0
-0.0706,0,0
-0.0702,0,0
-0.0698,0,0
-0.0694,0,0
-0.069,0,0
-0.0686,0,0
-0.0682,0,0
-0.0678,0,0
-0.0674,0,0
-0.067,0,0
-0.0666,0.00541771,0.00542797
-0.0662,0.0109812,0.00778047
-0.0658,0,0
-0.0654,0,0
-0.065,0,0
-0.0646,0,0
-0.0642,0,0
-0.0638,0,0
-0.0634,0,0
-0.063,0,0
-0.0626,0,0
-0.0622,0,0
-0.0618,0,0
-0.0614,0,0
-0.061,0,0
-0.0606,0.00431308,0.00482312
-0.0602,0,0
-0.0598,0,0
-0.0594,0,0
-0.059,0,0
-0.0586,0,0
-0.0582,0,0
-0.0578,0,0
-0.0574,0,0
-0.057,0,0
-0.0566,0,0
-0.0562,0.00506449,0.00507335
-0.0558,0,0
-0.0554,0.00566797,0.00567906
-0.055,0,0
-0.0546,0,0
-0.0542,0,0
-0.0538,0,0
-0.0534,0.00499241,0.00500099
-0.053,0,0
-0.0526,0,0
-0.0522,0,0
-0.0518,0,0
-0.0514,0,0
-0.051,0,0
-0.0506,0,0
-0.0502,0,0
-0.0498,0,0
-0.0494,0,0
-0.049,0,0
-0.0486,0.00582501,0.00583661
-0.0482,0,0
-0.0478,0,0
-0.0474,0,0
-0.047,0.00574655,0.00575781
-0.0466,0,0
-0.0462,0,0
-0.0458,0,0
-0.0454,0,0
-0.045,0.00561385,0.00562457
-0.0446,0,0
-0.0442,0,0
-0.0438,0,0
-0.0434,0,0
-0.043,0,0
-0.0426,0.0058408,0.00585236
-0.0422,0,0
-0.0418,0,0
-0.0414,0,0
-0.041,0,0
-0.0406,0,0
-0.0402,0,0
-0.0398,0,0
-0.0394,0,0
-0.039,0,0
-0.0386,0,0
-0.0382,0,0
-0.0378,0,0
-0.0374,0,0
-0.037,0.00526941,0.00527873
-0.0366,0.0052148,0.00522393
-0.0362,0.0054248,0.00543467
-0.0358,0,0
-0.0354,0,0
-0.035,0,0
-0.0346,0,0
-0.0342,0,0
-0.0338,0,0
-0.0334,0,0
-0.033,0,0
-0.0326,0,0
-0.0322,0,0
-0.0318,0.00570836,0.0057192
-0.0314,0,0
-0.031,0,0
-0.0306,0,0
-0.0302,0,0
-0.0298,0.00555928,0.00556953
-0.0294,0,0
-0.029,0,0
-0.0286,0,0
-0.0282,0,0
-0.0278,0,0
-0.0274,0,0
-0.027,0.0060309,0.00604288
-0.0266,0,0
-0.0262,0,0
-0.0258,0,0
-0.0254,0,0
-0.025,0.00559887,0.00560917
-0.0246,0,0
-0.0242,0,0
-0.0238,0,0
-0.0234,0,0
-0.023,0,0
-0.0226,0.0089851,0.00704127
-0.0222,0,0
-0.0218,0,0
-0.0214,0,0
-0.021,0,0
-0.0206,0.00560332,0.00561354
-0.0202,0.00531879,0.00532799
-0.0198,0.0116155,0.00822927
-0.0194,0.00582399,0.005835
-0.019,0,0
-0.0186,0,0
-0.0182,0,0
-0.0178,0,0
-0.0174,0,0
-0.017,0,0
-0.0166,0,0
-0.0162,0,0
-0.0158,0,0
-0.0154,0,0
-0.015,0,0
-0.0146,0.00590285,0.00591404
-0.0142,0,0
-0.0138,0,0
-0.0134,0,0
-0.013,0,0
-0.0126,0,0
-0.0122,0,0
-0.0118,0,0
-0.0114,0,0
-0.011,0.00788577,0.0067263
-0.0106,0,0
-0.0102,0,0
-0.0098,0,0
-0.0094,0,0
-0.009,0,0
-0.0086,0,0
-0.0082,0,0
-0.0078,0.0127701,0.00904814
-0.0074,0,0
-0.007,0,0
-0.0066,0.00795388,0.006597
-0.0062,0.00568274,0.00569297
-0.0058,0.00831072,0.00689691
-0.0054,0.00203711,0.00332286
-0.005,0,0
-0.0046,0.0124411,0.00881445
-0.0042,0.00597932,0.0059906
-0.0038,0.0229144,0.0114971
-0.0034,0.0363682,0.0148047
-0.003,0.0276021,0.0130625
-0.0026,0.0975848,0.0234953
-0.0022,0.0716479,0.0197945
-0.0018,0.185896,0.0330362
-0.0014,0.27959,0.0397892
-0.001,0.41844,0.0495294
-0.0006,0.609862,0.0630491
-0.0002,0.714549,0.0648552
0.0002,0.63527,0.0603842
0.0006,0.796963,0.069931
0.001,0.584625,0.0592631
0.0014,0.411269,0.0481423
0.0018,0.248695,0.0365152
0.0022,0.228461,0.0358927
0.0026,0.10929,0.024966
0.003,0.0831726,0.0222675
0.0034,0.030517,0.013674
0.0038,0.0216728,0.0108548
0.0042,0.00948069,0.00753465
0.0046,0.0290629,0.0130242
0.005,0.0255882,0.0121553
0.0054,0.0185188,0.0107124
0.0058,0.0309274,0.013859
0.0062,0.0126907,0.00899144
0.0066,0,0
0.007,0.00640232,0.00641505
0.0074,0.00718028,0.00649969
0.0078,0,0
0.0082,0,0
0.0086,0.00556221,0.00557181
0.009,0.00519683,0.00520521
0.0094,0.00577952,0.00578987
0.0098,0,0
0.0102,0,0
0.0106,0,0
0.011,0,0
0.0114,0,0
0.0118,0,0
0.0122,0,0
0.0126,0.00553179,0.00554126
0.013,0,0
0.0134,0,0
0.0138,0,0
0.0142,0.00595142,0.00596237
0.0146,0,0
0.015,0,0
0.0154,0,0
0.0158,0,0
0.0162,0.00643581,0.00644861
0.0166,0,0
0.017,0,0
0.0174,0.00588497,0.00589568
0.0178,0.0114446,0.0081069
0.0182,0.00586468,0.00587531
0.0186,0,0
0.019,0,0
0.0194,0,0
0.0198,0,0
0.0202,0,0
0.0206,0,0
0.021,0,0
0.0214,0.00675843,0.00677258
0.0218,0,0
0.0222,0,0
0.0226,0,0
0.023,0,0
0.0234,0,0
0.0238,0.000578378,0.00193393
0.0242,0,0
0.0246,0,0
0.025,0.0056328,0.00564266
0.0254,0,0
0.0258,0,0
0.0262,0,0
0.0266,0,0
0.027,0,0
0.0274,0,0
0.0278,0,0
0.0282,0.00567112,0.00568114
0.0286,0,0
0.029,0,0
0.0294,0.00564556,0.00565551
0.0298,0,0
0.0302,0,0
0.0306,0,0
0.031,0,0
0.0314,0,0
0.0318,0,0
0.0322,0,0
0.0326,0,0
0.033,0,0
0.0334,0.00578248,0.00579294
0.0338,0,0
0.0342,0,0
0.0346,0,0
0.035,0.0118088,0.00836556
0.0354,0,0
0.0358,0,0
0.0362,0,0
0.0366,0,0
0.037,0,0
0.0374,0,0
0.0378,0,0
0.0382,0,0
0.0386,0,0
0.039,0.00588016,0.00589104
0.0394,0,0
0.0398,0,0
0.0402,0,0
0.0406,0,0
0.041,0,0
0.0414,0,0
0.0418,0,0
0.0422,0,0
0.0426,0,0
0.043,0,0
0.0434,0,0
0.0438,0.00540814,0.0054174
0.0442,0,0
0.0446,0,0
0.045,0,0
0.0454,0,0
0.0458,0,0
0.0462,0,0
0.0466,0.00553274,0.00554245
0.047,0,0
0.0474,0,0
0.0478,0,0
0.0482,0,0
0.0486,0,0
0.049,0,0
0.0494,0,0
0.0498,0,0
0.0502,0,0
0.0506,0,0
0.051,0,0
0.0514,0,0
0.0518,0,0
0.0522,0,0
0.0526,0,0
0.053,0,0
0.0534,0,0
0.0538,0.00558095,0.00559092
0.0542,0,0
0.0546,0,0
0.055,0,0
0.0554,0,0
0.0558,0.00579046,0.00580121
0.0562,0.00566562,0.00567592
0.0566,0.00566254,0.00567283
0.057,0,0
0.0574,0,0
0.0578,0,0
0.0582,0,0
0.0586,0,0
0.059,0.00547265,0.0054823
0.0594,0,0
0.0598,0,0
0.0602,0,0
0.0606,0,0
0.061,0,0
0.0614,0,0
0.0618,0,0
0.0622,0,0
0.0626,0,0
0.063,0,0
0.0634,0.00523711,0.00524599
0.0638,0.00523963,0.00524853
0.0642,0,0
0.0646,0,0
0.065,0,0
0.0654,0.00541851,0.00542805
0.0658,0,0
0.0662,0.00546301,0.00547271
0.0666,0,0
0.067,0,0
0.0674,0.00498206,0.00499015
0.0678,0,0
0.0682,0,0
0.0686,0.00555052,0.00556057
0.069,0,0
0.0694,0.0053649,0.0053743
0.0698,0,0
0.0702,0,0
0.0706,0,0
0.071,0,0
0.0714,0.00480039,0.0048207
0.0718,0,0
0.0722,0,0
0.0726,0,0
0.073,0,0
0.0734,0,0
0.0738,0,0
0.0742,0,0
0.0746,0,0
0.075,0,0
0.0754,0.00982357,0.00695755
0.0758,0.00491,0.00491793
0.0762,0,0
0.0766,0,0
0.077,0,0
0.0774,0,0
0.0778,0,0
0.0782,0,0
0.0786,0,0
0.079,0.00504621,0.0050546
0.0794,0,0
0.0798,0.00544192,0.00545169
0.0802,0,0
0.0806,0,0
0.081,0,0
0.0814,0,0
0.0818,0,0
0.0822,0,0
0.0826,0,0
0.083,0.00554897,0.00555915
0.0834,0,0
0.0838,0,0
0.0842,0,0
0.0846,0.0110365,0.00781826
0.085,0,0
0.0854,0,0
0.0858,0,0
0.0862,0,0
0.0866,0.00550494,0.00551498
0.087,0.00562018,0.00563064
0.0874,0,0
0.0878,0,0
0.0882,0,0
0.0886,0,0
0.089,0,0
0.0894,0,0
0.0898,0,0
0.0902,0,0
0.0906,0,0
0.091,0,0
0.0914,0,0
0.0918,0.010692,0.00757379
0.0922,0,0
0.0926,0,0
0.093,0,0
0.0934,0,0
0.0938,0,0
0.0942,0,0
0.0946,0,0
0.095,0,0
0.0954,0,0
0.0958,0,0
0.0962,0,0
0.0966,0,0
0.097,0,0
0.0974,0,0
0.0978,0,0
0.0982,0,0
0.0986,0,0
0.099,0,0
0.0994,0,0
0.0998,0,0
0.1002,0,0
0.1006,0.00378762,0.00498265
0.101,0,0
0.1014,0,0
0.1018,0,0
0.1022,0.0065234,0.00653753
0.1026,0,0
0.103,0,0
0.1034,0,0
0.1038,0,0
0.1042,0.00662536,0.00663994
0.1046,0,0
0.105,0,0
0.1054,0,0
0.1058,0,0
0.1062,0,0
0.1066,0,0
0.107,0,0
0.1074,0,0
0.1078,0,0
0.1082,0,0
0.1086,0,0
0.109,0,0
0.1094,0,0
0.1098,0,0
0.1102,0,0
0.1106,0,0
0.111,0,0
0.1114,0,0
0.1118,0,0
0.1122,0,0
0.1126,0,0
0.113,0.00463339,0.00625529
0.1134,0,0
0.1138,0,0
0.1142,0.00706032,0.00707671
0.1146,0,0
0.115,0.00779981,0.00781979
0.1154,0,0
0.1158,0,0
0.1162,0.00860133,0.00862557
0.1166,0,0
0.117,0,0
0.1174,0,0
0.1178,0,0
0.1182,0,0
0.1186,0,0
0.119,0,0
0.1194,0,0
0.1198,0,0
8
-0.1198,0,0
-0.1194,0,0
-0.119,0,0
-0.1186,0,0
-0.1182,0,0
-0.1178,0,0
-0.1174,0,0
-0.117,0.00401781,0.00402549
-0.1166,0,0
-0.1162,0,0
-0.1158,0,0
-0.1154,0,0
-0.115,0,0
-0.1146,0,0
-0.1142,0.00398742,0.00399497
-0.1138,0,0
-0.1134,0,0
-0.113,0,0
-0.1126,0,0
-0.1122,0,0
-0.1118,0,0
-0.1114,0.00403392,0.00404161
-0.111,0,0
-0.1106,0,0
-0.1102,0,0
-0.1098,0,0
-0.1094,0,0
-0.109,0,0
-0.1086,0.00376107,0.00376774
-0.1082,0,0
-0.1078,0,0
-0.1074,0,0
-0.107,0,0
-0.1066,0,0
-0.1062,0,0
-0.1058,0,0
-0.1054,0,0
-0.105,0,0
-0.1046,0,0
-0.1042,0,0
-0.1038,0,0
-0.1034,0,0
-0.103,0,0
-0.1026,0,0
-0.1022,0.00416547,0.00417357
-0.1018,0,0
-0.1014,0,0
-0.101,0,0
-0.1006,0,0
-0.1002,0,0
-0.0998,0,0
-0.0994,0,0
-0.099,0,0
-0.0986,0,0
-0.0982,0,0
-0.0978,0.00451243,0.00452187
-0.0974,0,0
-0.097,0,0
-0.0966,0.00409253,0.00410029
-0.0962,0,0
-0.0958,0,0
-0.0954,0,0
-0.095,0,0
-0.0946,0,0
-0.0942,0.00387104,0.00387796
-0.0938,0,0
-0.0934,0,0
-0.093,0,0
-0.0926,0,0
-0.0922,0,0
-0.0918,0,0
-0.0914,0.00418092,0.00418896
-0.091,0,0
-0.0906,0,0
-0.0902,0,0
-0.0898,0.00395996,0.00396716
-0.0894,0,0
-0.089,0,0
-0.0886,0,0
-0.0882,0,0
-0.0878,0,0
-0.0874,0,0
-0.087,0.00780628,0.00552974
-0.0866,0,0
-0.0862,0,0
-0.0858,0,0
-0.0854,0,0
-0.085,0,0
-0.0846,0,0
-0.0842,0,0
-0.0838,0,0
-0.0834,0,0
-0.083,0,0
-0.0826,0,0
-0.0822,0,0
-0.0818,0,0
-0.0814,0,0
-0.081,0,0
-0.0806,0,0
-0.0802,0,0
-0.0798,0,0
-0.0794,0,0
-0.079,0,0
-0.0786,0,0
-0.0782,0,0
-0.0778,0,0
-0.0774,0,0
-0.077,0,0
-0.0766,0,0
-0.0762,0,0
-0.0758,0,0
-0.0754,0,0
-0.075,0,0
-0.0746,0,0
-0.0742,0,0
-0.0738,0,0
-0.0734,0,0
-0.073,0,0
-0.0726,0,0
-0.0722,0,0
-0.0718,0,0
-0.0714,0,0
-0.071,0,0
-0.0706,0.00440968,0.00441843
-0.0702,0,0
-0.0698,0,0
-0.0694,0,0
-0.069,0,0
-0.0686,0,0
-0.0682,0,0
-0.0678,0,0
-0.0674,0,0
-0.067,0,0
-0.0666,0,0
-0.0662,0,0
-0.0658,0,0
-0.0654,0,0
-0.065,0,0
-0.0646,0,0
-0.0642,0,0
-0.0638,0.00797329,0.00565153
-0.0634,0,0
-0.063,0,0
-0.0626,0,0
-0.0622,0,0
-0.0618,0,0
-0.0614,0,0
-0.061,0.00416535,0.00417313
-0.0606,0.000822041,0.00185401
-0.0602,0,0
-0.0598,0,0
-0.0594,0,0
-0.059,0,0
-0.0586,0,0
-0.0582,0,0
-0.0578,0,0
-0.0574,0,0
-0.057,0,0
-0.0566,0,0
-0.0562,0,0
-0.0558,0,0
-0.0554,0,0
-0.055,0,0
-0.0546,0,0
-0.0542,0,0
-0.0538,0,0
-0.0534,0,0
-0.053,0,0
-0.0526,0.00448526,0.00449426
-0.0522,0,0
-0.0518,0,0
-0.0514,0,0
-0.051,0,0
-0.0506,0.0123126,0.00712174
-0.0502,0.00422673,0.00423473
-0.0498,0,0
-0.0494,0,0
-0.049,0,0
-0.0486,0,0
-0.0482,0,0
-0.0478,0,0
-0.0474,0,0
-0.047,0,0
-0.0466,0.00387955,0.00388628
-0.0462,0,0
-0.0458,0,0
-0.0454,0,0
-0.045,0,0
-0.0446,0,0
-0.0442,0.0039781,0.00398518
-0.0438,0,0
-0.0434,0,0
-0.043,0,0
-0.0426,0,0
-0.0422,0.00456012,0.00450146
-0.0418,0,0
-0.0414,0,0
-0.041,0,0
-0.0406,0,0
-0.0402,0,0
-0.0398,0,0
-0.0394,0.00803625,0.0056927
-0.039,0,0
-0.0386,0,0
-0.0382,0,0
-0.0378,0.00400972,0.0040169
-0.0374,0,0
-0.037,0,0
-0.0366,0,0
-0.0362,0,0
-0.0358,0,0
-0.0354,0,0
-0.035,0.00440336,0.00441202
-0.0346,0.00377808,0.00378445
-0.0342,0,0
-0.0338,0.00394649,0.00395344
-0.0334,0,0
-0.033,0,0
-0.0326,0,0
-0.0322,0,0
-0.0318,0,0
-0.0314,0.00723063,0.0054728
-0.031,0,0
-0.0306,0,0
-0.0302,0,0
-0.0298,0,0
-0.0294,0,0
-0.029,0,0
-0.0286,0,0
-0.0282,0.00414755,0.00415521
-0.0278,0.00444256,0.00445135
-0.0274,0,0
-0.027,0,0
-0.0266,0,0
-0.0262,0.00835115,0.00591614
-0.0258,0,0
-0.0254,0,0
-0.025,0,0
-0.0246,0,0
-0.0242,0,0
-0.0238,0,0
-0.0234,0,0
-0.023,0,0
-0.0226,0.00147707,0.00244657
-0.0222,0.00572175,0.0048159
-0.0218,0,0
-0.0214,0,0
-0.021,0,0
-0.0206,0,0
-0.0202,0,0
-0.0198,0,0
-0.0194,0,0
-0.019,0,0
-0.0186,0,0
-0.0182,0.00401121,0.00401836
-0.0178,0,0
-0.0174,0,0
-0.017,0,0
-0.0166,0,0
-0.0162,0,0
-0.0158,0,0
-0.0154,0,0
-0.015,0,0
-0.0146,0,0
-0.0142,0,0
-0.0138,0,0
-0.0134,0.00444168,0.00445043
-0.013,0,0
-0.0126,0.00410773,0.00411521
-0.0122,0,0
-0.0118,0.00828656,0.00587025
-0.0114,0,0
-0.011,0.00665903,0.00524105
-0.0106,0,0
-0.0102,0.00427522,0.00428331
-0.0098,0.00418223,0.00418997
-0.0094,0,0
-0.009,0,0
-0.0086,0,0
-0.0082,0.0039281,0.00393492
-0.0078,0.00917494,0.00650082
-0.0074,0.00424678,0.00425475
-0.007,0.00428094,0.00428903
-0.0066,0.0021183,0.00288414
-0.0062,0,0
-0.0058,0.00221987,0.00301863
-0.0054,0.0185888,0.0086619
-0.005,0.0043012,0.00430936
-0.0046,0.00891284,0.00631472
-0.0042,0.0125279,0.007251
-0.0038,0.0167313,0.00830933
-0.0034,0.0302506,0.0115109
-0.003,0.0549967,0.0156163
-0.0026,0.135346,0.0234865
-0.0022,0.11082,0.0206962
-0.0018,0.220362,0.030395
-0.0014,0.402773,0.0403501
-0.001,0.579853,0.0492456
-0.0006,0.792913,0.0607009
-0.0002,0.750195,0.0561593
0.0002,0.808517,0.0575103
0.0006,0.670528,0.054169
0.001,0.460895,0.0444209
0.0014,0.429484,0.0415916
0.0018,0.228401,0.0295798
0.0022,0.153304,0.0248057
0.0026,0.12224,0.0222316
0.003,0.0820727,0.0187484
0.0034,0.0535075,0.0152409
0.0038,0.0512045,0.0142453
0.0042,0.0150054,0.00814136
0.0046,0.0123493,0.00714435
0.005,0.0145466,0.00773261
0.0054,0.00876452,0.00620936
0.0058,0.0132254,0.00765129
0.0062,0.0179716,0.00900356
0.0066,0,0
0.007,0.0256268,0.0105028
0.0074,0.0241382,0.0100299
0.0078,0.0212059,0.00950482
0.0082,0.00394146,0.00394826
0.0086,0,0
0.009,0.00281825,0.00322687
0.0094,0,0
0.0098,0,0
0.0102,0,0
0.0106,0,0
0.011,0.00822698,0.00583163
0.0114,0,0
0.0118,0,0
0.0122,0,0
0.0126,0,0
0.013,0,0
0.0134,0,0
0.0138,0,0
0.0142,0,0
0.0146,0.00406011,0.0040673
0.015,0,0
0.0154,0.00409453,0.00410184
0.0158,0.0043361,0.00434429
0.0162,0,0
0.0166,0,0
0.017,0,0
0.0174,0,0
0.0178,0,0
0.0182,0,0
0.0186,0.00414497,0.00415245
0.019,0,0
0.0194,0.00803071,0.0056885
0.0198,0,0
0.0202,0,0
0.0206,0,0
0.021,0,0
0.0214,0,0
0.0218,0,0
0.0222,0,0
0.0226,0,0
0.023,0.00405083,0.00405796
0.0234,0,0
0.0238,0,0
0.0242,0,0
0.0246,0.00385001,0.00385644
0.025,0.00811652,0.00574946
0.0254,0.00454679,0.00455575
0.0258,0.00423561,0.00424339
0.0262,0.010054,0.00712476
0.0266,0.00885787,0.00627549
0.027,0,0
0.0274,0.00454718,0.00455614
0.0278,0.00460757,0.00461676
0.0282,0,0
0.0286,0,0
0.029,0.00416674,0.00417425
0.0294,0,0
0.0298,0,0
0.0302,0,0
0.0306,0,0
0.031,0.00426624,0.00427411
0.0314,0,0
0.0318,0.0080201,0.00568099
0.0322,0,0
0.0326,0.00439761,0.00440597
0.033,0,0
0.0334,0.0041886,0.00419618
0.0338,0,0
0.0342,0,0
0.0346,0,0
0.035,0,0
0.0354,0,0
0.0358,0,0
0.0362,0,0
0.0366,0,0
0.037,0,0
0.0374,0.00385519,0.00386159
0.0378,0.00737551,0.00546579
0.0382,0.00394564,0.00395235
0.0386,0,0
0.039,0,0
0.0394,0,0
0.0398,0,0
0.0402,0,0
0.0406,0.00439674,0.00440506
0.041,0,0
0.0414,0,0
0.0418,0,0
0.0422,0,0
0.0426,0.00384499,0.00385135
0.043,0.00439586,0.00440416
0.0434,0,0
0.0438,0,0
0.0442,0,0
0.0446,0,0
0.045,0,0
0.0454,0,0
0.0458,0,0
0.0462,0,0
0.0466,0,0
0.047,0,0
0.0474,0,0
0.0478,0,0
0.0482,0,0
0.0486,0,0
0.049,0,0
0.0494,0,0
0.0498,0,0
0.0502,0,0
0.0506,0.00410439,0.0041116
0.051,0,0
0.0514,0,0
0.0518,0,0
0.0522,0,0
0.0526,0,0
0.053,0,0
0.0534,0,0
0.0538,0,0
0.0542,0,0
0.0546,0,0
0.055,0,0
0.0554,0,0
0.0558,0,0
0.0562,0,0
0.0566,0,0
0.057,0,0
0.0574,0.00904605,0.00640883
0.0578,0,0
0.0582,0.00406828,0.00407531
0.0586,0,0
0.059,0,0
0.0594,0,0
0.0598,0,0
0.0602,0,0
0.0606,0,0
0.061,0,0
0.0614,0,0
0.0618,0,0
0.0622,0,0
0.0626,0.00424588,0.00425349
0.063,0,0
0.0634,0,0
0.0638,0,0
0.0642,0,0
0.0646,0.004248,0.00425559
0.065,0,0
0.0654,0,0
0.0658,0,0
0.0662,0,0
0.0666,0,0
0.067,0.00406319,0.00407012
0.0674,0,0
0.0678,0,0
0.0682,0,0
0.0686,0,0
0.069,0,0
0.0694,0.00837993,0.0059359
0.0698,0.00418221,0.00418952
0.0702,0,0
0.0706,0,0
0.071,0,0
0.0714,1.99652e-05,0.00027547
0.0718,0,0
0.0722,0,0
0.0726,0,0
0.073,0.00467812,0.00468722
0.0734,0,0
0.0738,0,0
0.0742,0.00419589,0.00420321
0.0746,0.00450478,0.0045132
0.075,0,0
0.0754,0,0
0.0758,0,0
0.0762,0,0
0.0766,0,0
0.077,0,0
0.0774,0,0
0.0778,0,0
0.0782,0,0
0.0786,0,0
0.079,0.00402788,0.00403458
0.0794,0,0
0.0798,0,0
0.0802,0,0
0.0806,0,0
0.081,0,0
0.0814,0.00430317,0.00431079
0.0818,0.0041724,0.00417956
0.0822,0,0
0.0826,0.00463327,0.00464209
0.083,0,0
0.0834,0.00448337,0.00449162
0.0838,0,0
0.0842,0,0
0.0846,0,0
0.085,0,0
0.0854,0,0
0.0858,0,0
0.0862,0,0
0.0866,0,0
0.087,0,0
0.0874,0,0
0.0878,0,0
0.0882,0,0
0.0886,0,0
0.089,0,0
0.0894,0,0
0.0898,0,0
0.0902,0,0
0.0906,0.00412118,0.0041281
0.091,0,0
0.0914,0,0
0.0918,0,0
0.0922,0.00454138,0.00454976
0.0926,0,0
0.093,0,0
0.0934,0,0
0.0938,0,0
0.0942,0,0
0.0946,0,0
0.095,0,0
0.0954,0,0
0.0958,0.00453144,0.00472194
0.0962,0,0
0.0966,0,0
0.097,0,0
0.0974,0.00468855,0.00469745
0.0978,0,0
0.0982,0,0
0.0986,0.00504662,0.00505692
0.099,0,0
0.0994,0,0
0.0998,0,0
0.1002,0,0
0.1006,0.00225262,0.00348487
0.101,0,0
0.1014,0,0
0.1018,0.00536748,0.00537911
0.1022,0.00548474,0.00549687
0.1026,0,0
0.103,0,0
0.1034,0,0
0.1038,0,0
0.1042,0,0
0.1046,0.0047558,0.00476492
0.105,0.00492021,0.00492997
0.1054,0,0
0.1058,0,0
0.1062,0,0
0.1066,0,0
0.107,0,0
0.1074,0,0
0.1078,0,0
0.1082,0,0
0.1086,0,0
0.109,0,0
0.1094,0,0
0.1098,0.00696968,0.00698924
0.1102,0.0121534,0.00861478
0.1106,0,0
0.111,0,0
0.1114,0,0
0.1118,0,0
0.1122,0,0
0.1126,0.00687118,0.00689018
0.113,0.00308026,0.00461319
0.1134,0,0
0.1138,0,0
0.1142,0,0
0.1146,0,0
0.115,0,0
0.1154,0,0
0.1158,0,0
0.1162,0,0
0.1166,0,0
0.117,0,0
0.1174,0,0
0.1178,0,0
0.1182,0,0
0.1186,0,0
0.119,0,0
0.1194,0,0
0.1198,0,0
9
-0.1198,0,0
-0.1194,0,0
-0.119,0.00399876,0.00400661
-0.1186,0,0
-0.1182,0,0
-0.1178,0,0
-0.1174,0,0
-0.117,0,0
-0.1166,0,0
-0.1162,0,0
-0.1158,0,0
-0.1154,0,0
-0.115,0,0
-0.1146,0,0
-0.1142,0,0
-0.1138,0,0
-0.1134,0,0
-0.113,0,0
-0.1126,0.00372341,0.00373028
-0.1122,0,0
-0.1118,0,0
-0.1114,0,0
-0.111,0,0
-0.1106,0,0
-0.1102,0,0
-0.1098,0,0
-0.1094,0,0
-0.109,0,0
-0.1086,0,0
-0.1082,0,0
-0.1078,0,0
-0.1074,0,0
-0.107,0,0
-0.1066,0,0
-0.1062,0,0
-0.1058,0,0
-0.1054,0,0
-0.105,0,0
-0.1046,0,0
-0.1042,0,0
-0.1038,0,0
-0.1034,0,0
-0.103,0,0
-0.1026,0,0
-0.1022,0,0
-0.1018,0,0
-0.1014,0,0
-0.101,0,0
-0.1006,0,0
-0.1002,0,0
-0.0998,0,0
-0.0994,0,0
-0.099,0,0
-0.0986,0,0
-0.0982,0,0
-0.0978,0,0
-0.0974,0.00389396,0.00390166
-0.097,0,0
-0.0966,0,0
-0.0962,0,0
-0.0958,0,0
-0.0954,0,0
-0.095,0,0
-0.0946,0.00739253,0.00524395
-0.0942,0,0
-0.0938,0,0
-0.0934,0,0
-0.093,0,0
-0.0926,0,0
-0.0922,0,0
-0.0918,0,0
-0.0914,0,0
-0.091,0,0
-0.0906,0,0
-0.0902,0,0
-0.0898,0,0
-0.0894,0,0
-0.089,0,0
-0.0886,0,0
-0.0882,0,0
-0.0878,0,0
-0.0874,0,0
-0.087,0,0
-0.0866,0,0
-0.0862,0,0
-0.0858,0,0
-0.0854,0,0
-0.085,0.00364543,0.00365228
-0.0846,0,0
-0.0842,0.00361433,0.00362107
-0.0838,0,0
-0.0834,0,0
-0.083,0,0
-0.0826,0,0
-0.0822,0,0
-0.0818,0,0
-0.0814,0,0
-0.081,0,0
-0.0806,0.00368635,0.00369339
-0.0802,0,0
-0.0798,0,0
-0.0794,0,0
-0.079,0,0
-0.0786,0.00710359,0.00503225
-0.0782,0,0
-0.0778,0,0
-0.0774,0.00397479,0.00398299
-0.077,0,0
-0.0766,0,0
-0.0762,0,0
-0.0758,0.00362177,0.00362859
-0.0754,0.00343883,0.00344498
-0.075,0,0
-0.0746,0,0
-0.0742,0,0
-0.0738,0.00366154,0.00366852
-0.0734,0,0
-0.073,0,0
-0.0726,0,0
-0.0722,0,0
-0.0718,0,0
-0.0714,0,0
-0.071,0,0
-0.0706,0,0
-0.0702,0,0
-0.0698,0.00372707,0.00373433
-0.0694,0,0
-0.069,0,0
-0.0686,0,0
-0.0682,0,0
-0.0678,0,0
-0.0674,0,0
-0.067,0,0
-0.0666,0,0
-0.0662,0,0
-0.0658,0,0
-0.0654,0,0
-0.065,0,0
-0.0646,0,0
-0.0642,0,0
-0.0638,0.00328297,0.00328863
-0.0634,0.00365697,0.003664
-0.063,0.00699038,0.0049573
-0.0626,0,0
-0.0622,0,0
-0.0618,0.00347237,0.00347872
-0.0614,0,0
-0.061,0.00352654,0.00353309
-0.0606,0,0
-0.0602,0,0
-0.0598,0,0
-0.0594,0,0
-0.059,0,0
-0.0586,0,0
-0.0582,0,0
-0.0578,0,0
-0.0574,0.00353848,0.00354509
-0.057,0,0
-0.0566,0,0
-0.0562,0,0
-0.0558,0.00329296,0.0032987
-0.0554,0,0
-0.055,0.00352378,0.00353034
-0.0546,0,0
-0.0542,0,0
-0.0538,0.00386331,0.0038712
-0.0534,0.00324551,0.00325108
-0.053,0,0
-0.0526,0,0
-0.0522,0.00361843,0.00362536
-0.0518,0,0
-0.0514,0,0
-0.051,0.00707789,0.00501422
-0.0506,0,0
-0.0502,0,0
-0.0498,0,0
-0.0494,0,0
-0.049,0,0
-0.0486,0.00374992,0.00375739
-0.0482,0,0
-0.0478,0.00331958,0.00332543
-0.0474,0.00741005,0.00525002
-0.047,0,0
-0.0466,0,0
-0.0462,0,0
-0.0458,0,0
-0.0454,0.00324065,0.00324624
-0.045,0.0033592,0.00336521
-0.0446,0.00331137,0.00331721
-0.0442,0.0033101,0.00331594
-0.0438,0.0036343,0.00364134
-0.0434,0,0
-0.043,0.00325786,0.00326352
-0.0426,0,0
-0.0422,0.00359191,0.0036548
-0.0418,0,0
-0.0414,0,0
-0.041,0.00373322,0.00374067
-0.0406,0.00340491,0.00341111
-0.0402,0,0
-0.0398,0,0
-0.0394,0,0
-0.039,0,0
-0.0386,0.00347791,0.00348439
-0.0382,0,0
-0.0378,0.00700594,0.00496885
-0.0374,0.0035483,0.00355506
-0.037,0.00354682,0.00355358
-0.0366,0,0
-0.0362,0,0
-0.0358,0,0
-0.0354,0,0
-0.035,0.00365107,0.00365824
-0.0346,0.00313089,0.00313616
-0.0342,0,0
-0.0338,0,0
-0.0334,0,0
-0.033,0,0
-0.0326,0,0
-0.0322,0,0
-0.0318,0,0
-0.0314,0.00436218,0.00391376
-0.031,0,0
-0.0306,0,0
-0.0302,0,0
-0.0298,0.00330947,0.00331539
-0.0294,0,0
-0.029,0,0
-0.0286,0.00720287,0.00510342
-0.0282,0,0
-0.0278,0,0
-0.0274,0,0
-0.027,0,0
-0.0266,0,0
-0.0262,0,0
-0.0258,0.0032186,0.00322423
-0.0254,0,0
-0.025,0,0
-0.0246,0,0
-0.0242,0.0104704,0.00605739
-0.0238,0,0
-0.0234,0,0
-0.023,0,0
-0.0226,0,0
-0.0222,0.00191838,0.00251623
-0.0218,0,0
-0.0214,0.00352414,0.00353093
-0.021,0.00313445,0.00313982
-0.0206,0,0
-0.0202,0.00631435,0.00447265
-0.0198,0.00347433,0.00348095
-0.0194,0.00344773,0.00345425
-0.019,0.00318656,0.00319213
-0.0186,0,0
-0.0182,0.0035114,0.00351817
-0.0178,0.00314589,0.00315132
-0.0174,0.00674828,0.00478061
-0.017,0,0
-0.0166,0.00648266,0.00459211
-0.0162,0.00347633,0.00348298
-0.0158,0,0
-0.0154,0,0
-0.015,0,0
-0.0146,0.00338549,0.00339181
-0.0142,0,0
-0.0138,0,0
-0.0134,0.00356482,0.00357184
-0.013,0,0
-0.0126,0,0
-0.0122,0,0
-0.0118,0,0
-0.0114,0,0
-0.011,0,0
-0.0106,0.00323643,0.00324224
-0.0102,0,0
-0.0098,0.00666448,0.00472122
-0.0094,0,0
-0.009,0,0
-0.0086,0.0101392,0.00586624
-0.0082,0.0124761,0.00624888
-0.0078,0.0103753,0.00600586
-0.0074,0.0102095,0.00590635
-0.007,0.0240714,0.00911631
-0.0066,0.0132615,0.00664788
-0.0062,0.0128928,0.00645804
-0.0058,0.0128121,0.00641764
-0.0054,0.018476,0.00755685
-0.005,0.00644736,0.00457347
-0.0046,0.0139263,0.00697753
-0.0042,0.023103,0.00875347
-0.0038,0.0388958,0.0113097
-0.0034,0.0206621,0.00845543
-0.003,0.041994,0.0121166
-0.0026,0.0746245,0.0155007
-0.0022,0.0900991,0.0164887
-0.0018,0.201579,0.0257733
-0.0014,0.290976,0.030333
-0.001,0.490376,0.0401403
-0.0006,0.781816,0.0532028
-0.0002,0.790829,0.0511672
0.0002,0.742256,0.0486868
0.0006,0.628812,0.0463768
0.001,0.380248,0.0356612
0.0014,0.267629,0.0289868
0.0018,0.127123,0.0195215
0.0022,0.118239,0.0192157
0.0026,0.0672821,0.0145692
0.003,0.0352412,0.0107735
0.0034,0.0581049,0.0138882
0.0038,0.0278164,0.00930548
0.0042,0.0403559,0.0116746
0.0046,0.0160231,0.0071805
0.005,0.00643292,0.00455703
0.0054,0.00679457,0.00481371
0.0058,0.0171145,0.00766963
0.0062,0.0451197,0.0125388
0.0066,0.0104827,0.00606432
0.007,0.0220802,0.0083695
0.0074,0.0255608,0.00905421
0.0078,0.00996339,0.0057632
0.0082,0.00918161,0.00531039
0.0086,0.0135893,0.00682026
0.009,0.00350689,0.00316102
0.0094,0.00315642,0.00316207
0.0098,0.00319287,0.00319865
0.0102,0,0
0.0106,0,0
0.011,0,0
0.0114,0.00333781,0.00334414
0.0118,0.00310046,0.00310592
0.0122,0,0
0.0126,0.00313096,0.00313654
0.013,0.00322911,0.00323504
0.0134,0.00335952,0.00336594
0.0138,0,0
0.0142,0,0
0.0146,0.00617007,0.00437068
0.015,0,0
0.0154,0,0
0.0158,0.00331265,0.00331891
0.0162,0.00348531,0.00349224
0.0166,0,0
0.017,0.00318568,0.00319147
0.0174,0,0
0.0178,0.0030962,0.00310168
0.0182,0,0
0.0186,0.00323049,0.00323645
0.019,0.00325642,0.00326248
0.0194,0,0
0.0198,0,0
0.0202,0,0
0.0206,0,0
0.021,0,0
0.0214,0.00711102,0.00503849
0.0218,0.00365473,0.00366238
0.0222,0,0
0.0226,0.00288025,0.00288501
0.023,0,0
0.0234,0,0
0.0238,0,0
0.0242,0,0
0.0246,0,0
0.025,0,0
0.0254,0.00308267,0.00308813
0.0258,0,0
0.0262,0.00379183,0.00380009
0.0266,0,0
0.027,0,0
0.0274,0.00333692,0.00334333
0.0278,0,0
0.0282,0.00653846,0.00464075
0.0286,0,0
0.029,0.00313309,0.00313874
0.0294,0,0
0.0298,0,0
0.0302,0,0
0.0306,0.00313053,0.00313618
0.031,0,0
0.0314,0.00309079,0.0030963
0.0318,0,0
0.0322,0,0
0.0326,0,0
0.033,0.00298688,0.00299203
0.0334,0,0
0.0338,0,0
0.0342,0.00653035,0.00462682
0.0346,0,0
0.035,0,0
0.0354,0,0
0.0358,0,0
0.0362,0,0
0.0366,0.00666826,0.00473067
0.037,0.00316047,0.00316624
0.0374,0.00574744,0.00407081
0.0378,0.000529889,0.00128103
0.0382,0,0
0.0386,0.00329853,0.00330482
0.039,0,0
0.0394,0,0
0.0398,0,0
0.0402,0.003059,0.00306442
0.0406,0.00326704,0.00327322
0.041,0,0
0.0414,0,0
0.0418,0,0
0.0422,0.00633058,0.00448461
0.0426,0.0028515,0.00285621
0.043,0.00325889,0.00326505
0.0434,0,0
0.0438,0.00294787,0.00295291
0.0442,0.00306127,0.00306671
0.0446,0,0
0.045,0.00302469,0.00302999
0.0454,0.00337981,0.00338644
0.0458,0.00311925,0.0031249
0.0462,0,0
0.0466,0,0
0.047,0,0
0.0474,0.00598878,0.00424208
0.0478,0.00597377,0.00424046
0.0482,0,0
0.0486,0,0
0.049,0.0068833,0.00487697
0.0494,0.00304082,0.0030462
0.0498,0,0
0.0502,0,0
0.0506,0,0
0.051,0.00663909,0.00470559
0.0514,0.00313986,0.00314559
0.0518,0.00648159,0.00459183
0.0522,0,0
0.0526,0,0
0.053,0,0
0.0534,0,0
0.0538,0.00306068,0.00306614
0.0542,0,0
0.0546,0,0
0.055,0,0
0.0554,0.00583234,0.00413187
0.0558,0,0
0.0562,0.00311092,0.00311657
0.0566,0.00621935,0.00440574
0.057,0,0
0.0574,0.00967253,0.00559715
0.0578,0.00284887,0.00285362
0.0582,0.00569593,0.00403434
0.0586,0,0
0.059,0,0
0.0594,0,0
0.0598,0,0
0.0602,0,0
0.0606,0,0
0.061,0.00953641,0.00552279
0.0614,0,0
0.0618,0.00297537,0.00298056
0.0622,0,0
0.0626,0.00305244,0.00305792
0.063,0.00314186,0.00314766
0.0634,0.00288536,0.00289025
0.0638,0,0
0.0642,0,0
0.0646,0.00294466,0.00294976
0.065,0,0
0.0654,0.00298791,0.00299317
0.0658,0,0
0.0662,0.00301359,0.00301894
0.0666,0,0
0.067,0.00294907,0.0029542
0.0674,0,0
0.0678,0,0
0.0682,0,0
0.0686,0.00288421,0.00288913
0.069,0,0
0.0694,0.00292031,0.00292535
0.0698,0,0
0.0702,0.00295399,0.00295915
0.0706,0.00293116,0.00293625
0.071,0,0
0.0714,0.00579374,0.00410383
0.0718,0.00316928,0.00317523
0.0722,0,0
0.0726,0.00303187,0.00303732
0.073,0,0
0.0734,0.00287635,0.00288125
0.0738,0,0
0.0742,0.00293377,0.00293888
0.0746,0,0
0.075,0.0027969,0.00280155
0.0754,0,0
0.0758,0,0
0.0762,0,0
0.0766,0,0
0.077,0,0
0.0774,0,0
0.0778,0,0
0.0782,0.00301715,0.00302258
0.0786,0.00300613,0.00301152
0.079,0,0
0.0794,0.00281303,0.00281776
0.0798,0.00300271,0.00300809
0.0802,0,0
0.0806,0.00308098,0.00308666
0.081,0.00296052,0.00296576
0.0814,0,0
0.0818,0,0
0.0822,0,0
0.0826,0.00317741,0.00318346
0.083,0.0030704,0.00307605
0.0834,0,0
0.0838,0.00281989,0.00282466
0.0842,0,0
0.0846,0.00298749,0.00299285
0.085,0,0
0.0854,0,0
0.0858,0,0
0.0862,0.00302729,0.00303281
0.0866,0,0
0.087,0,0
0.0874,0.00308765,0.0030934
0.0878,0,0
0.0882,0,0
0.0886,0,0
0.089,0,0
0.0894,0,0
0.0898,0.00304075,0.00304634
0.0902,0,0
0.0906,0,0
0.091,0.00286048,0.00286543
0.0914,0,0
0.0918,0,0
0.0922,0,0
0.0926,0,0
0.093,0,0
0.0934,0.00300575,0.00301122
0.0938,0,0
0.0942,0.00621841,0.00440536
0.0946,0,0
0.095,0,0
0.0954,0,0
0.0958,0.00337074,0.00325686
0.0962,0.0067557,0.00478678
0.0966,0,0
0.097,0.00322816,0.00323447
0.0974,0.00626103,0.00443562
0.0978,0,0
0.0982,0,0
0.0986,0.00336643,0.0033733
0.099,0,0
0.0994,0.00351266,0.00352014
0.0998,0,0
0.1002,0.00337503,0.00338193
0.1006,0,0
0.101,0,0
0.1014,0,0
0.1018,0,0
0.1022,0,0
0.1026,0.00312847,0.00313441
0.103,0,0
0.1034,0.00329978,0.00330639
0.1038,0,0
0.1042,0.00338828,0.00339524
0.1046,0.00650731,0.0046123
0.105,0,0
0.1054,0,0
0.1058,0.00354915,0.00355679
0.1062,0,0
0.1066,0,0
0.107,0,0
0.1074,0.00406622,0.00407624
0.1078,0.00356809,0.00357582
0.1082,0,0
0.1086,0,0
0.109,0,0
0.1094,0.00431929,0.00433061
0.1098,0,0
0.1102,0.00403636,0.00404625
0.1106,0.00414818,0.00415862
0.111,0,0
0.1114,0,0
0.1118,0,0
0.1122,0.00434109,0.00435253
0.1126,0,0
0.113,0,0
0.1134,0,0
0.1138,0,0
0.1142,0,0
0.1146,0,0
0.115,0,0
0.1154,0,0
0.1158,0.00450104,0.00451335
0.1162,0,0
0.1166,0,0
0.117,0.00422806,0.00423892
0.1174,0,0
0.1178,0.00458164,0.0045944
0.1182,0,0
0.1186,0,0
0.119,0,0
0.1194,0,0
0.1198,0.00576018,0.00578035
