# X , Y , E Distribution=true
1
-0.1198,0,0
-0.1194,0,0
-0.119,0,0
-0.1186,0.0120571,0.0120789
-0.1182,0,0
-0.1178,0,0
-0.1174,0,0
-0.117,0,0
-0.1166,0,0
-0.1162,0,0
-0.1158,0,0
-0.1154,0,0
-0.115,0,0
-0.1146,0.0128444,0.0128691
-0.1142,0,0
-0.1138,0.0135995,0.0136272
-0.1134,0,0
-0.113,0,0
-0.1126,0,0
-0.1122,0,0
-0.1118,0,0
-0.1114,0,0
-0.111,0,0
-0.1106,0,0
-0.1102,0,0
-0.1098,0,0
-0.1094,0,0
-0.109,0,0
-0.1086,0,0
-0.1082,0,0
-0.1078,0,0
-0.1074,0,0
-0.107,0,0
-0.1066,0,0
-0.1062,0,0
-0.1058,0,0
-0.1054,0,0
-0.105,0,0
-0.1046,0,0
-0.1042,0,0
-0.1038,0,0
-0.1034,0,0
-0.103,0,0
-0.1026,0,0
-0.1022,0,0
-0.1018,0,0
-0.1014,0,0
-0.101,0,0
-0.1006,0,0
-0.1002,0,0
-0.0998,0,0
-0.0994,0,0
-0.099,0,0
-0.0986,0,0
-0.0982,0,0
-0.0978,0,0
-0.0974,0,0
-0.097,0.00968838,0.0109805
-0.0966,0,0
-0.0962,0,0
-0.0958,0,0
-0.0954,0,0
-0.095,0,0
-0.0946,0,0
-0.0942,0,0
-0.0938,0,0
-0.0934,0,0
-0.093,0,0
-0.0926,0,0
-0.0922,0,0
-0.0918,0,0
-0.0914,0,0
-0.091,0,0
-0.0906,0,0
-0.0902,0,0
-0.0898,0,0
-0.0894,0,0
-0.089,0,0
-0.0886,0,0
-0.0882,0,0
-0.0878,0,0
-0.0874,0,0
-0.087,0.00625029,0.00881972
-0.0866,0,0
-0.0862,0,0
-0.0858,0,0
-0.0854,0,0
-0.085,0,0
-0.0846,0,0
-0.0842,0,0
-0.0838,0,0
-0.0834,0.0128841,0.0129086
-0.083,0,0
-0.0826,0,0
-0.0822,0,0
-0.0818,0,0
-0.0814,0.0142656,0.0142956
-0.081,0,0
-0.0806,0,0
-0.0802,0,0
-0.0798,0,0
-0.0794,0,0
-0.079,0,0
-0.0786,0,0
-0.0782,0,0
-0.0778,0,0
-0.0774,0,0
-0.077,0,0
-0.0766,0,0
-0.0762,0,0
-0.0758,0,0
-0.0754,0,0
-0.075,0,0
-0.0746,0,0
-0.0742,0,0
-0.0738,0,0
-0.0734,0,0
-0.073,0,0
-0.0726,0,0
-0.0722,0,0
-0.0718,0,0
-0.0714,0,0
-0.071,0,0
-0.0706,0,0
-0.0702,0,0
-0.0698,0,0
-0.0694,0,0
-0.069,0,0
-0.0686,0,0
-0.0682,0,0
-0.0678,0,0
-0.0674,0,0
-0.067,0,0
-0.0666,0,0
-0.0662,0,0
-0.0658,0,0
-0.0654,0,0
-0.065,0,0
-0.0646,0,0
-0.0642,0,0
-0.0638,0,0
-0.0634,0,0
-0.063,0,0
-0.0626,0,0
-0.0622,0,0
-0.0618,0,0
-0.0614,0,0
-0.061,0,0
-0.0606,0,0
-0.0602,0,0
-0.0598,0,0
-0.0594,0.0140227,0.0140514
-0.059,0,0
-0.0586,0,0
-0.0582,0,0
-0.0578,0,0
-0.0574,0,0
-0.057,0,0
-0.0566,0,0
-0.0562,0,0
-0.0558,0,0
-0.0554,0,0
-0.055,0,0
-0.0546,0,0
-0.0542,0,0
-0.0538,0,0
-0.0534,0,0
-0.053,0,0
-0.0526,0,0
-0.0522,0,0
-0.0518,0.0126987,0.0127222
-0.0514,0.013097,0.013122
-0.051,0.0129154,0.0129397
-0.0506,0,0
-0.0502,0,0
-0.0498,0,0
-0.0494,0,0
-0.049,0,0
-0.0486,0,0
-0.0482,0,0
-0.0478,0,0
-0.0474,0,0
-0.047,0,0
-0.0466,0,0
-0.0462,0,0
-0.0458,0,0
-0.0454,0,0
-0.045,0,0
-0.0446,0,0
-0.0442,0,0
-0.0438,0,0
-0.0434,0,0
-0.043,0,0
-0.0426,0,0
-0.0422,0,0
-0.0418,0,0
-0.0414,0,0
-0.041,0,0
-0.0406,0,0
-0.0402,0,0
-0.0398,0,0
-0.0394,0,0
-0.039,0,0
-0.0386,0,0
-0.0382,0,0
-0.0378,0,0
-0.0374,0,0
-0.037,0,0
-0.0366,0.0251689,0.0178296
-0.0362,0,0
-0.0358,0.0155816,0.0156166
-0.0354,0,0
-0.035,0,0
-0.0346,0,0
-0.0342,0,0
-0.0338,0,0
-0.0334,0,0
-0.033,0,0
-0.0326,0,0
-0.0322,0,0
-0.0318,0,0
-0.0314,0,0
-0.031,0,0
-0.0306,0,0
-0.0302,0,0
-0.0298,0.00760889,0.00960066
-0.0294,0.0141943,0.0142233
-0.029,0,0
-0.0286,0,0
-0.0282,0,0
-0.0278,0,0
-0.0274,0.0141522,0.0141811
-0.027,0,0
-0.0266,0,0
-0.0262,0,0
-0.0258,0,0
-0.0254,0,0
-0.025,0,0
-0.0246,0,0
-0.0242,0.0125663,0.012589
-0.0238,0,0
-0.0234,0,0
-0.023,0.00763388,0.0101754
-0.0226,0,0
-0.0222,0.0127857,0.0128092
-0.0218,0,0
-0.0214,0.0134719,0.0134979
-0.021,0,0
-0.0206,0,0
-0.0202,0,0
-0.0198,0,0
-0.0194,0,0
-0.019,0,0
-0.0186,0,0
-0.0182,0,0
-0.0178,0.0131684,0.0131932
-0.0174,0.0101893,0.0118282
-0.017,0,0
-0.0166,0,0
-0.0162,0,0
-0.0158,0.012118,0.0121391
-0.0154,0,0
-0.015,0,0
-0.0146,0.0119284,0.0126488
-0.0142,0,0
-0.0138,0.012345,0.0123668
-0.0134,0,0
-0.013,0.00757559,0.00970234
-0.0126,0.0132445,0.0132696
-0.0122,0.0128845,0.0129082
-0.0118,0,0
-0.0114,0,0
-0.011,0,0
-0.0106,0,0
-0.0102,0,0
-0.0098,0.0403995,0.0233716
-0.0094,0.0120882,0.012109
-0.009,0,0
-0.0086,0,0
-0.0082,0,0
-0.0078,0,0
-0.0074,0,0
-0.007,0,0
-0.0066,0.0127136,0.0127366
-0.0062,0.0218003,0.0163449
-0.0058,0.0124496,0.0124716
-0.0054,0.0116416,0.0120345
-0.005,0,0
-0.0046,0.014445,0.0144746
-0.0042,0.013898,0.0133791
-0.0038,0.0411788,0.0221283
-0.0034,0.0942301,0.0345035
-0.003,0.110123,0.0373166
-0.0026,0.356392,0.0689843
-0.0022,0.649679,0.0928641
-0.0018,1.31063,0.130823
-0.0014,2.42609,0.17661
-0.001,2.94318,0.191292
-0.0006,3.98102,0.225522
-0.0002,4.90295,0.257992
0.0002,3.9672,0.226386
0.0006,3.16056,0.199658
0.001,1.99853,0.156571
0.0014,1.2449,0.130885
0.0018,0.434817,0.0768377
0.0022,0.178875,0.0483809
0.0026,0.0642718,0.0289949
0.003,0.0255502,0.018106
0.0034,0,0
0.0038,0,0
0.0042,0,0
0.0046,0.0125472,0.0125695
0.005,0,0
0.0054,0.000738798,0.00297281
0.0058,0.0117305,0.01175
0.0062,0,0
0.0066,0,0
0.007,0,0
0.0074,0.0224566,0.0173218
0.0078,0.0247818,0.0178901
0.0082,0,0
0.0086,0.0135605,0.0135865
0.009,0.0132716,0.0132965
0.0094,0,0
0.0098,0.00369649,0.00694609
0.0102,0.0125401,0.0125623
0.0106,0,0
0.011,0,0
0.0114,0,0
0.0118,0.0117671,0.0117867
0.0122,0,0
0.0126,0.0123788,0.0124005
0.013,0,0
0.0134,0,0
0.0138,0,0
0.0142,0.0125063,0.0125283
0.0146,0,0
0.015,0.013329,0.013354
0.0154,0.0266483,0.0188786
0.0158,0,0
0.0162,0,0
0.0166,0,0
0.017,0,0
0.0174,0.0121735,0.0121943
0.0178,0,0
0.0182,0,0
0.0186,0,0
0.019,0,0
0.0194,0,0
0.0198,0.0133271,0.0133521
0.0202,0,0
0.0206,0,0
0.021,0,0
0.0214,0.0133544,0.0133795
0.0218,0,0
0.0222,0,0
0.0226,0,0
0.023,0.0133788,0.0134039
0.0234,0,0
0.0238,0,0
0.0242,0,0
0.0246,0,0
0.025,0,0
0.0254,0,0
0.0258,0,0
0.0262,0,0
0.0266,0,0
0.027,0.0129434,0.0129669
0.0274,0,0
0.0278,0.00964051,0.0110964
0.0282,0,0
0.0286,0,0
0.029,0,0
0.0294,0,0
0.0298,0,0
0.0302,0,0
0.0306,0,0
0.031,0,0
0.0314,0,0
0.0318,0.00799121,0.0101994
0.0322,0.00673346,0.00966338
0.0326,0,0
0.033,0,0
0.0334,0,0
0.0338,0,0
0.0342,0,0
0.0346,0,0
0.035,0,0
0.0354,0,0
0.0358,0,0
0.0362,0,0
0.0366,0,0
0.037,0,0
0.0374,0,0
0.0378,0,0
0.0382,0,0
0.0386,0,0
0.039,0,0
0.0394,0,0
0.0398,0,0
0.0402,0,0
0.0406,0,0
0.041,0,0
0.0414,0,0
0.0418,0,0
0.0422,0,0
0.0426,0.0125116,0.0125334
0.043,0,0
0.0434,0,0
0.0438,0.0130197,0.0130432
0.0442,0,0
0.0446,0,0
0.045,0,0
0.0454,0,0
0.0458,0,0
0.0462,0,0
0.0466,0,0
0.047,0,0
0.0474,0,0
0.0478,0,0
0.0482,0,0
0.0486,0,0
0.049,0.012463,0.0124845
0.0494,0,0
0.0498,0,0
0.0502,0,0
0.0506,0,0
0.051,0,0
0.0514,0,0
0.0518,0,0
0.0522,0.0129083,0.0129313
0.0526,0,0
0.053,0,0
0.0534,0,0
0.0538,0,0
0.0542,0,0
0.0546,0,0
0.055,0.0140273,0.0140545
0.0554,0,0
0.0558,0.013175,0.0132921
0.0562,0,0
0.0566,0,0
0.057,0,0
0.0574,0,0
0.0578,0,0
0.0582,0,0
0.0586,0,0
0.059,0,0
0.0594,0,0
0.0598,0,0
0.0602,0,0
0.0606,0,0
0.061,0,0
0.0614,0,0
0.0618,0,0
0.0622,0,0
0.0626,0.0105285,0.0119023
0.063,0,0
0.0634,0,0
0.0638,0,0
0.0642,0,0
0.0646,0,0
0.065,0.0130074,0.0130306
0.0654,0,0
0.0658,0,0
0.0662,0,0
0.0666,0,0
0.067,0,0
0.0674,0,0
0.0678,0,0
0.0682,0,0
0.0686,0.00177355,0.00481499
0.069,0,0
0.0694,0,0
0.0698,0.0139266,0.0139532
0.0702,0,0
0.0706,3.41883e-05,0.000685196
0.071,0,0
0.0714,0,0
0.0718,0,0
0.0722,0,0
0.0726,0,0
0.073,0,0
0.0734,0,0
0.0738,0,0
0.0742,0,0
0.0746,0,0
0.075,0,0
0.0754,0,0
0.0758,0,0
0.0762,0,0
0.0766,0,0
0.077,0,0
0.0774,0,0
0.0778,0,0
0.0782,0,0
0.0786,0,0
0.079,0,0
0.0794,0.00183741,0.00487445
0.0798,0,0
0.0802,0,0
0.0806,0,0
0.081,0,0
0.0814,0.0130176,0.0130407
0.0818,0,0
0.0822,0,0
0.0826,0,0
0.083,0,0
0.0834,0,0
0.0838,0,0
0.0842,0.00980329,0.011464
0.0846,0,0
0.085,0.00503346,0.00826943
0.0854,0,0
0.0858,0,0
0.0862,0,0
0.0866,0,0
0.087,0,0
0.0874,0,0
0.0878,0,0
0.0882,0,0
0.0886,0,0
0.089,0,0
0.0894,0,0
0.0898,0,0
0.0902,0,0
0.0906,0.0136603,0.0136856
0.091,0,0
0.0914,0,0
0.0918,0,0
0.0922,0,0
0.0926,0,0
0.093,0,0
0.0934,0.0133046,0.0133285
0.0938,0,0
0.0942,0,0
0.0946,0,0
0.095,0,0
0.0954,0,0
0.0958,0,0
0.0962,0.013734,0.0137595
0.0966,0,0
0.097,0,0
0.0974,0,0
0.0978,0,0
0.0982,0,0
0.0986,0,0
0.099,0,0
0.0994,0,0
0.0998,0,0
0.1002,0,0
0.1006,0.0116665,0.0129497
0.101,0,0
0.1014,0,0
0.1018,0,0
0.1022,0,0
0.1026,0,0
0.103,0,0
0.1034,0,0
0.1038,0.0167338,0.0167714
0.1042,0,0
0.1046,0,0
0.105,0,0
0.1054,0,0
0.1058,0,0
0.1062,0,0
0.1066,0,0
0.107,0,0
0.1074,0,0
0.1078,0.0169839,0.0170226
0.1082,0,0
0.1086,0,0
0.109,0,0
0.1094,0,0
0.1098,0,0
0.1102,0,0
0.1106,0,0
0.111,0,0
0.1114,0,0
0.1118,0,0
0.1122,0,0
0.1126,0,0
0.113,0,0
0.1134,0,0
0.1138,0,0
0.1142,0,0
0.1146,0,0
0.115,0,0
0.1154,0,0
0.1158,0,0
0.1162,0,0
0.1166,0,0
0.117,0,0
0.1174,0,0
0.1178,0,0
0.1182,0,0
0.1186,0,0
0.119,0,0
0.1194,0,0
0.1198,0,0
2
-0.1198,0,0
-0.1194,0,0
-0.119,0,0
-0.1186,0,0
-0.1182,0,0
-0.1178,0,0
-0.1174,0,0
-0.117,0,0
-0.1166,0,0
-0.1162,0,0
-0.1158,0,0
-0.1154,0,0
-0.115,0,0
-0.1146,0,0
-0.1142,0,0
-0.1138,0,0
-0.1134,0,0
-0.113,0,0
-0.1126,0,0
-0.1122,0,0
-0.1118,0,0
-0.1114,0,0
-0.111,0,0
-0.1106,0,0
-0.1102,0.00642853,0.00644174
-0.1098,0,0
-0.1094,0,0
-0.109,0,0
-0.1086,0,0
-0.1082,0,0
-0.1078,0,0
-0.1074,0,0
-0.107,0,0
-0.1066,0,0
-0.1062,0,0
-0.1058,0,0
-0.1054,0,0
-0.105,0,0
-0.1046,0,0
-0.1042,0,0
-0.1038,0,0
-0.1034,0,0
-0.103,0,0
-0.1026,0,0
-0.1022,0,0
-0.1018,0.00624469,0.00625713
-0.1014,0,0
-0.101,0,0
-0.1006,0.00655473,0.00656843
-0.1002,0,0
-0.0998,0,0
-0.0994,0,0
-0.099,0,0
-0.0986,0,0
-0.0982,0,0
-0.0978,0,0
-0.0974,0,0
-0.097,0.00703545,0.00638488
-0.0966,0,0
-0.0962,0,0
-0.0958,0,0
-0.0954,0,0
-0.095,0,0
-0.0946,0.00611474,0.006202
-0.0942,0,0
-0.0938,0,0
-0.0934,0.00600876,0.00602026
-0.093,0,0
-0.0926,0,0
-0.0922,0,0
-0.0918,0,0
-0.0914,0,0
-0.091,0,0
-0.0906,0.00616475,0.00617684
-0.0902,0,0
-0.0898,0.0114867,0.0081372
-0.0894,0,0
-0.089,0,0
-0.0886,0,0
-0.0882,0,0
-0.0878,0,0
-0.0874,0.0062394,0.00625177
-0.087,0.00861522,0.00705673
-0.0866,0.0057698,0.00578039
-0.0862,0,0
-0.0858,0,0
-0.0854,0,0
-0.085,0.00565806,0.00566823
-0.0846,0,0
-0.0842,0,0
-0.0838,0,0
-0.0834,0,0
-0.083,0,0
-0.0826,0,0
-0.0822,0,0
-0.0818,0,0
-0.0814,0,0
-0.081,0,0
-0.0806,0,0
-0.0802,0,0
-0.0798,0.00550588,0.0055155
-0.0794,0.00600979,0.00602125
-0.079,0,0
-0.0786,0.00566392,0.0056741
-0.0782,0.0060518,0.00606342
-0.0778,0,0
-0.0774,0,0
-0.077,0,0
-0.0766,0,0
-0.0762,0,0
-0.0758,0,0
-0.0754,0,0
-0.075,0,0
-0.0746,0,0
-0.0742,0,0
-0.0738,0,0
-0.0734,0,0
-0.073,0,0
-0.0726,0,0
-0.0722,0.00576398,0.00577451
-0.0718,0.00379222,0.00487539
-0.0714,0,0
-0.071,0,0
-0.0706,0.000694816,0.0019979
-0.0702,0,0
-0.0698,0.00639304,0.00640598
-0.0694,0,0
-0.069,0.00424999,0.00513223
-0.0686,0,0
-0.0682,0,0
-0.0678,0,0
-0.0674,0,0
-0.067,0,0
-0.0666,0,0
-0.0662,0,0
-0.0658,0,0
-0.0654,0,0
-0.065,0,0
-0.0646,0,0
-0.0642,0,0
-0.0638,0,0
-0.0634,0,0
-0.063,0.00625149,0.00626384
-0.0626,0,0
-0.0622,0,0
-0.0618,0,0
-0.0614,0,0
-0.061,0,0
-0.0606,0,0
-0.0602,0,0
-0.0598,0,0
-0.0594,0,0
-0.059,0,0
-0.0586,0,0
-0.0582,0,0
-0.0578,0,0
-0.0574,0,0
-0.057,0,0
-0.0566,0,0
-0.0562,0,0
-0.0558,0,0
-0.0554,0,0
-0.055,0.0113405,0.00803332
-0.0546,0,0
-0.0542,0.006146,0.00615792
-0.0538,0,0
-0.0534,0,0
-0.053,0,0
-0.0526,0,0
-0.0522,0,0
-0.0518,0,0
-0.0514,0,0
-0.051,0,0
-0.0506,0,0
-0.0502,0,0
-0.0498,0,0
-0.0494,0,0
-0.049,0,0
-0.0486,0,0
-0.0482,0,0
-0.0478,0,0
-0.0474,0,0
-0.047,0,0
-0.0466,0.00592632,0.00593739
-0.0462,0,0
-0.0458,0,0
-0.0454,0,0
-0.045,0,0
-0.0446,0,0
-0.0442,0,0
-0.0438,0,0
-0.0434,0.00525526,0.00538501
-0.043,0,0
-0.0426,0,0
-0.0422,0.00567909,0.00568924
-0.0418,0,0
-0.0414,0,0
-0.041,0,0
-0.0406,0.00621604,0.00622819
-0.0402,0,0
-0.0398,0,0
-0.0394,0,0
-0.039,0,0
-0.0386,0,0
-0.0382,0,0
-0.0378,0.00552334,0.00553293
-0.0374,0.00528597,0.00529475
-0.037,0.010636,0.00753337
-0.0366,0,0
-0.0362,0,0
-0.0358,0,0
-0.0354,0.013541,0.00961066
-0.035,0,0
-0.0346,0.00210574,0.00352443
-0.0342,0,0
-0.0338,0,0
-0.0334,0,0
-0.033,0,0
-0.0326,0,0
-0.0322,0,0
-0.0318,0,0
-0.0314,0,0
-0.031,0,0
-0.0306,0.00624685,0.0062591
-0.0302,0,0
-0.0298,0.00204548,0.00336995
-0.0294,0,0
-0.029,0.012679,0.00898637
-0.0286,0,0
-0.0282,0,0
-0.0278,0,0
-0.0274,0.00648289,0.00649606
-0.027,0,0
-0.0266,0,0
-0.0262,0,0
-0.0258,0,0
-0.0254,0.00647788,0.00649103
-0.025,0.00627156,0.00628389
-0.0246,0,0
-0.0242,0,0
-0.0238,0.00575238,0.00576275
-0.0234,0,0
-0.023,0,0
-0.0226,0.00629681,0.00630924
-0.0222,0.00584915,0.00585987
-0.0218,0,0
-0.0214,0,0
-0.021,0,0
-0.0206,0,0
-0.0202,0,0
-0.0198,0,0
-0.0194,0,0
-0.019,0,0
-0.0186,0,0
-0.0182,0,0
-0.0178,0.00601718,0.00602851
-0.0174,0.00159346,0.00316168
-0.017,0,0
-0.0166,0,0
-0.0162,0.00611644,0.00612814
-0.0158,0.00602921,0.00604058
-0.0154,0,0
-0.015,0.00609966,0.00611129
-0.0146,0,0
-0.0142,0,0
-0.0138,0.00563455,0.00564448
-0.0134,0.00231136,0.00357496
-0.013,0,0
-0.0126,0,0
-0.0122,0,0
-0.0118,0,0
-0.0114,0,0
-0.011,0,0
-0.0106,0,0
-0.0102,0,0
-0.0098,0,0
-0.0094,0.00551118,0.00552067
-0.009,0.00561507,0.00562492
-0.0086,0,0
-0.0082,0.00551265,0.00552214
-0.0078,0,0
-0.0074,0.00618757,0.00619952
-0.007,0.0125068,0.00886096
-0.0066,0,0
-0.0062,0,0
-0.0058,0.0115647,0.00819381
-0.0054,0,0
-0.005,0.0060184,0.0060297
-0.0046,0.0317676,0.0142485
-0.0042,0.0153823,0.00902266
-0.0038,0.0185064,0.0100157
-0.0034,0.0206834,0.0109045
-0.003,0.0676315,0.0197716
-0.0026,0.107579,0.0258702
-0.0022,0.246014,0.0386675
-0.0018,0.437979,0.0510598
-0.0014,0.645485,0.0611882
-0.001,1.15221,0.0806915
-0.0006,1.40918,0.0904093
-0.0002,1.91558,0.108626
0.0002,1.7816,0.102142
0.0006,1.62917,0.0964822
0.001,1.02164,0.0753039
0.0014,0.747547,0.0682916
0.0018,0.333709,0.0452891
0.0022,0.0800781,0.021823
0.0026,0.0441662,0.0162286
0.003,0,0
0.0034,0.0111461,0.00789597
0.0038,0,0
0.0042,0,0
0.0046,0.00569769,0.0057078
0.005,0.0053437,0.0053526
0.0054,0.00507693,0.00525079
0.0058,0.0106489,0.00754244
0.0062,0,0
0.0066,0.00497304,0.00538028
0.007,0,0
0.0074,0.00185112,0.00331751
0.0078,0.000427748,0.00157536
0.0082,0,0
0.0086,0.00564208,0.00565199
0.009,0.0056426,0.00565251
0.0094,0.00378737,0.00493942
0.0098,0.00995321,0.00761449
0.0102,0,0
0.0106,0,0
0.011,0,0
0.0114,0.00627562,0.00628786
0.0118,0,0
0.0122,0.00413157,0.00479928
0.0126,0,0
0.013,0,0
0.0134,0,0
0.0138,0.0056581,0.00566806
0.0142,0.00566093,0.00567089
0.0146,0.00552497,0.00553446
0.015,0,0
0.0154,0,0
0.0158,0,0
0.0162,0,0
0.0166,0.00269652,0.00405112
0.017,0,0
0.0174,0,0
0.0178,0.00615141,0.00616317
0.0182,0,0
0.0186,0,0
0.019,0.0062219,0.00623392
0.0194,0.00568919,0.00569925
0.0198,0.00568956,0.00569961
0.0202,0,0
0.0206,0,0
0.021,0,0
0.0214,0,0
0.0218,0,0
0.0222,0,0
0.0226,0.0155737,0.00961854
0.023,0,0
0.0234,0,0
0.0238,0,0
0.0242,0,0
0.0246,0,0
0.025,0,0
0.0254,0,0
0.0258,0,0
0.0262,0,0
0.0266,0,0
0.027,0.00624075,0.00625282
0.0274,0,0
0.0278,0,0
0.0282,0,0
0.0286,0,0
0.029,0,0
0.0294,0,0
0.0298,0,0
0.0302,0.00637121,0.00638378
0.0306,0,0
0.031,0,0
0.0314,0.00584222,0.00585279
0.0318,0.00546759,0.00565401
0.0322,0.0031867,0.00445953
0.0326,0,0
0.033,0,0
0.0334,0,0
0.0338,0,0
0.0342,0,0
0.0346,0,0
0.035,0,0
0.0354,0.00603926,0.00605055
0.0358,0,0
0.0362,0,0
0.0366,0.00484367,0.00558598
0.037,0,0
0.0374,0,0
0.0378,0,0
0.0382,0,0
0.0386,0.00607783,0.00608925
0.039,0,0
0.0394,0.00600532,0.00601647
0.0398,0,0
0.0402,0,0
0.0406,0.0129882,0.00920249
0.041,0,0
0.0414,0,0
0.0418,0,0
0.0422,0,0
0.0426,0,0
0.043,0,0
0.0434,0,0
0.0438,0,0
0.0442,0,0
0.0446,0,0
0.045,0,0
0.0454,0,0
0.0458,0,0
0.0462,0,0
0.0466,0,0
0.047,0,0
0.0474,0,0
0.0478,0,0
0.0482,0,0
0.0486,0,0
0.049,0,0
0.0494,0,0
0.0498,0,0
0.0502,0.00594304,0.00595393
0.0506,0,0
0.051,0,0
0.0514,0,0
0.0518,0,0
0.0522,0,0
0.0526,0,0
0.053,0,0
0.0534,0,0
0.0538,0,0
0.0542,0,0
0.0546,0,0
0.055,0,0
0.0554,0,0
0.0558,0,0
0.0562,0,0
0.0566,0,0
0.057,0,0
0.0574,0,0
0.0578,0,0
0.0582,0,0
0.0586,0,0
0.059,0,0
0.0594,0,0
0.0598,0,0
0.0602,0.00577292,0.00578317
0.0606,0.00577317,0.00578342
0.061,0,0
0.0614,0,0
0.0618,0,0
0.0622,0,0
0.0626,0.00726784,0.00660661
0.063,0,0
0.0634,0,0
0.0638,0,0
0.0642,0,0
0.0646,0,0
0.065,0,0
0.0654,0,0
0.0658,0,0
0.0662,0,0
0.0666,0,0
0.067,0,0
0.0674,0.00584949,0.00586
0.0678,0,0
0.0682,0,0
0.0686,0.00501304,0.00540328
0.069,0,0
0.0694,0,0
0.0698,0,0
0.0702,0,0
0.0706,0.00607648,0.00609546
0.071,0,0
0.0714,0.00587128,0.00588186
0.0718,0,0
0.0722,0.00592188,0.00593264
0.0726,0,0
0.073,0,0
0.0734,0,0
0.0738,0,0
0.0742,0.00580047,0.00581079
0.0746,0,0
0.075,0,0
0.0754,0,0
0.0758,0,0
0.0762,0,0
0.0766,0.00586754,0.00587809
0.077,0,0
0.0774,0,0
0.0778,0,0
0.0782,0,0
0.0786,0,0
0.079,0,0
0.0794,0.00490708,0.0053087
0.0798,0,0
0.0802,0,0
0.0806,0,0
0.081,0,0
0.0814,0,0
0.0818,0,0
0.0822,0.0055884,0.00559796
0.0826,0,0
0.083,0,0
0.0834,0,0
0.0838,0,0
0.0842,0.0134249,0.00893427
0.0846,0,0
0.085,0.00977222,0.00767262
0.0854,0,0
0.0858,0,0
0.0862,0,0
0.0866,0,0
0.087,0,0
0.0874,0,0
0.0878,0,0
0.0882,0,0
0.0886,0,0
0.089,0,0
0.0894,0,0
0.0898,0,0
0.0902,0,0
0.0906,0,0
0.091,0.0120822,0.00876796
0.0914,0,0
0.0918,0,0
0.0922,0,0
0.0926,0.00662727,0.00664068
0.093,0,0
0.0934,0,0
0.0938,0,0
0.0942,0,0
0.0946,0.00632624,0.00633845
0.095,0,0
0.0954,0.00611613,0.00612754
0.0958,0,0
0.0962,0,0
0.0966,0,0
0.097,0,0
0.0974,0,0
0.0978,0,0
0.0982,0,0
0.0986,0,0
0.099,0,0
0.0994,0,0
0.0998,0,0
0.1002,0.00169512,0.00346039
0.1006,0,0
0.101,0,0
0.1014,0,0
0.1018,0,0
0.1022,0,0
0.1026,0,0
0.103,0,0
0.1034,0,0
0.1038,0,0
0.1042,0,0
0.1046,0,0
0.105,0,0
0.1054,0,0
0.1058,0,0
0.1062,0,0
0.1066,0,0
0.107,0,0
0.1074,0,0
0.1078,0,0
0.1082,0.00623819,0.0070445
0.1086,0,0
0.109,0.00788749,0.00790639
0.1094,0,0
0.1098,0,0
0.1102,0.00820967,0.00823014
0.1106,0,0
0.111,0,0
0.1114,0,0
0.1118,0,0
0.1122,0,0
0.1126,0,0
0.113,0,0
0.1134,0,0
0.1138,0,0
0.1142,0,0
0.1146,0,0
0.115,0,0
0.1154,0,0
0.1158,0,0
0.1162,0,0
0.1166,0,0
0.117,0,0
0.1174,0,0
0.1178,0,0
0.1182,0,0
0.1186,0,0
0.119,0.0112692,0.0113076
0.1194,0,0
0.1198,0,0
3
-0.1198,0,0
-0.1194,0,0
-0.119,0,0
-0.1186,0,0
-0.1182,0,0
-0.1178,0,0
-0.1174,0,0
-0.117,0,0
-0.1166,0,0
-0.1162,0,0
-0.1158,0,0
-0.1154,0,0
-0.115,0,0
-0.1146,0,0
-0.1142,0,0
-0.1138,0,0
-0.1134,0,0
-0.113,0,0
-0.1126,0,0
-0.1122,0,0
-0.1118,0,0
-0.1114,0,0
-0.111,0,0
-0.1106,0,0
-0.1102,0,0
-0.1098,0,0
-0.1094,0,0
-0.109,0,0
-0.1086,0,0
-0.1082,0,0
-0.1078,0,0
-0.1074,0,0
-0.107,0,0
-0.1066,0,0
-0.1062,0,0
-0.1058,0,0
-0.1054,0,0
-0.105,0,0
-0.1046,0,0
-0.1042,0,0
-0.1038,0,0
-0.1034,0,0
-0.103,0,0
-0.1026,0,0
-0.1022,0,0
-0.1018,0,0
-0.1014,0,0
-0.101,0,0
-0.1006,0,0
-0.1002,0.00685086,0.00686517
-0.0998,0,0
-0.0994,0,0
-0.099,0,0
-0.0986,0,0
-0.0982,0,0
-0.0978,0,0
-0.0974,0,0
-0.097,0,0
-0.0966,0,0
-0.0962,0,0
-0.0958,0,0
-0.0954,0,0
-0.095,0,0
-0.0946,0.000157681,0.00101865
-0.0942,0,0
-0.0938,0,0
-0.0934,0.00628725,0.00629928
-0.093,0,0
-0.0926,0,0
-0.0922,0,0
-0.0918,0,0
-0.0914,0,0
-0.091,0,0
-0.0906,0,0
-0.0902,0,0
-0.0898,0,0
-0.0894,0,0
-0.089,0,0
-0.0886,0.00606581,0.00607698
-0.0882,0,0
-0.0878,0.00620643,0.00621812
-0.0874,0,0
-0.087,0,0
-0.0866,0.00194749,0.00343783
-0.0862,0,0
-0.0858,0,0
-0.0854,0,0
-0.085,0,0
-0.0846,0,0
-0.0842,0,0
-0.0838,0,0
-0.0834,0,0
-0.083,0,0
-0.0826,0,0
-0.0822,0.0061495,0.00616095
-0.0818,0,0
-0.0814,0,0
-0.081,0,0
-0.0806,0,0
-0.0802,0,0
-0.0798,0,0
-0.0794,0,0
-0.079,0,0
-0.0786,0,0
-0.0782,0,0
-0.0778,0,0
-0.0774,0,0
-0.077,0,0
-0.0766,0,0
-0.0762,0.00583639,0.00584668
-0.0758,0,0
-0.0754,0,0
-0.075,0,0
-0.0746,0,0
-0.0742,0,0
-0.0738,0,0
-0.0734,0,0
-0.073,0.00224259,0.00378404
-0.0726,0.00610393,0.00611516
-0.0722,0,0
-0.0718,0.00257809,0.00412277
-0.0714,0,0
-0.071,0,0
-0.0706,0.00529181,0.00565577
-0.0702,0,0
-0.0698,0,0
-0.0694,0,0
-0.069,0.00202479,0.00363453
-0.0686,0.00641481,0.00642718
-0.0682,0,0
-0.0678,0.0065562,0.00656912
-0.0674,0,0
-0.067,0,0
-0.0666,0,0
-0.0662,0,0
-0.0658,0,0
-0.0654,0,0
-0.065,0,0
-0.0646,0.00603269,0.00604362
-0.0642,0,0
-0.0638,0,0
-0.0634,0,0
-0.063,0,0
-0.0626,0,0
-0.0622,0,0
-0.0618,0,0
-0.0614,0,0
-0.061,0,0
-0.0606,0,0
-0.0602,0.00744871,0.00746532
-0.0598,0,0
-0.0594,0,0
-0.059,0,0
-0.0586,0,0
-0.0582,0,0
-0.0578,0,0
-0.0574,0.00653608,0.00654886
-0.057,0,0
-0.0566,0.00597341,0.00598408
-0.0562,0,0
-0.0558,0,0
-0.0554,0.00645397,0.00646641
-0.055,0,0
-0.0546,0,0
-0.0542,0,0
-0.0538,0,0
-0.0534,0,0
-0.053,0,0
-0.0526,0,0
-0.0522,0,0
-0.0518,0.00618512,0.00619654
-0.0514,0,0
-0.051,0,0
-0.0506,0,0
-0.0502,0,0
-0.0498,0.00379186,0.00491795
-0.0494,0.00639537,0.00640756
-0.049,0,0
-0.0486,0,0
-0.0482,0,0
-0.0478,0,0
-0.0474,0,0
-0.047,0.00624662,0.00625824
-0.0466,0.00623502,0.00624659
-0.0462,0,0
-0.0458,0,0
-0.0454,0,0
-0.045,0.00649732,0.00650987
-0.0446,0,0
-0.0442,0.00628218,0.00629391
-0.0438,0.00621404,0.00622551
-0.0434,0.000258191,0.00122872
-0.043,0.00604188,0.00605273
-0.0426,0,0
-0.0422,0,0
-0.0418,0,0
-0.0414,0,0
-0.041,0,0
-0.0406,0,0
-0.0402,0,0
-0.0398,0,0
-0.0394,0,0
-0.039,0,0
-0.0386,0,0
-0.0382,0,0
-0.0378,0,0
-0.0374,0,0
-0.037,0.00560968,0.00561901
-0.0366,0,0
-0.0362,0,0
-0.0358,0.00759047,0.00760752
-0.0354,0,0
-0.035,0,0
-0.0346,0.00400409,0.00500766
-0.0342,0,0
-0.0338,0.00625273,0.0062643
-0.0334,0.00569052,0.0057001
-0.033,0,0
-0.0326,0.00637557,0.00638759
-0.0322,0,0
-0.0318,0,0
-0.0314,0,0
-0.031,0,0
-0.0306,0,0
-0.0302,0,0
-0.0298,0,0
-0.0294,0,0
-0.029,0,0
-0.0286,0,0
-0.0282,0,0
-0.0278,0,0
-0.0274,0,0
-0.027,0,0
-0.0266,0.00583942,0.00584947
-0.0262,0,0
-0.0258,0,0
-0.0254,0,0
-0.025,0,0
-0.0246,0,0
-0.0242,0,0
-0.0238,0.00660116,0.006614
-0.0234,0,0
-0.023,0.00658064,0.00659339
-0.0226,0.00670291,0.00671613
-0.0222,0,0
-0.0218,0,0
-0.0214,0,0
-0.021,0,0
-0.0206,0,0
-0.0202,0.00617603,0.00618725
-0.0198,0,0
-0.0194,0,0
-0.019,0,0
-0.0186,0,0
-0.0182,0,0
-0.0178,0,0
-0.0174,0,0
-0.017,0,0
-0.0166,0.00658966,0.00660241
-0.0162,0,0
-0.0158,0,0
-0.0154,0,0
-0.015,0.00650479,0.0065172
-0.0146,0.00238522,0.00393307
-0.0142,0,0
-0.0138,0.0120207,0.00851495
-0.0134,0.0092909,0.00740292
-0.013,0,0
-0.0126,0.00644805,0.00646023
-0.0122,0,0
-0.0118,0,0
-0.0114,0,0
-0.011,0,0
-0.0106,0,0
-0.0102,0,0
-0.0098,0.00667413,0.00668717
-0.0094,0,0
-0.009,0,0
-0.0086,0.00571721,0.00572677
-0.0082,0.00571816,0.00572773
-0.0078,0,0
-0.0074,0.0107264,0.00834765
-0.007,0.00667971,0.00669275
-0.0066,0.00618696,0.00619815
-0.0062,0,0
-0.0058,0.0062977,0.00630929
-0.0054,0,0
-0.005,0.00603366,0.00604429
-0.0046,0,0
-0.0042,0.023855,0.0119663
-0.0038,0.0345177,0.0141184
-0.0034,0.0349501,0.0144219
-0.003,0.0500378,0.0175696
-0.0026,0.0853783,0.0237643
-0.0022,0.138027,0.0298101
-0.0018,0.234813,0.0386895
-0.0014,0.55513,0.058863
-0.001,0.745814,0.0670939
-0.0006,1.01809,0.0795148
-0.0002,1.22954,0.0899832
0.0002,1.27518,0.0892754
0.0006,0.974303,0.0773389
0.001,0.696672,0.0643938
0.0014,0.446728,0.0547384
0.0018,0.222104,0.0382989
0.0022,0.0511354,0.0180529
0.0026,0.0517871,0.0181656
0.003,0.0241888,0.0121158
0.0034,0.00609159,0.00610239
0.0038,0,0
0.0042,0.00270905,0.00388455
0.0046,0.00571857,0.00572808
0.005,0.00610158,0.00611241
0.0054,0.00185426,0.00325695
0.0058,0.00570263,0.00571209
0.0062,0,0
0.0066,0.00746315,0.00699649
0.007,0,0
0.0074,0,0
0.0078,0,0
0.0082,0.0118766,0.00886333
0.0086,0,0
0.009,0,0
0.0094,0.00969519,0.00818193
0.0098,0,0
0.0102,0,0
0.0106,0,0
0.011,0,0
0.0114,0,0
0.0118,0,0
0.0122,0.00152738,0.00302199
0.0126,0,0
0.013,0,0
0.0134,0.00629291,0.00630438
0.0138,0,0
0.0142,0.0120018,0.00850197
0.0146,0.00592451,0.00593468
0.015,0,0
0.0154,0.00647051,0.00648263
0.0158,0,0
0.0162,0,0
0.0166,0.0101229,0.00813237
0.017,0,0
0.0174,0,0
0.0178,0.00629833,0.00630981
0.0182,0,0
0.0186,0,0
0.019,0,0
0.0194,0,0
0.0198,0.00646728,0.00647938
0.0202,0,0
0.0206,0,0
0.021,0.00606294,0.00607357
0.0214,0,0
0.0218,0,0
0.0222,0,0
0.0226,0.00231078,0.00381568
0.023,0,0
0.0234,0,0
0.0238,0,0
0.0242,0.00631152,0.00632302
0.0246,0.00608155,0.00609222
0.025,0,0
0.0254,0,0
0.0258,0,0
0.0262,0,0
0.0266,0,0
0.027,0,0
0.0274,0,0
0.0278,0,0
0.0282,0,0
0.0286,0,0
0.029,0,0
0.0294,0,0
0.0298,0,0
0.0302,0,0
0.0306,0,0
0.031,0,0
0.0314,0,0
0.0318,0.000385405,0.00155722
0.0322,0,0
0.0326,0.00643534,0.00644725
0.033,0,0
0.0334,0,0
0.0338,0.00651833,0.00653055
0.0342,0,0
0.0346,0,0
0.035,0,0
0.0354,0,0
0.0358,0,0
0.0362,0.000497863,0.0017842
0.0366,0.00169385,0.00342797
0.037,0,0
0.0374,0,0
0.0378,0,0
0.0382,8.23734e-05,0.000763543
0.0386,0,0
0.039,0,0
0.0394,0,0
0.0398,0,0
0.0402,0,0
0.0406,0,0
0.041,0,0
0.0414,0,0
0.0418,0,0
0.0422,0.0117613,0.00833051
0.0426,0,0
0.043,0,0
0.0434,0,0
0.0438,0,0
0.0442,0,0
0.0446,0,0
0.045,0,0
0.0454,0,0
0.0458,0,0
0.0462,0,0
0.0466,0,0
0.047,0,0
0.0474,0.00609826,0.0061089
0.0478,0,0
0.0482,0,0
0.0486,0,0
0.049,0,0
0.0494,0,0
0.0498,0,0
0.0502,0,0
0.0506,0,0
0.051,0.00609035,0.00610095
0.0514,0,0
0.0518,0,0
0.0522,0,0
0.0526,0,0
0.053,0.0062049,0.0062159
0.0534,0,0
0.0538,0,0
0.0542,0,0
0.0546,0,0
0.055,0,0
0.0554,0.00647102,0.00648297
0.0558,0,0
0.0562,0,0
0.0566,0,0
0.057,0,0
0.0574,0,0
0.0578,0,0
0.0582,0,0
0.0586,0,0
0.059,0,0
0.0594,0,0
0.0598,0,0
0.0602,0,0
0.0606,0,0
0.061,0,0
0.0614,0,0
0.0618,0,0
0.0622,0,0
0.0626,0,0
0.063,0,0
0.0634,0,0
0.0638,0,0
0.0642,0,0
0.0646,0,0
0.065,0,0
0.0654,0,0
0.0658,0,0
0.0662,0,0
0.0666,0,0
0.067,0.00631819,0.00632954
0.0674,0,0
0.0678,0,0
0.0682,0,0
0.0686,0,0
0.069,0,0
0.0694,0,0
0.0698,0,0
0.0702,0,0
0.0706,0,0
0.071,0,0
0.0714,0,0
0.0718,0,0
0.0722,0,0
0.0726,0,0
0.073,0,0
0.0734,0,0
0.0738,0,0
0.0742,0.00629205,0.00630328
0.0746,0,0
0.075,0.00658326,0.00659555
0.0754,0,0
0.0758,0,0
0.0762,0,0
0.0766,0,0
0.077,0,0
0.0774,0,0
0.0778,0,0
0.0782,0,0
0.0786,0,0
0.079,0,0
0.0794,0,0
0.0798,0,0
0.0802,0,0
0.0806,0,0
0.081,0,0
0.0814,0,0
0.0818,0,0
0.0822,0,0
0.0826,0,0
0.083,0,0
0.0834,0,0
0.0838,0,0
0.0842,0,0
0.0846,0,0
0.085,0,0
0.0854,0,0
0.0858,0,0
0.0862,0,0
0.0866,0,0
0.087,0,0
0.0874,0,0
0.0878,0,0
0.0882,0,0
0.0886,0,0
0.089,0,0
0.0894,0,0
0.0898,0,0
0.0902,0,0
0.0906,0,0
0.091,0.000642862,0.00210331
0.0914,0,0
0.0918,0.00656747,0.00659056
0.0922,0,0
0.0926,0,0
0.093,0,0
0.0934,0,0
0.0938,0.0069807,0.00699445
0.0942,0,0
0.0946,0,0
0.095,0,0
0.0954,0,0
0.0958,0,0
0.0962,0,0
0.0966,0,0
0.097,0,0
0.0974,0,0
0.0978,0,0
0.0982,0,0
0.0986,0,0
0.099,0,0
0.0994,0,0
0.0998,0,0
0.1002,0.0133804,0.0101104
0.1006,0.00683533,0.00684849
0.101,0,0
0.1014,0,0
0.1018,0,0
0.1022,0.00701645,0.00703031
0.1026,0,0
0.103,0,0
0.1034,0,0
0.1038,0,0
0.1042,0.0077682,0.00778518
0.1046,0,0
0.105,0,0
0.1054,0,0
0.1058,0,0
0.1062,0,0
0.1066,0,0
0.107,0,0
0.1074,0.00835431,0.00837394
0.1078,0,0
0.1082,0.00181463,0.00395022
0.1086,0,0
0.109,0,0
0.1094,0.0086377,0.00865867
0.1098,0,0
0.1102,0,0
0.1106,0,0
0.111,0,0
0.1114,0,0
0.1118,0.00871643,0.00873777
0.1122,0.0099367,0.00996442
0.1126,0,0
0.113,0,0
0.1134,0,0
0.1138,0.00824179,0.00826087
0.1142,0,0
0.1146,0,0
0.115,0,0
0.1154,0,0
0.1158,0,0
0.1162,0,0
0.1166,0,0
0.117,0,0
0.1174,0,0
0.1178,0,0
0.1182,0,0
0.1186,0,0
0.119,0,0
0.1194,0.0121683,0.0122098
0.1198,0,0
4
-0.1198,0,0
-0.1194,0,0
-0.119,0,0
-0.1186,0,0
-0.1182,0,0
-0.1178,0,0
-0.1174,0,0
-0.117,0,0
-0.1166,0,0
-0.1162,0.00613457,0.00614609
-0.1158,0,0
-0.1154,0,0
-0.115,0,0
-0.1146,0,0
-0.1142,0,0
-0.1138,0,0
-0.1134,0,0
-0.113,0,0
-0.1126,0,0
-0.1122,0.0061715,0.00618313
-0.1118,0,0
-0.1114,0,0
-0.111,0,0
-0.1106,0,0
-0.1102,0,0
-0.1098,0.00658523,0.00659845
-0.1094,0,0
-0.109,0,0
-0.1086,0,0
-0.1082,0.00662381,0.00663718
-0.1078,0,0
-0.1074,0,0
-0.107,0,0
-0.1066,0,0
-0.1062,0,0
-0.1058,0,0
-0.1054,0,0
-0.105,0,0
-0.1046,0,0
-0.1042,0,0
-0.1038,0,0
-0.1034,0,0
-0.103,0,0
-0.1026,0,0
-0.1022,0,0
-0.1018,0,0
-0.1014,0,0
-0.101,0.00653768,0.00655065
-0.1006,0,0
-0.1002,0,0
-0.0998,0,0
-0.0994,0,0
-0.099,0,0
-0.0986,0,0
-0.0982,0,0
-0.0978,0,0
-0.0974,0,0
-0.097,0,0
-0.0966,0.00658458,0.00659771
-0.0962,0,0
-0.0958,0,0
-0.0954,0,0
-0.095,0,0
-0.0946,0,0
-0.0942,0,0
-0.0938,0,0
-0.0934,0,0
-0.093,0.00631115,0.0063232
-0.0926,0,0
-0.0922,0,0
-0.0918,0,0
-0.0914,0,0
-0.091,0,0
-0.0906,0,0
-0.0902,0,0
-0.0898,0.00605097,0.00606202
-0.0894,0,0
-0.089,0,0
-0.0886,0,0
-0.0882,0,0
-0.0878,0,0
-0.0874,0,0
-0.087,0,0
-0.0866,0.00412357,0.00501743
-0.0862,0,0
-0.0858,0,0
-0.0854,0,0
-0.085,0,0
-0.0846,0,0
-0.0842,0,0
-0.0838,0,0
-0.0834,0,0
-0.083,0,0
-0.0826,0,0
-0.0822,0.0065372,0.00655007
-0.0818,0,0
-0.0814,0,0
-0.081,0.00105789,0.00272358
-0.0806,0,0
-0.0802,0,0
-0.0798,0,0
-0.0794,0.00634269,0.00635478
-0.079,0.00633435,0.00634641
-0.0786,0,0
-0.0782,0,0
-0.0778,0,0
-0.0774,0,0
-0.077,0,0
-0.0766,0,0
-0.0762,0,0
-0.0758,0,0
-0.0754,0,0
-0.075,0,0
-0.0746,0.00580914,0.00581928
-0.0742,0,0
-0.0738,0,0
-0.0734,0,0
-0.073,0.0041358,0.00514987
-0.0726,0,0
-0.0722,0,0
-0.0718,0,0
-0.0714,0,0
-0.071,0,0
-0.0706,0.00614873,0.00616007
-0.0702,0,0
-0.0698,0,0
-0.0694,0,0
-0.069,0,0
-0.0686,0,0
-0.0682,0,0
-0.0678,0,0
-0.0674,0,0
-0.067,0,0
-0.0666,0,0
-0.0662,0,0
-0.0658,0,0
-0.0654,0,0
-0.065,0,0
-0.0646,0,0
-0.0642,0.012266,0.0086901
-0.0638,0,0
-0.0634,0,0
-0.063,0,0
-0.0626,0,0
-0.0622,0,0
-0.0618,0,0
-0.0614,0,0
-0.061,0,0
-0.0606,0,0
-0.0602,0,0
-0.0598,0,0
-0.0594,0,0
-0.059,0,0
-0.0586,0,0
-0.0582,0,0
-0.0578,0,0
-0.0574,0.00670061,0.00671402
-0.057,0,0
-0.0566,0,0
-0.0562,0,0
-0.0558,0,0
-0.0554,0,0
-0.055,0,0
-0.0546,0.00647788,0.0064904
-0.0542,0,0
-0.0538,0,0
-0.0534,0,0
-0.053,0,0
-0.0526,0.00615641,0.00616771
-0.0522,0,0
-0.0518,0,0
-0.0514,0,0
-0.051,0,0
-0.0506,0,0
-0.0502,0,0
-0.0498,0.00256259,0.00404299
-0.0494,0,0
-0.049,0,0
-0.0486,0,0
-0.0482,0,0
-0.0478,0,0
-0.0474,0.0121967,0.00864059
-0.047,0,0
-0.0466,0,0
-0.0462,0,0
-0.0458,0,0
-0.0454,0,0
-0.045,0,0
-0.0446,0,0
-0.0442,0,0
-0.0438,0,0
-0.0434,0,0
-0.043,0,0
-0.0426,0,0
-0.0422,0,0
-0.0418,0,0
-0.0414,0,0
-0.041,0,0
-0.0406,0,0
-0.0402,0,0
-0.0398,0,0
-0.0394,0,0
-0.039,0,0
-0.0386,0,0
-0.0382,0,0
-0.0378,0.00924197,0.0070875
-0.0374,0,0
-0.037,0,0
-0.0366,0,0
-0.0362,0,0
-0.0358,0,0
-0.0354,0,0
-0.035,0,0
-0.0346,0,0
-0.0342,0,0
-0.0338,0.00636005,0.00637206
-0.0334,0,0
-0.033,0,0
-0.0326,0,0
-0.0322,0,0
-0.0318,0,0
-0.0314,0,0
-0.031,0.00645855,0.00647093
-0.0306,0,0
-0.0302,0,0
-0.0298,0,0
-0.0294,0,0
-0.029,0,0
-0.0286,9.16629e-05,0.000757364
-0.0282,0,0
-0.0278,0.00582664,0.00583671
-0.0274,0,0
-0.027,0,0
-0.0266,0,0
-0.0262,0.00663137,0.00664442
-0.0258,0,0
-0.0254,0.00585674,0.00586692
-0.025,0,0
-0.0246,0.00688941,0.00690349
-0.0242,0,0
-0.0238,0.00607919,0.00609015
-0.0234,0,0
-0.023,0.00653281,0.00654547
-0.0226,0.00665333,0.00666645
-0.0222,0,0
-0.0218,0,0
-0.0214,0,0
-0.021,0,0
-0.0206,0,0
-0.0202,0,0
-0.0198,0,0
-0.0194,0,0
-0.019,0,0
-0.0186,0,0
-0.0182,0,0
-0.0178,0,0
-0.0174,0,0
-0.017,0,0
-0.0166,0,0
-0.0162,0,0
-0.0158,0.0124789,0.00884028
-0.0154,0.00636365,0.00637565
-0.015,0,0
-0.0146,0.00403259,0.0050869
-0.0142,0,0
-0.0138,0.00594505,0.00595553
-0.0134,0,0
-0.013,0,0
-0.0126,0.00603205,0.00604283
-0.0122,0.00619977,0.00621116
-0.0118,0,0
-0.0114,0.00614455,0.00615574
-0.011,0,0
-0.0106,0,0
-0.0102,0,0
-0.0098,0,0
-0.0094,0.00641286,0.00642505
-0.009,0.00591679,0.00592717
-0.0086,0.0056414,0.00565084
-0.0082,0.00580759,0.00581759
-0.0078,0,0
-0.0074,0.00874664,0.00756462
-0.007,0,0
-0.0066,0.00609825,0.00610928
-0.0062,0,0
-0.0058,0,0
-0.0054,0,0
-0.005,0,0
-0.0046,0,0
-0.0042,0.0289328,0.0133085
-0.0038,0.0226491,0.0113459
-0.0034,0.0348102,0.0145522
-0.003,0.0566131,0.0185245
-0.0026,0.0100299,0.00810026
-0.0022,0.124897,0.0281278
-0.0018,0.273954,0.0412901
-0.0014,0.428764,0.0513013
-0.001,0.767033,0.0674565
-0.0006,0.887927,0.0736099
-0.0002,1.06777,0.0831036
0.0002,1.09699,0.0821461
0.0006,0.792931,0.0685363
0.001,0.684098,0.0635527
0.0014,0.419283,0.0526705
0.0018,0.253159,0.0404652
0.0022,0.141345,0.0297126
0.0026,0.0776035,0.0220124
0.003,0.0177893,0.0102888
0.0034,0.00576791,0.00577779
0.0038,0,0
0.0042,0.00822674,0.00670106
0.0046,0.00597692,0.00598752
0.005,0,0
0.0054,0.00376787,0.00459441
0.0058,0,0
0.0062,0,0
0.0066,0.00643702,0.00644933
0.007,0.00641018,0.00642239
0.0074,0.00620861,0.00622006
0.0078,0.00605837,0.00606927
0.0082,0.00744406,0.00681572
0.0086,0.0064432,0.00645553
0.009,0.00630452,0.00631632
0.0094,0,0
0.0098,0,0
0.0102,0.0059525,0.00596303
0.0106,0,0
0.011,0,0
0.0114,0,0
0.0118,0,0
0.0122,0,0
0.0126,0,0
0.013,0,0
0.0134,0.00613637,0.00614756
0.0138,0.00592101,0.00593143
0.0142,0,0
0.0146,0,0
0.015,0.00577321,0.00578312
0.0154,0,0
0.0158,0,0
0.0162,0.0192501,0.0111358
0.0166,0,0
0.017,0,0
0.0174,0,0
0.0178,0,0
0.0182,0,0
0.0186,0.0064969,0.00650945
0.019,0,0
0.0194,0,0
0.0198,0.0059392,0.0059497
0.0202,0,0
0.0206,0,0
0.021,0.0119759,0.00848453
0.0214,0,0
0.0218,0,0
0.0222,0,0
0.0226,0,0
0.023,0,0
0.0234,0,0
0.0238,0,0
0.0242,0,0
0.0246,0,0
0.025,0,0
0.0254,0,0
0.0258,0.00603027,0.00604109
0.0262,0,0
0.0266,0,0
0.027,0,0
0.0274,0,0
0.0278,0,0
0.0282,0,0
0.0286,0,0
0.029,0,0
0.0294,0,0
0.0298,0,0
0.0302,0,0
0.0306,0.0130734,0.00926325
0.031,0,0
0.0314,0,0
0.0318,0.00605904,0.00606997
0.0322,0.00646517,0.00647762
0.0326,0,0
0.033,0.00623373,0.0062453
0.0334,0,0
0.0338,0,0
0.0342,0,0
0.0346,0,0
0.035,0,0
0.0354,0,0
0.0358,0,0
0.0362,0.00566498,0.00591102
0.0366,0,0
0.037,0.00649075,0.0065033
0.0374,0,0
0.0378,0,0
0.0382,0.00671393,0.00676718
0.0386,0,0
0.039,0,0
0.0394,0.00570823,0.00571794
0.0398,0,0
0.0402,0,0
0.0406,0,0
0.041,0,0
0.0414,0,0
0.0418,0,0
0.0422,0,0
0.0426,0,0
0.043,0.012959,0.00918282
0.0434,0.00612461,0.00613579
0.0438,0,0
0.0442,0,0
0.0446,0,0
0.045,0,0
0.0454,0,0
0.0458,0,0
0.0462,0,0
0.0466,0,0
0.047,0,0
0.0474,0.00585316,0.00586338
0.0478,0,0
0.0482,0,0
0.0486,0,0
0.049,0,0
0.0494,0,0
0.0498,0,0
0.0502,0,0
0.0506,0.00605078,0.00606169
0.051,0,0
0.0514,0,0
0.0518,0,0
0.0522,0,0
0.0526,0,0
0.053,0,0
0.0534,0,0
0.0538,0,0
0.0542,0,0
0.0546,0,0
0.055,0,0
0.0554,0,0
0.0558,0,0
0.0562,0,0
0.0566,0.00591275,0.00592318
0.057,0,0
0.0574,0,0
0.0578,0,0
0.0582,0,0
0.0586,0.00574962,0.00575948
0.059,0,0
0.0594,0,0
0.0598,0,0
0.0602,0.00595274,0.00596331
0.0606,0,0
0.061,0,0
0.0614,0,0
0.0618,0,0
0.0622,0,0
0.0626,0,0
0.063,0,0
0.0634,0,0
0.0638,0.00641051,0.00642277
0.0642,0,0
0.0646,0,0
0.065,0,0
0.0654,0,0
0.0658,0,0
0.0662,0,0
0.0666,0,0
0.067,0,0
0.0674,0,0
0.0678,0,0
0.0682,0.00612654,0.00613774
0.0686,0,0
0.069,0,0
0.0694,0,0
0.0698,0,0
0.0702,0,0
0.0706,0,0
0.071,0,0
0.0714,0,0
0.0718,0,0
0.0722,0,0
0.0726,0,0
0.073,0,0
0.0734,0,0
0.0738,0,0
0.0742,0,0
0.0746,0,0
0.075,0,0
0.0754,0,0
0.0758,0,0
0.0762,0,0
0.0766,0,0
0.077,0,0
0.0774,0,0
0.0778,0,0
0.0782,0,0
0.0786,0.0056568,0.00566635
0.079,0,0
0.0794,0,0
0.0798,0,0
0.0802,0,0
0.0806,0,0
0.081,0,0
0.0814,0,0
0.0818,0,0
0.0822,0.00572886,0.00573866
0.0826,0,0
0.083,0,0
0.0834,0,0
0.0838,0,0
0.0842,0,0
0.0846,0,0
0.085,0,0
0.0854,0.00620634,0.00621783
0.0858,0.00597518,0.00598583
0.0862,0,0
0.0866,0,0
0.087,0.00549804,0.00550707
0.0874,0,0
0.0878,0,0
0.0882,0,0
0.0886,0,0
0.089,0,0
0.0894,0,0
0.0898,0.0062431,0.00625473
0.0902,0,0
0.0906,0,0
0.091,0,0
0.0914,0,0
0.0918,2.05602e-05,0.000358662
0.0922,0,0
0.0926,0,0
0.093,0,0
0.0934,0,0
0.0938,0,0
0.0942,0,0
0.0946,0.00646903,0.00648152
0.095,0,0
0.0954,0,0
0.0958,0,0
0.0962,0,0
0.0966,0.00651769,0.00653036
0.097,0.00653276,0.00654549
0.0974,0,0
0.0978,0,0
0.0982,0,0
0.0986,0,0
0.099,0,0
0.0994,0,0
0.0998,0,0
0.1002,0.00649072,0.00650328
0.1006,0,0
0.101,0,0
0.1014,0.0126573,0.00896697
0.1018,0.0064256,0.00643792
0.1022,0,0
0.1026,0,0
0.103,0,0
0.1034,0,0
0.1038,0.00053939,0.00202049
0.1042,0,0
0.1046,0,0
0.105,0,0
0.1054,0,0
0.1058,0,0
0.1062,0,0
0.1066,0,0
0.107,0.00731362,0.00732956
0.1074,0,0
0.1078,0,0
0.1082,0.00807693,0.00809636
0.1086,0,0
0.109,0,0
0.1094,0,0
0.1098,0,0
0.1102,0,0
0.1106,0,0
0.111,0,0
0.1114,0,0
0.1118,0,0
0.1122,0,0
0.1126,0,0
0.113,0,0
0.1134,0,0
0.1138,0,0
0.1142,0,0
0.1146,0,0
0.115,0,0
0.1154,0,0
0.1158,0,0
0.1162,0,0
0.1166,0,0
0.117,0,0
0.1174,0,0
0.1178,0,0
0.1182,0,0
0.1186,0,0
0.119,0,0
0.1194,0,0
0.1198,0,0
5
-0.1198,0,0
-0.1194,0,0
-0.119,0,0
-0.1186,0,0
-0.1182,0,0
-0.1178,0,0
-0.1174,0,0
-0.117,0,0
-0.1166,0,0
-0.1162,0,0
-0.1158,0,0
-0.1154,0,0
-0.115,0,0
-0.1146,0,0
-0.1142,0,0
-0.1138,0,0
-0.1134,0,0
-0.113,0,0
-0.1126,0,0
-0.1122,0,0
-0.1118,0.00420001,0.0048787
-0.1114,0,0
-0.111,0.00376272,0.00492491
-0.1106,0,0
-0.1102,0,0
-0.1098,0,0
-0.1094,0,0
-0.109,0,0
-0.1086,0,0
-0.1082,0,0
-0.1078,0,0
-0.1074,0,0
-0.107,0,0
-0.1066,0,0
-0.1062,0,0
-0.1058,0,0
-0.1054,0,0
-0.105,0.00632777,0.00633982
-0.1046,0,0
-0.1042,0,0
-0.1038,0,0
-0.1034,0,0
-0.103,0,0
-0.1026,0,0
-0.1022,0,0
-0.1018,0,0
-0.1014,0,0
-0.101,0,0
-0.1006,0,0
-0.1002,0,0
-0.0998,0,0
-0.0994,0,0
-0.099,0,0
-0.0986,0,0
-0.0982,0,0
-0.0978,0,0
-0.0974,0,0
-0.097,0,0
-0.0966,0,0
-0.0962,0,0
-0.0958,0,0
-0.0954,0.00652919,0.00654194
-0.095,0,0
-0.0946,0,0
-0.0942,0,0
-0.0938,0,0
-0.0934,0,0
-0.093,0,0
-0.0926,0,0
-0.0922,0,0
-0.0918,0,0
-0.0914,0,0
-0.091,0,0
-0.0906,0,0
-0.0902,0,0
-0.0898,0.00612509,0.00613627
-0.0894,0,0
-0.089,0,0
-0.0886,0,0
-0.0882,0,0
-0.0878,0,0
-0.0874,0,0
-0.087,0,0
-0.0866,0,0
-0.0862,0,0
-0.0858,0,0
-0.0854,0,0
-0.085,0.00600328,0.00601399
-0.0846,0,0
-0.0842,0.00633646,0.00634838
-0.0838,0,0
-0.0834,0,0
-0.083,0.00431561,0.00519842
-0.0826,0,0
-0.0822,0,0
-0.0818,0,0
-0.0814,0,0
-0.081,0.0182,0.0113825
-0.0806,0,0
-0.0802,0,0
-0.0798,0,0
-0.0794,0,0
-0.079,0,0
-0.0786,0,0
-0.0782,0,0
-0.0778,0,0
-0.0774,0,0
-0.077,0,0
-0.0766,0,0
-0.0762,0,0
-0.0758,0,0
-0.0754,0,0
-0.075,0,0
-0.0746,0,0
-0.0742,0,0
-0.0738,0,0
-0.0734,0,0
-0.073,0,0
-0.0726,0,0
-0.0722,0,0
-0.0718,0,0
-0.0714,0,0
-0.071,0,0
-0.0706,0,0
-0.0702,0.00618502,0.00619629
-0.0698,0,0
-0.0694,0,0
-0.069,0.00681433,0.00682801
-0.0686,0,0
-0.0682,0,0
-0.0678,0,0
-0.0674,0,0
-0.067,0.00630845,0.00632016
-0.0666,0.00660241,0.00661523
-0.0662,0,0
-0.0658,0,0
-0.0654,0.00547784,0.00548667
-0.065,0,0
-0.0646,0,0
-0.0642,0.00347204,0.00465881
-0.0638,0,0
-0.0634,0,0
-0.063,0,0
-0.0626,0,0
-0.0622,0,0
-0.0618,0,0
-0.0614,0,0
-0.061,0,0
-0.0606,0,0
-0.0602,0,0
-0.0598,0,0
-0.0594,0,0
-0.059,0,0
-0.0586,0,0
-0.0582,0,0
-0.0578,0,0
-0.0574,0.00667288,0.00668592
-0.057,0.00667402,0.00668706
-0.0566,0,0
-0.0562,0,0
-0.0558,0,0
-0.0554,0,0
-0.055,0,0
-0.0546,0,0
-0.0542,0,0
-0.0538,0.00663023,0.00664309
-0.0534,0,0
-0.053,0,0
-0.0526,0,0
-0.0522,0,0
-0.0518,0,0
-0.0514,0,0
-0.051,0,0
-0.0506,0,0
-0.0502,0,0
-0.0498,0,0
-0.0494,0,0
-0.049,0,0
-0.0486,0,0
-0.0482,0,0
-0.0478,0,0
-0.0474,0,0
-0.047,0,0
-0.0466,0,0
-0.0462,0,0
-0.0458,0,0
-0.0454,0,0
-0.045,0,0
-0.0446,0,0
-0.0442,0,0
-0.0438,0,0
-0.0434,0,0
-0.043,0,0
-0.0426,0,0
-0.0422,0,0
-0.0418,0,0
-0.0414,0,0
-0.041,0.00671656,0.0067297
-0.0406,0,0
-0.0402,0,0
-0.0398,0,0
-0.0394,0,0
-0.039,0,0
-0.0386,0.00606421,0.00607491
-0.0382,0,0
-0.0378,0.00162827,0.0030071
-0.0374,0,0
-0.037,0,0
-0.0366,0,0
-0.0362,0,0
-0.0358,0,0
-0.0354,0,0
-0.035,0,0
-0.0346,0,0
-0.0342,0,0
-0.0338,0.00636647,0.00637825
-0.0334,0,0
-0.033,0,0
-0.0326,0,0
-0.0322,0,0
-0.0318,0,0
-0.0314,0,0
-0.031,0,0
-0.0306,0,0
-0.0302,0,0
-0.0298,0,0
-0.0294,0,0
-0.029,0,0
-0.0286,0.0129595,0.0092175
-0.0282,0,0
-0.0278,0,0
-0.0274,0,0
-0.027,0.00593743,0.00594766
-0.0266,0,0
-0.0262,0,0
-0.0258,0,0
-0.0254,0,0
-0.025,0,0
-0.0246,0,0
-0.0242,0,0
-0.0238,0,0
-0.0234,0,0
-0.023,0,0
-0.0226,0.0135621,0.00960882
-0.0222,0,0
-0.0218,0,0
-0.0214,0.00666436,0.00667722
-0.021,0,0
-0.0206,0,0
-0.0202,0,0
-0.0198,0,0
-0.0194,0.00646794,0.00648006
-0.019,0,0
-0.0186,0.00585542,0.00586535
-0.0182,0,0
-0.0178,0,0
-0.0174,0,0
-0.017,0,0
-0.0166,0,0
-0.0162,0,0
-0.0158,0,0
-0.0154,0,0
-0.015,0,0
-0.0146,0,0
-0.0142,0.0133055,0.00942652
-0.0138,0,0
-0.0134,0,0
-0.013,0,0
-0.0126,0,0
-0.0122,0,0
-0.0118,0,0
-0.0114,0,0
-0.011,0,0
-0.0106,0.0067048,0.00671779
-0.0102,0.0130561,0.00925294
-0.0098,0,0
-0.0094,0,0
-0.009,0.00596011,0.00597038
-0.0086,0,0
-0.0082,0,0
-0.0078,0.0191342,0.0110679
-0.0074,0,0
-0.007,0,0
-0.0066,0.00626324,0.00627456
-0.0062,0.00601571,0.00602616
-0.0058,0.00637446,0.0063862
-0.0054,0,0
-0.005,0.00610596,0.00611672
-0.0046,0.00711245,0.00712704
-0.0042,0.00778724,0.0069855
-0.0038,0.0287553,0.0128829
-0.0034,0.0386344,0.0154815
-0.003,0.0622862,0.0197331
-0.0026,0.0664942,0.0210738
-0.0022,0.243254,0.0398712
-0.0018,0.42128,0.0519656
-0.0014,0.586012,0.0609101
-0.001,0.839129,0.0715586
-0.0006,1.1445,0.0846808
-0.0002,1.15296,0.0876011
0.0002,1.00149,0.0796481
0.0006,0.723225,0.0666252
0.001,0.602932,0.0600481
0.0014,0.394749,0.0515527
0.0018,0.180522,0.0347177
0.0022,0.146117,0.0306212
0.0026,0.0704734,0.0212886
0.003,0.0308504,0.0138247
0.0034,0.0239571,0.0120007
0.0038,0,0
0.0042,0.00576734,0.00577694
0.0046,0.00576717,0.00577677
0.005,0.00577004,0.00577964
0.0054,0,0
0.0058,0.00574785,0.00575738
0.0062,0.0066273,0.00663997
0.0066,0,0
0.007,0,0
0.0074,0.00639205,0.00640384
0.0078,0,0
0.0082,0,0
0.0086,0,0
0.009,0,0
0.0094,0.00692011,0.00693393
0.0098,0,0
0.0102,0,0
0.0106,0,0
0.011,0,0
0.0114,0,0
0.0118,0,0
0.0122,0,0
0.0126,0,0
0.013,0,0
0.0134,0,0
0.0138,0,0
0.0142,0,0
0.0146,0,0
0.015,0,0
0.0154,0,0
0.0158,0,0
0.0162,0,0
0.0166,0,0
0.017,0,0
0.0174,0,0
0.0178,0,0
0.0182,0,0
0.0186,0,0
0.019,0,0
0.0194,0.00612229,0.0061331
0.0198,0,0
0.0202,0,0
0.0206,0.00606022,0.00607082
0.021,0,0
0.0214,0.00648812,0.00650026
0.0218,0,0
0.0222,0,0
0.0226,0.0125682,0.00890318
0.023,0,0
0.0234,0,0
0.0238,0.00641714,0.00642902
0.0242,0,0
0.0246,0,0
0.025,0,0
0.0254,0.00677665,0.0067899
0.0258,0,0
0.0262,0,0
0.0266,0,0
0.027,0,0
0.0274,0,0
0.0278,0,0
0.0282,0,0
0.0286,0,0
0.029,0,0
0.0294,0,0
0.0298,0.00639426,0.00640605
0.0302,0,0
0.0306,0,0
0.031,0,0
0.0314,0,0
0.0318,0,0
0.0322,0,0
0.0326,0,0
0.033,0,0
0.0334,0,0
0.0338,0,0
0.0342,0,0
0.0346,0,0
0.035,0,0
0.0354,0,0
0.0358,0,0
0.0362,0,0
0.0366,0,0
0.037,0,0
0.0374,0,0
0.0378,0,0
0.0382,0,0
0.0386,0,0
0.039,0,0
0.0394,0,0
0.0398,0,0
0.0402,0,0
0.0406,0,0
0.041,0,0
0.0414,0.00674293,0.00675603
0.0418,0,0
0.0422,0,0
0.0426,0.00602188,0.00603233
0.043,0,0
0.0434,0,0
0.0438,0,0
0.0442,0,0
0.0446,0,0
0.045,0,0
0.0454,0,0
0.0458,0,0
0.0462,0,0
0.0466,0,0
0.047,0,0
0.0474,0,0
0.0478,0,0
0.0482,0,0
0.0486,0,0
0.049,0,0
0.0494,0.00641335,0.00642518
0.0498,0,0
0.0502,0,0
0.0506,0,0
0.051,0.00627299,0.00628431
0.0514,0,0
0.0518,0,0
0.0522,0,0
0.0526,0,0
0.053,0,0
0.0534,0,0
0.0538,0,0
0.0542,0,0
0.0546,0,0
0.055,0,0
0.0554,0,0
0.0558,0,0
0.0562,0,0
0.0566,0,0
0.057,0,0
0.0574,0,0
0.0578,0,0
0.0582,0,0
0.0586,0.00604439,0.00605489
0.059,0,0
0.0594,0.00599879,0.00600913
0.0598,0,0
0.0602,0,0
0.0606,0,0
0.061,0,0
0.0614,0.00648576,0.00649783
0.0618,0,0
0.0622,0,0
0.0626,0,0
0.063,0.00679248,0.00680572
0.0634,0,0
0.0638,0,0
0.0642,0,0
0.0646,0,0
0.065,0,0
0.0654,0,0
0.0658,0,0
0.0662,0,0
0.0666,0,0
0.067,0,0
0.0674,0.00636408,0.00637568
0.0678,0.00675886,0.00677195
0.0682,0,0
0.0686,0,0
0.069,0,0
0.0694,0,0
0.0698,0,0
0.0702,0,0
0.0706,0,0
0.071,0,0
0.0714,0,0
0.0718,0,0
0.0722,0,0
0.0726,0,0
0.073,0,0
0.0734,0,0
0.0738,0,0
0.0742,0,0
0.0746,0,0
0.075,0,0
0.0754,0,0
0.0758,0,0
0.0762,0,0
0.0766,0,0
0.077,0,0
0.0774,0,0
0.0778,0,0
0.0782,0,0
0.0786,0,0
0.079,0,0
0.0794,0.0122779,0.00869704
0.0798,0,0
0.0802,0,0
0.0806,0,0
0.081,0,0
0.0814,0,0
0.0818,0,0
0.0822,0,0
0.0826,0,0
0.083,0,0
0.0834,0,0
0.0838,0,0
0.0842,0,0
0.0846,0,0
0.085,0,0
0.0854,0,0
0.0858,0,0
0.0862,0,0
0.0866,0,0
0.087,0,0
0.0874,0,0
0.0878,0,0
0.0882,0,0
0.0886,0,0
0.089,0,0
0.0894,0,0
0.0898,0,0
0.0902,0,0
0.0906,0,0
0.091,0,0
0.0914,0,0
0.0918,0,0
0.0922,0,0
0.0926,0,0
0.093,0,0
0.0934,0,0
0.0938,0,0
0.0942,0,0
0.0946,0,0
0.095,0,0
0.0954,0.0131496,0.00931557
0.0958,0,0
0.0962,0,0
0.0966,0,0
0.097,0,0
0.0974,0,0
0.0978,0.00647898,0.00649088
0.0982,0,0
0.0986,0.00693323,0.00694685
0.099,0,0
0.0994,0.0071605,0.00717503
0.0998,0,0
0.1002,0,0
0.1006,0,0
0.101,0,0
0.1014,0.00677026,0.00678323
0.1018,0,0
0.1022,0,0
0.1026,0,0
0.103,0.00691679,0.00693032
0.1034,0,0
0.1038,0.00737694,0.00767326
0.1042,0,0
0.1046,0,0
0.105,0.00791967,0.00793739
0.1054,0,0
0.1058,0,0
0.1062,0,0
0.1066,0,0
0.107,0,0
0.1074,0,0
0.1078,0,0
0.1082,0,0
0.1086,0,0
0.109,0,0
0.1094,0,0
0.1098,0.00842962,0.00844965
0.1102,0,0
0.1106,0,0
0.111,0,0
0.1114,0,0
0.1118,0,0
0.1122,0,0
0.1126,0,0
0.113,0,0
0.1134,0,0
0.1138,0,0
0.1142,0,0
0.1146,0.00924412,0.00926815
0.115,0,0
0.1154,0,0
0.1158,0,0
0.1162,0,0
0.1166,0,0
0.117,0,0
0.1174,0,0
0.1178,0.00934309,0.0096787
0.1182,0,0
0.1186,0,0
0.119,0,0
0.1194,0.0121701,0.0122116
0.1198,0,0
6
-0.1198,0,0
-0.1194,0,0
-0.119,0,0
-0.1186,0,0
-0.1182,0,0
-0.1178,0,0
-0.1174,0,0
-0.117,0,0
-0.1166,0,0
-0.1162,0,0
-0.1158,0.00566837,0.00567931
-0.1154,0,0
-0.115,0,0
-0.1146,0,0
-0.1142,0,0
-0.1138,0,0
-0.1134,0,0
-0.113,0,0
-0.1126,0,0
-0.1122,0,0
-0.1118,0.00129022,0.00255268
-0.1114,0,0
-0.111,0.00236918,0.00368923
-0.1106,0,0
-0.1102,0,0
-0.1098,0,0
-0.1094,0,0
-0.109,0,0
-0.1086,0,0
-0.1082,0,0
-0.1078,0,0
-0.1074,0,0
-0.107,0,0
-0.1066,0,0
-0.1062,0,0
-0.1058,0,0
-0.1054,0,0
-0.105,0,0
-0.1046,0,0
-0.1042,0.00565755,0.00566835
-0.1038,0,0
-0.1034,0,0
-0.103,0,0
-0.1026,0,0
-0.1022,0,0
-0.1018,0,0
-0.1014,0,0
-0.101,0,0
-0.1006,0,0
-0.1002,0,0
-0.0998,0,0
-0.0994,0,0
-0.099,0,0
-0.0986,0,0
-0.0982,0,0
-0.0978,0,0
-0.0974,0,0
-0.097,0,0
-0.0966,0,0
-0.0962,0.00595081,0.00596268
-0.0958,0,0
-0.0954,0,0
-0.095,0,0
-0.0946,0,0
-0.0942,0,0
-0.0938,0,0
-0.0934,0,0
-0.093,0,0
-0.0926,0,0
-0.0922,0,0
-0.0918,0.00577951,0.00579066
-0.0914,0,0
-0.091,0,0
-0.0906,0,0
-0.0902,0,0
-0.0898,0,0
-0.0894,0,0
-0.089,0,0
-0.0886,0,0
-0.0882,0,0
-0.0878,0,0
-0.0874,0,0
-0.087,0,0
-0.0866,0,0
-0.0862,0,0
-0.0858,0,0
-0.0854,0,0
-0.085,0,0
-0.0846,0.00556756,0.00557794
-0.0842,0,0
-0.0838,0,0
-0.0834,0,0
-0.083,0.00170142,0.00307017
-0.0826,0,0
-0.0822,0.00586287,0.00587441
-0.0818,0,0
-0.0814,0,0
-0.081,0.0017572,0.00332146
-0.0806,0,0
-0.0802,0,0
-0.0798,0,0
-0.0794,0,0
-0.079,0,0
-0.0786,0.00533482,0.00534441
-0.0782,0,0
-0.0778,0,0
-0.0774,0,0
-0.077,0,0
-0.0766,0,0
-0.0762,0,0
-0.0758,0,0
-0.0754,0,0
-0.075,0,0
-0.0746,0,0
-0.0742,0,0
-0.0738,0,0
-0.0734,0,0
-0.073,0,0
-0.0726,0,0
-0.0722,0,0
-0.0718,0,0
-0.0714,0,0
-0.071,0,0
-0.0706,0,0
-0.0702,0,0
-0.0698,0,0
-0.0694,0,0
-0.069,0,0
-0.0686,0,0
-0.0682,0,0
-0.0678,0.00598988,0.00600209
-0.0674,0,0
-0.067,0,0
-0.0666,0,0
-0.0662,0,0
-0.0658,0,0
-0.0654,0,0
-0.065,0,0
-0.0646,0,0
-0.0642,0.00237233,0.00357263
-0.0638,0,0
-0.0634,0,0
-0.063,0,0
-0.0626,0,0
-0.0622,0.00572582,0.00573703
-0.0618,0,0
-0.0614,0,0
-0.061,0,0
-0.0606,0,0
-0.0602,0,0
-0.0598,0,0
-0.0594,0,0
-0.059,0,0
-0.0586,0,0
-0.0582,0,0
-0.0578,0.0058287,0.00584036
-0.0574,0,0
-0.057,0,0
-0.0566,0,0
-0.0562,0.00512174,0.00513076
-0.0558,0,0
-0.0554,0,0
-0.055,0,0
-0.0546,0,0
-0.0542,0,0
-0.0538,0,0
-0.0534,0,0
-0.053,0,0
-0.0526,0,0
-0.0522,0.00535085,0.00536072
-0.0518,0,0
-0.0514,0,0
-0.051,0,0
-0.0506,0,0
-0.0502,0.00513161,0.0051407
-0.0498,0,0
-0.0494,0,0
-0.049,0,0
-0.0486,0,0
-0.0482,0.00519898,0.00520833
-0.0478,0.00526741,0.005277
-0.0474,0,0
-0.047,0,0
-0.0466,0,0
-0.0462,0,0
-0.0458,0,0
-0.0454,0,0
-0.045,0,0
-0.0446,0,0
-0.0442,0,0
-0.0438,0,0
-0.0434,0,0
-0.043,0,0
-0.0426,0,0
-0.0422,0,0
-0.0418,0,0
-0.0414,0,0
-0.041,0,0
-0.0406,0.00562691,0.00563792
-0.0402,0,0
-0.0398,0,0
-0.0394,0,0
-0.039,0.00542329,0.00543352
-0.0386,0,0
-0.0382,0.00579168,0.00580335
-0.0378,0,0
-0.0374,0,0
-0.037,0,0
-0.0366,0,0
-0.0362,0,0
-0.0358,0,0
-0.0354,0,0
-0.035,0.00540093,0.0054111
-0.0346,0,0
-0.0342,0,0
-0.0338,0.00541233,0.00542255
-0.0334,0.00482181,0.00482993
-0.033,0,0
-0.0326,0,0
-0.0322,0,0
-0.0318,0,0
-0.0314,0,0
-0.031,0,0
-0.0306,0,0
-0.0302,0,0
-0.0298,0,0
-0.0294,0,0
-0.029,0,0
-0.0286,0,0
-0.0282,0,0
-0.0278,0,0
-0.0274,0,0
-0.027,0,0
-0.0266,0,0
-0.0262,0,0
-0.0258,0,0
-0.0254,0,0
-0.025,0,0
-0.0246,0.00543703,0.00544739
-0.0242,0,0
-0.0238,0,0
-0.0234,0,0
-0.023,0,0
-0.0226,0,0
-0.0222,0,0
-0.0218,0.00521969,0.00522925
-0.0214,0,0
-0.021,0,0
-0.0206,0,0
-0.0202,0,0
-0.0198,0,0
-0.0194,0,0
-0.019,0,0
-0.0186,0,0
-0.0182,0,0
-0.0178,0,0
-0.0174,0,0
-0.017,0,0
-0.0166,0,0
-0.0162,0,0
-0.0158,0,0
-0.0154,0,0
-0.015,0,0
-0.0146,0,0
-0.0142,0.0054643,0.00547481
-0.0138,0,0
-0.0134,0,0
-0.013,0,0
-0.0126,0,0
-0.0122,0,0
-0.0118,0,0
-0.0114,0.00514869,0.00515803
-0.011,0,0
-0.0106,0,0
-0.0102,0,0
-0.0098,0,0
-0.0094,0.0107806,0.00763751
-0.009,0.00497295,0.00498168
-0.0086,0.00474086,0.00474879
-0.0082,0,0
-0.0078,0,0
-0.0074,0,0
-0.007,0,0
-0.0066,0,0
-0.0062,0,0
-0.0058,0.00521245,0.00522204
-0.0054,0,0
-0.005,0.00531993,0.00532992
-0.0046,0,0
-0.0042,0.00520024,0.00520978
-0.0038,0.0190205,0.00952815
-0.0034,0.0248237,0.0111256
-0.003,0.0253516,0.0113582
-0.0026,0.0383036,0.0145055
-0.0022,0.0531339,0.0168378
-0.0018,0.109713,0.0239892
-0.0014,0.292941,0.0388954
-0.001,0.292528,0.0381557
-0.0006,0.366734,0.0433207
-0.0002,0.48106,0.0511022
0.0002,0.423454,0.0467123
0.0006,0.388093,0.0444259
0.001,0.28954,0.0375304
0.0014,0.300535,0.0406781
0.0018,0.174007,0.030786
0.0022,0.10517,0.0234809
0.0026,0.0627592,0.0181511
0.003,0.0301555,0.0123354
0.0034,0.00484491,0.0048532
0.0038,0.00958738,0.00679817
0.0042,0.00927839,0.0065723
0.0046,0.0194595,0.00975167
0.005,0.00471039,0.00471823
0.0054,0.0143118,0.00827687
0.0058,0.00962307,0.00681818
0.0062,0.00493009,0.00493867
0.0066,0.00511278,0.00512201
0.007,0,0
0.0074,0,0
0.0078,0,0
0.0082,0,0
0.0086,0,0
0.009,0,0
0.0094,0,0
0.0098,0,0
0.0102,0.0103295,0.00732184
0.0106,0,0
0.011,0.00488972,0.00489814
0.0114,0,0
0.0118,0.00470633,0.00471414
0.0122,0,0
0.0126,0,0
0.013,0,0
0.0134,0,0
0.0138,0,0
0.0142,0.00500516,0.00501397
0.0146,0,0
0.015,0,0
0.0154,0,0
0.0158,0,0
0.0162,0.0052026,0.00534557
0.0166,0,0
0.017,0,0
0.0174,0,0
0.0178,0,0
0.0182,0,0
0.0186,0,0
0.019,0,0
0.0194,0,0
0.0198,0,0
0.0202,0,0
0.0206,0,0
0.021,0,0
0.0214,0,0
0.0218,0,0
0.0222,0,0
0.0226,0,0
0.023,0,0
0.0234,0,0
0.0238,0,0
0.0242,0,0
0.0246,0,0
0.025,0.011093,0.00785903
0.0254,0,0
0.0258,0,0
0.0262,0,0
0.0266,0.00549891,0.00550934
0.027,0.00561299,0.00562385
0.0274,0,0
0.0278,0,0
0.0282,0,0
0.0286,0,0
0.029,0,0
0.0294,0,0
0.0298,0,0
0.0302,0,0
0.0306,0,0
0.031,0,0
0.0314,0,0
0.0318,0,0
0.0322,0,0
0.0326,0,0
0.033,0,0
0.0334,0,0
0.0338,0,0
0.0342,0,0
0.0346,0,0
0.035,0,0
0.0354,0,0
0.0358,0,0
0.0362,0,0
0.0366,0,0
0.037,0,0
0.0374,0,0
0.0378,0,0
0.0382,0,0
0.0386,0,0
0.039,0,0
0.0394,0,0
0.0398,0,0
0.0402,0,0
0.0406,0.0059567,0.00596865
0.041,0,0
0.0414,0,0
0.0418,0,0
0.0422,0,0
0.0426,0,0
0.043,0,0
0.0434,0.00398556,0.00475283
0.0438,0,0
0.0442,0,0
0.0446,0,0
0.045,0,0
0.0454,0,0
0.0458,0,0
0.0462,0.00558929,0.00559973
0.0466,0,0
0.047,0,0
0.0474,0,0
0.0478,0,0
0.0482,0,0
0.0486,0,0
0.049,0,0
0.0494,0,0
0.0498,0,0
0.0502,0,0
0.0506,0,0
0.051,0,0
0.0514,0.00538538,0.00539498
0.0518,0,0
0.0522,0,0
0.0526,0,0
0.053,0,0
0.0534,0,0
0.0538,0,0
0.0542,0,0
0.0546,0,0
0.055,0,0
0.0554,0,0
0.0558,0,0
0.0562,0,0
0.0566,0,0
0.057,0,0
0.0574,0,0
0.0578,0,0
0.0582,0,0
0.0586,0,0
0.059,0,0
0.0594,0,0
0.0598,0,0
0.0602,0,0
0.0606,0,0
0.061,0,0
0.0614,0,0
0.0618,0,0
0.0622,0,0
0.0626,0,0
0.063,0,0
0.0634,0,0
0.0638,0,0
0.0642,0,0
0.0646,0,0
0.065,0,0
0.0654,0.00567083,0.00568125
0.0658,0,0
0.0662,0,0
0.0666,0,0
0.067,0,0
0.0674,0.00266905,0.00388863
0.0678,0,0
0.0682,0,0
0.0686,0,0
0.069,0,0
0.0694,0,0
0.0698,0,0
0.0702,0,0
0.0706,0.00581441,0.00582528
0.071,0,0
0.0714,0,0
0.0718,0,0
0.0722,0,0
0.0726,0,0
0.073,0,0
0.0734,0,0
0.0738,0,0
0.0742,0,0
0.0746,0,0
0.075,0,0
0.0754,0,0
0.0758,0,0
0.0762,0,0
0.0766,0,0
0.077,0,0
0.0774,0,0
0.0778,0,0
0.0782,0,0
0.0786,0,0
0.079,0,0
0.0794,0,0
0.0798,0,0
0.0802,0,0
0.0806,0,0
0.081,0,0
0.0814,0,0
0.0818,0.00562813,0.00563814
0.0822,0,0
0.0826,0,0
0.083,0,0
0.0834,0,0
0.0838,0,0
0.0842,0,0
0.0846,0,0
0.085,0,0
0.0854,0,0
0.0858,0,0
0.0862,0,0
0.0866,0,0
0.087,0,0
0.0874,0,0
0.0878,0,0
0.0882,0,0
0.0886,0.00563544,0.00564538
0.089,0,0
0.0894,0,0
0.0898,0,0
0.0902,0,0
0.0906,0,0
0.091,0,0
0.0914,0,0
0.0918,0,0
0.0922,0,0
0.0926,0,0
0.093,0,0
0.0934,0,0
0.0938,0,0
0.0942,0,0
0.0946,0,0
0.095,0,0
0.0954,0,0
0.0958,0,0
0.0962,0,0
0.0966,0,0
0.097,0,0
0.0974,0,0
0.0978,0,0
0.0982,0,0
0.0986,0,0
0.099,0,0
0.0994,0,0
0.0998,0.00657386,0.00658719
0.1002,0,0
0.1006,0,0
0.101,0,0
0.1014,0,0
0.1018,0,0
0.1022,0,0
0.1026,0,0
0.103,0.00636102,0.00637346
0.1034,0,0
0.1038,0,0
0.1042,0,0
0.1046,0,0
0.105,0,0
0.1054,0,0
0.1058,0,0
0.1062,0,0
0.1066,0,0
0.107,0,0
0.1074,0,0
0.1078,0,0
0.1082,0,0
0.1086,0,0
0.109,0,0
0.1094,0,0
0.1098,0,0
0.1102,0,0
0.1106,0,0
0.111,0,0
0.1114,0,0
0.1118,0,0
0.1122,0,0
0.1126,0,0
0.113,0,0
0.1134,0,0
0.1138,0,0
0.1142,0,0
0.1146,0,0
0.115,0,0
0.1154,0,0
0.1158,0,0
0.1162,0,0
0.1166,0,0
0.117,0,0
0.1174,0,0
0.1178,0.00968291,0.00941819
0.1182,0,0
0.1186,0,0
0.119,0,0
0.1194,0,0
0.1198,0,0
7
-0.1198,0,0
-0.1194,0,0
-0.119,0,0
-0.1186,0,0
-0.1182,0,0
-0.1178,0,0
-0.1174,0.00551987,0.00553041
-0.117,0,0
-0.1166,0,0
-0.1162,0,0
-0.1158,0,0
-0.1154,0,0
-0.115,0,0
-0.1146,0.00566044,0.00567155
-0.1142,0,0
-0.1138,0,0
-0.1134,0,0
-0.113,0,0
-0.1126,0.00529941,0.00530917
-0.1122,0,0
-0.1118,0,0
-0.1114,0,0
-0.111,0,0
-0.1106,0,0
-0.1102,0,0
-0.1098,0,0
-0.1094,0,0
-0.109,0,0
-0.1086,0,0
-0.1082,0,0
-0.1078,0.0054638,0.0054742
-0.1074,0,0
-0.107,0,0
-0.1066,0,0
-0.1062,0,0
-0.1058,0,0
-0.1054,0,0
-0.105,0,0
-0.1046,0,0
-0.1042,0,0
-0.1038,0,0
-0.1034,0,0
-0.103,0,0
-0.1026,0,0
-0.1022,0,0
-0.1018,0,0
-0.1014,0,0
-0.101,0,0
-0.1006,0,0
-0.1002,0,0
-0.0998,0,0
-0.0994,0,0
-0.099,0,0
-0.0986,0,0
-0.0982,0,0
-0.0978,0,0
-0.0974,0,0
-0.097,0,0
-0.0966,0,0
-0.0962,0,0
-0.0958,0,0
-0.0954,0,0
-0.095,0.00543528,0.0054457
-0.0946,0.0113082,0.0080121
-0.0942,0,0
-0.0938,0,0
-0.0934,0,0
-0.093,0,0
-0.0926,0,0
-0.0922,0,0
-0.0918,0,0
-0.0914,0,0
-0.091,0,0
-0.0906,0,0
-0.0902,0,0
-0.0898,0,0
-0.0894,0,0
-0.089,0,0
-0.0886,0,0
-0.0882,0,0
-0.0878,0,0
-0.0874,0,0
-0.087,0.00544796,0.00545848
-0.0866,0,0
-0.0862,0,0
-0.0858,0,0
-0.0854,0,0
-0.085,0,0
-0.0846,0,0
-0.0842,0,0
-0.0838,0,0
-0.0834,0,0
-0.083,0,0
-0.0826,0.00553698,0.00554782
-0.0822,0,0
-0.0818,0,0
-0.0814,0,0
-0.081,0,0
-0.0806,0,0
-0.0802,0,0
-0.0798,0,0
-0.0794,0.00539823,0.00540853
-0.079,0,0
-0.0786,0,0
-0.0782,0,0
-0.0778,0,0
-0.0774,0,0
-0.077,0,0
-0.0766,0,0
-0.0762,0,0
-0.0758,0,0
-0.0754,0,0
-0.075,0,0
-0.0746,0,0
-0.0742,0.00550958,0.00552027
-0.0738,0,0
-0.0734,0,0
-0.073,0,0
-0.0726,0,0
-0.0722,0,0
-0.0718,0,0
-0.0714,0.0118937,0.00842771
-0.071,0,0
-0.0706,0.00525169,0.00526137
-0.0702,0,0
-0.0698,0,0
-0.0694,0,0
-0.069,0,0
-0.0686,0,0
-0.0682,0.0104954,0.00743506
-0.0678,0,0
-0.0674,0,0
-0.067,0,0
-0.0666,0,0
-0.0662,0,0
-0.0658,0,0
-0.0654,0,0
-0.065,0,0
-0.0646,0.00518822,0.00519762
-0.0642,0.00524658,0.00525619
-0.0638,0,0
-0.0634,0,0
-0.063,0,0
-0.0626,0,0
-0.0622,0,0
-0.0618,0,0
-0.0614,0,0
-0.061,0,0
-0.0606,0,0
-0.0602,0,0
-0.0598,0,0
-0.0594,0,0
-0.059,0,0
-0.0586,0,0
-0.0582,0,0
-0.0578,0,0
-0.0574,0.00578045,0.00579202
-0.057,0,0
-0.0566,0,0
-0.0562,0,0
-0.0558,0,0
-0.0554,0,0
-0.055,0.00518681,0.00519609
-0.0546,0,0
-0.0542,0,0
-0.0538,0,0
-0.0534,0.00513451,0.00514358
-0.053,0,0
-0.0526,0,0
-0.0522,0,0
-0.0518,0,0
-0.0514,0,0
-0.051,0,0
-0.0506,0,0
-0.0502,0,0
-0.0498,0,0
-0.0494,0,0
-0.049,0.00949635,0.00708647
-0.0486,0,0
-0.0482,0,0
-0.0478,0.00533289,0.00534261
-0.0474,0,0
-0.047,0,0
-0.0466,0,0
-0.0462,0,0
-0.0458,0.00554855,0.00555904
-0.0454,0,0
-0.045,0,0
-0.0446,0.00492504,0.00493329
-0.0442,0.00560638,0.00561705
-0.0438,0,0
-0.0434,0,0
-0.043,0,0
-0.0426,0,0
-0.0422,0,0
-0.0418,0,0
-0.0414,0,0
-0.041,0,0
-0.0406,0,0
-0.0402,0,0
-0.0398,0,0
-0.0394,0,0
-0.039,0,0
-0.0386,0,0
-0.0382,0,0
-0.0378,0,0
-0.0374,0,0
-0.037,0,0
-0.0366,0,0
-0.0362,0,0
-0.0358,0,0
-0.0354,0.00599643,0.00600847
-0.035,0,0
-0.0346,0.00403333,0.00479107
-0.0342,0,0
-0.0338,0.00565735,0.00566803
-0.0334,0,0
-0.033,0,0
-0.0326,0,0
-0.0322,0,0
-0.0318,0,0
-0.0314,0,0
-0.031,0,0
-0.0306,0,0
-0.0302,0,0
-0.0298,0,0
-0.0294,0,0
-0.029,0,0
-0.0286,0,0
-0.0282,0,0
-0.0278,0,0
-0.0274,0,0
-0.027,0,0
-0.0266,0,0
-0.0262,0.00597578,0.00598753
-0.0258,0,0
-0.0254,0,0
-0.025,0.0059872,0.00599897
-0.0246,0,0
-0.0242,0.00581464,0.00582572
-0.0238,0,0
-0.0234,0,0
-0.023,0,0
-0.0226,0.00603659,0.00604849
-0.0222,0.00599077,0.00600249
-0.0218,0,0
-0.0214,0,0
-0.021,0,0
-0.0206,0,0
-0.0202,0.00413099,0.00481139
-0.0198,0,0
-0.0194,0,0
-0.019,0,0
-0.0186,0,0
-0.0182,0,0
-0.0178,0,0
-0.0174,0,0
-0.017,0.012201,0.00864441
-0.0166,0,0
-0.0162,0,0
-0.0158,0,0
-0.0154,0,0
-0.015,0.00593197,0.00594328
-0.0146,0,0
-0.0142,0,0
-0.0138,0,0
-0.0134,0,0
-0.013,0,0
-0.0126,0,0
-0.0122,0,0
-0.0118,0.00578548,0.00579618
-0.0114,0,0
-0.011,0,0
-0.0106,0,0
-0.0102,0.00575655,0.00576711
-0.0098,0.00613179,0.00614377
-0.0094,0.00597171,0.00598306
-0.009,0,0
-0.0086,0.0052608,0.0052696
-0.0082,0,0
-0.0078,0,0
-0.0074,0.0121803,0.00862946
-0.007,0.00609409,0.00610587
-0.0066,0,0
-0.0062,0,0
-0.0058,0,0
-0.0054,0,0
-0.005,0.005944,0.00595516
-0.0046,0,0
-0.0042,0.0174557,0.0100966
-0.0038,0.00129326,0.00265461
-0.0034,0.0172726,0.00999051
-0.003,0.023648,0.011644
-0.0026,0.0597114,0.0190892
-0.0022,0.118382,0.0266884
-0.0018,0.148903,0.0297201
-0.0014,0.300941,0.0417594
-0.001,0.339928,0.0436672
-0.0006,0.611989,0.0593287
-0.0002,0.695892,0.0652482
0.0002,0.822209,0.0686121
0.0006,0.589518,0.0580568
0.001,0.491281,0.0521095
0.0014,0.476958,0.0547114
0.0018,0.415317,0.050539
0.0022,0.227215,0.0367151
0.0026,0.0806165,0.0218646
0.003,0.0457297,0.0162014
0.0034,0.0660153,0.0190907
0.0038,0.0392954,0.0148859
0.0042,0.0113672,0.00769854
0.0046,0.0106809,0.00756515
0.005,0.00891259,0.00691409
0.0054,0.0162493,0.0093974
0.0058,0.011589,0.00787297
0.0062,0.0112031,0.00793559
0.0066,0.0116218,0.00823275
0.007,0,0
0.0074,0.0120704,0.00855219
0.0078,0,0
0.0082,0.00616883,0.00618063
0.0086,0,0
0.009,0,0
0.0094,0.00644187,0.00645473
0.0098,0.0057076,0.0057177
0.0102,4.18806e-06,0.000159542
0.0106,0.00556565,0.00557524
0.011,0.00574912,0.00575936
0.0114,0,0
0.0118,0,0
0.0122,0,0
0.0126,0,0
0.013,0,0
0.0134,0,0
0.0138,0,0
0.0142,0,0
0.0146,0,0
0.015,0,0
0.0154,0,0
0.0158,0,0
0.0162,0.000305176,0.00137935
0.0166,0.00609461,0.00610609
0.017,0,0
0.0174,0,0
0.0178,0.00617888,0.00619068
0.0182,0,0
0.0186,0.00611719,0.00612877
0.019,0,0
0.0194,0.00570689,0.00571698
0.0198,0,0
0.0202,0,0
0.0206,0,0
0.021,0.00565399,0.00566389
0.0214,0.0060393,0.0060506
0.0218,0,0
0.0222,0,0
0.0226,0,0
0.023,0,0
0.0234,0,0
0.0238,0,0
0.0242,0,0
0.0246,0,0
0.025,0,0
0.0254,0.0121647,0.00862305
0.0258,0,0
0.0262,0.00625389,0.00626605
0.0266,0,0
0.027,0,0
0.0274,0.0062134,0.00622542
0.0278,0.00570791,0.00571806
0.0282,0,0
0.0286,0,0
0.029,0,0
0.0294,0,0
0.0298,0,0
0.0302,0,0
0.0306,0,0
0.031,0,0
0.0314,0,0
0.0318,0,0
0.0322,0.00578279,0.00579325
0.0326,0.00591989,0.00593085
0.033,0,0
0.0334,0,0
0.0338,0,0
0.0342,0,0
0.0346,0,0
0.035,0,0
0.0354,0,0
0.0358,0,0
0.0362,0,0
0.0366,0,0
0.037,0.0062573,0.0062696
0.0374,0.00556859,0.00557833
0.0378,0,0
0.0382,0,0
0.0386,0,0
0.039,0.00590052,0.00591148
0.0394,0,0
0.0398,0,0
0.0402,0,0
0.0406,0,0
0.041,0,0
0.0414,0.00615782,0.00616978
0.0418,0,0
0.0422,0,0
0.0426,0,0
0.043,0,0
0.0434,0.00176241,0.00325573
0.0438,0,0
0.0442,0,0
0.0446,0,0
0.045,0,0
0.0454,0,0
0.0458,0,0
0.0462,0,0
0.0466,0,0
0.047,0,0
0.0474,0,0
0.0478,0,0
0.0482,0.00575281,0.00576333
0.0486,0,0
0.049,0,0
0.0494,0,0
0.0498,0,0
0.0502,0,0
0.0506,0,0
0.051,0,0
0.0514,0,0
0.0518,0,0
0.0522,0,0
0.0526,0,0
0.053,0,0
0.0534,0,0
0.0538,0,0
0.0542,0,0
0.0546,0,0
0.055,0,0
0.0554,0,0
0.0558,0,0
0.0562,0,0
0.0566,0,0
0.057,0,0
0.0574,0,0
0.0578,0,0
0.0582,0.00533163,0.00534078
0.0586,0,0
0.059,0,0
0.0594,0,0
0.0598,0.00622202,0.0062345
0.0602,0.00550589,0.00551567
0.0606,0,0
0.061,0,0
0.0614,0,0
0.0618,0,0
0.0622,0.00559625,0.00560638
0.0626,0,0
0.063,0,0
0.0634,0,0
0.0638,0,0
0.0642,0,0
0.0646,0,0
0.065,0.00549155,0.00550134
0.0654,0,0
0.0658,0.00572949,0.00574016
0.0662,0,0
0.0666,0,0
0.067,0,0
0.0674,0.00295153,0.0040725
0.0678,0,0
0.0682,0.0058899,0.00590121
0.0686,0,0
0.069,0,0
0.0694,0.00582826,0.00583935
0.0698,0,0
0.0702,0,0
0.0706,0,0
0.071,0,0
0.0714,0,0
0.0718,0,0
0.0722,0,0
0.0726,0,0
0.073,0,0
0.0734,0,0
0.0738,0,0
0.0742,0,0
0.0746,0,0
0.075,0,0
0.0754,0,0
0.0758,0,0
0.0762,0,0
0.0766,0,0
0.077,0,0
0.0774,0,0
0.0778,0,0
0.0782,0,0
0.0786,0,0
0.079,0.0102531,0.0072623
0.0794,0,0
0.0798,0,0
0.0802,0.00509861,0.00510719
0.0806,0,0
0.081,0,0
0.0814,0,0
0.0818,0.00538934,0.00539893
0.0822,0,0
0.0826,0,0
0.083,0,0
0.0834,0,0
0.0838,0,0
0.0842,0,0
0.0846,0,0
0.085,0.00554768,0.00555786
0.0854,0,0
0.0858,0,0
0.0862,0,0
0.0866,0,0
0.087,0,0
0.0874,0,0
0.0878,0,0
0.0882,0,0
0.0886,0,0
0.089,0,0
0.0894,0,0
0.0898,0,0
0.0902,0,0
0.0906,0,0
0.091,0,0
0.0914,0,0
0.0918,0,0
0.0922,0.00555311,0.00556335
0.0926,0,0
0.093,0,0
0.0934,0,0
0.0938,0,0
0.0942,0,0
0.0946,0,0
0.095,0,0
0.0954,0,0
0.0958,0,0
0.0962,0,0
0.0966,0,0
0.097,0,0
0.0974,0,0
0.0978,0,0
0.0982,0,0
0.0986,0,0
0.099,0,0
0.0994,0,0
0.0998,0,0
0.1002,0.00582477,0.00583604
0.1006,0,0
0.101,0,0
0.1014,0,0
0.1018,0,0
0.1022,0,0
0.1026,0,0
0.103,0,0
0.1034,0,0
0.1038,0,0
0.1042,0,0
0.1046,0.00701125,0.00702756
0.105,0,0
0.1054,0,0
0.1058,0,0
0.1062,0.00650943,0.00652349
0.1066,0,0
0.107,0,0
0.1074,0,0
0.1078,0,0
0.1082,0.00320792,0.00482155
0.1086,0,0
0.109,0,0
0.1094,0,0
0.1098,0.00733946,0.00735728
0.1102,0,0
0.1106,0,0
0.111,0,0
0.1114,0,0
0.1118,0,0
0.1122,0.00846112,0.00848473
0.1126,0.00769454,0.00771406
0.113,0,0
0.1134,0,0
0.1138,0,0
0.1142,0,0
0.1146,0,0
0.115,0,0
0.1154,0,0
0.1158,0.0092423,0.0092703
0.1162,0,0
0.1166,0,0
0.117,0.00917804,0.0092056
0.1174,0,0
0.1178,0,0
0.1182,0,0
0.1186,0,0
0.119,0,0
0.1194,0,0
0.1198,0,0
8
-0.1198,0,0
-0.1194,0,0
-0.119,0,0
-0.1186,0.00378697,0.00379381
-0.1182,0,0
-0.1178,0,0
-0.1174,0,0
-0.117,0,0
-0.1166,0,0
-0.1162,0,0
-0.1158,0,0
-0.1154,0,0
-0.115,0,0
-0.1146,0,0
-0.1142,0,0
-0.1138,0,0
-0.1134,0,0
-0.113,0,0
-0.1126,0,0
-0.1122,0,0
-0.1118,0,0
-0.1114,0,0
-0.111,0,0
-0.1106,0,0
-0.1102,0.00425081,0.00425934
-0.1098,0,0
-0.1094,0,0
-0.109,0,0
-0.1086,0,0
-0.1082,0,0
-0.1078,0,0
-0.1074,0,0
-0.107,0,0
-0.1066,0,0
-0.1062,0,0
-0.1058,0,0
-0.1054,0,0
-0.105,0,0
-0.1046,0,0
-0.1042,0,0
-0.1038,0,0
-0.1034,0,0
-0.103,0.00402637,0.00403395
-0.1026,0,0
-0.1022,0,0
-0.1018,0,0
-0.1014,0,0
-0.101,0,0
-0.1006,0,0
-0.1002,0,0
-0.0998,0,0
-0.0994,0,0
-0.099,0.00405723,0.00406488
-0.0986,0,0
-0.0982,0.00379594,0.00380263
-0.0978,0,0
-0.0974,0,0
-0.097,0.00397974,0.00398111
-0.0966,0,0
-0.0962,0,0
-0.0958,0,0
-0.0954,0,0
-0.095,0,0
-0.0946,0,0
-0.0942,0,0
-0.0938,0,0
-0.0934,0,0
-0.093,0,0
-0.0926,0,0
-0.0922,0,0
-0.0918,0,0
-0.0914,0.00415532,0.00416327
-0.091,0.00415529,0.00416323
-0.0906,0,0
-0.0902,0,0
-0.0898,0,0
-0.0894,0,0
-0.089,0,0
-0.0886,0.00393116,0.00393824
-0.0882,0,0
-0.0878,0,0
-0.0874,0,0
-0.087,0,0
-0.0866,0.00400918,0.00401653
-0.0862,0,0
-0.0858,0,0
-0.0854,0,0
-0.085,0,0
-0.0846,0,0
-0.0842,0,0
-0.0838,0,0
-0.0834,0,0
-0.083,0,0
-0.0826,0,0
-0.0822,0,0
-0.0818,0,0
-0.0814,0,0
-0.081,0,0
-0.0806,0,0
-0.0802,0,0
-0.0798,0.00406148,0.00406897
-0.0794,0,0
-0.079,0,0
-0.0786,0.00423741,0.00424555
-0.0782,0.00120357,0.00219639
-0.0778,0,0
-0.0774,0,0
-0.077,0,0
-0.0766,0,0
-0.0762,0,0
-0.0758,0,0
-0.0754,0,0
-0.075,0,0
-0.0746,0,0
-0.0742,0,0
-0.0738,0,0
-0.0734,0,0
-0.073,0,0
-0.0726,0,0
-0.0722,0,0
-0.0718,0,0
-0.0714,0.00463808,0.00464777
-0.071,0,0
-0.0706,0,0
-0.0702,0,0
-0.0698,0,0
-0.0694,0,0
-0.069,0,0
-0.0686,0,0
-0.0682,0,0
-0.0678,0,0
-0.0674,0,0
-0.067,0,0
-0.0666,0,0
-0.0662,0.00432468,0.00433308
-0.0658,0,0
-0.0654,0,0
-0.065,0,0
-0.0646,0,0
-0.0642,0,0
-0.0638,0,0
-0.0634,0.00425652,0.00426464
-0.063,0,0
-0.0626,0,0
-0.0622,0,0
-0.0618,0,0
-0.0614,0,0
-0.061,0,0
-0.0606,0,0
-0.0602,0,0
-0.0598,0,0
-0.0594,0,0
-0.059,0,0
-0.0586,0.00445133,0.0044602
-0.0582,0,0
-0.0578,0,0
-0.0574,0.00446762,0.00447655
-0.057,0,0
-0.0566,0,0
-0.0562,0.00047685,0.0013716
-0.0558,0,0
-0.0554,0,0
-0.055,0,0
-0.0546,0,0
-0.0542,0.00433247,0.00434087
-0.0538,0.00433184,0.00434023
-0.0534,0,0
-0.053,0,0
-0.0526,0,0
-0.0522,0.00412069,0.00412829
-0.0518,0.00412089,0.00412849
-0.0514,0,0
-0.051,0,0
-0.0506,0,0
-0.0502,0,0
-0.0498,0,0
-0.0494,0.0036838,0.00368988
-0.049,0.000796301,0.001794
-0.0486,0,0
-0.0482,0,0
-0.0478,0,0
-0.0474,0,0
-0.047,0,0
-0.0466,0,0
-0.0462,0,0
-0.0458,0,0
-0.0454,0.00427835,0.00428654
-0.045,0,0
-0.0446,0,0
-0.0442,0.00851418,0.00603191
-0.0438,0,0
-0.0434,0,0
-0.043,0,0
-0.0426,0.000724116,0.00170415
-0.0422,0,0
-0.0418,0.00437814,0.00438671
-0.0414,0,0
-0.041,0,0
-0.0406,0,0
-0.0402,0,0
-0.0398,0,0
-0.0394,0,0
-0.039,0,0
-0.0386,0,0
-0.0382,0.00451185,0.00452095
-0.0378,0.00360413,0.00360993
-0.0374,0,0
-0.037,0,0
-0.0366,0,0
-0.0362,0.00424431,0.00425235
-0.0358,0.00503309,0.0050444
-0.0354,0.00503365,0.00504496
-0.035,0,0
-0.0346,0.00433112,0.00429676
-0.0342,0,0
-0.0338,0,0
-0.0334,0,0
-0.033,0,0
-0.0326,0,0
-0.0322,0.00477114,0.00478129
-0.0318,0,0
-0.0314,0,0
-0.031,0,0
-0.0306,0.00388219,0.00388891
-0.0302,0.00365118,0.00365712
-0.0298,0,0
-0.0294,0.00441534,0.00442403
-0.029,0.00434556,0.00435397
-0.0286,0.00830176,0.0058811
-0.0282,0.00852104,0.00603673
-0.0278,0,0
-0.0274,0,0
-0.027,0,0
-0.0266,0,0
-0.0262,0,0
-0.0258,0,0
-0.0254,0.00912069,0.0064624
-0.025,0,0
-0.0246,0,0
-0.0242,0.00404968,0.00405698
-0.0238,0,0
-0.0234,0.00436762,0.00437611
-0.023,0,0
-0.0226,0,0
-0.0222,0,0
-0.0218,0,0
-0.0214,0,0
-0.021,0,0
-0.0206,0,0
-0.0202,0.00106231,0.00208653
-0.0198,0,0
-0.0194,0,0
-0.019,0,0
-0.0186,0,0
-0.0182,0.00381352,0.00381998
-0.0178,0,0
-0.0174,0,0
-0.017,0,0
-0.0166,0,0
-0.0162,0.00820649,0.00582076
-0.0158,0,0
-0.0154,0.0084959,0.00601885
-0.015,0.00423319,0.00424115
-0.0146,0,0
-0.0142,0,0
-0.0138,0.00397126,0.00397826
-0.0134,0,0
-0.013,0,0
-0.0126,0.00426096,0.004269
-0.0122,0,0
-0.0118,0.00409441,0.00410184
-0.0114,0,0
-0.011,0,0
-0.0106,0,0
-0.0102,0,0
-0.0098,0,0
-0.0094,0.00209988,0.00300938
-0.009,0,0
-0.0086,0.00774898,0.00549032
-0.0082,0,0
-0.0078,0.00414236,0.00414994
-0.0074,0.00844304,0.00598127
-0.007,0,0
-0.0066,0.00442306,0.00443169
-0.0062,0.00416513,0.00405536
-0.0058,0.00417035,0.00417802
-0.0054,0,0
-0.005,0,0
-0.0046,0.0186241,0.00933119
-0.0042,0.0241378,0.00988449
-0.0038,0.0182088,0.00836009
-0.0034,0.0240258,0.00983
-0.003,0.0828299,0.0183938
-0.0026,0.102406,0.0211539
-0.0022,0.154662,0.0257359
-0.0018,0.229944,0.0310577
-0.0014,0.359422,0.0385248
-0.001,0.428037,0.0413998
-0.0006,0.628136,0.0508266
-0.0002,0.820822,0.0598535
0.0002,0.864576,0.059793
0.0006,0.744853,0.0551683
0.001,0.483593,0.0437207
0.0014,0.401774,0.0421618
0.0018,0.236176,0.0321026
0.0022,0.238442,0.0317172
0.0026,0.152949,0.0254157
0.003,0.0851009,0.0186084
0.0034,0.0303875,0.010954
0.0038,0.0265248,0.0103716
0.0042,0.0289716,0.0103829
0.0046,0.0144578,0.00753527
0.005,0.00850595,0.00576806
0.0054,0.0230706,0.0094345
0.0058,0.0262049,0.0100136
0.0062,0.0304247,0.0112459
0.0066,0.0133148,0.00757132
0.007,0.0196197,0.00925272
0.0074,0.00842262,0.00596668
0.0078,0.00822129,0.0058238
0.0082,0.00837545,0.0059332
0.0086,0.00401282,0.00401986
0.009,0,0
0.0094,0,0
0.0098,0,0
0.0102,0,0
0.0106,0,0
0.011,0,0
0.0114,0,0
0.0118,0,0
0.0122,0,0
0.0126,0,0
0.013,0.00408898,0.00409627
0.0134,0,0
0.0138,0,0
0.0142,0,0
0.0146,0,0
0.015,0,0
0.0154,0,0
0.0158,0.00427699,0.00428496
0.0162,0.0087274,0.00618322
0.0166,0.00849249,0.00601722
0.017,0,0
0.0174,0,0
0.0178,0,0
0.0182,0,0
0.0186,0,0
0.019,0,0
0.0194,0,0
0.0198,0,0
0.0202,0,0
0.0206,0.00402109,0.00402812
0.021,0,0
0.0214,0,0
0.0218,0.0044107,0.00441915
0.0222,0,0
0.0226,0,0
0.023,0,0
0.0234,0,0
0.0238,0.00426443,0.00427232
0.0242,0,0
0.0246,0.00442022,0.00442869
0.025,0,0
0.0254,0.00450668,0.00451549
0.0258,0,0
0.0262,0,0
0.0266,0,0
0.027,0,0
0.0274,0,0
0.0278,0,0
0.0282,0,0
0.0286,0,0
0.029,0,0
0.0294,0,0
0.0298,0,0
0.0302,0,0
0.0306,0,0
0.031,0.00429073,0.00429869
0.0314,0,0
0.0318,0.00418116,0.00418872
0.0322,0,0
0.0326,0,0
0.033,0.00429544,0.00430341
0.0334,0,0
0.0338,0,0
0.0342,0.00401748,0.00402444
0.0346,0,0
0.035,0,0
0.0354,0,0
0.0358,0.00434842,0.00435658
0.0362,0,0
0.0366,0,0
0.037,0.00448313,0.00449179
0.0374,0.00448384,0.0044925
0.0378,0,0
0.0382,0,0
0.0386,0,0
0.039,0,0
0.0394,0.00394797,0.00395468
0.0398,0.00400009,0.00400698
0.0402,0.00841522,0.00596124
0.0406,0,0
0.041,0,0
0.0414,0,0
0.0418,0,0
0.0422,0.00387952,0.003886
0.0426,0,0
0.043,0,0
0.0434,0.00440529,0.00441363
0.0438,0,0
0.0442,0,0
0.0446,0.00413073,0.00413806
0.045,0.00423996,0.00424768
0.0454,0,0
0.0458,0,0
0.0462,0,0
0.0466,0.0126124,0.00729707
0.047,0,0
0.0474,0.00406657,0.00407367
0.0478,0,0
0.0482,0,0
0.0486,0,0
0.049,0,0
0.0494,0,0
0.0498,0,0
0.0502,0,0
0.0506,0,0
0.051,0,0
0.0514,0,0
0.0518,0,0
0.0522,0,0
0.0526,0,0
0.053,0,0
0.0534,0,0
0.0538,0,0
0.0542,0,0
0.0546,0.00418426,0.00419173
0.055,0,0
0.0554,0,0
0.0558,0,0
0.0562,0,0
0.0566,0,0
0.057,0,0
0.0574,0,0
0.0578,0,0
0.0582,0,0
0.0586,0,0
0.059,0.00405898,0.00406597
0.0594,0.00417294,0.00418032
0.0598,0,0
0.0602,0,0
0.0606,0,0
0.061,0,0
0.0614,0,0
0.0618,0,0
0.0622,0.00428261,0.00429036
0.0626,0,0
0.063,0.00461599,0.00462498
0.0634,0,0
0.0638,0,0
0.0642,0.00402577,0.0040326
0.0646,0,0
0.065,0,0
0.0654,0,0
0.0658,0,0
0.0662,0,0
0.0666,0,0
0.067,0,0
0.0674,0,0
0.0678,0,0
0.0682,0,0
0.0686,0,0
0.069,0.00425768,0.00426526
0.0694,0,0
0.0698,0,0
0.0702,0.00407073,0.00407766
0.0706,0,0
0.071,0,0
0.0714,0,0
0.0718,0,0
0.0722,0,0
0.0726,0,0
0.073,0,0
0.0734,0,0
0.0738,0.00427867,0.00428628
0.0742,0,0
0.0746,0.00429898,0.00430665
0.075,0,0
0.0754,0,0
0.0758,0.00443005,0.00443819
0.0762,0,0
0.0766,0.0043413,0.00434911
0.077,0,0
0.0774,0,0
0.0778,0,0
0.0782,0,0
0.0786,0,0
0.079,0,0
0.0794,0,0
0.0798,0,0
0.0802,0,0
0.0806,0,0
0.081,0,0
0.0814,0,0
0.0818,0.00402156,0.00417778
0.0822,0,0
0.0826,0,0
0.083,0,0
0.0834,0.00907679,0.00643176
0.0838,0,0
0.0842,0,0
0.0846,0.00438159,0.00438946
0.085,0,0
0.0854,0,0
0.0858,0,0
0.0862,0.00457352,0.00458208
0.0866,0,0
0.087,0,0
0.0874,0,0
0.0878,0,0
0.0882,0,0
0.0886,0,0
0.089,0,0
0.0894,0,0
0.0898,0.00472484,0.00473394
0.0902,0,0
0.0906,0.004532,0.00454036
0.091,0,0
0.0914,0,0
0.0918,0,0
0.0922,0,0
0.0926,0,0
0.093,0,0
0.0934,0,0
0.0938,0,0
0.0942,0.00472115,0.00473019
0.0946,0,0
0.095,0.00479532,0.00480465
0.0954,0.00920183,0.00651882
0.0958,0,0
0.0962,0,0
0.0966,0,0
0.097,0,0
0.0974,0,0
0.0978,0,0
0.0982,0,0
0.0986,0,0
0.099,0,0
0.0994,0,0
0.0998,0.00501747,0.00502764
0.1002,0.00530224,0.0053136
0.1006,0,0
0.101,0,0
0.1014,0,0
0.1018,0,0
0.1022,0,0
0.1026,0,0
0.103,0,0
0.1034,0,0
0.1038,0,0
0.1042,0,0
0.1046,0,0
0.105,0,0
0.1054,0,0
0.1058,0,0
0.1062,0,0
0.1066,0,0
0.107,0,0
0.1074,0.00582929,0.00584297
0.1078,0,0
0.1082,0.00329195,0.00442849
0.1086,0,0
0.109,0,0
0.1094,0,0
0.1098,0,0
0.1102,0,0
0.1106,0,0
0.111,0,0
0.1114,0,0
0.1118,0,0
0.1122,0,0
0.1126,0,0
0.113,0,0
0.1134,0,0
0.1138,0,0
0.1142,0,0
0.1146,0,0
0.115,0,0
0.1154,0,0
0.1158,0,0
0.1162,0,0
0.1166,0.00707374,0.00709389
0.117,0,0
0.1174,0,0
0.1178,0,0
0.1182,0,0
0.1186,0.00659588,0.00661341
0.119,0,0
0.1194,0,0
0.1198,0,0
9
-0.1198,0,0
-0.1194,0,0
-0.119,0.00421141,0.00422011
-0.1186,0,0
-0.1182,0,0
-0.1178,0,0
-0.1174,0,0
-0.117,0,0
-0.1166,0,0
-0.1162,0,0
-0.1158,0,0
-0.1154,0,0
-0.115,0,0
-0.1146,0,0
-0.1142,0,0
-0.1138,0,0
-0.1134,0,0
-0.113,0,0
-0.1126,0,0
-0.1122,0,0
-0.1118,0,0
-0.1114,0,0
-0.111,0,0
-0.1106,0.00405135,0.00405951
-0.1102,0,0
-0.1098,0,0
-0.1094,0,0
-0.109,0,0
-0.1086,0.00370509,0.00371193
-0.1082,0,0
-0.1078,0.00381512,0.00382238
-0.1074,0,0
-0.107,0,0
-0.1066,0,0
-0.1062,0,0
-0.1058,0,0
-0.1054,0,0
-0.105,0,0
-0.1046,0,0
-0.1042,0,0
-0.1038,0,0
-0.1034,0,0
-0.103,0,0
-0.1026,0,0
-0.1022,0,0
-0.1018,0,0
-0.1014,0,0
-0.101,0,0
-0.1006,0,0
-0.1002,0,0
-0.0998,0,0
-0.0994,0,0
-0.099,0,0
-0.0986,0,0
-0.0982,0,0
-0.0978,0,0
-0.0974,0,0
-0.097,0.00361091,0.00362297
-0.0966,0,0
-0.0962,0.00379642,0.00380374
-0.0958,0,0
-0.0954,0,0
-0.095,0,0
-0.0946,0,0
-0.0942,0,0
-0.0938,0,0
-0.0934,0,0
-0.093,0,0
-0.0926,0,0
-0.0922,0,0
-0.0918,0,0
-0.0914,0,0
-0.091,0,0
-0.0906,0,0
-0.0902,0.00356186,0.00356835
-0.0898,0,0
-0.0894,0,0
-0.089,0.00358956,0.00359617
-0.0886,0,0
-0.0882,0,0
-0.0878,0,0
-0.0874,0,0
-0.087,0,0
-0.0866,0,0
-0.0862,0.00364026,0.00364707
-0.0858,0,0
-0.0854,0,0
-0.085,0,0
-0.0846,0,0
-0.0842,0,0
-0.0838,0,0
-0.0834,0,0
-0.083,0,0
-0.0826,0,0
-0.0822,0.0038068,0.00381429
-0.0818,0,0
-0.0814,0,0
-0.081,0,0
-0.0806,0,0
-0.0802,0,0
-0.0798,0,0
-0.0794,0,0
-0.079,0,0
-0.0786,0,0
-0.0782,0.00243502,0.00291851
-0.0778,0,0
-0.0774,0,0
-0.077,0,0
-0.0766,0,0
-0.0762,0,0
-0.0758,0,0
-0.0754,0,0
-0.075,0,0
-0.0746,0,0
-0.0742,0.00366886,0.00367587
-0.0738,0,0
-0.0734,0,0
-0.073,0,0
-0.0726,0,0
-0.0722,0.00704607,0.00499149
-0.0718,0,0
-0.0714,0,0
-0.071,0,0
-0.0706,0,0
-0.0702,0.00348512,0.00349147
-0.0698,0,0
-0.0694,0,0
-0.069,0,0
-0.0686,0.00736674,0.00521912
-0.0682,0.00350844,0.00351489
-0.0678,0,0
-0.0674,0,0
-0.067,0.00707851,0.00501456
-0.0666,0,0
-0.0662,0.00696672,0.00493522
-0.0658,0,0
-0.0654,0.00306684,0.00307177
-0.065,0.00731674,0.00518366
-0.0646,0.00344554,0.00345177
-0.0642,0,0
-0.0638,0.00353631,0.00354289
-0.0634,0,0
-0.063,0,0
-0.0626,0,0
-0.0622,0,0
-0.0618,0.00380632,0.00381394
-0.0614,0,0
-0.061,0,0
-0.0606,0,0
-0.0602,0,0
-0.0598,0,0
-0.0594,0,0
-0.059,0,0
-0.0586,0,0
-0.0582,0,0
-0.0578,0,0
-0.0574,0,0
-0.057,0.00337973,0.00338577
-0.0566,0.00344524,0.00345151
-0.0562,0.00292561,0.0031265
-0.0558,0,0
-0.0554,0.00341944,0.00342563
-0.055,0,0
-0.0546,0,0
-0.0542,0.00366352,0.00367062
-0.0538,0,0
-0.0534,0,0
-0.053,0,0
-0.0526,0.00348087,0.00348729
-0.0522,0,0
-0.0518,0,0
-0.0514,0.00358724,0.00359407
-0.051,0.00705204,0.00499587
-0.0506,0.00345749,0.00346383
-0.0502,0,0
-0.0498,0,0
-0.0494,0.00310631,0.00311143
-0.049,0,0
-0.0486,0,0
-0.0482,0.00338224,0.00338831
-0.0478,0.00345442,0.00346076
-0.0474,0,0
-0.047,0.00349418,0.00350067
-0.0466,0,0
-0.0462,0,0
-0.0458,0,0
-0.0454,0,0
-0.045,0,0
-0.0446,0.00350209,0.00350863
-0.0442,0.00714332,0.00506071
-0.0438,0,0
-0.0434,0,0
-0.043,0,0
-0.0426,0.00273983,0.00303326
-0.0422,0,0
-0.0418,0,0
-0.0414,0.0036026,0.00360954
-0.041,0,0
-0.0406,0.00370886,0.00371622
-0.0402,0,0
-0.0398,0.00359387,0.00360078
-0.0394,0,0
-0.039,0.00351481,0.00352143
-0.0386,0,0
-0.0382,0,0
-0.0378,0.00299976,0.00300459
-0.0374,0.00928387,0.00536896
-0.037,0,0
-0.0366,0,0
-0.0362,0.00373166,0.00373915
-0.0358,0.00372997,0.00373745
-0.0354,0,0
-0.035,0.00701921,0.00497274
-0.0346,0.00446477,0.00397138
-0.0342,0,0
-0.0338,0,0
-0.0334,0,0
-0.033,0,0
-0.0326,0,0
-0.0322,0.00342018,0.0034265
-0.0318,0,0
-0.0314,0,0
-0.031,0,0
-0.0306,0,0
-0.0302,0,0
-0.0298,0,0
-0.0294,0,0
-0.029,0.00376585,0.00377353
-0.0286,0,0
-0.0282,0,0
-0.0278,0,0
-0.0274,0,0
-0.027,0.00949763,0.00549291
-0.0266,0,0
-0.0262,0,0
-0.0258,0,0
-0.0254,0,0
-0.025,0,0
-0.0246,0,0
-0.0242,0,0
-0.0238,0.00330551,0.00331146
-0.0234,0.00722465,0.00511916
-0.023,0.00354837,0.00355524
-0.0226,0.00719338,0.00509653
-0.0222,0,0
-0.0218,0,0
-0.0214,0.00705696,0.00499966
-0.021,0.00738994,0.00523605
-0.0206,0,0
-0.0202,0.00330771,0.0033137
-0.0198,0.00657525,0.00465779
-0.0194,0,0
-0.019,0,0
-0.0186,0,0
-0.0182,0.00297355,0.0029784
-0.0178,0.00342706,0.00343351
-0.0174,0.00355697,0.00356392
-0.017,0.00358216,0.00358921
-0.0166,0.00351435,0.00352114
-0.0162,0,0
-0.0158,0,0
-0.0154,0.0034092,0.0034156
-0.015,0,0
-0.0146,0,0
-0.0142,0,0
-0.0138,0,0
-0.0134,0.00623423,0.00441586
-0.013,0.00323292,0.00323869
-0.0126,0.00323126,0.00323703
-0.0122,0,0
-0.0118,0.00333925,0.00334542
-0.0114,0.00328605,0.00329204
-0.011,0.00328428,0.00329025
-0.0106,0.00349194,0.00349871
-0.0102,0,0
-0.0098,0.0139719,0.00700002
-0.0094,0.00174868,0.00245029
-0.009,0.00625045,0.00442761
-0.0086,0.00901742,0.00521493
-0.0082,0.00638085,0.00452209
-0.0078,0.00992063,0.00573846
-0.0074,0.0137469,0.00688745
-0.007,0.0139331,0.00698022
-0.0066,0.0162047,0.00726011
-0.0062,0.0190392,0.00782823
-0.0058,0.00646362,0.00457958
-0.0054,0.0063211,0.0044776
-0.005,0.0233104,0.00882909
-0.0046,0.0146771,0.00735363
-0.0042,0.00656288,0.00464918
-0.0038,0.0238762,0.00845726
-0.0034,0.0446273,0.0119526
-0.003,0.0368708,0.0108893
-0.0026,0.0840111,0.0169664
-0.0022,0.127284,0.0206994
-0.0018,0.213189,0.0265464
-0.0014,0.312122,0.0316996
-0.001,0.486492,0.0390452
-0.0006,0.694459,0.0472795
-0.0002,0.713182,0.049338
0.0002,0.644823,0.0454166
0.0006,0.626732,0.044641
0.001,0.386221,0.034565
0.0014,0.297971,0.0322264
0.0018,0.138622,0.0217421
0.0022,0.117222,0.0196239
0.0026,0.0525108,0.0131524
0.003,0.0376188,0.0108802
0.0034,0.0342157,0.0102069
0.0038,0.0319375,0.00991188
0.0042,0.0174177,0.00712321
0.0046,0.0133166,0.00643384
0.005,0.00930027,0.00525058
0.0054,0.00894297,0.00517194
0.0058,0.0177367,0.00728408
0.0062,0.0148771,0.00692786
0.0066,0.0262843,0.00937588
0.007,0.0280129,0.00963702
0.0074,0.0163027,0.00730549
0.0078,0.0285789,0.00954353
0.0082,0.00984224,0.00569421
0.0086,0.00309625,0.00310169
0.009,0.00309513,0.00310057
0.0094,0.00351789,0.00352491
0.0098,0.00325827,0.0032643
0.0102,0.00660478,0.00467904
0.0106,0.0066024,0.00467736
0.011,0,0
0.0114,0.00686665,0.00486494
0.0118,0,0
0.0122,0,0
0.0126,0,0
0.013,0.00627074,0.004442
0.0134,0,0
0.0138,0,0
0.0142,0,0
0.0146,0,0
0.015,0.00300964,0.0030148
0.0154,0.00328667,0.00329283
0.0158,0,0
0.0162,0.00330062,0.00330683
0.0166,0.00329959,0.00330581
0.017,0.00318035,0.00318612
0.0174,0.00309485,0.00310032
0.0178,0,0
0.0182,0,0
0.0186,0,0
0.019,0,0
0.0194,0,0
0.0198,0,0
0.0202,0,0
0.0206,0.00611264,0.00432986
0.021,0,0
0.0214,0.00326688,0.00327299
0.0218,0,0
0.0222,0.00315421,0.00315991
0.0226,0.00642862,0.00455472
0.023,0.00950965,0.00550167
0.0234,0,0
0.0238,0,0
0.0242,0,0
0.0246,0,0
0.025,0,0
0.0254,0,0
0.0258,0,0
0.0262,0,0
0.0266,0.00329849,0.00330475
0.027,0,0
0.0274,0.00653557,0.00463003
0.0278,0,0
0.0282,0.00353952,0.00354673
0.0286,0,0
0.029,0.00327694,0.00328312
0.0294,0,0
0.0298,0.00320107,0.00320697
0.0302,0.00685049,0.00485359
0.0306,0,0
0.031,0.00321944,0.00322541
0.0314,0,0
0.0318,0,0
0.0322,0.00647092,0.00458645
0.0326,0,0
0.033,0.00643268,0.00455703
0.0334,0,0
0.0338,0.00670908,0.00475323
0.0342,0,0
0.0346,0,0
0.035,0,0
0.0354,0.00323393,0.00323997
0.0358,0,0
0.0362,0,0
0.0366,0.00343277,0.00343958
0.037,0,0
0.0374,0.0030241,0.00302939
0.0378,0,0
0.0382,0,0
0.0386,0,0
0.039,0.00641425,0.00454398
0.0394,0,0
0.0398,0,0
0.0402,0.00312761,0.00313327
0.0406,0.0034646,0.00347155
0.041,0,0
0.0414,0.00335128,0.00335779
0.0418,0.00575754,0.00407799
0.0422,0,0
0.0426,0,0
0.043,0.00678596,0.00480784
0.0434,0.0032651,0.00327128
0.0438,0,0
0.0442,0,0
0.0446,0,0
0.045,0.00324595,0.00325207
0.0454,0,0
0.0458,0.00314797,0.00315373
0.0462,0.00630666,0.00446847
0.0466,0.00321303,0.00321903
0.047,0,0
0.0474,0,0
0.0478,0,0
0.0482,0.00314522,0.00315096
0.0486,0,0
0.049,0,0
0.0494,0.00317204,0.00317789
0.0498,0.00297011,0.00297524
0.0502,0,0
0.0506,0.00296593,0.00297105
0.051,0.0029891,0.0029943
0.0514,0.00306217,0.00306763
0.0518,0.00306129,0.00306675
0.0522,0,0
0.0526,0,0
0.053,0.0094757,0.00548088
0.0534,0,0
0.0538,0,0
0.0542,0,0
0.0546,0.00305699,0.00306244
0.055,0.00330996,0.00331635
0.0554,0.00316144,0.00316727
0.0558,0,0
0.0562,0,0
0.0566,0,0
0.057,0,0
0.0574,0.00318497,0.0031909
0.0578,0,0
0.0582,0,0
0.0586,0,0
0.059,0.00294093,0.00294599
0.0594,0.00293993,0.00294499
0.0598,0,0
0.0602,0.00605829,0.00429147
0.0606,0,0
0.061,0.00315156,0.00315739
0.0614,0,0
0.0618,0.00311505,0.00312075
0.0622,0.00616318,0.00436592
0.0626,0.00644817,0.00457009
0.063,0,0
0.0634,0,0
0.0638,0,0
0.0642,0.00583538,0.0041336
0.0646,0.00590064,0.00417963
0.065,0,0
0.0654,0.00311957,0.00312529
0.0658,0,0
0.0662,0,0
0.0666,0,0
0.067,0.00609053,0.0043144
0.0674,0.00304418,0.00304965
0.0678,0.00328018,0.00328653
0.0682,0,0
0.0686,0,0
0.069,0,0
0.0694,0,0
0.0698,0,0
0.0702,0.00334328,0.00334989
0.0706,0.00287244,0.00287733
0.071,0,0
0.0714,0.00626123,0.00443742
0.0718,0.00306499,0.00307055
0.0722,0,0
0.0726,0.00292718,0.00293226
0.073,0,0
0.0734,0.00600085,0.00425089
0.0738,0,0
0.0742,0,0
0.0746,0.00314135,0.00314721
0.075,0,0
0.0754,0.00287311,0.00287802
0.0758,0,0
0.0762,0,0
0.0766,0.00301845,0.00302387
0.077,0,0
0.0774,0,0
0.0778,0.00301128,0.00301668
0.0782,0.00303117,0.00303665
0.0786,0,0
0.079,0,0
0.0794,0,0
0.0798,0,0
0.0802,0.00290243,0.00290747
0.0806,0,0
0.081,0,0
0.0814,0,0
0.0818,0.00020824,0.000787988
0.0822,0.00285314,0.00285802
0.0826,0,0
0.083,0.00628917,0.00445572
0.0834,0,0
0.0838,0,0
0.0842,0.0031224,0.00312825
0.0846,0,0
0.085,0,0
0.0854,0.00615851,0.00436279
0.0858,0,0
0.0862,0,0
0.0866,0,0
0.087,0,0
0.0874,0,0
0.0878,0.00296731,0.00297261
0.0882,0.00281437,0.00281915
0.0886,0,0
0.089,0,0
0.0894,0,0
0.0898,0,0
0.0902,0,0
0.0906,0.00305587,0.00306151
0.091,0,0
0.0914,0,0
0.0918,0,0
0.0922,0,0
0.0926,0.00668596,0.00473725
0.093,0,0
0.0934,0,0
0.0938,0,0
0.0942,0,0
0.0946,0.00318605,0.0031922
0.095,0.00642091,0.0045491
0.0954,0,0
0.0958,0,0
0.0962,0.00321626,0.00322253
0.0966,0.00320742,0.00321365
0.097,0,0
0.0974,0,0
0.0978,0.00302844,0.00303399
0.0982,0,0
0.0986,0.0032396,0.00324596
0.099,0,0
0.0994,0.00334437,0.00335115
0.0998,0.00334429,0.00335107
0.1002,0.0035334,0.00354096
0.1006,0.00317478,0.00318089
0.101,0,0
0.1014,0.00311152,0.00311739
0.1018,0.003159,0.00316504
0.1022,0,0
0.1026,0.0102422,0.00592557
0.103,0,0
0.1034,0,0
0.1038,0.00370258,0.00371089
0.1042,0,0
0.1046,0,0
0.105,0,0
0.1054,0.00394942,0.00395887
0.1058,0,0
0.1062,0,0
0.1066,0,0
0.107,0.00359038,0.0035982
0.1074,0.00387095,0.00388004
0.1078,0,0
0.1082,0,0
0.1086,0,0
0.109,0,0
0.1094,0,0
0.1098,0,0
0.1102,0,0
0.1106,0,0
0.111,0,0
0.1114,0,0
0.1118,0.00403136,0.00404123
0.1122,0.00410785,0.00411809
0.1126,0.00417602,0.00418661
0.113,0,0
0.1134,0,0
0.1138,0,0
0.1142,0.00434593,0.0043574
0.1146,0.00427614,0.00428725
0.115,0,0
0.1154,0,0
0.1158,0,0
0.1162,0,0
0.1166,0,0
0.117,0,0
0.1174,0.00442353,0.00443542
0.1178,0.00460228,0.00461515
0.1182,0.00499358,0.00500874
0.1186,0,0
0.119,0.00437048,0.0043821
0.1194,0,0
0.1198,0,0
