# X , Y , E Distribution=true
1
-0.1198,0,0
-0.1194,0,0
-0.119,0,0
-0.1186,0.0120768,0.0120986
-0.1182,0,0
-0.1178,0,0
-0.1174,0,0
-0.117,0,0
-0.1166,0,0
-0.1162,0,0
-0.1158,0,0
-0.1154,0.0137557,0.0137841
-0.115,0,0
-0.1146,0,0
-0.1142,0,0
-0.1138,0,0
-0.1134,0,0
-0.113,0,0
-0.1126,0,0
-0.1122,0.0133193,0.0133459
-0.1118,0,0
-0.1114,0,0
-0.111,0,0
-0.1106,0,0
-0.1102,0.0223283,0.0158149
-0.1098,0,0
-0.1094,0,0
-0.109,0,0
-0.1086,0,0
-0.1082,0,0
-0.1078,0,0
-0.1074,0,0
-0.107,0,0
-0.1066,0,0
-0.1062,0,0
-0.1058,0,0
-0.1054,0,0
-0.105,0,0
-0.1046,0,0
-0.1042,0,0
-0.1038,0,0
-0.1034,0,0
-0.103,0,0
-0.1026,0,0
-0.1022,0,0
-0.1018,0,0
-0.1014,0,0
-0.101,0,0
-0.1006,0,0
-0.1002,0,0
-0.0998,0,0
-0.0994,0,0
-0.099,0,0
-0.0986,0,0
-0.0982,0,0
-0.0978,0,0
-0.0974,0,0
-0.097,0,0
-0.0966,0,0
-0.0962,0,0
-0.0958,0,0
-0.0954,0,0
-0.095,0,0
-0.0946,0,0
-0.0942,0.0129317,0.0129566
-0.0938,0,0
-0.0934,0.0123725,0.0123952
-0.093,0.0126784,0.0127022
-0.0926,0,0
-0.0922,0,0
-0.0918,0,0
-0.0914,0,0
-0.091,0,0
-0.0906,0,0
-0.0902,0,0
-0.0898,0,0
-0.0894,0,0
-0.089,0,0
-0.0886,0,0
-0.0882,0,0
-0.0878,0,0
-0.0874,0,0
-0.087,0,0
-0.0866,0,0
-0.0862,0,0
-0.0858,0,0
-0.0854,0,0
-0.085,0.0129657,0.0129905
-0.0846,0,0
-0.0842,0,0
-0.0838,0,0
-0.0834,0,0
-0.083,0,0
-0.0826,0,0
-0.0822,0,0
-0.0818,0.00264613,0.00586698
-0.0814,0,0
-0.081,0,0
-0.0806,0,0
-0.0802,0.0117755,0.0117959
-0.0798,0,0
-0.0794,0,0
-0.079,0,0
-0.0786,0,0
-0.0782,0,0
-0.0778,0,0
-0.0774,0,0
-0.077,0.0133429,0.0133691
-0.0766,0,0
-0.0762,0,0
-0.0758,0,0
-0.0754,0,0
-0.075,0.0126051,0.0126284
-0.0746,0,0
-0.0742,0,0
-0.0738,0,0
-0.0734,0,0
-0.073,0,0
-0.0726,0,0
-0.0722,0,0
-0.0718,0,0
-0.0714,0,0
-0.071,0,0
-0.0706,0,0
-0.0702,0,0
-0.0698,0,0
-0.0694,0,0
-0.069,0,0
-0.0686,0,0
-0.0682,0.0132264,0.013252
-0.0678,0,0
-0.0674,0,0
-0.067,0,0
-0.0666,0,0
-0.0662,0,0
-0.0658,0,0
-0.0654,0,0
-0.065,0,0
-0.0646,0,0
-0.0642,0.0130842,0.0131092
-0.0638,0,0
-0.0634,0,0
-0.063,0,0
-0.0626,0,0
-0.0622,0,0
-0.0618,0,0
-0.0614,0,0
-0.061,0,0
-0.0606,0,0
-0.0602,0,0
-0.0598,0,0
-0.0594,0,0
-0.059,0,0
-0.0586,0,0
-0.0582,0,0
-0.0578,0,0
-0.0574,0,0
-0.057,0,0
-0.0566,0,0
-0.0562,0,0
-0.0558,0,0
-0.0554,0,0
-0.055,0,0
-0.0546,0,0
-0.0542,0.0124844,0.0125071
-0.0538,0,0
-0.0534,0,0
-0.053,0,0
-0.0526,0,0
-0.0522,0,0
-0.0518,0,0
-0.0514,0,0
-0.051,0,0
-0.0506,0.000535357,0.00264205
-0.0502,0,0
-0.0498,0,0
-0.0494,0,0
-0.049,0,0
-0.0486,0,0
-0.0482,0.0125794,0.0126024
-0.0478,0,0
-0.0474,0,0
-0.047,0,0
-0.0466,0,0
-0.0462,0,0
-0.0458,0.0125228,0.0125456
-0.0454,0.0124042,0.0124265
-0.045,0,0
-0.0446,0,0
-0.0442,0,0
-0.0438,0,0
-0.0434,0,0
-0.043,0,0
-0.0426,0,0
-0.0422,0,0
-0.0418,0,0
-0.0414,0,0
-0.041,0,0
-0.0406,0.0120446,0.0120656
-0.0402,0,0
-0.0398,0,0
-0.0394,0,0
-0.039,0,0
-0.0386,0,0
-0.0382,0,0
-0.0378,0.0127821,0.0128057
-0.0374,0,0
-0.037,0.0261987,0.0185605
-0.0366,0,0
-0.0362,0,0
-0.0358,0,0
-0.0354,0,0
-0.035,0,0
-0.0346,0,0
-0.0342,0,0
-0.0338,0,0
-0.0334,0,0
-0.033,0,0
-0.0326,0,0
-0.0322,0,0
-0.0318,0,0
-0.0314,0,0
-0.031,0,0
-0.0306,0,0
-0.0302,0.00185459,0.00488676
-0.0298,0.00193561,0.00500896
-0.0294,0,0
-0.029,0,0
-0.0286,0.0129748,0.0129991
-0.0282,0,0
-0.0278,0,0
-0.0274,0.00172162,0.00469959
-0.027,0,0
-0.0266,0,0
-0.0262,0,0
-0.0258,0.00864881,0.0108934
-0.0254,0.0121218,0.0121429
-0.025,0,0
-0.0246,0,0
-0.0242,0,0
-0.0238,0.0121925,0.0122138
-0.0234,0.0124066,0.0125757
-0.023,0,0
-0.0226,0,0
-0.0222,0,0
-0.0218,0.0131921,0.0132171
-0.0214,0,0
-0.021,0,0
-0.0206,0,0
-0.0202,0,0
-0.0198,0,0
-0.0194,0,0
-0.019,0,0
-0.0186,0.0128423,0.012866
-0.0182,0,0
-0.0178,0,0
-0.0174,0,0
-0.017,0,0
-0.0166,0,0
-0.0162,0,0
-0.0158,0.0254951,0.0180607
-0.0154,0,0
-0.015,0,0
-0.0146,0,0
-0.0142,0,0
-0.0138,0,0
-0.0134,0.0201215,0.0156871
-0.013,0,0
-0.0126,0.0259955,0.0184158
-0.0122,0,0
-0.0118,0,0
-0.0114,0,0
-0.011,0,0
-0.0106,0.0126565,0.0126794
-0.0102,0,0
-0.0098,0.012992,0.0130161
-0.0094,0,0
-0.009,0.00131486,0.00419073
-0.0086,0.00441943,0.00761671
-0.0082,0.0262153,0.0185717
-0.0078,0,0
-0.0074,0.0277743,0.0196784
-0.007,0.0277588,0.0196674
-0.0066,0,0
-0.0062,0,0
-0.0058,0.0054122,0.00819726
-0.0054,0.0293467,0.0186438
-0.005,0.0564956,0.0262776
-0.0046,0.0263865,0.0186932
-0.0042,0.0909894,0.0343643
-0.0038,0.0892877,0.0347325
-0.0034,0.0891691,0.0362844
-0.003,0.234738,0.0574751
-0.0026,0.458787,0.0773151
-0.0022,0.629557,0.0919298
-0.0018,1.15079,0.121676
-0.0014,2.12771,0.164452
-0.001,2.45106,0.171454
-0.0006,3.34715,0.204149
-0.0002,3.90312,0.225873
0.0002,3.49981,0.207159
0.0006,2.80388,0.189755
0.001,2.19065,0.168362
0.0014,1.15546,0.122716
0.0018,0.69267,0.0972766
0.0022,0.230635,0.0568686
0.0026,0.0912268,0.0358571
0.003,0.0416066,0.0241204
0.0034,0.0275382,0.0201818
0.0038,0.0227813,0.0173068
0.0042,0.0255942,0.0181314
0.0046,0.0129069,0.0129305
0.005,0.0242531,0.017179
0.0054,0.00894832,0.0109024
0.0058,0.00786484,0.00991449
0.0062,0,0
0.0066,0,0
0.007,0,0
0.0074,0.0285814,0.020253
0.0078,0.0141422,0.0141705
0.0082,0.0123726,0.0136972
0.0086,0.0115921,0.0122185
0.009,0,0
0.0094,0,0
0.0098,0,0
0.0102,0.0116316,0.0116507
0.0106,0,0
0.011,0,0
0.0114,0.0134014,0.0134267
0.0118,0.00308937,0.00654741
0.0122,0,0
0.0126,0.0131576,0.013182
0.013,0,0
0.0134,0.0264918,0.0187676
0.0138,0.0340923,0.0207269
0.0142,0.0128134,0.0128366
0.0146,0.0123967,0.0124183
0.015,0.0259352,0.0183903
0.0154,0,0
0.0158,0.0492401,0.0262364
0.0162,0.0127029,0.0127256
0.0166,0,0
0.017,0.00718694,0.00990578
0.0174,0.0134168,0.0134421
0.0178,0.00712502,0.0099549
0.0182,0.0129317,0.0129552
0.0186,0,0
0.019,0,0
0.0194,0.012004,0.0120243
0.0198,0,0
0.0202,0.0129988,0.0130226
0.0206,0,0
0.021,0.0125797,0.0126019
0.0214,0,0
0.0218,0,0
0.0222,0,0
0.0226,0,0
0.023,0,0
0.0234,0.0133515,0.0133765
0.0238,0.013256,0.0132806
0.0242,0,0
0.0246,0,0
0.025,0,0
0.0254,0.0126313,0.0126536
0.0258,0.0138281,0.0138549
0.0262,0,0
0.0266,0,0
0.027,0,0
0.0274,0,0
0.0278,0,0
0.0282,0.0133816,0.0134066
0.0286,0,0
0.029,0,0
0.0294,0,0
0.0298,0,0
0.0302,0,0
0.0306,8.3453e-05,0.000978341
0.031,0,0
0.0314,0,0
0.0318,0,0
0.0322,0,0
0.0326,0,0
0.033,0,0
0.0334,0,0
0.0338,0,0
0.0342,0,0
0.0346,0.0135924,0.0136181
0.035,0,0
0.0354,0,0
0.0358,0,0
0.0362,0,0
0.0366,0,0
0.037,0,0
0.0374,0,0
0.0378,0,0
0.0382,0,0
0.0386,0,0
0.039,0,0
0.0394,0,0
0.0398,0,0
0.0402,0.0126958,0.0127182
0.0406,0,0
0.041,0,0
0.0414,0,0
0.0418,0,0
0.0422,0,0
0.0426,0.013725,0.0137511
0.043,0,0
0.0434,0,0
0.0438,0,0
0.0442,0,0
0.0446,0,0
0.045,0,0
0.0454,0,0
0.0458,0.00378082,0.00675899
0.0462,0,0
0.0466,0,0
0.047,0,0
0.0474,0,0
0.0478,0,0
0.0482,0.0125529,0.0125747
0.0486,0,0
0.049,0,0
0.0494,0,0
0.0498,0,0
0.0502,0.0121578,0.0121783
0.0506,0,0
0.051,0,0
0.0514,0,0
0.0518,0,0
0.0522,0.0134622,0.0134873
0.0526,0,0
0.053,0,0
0.0534,0,0
0.0538,0,0
0.0542,0,0
0.0546,0,0
0.055,0.0137605,0.0137867
0.0554,0,0
0.0558,0,0
0.0562,0,0
0.0566,0,0
0.057,0,0
0.0574,0,0
0.0578,0,0
0.0582,0,0
0.0586,0,0
0.059,0,0
0.0594,0,0
0.0598,0,0
0.0602,0,0
0.0606,0,0
0.061,0,0
0.0614,0,0
0.0618,0,0
0.0622,0,0
0.0626,0,0
0.063,0,0
0.0634,0,0
0.0638,0.0130929,0.0131165
0.0642,0,0
0.0646,0,0
0.065,0.0126208,0.0126426
0.0654,0,0
0.0658,0,0
0.0662,0,0
0.0666,0,0
0.067,0,0
0.0674,0,0
0.0678,0,0
0.0682,0.0137605,0.0137864
0.0686,0,0
0.069,0,0
0.0694,0,0
0.0698,0,0
0.0702,0.0132746,0.0132987
0.0706,0,0
0.071,0.0137645,0.0137904
0.0714,0,0
0.0718,0,0
0.0722,0,0
0.0726,0,0
0.073,0,0
0.0734,0,0
0.0738,0,0
0.0742,0,0
0.0746,0,0
0.075,0,0
0.0754,0,0
0.0758,0,0
0.0762,0,0
0.0766,0,0
0.077,0,0
0.0774,0,0
0.0778,0,0
0.0782,0,0
0.0786,0,0
0.079,0,0
0.0794,0,0
0.0798,0,0
0.0802,0,0
0.0806,0,0
0.081,0.0130732,0.0130965
0.0814,0,0
0.0818,0.0212726,0.0163143
0.0822,0,0
0.0826,0,0
0.083,0,0
0.0834,0,0
0.0838,0,0
0.0842,0,0
0.0846,0.0142681,0.0142958
0.085,0.0135309,0.0135557
0.0854,0,0
0.0858,0,0
0.0862,0,0
0.0866,0,0
0.087,0,0
0.0874,0,0
0.0878,0,0
0.0882,0,0
0.0886,0,0
0.089,0,0
0.0894,0,0
0.0898,0,0
0.0902,0,0
0.0906,0,0
0.091,0.0128969,0.0129195
0.0914,0,0
0.0918,0,0
0.0922,0,0
0.0926,0,0
0.093,0,0
0.0934,0,0
0.0938,0.00739248,0.00999869
0.0942,0,0
0.0946,0,0
0.095,0,0
0.0954,0,0
0.0958,0,0
0.0962,0,0
0.0966,0,0
0.097,0,0
0.0974,0,0
0.0978,0,0
0.0982,0,0
0.0986,0.0144673,0.0144955
0.099,0,0
0.0994,0,0
0.0998,0,0
0.1002,0,0
0.1006,0,0
0.101,0,0
0.1014,0,0
0.1018,0,0
0.1022,0,0
0.1026,0,0
0.103,0,0
0.1034,0,0
0.1038,0,0
0.1042,0,0
0.1046,0,0
0.105,0,0
0.1054,0,0
0.1058,0,0
0.1062,0,0
0.1066,0,0
0.107,0,0
0.1074,0,0
0.1078,0,0
0.1082,0,0
0.1086,0,0
0.109,0,0
0.1094,0,0
0.1098,0,0
0.1102,0,0
0.1106,0,0
0.111,0.0177882,0.0178306
0.1114,0,0
0.1118,0,0
0.1122,0,0
0.1126,0.0182716,0.0183163
0.113,0,0
0.1134,0,0
0.1138,0,0
0.1142,0,0
0.1146,0,0
0.115,0,0
0.1154,0,0
0.1158,0.0201171,0.0201711
0.1162,0,0
0.1166,0,0
0.117,0.0220575,0.0221223
0.1174,0,0
0.1178,0,0
0.1182,0,0
0.1186,0,0
0.119,0,0
0.1194,0,0
0.1198,0,0
2
-0.1198,0,0
-0.1194,0,0
-0.119,0,0
-0.1186,0,0
-0.1182,0,0
-0.1178,0,0
-0.1174,0,0
-0.117,0,0
-0.1166,0,0
-0.1162,0.00555323,0.00556311
-0.1158,0.00643652,0.00644977
-0.1154,0,0
-0.115,0,0
-0.1146,0,0
-0.1142,0.00642271,0.00643591
-0.1138,0,0
-0.1134,0,0
-0.113,0.00623732,0.00624976
-0.1126,0,0
-0.1122,0,0
-0.1118,0,0
-0.1114,0.00594511,0.00595641
-0.111,0.00644072,0.00645398
-0.1106,0,0
-0.1102,0,0
-0.1098,0,0
-0.1094,0,0
-0.109,0,0
-0.1086,0,0
-0.1082,0,0
-0.1078,0,0
-0.1074,0,0
-0.107,0,0
-0.1066,0,0
-0.1062,0.00560989,0.00561994
-0.1058,0,0
-0.1054,0,0
-0.105,0,0
-0.1046,0.00600512,0.00601663
-0.1042,0,0
-0.1038,0,0
-0.1034,0,0
-0.103,0,0
-0.1026,0,0
-0.1022,9.40698e-05,0.000735613
-0.1018,0.00580257,0.00581331
-0.1014,0,0
-0.101,0.00607277,0.00608453
-0.1006,0,0
-0.1002,0,0
-0.0998,0,0
-0.0994,0.00540414,0.00541345
-0.099,0,0
-0.0986,0,0
-0.0982,0,0
-0.0978,0,0
-0.0974,0.00581423,0.005825
-0.097,0,0
-0.0966,0,0
-0.0962,0,0
-0.0958,0,0
-0.0954,0,0
-0.095,0,0
-0.0946,0,0
-0.0942,0.00601676,0.00602829
-0.0938,0.00587901,0.00589001
-0.0934,0,0
-0.093,0,0
-0.0926,0,0
-0.0922,0,0
-0.0918,0,0
-0.0914,0,0
-0.091,0,0
-0.0906,0,0
-0.0902,0,0
-0.0898,0,0
-0.0894,0,0
-0.089,0,0
-0.0886,0,0
-0.0882,0,0
-0.0878,0,0
-0.0874,0,0
-0.087,0,0
-0.0866,0,0
-0.0862,0,0
-0.0858,0,0
-0.0854,0,0
-0.085,0,0
-0.0846,0.00589333,0.00590436
-0.0842,0,0
-0.0838,0,0
-0.0834,0,0
-0.083,0,0
-0.0826,0.00552752,0.00553723
-0.0822,0,0
-0.0818,0.0047838,0.00537277
-0.0814,0,0
-0.081,0,0
-0.0806,0,0
-0.0802,0,0
-0.0798,0,0
-0.0794,0.00604685,0.00605846
-0.079,0,0
-0.0786,0,0
-0.0782,0.00604204,0.00605362
-0.0778,0.00604255,0.00605413
-0.0774,0.0118901,0.00842545
-0.077,0,0
-0.0766,0.00618335,0.00619548
-0.0762,0,0
-0.0758,0.00588264,0.00589361
-0.0754,0.00573611,0.00574654
-0.075,0.0116765,0.00827181
-0.0746,0,0
-0.0742,0,0
-0.0738,0.00589703,0.00598472
-0.0734,0,0
-0.073,0,0
-0.0726,0,0
-0.0722,0,0
-0.0718,0,0
-0.0714,0.00579629,0.00580693
-0.071,0,0
-0.0706,0,0
-0.0702,0,0
-0.0698,0,0
-0.0694,0.00627263,0.00628509
-0.069,0.0055903,0.0056002
-0.0686,0.00611603,0.00612787
-0.0682,0.012233,0.00866677
-0.0678,0,0
-0.0674,0,0
-0.067,0,0
-0.0666,0,0
-0.0662,0,0
-0.0658,0,0
-0.0654,0,0
-0.065,0.00567669,0.00568688
-0.0646,0,0
-0.0642,0,0
-0.0638,0,0
-0.0634,0,0
-0.063,0,0
-0.0626,0,0
-0.0622,0,0
-0.0618,0.00582085,0.00583156
-0.0614,0,0
-0.061,0.00542613,0.00543543
-0.0606,0,0
-0.0602,0,0
-0.0598,0,0
-0.0594,0,0
-0.059,0,0
-0.0586,0,0
-0.0582,0,0
-0.0578,0,0
-0.0574,0,0
-0.057,0,0
-0.0566,0,0
-0.0562,0.00470531,0.00525798
-0.0558,0,0
-0.0554,0,0
-0.055,0,0
-0.0546,0,0
-0.0542,0,0
-0.0538,0.00493677,0.00543644
-0.0534,0,0
-0.053,0.00591217,0.00592319
-0.0526,0,0
-0.0522,0,0
-0.0518,0,0
-0.0514,0.00664463,0.00665856
-0.051,0,0
-0.0506,0.00573515,0.00586816
-0.0502,0,0
-0.0498,0,0
-0.0494,0,0
-0.049,0.00583129,0.00584201
-0.0486,0.0116941,0.00828426
-0.0482,0,0
-0.0478,0,0
-0.0474,0,0
-0.047,0,0
-0.0466,0,0
-0.0462,0,0
-0.0458,0,0
-0.0454,0,0
-0.045,0.00558877,0.00559861
-0.0446,0,0
-0.0442,0.00572308,0.0057334
-0.0438,0,0
-0.0434,0,0
-0.043,0,0
-0.0426,0,0
-0.0422,0.00620623,0.00621835
-0.0418,0,0
-0.0414,0,0
-0.041,0.00559958,0.00560945
-0.0406,0,0
-0.0402,0,0
-0.0398,0,0
-0.0394,0,0
-0.039,0.0181237,0.010485
-0.0386,0,0
-0.0382,0,0
-0.0378,0.0115061,0.00815074
-0.0374,0,0
-0.037,0.00138807,0.00289468
-0.0366,0,0
-0.0362,0,0
-0.0358,0.005744,0.00575437
-0.0354,0,0
-0.035,0,0
-0.0346,0,0
-0.0342,0.00629185,0.00630428
-0.0338,0.00134984,0.00288034
-0.0334,0,0
-0.033,0.00549032,0.00549979
-0.0326,0,0
-0.0322,0,0
-0.0318,0,0
-0.0314,0,0
-0.031,0,0
-0.0306,0,0
-0.0302,0.00543375,0.00566309
-0.0298,0.00503177,0.00546748
-0.0294,0,0
-0.029,0,0
-0.0286,0,0
-0.0282,0.00574596,0.00575632
-0.0278,0,0
-0.0274,0.00506642,0.00545649
-0.027,0.0116201,0.00823166
-0.0266,0,0
-0.0262,0.010251,0.00821109
-0.0258,0.0146336,0.0095307
-0.0254,0,0
-0.025,0.00565275,0.00566277
-0.0246,0,0
-0.0242,0.00620358,0.00621564
-0.0238,0.00558015,0.00558991
-0.0234,0.00594691,0.00588992
-0.023,0.0124622,0.0088293
-0.0226,0,0
-0.0222,0.00592401,0.00593501
-0.0218,0.0059246,0.00593559
-0.0214,0.0125724,0.00890756
-0.021,0.0125717,0.00890708
-0.0206,0.0116786,0.00827376
-0.0202,0.017779,0.0102838
-0.0198,0.00629265,0.00630504
-0.0194,0.0174374,0.0100859
-0.019,0.00618899,0.00620098
-0.0186,0.00584554,0.00585623
-0.0182,0.00584599,0.00585669
-0.0178,0.0113207,0.00801917
-0.0174,0,0
-0.017,0.00581263,0.00582321
-0.0166,0.0147261,0.00929376
-0.0162,0,0
-0.0158,0.00582167,0.00583228
-0.0154,0,0
-0.015,0,0
-0.0146,0,0
-0.0142,0,0
-0.0138,0.00550132,0.00551078
-0.0134,0.0184761,0.0101144
-0.013,0,0
-0.0126,0,0
-0.0122,0.00593132,0.00594231
-0.0118,0.0113176,0.00801692
-0.0114,0.0169289,0.00979191
-0.011,0,0
-0.0106,0,0
-0.0102,0,0
-0.0098,0.0118477,0.00839314
-0.0094,0.0180878,0.0104631
-0.009,0.00634953,0.00623703
-0.0086,0.00394689,0.00485968
-0.0082,0.0120589,0.00854337
-0.0078,0.018256,0.0105602
-0.0074,0.012665,0.0089732
-0.007,0.0186074,0.010768
-0.0066,0.0169126,0.00978982
-0.0062,0,0
-0.0058,0.0200748,0.0106546
-0.0054,0.00813891,0.00662584
-0.005,0.0220146,0.0110273
-0.0046,0.0412654,0.0155186
-0.0042,0.029964,0.0133109
-0.0038,0.0185898,0.0107575
-0.0034,0.082273,0.0239014
-0.003,0.114222,0.0269182
-0.0026,0.126394,0.027484
-0.0022,0.194813,0.0344513
-0.0018,0.39756,0.0482228
-0.0014,0.523766,0.0550059
-0.001,0.722483,0.0629039
-0.0006,1.16655,0.0812171
-0.0002,1.61212,0.0976515
0.0002,1.35982,0.0870016
0.0006,1.33888,0.0882286
0.001,0.836175,0.0700614
0.0014,0.524268,0.055607
0.0018,0.349106,0.0466195
0.0022,0.113023,0.0270015
0.0026,0.0813596,0.0231515
0.003,0.0459476,0.0171855
0.0034,0.0343279,0.0151874
0.0038,0.0309269,0.0135101
0.0042,0.0290105,0.0129979
0.0046,0.00602651,0.00603782
0.005,0.0115327,0.00817792
0.0054,0.0546578,0.0179452
0.0058,0.0159305,0.00922241
0.0062,0.015562,0.00900005
0.0066,0,0
0.007,0.0158335,0.0100805
0.0074,0.0135929,0.00947255
0.0078,0.0196784,0.0113901
0.0082,0.0149338,0.0101347
0.0086,0.00605614,0.00579393
0.009,0.0183446,0.0106115
0.0094,0.0102184,0.00768034
0.0098,0.00622414,0.00623619
0.0102,0.0168004,0.00972502
0.0106,0.00576448,0.00577482
0.011,0.0055395,0.00554905
0.0114,0.0228895,0.0118113
0.0118,0.00486228,0.0055286
0.0122,0,0
0.0126,0.00595399,0.00596502
0.013,0,0
0.0134,0,0
0.0138,0.00724,0.00639915
0.0142,0.0104772,0.00779937
0.0146,0.00561084,0.00562063
0.015,0,0
0.0154,0.00591662,0.0059275
0.0158,0.00922131,0.00763675
0.0162,0.0063477,0.00636022
0.0166,0,0
0.017,0.00290085,0.00423224
0.0174,0.00595018,0.00596118
0.0178,0.0030428,0.00437439
0.0182,0.0119008,0.00868007
0.0186,0,0
0.019,0,0
0.0194,0.00599354,0.00600469
0.0198,0,0
0.0202,0,0
0.0206,0.0153901,0.00944336
0.021,0,0
0.0214,0,0
0.0218,0.00774867,0.00680334
0.0222,0,0
0.0226,0,0
0.023,0,0
0.0234,0,0
0.0238,0.0130376,0.00923763
0.0242,0.00588969,0.00590045
0.0246,0.0117601,0.00833082
0.025,0,0
0.0254,0,0
0.0258,0.00623628,0.00624834
0.0262,0.00832979,0.00710099
0.0266,0,0
0.027,0,0
0.0274,0.00567718,0.00568717
0.0278,0.00585367,0.00586429
0.0282,0,0
0.0286,0.00565681,0.00566673
0.029,0.00579062,0.00580101
0.0294,0,0
0.0298,0.00573492,0.00574511
0.0302,0,0
0.0306,0.00511002,0.00513695
0.031,0,0
0.0314,0,0
0.0318,0,0
0.0322,0,0
0.0326,0,0
0.033,0,0
0.0334,0,0
0.0338,0,0
0.0342,0,0
0.0346,0,0
0.035,0,0
0.0354,0,0
0.0358,0.00689549,0.00691019
0.0362,0,0
0.0366,0,0
0.037,0,0
0.0374,0,0
0.0378,0,0
0.0382,0.00587872,0.00588941
0.0386,0,0
0.039,0.00582005,0.00583052
0.0394,0,0
0.0398,0.00572772,0.00573786
0.0402,0,0
0.0406,0.00530358,0.00531228
0.041,0.00517207,0.00518034
0.0414,0,0
0.0418,0,0
0.0422,0.00635734,0.00636983
0.0426,0,0
0.043,0.00201761,0.00339262
0.0434,0.00580271,0.00581311
0.0438,0.0058131,0.00582353
0.0442,0,0
0.0446,0,0
0.045,0,0
0.0454,0,0
0.0458,0.00370426,0.00447967
0.0462,0,0
0.0466,0,0
0.047,0,0
0.0474,0,0
0.0478,0,0
0.0482,0.00566567,0.00567557
0.0486,0,0
0.049,0,0
0.0494,0,0
0.0498,0.0126835,0.00899044
0.0502,0,0
0.0506,0,0
0.051,0,0
0.0514,0.00584786,0.0058584
0.0518,0,0
0.0522,0.00566586,0.00567575
0.0526,0,0
0.053,0.00569314,0.00570313
0.0534,0,0
0.0538,0,0
0.0542,0.00592064,0.00593144
0.0546,0,0
0.055,0,0
0.0554,0,0
0.0558,0.00587405,0.00588468
0.0562,0.00579546,0.0058058
0.0566,0,0
0.057,0,0
0.0574,0,0
0.0578,0.00571645,0.00572651
0.0582,0,0
0.0586,0,0
0.059,0.00611165,0.00612314
0.0594,0,0
0.0598,0.00618348,0.00619524
0.0602,0,0
0.0606,0,0
0.061,0.0034501,0.00433282
0.0614,0,0
0.0618,0,0
0.0622,0,0
0.0626,0,0
0.063,0,0
0.0634,0,0
0.0638,0,0
0.0642,0.00590611,0.00591683
0.0646,0.00562813,0.00563787
0.065,0.0109953,0.00778798
0.0654,0,0
0.0658,0,0
0.0662,0,0
0.0666,0.0054924,0.00550167
0.067,0.00576249,0.00577269
0.0674,0,0
0.0678,0,0
0.0682,0,0
0.0686,0,0
0.069,0.00581321,0.00582359
0.0694,0.00581394,0.00582431
0.0698,0,0
0.0702,0,0
0.0706,0,0
0.071,0,0
0.0714,0,0
0.0718,0,0
0.0722,0,0
0.0726,0.00609115,0.00610253
0.073,0,0
0.0734,0,0
0.0738,0,0
0.0742,0,0
0.0746,0,0
0.075,0,0
0.0754,0,0
0.0758,0,0
0.0762,0,0
0.0766,0.00598987,0.00600086
0.077,0,0
0.0774,0.00587531,0.00588589
0.0778,0,0
0.0782,0,0
0.0786,0,0
0.079,0,0
0.0794,0,0
0.0798,0.00593267,0.00594345
0.0802,0,0
0.0806,0,0
0.081,0,0
0.0814,0.00544299,0.00545206
0.0818,0,0
0.0822,0,0
0.0826,0,0
0.083,0.0123088,0.00872002
0.0834,0.00585967,0.00587018
0.0838,0.0109459,0.00775561
0.0842,0,0
0.0846,0,0
0.085,0,0
0.0854,0,0
0.0858,0,0
0.0862,0,0
0.0866,0.00644326,0.00645595
0.087,0,0
0.0874,0,0
0.0878,0,0
0.0882,0,0
0.0886,0,0
0.089,0,0
0.0894,0,0
0.0898,0.0063865,0.00639896
0.0902,0,0
0.0906,0,0
0.091,0,0
0.0914,0,0
0.0918,0,0
0.0922,0.00615377,0.00616533
0.0926,0,0
0.093,0,0
0.0934,0.00595899,0.00596983
0.0938,0.00269,0.00401117
0.0942,0.00600649,0.0060175
0.0946,0.00614797,0.0061595
0.095,0,0
0.0954,0.00600426,0.00601525
0.0958,0,0
0.0962,0,0
0.0966,0,0
0.097,0,0
0.0974,0,0
0.0978,0,0
0.0982,0,0
0.0986,0,0
0.099,0,0
0.0994,0.00564535,0.00565506
0.0998,0,0
0.1002,0.00643167,0.00644427
0.1006,0.000815982,0.00233133
0.101,0.00684349,0.00685775
0.1014,0,0
0.1018,0,0
0.1022,0,0
0.1026,0,0
0.103,0,0
0.1034,0,0
0.1038,0,0
0.1042,0,0
0.1046,0.000982794,0.00264116
0.105,0,0
0.1054,0,0
0.1058,0,0
0.1062,0,0
0.1066,0,0
0.107,0,0
0.1074,0,0
0.1078,0,0
0.1082,0,0
0.1086,0,0
0.109,0.00891715,0.0089413
0.1094,0,0
0.1098,0.00912841,0.00915371
0.1102,0,0
0.1106,0,0
0.111,0,0
0.1114,0,0
0.1118,0,0
0.1122,0,0
0.1126,0,0
0.113,0,0
0.1134,0,0
0.1138,0.0177727,0.0126011
0.1142,0.0139197,0.0109951
0.1146,0,0
0.115,0.00934257,0.00936903
0.1154,0,0
0.1158,0,0
0.1162,0,0
0.1166,0,0
0.117,0,0
0.1174,0,0
0.1178,0,0
0.1182,0,0
0.1186,0,0
0.119,0,0
0.1194,0,0
0.1198,0,0
3
-0.1198,0,0
-0.1194,0,0
-0.119,0.00576173,0.00577193
-0.1186,0,0
-0.1182,0.0127103,0.00900514
-0.1178,0,0
-0.1174,0,0
-0.117,0,0
-0.1166,0,0
-0.1162,0.00438719,0.00558951
-0.1158,0.00692417,0.00693888
-0.1154,0,0
-0.115,0.00670662,0.00672042
-0.1146,0,0
-0.1142,0,0
-0.1138,0.00635039,0.00636276
-0.1134,0.00627042,0.00628247
-0.113,0,0
-0.1126,0,0
-0.1122,0,0
-0.1118,0,0
-0.1114,0,0
-0.111,0,0
-0.1106,0,0
-0.1102,0,0
-0.1098,0,0
-0.1094,0,0
-0.109,0,0
-0.1086,0.00591278,0.00592349
-0.1082,0,0
-0.1078,0,0
-0.1074,0,0
-0.107,0,0
-0.1066,0,0
-0.1062,0,0
-0.1058,0,0
-0.1054,0,0
-0.105,0,0
-0.1046,0.00602728,0.00603838
-0.1042,0,0
-0.1038,0,0
-0.1034,0,0
-0.103,0,0
-0.1026,0,0
-0.1022,0.00588958,0.00594938
-0.1018,0.00606241,0.00607363
-0.1014,0,0
-0.101,0,0
-0.1006,0,0
-0.1002,0,0
-0.0998,0,0
-0.0994,0.00651632,0.00652928
-0.099,0.00564908,0.00565882
-0.0986,0.00604373,0.00605487
-0.0982,0,0
-0.0978,0.00607845,0.00608971
-0.0974,0,0
-0.097,0,0
-0.0966,0,0
-0.0962,0,0
-0.0958,0,0
-0.0954,0.00515918,0.00559579
-0.095,0,0
-0.0946,0,0
-0.0942,0,0
-0.0938,0,0
-0.0934,0.00602269,0.00603372
-0.093,0,0
-0.0926,0,0
-0.0922,0,0
-0.0918,0,0
-0.0914,0,0
-0.091,0.00667194,0.00668547
-0.0906,0.0115575,0.00818679
-0.0902,0,0
-0.0898,0,0
-0.0894,0,0
-0.089,0.00611371,0.00612506
-0.0886,0,0
-0.0882,0,0
-0.0878,0,0
-0.0874,0.00637793,0.00639027
-0.087,0.00546804,0.00572451
-0.0866,0.00156535,0.00303098
-0.0862,0,0
-0.0858,0,0
-0.0854,0,0
-0.085,0,0
-0.0846,0,0
-0.0842,0.00590248,0.00591304
-0.0838,0,0
-0.0834,0,0
-0.083,0,0
-0.0826,0,0
-0.0822,0.00630549,0.00631752
-0.0818,0,0
-0.0814,0.00638094,0.00639326
-0.081,0,0
-0.0806,0.00613299,0.00614437
-0.0802,0,0
-0.0798,0.0125494,0.00889091
-0.0794,0,0
-0.079,0,0
-0.0786,0,0
-0.0782,0,0
-0.0778,0.0125406,0.00888499
-0.0774,0.00495322,0.00551128
-0.077,0,0
-0.0766,0,0
-0.0762,0,0
-0.0758,0,0
-0.0754,0,0
-0.075,0,0
-0.0746,0,0
-0.0742,0,0
-0.0738,0.000161323,0.00101495
-0.0734,0.00591753,0.00592809
-0.073,0,0
-0.0726,0,0
-0.0722,0,0
-0.0718,0.00583031,0.00584055
-0.0714,0,0
-0.071,0.00424233,0.00535112
-0.0706,0.00636466,0.00637685
-0.0702,0,0
-0.0698,0,0
-0.0694,0,0
-0.069,0,0
-0.0686,0.00626376,0.00627556
-0.0682,0,0
-0.0678,0.00676292,0.00677667
-0.0674,0,0
-0.067,0,0
-0.0666,0,0
-0.0662,0,0
-0.0658,0,0
-0.0654,0,0
-0.065,0,0
-0.0646,0,0
-0.0642,0.00500827,0.00565966
-0.0638,0.00608743,0.00609855
-0.0634,0,0
-0.063,0,0
-0.0626,0,0
-0.0622,0,0
-0.0618,0,0
-0.0614,0,0
-0.061,0.000279676,0.00126743
-0.0606,0.00619218,0.00620367
-0.0602,0.00636859,0.00638074
-0.0598,0,0
-0.0594,0.00604267,0.0060536
-0.059,0,0
-0.0586,0,0
-0.0582,0,0
-0.0578,0.00586331,0.0058736
-0.0574,0,0
-0.057,0,0
-0.0566,0.0064787,0.00649125
-0.0562,0.00121315,0.00274381
-0.0558,0,0
-0.0554,0.00657538,0.0065883
-0.055,0.0065293,0.00654204
-0.0546,0,0
-0.0542,0,0
-0.0538,0.00108584,0.00262107
-0.0534,0,0
-0.053,0.0125133,0.00886478
-0.0526,0.0121111,0.00857931
-0.0522,0,0
-0.0518,0.00299148,0.00447941
-0.0514,0.00824386,0.00762715
-0.051,0,0
-0.0506,0,0
-0.0502,0.0124041,0.00878726
-0.0498,0,0
-0.0494,0.0059186,0.00592904
-0.049,0,0
-0.0486,0.0123597,0.00875576
-0.0482,0,0
-0.0478,0,0
-0.0474,0,0
-0.047,0,0
-0.0466,0,0
-0.0462,0,0
-0.0458,0.0119274,0.00844896
-0.0454,0,0
-0.045,0.0118404,0.00838719
-0.0446,0.0060624,0.00607333
-0.0442,0.00606369,0.00607462
-0.0438,0.011781,0.008345
-0.0434,0.0062079,0.00621935
-0.043,0.00605417,0.00606506
-0.0426,0.00635079,0.00636277
-0.0422,0,0
-0.0418,0.00627596,0.00628765
-0.0414,0.00593609,0.00594656
-0.041,0,0
-0.0406,0.00586793,0.00587815
-0.0402,0,0
-0.0398,0,0
-0.0394,0.00425157,0.00516988
-0.039,0,0
-0.0386,0,0
-0.0382,0,0
-0.0378,0,0
-0.0374,0.00629491,0.00630666
-0.037,0.00490864,0.00560745
-0.0366,0,0
-0.0362,0,0
-0.0358,0,0
-0.0354,0,0
-0.035,0,0
-0.0346,0.00634814,0.00636006
-0.0342,0,0
-0.0338,0.0172893,0.0105815
-0.0334,0.0023121,0.00384759
-0.033,0,0
-0.0326,0.00680775,0.00682145
-0.0322,0,0
-0.0318,0,0
-0.0314,8.86345e-05,0.000757276
-0.031,0.00564546,0.00565488
-0.0306,0,0
-0.0302,0.0121097,0.0087298
-0.0298,0,0
-0.0294,0,0
-0.029,0,0
-0.0286,0.000799961,0.00224069
-0.0282,0.0061086,0.00611961
-0.0278,0.00613009,0.00614118
-0.0274,0.00622571,0.00623714
-0.027,0,0
-0.0266,0.00627383,0.00628544
-0.0262,0.00278378,0.00424999
-0.0258,0.00646477,0.00647709
-0.0254,0,0
-0.025,0.00814909,0.00701294
-0.0246,0.00660028,0.00661312
-0.0242,0,0
-0.0238,0.00630982,0.00632154
-0.0234,0.00593958,0.00594997
-0.023,0.00852295,0.00745805
-0.0226,0,0
-0.0222,0.00305848,0.00447919
-0.0218,0,0
-0.0214,0,0
-0.021,0.0129886,0.0092063
-0.0206,0.0188865,0.0109244
-0.0202,0.0063122,0.00632392
-0.0198,0,0
-0.0194,0.0061925,0.00620378
-0.019,0,0
-0.0186,0,0
-0.0182,0.00623032,0.00624173
-0.0178,0.00603263,0.00604332
-0.0174,0.00562072,0.00563
-0.017,0.00619605,0.00620732
-0.0166,0.00920154,0.00757731
-0.0162,0.00752668,0.00687096
-0.0158,0.0124143,0.00879428
-0.0154,0.00598901,0.00599953
-0.015,0.00201013,0.00362116
-0.0146,0,0
-0.0142,0.00586357,0.00587365
-0.0138,0,0
-0.0134,0.0177685,0.0102774
-0.013,0.00619869,0.00620995
-0.0126,0,0
-0.0122,0.00403463,0.00502788
-0.0118,0.00603879,0.00604947
-0.0114,0,0
-0.011,0.0119484,0.00846394
-0.0106,0.00616089,0.00617201
-0.0102,0,0
-0.0098,0.0215997,0.0117186
-0.0094,0.00636008,0.00637192
-0.009,0.00582021,0.00628633
-0.0086,0.0131294,0.00930605
-0.0082,0.011499,0.00862599
-0.0078,0.0129977,0.00920826
-0.0074,0.022978,0.0124885
-0.007,0.00636628,0.00637813
-0.0066,0.00363136,0.00461693
-0.0062,0.0120636,0.00854532
-0.0058,0.0175723,0.0103961
-0.0054,0.0126427,0.0089563
-0.005,0.0133707,0.00885828
-0.0046,0.00552268,0.00574151
-0.0042,0.0431688,0.0164926
-0.0038,0.0131217,0.00930006
-0.0034,0.0435244,0.0178283
-0.003,0.0651851,0.0211687
-0.0026,0.104015,0.0257831
-0.0022,0.0854498,0.0234953
-0.0018,0.209364,0.0362264
-0.0014,0.436859,0.0519405
-0.001,0.516733,0.0549009
-0.0006,0.673549,0.0638312
-0.0002,0.911569,0.0758914
0.0002,0.864636,0.0717073
0.0006,0.750038,0.0684083
0.001,0.520035,0.057082
0.0014,0.401219,0.0504697
0.0018,0.266238,0.0422497
0.0022,0.116648,0.0284204
0.0026,0.0479788,0.0181877
0.003,0.019816,0.0119083
0.0034,0.0375793,0.0162965
0.0038,0.0127388,0.00902441
0.0042,0.0201186,0.0111913
0.0046,0.019004,0.0109932
0.005,0.00589585,0.00590596
0.0054,0.0128679,0.00911603
0.0058,0.00323151,0.00443128
0.0062,0.0127418,0.00844068
0.0066,0.0186214,0.0107705
0.007,0.00358167,0.00496231
0.0074,0.00656762,0.00681544
0.0078,0,0
0.0082,0.00733841,0.00735405
0.0086,0.011775,0.00834044
0.009,0,0
0.0094,0.00456283,0.00531336
0.0098,0.0133439,0.00945387
0.0102,0.0061794,0.00619048
0.0106,0,0
0.011,0,0
0.0114,0.00149881,0.00312981
0.0118,0.00809371,0.00738687
0.0122,0.00648892,0.00650114
0.0126,0,0
0.013,0.00638732,0.00639914
0.0134,0,0
0.0138,0.00604665,0.00605724
0.0142,0.00735596,0.00675837
0.0146,0,0
0.015,0,0
0.0154,0,0
0.0158,0.00676122,0.00677446
0.0162,0,0
0.0166,0.0198067,0.0114573
0.017,0.0132064,0.00935622
0.0174,0.00651337,0.00652565
0.0178,0,0
0.0182,0.0143061,0.00986138
0.0186,0,0
0.019,0,0
0.0194,0.00582564,0.00583545
0.0198,0,0
0.0202,0.0126144,0.00893601
0.0206,0.0144528,0.00947784
0.021,0.00584315,0.00585302
0.0214,0.0250454,0.0125735
0.0218,0.00446261,0.00535137
0.0222,0.0121652,0.00861724
0.0226,0,0
0.023,0,0
0.0234,0,0
0.0238,0,0
0.0242,0,0
0.0246,0.00632004,0.00633156
0.025,0,0
0.0254,0.00652705,0.00653934
0.0258,0,0
0.0262,0.00357396,0.00457009
0.0266,0,0
0.027,0,0
0.0274,0.00143676,0.00296677
0.0278,0.0062949,0.00630632
0.0282,0,0
0.0286,0,0
0.029,0.00622857,0.00623975
0.0294,0,0
0.0298,0,0
0.0302,0,0
0.0306,0,0
0.031,0.00594675,0.00595693
0.0314,0,0
0.0318,0,0
0.0322,0,0
0.0326,0.00728579,0.00730106
0.033,0,0
0.0334,0,0
0.0338,0,0
0.0342,0,0
0.0346,0,0
0.035,0,0
0.0354,0.00668826,0.00670111
0.0358,0,0
0.0362,0.00252787,0.00406073
0.0366,0,0
0.037,0,0
0.0374,0.00113245,0.0027132
0.0378,0,0
0.0382,0.00633234,0.00634385
0.0386,0.00585947,0.00586933
0.039,0.0085872,0.00704078
0.0394,0,0
0.0398,0,0
0.0402,0,0
0.0406,0.00571489,0.00572426
0.041,0.00557357,0.00558248
0.0414,0,0
0.0418,0,0
0.0422,0,0
0.0426,0,0
0.043,0.0105235,0.0082246
0.0434,0,0
0.0438,0,0
0.0442,0,0
0.0446,0,0
0.045,0.0058969,0.00599914
0.0454,0.00582133,0.00583104
0.0458,0,0
0.0462,0,0
0.0466,0,0
0.047,0,0
0.0474,0.00208855,0.00359379
0.0478,0,0
0.0482,0,0
0.0486,0.00606744,0.00607797
0.049,0.00102014,0.00267866
0.0494,0,0
0.0498,0,0
0.0502,0.0117477,0.00832087
0.0506,0,0
0.051,0,0
0.0514,0,0
0.0518,0.000441567,0.00164583
0.0522,0,0
0.0526,0,0
0.053,0,0
0.0534,0,0
0.0538,0,0
0.0542,0,0
0.0546,0,0
0.055,0.0199284,0.0115275
0.0554,0,0
0.0558,0,0
0.0562,0,0
0.0566,0,0
0.057,0,0
0.0574,0,0
0.0578,0,0
0.0582,0,0
0.0586,0,0
0.059,0.00635351,0.00636502
0.0594,0.00112,0.00273955
0.0598,0,0
0.0602,0,0
0.0606,0,0
0.061,0.00213068,0.00353825
0.0614,0,0
0.0618,0,0
0.0622,0.00649195,0.00650395
0.0626,0,0
0.063,0,0
0.0634,0,0
0.0638,0.00630924,0.00632057
0.0642,0.0059184,0.00592837
0.0646,0,0
0.065,0.00593798,0.00594801
0.0654,0,0
0.0658,0,0
0.0662,0.00586429,0.00587407
0.0666,0.00983367,0.00820974
0.067,0.00622484,0.00623586
0.0674,0,0
0.0678,0,0
0.0682,0,0
0.0686,0,0
0.069,0,0
0.0694,0,0
0.0698,0,0
0.0702,0.00638673,0.00639831
0.0706,0,0
0.071,0.00662103,0.00663348
0.0714,0,0
0.0718,0,0
0.0722,0,0
0.0726,0,0
0.073,0,0
0.0734,0,0
0.0738,0,0
0.0742,0,0
0.0746,0,0
0.075,0,0
0.0754,0.0065088,0.00652082
0.0758,0.00643777,0.00644952
0.0762,0,0
0.0766,0,0
0.077,0,0
0.0774,0,0
0.0778,0,0
0.0782,0.00597148,0.00598159
0.0786,0,0
0.079,0,0
0.0794,0.00644487,0.00645663
0.0798,0,0
0.0802,0,0
0.0806,0.000107528,0.000863318
0.081,0,0
0.0814,0,0
0.0818,0,0
0.0822,0,0
0.0826,0,0
0.083,0.00633534,0.0063467
0.0834,0,0
0.0838,0,0
0.0842,0,0
0.0846,0,0
0.085,0,0
0.0854,0,0
0.0858,0.00621807,0.00622901
0.0862,0,0
0.0866,0,0
0.087,0.00696889,0.00698261
0.0874,0.0132585,0.00939279
0.0878,0,0
0.0882,0,0
0.0886,0,0
0.089,0,0
0.0894,0,0
0.0898,0,0
0.0902,0.0124697,0.00883293
0.0906,0,0
0.091,0,0
0.0914,0.0061746,0.00618537
0.0918,0.00682005,0.00683318
0.0922,0,0
0.0926,0,0
0.093,0,0
0.0934,0,0
0.0938,0,0
0.0942,0,0
0.0946,0,0
0.095,0.00639236,0.00640389
0.0954,0,0
0.0958,0,0
0.0962,0,0
0.0966,0.00695651,0.00697015
0.097,0,0
0.0974,0,0
0.0978,0,0
0.0982,0.00196049,0.00362228
0.0986,0.000764644,0.00227272
0.099,0.00673007,0.00674283
0.0994,0,0
0.0998,0,0
0.1002,0,0
0.1006,0.0134665,0.0098492
0.101,0.0148019,0.0104884
0.1014,0,0
0.1018,0,0
0.1022,0,0
0.1026,0.00756796,0.00758408
0.103,0,0
0.1034,0,0
0.1038,0,0
0.1042,0,0
0.1046,0.00657899,0.00710567
0.105,0,0
0.1054,0,0
0.1058,0,0
0.1062,0,0
0.1066,0,0
0.107,0,0
0.1074,0,0
0.1078,0,0
0.1082,0,0
0.1086,0,0
0.109,0,0
0.1094,0,0
0.1098,0,0
0.1102,0,0
0.1106,0,0
0.111,0,0
0.1114,0,0
0.1118,0,0
0.1122,0,0
0.1126,0,0
0.113,0,0
0.1134,0,0
0.1138,0,0
0.1142,0.00362971,0.00583598
0.1146,0,0
0.115,0,0
0.1154,0,0
0.1158,0.0100284,0.0100567
0.1162,0,0
0.1166,0.00993526,0.00996296
0.117,0,0
0.1174,0,0
0.1178,0,0
0.1182,0,0
0.1186,0,0
0.119,0,0
0.1194,0,0
0.1198,0,0
4
-0.1198,0.00750314,0.00667406
-0.1194,0,0
-0.119,0,0
-0.1186,0.0100722,0.00772665
-0.1182,0,0
-0.1178,0,0
-0.1174,0,0
-0.117,0,0
-0.1166,0,0
-0.1162,0.0027121,0.00440192
-0.1158,0,0
-0.1154,0.0069489,0.00696367
-0.115,0,0
-0.1146,0,0
-0.1142,0,0
-0.1138,0,0
-0.1134,0,0
-0.113,0,0
-0.1126,0,0
-0.1122,0,0
-0.1118,0,0
-0.1114,0,0
-0.111,0,0
-0.1106,0,0
-0.1102,0,0
-0.1098,0,0
-0.1094,0,0
-0.109,0,0
-0.1086,0,0
-0.1082,0,0
-0.1078,0,0
-0.1074,0,0
-0.107,0,0
-0.1066,0,0
-0.1062,0,0
-0.1058,0.00658577,0.00659897
-0.1054,0.0061075,0.00611885
-0.105,0,0
-0.1046,0.00630288,0.00631496
-0.1042,0.0127857,0.00907567
-0.1038,0,0
-0.1034,0,0
-0.103,0,0
-0.1026,0.00631384,0.00632596
-0.1022,0,0
-0.1018,0,0
-0.1014,0,0
-0.101,0,0
-0.1006,0,0
-0.1002,0.0064485,0.00646111
-0.0998,0,0
-0.0994,0,0
-0.099,0,0
-0.0986,0,0
-0.0982,0,0
-0.0978,0.00636988,0.00638218
-0.0974,0,0
-0.097,0,0
-0.0966,0,0
-0.0962,0,0
-0.0958,0,0
-0.0954,0.000893122,0.0023351
-0.095,0.00677196,0.00678584
-0.0946,0,0
-0.0942,0.00618714,0.00619873
-0.0938,0,0
-0.0934,0,0
-0.093,0,0
-0.0926,0.00609362,0.00610484
-0.0922,0,0
-0.0918,0,0
-0.0914,0,0
-0.091,0,0
-0.0906,0,0
-0.0902,0.00606317,0.00607427
-0.0898,0,0
-0.0894,0.0115455,0.00819572
-0.089,0,0
-0.0886,0,0
-0.0882,0,0
-0.0878,0,0
-0.0874,0,0
-0.087,0.000506325,0.00174717
-0.0866,0.0105531,0.00803618
-0.0862,0,0
-0.0858,0,0
-0.0854,0,0
-0.085,0,0
-0.0846,0,0
-0.0842,0.00621579,0.00622743
-0.0838,0,0
-0.0834,0,0
-0.083,0,0
-0.0826,0,0
-0.0822,0,0
-0.0818,0,0
-0.0814,0.0128332,0.009092
-0.081,0.0060114,0.00602228
-0.0806,0,0
-0.0802,0,0
-0.0798,0.00625562,0.00626739
-0.0794,0,0
-0.079,0,0
-0.0786,0,0
-0.0782,0,0
-0.0778,0,0
-0.0774,0.00116223,0.00267632
-0.077,0,0
-0.0766,0,0
-0.0762,0,0
-0.0758,0,0
-0.0754,0,0
-0.075,0,0
-0.0746,0,0
-0.0742,0.0122504,0.00867826
-0.0738,0,0
-0.0734,0,0
-0.073,0,0
-0.0726,0.00130951,0.00285093
-0.0722,0.00635103,0.00636314
-0.0718,0,0
-0.0714,0,0
-0.071,0.00249006,0.00410784
-0.0706,0,0
-0.0702,0,0
-0.0698,0,0
-0.0694,0,0
-0.069,0,0
-0.0686,0,0
-0.0682,0,0
-0.0678,0.0060448,0.00605575
-0.0674,0,0
-0.067,0,0
-0.0666,0.00593512,0.00594567
-0.0662,0,0
-0.0658,0,0
-0.0654,0,0
-0.065,0,0
-0.0646,0.00661309,0.00662617
-0.0642,0.00136708,0.00296122
-0.0638,0,0
-0.0634,0,0
-0.063,0,0
-0.0626,0,0
-0.0622,0,0
-0.0618,0,0
-0.0614,0,0
-0.061,0.0111954,0.00802862
-0.0606,0,0
-0.0602,0,0
-0.0598,0,0
-0.0594,0,0
-0.059,0.00679956,0.00681337
-0.0586,0,0
-0.0582,0,0
-0.0578,0,0
-0.0574,0.00625626,0.00626795
-0.057,0.00622748,0.00623906
-0.0566,0,0
-0.0562,0,0
-0.0558,0,0
-0.0554,0,0
-0.055,0,0
-0.0546,0,0
-0.0542,0,0
-0.0538,0,0
-0.0534,0,0
-0.053,0.0062547,0.00626637
-0.0526,0.00626945,0.00628117
-0.0522,0,0
-0.0518,0.0103755,0.00834446
-0.0514,0.0128426,0.00952162
-0.051,0,0
-0.0506,0,0
-0.0502,0,0
-0.0498,0,0
-0.0494,0,0
-0.049,0,0
-0.0486,0,0
-0.0482,0.00612536,0.00613654
-0.0478,0,0
-0.0474,0.00618501,0.0061964
-0.047,0.00668962,0.00670295
-0.0466,0,0
-0.0462,0,0
-0.0458,0,0
-0.0454,0.0120729,0.00855223
-0.045,0.00591347,0.00592388
-0.0446,0.00580769,0.00581774
-0.0442,0,0
-0.0438,0,0
-0.0434,0,0
-0.043,0,0
-0.0426,0,0
-0.0422,0,0
-0.0418,0,0
-0.0414,0,0
-0.041,0,0
-0.0406,0,0
-0.0402,0,0
-0.0398,0,0
-0.0394,0.00200665,0.00354729
-0.039,0,0
-0.0386,0,0
-0.0382,0,0
-0.0378,0,0
-0.0374,0,0
-0.037,0.00627662,0.00628833
-0.0366,0,0
-0.0362,0.00558633,0.0055956
-0.0358,0,0
-0.0354,0.00637364,0.00638571
-0.035,0,0
-0.0346,0,0
-0.0342,0,0
-0.0338,0.00698435,0.00667395
-0.0334,0.00405033,0.00508227
-0.033,0,0
-0.0326,0.00677922,0.00679287
-0.0322,0,0
-0.0318,0.00680513,0.00681888
-0.0314,0.0063279,0.006384
-0.031,0,0
-0.0306,0,0
-0.0302,0.00621862,0.0062301
-0.0298,0.00625905,0.00627068
-0.0294,0,0
-0.029,0,0
-0.0286,0.0163297,0.0101325
-0.0282,0.00607529,0.00608625
-0.0278,0,0
-0.0274,0,0
-0.027,0,0
-0.0266,0.00623572,0.00624726
-0.0262,0.0128482,0.00910237
-0.0258,0.0130395,0.00923919
-0.0254,0,0
-0.025,0.00385328,0.00480659
-0.0246,0,0
-0.0242,0.00626543,0.00627708
-0.0238,0.005897,0.00590731
-0.0234,0,0
-0.023,0.0108108,0.00834129
-0.0226,0.0196358,0.0113588
-0.0222,0.00344991,0.00473916
-0.0218,0,0
-0.0214,0.00664112,0.00665419
-0.021,0.012488,0.00884674
-0.0206,0.00609229,0.00610329
-0.0202,0.0123521,0.00875107
-0.0198,0.00664641,0.0066595
-0.0194,0.00653617,0.00654884
-0.019,0,0
-0.0186,0.006198,0.00620939
-0.0182,0,0
-0.0178,0.0059765,0.00598709
-0.0174,0,0
-0.017,0.0122781,0.00869773
-0.0166,0.00018481,0.00107128
-0.0162,0.00492294,0.00552927
-0.0158,0.018477,0.0106873
-0.0154,0.00643084,0.00644309
-0.015,0.00444177,0.00535481
-0.0146,0.0121101,0.00859853
-0.0142,0.00646687,0.00647927
-0.0138,0,0
-0.0134,0,0
-0.013,0.0120919,0.00856642
-0.0126,0,0
-0.0122,0.00218257,0.00367648
-0.0118,0.00596772,0.00597827
-0.0114,0,0
-0.011,0,0
-0.0106,0.00608543,0.0060964
-0.0102,0.0179687,0.0103934
-0.0098,0.00992756,0.00788773
-0.0094,0.0125566,0.00889541
-0.009,0.0130668,0.00925969
-0.0086,0.00628121,0.00629291
-0.0082,0.00765357,0.00695338
-0.0078,0,0
-0.0074,0.0106796,0.00845648
-0.007,0.00665961,0.00667276
-0.0066,0.00218686,0.00355711
-0.0062,0.00841378,0.00708441
-0.0058,0.0188685,0.0106851
-0.0054,0.0288601,0.0129389
-0.005,0.0271535,0.0125302
-0.0046,0.0313763,0.0141098
-0.0042,0.0248134,0.0124299
-0.0038,0.0195571,0.0113172
-0.0034,0.0494709,0.0187634
-0.003,0.0335514,0.0150539
-0.0026,0.0927851,0.0241326
-0.0022,0.112055,0.0268488
-0.0018,0.212158,0.0361466
-0.0014,0.356404,0.0465069
-0.001,0.571185,0.0573649
-0.0006,0.681094,0.0636383
-0.0002,0.862976,0.0732783
0.0002,0.718111,0.0647959
0.0006,0.684922,0.0646025
0.001,0.519571,0.0566068
0.0014,0.35268,0.0468333
0.0018,0.188498,0.0352269
0.0022,0.097922,0.0255719
0.0026,0.107381,0.0269608
0.003,0.0313784,0.0146621
0.0034,0.0384223,0.0163214
0.0038,0.0249715,0.012509
0.0042,0.0261979,0.0126336
0.0046,0.0312618,0.0140081
0.005,0.0120966,0.00857777
0.0054,0.00831107,0.00724996
0.0058,0.0146213,0.00932664
0.0062,0.0203119,0.0105589
0.0066,0.00553994,0.00554906
0.007,0.0201019,0.011629
0.0074,0,0
0.0078,0.0134457,0.00952657
0.0082,0.0215285,0.012456
0.0086,0,0
0.009,0.00640566,0.00641785
0.0094,0.00893771,0.00735142
0.0098,0.0130375,0.00923678
0.0102,0,0
0.0106,0.0119838,0.00848891
0.011,0,0
0.0114,0.0190679,0.0110297
0.0118,0.0183175,0.0109784
0.0122,0.0125678,0.00890365
0.0126,0,0
0.013,0,0
0.0134,0.0125481,0.00888942
0.0138,0.00589524,0.00590557
0.0142,0,0
0.0146,0.011933,0.0084541
0.015,0,0
0.0154,0,0
0.0158,0.00658485,0.00659774
0.0162,0,0
0.0166,0.00600541,0.00601614
0.017,0,0
0.0174,0,0
0.0178,0,0
0.0182,0,0
0.0186,0,0
0.019,0,0
0.0194,0.0062572,0.00626885
0.0198,0,0
0.0202,0,0
0.0206,0,0
0.021,0,0
0.0214,0.00648691,0.00649943
0.0218,0.0126949,0.00899577
0.0222,0.00590572,0.00591609
0.0226,0.00623783,0.00624941
0.023,0.0124876,0.00884669
0.0234,0,0
0.0238,0.00623659,0.00624816
0.0242,0,0
0.0246,0.00612888,0.00614006
0.025,0.00623025,0.0062418
0.0254,0,0
0.0258,0.00649737,0.00650993
0.0262,0,0
0.0266,0,0
0.027,0,0
0.0274,0.0152501,0.00941675
0.0278,0,0
0.0282,0,0
0.0286,0,0
0.029,0,0
0.0294,0,0
0.0298,0.018075,0.0104553
0.0302,0,0
0.0306,0,0
0.031,0.00486611,0.00529846
0.0314,0.00591698,0.00592741
0.0318,0,0
0.0322,0.0124555,0.00882971
0.0326,0,0
0.033,0.00610154,0.00611263
0.0334,0,0
0.0338,0,0
0.0342,0.0063281,0.00634003
0.0346,0.0125547,0.00889477
0.035,0.00635191,0.00636392
0.0354,0,0
0.0358,0,0
0.0362,0.00383037,0.00490931
0.0366,0,0
0.037,0.00651865,0.0065313
0.0374,0.00515197,0.00568219
0.0378,0,0
0.0382,0,0
0.0386,0,0
0.039,0.00835656,0.00681722
0.0394,0,0
0.0398,0,0
0.0402,0,0
0.0406,0,0
0.041,0.005958,0.00596858
0.0414,0,0
0.0418,0,0
0.0422,0,0
0.0426,0.012976,0.00919435
0.043,0.00589251,0.00590286
0.0434,0,0
0.0438,0,0
0.0442,0,0
0.0446,0,0
0.045,0.000177786,0.00102106
0.0454,0,0
0.0458,0.0117104,0.00830337
0.0462,0,0
0.0466,0,0
0.047,0.00588055,0.00589086
0.0474,0.00390981,0.00481724
0.0478,0,0
0.0482,0,0
0.0486,0,0
0.049,0.0124598,0.00916816
0.0494,0,0
0.0498,0.00635793,0.00636998
0.0502,0,0
0.0506,0,0
0.051,0,0
0.0514,0,0
0.0518,0.00543303,0.00565042
0.0522,0.0120836,0.00856392
0.0526,0,0
0.053,0,0
0.0534,0,0
0.0538,0,0
0.0542,0,0
0.0546,0,0
0.055,0,0
0.0554,0.0067047,0.00671811
0.0558,0.0132444,0.00944224
0.0562,0.00606467,0.00607565
0.0566,0,0
0.057,0,0
0.0574,0,0
0.0578,0,0
0.0582,0,0
0.0586,0,0
0.059,0,0
0.0594,0.0116116,0.00859474
0.0598,0.00597112,0.00598176
0.0602,0.00576346,0.00577337
0.0606,0.00576328,0.00577319
0.061,0,0
0.0614,0.00559118,0.00560051
0.0618,0,0
0.0622,0,0
0.0626,0.0115647,0.00819159
0.063,0,0
0.0634,0,0
0.0638,0,0
0.0642,0,0
0.0646,0,0
0.065,0.0056618,0.00567137
0.0654,0.00627454,0.00628629
0.0658,0,0
0.0662,0,0
0.0666,0.00364132,0.00487674
0.067,0,0
0.0674,0,0
0.0678,0,0
0.0682,0,0
0.0686,0,0
0.069,0,0
0.0694,0,0
0.0698,0.00620153,0.00621301
0.0702,0,0
0.0706,0,0
0.071,0,0
0.0714,0,0
0.0718,0,0
0.0722,0.00671753,0.00673099
0.0726,0,0
0.073,0.00583001,0.00584016
0.0734,0,0
0.0738,0,0
0.0742,0.00565404,0.00566358
0.0746,0.0122454,0.0087445
0.075,0,0
0.0754,0,0
0.0758,0,0
0.0762,0,0
0.0766,0,0
0.077,0,0
0.0774,0.00603053,0.00604139
0.0778,0,0
0.0782,0,0
0.0786,0,0
0.079,0,0
0.0794,0,0
0.0798,0,0
0.0802,0.00542281,0.00543159
0.0806,0.0118229,0.0084487
0.081,0,0
0.0814,0.00595112,0.00596169
0.0818,0,0
0.0822,0,0
0.0826,0,0
0.083,0.0123142,0.00872611
0.0834,0.00600566,0.00601643
0.0838,0,0
0.0842,0,0
0.0846,0,0
0.085,0,0
0.0854,0,0
0.0858,0,0
0.0862,0,0
0.0866,0,0
0.087,0.00659977,0.00661277
0.0874,0.00630377,0.00631563
0.0878,0,0
0.0882,0,0
0.0886,0,0
0.089,0,0
0.0894,0,0
0.0898,0.00653698,0.00654973
0.0902,0,0
0.0906,0,0
0.091,0.00538863,0.0053973
0.0914,0,0
0.0918,0,0
0.0922,0,0
0.0926,0.00592506,0.00593554
0.093,0.00648537,0.00649792
0.0934,0,0
0.0938,0.00609504,0.00610613
0.0942,0,0
0.0946,0,0
0.095,0,0
0.0954,0,0
0.0958,0,0
0.0962,0,0
0.0966,0,0
0.097,0,0
0.0974,0,0
0.0978,0,0
0.0982,0.00444769,0.00530344
0.0986,0.00563582,0.00599751
0.099,0.00635843,0.00637049
0.0994,0,0
0.0998,0.00649233,0.0065049
0.1002,0,0
0.1006,0,0
0.101,0,0
0.1014,0,0
0.1018,0,0
0.1022,0,0
0.1026,0,0
0.103,0.00711866,0.00713376
0.1034,0.00756007,0.0075771
0.1038,0.00762431,0.00764163
0.1042,0.00683179,0.0068457
0.1046,0,0
0.105,0,0
0.1054,0,0
0.1058,0,0
0.1062,0,0
0.1066,0,0
0.107,0.00744252,0.00745902
0.1074,0.007159,0.00717427
0.1078,0,0
0.1082,0,0
0.1086,0,0
0.109,0.00909711,0.00912174
0.1094,0.0149663,0.0106079
0.1098,0,0
0.1102,0,0
0.1106,0,0
0.111,0,0
0.1114,0,0
0.1118,0,0
0.1122,0,0
0.1126,0.00819791,0.00821791
0.113,0,0
0.1134,0,0
0.1138,0.00906006,0.00908448
0.1142,0,0
0.1146,0,0
0.115,0,0
0.1154,0.00952465,0.00955163
0.1158,0,0
0.1162,0,0
0.1166,0,0
0.117,0,0
0.1174,0,0
0.1178,0,0
0.1182,0,0
0.1186,0,0
0.119,0,0
0.1194,0,0
0.1198,0,0
5
-0.1198,0.00440154,0.00515572
-0.1194,0,0
-0.119,0,0
-0.1186,0.00175426,0.00323814
-0.1182,0.00642739,0.00643994
-0.1178,0,0
-0.1174,0,0
-0.117,0,0
-0.1166,0,0
-0.1162,0,0
-0.1158,0,0
-0.1154,0,0
-0.115,0,0
-0.1146,0,0
-0.1142,0,0
-0.1138,0,0
-0.1134,0,0
-0.113,0,0
-0.1126,0,0
-0.1122,0,0
-0.1118,0,0
-0.1114,0,0
-0.111,0,0
-0.1106,0,0
-0.1102,0.00551462,0.00552381
-0.1098,0,0
-0.1094,0,0
-0.109,0,0
-0.1086,0,0
-0.1082,0,0
-0.1078,0,0
-0.1074,0,0
-0.107,0,0
-0.1066,0,0
-0.1062,0,0
-0.1058,0,0
-0.1054,0,0
-0.105,0,0
-0.1046,0.00612157,0.00613285
-0.1042,0.00637106,0.00638327
-0.1038,0,0
-0.1034,0,0
-0.103,0,0
-0.1026,0.00638337,0.00639561
-0.1022,0,0
-0.1018,0.0065876,0.00660064
-0.1014,0,0
-0.101,0,0
-0.1006,0,0
-0.1002,0,0
-0.0998,0,0
-0.0994,0,0
-0.099,0,0
-0.0986,0,0
-0.0982,0.00607818,0.00608925
-0.0978,0,0
-0.0974,0,0
-0.097,0,0
-0.0966,0,0
-0.0962,0,0
-0.0958,0,0
-0.0954,0,0
-0.095,0,0
-0.0946,0,0
-0.0942,0,0
-0.0938,0.00601987,0.00603069
-0.0934,0,0
-0.093,0,0
-0.0926,0,0
-0.0922,0,0
-0.0918,0.00605031,0.00606123
-0.0914,0,0
-0.091,0.00680118,0.00681497
-0.0906,0,0
-0.0902,0,0
-0.0898,0,0
-0.0894,0,0
-0.089,0,0
-0.0886,0.00466663,0.00541943
-0.0882,0.00608737,0.0060984
-0.0878,0,0
-0.0874,0,0
-0.087,0,0
-0.0866,0,0
-0.0862,0,0
-0.0858,0,0
-0.0854,0,0
-0.085,0.006439,0.00645131
-0.0846,0.0063903,0.00640242
-0.0842,0,0
-0.0838,0,0
-0.0834,0,0
-0.083,0,0
-0.0826,0,0
-0.0822,0,0
-0.0818,0,0
-0.0814,0,0
-0.081,0,0
-0.0806,0,0
-0.0802,0,0
-0.0798,0,0
-0.0794,0,0
-0.079,0,0
-0.0786,0.00669342,0.00670668
-0.0782,0,0
-0.0778,0,0
-0.0774,0,0
-0.077,0,0
-0.0766,0,0
-0.0762,0,0
-0.0758,0,0
-0.0754,0.00331174,0.00452328
-0.075,0.006266,0.0062776
-0.0746,0,0
-0.0742,0,0
-0.0738,0,0
-0.0734,0.006043,0.00605379
-0.073,0,0
-0.0726,0.0114433,0.00857453
-0.0722,0,0
-0.0718,0,0
-0.0714,0,0
-0.071,0,0
-0.0706,0,0
-0.0702,0.00635334,0.00636524
-0.0698,0.00674176,0.00675515
-0.0694,0,0
-0.069,0,0
-0.0686,0,0
-0.0682,0,0
-0.0678,0.00615224,0.00616339
-0.0674,0.011901,0.00843002
-0.067,0,0
-0.0666,0.00667245,0.00668555
-0.0662,0,0
-0.0658,0.0195264,0.0112952
-0.0654,0,0
-0.065,0,0
-0.0646,0,0
-0.0642,0,0
-0.0638,0,0
-0.0634,0,0
-0.063,0.00643359,0.00644575
-0.0626,0,0
-0.0622,0,0
-0.0618,0.00636883,0.00638074
-0.0614,0,0
-0.061,0,0
-0.0606,0,0
-0.0602,0.00627242,0.00628396
-0.0598,0,0
-0.0594,0.0061513,0.0061624
-0.059,0,0
-0.0586,0,0
-0.0582,0.0066678,0.00668083
-0.0578,0.00598608,0.00599658
-0.0574,0,0
-0.057,0,0
-0.0566,0,0
-0.0562,0,0
-0.0558,0,0
-0.0554,0,0
-0.055,0,0
-0.0546,0,0
-0.0542,0.00654696,0.0065595
-0.0538,0,0
-0.0534,0,0
-0.053,0.00637849,0.00639039
-0.0526,0,0
-0.0522,0.00695215,0.00696628
-0.0518,0,0
-0.0514,0,0
-0.051,0,0
-0.0506,0,0
-0.0502,0,0
-0.0498,0,0
-0.0494,0,0
-0.049,0.006295,0.00630658
-0.0486,0,0
-0.0482,0,0
-0.0478,0,0
-0.0474,0,0
-0.047,0,0
-0.0466,0,0
-0.0462,0,0
-0.0458,0.00622123,0.00623252
-0.0454,0,0
-0.045,0,0
-0.0446,0,0
-0.0442,0,0
-0.0438,0,0
-0.0434,0,0
-0.043,0,0
-0.0426,0.00647415,0.00648636
-0.0422,0.00682705,0.00684063
-0.0418,0.00639731,0.00640923
-0.0414,0,0
-0.041,0,0
-0.0406,0.00598032,0.00599073
-0.0402,0,0
-0.0398,0.00662457,0.00663735
-0.0394,0,0
-0.039,0.00638313,0.00639499
-0.0386,0,0
-0.0382,0,0
-0.0378,0,0
-0.0374,0,0
-0.037,0,0
-0.0366,0,0
-0.0362,0,0
-0.0358,0,0
-0.0354,0,0
-0.035,0.00578723,0.00579696
-0.0346,0,0
-0.0342,0.0134215,0.00950987
-0.0338,0.00648132,0.00649352
-0.0334,0,0
-0.033,0,0
-0.0326,0.00693038,0.00694433
-0.0322,0,0
-0.0318,0,0
-0.0314,0,0
-0.031,0,0
-0.0306,0,0
-0.0302,0,0
-0.0298,0,0
-0.0294,0,0
-0.029,0.00636049,0.00637223
-0.0286,0.00170361,0.00331567
-0.0282,0,0
-0.0278,0.00623529,0.00624657
-0.0274,0.012433,0.00880734
-0.027,0.00628337,0.00629482
-0.0266,0.00637931,0.00639111
-0.0262,0,0
-0.0258,0.0133408,0.00945263
-0.0254,0,0
-0.025,0,0
-0.0246,0,0
-0.0242,0.0134188,0.009507
-0.0238,0.00603513,0.00604569
-0.0234,0,0
-0.023,0.0067392,0.00675236
-0.0226,0,0
-0.0222,0,0
-0.0218,0.00652641,0.00653875
-0.0214,0,0
-0.021,0.00679831,0.0068117
-0.0206,0.0126306,0.00894823
-0.0202,0,0
-0.0198,0,0
-0.0194,0.012979,0.00919939
-0.019,0,0
-0.0186,0,0
-0.0182,0,0
-0.0178,0,0
-0.0174,0.00628582,0.00629726
-0.017,0.0062913,0.00630276
-0.0166,0.0188259,0.0109438
-0.0162,0.00633937,0.00635099
-0.0158,0,0
-0.0154,0.012148,0.00860503
-0.015,0,0
-0.0146,0.00578298,0.00579265
-0.0142,0.0178352,0.0103149
-0.0138,0.00594903,0.00595927
-0.0134,0.00594958,0.00595982
-0.013,0.0185094,0.0107064
-0.0126,0.0064133,0.00642519
-0.0122,0,0
-0.0118,0.00611937,0.00613019
-0.0114,0.00615481,0.00616576
-0.011,0.00599727,0.00600767
-0.0106,0.0123514,0.00874987
-0.0102,0.0121909,0.00863545
-0.0098,0.00640583,0.00641768
-0.0094,0.0131177,0.0092932
-0.009,0.0134086,0.00950193
-0.0086,0.0064465,0.00645851
-0.0082,0.00657991,0.00659242
-0.0078,0.00684727,0.00686081
-0.0074,0.00683791,0.00685141
-0.007,0,0
-0.0066,0,0
-0.0062,0.00356884,0.00467622
-0.0058,0.012491,0.00885107
-0.0054,0.0122115,0.00866003
-0.005,0,0
-0.0046,0.0194885,0.0112728
-0.0042,0.0254079,0.0127273
-0.0038,0.0193443,0.0111893
-0.0034,0.0364365,0.0163511
-0.003,0.0479473,0.0181765
-0.0026,0.0766016,0.0221217
-0.0022,0.184228,0.0348771
-0.0018,0.270064,0.0413658
-0.0014,0.447854,0.0528759
-0.001,0.600565,0.0592552
-0.0006,0.900269,0.0741317
-0.0002,0.941578,0.0775928
0.0002,0.753017,0.067321
0.0006,0.663381,0.0647565
0.001,0.514528,0.0571837
0.0014,0.31291,0.0446688
0.0018,0.134888,0.0302386
0.0022,0.104711,0.0270021
0.0026,0.0640993,0.0214521
0.003,0.048445,0.0178791
0.0034,0.0504251,0.0190047
0.0038,0.00642628,0.00643819
0.0042,0.00896522,0.00748335
0.0046,0.00632897,0.00634052
0.005,0.0178344,0.0103144
0.0054,0.0109027,0.00842505
0.0058,0,0
0.0062,0.0223447,0.0111913
0.0066,0.00570349,0.00571288
0.007,0.0200509,0.0116109
0.0074,0.00709401,0.00710853
0.0078,0,0
0.0082,0.0199447,0.0115732
0.0086,0,0
0.009,0.00592648,0.00593662
0.0094,0.00659558,0.00660813
0.0098,0.0201369,0.0116486
0.0102,0,0
0.0106,0,0
0.011,0.00597248,0.00598277
0.0114,0.00654552,0.00655789
0.0118,0,0
0.0122,0.00652109,0.00653336
0.0126,0.00641693,0.00642881
0.013,0.0064168,0.00642868
0.0134,0,0
0.0138,0.00621252,0.00622366
0.0142,0,0
0.0146,0.00624886,0.00626013
0.015,0,0
0.0154,0.00637294,0.00638466
0.0158,0,0
0.0162,0,0
0.0166,0,0
0.017,0,0
0.0174,0.00653158,0.0065439
0.0178,0,0
0.0182,0.017771,0.0108614
0.0186,0.00645102,0.00646303
0.019,0.00645092,0.00646293
0.0194,0.00583786,0.00584769
0.0198,0,0
0.0202,0.00631908,0.0063306
0.0206,0,0
0.021,0.0119648,0.00847703
0.0214,0,0
0.0218,0,0
0.0222,0.00643249,0.00644443
0.0226,0,0
0.023,0.00647988,0.00649199
0.0234,0.00648001,0.00649212
0.0238,0.00700906,0.00702324
0.0242,0,0
0.0246,0,0
0.025,0.00642685,0.00643876
0.0254,0.00652701,0.0065393
0.0258,0,0
0.0262,0,0
0.0266,0.0182125,0.0105373
0.027,0,0
0.0274,0.000799273,0.00221209
0.0278,0,0
0.0282,0.0127692,0.00904682
0.0286,0,0
0.029,0.00622106,0.00623222
0.0294,0,0
0.0298,0,0
0.0302,0,0
0.0306,0,0
0.031,0.000912063,0.0023308
0.0314,0.0061094,0.00612017
0.0318,0,0
0.0322,0,0
0.0326,0,0
0.033,0.0126027,0.0089277
0.0334,0,0
0.0338,0.0127379,0.00902674
0.0342,0,0
0.0346,0.00656232,0.00657473
0.035,0.0131251,0.00929844
0.0354,0,0
0.0358,0.0222049,0.0128474
0.0362,0,0
0.0366,0.00647813,0.00649023
0.037,0,0
0.0374,0,0
0.0378,0.00616655,0.00617752
0.0382,0.00630878,0.00632025
0.0386,0.005837,0.00584682
0.039,0,0
0.0394,0.00624556,0.0062568
0.0398,0,0
0.0402,0,0
0.0406,0,0
0.041,0,0
0.0414,0.006163,0.00617394
0.0418,0,0
0.0422,0,0
0.0426,0.00660629,0.00661886
0.043,0.00609744,0.00610815
0.0434,0.00653869,0.006551
0.0438,0,0
0.0442,0,0
0.0446,0,0
0.045,0.00604941,0.00605995
0.0454,0,0
0.0458,0.00579007,0.00579972
0.0462,0,0
0.0466,0,0
0.047,0,0
0.0474,0,0
0.0478,0,0
0.0482,0,0
0.0486,0.00603061,0.00604108
0.049,0,0
0.0494,0.00696307,0.00697702
0.0498,0,0
0.0502,0,0
0.0506,0,0
0.051,0.0134764,0.00954773
0.0514,0,0
0.0518,0,0
0.0522,0,0
0.0526,0,0
0.053,0,0
0.0534,0,0
0.0538,0,0
0.0542,0,0
0.0546,0.00611093,0.00612166
0.055,0.00659585,0.00660836
0.0554,0,0
0.0558,0.000171247,0.00109386
0.0562,0.00621084,0.00622192
0.0566,0.00614552,0.00615637
0.057,0,0
0.0574,0,0
0.0578,0.00599284,0.00600316
0.0582,0,0
0.0586,0,0
0.059,0,0
0.0594,0,0
0.0598,0,0
0.0602,0,0
0.0606,0.00598959,0.00599989
0.061,0,0
0.0614,0.00581216,0.00582186
0.0618,0,0
0.0622,0.00687033,0.00688387
0.0626,0,0
0.063,0,0
0.0634,0,0
0.0638,0.00626023,0.00627148
0.0642,0,0
0.0646,0.00603171,0.00604214
0.065,0,0
0.0654,0,0
0.0658,0,0
0.0662,0.00588581,0.00589575
0.0666,0,0
0.067,0.00617575,0.00618668
0.0674,0,0
0.0678,0.00604297,0.00605344
0.0682,0.00657132,0.00658369
0.0686,0.00618,0.00619094
0.069,0.0127007,0.00899875
0.0694,0,0
0.0698,0.00646255,0.00647451
0.0702,0,0
0.0706,0,0
0.071,0,0
0.0714,0,0
0.0718,0,0
0.0722,0,0
0.0726,0,0
0.073,0,0
0.0734,0.00598172,0.00599196
0.0738,0,0
0.0742,0,0
0.0746,0.000206007,0.00115876
0.075,0,0
0.0754,0.0125306,0.00887636
0.0758,0,0
0.0762,0.00640617,0.0064179
0.0766,0.00642315,0.00643494
0.077,0,0
0.0774,0,0
0.0778,0,0
0.0782,0.00574003,0.00574944
0.0786,0,0
0.079,0,0
0.0794,0.0063945,0.00640617
0.0798,0,0
0.0802,0,0
0.0806,0,0
0.081,0,0
0.0814,0,0
0.0818,0,0
0.0822,0,0
0.0826,0,0
0.083,0,0
0.0834,0,0
0.0838,0.00602911,0.00603947
0.0842,0,0
0.0846,0,0
0.085,0,0
0.0854,0,0
0.0858,0.00617189,0.00618274
0.0862,0,0
0.0866,0,0
0.087,0,0
0.0874,0,0
0.0878,0,0
0.0882,0,0
0.0886,0,0
0.089,0.00616778,0.00617861
0.0894,0,0
0.0898,0.00618983,0.00620073
0.0902,0,0
0.0906,0,0
0.091,0,0
0.0914,0,0
0.0918,0,0
0.0922,0.0127623,0.00904663
0.0926,0,0
0.093,0,0
0.0934,0,0
0.0938,0,0
0.0942,0,0
0.0946,0.0132168,0.00936326
0.095,0,0
0.0954,0,0
0.0958,0.0064557,0.00646752
0.0962,0,0
0.0966,0,0
0.097,0.00689947,0.00691297
0.0974,0,0
0.0978,0,0
0.0982,0,0
0.0986,0,0
0.099,0.0127663,0.00905426
0.0994,0,0
0.0998,0,0
0.1002,0,0
0.1006,0,0
0.101,0,0
0.1014,0,0
0.1018,0,0
0.1022,0,0
0.1026,0.00767218,0.00768882
0.103,0,0
0.1034,0,0
0.1038,0.00797284,0.0079908
0.1042,0,0
0.1046,0,0
0.105,0,0
0.1054,0,0
0.1058,0.0082795,0.00829885
0.1062,0,0
0.1066,0,0
0.107,0,0
0.1074,0.00755895,0.00757508
0.1078,0,0
0.1082,0,0
0.1086,0.00960879,0.00963481
0.109,0,0
0.1094,0,0
0.1098,0.0196794,0.013954
0.1102,0,0
0.1106,0,0
0.111,0,0
0.1114,0,0
0.1118,0.00962783,0.00965392
0.1122,0,0
0.1126,0,0
0.113,0,0
0.1134,0,0
0.1138,0,0
0.1142,0,0
0.1146,0,0
0.115,0,0
0.1154,0,0
0.1158,0.00954309,0.00956868
0.1162,0,0
0.1166,0.0102871,0.0103168
0.117,0,0
0.1174,0,0
0.1178,0,0
0.1182,0,0
0.1186,0,0
0.119,0,0
0.1194,0.010649,0.0106808
0.1198,0,0
6
-0.1198,0,0
-0.1194,0,0
-0.119,0,0
-0.1186,0,0
-0.1182,0,0
-0.1178,0,0
-0.1174,0,0
-0.117,0,0
-0.1166,0,0
-0.1162,0,0
-0.1158,0,0
-0.1154,0,0
-0.115,0,0
-0.1146,0,0
-0.1142,0,0
-0.1138,0,0
-0.1134,0,0
-0.113,0,0
-0.1126,0,0
-0.1122,0.00586002,0.00587168
-0.1118,0,0
-0.1114,0,0
-0.111,0,0
-0.1106,0,0
-0.1102,0,0
-0.1098,0.00540452,0.00541442
-0.1094,0,0
-0.109,0,0
-0.1086,0.00550247,0.00551272
-0.1082,0,0
-0.1078,0.00572966,0.00574076
-0.1074,0,0
-0.107,0,0
-0.1066,0,0
-0.1062,0,0
-0.1058,0,0
-0.1054,0.00550128,0.0055115
-0.105,0,0
-0.1046,0,0
-0.1042,0,0
-0.1038,0,0
-0.1034,0,0
-0.103,0,0
-0.1026,0,0
-0.1022,0,0
-0.1018,0,0
-0.1014,0,0
-0.101,0,0
-0.1006,0.00575649,0.00576763
-0.1002,0,0
-0.0998,0.00529441,0.00530383
-0.0994,0,0
-0.099,0,0
-0.0986,0.00542144,0.00543131
-0.0982,0.00575022,0.00576132
-0.0978,0,0
-0.0974,0,0
-0.097,0,0
-0.0966,0,0
-0.0962,0,0
-0.0958,0,0
-0.0954,0,0
-0.095,0,0
-0.0946,0,0
-0.0942,0,0
-0.0938,0,0
-0.0934,0,0
-0.093,0,0
-0.0926,0,0
-0.0922,0,0
-0.0918,0,0
-0.0914,0,0
-0.091,0,0
-0.0906,0,0
-0.0902,0,0
-0.0898,0,0
-0.0894,0,0
-0.089,0,0
-0.0886,0.00143168,0.00283626
-0.0882,0,0
-0.0878,0,0
-0.0874,0,0
-0.087,0,0
-0.0866,0,0
-0.0862,0,0
-0.0858,0.00575813,0.00576921
-0.0854,0,0
-0.085,0.00554312,0.0055534
-0.0846,0,0
-0.0842,0,0
-0.0838,0.00604829,0.00606054
-0.0834,0,0
-0.083,0,0
-0.0826,0.00523263,0.00524181
-0.0822,0,0
-0.0818,0,0
-0.0814,0,0
-0.081,0.00538237,0.00539211
-0.0806,0,0
-0.0802,0,0
-0.0798,0,0
-0.0794,0,0
-0.079,0,0
-0.0786,0,0
-0.0782,0,0
-0.0778,0,0
-0.0774,0,0
-0.077,0,0
-0.0766,0,0
-0.0762,0,0
-0.0758,0,0
-0.0754,0.0024865,0.00366485
-0.075,0,0
-0.0746,0,0
-0.0742,0.00543471,0.0054447
-0.0738,0.00566613,0.00567699
-0.0734,0.0052683,0.0052777
-0.073,0,0
-0.0726,0.0111236,0.00788138
-0.0722,0,0
-0.0718,0.0105936,0.00750615
-0.0714,0,0
-0.071,0,0
-0.0706,0,0
-0.0702,0,0
-0.0698,0,0
-0.0694,0,0
-0.069,0.00548344,0.00549366
-0.0686,0,0
-0.0682,0,0
-0.0678,0,0
-0.0674,0,0
-0.067,0.00588068,0.00589246
-0.0666,0,0
-0.0662,0,0
-0.0658,0,0
-0.0654,0.0171684,0.00993157
-0.065,0,0
-0.0646,0,0
-0.0642,0,0
-0.0638,0,0
-0.0634,0,0
-0.063,0,0
-0.0626,0,0
-0.0622,0,0
-0.0618,0.00546396,0.00547418
-0.0614,0.00516698,0.00517612
-0.061,0,0
-0.0606,0,0
-0.0602,0,0
-0.0598,0,0
-0.0594,0,0
-0.059,0,0
-0.0586,0,0
-0.0582,0,0
-0.0578,0,0
-0.0574,0,0
-0.057,0,0
-0.0566,0,0
-0.0562,0,0
-0.0558,0.0054308,0.00544094
-0.0554,0,0
-0.055,0.00567012,0.00568117
-0.0546,0.00517683,0.00518605
-0.0542,0.00556442,0.00557507
-0.0538,0,0
-0.0534,0,0
-0.053,0,0
-0.0526,0,0
-0.0522,0,0
-0.0518,0,0
-0.0514,0,0
-0.051,0,0
-0.0506,0,0
-0.0502,0,0
-0.0498,0,0
-0.0494,0,0
-0.049,0,0
-0.0486,0,0
-0.0482,0,0
-0.0478,0.00541553,0.00542567
-0.0474,0.00542526,0.00543544
-0.047,0,0
-0.0466,0,0
-0.0462,0,0
-0.0458,0,0
-0.0454,0,0
-0.045,0,0
-0.0446,0,0
-0.0442,0.00519736,0.00520672
-0.0438,0,0
-0.0434,0.0106323,0.00753207
-0.043,0,0
-0.0426,0,0
-0.0422,0,0
-0.0418,0,0
-0.0414,0.010727,0.00759928
-0.041,0,0
-0.0406,0,0
-0.0402,0,0
-0.0398,0.00554489,0.00555558
-0.0394,0.00534015,0.00535007
-0.039,0,0
-0.0386,0,0
-0.0382,0.00516895,0.00517825
-0.0378,0,0
-0.0374,0,0
-0.037,0.005427,0.00543726
-0.0366,0,0
-0.0362,0.00476245,0.00477035
-0.0358,0,0
-0.0354,0,0
-0.035,0,0
-0.0346,0,0
-0.0342,0.00551221,0.00552281
-0.0338,0,0
-0.0334,0,0
-0.033,0,0
-0.0326,0,0
-0.0322,0.00600967,0.00602228
-0.0318,0,0
-0.0314,0,0
-0.031,0,0
-0.0306,0,0
-0.0302,0,0
-0.0298,0,0
-0.0294,0,0
-0.029,0,0
-0.0286,0,0
-0.0282,0,0
-0.0278,0,0
-0.0274,0,0
-0.027,0,0
-0.0266,0,0
-0.0262,0,0
-0.0258,0,0
-0.0254,0,0
-0.025,0.0101089,0.00716076
-0.0246,0.00527663,0.00528639
-0.0242,0,0
-0.0238,0,0
-0.0234,0,0
-0.023,0,0
-0.0226,0,0
-0.0222,0,0
-0.0218,0,0
-0.0214,0,0
-0.021,0,0
-0.0206,0.00527068,0.00528044
-0.0202,0.00514145,0.00515073
-0.0198,0.00560765,0.0056187
-0.0194,0.00517878,0.0051882
-0.019,0,0
-0.0186,0.00520554,0.00521506
-0.0182,0,0
-0.0178,0,0
-0.0174,0,0
-0.017,0,0
-0.0166,0.00517456,0.00518398
-0.0162,0,0
-0.0158,0,0
-0.0154,0.00499213,0.0050009
-0.015,0.00541467,0.00542499
-0.0146,0,0
-0.0142,0.00488294,0.00489134
-0.0138,0.0149023,0.00861953
-0.0134,0.00488428,0.00489268
-0.013,0,0
-0.0126,0,0
-0.0122,0,0
-0.0118,0,0
-0.0114,0,0
-0.011,0.00491686,0.00492538
-0.0106,0,0
-0.0102,0,0
-0.0098,0,0
-0.0094,0.00537276,0.00538294
-0.009,0.00560977,0.00562087
-0.0086,0.0052787,0.00528853
-0.0082,0,0
-0.0078,0.00538602,0.00539626
-0.0074,0,0
-0.007,0.0108683,0.00770321
-0.0066,0,0
-0.0062,0,0
-0.0058,0.00523101,0.00524067
-0.0054,0,0
-0.005,0,0
-0.0046,0,0
-0.0042,0.0051903,0.00519981
-0.0038,0.0161136,0.00932438
-0.0034,0.0235608,0.0118217
-0.003,0.0515645,0.0172528
-0.0026,0.0208882,0.0105133
-0.0022,0.0805808,0.0208628
-0.0018,0.0873979,0.0212381
-0.0014,0.136968,0.0264189
-0.001,0.20162,0.0311851
-0.0006,0.239491,0.0346384
-0.0002,0.311689,0.0403412
0.0002,0.248982,0.0349159
0.0006,0.312422,0.0400973
0.001,0.257375,0.0364709
0.0014,0.19213,0.0316471
0.0018,0.126257,0.0263918
0.0022,0.095306,0.0231856
0.0026,0.0500141,0.0167397
0.003,0.0211954,0.0106176
0.0034,0.0229941,0.0115323
0.0038,0.0157338,0.00910079
0.0042,0.0153259,0.00886471
0.0046,0.0104779,0.00742348
0.005,0.0101656,0.00720847
0.0054,0,0
0.0058,0,0
0.0062,0,0
0.0066,0.0102159,0.00723676
0.007,0.00563523,0.00564644
0.0074,0,0
0.0078,0,0
0.0082,0.0060386,0.00605147
0.0086,0.00513163,0.00514092
0.009,0.00539283,0.00540309
0.0094,0.00507347,0.00508255
0.0098,0.00549032,0.00550095
0.0102,0.00973669,0.00690361
0.0106,0,0
0.011,0.00505065,0.00505964
0.0114,0,0
0.0118,0,0
0.0122,0,0
0.0126,0.0105267,0.00745729
0.013,0,0
0.0134,0,0
0.0138,0.00498154,0.00499027
0.0142,0,0
0.0146,0,0
0.015,0.0108381,0.0076783
0.0154,0,0
0.0158,0,0
0.0162,0.00562142,0.0056325
0.0166,0,0
0.017,0.0109042,0.00772516
0.0174,0.00538008,0.00539022
0.0178,0,0
0.0182,0.00173082,0.003119
0.0186,0,0
0.019,0,0
0.0194,0.00533036,0.00534028
0.0198,0,0
0.0202,0,0
0.0206,0.00519226,0.00520165
0.021,0.00949354,0.00694677
0.0214,0,0
0.0218,0,0
0.0222,0.00505616,0.00506504
0.0226,0,0
0.023,0,0
0.0234,0.00539103,0.00540111
0.0238,0,0
0.0242,0.00527546,0.0052851
0.0246,0,0
0.025,0,0
0.0254,0.0105606,0.00748495
0.0258,0,0
0.0262,0,0
0.0266,0.00488376,0.00489199
0.027,0,0
0.0274,0,0
0.0278,0,0
0.0282,0.00543309,0.00544324
0.0286,0,0
0.029,0.00522359,0.00523296
0.0294,0,0
0.0298,0,0
0.0302,0.00533108,0.00534082
0.0306,0.00989742,0.00702287
0.031,0,0
0.0314,0,0
0.0318,0,0
0.0322,0,0
0.0326,0,0
0.033,0,0
0.0334,0.00586342,0.00587514
0.0338,0,0
0.0342,0,0
0.0346,0,0
0.035,0,0
0.0354,0.00565564,0.00566651
0.0358,0.00628168,0.00629508
0.0362,0,0
0.0366,0,0
0.037,0,0
0.0374,0.0120668,0.00854997
0.0378,0,0
0.0382,0.00497189,0.00498026
0.0386,0,0
0.039,0.00532642,0.005336
0.0394,0,0
0.0398,0.00524782,0.00525711
0.0402,0,0
0.0406,0,0
0.041,0,0
0.0414,0,0
0.0418,0,0
0.0422,0,0
0.0426,0,0
0.043,0.00523168,0.00524086
0.0434,0.0056138,0.00562437
0.0438,0,0
0.0442,0.0105808,0.00749565
0.0446,0,0
0.045,0,0
0.0454,0.00517114,0.00518008
0.0458,0,0
0.0462,0,0
0.0466,0,0
0.047,0,0
0.0474,0,0
0.0478,0,0
0.0482,0,0
0.0486,0,0
0.049,0.00602624,0.00603831
0.0494,0,0
0.0498,0,0
0.0502,0,0
0.0506,0,0
0.051,0.00584834,0.00585967
0.0514,0,0
0.0518,0,0
0.0522,0,0
0.0526,0,0
0.053,0,0
0.0534,0.00554604,0.0055562
0.0538,0.00552863,0.00553871
0.0542,0,0
0.0546,0.00533064,0.00534
0.055,0.00575709,0.005768
0.0554,0,0
0.0558,0,0
0.0562,0,0
0.0566,0,0
0.057,0,0
0.0574,0,0
0.0578,0,0
0.0582,0,0
0.0586,0,0
0.059,0,0
0.0594,0,0
0.0598,0,0
0.0602,0,0
0.0606,0,0
0.061,0,0
0.0614,0,0
0.0618,0,0
0.0622,0,0
0.0626,0,0
0.063,0,0
0.0634,0.00581902,0.00583002
0.0638,0,0
0.0642,0,0
0.0646,0,0
0.065,0,0
0.0654,0.0054068,0.00541627
0.0658,0.0109315,0.00775645
0.0662,0,0
0.0666,0,0
0.067,0.00600596,0.00601761
0.0674,0,0
0.0678,0,0
0.0682,0,0
0.0686,0,0
0.069,0,0
0.0694,0.0167235,0.00967267
0.0698,0,0
0.0702,0,0
0.0706,0,0
0.071,0,0
0.0714,0.00562566,0.00563583
0.0718,0.00551322,0.00552297
0.0722,0.00234226,0.00383406
0.0726,0,0
0.073,0,0
0.0734,0,0
0.0738,0,0
0.0742,0,0
0.0746,0,0
0.075,0,0
0.0754,0.00578272,0.00579339
0.0758,0.00769847,0.00664943
0.0762,0,0
0.0766,0,0
0.077,0,0
0.0774,0,0
0.0778,0.00515396,0.00516241
0.0782,0,0
0.0786,0,0
0.079,0,0
0.0794,0,0
0.0798,0,0
0.0802,0,0
0.0806,0,0
0.081,0,0
0.0814,0,0
0.0818,0,0
0.0822,0,0
0.0826,0,0
0.083,0,0
0.0834,0,0
0.0838,0,0
0.0842,0,0
0.0846,0,0
0.085,0,0
0.0854,0,0
0.0858,0.00571322,0.00572348
0.0862,0,0
0.0866,0,0
0.087,0,0
0.0874,0,0
0.0878,0,0
0.0882,0,0
0.0886,0,0
0.089,0,0
0.0894,0.00554161,0.00555122
0.0898,0,0
0.0902,0,0
0.0906,0.00563711,0.00564704
0.091,0,0
0.0914,0,0
0.0918,0.00124784,0.00274693
0.0922,0,0
0.0926,0,0
0.093,0,0
0.0934,0,0
0.0938,0,0
0.0942,0,0
0.0946,0,0
0.095,0.0058072,0.00581767
0.0954,0,0
0.0958,0,0
0.0962,0,0
0.0966,0.00633135,0.00634376
0.097,0,0
0.0974,0.00575975,0.00577002
0.0978,0,0
0.0982,0,0
0.0986,0,0
0.099,0.00614092,0.00615256
0.0994,0,0
0.0998,0.0121035,0.00858041
0.1002,0,0
0.1006,0,0
0.101,0,0
0.1014,0,0
0.1018,0,0
0.1022,0,0
0.1026,0,0
0.103,0,0
0.1034,0,0
0.1038,0.000139492,0.00101803
0.1042,0,0
0.1046,0,0
0.105,0,0
0.1054,0,0
0.1058,0,0
0.1062,0,0
0.1066,0,0
0.107,0,0
0.1074,0,0
0.1078,0,0
0.1082,0,0
0.1086,0.0074156,0.00743244
0.109,0,0
0.1094,0.00740006,0.00741683
0.1098,0,0
0.1102,0,0
0.1106,0,0
0.111,0,0
0.1114,0,0
0.1118,0,0
0.1122,8.33729e-06,0.000264032
0.1126,0,0
0.113,0,0
0.1134,0,0
0.1138,0,0
0.1142,0,0
0.1146,0,0
0.115,0,0
0.1154,0.00923728,0.00926344
0.1158,0,0
0.1162,0,0
0.1166,0,0
0.117,0,0
0.1174,0,0
0.1178,0,0
0.1182,0,0
0.1186,0,0
0.119,0,0
0.1194,0.00971171,0.00974071
0.1198,0,0
7
-0.1198,0,0
-0.1194,0,0
-0.119,0,0
-0.1186,0,0
-0.1182,0,0
-0.1178,0,0
-0.1174,0,0
-0.117,0,0
-0.1166,0,0
-0.1162,0,0
-0.1158,0,0
-0.1154,0.00593727,0.00594948
-0.115,0,0
-0.1146,0,0
-0.1142,0,0
-0.1138,0.00561305,0.00562399
-0.1134,0,0
-0.113,0,0
-0.1126,0,0
-0.1122,0,0
-0.1118,0,0
-0.1114,0.00485467,0.00486286
-0.111,0.00592047,0.00593265
-0.1106,0,0
-0.1102,0,0
-0.1098,0.00172463,0.00301834
-0.1094,0,0
-0.109,0,0
-0.1086,0,0
-0.1082,0,0
-0.1078,0,0
-0.1074,0,0
-0.107,0,0
-0.1066,0,0
-0.1062,0.0054873,0.00549781
-0.1058,0,0
-0.1054,0,0
-0.105,0,0
-0.1046,0,0
-0.1042,0,0
-0.1038,0,0
-0.1034,0,0
-0.103,0,0
-0.1026,0,0
-0.1022,0,0
-0.1018,0,0
-0.1014,0.00518256,0.00519198
-0.101,0.00497122,0.00497989
-0.1006,0.00552005,0.00553074
-0.1002,0.0111509,0.00790034
-0.0998,0,0
-0.0994,0,0
-0.099,0,0
-0.0986,0.00524282,0.00525248
-0.0982,0,0
-0.0978,0,0
-0.0974,0,0
-0.097,0,0
-0.0966,0,0
-0.0962,0,0
-0.0958,0,0
-0.0954,0,0
-0.095,0,0
-0.0946,0,0
-0.0942,0,0
-0.0938,0,0
-0.0934,0,0
-0.093,0,0
-0.0926,0,0
-0.0922,0,0
-0.0918,0,0
-0.0914,0,0
-0.091,0.00574661,0.00575831
-0.0906,0,0
-0.0902,0,0
-0.0898,0,0
-0.0894,0,0
-0.089,0,0
-0.0886,0,0
-0.0882,0,0
-0.0878,0,0
-0.0874,0,0
-0.087,0,0
-0.0866,0,0
-0.0862,0,0
-0.0858,0,0
-0.0854,0.00543603,0.0054465
-0.085,0,0
-0.0846,0,0
-0.0842,0,0
-0.0838,0,0
-0.0834,0,0
-0.083,0,0
-0.0826,0,0
-0.0822,0.00539696,0.00540726
-0.0818,0,0
-0.0814,0,0
-0.081,0,0
-0.0806,0.00524839,0.00525812
-0.0802,0,0
-0.0798,0,0
-0.0794,0,0
-0.079,0,0
-0.0786,0,0
-0.0782,0,0
-0.0778,0,0
-0.0774,0.0156828,0.00907125
-0.077,0,0
-0.0766,0,0
-0.0762,0,0
-0.0758,0,0
-0.0754,0.00544074,0.00545117
-0.075,0,0
-0.0746,0,0
-0.0742,0.00522149,0.00523109
-0.0738,0,0
-0.0734,0,0
-0.073,0,0
-0.0726,0,0
-0.0722,0,0
-0.0718,0.00499706,0.00500584
-0.0714,0.00577252,0.00578423
-0.071,0,0
-0.0706,0.00576531,0.00577698
-0.0702,0,0
-0.0698,0.00566206,0.00567331
-0.0694,0,0
-0.069,0,0
-0.0686,0,0
-0.0682,0,0
-0.0678,0.00580624,0.00581804
-0.0674,0,0
-0.067,0.0103014,0.00766076
-0.0666,0,0
-0.0662,0,0
-0.0658,0,0
-0.0654,0.00558832,0.00559923
-0.065,0,0
-0.0646,0.0051458,0.00515505
-0.0642,0,0
-0.0638,0,0
-0.0634,0,0
-0.063,0,0
-0.0626,0,0
-0.0622,0.00537085,0.00538089
-0.0618,0,0
-0.0614,0.00529131,0.00530105
-0.061,0.00493363,0.00494209
-0.0606,0.00533874,0.00534865
-0.0602,0,0
-0.0598,0,0
-0.0594,0,0
-0.059,0,0
-0.0586,0,0
-0.0582,0,0
-0.0578,0,0
-0.0574,0.0107942,0.0076469
-0.057,0,0
-0.0566,0,0
-0.0562,0,0
-0.0558,0,0
-0.0554,0.011081,0.0078597
-0.055,0,0
-0.0546,0,0
-0.0542,0,0
-0.0538,0,0
-0.0534,0,0
-0.053,0,0
-0.0526,0,0
-0.0522,0.017081,0.0098957
-0.0518,0,0
-0.0514,0,0
-0.051,0,0
-0.0506,0,0
-0.0502,0,0
-0.0498,0,0
-0.0494,0,0
-0.049,0.00537104,0.00538091
-0.0486,0,0
-0.0482,0,0
-0.0478,0,0
-0.0474,0,0
-0.047,0,0
-0.0466,0,0
-0.0462,0.00351453,0.00426494
-0.0458,0.00520766,0.0052169
-0.0454,0,0
-0.045,0,0
-0.0446,0,0
-0.0442,0,0
-0.0438,0,0
-0.0434,0,0
-0.043,0,0
-0.0426,0.0037659,0.00458664
-0.0422,0.00414056,0.00494054
-0.0418,0,0
-0.0414,0.00520912,0.0052183
-0.041,0,0
-0.0406,0,0
-0.0402,0.00532987,0.00533946
-0.0398,0,0
-0.0394,0,0
-0.039,0,0
-0.0386,0.00525531,0.00526461
-0.0382,0,0
-0.0378,0.00222852,0.00350373
-0.0374,0.0111026,0.0078654
-0.037,0.00563025,0.00564089
-0.0366,0,0
-0.0362,0.0103339,0.00732636
-0.0358,0.0063142,0.00632756
-0.0354,0.00565501,0.00566571
-0.035,0,0
-0.0346,0,0
-0.0342,0,0
-0.0338,0,0
-0.0334,0,0
-0.033,0,0
-0.0326,0.0116662,0.00827062
-0.0322,0,0
-0.0318,0,0
-0.0314,0,0
-0.031,0,0
-0.0306,0,0
-0.0302,0,0
-0.0298,0,0
-0.0294,0.00553951,0.00554967
-0.029,0,0
-0.0286,0,0
-0.0282,0.0109105,0.0077288
-0.0278,0,0
-0.0274,0.00546476,0.00547461
-0.027,0,0
-0.0266,0.0056158,0.00562619
-0.0262,0.00293289,0.0043652
-0.0258,0,0
-0.0254,0.0052947,0.00530392
-0.025,0,0
-0.0246,0.011277,0.0079888
-0.0242,0,0
-0.0238,0,0
-0.0234,0,0
-0.023,0,0
-0.0226,0,0
-0.0222,0,0
-0.0218,0.00579411,0.00580506
-0.0214,0.00604008,0.00605197
-0.021,0.00604412,0.00605602
-0.0206,0.00554968,0.00555971
-0.0202,0.00555416,0.0055642
-0.0198,0,0
-0.0194,0.0116746,0.00827739
-0.019,0,0
-0.0186,0.00564589,0.00565622
-0.0182,0,0
-0.0178,0,0
-0.0174,0.00510493,0.00511336
-0.017,0,0
-0.0166,0,0
-0.0162,0,0
-0.0158,0.00152196,0.00294884
-0.0154,0.00395718,0.00484985
-0.015,0,0
-0.0146,0,0
-0.0142,0.0059686,0.00598004
-0.0138,0.000354366,0.00138071
-0.0134,0.0108776,0.0077058
-0.013,0,0
-0.0126,0.0057915,0.00580224
-0.0122,0.022945,0.0114938
-0.0118,0.00553278,0.00554257
-0.0114,0.00542545,0.00543485
-0.011,0,0
-0.0106,0.0111883,0.00792594
-0.0102,0.00552501,0.00553475
-0.0098,0,0
-0.0094,0.0176443,0.0102064
-0.009,0.0121761,0.0086285
-0.0086,0.0117148,0.00829902
-0.0082,0,0
-0.0078,0.00913631,0.00740936
-0.0074,0.00622356,0.00623585
-0.007,0.0120974,0.00857437
-0.0066,0,0
-0.0062,0.00556686,0.00557667
-0.0058,0.011118,0.00787543
-0.0054,0.0111457,0.00790421
-0.005,0.0164323,0.00950367
-0.0046,0.0176756,0.0102246
-0.0042,0.0174222,0.0100772
-0.0038,0.0176964,0.0102361
-0.0034,0.0124997,0.00885602
-0.003,0.0331838,0.0148972
-0.0026,0.0201139,0.0108501
-0.0022,0.0423822,0.0160513
-0.0018,0.111496,0.0253956
-0.0014,0.147295,0.0290481
-0.001,0.199355,0.0328939
-0.0006,0.291753,0.0404946
-0.0002,0.435259,0.0505644
0.0002,0.395182,0.0467951
0.0006,0.431107,0.0499672
0.001,0.517316,0.0549604
0.0014,0.41611,0.0494969
0.0018,0.262922,0.0404213
0.0022,0.229903,0.0384326
0.0026,0.136379,0.0298871
0.003,0.10988,0.0267563
0.0034,0.0801816,0.0231952
0.0038,0.0356651,0.0145874
0.0042,0.00865292,0.00707267
0.0046,0.0179132,0.0103623
0.005,0.0301457,0.013507
0.0054,0.0295607,0.0132521
0.0058,0.0113202,0.00801869
0.0062,0.00713406,0.00615455
0.0066,0.0110999,0.00787079
0.007,0,0
0.0074,0.00669218,0.00665501
0.0078,0,0
0.0082,0.00583747,0.00584804
0.0086,0.00551275,0.00552217
0.009,0,0
0.0094,0.0120234,0.00852436
0.0098,0,0
0.0102,0.00578954,0.00579992
0.0106,0.00579098,0.00580136
0.011,0,0
0.0114,0.00464019,0.00533111
0.0118,0,0
0.0122,0,0
0.0126,0.00599068,0.00600178
0.013,0.00598673,0.00599781
0.0134,0.00603036,0.0060416
0.0138,0,0
0.0142,0.00579823,0.00580863
0.0146,0.00564184,0.00565168
0.015,0,0
0.0154,0.0178467,0.0103228
0.0158,0,0
0.0162,0.00577663,0.00578694
0.0166,0,0
0.017,0.00618156,0.00619337
0.0174,0,0
0.0178,0,0
0.0182,0,0
0.0186,0.00586902,0.00587967
0.019,0,0
0.0194,0.00544162,0.00545079
0.0198,0,0
0.0202,0,0
0.0206,0,0
0.021,0.00640734,0.00604948
0.0214,0,0
0.0218,0.00595714,0.00596814
0.0222,0,0
0.0226,0,0
0.023,0,0
0.0234,0,0
0.0238,0.00651292,0.00652609
0.0242,0.00588218,0.00589292
0.0246,0.0117408,0.00831715
0.025,0.00596623,0.00597729
0.0254,0.00605714,0.00606854
0.0258,0.0122737,0.00869614
0.0262,0,0
0.0266,0.0162399,0.00939194
0.027,0.00573351,0.00574375
0.0274,0.0053456,0.0053545
0.0278,0,0
0.0282,0.00582341,0.00583398
0.0286,0.00562495,0.00563482
0.029,0,0
0.0294,0.0117466,0.00832131
0.0298,0,0
0.0302,0.00585617,0.00586688
0.0306,0,0
0.031,0,0
0.0314,0,0
0.0318,0,0
0.0322,0,0
0.0326,0,0
0.033,0,0
0.0334,0,0
0.0338,0,0
0.0342,0,0
0.0346,0,0
0.035,0.0118149,0.00836988
0.0354,0,0
0.0358,0,0
0.0362,0,0
0.0366,0.0121338,0.00859794
0.037,0,0
0.0374,0,0
0.0378,0,0
0.0382,0.00534966,0.00535866
0.0386,0,0
0.039,0,0
0.0394,0,0
0.0398,0,0
0.0402,0.0111864,0.00792396
0.0406,0.00520089,0.00520942
0.041,0,0
0.0414,0,0
0.0418,0.00623169,0.00624395
0.0422,0,0
0.0426,0.0120488,0.00853598
0.043,0,0
0.0434,0,0
0.0438,0,0
0.0442,0,0
0.0446,0,0
0.045,0,0
0.0454,0,0
0.0458,0,0
0.0462,0.00531854,0.00532751
0.0466,0,0
0.047,0,0
0.0474,0,0
0.0478,0,0
0.0482,0,0
0.0486,0,0
0.049,0,0
0.0494,0.00629479,0.0063074
0.0498,0,0
0.0502,0,0
0.0506,0,0
0.051,0.00607256,0.00608431
0.0514,0,0
0.0518,0,0
0.0522,0,0
0.0526,0,0
0.053,0,0
0.0534,0,0
0.0538,0,0
0.0542,0.00569836,0.00570875
0.0546,0,0
0.055,0.0059167,0.00592791
0.0554,0,0
0.0558,0,0
0.0562,0,0
0.0566,0.00555871,0.00556863
0.057,0.00549674,0.00550645
0.0574,0,0
0.0578,0.00547247,0.00548211
0.0582,0,0
0.0586,0,0
0.059,0,0
0.0594,0,0
0.0598,0,0
0.0602,0,0
0.0606,0,0
0.061,0,0
0.0614,0,0
0.0618,0.00609914,0.00611116
0.0622,0,0
0.0626,0,0
0.063,0,0
0.0634,0.00583882,0.00584987
0.0638,0,0
0.0642,0,0
0.0646,0,0
0.065,0,0
0.0654,0,0
0.0658,0,0
0.0662,0,0
0.0666,0,0
0.067,0,0
0.0674,0.0055498,0.00555983
0.0678,0.00531303,0.00532223
0.0682,0.00577387,0.00578474
0.0686,0,0
0.069,0,0
0.0694,0,0
0.0698,0,0
0.0702,0,0
0.0706,0,0
0.071,0,0
0.0714,0,0
0.0718,0,0
0.0722,0.00382563,0.00484764
0.0726,0.0113767,0.00806719
0.073,0,0
0.0734,0,0
0.0738,0.00524632,0.00525535
0.0742,0.00547829,0.00548814
0.0746,0,0
0.075,0,0
0.0754,0,0
0.0758,0.00363487,0.00450054
0.0762,0,0
0.0766,0.016511,0.00955173
0.077,0,0
0.0774,0,0
0.0778,0.00497772,0.00498588
0.0782,0,0
0.0786,0.00513431,0.005143
0.079,0.00530335,0.00531263
0.0794,0,0
0.0798,0,0
0.0802,0,0
0.0806,0,0
0.081,0,0
0.0814,0,0
0.0818,0,0
0.0822,0.00544381,0.0054536
0.0826,0.00527413,0.00528332
0.083,0,0
0.0834,0,0
0.0838,0,0
0.0842,0.0111067,0.00786805
0.0846,0,0
0.085,0.00554536,0.00555554
0.0854,0,0
0.0858,0.00531137,0.00532071
0.0862,0,0
0.0866,0,0
0.087,0,0
0.0874,0.00565619,0.00566679
0.0878,0.0110666,0.00783966
0.0882,0,0
0.0886,0,0
0.089,0.00523086,0.00523993
0.0894,0,0
0.0898,0,0
0.0902,0,0
0.0906,0,0
0.091,0,0
0.0914,0,0
0.0918,0.00448914,0.005051
0.0922,0,0
0.0926,0,0
0.093,0.00532664,0.00533606
0.0934,0.00547841,0.00548837
0.0938,0,0
0.0942,0,0
0.0946,0,0
0.095,0,0
0.0954,0,0
0.0958,0.00588051,0.00589199
0.0962,0,0
0.0966,0.00590415,0.00591573
0.097,0,0
0.0974,0,0
0.0978,0,0
0.0982,0,0
0.0986,0,0
0.099,0.00517643,0.00518534
0.0994,0,0
0.0998,0,0
0.1002,0,0
0.1006,0,0
0.101,0,0
0.1014,0,0
0.1018,0,0
0.1022,0,0
0.1026,0,0
0.103,0.00638884,0.00640239
0.1034,0,0
0.1038,0.00671437,0.006794
0.1042,0,0
0.1046,0.0064776,0.00649153
0.105,0.00427023,0.00543638
0.1054,0,0
0.1058,0,0
0.1062,0,0
0.1066,0,0
0.107,0.00668807,0.0067029
0.1074,0,0
0.1078,0,0
0.1082,0,0
0.1086,0,0
0.109,0.00818487,0.00820704
0.1094,0,0
0.1098,0,0
0.1102,0,0
0.1106,0.0068097,0.00682503
0.111,0,0
0.1114,0,0
0.1118,0,0
0.1122,0.00771352,0.00773704
0.1126,0,0
0.113,0,0
0.1134,0,0
0.1138,0,0
0.1142,0,0
0.1146,0.00927717,0.00930544
0.115,0,0
0.1154,0,0
0.1158,0,0
0.1162,0,0
0.1166,0,0
0.117,0,0
0.1174,0,0
0.1178,0,0
0.1182,0.00869378,0.00871846
0.1186,0,0
0.119,0,0
0.1194,0.00916639,0.00919376
0.1198,0.00908287,0.00910972
8
-0.1198,0,0
-0.1194,0,0
-0.119,0,0
-0.1186,0.0037934,0.00380027
-0.1182,0,0
-0.1178,0,0
-0.1174,0,0
-0.117,0,0
-0.1166,0,0
-0.1162,0,0
-0.1158,0,0
-0.1154,0,0
-0.115,0,0
-0.1146,0,0
-0.1142,0,0
-0.1138,0,0
-0.1134,0,0
-0.113,0,0
-0.1126,0,0
-0.1122,0,0
-0.1118,0,0
-0.1114,0.00401713,0.00402476
-0.111,0,0
-0.1106,0,0
-0.1102,0,0
-0.1098,0.00260862,0.00318726
-0.1094,0,0
-0.109,0,0
-0.1086,0,0
-0.1082,0,0
-0.1078,0,0
-0.1074,0.00412092,0.00412891
-0.107,0,0
-0.1066,0,0
-0.1062,0,0
-0.1058,0,0
-0.1054,0.00822852,0.00583386
-0.105,0.00376578,0.00377243
-0.1046,0,0
-0.1042,0,0
-0.1038,0,0
-0.1034,0.00385257,0.00385952
-0.103,0,0
-0.1026,0,0
-0.1022,0.00391308,0.00392023
-0.1018,0.00284643,0.0033651
-0.1014,0.00389304,0.00390011
-0.101,0.00415241,0.00416045
-0.1006,0,0
-0.1002,0,0
-0.0998,0,0
-0.0994,0,0
-0.099,0,0
-0.0986,0,0
-0.0982,0.00415727,0.0041653
-0.0978,0,0
-0.0974,0.00409592,0.0041037
-0.097,0,0
-0.0966,0,0
-0.0962,0,0
-0.0958,0,0
-0.0954,0.00398062,0.00398795
-0.095,0,0
-0.0946,0.00443561,0.0044447
-0.0942,0,0
-0.0938,0,0
-0.0934,0,0
-0.093,0.004071,0.00407864
-0.0926,0.00399697,0.00400433
-0.0922,0,0
-0.0918,0,0
-0.0914,0,0
-0.091,0,0
-0.0906,0,0
-0.0902,0,0
-0.0898,0.00797326,0.00564827
-0.0894,0,0
-0.089,0,0
-0.0886,0,0
-0.0882,0,0
-0.0878,0.00415149,0.00415939
-0.0874,0,0
-0.087,0.00395831,0.00396548
-0.0866,0,0
-0.0862,0,0
-0.0858,0,0
-0.0854,0.00842866,0.00597144
-0.085,0,0
-0.0846,0.00410295,0.00411063
-0.0842,0,0
-0.0838,0,0
-0.0834,0,0
-0.083,0.00385407,0.00386083
-0.0826,0,0
-0.0822,0.00419465,0.00420266
-0.0818,0.00866167,0.00613679
-0.0814,0,0
-0.081,0,0
-0.0806,0.00381617,0.00382278
-0.0802,0.00381797,0.00382459
-0.0798,0,0
-0.0794,0,0
-0.079,0,0
-0.0786,0,0
-0.0782,0.00423211,0.00424022
-0.0778,0,0
-0.0774,0,0
-0.077,0,0
-0.0766,0.00423182,0.00423991
-0.0762,0.00423331,0.00424141
-0.0758,0,0
-0.0754,0,0
-0.075,0,0
-0.0746,0,0
-0.0742,0,0
-0.0738,0,0
-0.0734,0,0
-0.073,0,0
-0.0726,0.00424496,0.00425309
-0.0722,0,0
-0.0718,0,0
-0.0714,0,0
-0.071,0,0
-0.0706,0,0
-0.0702,0,0
-0.0698,0,0
-0.0694,0,0
-0.069,0,0
-0.0686,0,0
-0.0682,0,0
-0.0678,0,0
-0.0674,0,0
-0.067,0.000805684,0.00187983
-0.0666,0,0
-0.0662,0,0
-0.0658,0,0
-0.0654,0,0
-0.065,0,0
-0.0646,0,0
-0.0642,0.0042608,0.00426894
-0.0638,0,0
-0.0634,0.00781019,0.00553736
-0.063,0.00421271,0.00422067
-0.0626,0,0
-0.0622,0,0
-0.0618,0,0
-0.0614,0,0
-0.061,0,0
-0.0606,0.00413905,0.00414672
-0.0602,0.00410579,0.00411334
-0.0598,0.00419536,0.00420324
-0.0594,0,0
-0.059,0,0
-0.0586,0,0
-0.0582,0,0
-0.0578,0,0
-0.0574,0,0
-0.057,0,0
-0.0566,0.0043256,0.00433398
-0.0562,0.00418079,0.00418861
-0.0558,0,0
-0.0554,1.4138e-05,0.000243265
-0.055,0,0
-0.0546,0.00405595,0.00406331
-0.0542,0,0
-0.0538,0,0
-0.0534,0,0
-0.053,0,0
-0.0526,0,0
-0.0522,0.00454005,0.00454927
-0.0518,0,0
-0.0514,0,0
-0.051,0,0
-0.0506,0,0
-0.0502,0,0
-0.0498,0,0
-0.0494,0.00808607,0.00573001
-0.049,0,0
-0.0486,0,0
-0.0482,0,0
-0.0478,0,0
-0.0474,0,0
-0.047,0,0
-0.0466,0,0
-0.0462,0.00125089,0.00222021
-0.0458,0.0040539,0.00406126
-0.0454,0.00803025,0.00568846
-0.045,0,0
-0.0446,0.0038629,0.00386958
-0.0442,0.00402752,0.00403478
-0.0438,0,0
-0.0434,0,0
-0.043,0,0
-0.0426,0.0013634,0.00240229
-0.0422,0.00131101,0.00241925
-0.0418,0,0
-0.0414,0.0122741,0.00710186
-0.041,0,0
-0.0406,0,0
-0.0402,0,0
-0.0398,0.00431372,0.00432203
-0.0394,0,0
-0.039,0.00859815,0.0060915
-0.0386,0,0
-0.0382,0.00402677,0.00403402
-0.0378,0.0024533,0.00318914
-0.0374,0.00417523,0.00418302
-0.037,0,0
-0.0366,0,0
-0.0362,0,0
-0.0358,0,0
-0.0354,0,0
-0.035,0.00376755,0.00377389
-0.0346,0.0044281,0.00443685
-0.0342,0,0
-0.0338,0,0
-0.0334,0,0
-0.033,0,0
-0.0326,0,0
-0.0322,0,0
-0.0318,0.00470587,0.00471575
-0.0314,0,0
-0.031,0,0
-0.0306,0.00374041,0.00374665
-0.0302,0,0
-0.0298,0.0107652,0.00670031
-0.0294,0,0
-0.029,0.00414032,0.00414796
-0.0286,0.0125455,0.00725925
-0.0282,0.00404462,0.00405191
-0.0278,0.00404605,0.00405334
-0.0274,0.00412162,0.00412918
-0.027,0.00409021,0.00409766
-0.0266,0.00235764,0.00313474
-0.0262,0.00261343,0.00354224
-0.0258,0.00427858,0.00428673
-0.0254,0.0039072,0.00391399
-0.025,0.00795917,0.00563796
-0.0246,0,0
-0.0242,0.00436764,0.00437613
-0.0238,0,0
-0.0234,0,0
-0.023,0.00877426,0.00621646
-0.0226,0.00872326,0.00618026
-0.0222,0,0
-0.0218,0,0
-0.0214,0.00629508,0.00528899
-0.021,0.00442631,0.00443502
-0.0206,0.00416274,0.00417045
-0.0202,0.00406199,0.00406933
-0.0198,0,0
-0.0194,0,0
-0.019,0,0
-0.0186,0.00411698,0.00412451
-0.0182,0,0
-0.0178,0,0
-0.0174,0,0
-0.017,0,0
-0.0166,0,0
-0.0162,0,0
-0.0158,0.00712658,0.00542403
-0.0154,0.0014239,0.00247701
-0.015,0,0
-0.0146,0,0
-0.0142,0,0
-0.0138,0.00362093,0.00375333
-0.0134,0.00387788,0.00388455
-0.013,0.00409598,0.00410342
-0.0126,0,0
-0.0122,0.00418247,0.00419022
-0.0118,0.00399099,0.00399804
-0.0114,0.0118384,0.00684738
-0.011,0.00391274,0.00391952
-0.0106,0,0
-0.0102,0,0
-0.0098,0.00420504,0.00421287
-0.0094,0.00420634,0.00421416
-0.009,0,0
-0.0086,0.00421124,0.00421908
-0.0082,0.012663,0.00732463
-0.0078,0.00633814,0.0052309
-0.0074,0.00895284,0.00634313
-0.007,0.00286072,0.00347857
-0.0066,0.00774567,0.00548639
-0.0062,0.00798799,0.00565832
-0.0058,0.0121589,0.00703441
-0.0054,0.00492258,0.00451685
-0.005,0.00773117,0.00547676
-0.0046,0.0170108,0.00852137
-0.0042,0.0208578,0.00934528
-0.0038,0.0126685,0.00732777
-0.0034,0.037149,0.0132016
-0.003,0.0770223,0.0187649
-0.0026,0.0963598,0.0201087
-0.0022,0.108356,0.0216799
-0.0018,0.188839,0.0279932
-0.0014,0.278576,0.0337645
-0.001,0.355672,0.0369878
-0.0006,0.435001,0.0416665
-0.0002,0.449265,0.0433595
0.0002,0.535976,0.0460208
0.0006,0.469109,0.0439171
0.001,0.397479,0.0406395
0.0014,0.380852,0.0399677
0.0018,0.263202,0.0342518
0.0022,0.135528,0.0248195
0.0026,0.126621,0.0243006
0.003,0.065811,0.0170591
0.0034,0.0872775,0.0200894
0.0038,0.0641742,0.0164075
0.0042,0.0308949,0.0113037
0.0046,0.0127235,0.00736024
0.005,0.0242075,0.00990955
0.0054,0,0
0.0058,0.0120513,0.00697006
0.0062,0.0321397,0.0108988
0.0066,0.0214142,0.00933487
0.007,0.0293664,0.0114982
0.0074,0.0230714,0.0103554
0.0078,0.00912271,0.00646361
0.0082,0.00413807,0.00414556
0.0086,0.0124169,0.00718192
0.009,0.0130486,0.00754799
0.0094,0,0
0.0098,0.0126078,0.00731368
0.0102,0,0
0.0106,0.00817523,0.00579113
0.011,0.00394297,0.00394977
0.0114,0.00103544,0.00211959
0.0118,0.00445867,0.00446735
0.0122,0.00855154,0.00605833
0.0126,0.00424048,0.00424833
0.013,0,0
0.0134,0,0
0.0138,0.00401551,0.00402254
0.0142,0.00410871,0.00411607
0.0146,0,0
0.015,0.00436566,0.00437396
0.0154,0.00858374,0.00608191
0.0158,0.00898186,0.00636357
0.0162,0.0045256,0.00453453
0.0166,0.00409778,0.00410509
0.017,0.012873,0.00744706
0.0174,0.0127317,0.00736427
0.0178,0.00432797,0.00433612
0.0182,0,0
0.0186,0.00417135,0.00417893
0.019,0.00427622,0.00428417
0.0194,0.00387129,0.00387781
0.0198,0,0
0.0202,0,0
0.0206,0.00405594,0.00406309
0.021,0,0
0.0214,0,0
0.0218,0,0
0.0222,0.0080872,0.00572857
0.0226,0.00427216,0.00428008
0.023,0,0
0.0234,0.00430541,0.00431346
0.0238,0.00465789,0.0046673
0.0242,0.00886748,0.00629047
0.0246,0.00347312,0.00385923
0.025,0.0040719,0.00407909
0.0254,0,0
0.0258,0.00445858,0.0044672
0.0262,0.00445944,0.00446806
0.0266,0.0038854,0.00389194
0.027,0.0122946,0.00711107
0.0274,0.00812154,0.00575291
0.0278,0,0
0.0282,0.0043142,0.00432226
0.0286,0,0
0.029,0.00837429,0.00593258
0.0294,0.0041043,0.00411159
0.0298,0,0
0.0302,0.00415066,0.00415811
0.0306,0,0
0.031,0,0
0.0314,0.00407375,0.00408093
0.0318,0,0
0.0322,0.00857903,0.00608168
0.0326,0.00969903,0.00687263
0.033,0,0
0.0334,0.00462778,0.00463703
0.0338,0,0
0.0342,0.00436375,0.00437197
0.0346,0.00438129,0.00438958
0.035,0.0043822,0.00439048
0.0354,0,0
0.0358,0,0
0.0362,0,0
0.0366,0,0
0.037,0,0
0.0374,0.00431349,0.00432151
0.0378,0,0
0.0382,0,0
0.0386,0.00383212,0.00383844
0.039,0,0
0.0394,0,0
0.0398,0.00409997,0.00410721
0.0402,0,0
0.0406,0,0
0.041,0,0
0.0414,0,0
0.0418,0,0
0.0422,0,0
0.0426,0.0088479,0.00626832
0.043,0,0
0.0434,0,0
0.0438,0,0
0.0442,0.00417774,0.00418523
0.0446,0.00445335,0.00446187
0.045,0.00405432,0.00406138
0.0454,0.00790656,0.00560123
0.0458,0.00424687,0.00425461
0.0462,0,0
0.0466,0,0
0.047,0.00477402,0.00449873
0.0474,0,0
0.0478,0,0
0.0482,0,0
0.0486,0.00404747,0.00405449
0.049,0,0
0.0494,0,0
0.0498,0,0
0.0502,0,0
0.0506,0.00905463,0.00641501
0.051,0,0
0.0514,0.00842902,0.00597097
0.0518,0.00421591,0.0042235
0.0522,0.00408543,0.00409257
0.0526,0.00430714,0.00431507
0.053,0,0
0.0534,0,0
0.0538,0.0042898,0.00429765
0.0542,0,0
0.0546,0,0
0.055,0,0
0.0554,0,0
0.0558,0.00469539,0.00470477
0.0562,0.00419202,0.0041995
0.0566,0,0
0.057,0.00387429,0.00422227
0.0574,0,0
0.0578,0,0
0.0582,0.00414247,0.00414976
0.0586,0,0
0.059,0,0
0.0594,0.00443403,0.00444237
0.0598,0.0042019,0.00420938
0.0602,0,0
0.0606,0,0
0.061,0.00412287,0.00413006
0.0614,0,0
0.0618,0,0
0.0622,0,0
0.0626,0.00433488,0.00434281
0.063,0,0
0.0634,0.0134476,0.00777868
0.0638,0,0
0.0642,0.00430683,0.00431465
0.0646,0,0
0.065,0,0
0.0654,0,0
0.0658,0.00396601,0.00397263
0.0662,0.00396833,0.00397495
0.0666,0,0
0.067,0.00421663,0.00422409
0.0674,0,0
0.0678,0,0
0.0682,0,0
0.0686,0,0
0.069,0.00426457,0.00427218
0.0694,0,0
0.0698,0.00442787,0.00443607
0.0702,0,0
0.0706,0,0
0.071,0.00705263,0.00564837
0.0714,0,0
0.0718,0.00407506,0.00408198
0.0722,0,0
0.0726,1.69627e-05,0.000276416
0.073,0,0
0.0734,0,0
0.0738,0.00828497,0.00586845
0.0742,0,0
0.0746,0,0
0.075,0,0
0.0754,0,0
0.0758,0,0
0.0762,0,0
0.0766,0,0
0.077,0,0
0.0774,0,0
0.0778,0,0
0.0782,0,0
0.0786,0,0
0.079,0,0
0.0794,0,0
0.0798,0,0
0.0802,0,0
0.0806,0.00389313,0.00389938
0.081,0,0
0.0814,0,0
0.0818,0,0
0.0822,0,0
0.0826,0,0
0.083,0,0
0.0834,0.00396718,0.00397365
0.0838,0,0
0.0842,0.00418693,0.00419412
0.0846,0,0
0.085,0,0
0.0854,0.00428916,0.0042967
0.0858,0.00858244,0.00607938
0.0862,0.00433021,0.00433789
0.0866,0.00914427,0.00648706
0.087,0,0
0.0874,0,0
0.0878,0,0
0.0882,0,0
0.0886,0,0
0.089,0.00429817,0.00430571
0.0894,0,0
0.0898,0,0
0.0902,0,0
0.0906,0.00424474,0.00425208
0.091,0,0
0.0914,0,0
0.0918,0.00461596,0.00462463
0.0922,0.00693148,0.00560171
0.0926,0,0
0.093,0,0
0.0934,0,0
0.0938,0,0
0.0942,0,0
0.0946,0,0
0.095,0,0
0.0954,0,0
0.0958,0,0
0.0962,0,0
0.0966,0,0
0.097,0.00483127,0.00484071
0.0974,0,0
0.0978,0,0
0.0982,0.00464469,0.00465342
0.0986,0,0
0.099,0.00425362,0.00426094
0.0994,0.00444703,0.00445502
0.0998,0,0
0.1002,0,0
0.1006,0.00209885,0.00324659
0.101,0,0
0.1014,0,0
0.1018,0.00517005,0.00518084
0.1022,0,0
0.1026,0.00537564,0.0053873
0.103,0,0
0.1034,0.0105182,0.00745328
0.1038,0.0013934,0.00280798
0.1042,0,0
0.1046,0,0
0.105,0.00215574,0.00350423
0.1054,0,0
0.1058,0,0
0.1062,0,0
0.1066,0,0
0.107,0,0
0.1074,0.00529228,0.00530356
0.1078,0.00578079,0.00579425
0.1082,0,0
0.1086,0,0
0.109,0,0
0.1094,0,0
0.1098,0,0
0.1102,0.00688364,0.00690271
0.1106,0,0
0.111,0,0
0.1114,0.00606434,0.00607915
0.1118,0,0
0.1122,0,0
0.1126,0.00605802,0.00607279
0.113,0.00599017,0.00600462
0.1134,0,0
0.1138,0.00696021,0.00684403
0.1142,0,0
0.1146,0,0
0.115,0,0
0.1154,0.00703386,0.00705378
0.1158,0,0
0.1162,0,0
0.1166,0,0
0.117,0.0145834,0.0103423
0.1174,0,0
0.1178,0,0
0.1182,0.00704456,0.00706455
0.1186,0,0
0.119,0,0
0.1194,0,0
0.1198,0,0
9
-0.1198,0,0
-0.1194,0,0
-0.119,0.00382378,0.00383095
-0.1186,0,0
-0.1182,0,0
-0.1178,0,0
-0.1174,0,0
-0.117,0,0
-0.1166,0,0
-0.1162,0,0
-0.1158,0,0
-0.1154,0,0
-0.115,0,0
-0.1146,0,0
-0.1142,0,0
-0.1138,0,0
-0.1134,0,0
-0.113,0.00402723,0.00403526
-0.1126,0,0
-0.1122,0,0
-0.1118,0,0
-0.1114,0,0
-0.111,0,0
-0.1106,0,0
-0.1102,0,0
-0.1098,0,0
-0.1094,0,0
-0.109,0,0
-0.1086,0,0
-0.1082,0,0
-0.1078,0,0
-0.1074,0,0
-0.107,0,0
-0.1066,0,0
-0.1062,0,0
-0.1058,0,0
-0.1054,0,0
-0.105,0.00367327,0.00368004
-0.1046,0,0
-0.1042,0.00410864,0.00411711
-0.1038,0,0
-0.1034,0,0
-0.103,0,0
-0.1026,0,0
-0.1022,0,0
-0.1018,0.00103496,0.00195305
-0.1014,0,0
-0.101,0,0
-0.1006,0,0
-0.1002,0,0
-0.0998,0.00393038,0.00393818
-0.0994,0,0
-0.099,0.00340226,0.00340812
-0.0986,0,0
-0.0982,0,0
-0.0978,0,0
-0.0974,0.00374319,0.0037503
-0.097,0.00397916,0.0039872
-0.0966,0,0
-0.0962,0,0
-0.0958,0,0
-0.0954,0,0
-0.095,0,0
-0.0946,0.00372879,0.00373587
-0.0942,0.00375784,0.00376504
-0.0938,0.0036696,0.00367646
-0.0934,0,0
-0.093,0,0
-0.0926,0,0
-0.0922,0.00360419,0.00361082
-0.0918,0,0
-0.0914,0,0
-0.091,0,0
-0.0906,0,0
-0.0902,0,0
-0.0898,0,0
-0.0894,0,0
-0.089,0,0
-0.0886,0.00363652,0.00364331
-0.0882,0.00723138,0.00512438
-0.0878,0,0
-0.0874,0,0
-0.087,0,0
-0.0866,0.00344804,0.00345415
-0.0862,0.00382736,0.0038349
-0.0858,0,0
-0.0854,0.00373748,0.00374467
-0.085,0.00371127,0.00371837
-0.0846,0,0
-0.0842,0,0
-0.0838,0,0
-0.0834,0,0
-0.083,0,0
-0.0826,0.00339747,0.00340343
-0.0822,0.00744663,0.00527588
-0.0818,0,0
-0.0814,0,0
-0.081,0,0
-0.0806,0,0
-0.0802,0.00334627,0.00335206
-0.0798,0,0
-0.0794,0,0
-0.079,0,0
-0.0786,0,0
-0.0782,0,0
-0.0778,0.00369191,0.00369898
-0.0774,0,0
-0.077,0,0
-0.0766,0,0
-0.0762,0,0
-0.0758,0,0
-0.0754,0,0
-0.075,0,0
-0.0746,0,0
-0.0742,0.00352891,0.00353539
-0.0738,0.0074606,0.0052862
-0.0734,0,0
-0.073,0,0
-0.0726,0.00366731,0.00367433
-0.0722,0,0
-0.0718,0.00364811,0.00365506
-0.0714,0.00351442,0.00352087
-0.071,0,0
-0.0706,0,0
-0.0702,0,0
-0.0698,0.00379655,0.00380409
-0.0694,0,0
-0.069,0.00338077,0.00338675
-0.0686,0,0
-0.0682,0,0
-0.0678,0.00733416,0.00520474
-0.0674,0,0
-0.067,0.00756179,0.00535787
-0.0666,0.00374149,0.00374883
-0.0662,0.00360346,0.00361028
-0.0658,0,0
-0.0654,0.0036558,0.00366282
-0.065,0.00707318,0.0050136
-0.0646,0.00376582,0.00377326
-0.0642,0.00363746,0.00364441
-0.0638,0,0
-0.0634,0.003189,0.00319435
-0.063,0,0
-0.0626,0,0
-0.0622,0,0
-0.0618,0,0
-0.0614,0.003357,0.00336293
-0.061,0,0
-0.0606,0.00703852,0.00498622
-0.0602,0,0
-0.0598,0,0
-0.0594,0.00684816,0.00485113
-0.059,0,0
-0.0586,0,0
-0.0582,0,0
-0.0578,0.00353698,0.00354358
-0.0574,0,0
-0.057,0.00706989,0.00500856
-0.0566,0,0
-0.0562,0.00354064,0.00354727
-0.0558,0,0
-0.0554,0.00705889,0.00500071
-0.055,0,0
-0.0546,0.00673135,0.00476827
-0.0542,0,0
-0.0538,0,0
-0.0534,0,0
-0.053,0,0
-0.0526,0,0
-0.0522,0.00383419,0.00384198
-0.0518,0.00375836,0.00376584
-0.0514,0.00395145,0.00395972
-0.051,0.00364907,0.00365613
-0.0506,0,0
-0.0502,0.0104298,0.00603277
-0.0498,0.00674959,0.00478183
-0.0494,0,0
-0.049,0,0
-0.0486,0,0
-0.0482,0,0
-0.0478,0.00352308,0.00352967
-0.0474,0.00352932,0.00353594
-0.047,0.00374459,0.00375205
-0.0466,0.00367206,0.00367923
-0.0462,0.00340824,0.00341442
-0.0458,0,0
-0.0454,0.00337326,0.00337932
-0.045,0,0
-0.0446,0.00338023,0.00338632
-0.0442,0,0
-0.0438,0,0
-0.0434,0,0
-0.043,0,0
-0.0426,0.0109766,0.00635168
-0.0422,0,0
-0.0418,0,0
-0.0414,0.00348386,0.00349035
-0.041,0.00655961,0.00464652
-0.0406,0,0
-0.0402,0.00325165,0.0032573
-0.0398,0.0104711,0.00605682
-0.0394,0,0
-0.039,0.00716763,0.00507801
-0.0386,0.00329902,0.00330486
-0.0382,0,0
-0.0378,0.00343773,0.00344407
-0.0374,0,0
-0.037,0,0
-0.0366,0.0103168,0.00598307
-0.0362,0.00644376,0.00456837
-0.0358,0.00393274,0.00394105
-0.0354,0,0
-0.035,0.0034892,0.00349576
-0.0346,0.00348762,0.00349417
-0.0342,0.00713782,0.00505691
-0.0338,0,0
-0.0334,0,0
-0.033,0.00639116,0.00452703
-0.0326,0.00347103,0.00347753
-0.0322,0.00761383,0.00539606
-0.0318,0,0
-0.0314,0,0
-0.031,0,0
-0.0306,0.00310261,0.00310782
-0.0302,0.00340954,0.00341583
-0.0298,0.00138543,0.00217041
-0.0294,0,0
-0.029,0.0135188,0.00677197
-0.0286,7.32659e-06,0.000159036
-0.0282,0.00332238,0.00332837
-0.0278,0,0
-0.0274,0.00670173,0.00474766
-0.027,0.010088,0.00583498
-0.0266,0.0048743,0.00408042
-0.0262,0,0
-0.0258,0.00710855,0.00503677
-0.0254,0,0
-0.025,0.00650734,0.00460954
-0.0246,0,0
-0.0242,0.00356669,0.00357362
-0.0238,0.00320654,0.00321215
-0.0234,0.00667608,0.0047293
-0.023,0,0
-0.0226,0.00355342,0.00356032
-0.0222,0.00351902,0.00352578
-0.0218,0,0
-0.0214,0.00927901,0.00579073
-0.021,0.00719447,0.00509727
-0.0206,0,0
-0.0202,0,0
-0.0198,0.00698044,0.00494759
-0.0194,0.00331851,0.00332455
-0.019,0.00688024,0.00487598
-0.0186,0.00669397,0.00474205
-0.0182,0.00999551,0.00578148
-0.0178,0.00322388,0.00322958
-0.0174,0.00300176,0.00300671
-0.017,0.00661323,0.00468477
-0.0166,0.00999636,0.00578199
-0.0162,0.00666108,0.00471874
-0.0158,0.00661136,0.00468346
-0.0154,0.00983196,0.00569109
-0.015,0.00345581,0.0034624
-0.0146,0.00347333,0.00347998
-0.0142,0.00658519,0.00467182
-0.0138,0.00638563,0.00452329
-0.0134,0.00319768,0.00320333
-0.013,0.00639194,0.00452777
-0.0126,0.00335093,0.00335714
-0.0122,0.00330353,0.00330957
-0.0118,0.012773,0.00639783
-0.0114,0.00312722,0.00313263
-0.011,0,0
-0.0106,0.00318195,0.00318756
-0.0102,0.00317242,0.003178
-0.0098,0.0100514,0.00581396
-0.0094,0,0
-0.009,0.00355816,0.0035652
-0.0086,0.00711226,0.00503908
-0.0082,0,0
-0.0078,0.0206094,0.00843086
-0.0074,0.0106393,0.00615477
-0.007,0.0212996,0.00848979
-0.0066,0.00946429,0.00547836
-0.0062,0.0157747,0.00706713
-0.0058,0.00629901,0.00446191
-0.0054,0.021344,0.0082049
-0.005,0.0276748,0.00924163
-0.0046,0.00979732,0.00567075
-0.0042,0.00659965,0.00467541
-0.0038,0.013487,0.00675838
-0.0034,0.0521007,0.01396
-0.003,0.0326243,0.0108939
-0.0026,0.0542062,0.0133712
-0.0022,0.090793,0.017537
-0.0018,0.139084,0.0212608
-0.0014,0.229596,0.0271351
-0.001,0.269625,0.028617
-0.0006,0.416214,0.0361122
-0.0002,0.511654,0.0408707
0.0002,0.400272,0.0351427
0.0006,0.365415,0.0343767
0.001,0.304433,0.0314668
0.0014,0.214733,0.0265104
0.0018,0.140545,0.0219661
0.0022,0.0783365,0.0167492
0.0026,0.0791247,0.017084
0.003,0.0578853,0.014087
0.0034,0.0402601,0.0121694
0.0038,0.0348728,0.0107103
0.0042,0.00953623,0.00551563
0.0046,0.0096934,0.00560671
0.005,0.0187779,0.00768689
0.0054,0.0129596,0.00649616
0.0058,0.0243322,0.00862468
0.0062,0.0140897,0.00635919
0.0066,0.0420194,0.011379
0.007,0.0325311,0.0106147
0.0074,0.028801,0.010204
0.0078,0.0140943,0.00706126
0.0082,0.0075199,0.0053287
0.0086,0.00940198,0.00543987
0.009,0.00636799,0.00451747
0.0094,0.00315384,0.00315948
0.0098,0.00341121,0.00341781
0.0102,0,0
0.0106,0.00315643,0.00316208
0.011,0.00303192,0.00303714
0.0114,0,0
0.0118,0.00684892,0.00485235
0.0122,0.00661462,0.00468604
0.0126,0,0
0.013,0.00955706,0.00552779
0.0134,0,0
0.0138,0.0123737,0.00619807
0.0142,0.00316401,0.00316971
0.0146,0.00305946,0.00306479
0.015,0.00333866,0.00334501
0.0154,0.00322366,0.00322959
0.0158,0.00343084,0.00343756
0.0162,0.00658385,0.00467004
0.0166,0,0
0.017,0.00658203,0.0046636
0.0174,0.00323522,0.0032412
0.0178,0,0
0.0182,0,0
0.0186,0.00960566,0.00555638
0.019,0,0
0.0194,0.00588775,0.00417029
0.0198,0.00300483,0.00301
0.0202,0.0031847,0.0031905
0.0206,0.00307981,0.00308524
0.021,0,0
0.0214,0.00294668,0.00295165
0.0218,0.00322241,0.00322836
0.0222,0,0
0.0226,0,0
0.023,0.00321787,0.0032238
0.0234,0,0
0.0238,0.00352332,0.00353044
0.0242,0.00636426,0.00450843
0.0246,0.0069558,0.00471208
0.025,0.00307586,0.00308129
0.0254,0,0
0.0258,0.0100944,0.00583931
0.0262,0.00292199,0.0029269
0.0266,0.00310375,0.00310929
0.027,0.003103,0.00310854
0.0274,0.00305904,0.00306442
0.0278,0.00315302,0.00315874
0.0282,0,0
0.0286,0.00629138,0.00445902
0.029,0.00318101,0.00318684
0.0294,0.00318017,0.00318599
0.0298,0.00634456,0.00449448
0.0302,0,0
0.0306,0.0031162,0.0031218
0.031,0.0089077,0.00515168
0.0314,0.00305525,0.00306063
0.0318,0.00666665,0.0047231
0.0322,0,0
0.0326,0.00363266,0.00364027
0.033,0.00944411,0.00546247
0.0334,0.0138548,0.00694125
0.0338,0,0
0.0342,0,0
0.0346,0.00319778,0.00320368
0.035,0,0
0.0354,0,0
0.0358,0.0107653,0.0062334
0.0362,0,0
0.0366,0.0032289,0.00323492
0.037,0,0
0.0374,0,0
0.0378,0.00974601,0.00564849
0.0382,0.00314153,0.00314723
0.0386,0,0
0.039,0,0
0.0394,0,0
0.0398,0.00304885,0.00305423
0.0402,0.003042,0.00304736
0.0406,0.00841752,0.00486811
0.041,0.00582191,0.00412936
0.0414,0.00975145,0.00564534
0.0418,0.00673603,0.00477252
0.0422,0,0
0.0426,0,0
0.043,0.00302783,0.00303315
0.0434,0.00649241,0.00459947
0.0438,0.0030945,0.00310005
0.0442,0.00301432,0.00301959
0.0446,0.00329676,0.00330307
0.045,0,0
0.0454,0,0
0.0458,0,0
0.0462,0,0
0.0466,0,0
0.047,0.00583383,0.0042741
0.0474,0.00606857,0.00429869
0.0478,0.00298311,0.00298828
0.0482,0.0120066,0.00601382
0.0486,0,0
0.049,0,0
0.0494,0.00693181,0.00491141
0.0498,0,0
0.0502,0,0
0.0506,0,0
0.051,0,0
0.0514,0,0
0.0518,0,0
0.0522,0.00318743,0.00319335
0.0526,0.00310291,0.00310852
0.053,0.00631326,0.00447237
0.0534,0,0
0.0538,0.00940338,0.00543899
0.0542,0.00937715,0.00542379
0.0546,0.00627631,0.00444993
0.055,0.00324693,0.00325308
0.0554,0.00298226,0.00298745
0.0558,0,0
0.0562,0.00309546,0.00310106
0.0566,0.00302033,0.00302566
0.057,0.000515943,0.0013141
0.0574,0.0031552,0.00316102
0.0578,0,0
0.0582,0,0
0.0586,0.00309293,0.00309853
0.059,0,0
0.0594,0.00324726,0.00325343
0.0598,0,0
0.0602,0,0
0.0606,0,0
0.061,0.00297468,0.00297987
0.0614,0,0
0.0618,0.00335776,0.00336438
0.0622,0,0
0.0626,0,0
0.063,0.00311537,0.00312107
0.0634,0,0
0.0638,0.0061058,0.00432521
0.0642,0,0
0.0646,0,0
0.065,0,0
0.0654,0.00594888,0.00421387
0.0658,0.00317747,0.00318341
0.0662,0,0
0.0666,0.00615342,0.00436978
0.067,0.00300024,0.00300554
0.0674,0,0
0.0678,0.0029328,0.00293788
0.0682,0.00299749,0.0030028
0.0686,0.00299629,0.00300159
0.069,0.00313562,0.00314143
0.0694,0.00301826,0.00302364
0.0698,0,0
0.0702,0,0
0.0706,0,0
0.071,0.00773163,0.00496397
0.0714,0.00304904,0.00305455
0.0718,0,0
0.0722,0.00338112,0.0033879
0.0726,0,0
0.073,0.0031483,0.00315418
0.0734,0,0
0.0738,0,0
0.0742,0,0
0.0746,0.00283897,0.00284376
0.075,0.00934924,0.00540782
0.0754,0.00310287,0.0031086
0.0758,0,0
0.0762,0.00614984,0.00435656
0.0766,0,0
0.077,0,0
0.0774,0.00301921,0.00302464
0.0778,0,0
0.0782,0.00558292,0.0039548
0.0786,0.00306836,0.00307397
0.079,0.00292721,0.00293233
0.0794,0,0
0.0798,0,0
0.0802,0.00270684,0.00271122
0.0806,0.00268208,0.00268638
0.081,0.00326622,0.0032726
0.0814,0.00278229,0.00278693
0.0818,0.0057176,0.00404988
0.0822,0,0
0.0826,0,0
0.083,0.00941662,0.00544693
0.0834,0,0
0.0838,0.00572435,0.00405469
0.0842,0,0
0.0846,0.00321996,0.00322619
0.085,0,0
0.0854,0,0
0.0858,0,0
0.0862,0.00298376,0.00298912
0.0866,0.00980972,0.00567481
0.087,0,0
0.0874,0,0
0.0878,0,0
0.0882,0.00280337,0.00280811
0.0886,0.00559498,0.00396293
0.089,0,0
0.0894,0.00287145,0.00287643
0.0898,0.00291461,0.00291974
0.0902,0,0
0.0906,0,0
0.091,0,0
0.0914,0.00288301,0.00288804
0.0918,0,0
0.0922,0.00133293,0.00196562
0.0926,0.0029217,0.00292686
0.093,0.00292094,0.0029261
0.0934,0,0
0.0938,0.00302655,0.00303209
0.0942,0,0
0.0946,0.00309631,0.00310212
0.095,0.00297584,0.00298121
0.0954,0.00583395,0.00413524
0.0958,0,0
0.0962,0.00323602,0.00324236
0.0966,0,0
0.097,0,0
0.0974,0.00293961,0.00294484
0.0978,0,0
0.0982,0.00321137,0.00321762
0.0986,0,0
0.099,0.00283665,0.00284153
0.0994,0,0
0.0998,0,0
0.1002,0.00646175,0.0045781
0.1006,0.00526619,0.00419752
0.101,0,0
0.1014,0,0
0.1018,0,0
0.1022,0.0070261,0.00497879
0.1026,0.00715514,0.00507042
0.103,0.00349869,0.00350611
0.1034,0.00743084,0.00526624
0.1038,0.00656637,0.00497124
0.1042,0.00335666,0.00336349
0.1046,0.00708903,0.00502348
0.105,0,0
0.1054,0,0
0.1058,0,0
0.1062,0,0
0.1066,0.00381286,0.00382168
0.107,0.00365363,0.00366172
0.1074,0.00351414,0.00352163
0.1078,0,0
0.1082,0,0
0.1086,0.00374189,0.00375038
0.109,0,0
0.1094,0,0
0.1098,0,0
0.1102,0.00393621,0.00394561
0.1106,0,0
0.111,0.00391506,0.00392436
0.1114,0.00402173,0.00403155
0.1118,0.0044624,0.00447449
0.1122,0.0041932,0.00420387
0.1126,0,0
0.113,0,0
0.1134,0,0
0.1138,0.0042602,0.00435935
0.1142,0,0
0.1146,0.0100329,0.00711593
0.115,0,0
0.1154,0,0
0.1158,0,0
0.1162,0,0
0.1166,0.00475235,0.00476607
0.117,0.00917259,0.00650408
0.1174,0.00504509,0.00506056
0.1178,0.00955318,0.00678551
0.1182,0.0046681,0.00468135
0.1186,0.0147759,0.00855714
0.119,0.0099249,0.00703953
0.1194,0,0
0.1198,0,0
