# X , Y , E Distribution=true
1
-0.1198,0,0
-0.1194,0,0
-0.119,0,0
-0.1186,0,0
-0.1182,0,0
-0.1178,0,0
-0.1174,0,0
-0.117,0,0
-0.1166,0,0
-0.1162,0,0
-0.1158,0,0
-0.1154,0,0
-0.115,0,0
-0.1146,0,0
-0.1142,0,0
-0.1138,0,0
-0.1134,0,0
-0.113,0,0
-0.1126,0,0
-0.1122,0,0
-0.1118,0,0
-0.1114,0,0
-0.111,0,0
-0.1106,0,0
-0.1102,0.0128145,0.012839
-0.1098,0,0
-0.1094,0,0
-0.109,0,0
-0.1086,0,0
-0.1082,0,0
-0.1078,0,0
-0.1074,0,0
-0.107,0,0
-0.1066,0,0
-0.1062,0,0
-0.1058,0,0
-0.1054,0,0
-0.105,0,0
-0.1046,0,0
-0.1042,0,0
-0.1038,0,0
-0.1034,0,0
-0.103,0,0
-0.1026,0,0
-0.1022,0,0
-0.1018,0,0
-0.1014,0,0
-0.101,0,0
-0.1006,0,0
-0.1002,0,0
-0.0998,0,0
-0.0994,0,0
-0.099,0,0
-0.0986,0,0
-0.0982,0,0
-0.0978,0,0
-0.0974,0,0
-0.097,0,0
-0.0966,0,0
-0.0962,0,0
-0.0958,0,0
-0.0954,0.0127648,0.0127889
-0.095,0,0
-0.0946,0,0
-0.0942,0,0
-0.0938,0,0
-0.0934,0,0
-0.093,0,0
-0.0926,0,0
-0.0922,0,0
-0.0918,0,0
-0.0914,0,0
-0.091,0,0
-0.0906,0,0
-0.0902,0,0
-0.0898,0,0
-0.0894,0,0
-0.089,0,0
-0.0886,0,0
-0.0882,0,0
-0.0878,0,0
-0.0874,0,0
-0.087,0,0
-0.0866,0,0
-0.0862,0,0
-0.0858,0,0
-0.0854,0.0120631,0.0120846
-0.085,0,0
-0.0846,0,0
-0.0842,0,0
-0.0838,0,0
-0.0834,0,0
-0.083,0,0
-0.0826,0,0
-0.0822,0,0
-0.0818,0,0
-0.0814,0,0
-0.081,0,0
-0.0806,0,0
-0.0802,0,0
-0.0798,0,0
-0.0794,0,0
-0.079,0,0
-0.0786,0,0
-0.0782,0,0
-0.0778,0,0
-0.0774,0,0
-0.077,0,0
-0.0766,0,0
-0.0762,0,0
-0.0758,0,0
-0.0754,0,0
-0.075,0,0
-0.0746,0,0
-0.0742,0,0
-0.0738,0,0
-0.0734,0,0
-0.073,0,0
-0.0726,0,0
-0.0722,0,0
-0.0718,0,0
-0.0714,0,0
-0.071,0,0
-0.0706,0,0
-0.0702,0,0
-0.0698,0,0
-0.0694,0,0
-0.069,0,0
-0.0686,0,0
-0.0682,0,0
-0.0678,0,0
-0.0674,0.0124112,0.0124337
-0.067,0,0
-0.0666,0,0
-0.0662,0,0
-0.0658,0,0
-0.0654,0,0
-0.065,0,0
-0.0646,0,0
-0.0642,0,0
-0.0638,0,0
-0.0634,0,0
-0.063,0,0
-0.0626,0,0
-0.0622,0,0
-0.0618,0,0
-0.0614,0,0
-0.061,0,0
-0.0606,0.0139073,0.0139356
-0.0602,0,0
-0.0598,0,0
-0.0594,0,0
-0.059,0,0
-0.0586,0,0
-0.0582,0,0
-0.0578,0,0
-0.0574,0,0
-0.057,0,0
-0.0566,0,0
-0.0562,0,0
-0.0558,0,0
-0.0554,0,0
-0.055,0,0
-0.0546,0,0
-0.0542,0.00878215,0.0107445
-0.0538,0.00621153,0.00869871
-0.0534,0,0
-0.053,0,0
-0.0526,0.0127989,0.0128228
-0.0522,0,0
-0.0518,0,0
-0.0514,0,0
-0.051,0,0
-0.0506,0,0
-0.0502,0,0
-0.0498,0,0
-0.0494,0,0
-0.049,0.0127239,0.0127475
-0.0486,0,0
-0.0482,0,0
-0.0478,0,0
-0.0474,0,0
-0.047,0,0
-0.0466,0,0
-0.0462,0,0
-0.0458,0,0
-0.0454,0,0
-0.045,0,0
-0.0446,0,0
-0.0442,0,0
-0.0438,0,0
-0.0434,0,0
-0.043,0,0
-0.0426,0,0
-0.0422,0.0122358,0.0122575
-0.0418,0,0
-0.0414,0,0
-0.041,0,0
-0.0406,0,0
-0.0402,0,0
-0.0398,0,0
-0.0394,0,0
-0.039,0,0
-0.0386,0,0
-0.0382,0,0
-0.0378,0,0
-0.0374,0,0
-0.037,0,0
-0.0366,0.0137558,0.0137832
-0.0362,0,0
-0.0358,0,0
-0.0354,0,0
-0.035,0,0
-0.0346,0,0
-0.0342,0,0
-0.0338,0,0
-0.0334,0.0144121,0.0137028
-0.033,0,0
-0.0326,0,0
-0.0322,0,0
-0.0318,0,0
-0.0314,0,0
-0.031,0,0
-0.0306,0,0
-0.0302,0,0
-0.0298,0,0
-0.0294,0,0
-0.029,0,0
-0.0286,0,0
-0.0282,0,0
-0.0278,0,0
-0.0274,0.0134415,0.0134675
-0.027,0,0
-0.0266,0,0
-0.0262,0,0
-0.0258,0.0121609,0.0121822
-0.0254,0,0
-0.025,0,0
-0.0246,0,0
-0.0242,0,0
-0.0238,0,0
-0.0234,0.0128952,0.0129191
-0.023,0,0
-0.0226,0.0254296,0.0185247
-0.0222,0,0
-0.0218,0,0
-0.0214,0,0
-0.021,0,0
-0.0206,0,0
-0.0202,0.0127724,0.0127958
-0.0198,0,0
-0.0194,0.00272196,0.00582673
-0.019,0.0117602,0.01178
-0.0186,0.0124406,0.0124628
-0.0182,0,0
-0.0178,0,0
-0.0174,0,0
-0.017,0,0
-0.0166,0,0
-0.0162,0.0143768,0.0144063
-0.0158,0,0
-0.0154,0,0
-0.015,0,0
-0.0146,0,0
-0.0142,0,0
-0.0138,0,0
-0.0134,0,0
-0.013,0,0
-0.0126,0,0
-0.0122,0,0
-0.0118,0,0
-0.0114,0.0131302,0.0131548
-0.011,0.0131324,0.013157
-0.0106,0.0386655,0.0224151
-0.0102,0,0
-0.0098,0,0
-0.0094,0.0230713,0.0173781
-0.009,0,0
-0.0086,0,0
-0.0082,0,0
-0.0078,0.0261632,0.0185417
-0.0074,0.0254341,0.0180173
-0.007,0,0
-0.0066,0,0
-0.0062,0,0
-0.0058,0.0389746,0.0224808
-0.0054,0,0
-0.005,0.0394994,0.0231514
-0.0046,0.0249215,0.0176535
-0.0042,0.0505716,0.0262896
-0.0038,0.0524827,0.0260108
-0.0034,0.14567,0.0421323
-0.003,0.175473,0.0465895
-0.0026,0.374684,0.0705139
-0.0022,0.791917,0.100877
-0.0018,1.25751,0.126841
-0.0014,1.72504,0.145051
-0.001,3.19669,0.19558
-0.0006,4.70084,0.256635
-0.0002,4.76124,0.252828
0.0002,3.81881,0.220341
0.0006,3.10563,0.203045
0.001,2.05339,0.166194
0.0014,1.03154,0.113859
0.0018,0.470081,0.0755588
0.0022,0.203162,0.0489595
0.0026,0.0628916,0.0276459
0.003,0.0129583,0.0129821
0.0034,0.0220569,0.0165732
0.0038,0,0
0.0042,0.0140328,0.0140606
0.0046,0,0
0.005,0.0139341,0.0139616
0.0054,0,0
0.0058,0,0
0.0062,0,0
0.0066,0.0131564,0.0131809
0.007,0,0
0.0074,0,0
0.0078,0.0125609,0.0125832
0.0082,0,0
0.0086,0,0
0.009,0,0
0.0094,0,0
0.0098,0,0
0.0102,0.00356886,0.00683701
0.0106,0.0134564,0.013482
0.011,0.0257374,0.0183279
0.0114,0,0
0.0118,0,0
0.0122,0,0
0.0126,0,0
0.013,0,0
0.0134,0,0
0.0138,0,0
0.0142,0.0134268,0.0134522
0.0146,0,0
0.015,0,0
0.0154,0,0
0.0158,0,0
0.0162,0,0
0.0166,0,0
0.017,0,0
0.0174,0,0
0.0178,0,0
0.0182,0,0
0.0186,0,0
0.019,0.000650388,0.00280448
0.0194,0,0
0.0198,0,0
0.0202,0,0
0.0206,0,0
0.021,0,0
0.0214,0,0
0.0218,0,0
0.0222,0,0
0.0226,0,0
0.023,0,0
0.0234,0,0
0.0238,0,0
0.0242,0,0
0.0246,0.00207054,0.00523882
0.025,0,0
0.0254,0,0
0.0258,0,0
0.0262,0,0
0.0266,0,0
0.027,0,0
0.0274,0,0
0.0278,0.013949,0.0139762
0.0282,0,0
0.0286,0,0
0.029,0,0
0.0294,0,0
0.0298,0,0
0.0302,0,0
0.0306,0,0
0.031,0,0
0.0314,0,0
0.0318,0,0
0.0322,0,0
0.0326,0,0
0.033,0,0
0.0334,0,0
0.0338,0,0
0.0342,0,0
0.0346,0,0
0.035,0,0
0.0354,0.0135045,0.0135299
0.0358,0,0
0.0362,0,0
0.0366,0,0
0.037,0.0132454,0.0132698
0.0374,0,0
0.0378,0,0
0.0382,0,0
0.0386,0,0
0.039,0,0
0.0394,0,0
0.0398,0,0
0.0402,0,0
0.0406,0,0
0.041,0,0
0.0414,0,0
0.0418,0,0
0.0422,0,0
0.0426,0.0137757,0.013802
0.043,0,0
0.0434,0,0
0.0438,0.0140687,0.0140962
0.0442,0,0
0.0446,0.013019,0.0130425
0.045,0,0
0.0454,0,0
0.0458,0,0
0.0462,0,0
0.0466,0,0
0.047,0,0
0.0474,0,0
0.0478,0,0
0.0482,0,0
0.0486,0,0
0.049,0.0121836,0.0122042
0.0494,0,0
0.0498,0,0
0.0502,0,0
0.0506,0,0
0.051,0,0
0.0514,0,0
0.0518,0,0
0.0522,0,0
0.0526,0,0
0.053,0.00342953,0.00668887
0.0534,0,0
0.0538,0,0
0.0542,0,0
0.0546,0,0
0.055,0,0
0.0554,0,0
0.0558,0.0132198,0.0132439
0.0562,0,0
0.0566,0,0
0.057,0,0
0.0574,0,0
0.0578,0.0136945,0.0137204
0.0582,0,0
0.0586,0,0
0.059,0,0
0.0594,0,0
0.0598,0,0
0.0602,0,0
0.0606,0,0
0.061,0,0
0.0614,0,0
0.0618,0,0
0.0622,0,0
0.0626,0,0
0.063,0.0131886,0.0132125
0.0634,0,0
0.0638,0,0
0.0642,0,0
0.0646,0.0133044,0.0133287
0.065,0,0
0.0654,0,0
0.0658,0.0134223,0.013447
0.0662,0,0
0.0666,0,0
0.067,0,0
0.0674,0,0
0.0678,0,0
0.0682,0,0
0.0686,0,0
0.069,0,0
0.0694,0,0
0.0698,0,0
0.0702,0,0
0.0706,0.0137069,0.0137326
0.071,0,0
0.0714,0,0
0.0718,0,0
0.0722,0,0
0.0726,0,0
0.073,0,0
0.0734,0,0
0.0738,0,0
0.0742,0,0
0.0746,0,0
0.075,0,0
0.0754,0,0
0.0758,0,0
0.0762,0,0
0.0766,0,0
0.077,0,0
0.0774,0,0
0.0778,0,0
0.0782,0,0
0.0786,0,0
0.079,0,0
0.0794,0,0
0.0798,0.0141267,0.0141538
0.0802,0,0
0.0806,0,0
0.081,0.0135375,0.0135624
0.0814,0,0
0.0818,0,0
0.0822,0,0
0.0826,0.0110076,0.0126774
0.083,0,0
0.0834,0,0
0.0838,0,0
0.0842,0,0
0.0846,0,0
0.085,0,0
0.0854,0,0
0.0858,0.0129203,0.012943
0.0862,0,0
0.0866,0,0
0.087,0,0
0.0874,0,0
0.0878,0.0125174,0.0125386
0.0882,0,0
0.0886,0,0
0.089,0.0131433,0.0131668
0.0894,0,0
0.0898,0,0
0.0902,0,0
0.0906,0,0
0.091,0,0
0.0914,0,0
0.0918,0,0
0.0922,0,0
0.0926,0,0
0.093,0,0
0.0934,0,0
0.0938,0,0
0.0942,0,0
0.0946,0,0
0.095,0,0
0.0954,0,0
0.0958,0,0
0.0962,0,0
0.0966,0,0
0.097,0,0
0.0974,0.0262955,0.0186268
0.0978,0,0
0.0982,0,0
0.0986,0,0
0.099,0,0
0.0994,0,0
0.0998,0,0
0.1002,0,0
0.1006,0,0
0.101,0,0
0.1014,0,0
0.1018,0,0
0.1022,0,0
0.1026,0,0
0.103,0,0
0.1034,0,0
0.1038,0,0
0.1042,0,0
0.1046,0,0
0.105,0,0
0.1054,0,0
0.1058,0,0
0.1062,0,0
0.1066,0,0
0.107,0,0
0.1074,0,0
0.1078,0,0
0.1082,0,0
0.1086,0,0
0.109,0.0190105,0.0190589
0.1094,0,0
0.1098,0,0
0.1102,0,0
0.1106,0.0198188,0.0198714
0.111,0,0
0.1114,0,0
0.1118,0,0
0.1122,0,0
0.1126,0,0
0.113,0,0
0.1134,0,0
0.1138,0,0
0.1142,0,0
0.1146,0,0
0.115,0.0192925,0.0193421
0.1154,0,0
0.1158,0,0
0.1162,0,0
0.1166,0.020323,0.0203781
0.117,0.0208586,0.0209166
0.1174,0,0
0.1178,0,0
0.1182,0,0
0.1186,0,0
0.119,0,0
0.1194,0,0
0.1198,0,0
2
-0.1198,0,0
-0.1194,0.00570977,0.00572021
-0.119,0,0
-0.1186,0,0
-0.1182,0,0
-0.1178,0,0
-0.1174,0,0
-0.117,0,0
-0.1166,0,0
-0.1162,0,0
-0.1158,0,0
-0.1154,0,0
-0.115,0,0
-0.1146,0,0
-0.1142,0,0
-0.1138,0,0
-0.1134,0,0
-0.113,0,0
-0.1126,0,0
-0.1122,0,0
-0.1118,0,0
-0.1114,0,0
-0.111,0,0
-0.1106,0,0
-0.1102,0,0
-0.1098,0,0
-0.1094,0,0
-0.109,0,0
-0.1086,0,0
-0.1082,0,0
-0.1078,0,0
-0.1074,0,0
-0.107,0,0
-0.1066,0.00555051,0.00556035
-0.1062,0,0
-0.1058,0,0
-0.1054,0,0
-0.105,0,0
-0.1046,0.00574077,0.00588556
-0.1042,0,0
-0.1038,0,0
-0.1034,0,0
-0.103,0,0
-0.1026,0,0
-0.1022,0,0
-0.1018,0,0
-0.1014,0,0
-0.101,0,0
-0.1006,0,0
-0.1002,0,0
-0.0998,0,0
-0.0994,0,0
-0.099,0,0
-0.0986,0,0
-0.0982,0,0
-0.0978,0,0
-0.0974,0,0
-0.097,0.00597279,0.00598416
-0.0966,0,0
-0.0962,0,0
-0.0958,0,0
-0.0954,0,0
-0.095,0,0
-0.0946,0,0
-0.0942,0.00580014,0.00581085
-0.0938,0,0
-0.0934,0,0
-0.093,0,0
-0.0926,0,0
-0.0922,0,0
-0.0918,0,0
-0.0914,0,0
-0.091,0,0
-0.0906,0,0
-0.0902,0,0
-0.0898,0,0
-0.0894,0,0
-0.089,0,0
-0.0886,0,0
-0.0882,0,0
-0.0878,0,0
-0.0874,0,0
-0.087,0,0
-0.0866,0,0
-0.0862,0,0
-0.0858,0,0
-0.0854,0,0
-0.085,0,0
-0.0846,0,0
-0.0842,0,0
-0.0838,0,0
-0.0834,0,0
-0.083,0,0
-0.0826,0,0
-0.0822,0,0
-0.0818,0,0
-0.0814,0.00529416,0.00530306
-0.081,0,0
-0.0806,0,0
-0.0802,0,0
-0.0798,0,0
-0.0794,0,0
-0.079,0,0
-0.0786,0,0
-0.0782,0,0
-0.0778,0,0
-0.0774,0,0
-0.077,0,0
-0.0766,0,0
-0.0762,0,0
-0.0758,0,0
-0.0754,0,0
-0.075,0,0
-0.0746,0.00541821,0.00542752
-0.0742,0,0
-0.0738,0,0
-0.0734,0,0
-0.073,0,0
-0.0726,0,0
-0.0722,0,0
-0.0718,0,0
-0.0714,0,0
-0.071,0,0
-0.0706,0,0
-0.0702,0,0
-0.0698,0,0
-0.0694,0,0
-0.069,0,0
-0.0686,0,0
-0.0682,0,0
-0.0678,0,0
-0.0674,0,0
-0.067,0.00577612,0.00578668
-0.0666,0.00612225,0.00613411
-0.0662,0,0
-0.0658,0,0
-0.0654,0,0
-0.065,0,0
-0.0646,0,0
-0.0642,0,0
-0.0638,0.0050158,0.0055229
-0.0634,0,0
-0.063,0,0
-0.0626,0,0
-0.0622,0,0
-0.0618,0,0
-0.0614,0,0
-0.061,0,0
-0.0606,0,0
-0.0602,0,0
-0.0598,0.00338556,0.00464758
-0.0594,0,0
-0.059,0,0
-0.0586,0.00618994,0.00620204
-0.0582,0,0
-0.0578,0,0
-0.0574,0,0
-0.057,0,0
-0.0566,0,0
-0.0562,0,0
-0.0558,0,0
-0.0554,0,0
-0.055,0.00621453,0.00622672
-0.0546,0,0
-0.0542,0.00198789,0.00347038
-0.0538,0,0
-0.0534,0,0
-0.053,0,0
-0.0526,0,0
-0.0522,0,0
-0.0518,0,0
-0.0514,0,0
-0.051,0,0
-0.0506,0.00598985,0.00600116
-0.0502,0,0
-0.0498,0,0
-0.0494,0.00624397,0.00625626
-0.049,0,0
-0.0486,0,0
-0.0482,0,0
-0.0478,0,0
-0.0474,0,0
-0.047,0,0
-0.0466,0,0
-0.0462,0,0
-0.0458,0,0
-0.0454,0,0
-0.045,0,0
-0.0446,0,0
-0.0442,0,0
-0.0438,0,0
-0.0434,0,0
-0.043,0,0
-0.0426,0,0
-0.0422,0,0
-0.0418,0,0
-0.0414,0,0
-0.041,0,0
-0.0406,0.00554837,0.00555806
-0.0402,0,0
-0.0398,0,0
-0.0394,0,0
-0.039,0,0
-0.0386,0,0
-0.0382,0,0
-0.0378,0.0117489,0.00832311
-0.0374,0,0
-0.037,0,0
-0.0366,0,0
-0.0362,0.0120499,0.00853785
-0.0358,0,0
-0.0354,0,0
-0.035,0,0
-0.0346,0,0
-0.0342,0.0123017,0.00871571
-0.0338,0,0
-0.0334,0.00544745,0.0057869
-0.033,0,0
-0.0326,0,0
-0.0322,0,0
-0.0318,0,0
-0.0314,0.00592295,0.00593396
-0.031,0.00616763,0.00617957
-0.0306,0,0
-0.0302,0,0
-0.0298,0,0
-0.0294,0.00563911,0.00564909
-0.029,0,0
-0.0286,0,0
-0.0282,0,0
-0.0278,0,0
-0.0274,0,0
-0.027,0,0
-0.0266,0,0
-0.0262,0,0
-0.0258,0,0
-0.0254,0,0
-0.025,0.00575285,0.00576322
-0.0246,0,0
-0.0242,0,0
-0.0238,0,0
-0.0234,0.00590113,0.00591204
-0.023,0.00622843,0.00624058
-0.0226,0.000675486,0.002076
-0.0222,0,0
-0.0218,0,0
-0.0214,0.00554206,0.00555169
-0.021,0,0
-0.0206,0,0
-0.0202,0,0
-0.0198,0,0
-0.0194,0.00443728,0.00502996
-0.019,0.00537541,0.00538446
-0.0186,0,0
-0.0182,0,0
-0.0178,0,0
-0.0174,0,0
-0.017,0,0
-0.0166,0.00609577,0.00610739
-0.0162,0,0
-0.0158,0,0
-0.0154,0,0
-0.015,0,0
-0.0146,0,0
-0.0142,0,0
-0.0138,0.0116305,0.00823902
-0.0134,0.00582948,0.00584011
-0.013,0,0
-0.0126,0.0185422,0.0107261
-0.0122,0.0056457,0.00565566
-0.0118,0.00588067,0.00589148
-0.0114,0.00598942,0.00600063
-0.011,0,0
-0.0106,0,0
-0.0102,0,0
-0.0098,0,0
-0.0094,0.0013449,0.00280679
-0.009,0,0
-0.0086,0,0
-0.0082,0.00390652,0.00486322
-0.0078,0.0061239,0.00613561
-0.0074,0.00303924,0.00420252
-0.007,0,0
-0.0066,0.01151,0.00815343
-0.0062,0,0
-0.0058,0.0233151,0.0117084
-0.0054,0.0150382,0.00952742
-0.005,0.0190669,0.0108913
-0.0046,0.00567355,0.0056836
-0.0042,0.0263951,0.0127762
-0.0038,0.0292281,0.0132214
-0.0034,0.0274213,0.0122854
-0.003,0.0586501,0.0182606
-0.0026,0.107493,0.0255322
-0.0022,0.203429,0.0344847
-0.0018,0.341022,0.044449
-0.0014,0.639197,0.0595052
-0.001,1.0866,0.0768519
-0.0006,1.81982,0.107448
-0.0002,1.81884,0.105279
0.0002,1.6952,0.0985854
0.0006,1.35876,0.0902834
0.001,0.982386,0.0771692
0.0014,0.548681,0.0559253
0.0018,0.284661,0.0395885
0.0022,0.162727,0.0294698
0.0026,0.0276032,0.0126195
0.003,0.0114632,0.00812325
0.0034,0.00689125,0.00624357
0.0038,0,0
0.0042,0.00584045,0.00585107
0.0046,0.0126524,0.00896424
0.005,0.00582723,0.00583781
0.0054,0.0058511,0.00586176
0.0058,0.00638885,0.00640155
0.0062,0.00577972,0.00579012
0.0066,0,0
0.007,0.00629288,0.0063052
0.0074,0.00613036,0.00614206
0.0078,0.0103614,0.00769731
0.0082,0,0
0.0086,0,0
0.009,0,0
0.0094,0,0
0.0098,0,0
0.0102,0.00429744,0.00505108
0.0106,0.00609862,0.00611019
0.011,0.00011085,0.000823795
0.0114,0,0
0.0118,0,0
0.0122,0,0
0.0126,0,0
0.013,0,0
0.0134,0,0
0.0138,0,0
0.0142,0.0121545,0.00861082
0.0146,0,0
0.015,0.0056897,0.00569976
0.0154,0.00575291,0.0057632
0.0158,0,0
0.0162,0,0
0.0166,0,0
0.017,0,0
0.0174,0,0
0.0178,0,0
0.0182,0,0
0.0186,0,0
0.019,0.00515328,0.00530718
0.0194,0,0
0.0198,0,0
0.0202,0.00105389,0.00250865
0.0206,0,0
0.021,0,0
0.0214,0,0
0.0218,0.00641152,0.00642428
0.0222,0,0
0.0226,0,0
0.023,0.00600546,0.00601665
0.0234,0,0
0.0238,0,0
0.0242,0,0
0.0246,0.00502395,0.00548122
0.025,0,0
0.0254,0,0
0.0258,0,0
0.0262,0.00597581,0.00598688
0.0266,0,0
0.027,0,0
0.0274,0,0
0.0278,0.00628667,0.00629892
0.0282,0,0
0.0286,0,0
0.029,0,0
0.0294,0,0
0.0298,0,0
0.0302,0.00658316,0.00659659
0.0306,0.00658377,0.00659719
0.031,0,0
0.0314,0,0
0.0318,0.00603411,0.00604538
0.0322,0,0
0.0326,0,0
0.033,0,0
0.0334,0,0
0.0338,0,0
0.0342,0,0
0.0346,0.0116599,0.0082619
0.035,0,0
0.0354,0,0
0.0358,0.00558424,0.00559389
0.0362,0.00515367,0.00537171
0.0366,0,0
0.037,0,0
0.0374,0,0
0.0378,0,0
0.0382,0.00613953,0.00615119
0.0386,0.00647065,0.0064836
0.039,0,0
0.0394,0,0
0.0398,0,0
0.0402,0,0
0.0406,0,0
0.041,0.00649959,0.00651264
0.0414,0,0
0.0418,0,0
0.0422,0,0
0.0426,0,0
0.043,0,0
0.0434,0,0
0.0438,0,0
0.0442,0,0
0.0446,0,0
0.045,0.00604495,0.00605624
0.0454,0,0
0.0458,0,0
0.0462,0,0
0.0466,0,0
0.047,0,0
0.0474,0.00581573,0.00582617
0.0478,0,0
0.0482,0,0
0.0486,0,0
0.049,0,0
0.0494,0.00584408,0.00585461
0.0498,0,0
0.0502,0,0
0.0506,0,0
0.051,0.00596829,0.00597927
0.0514,0,0
0.0518,0,0
0.0522,0,0
0.0526,0,0
0.053,0.00428266,0.00500036
0.0534,0.00581817,0.0058286
0.0538,0.0059441,0.00595499
0.0542,0.00575529,0.00576549
0.0546,0.00589206,0.00590276
0.055,0.00598511,0.00599615
0.0554,0,0
0.0558,0,0
0.0562,0,0
0.0566,0,0
0.057,0,0
0.0574,0,0
0.0578,0,0
0.0582,0,0
0.0586,0,0
0.059,0,0
0.0594,0,0
0.0598,0,0
0.0602,0,0
0.0606,0,0
0.061,0,0
0.0614,0,0
0.0618,0.00624777,0.00625978
0.0622,0,0
0.0626,0,0
0.063,0,0
0.0634,0,0
0.0638,0,0
0.0642,0,0
0.0646,0,0
0.065,0,0
0.0654,0,0
0.0658,0,0
0.0662,0.00562586,0.00563558
0.0666,0,0
0.067,0.00607918,0.00609053
0.0674,0,0
0.0678,0,0
0.0682,0.00652535,0.00653842
0.0686,0.00596451,0.00597543
0.069,0,0
0.0694,0,0
0.0698,0,0
0.0702,0,0
0.0706,0,0
0.071,0,0
0.0714,0,0
0.0718,0,0
0.0722,0,0
0.0726,0,0
0.073,0,0
0.0734,0.00567898,0.00568887
0.0738,0,0
0.0742,0,0
0.0746,0,0
0.075,0,0
0.0754,0.0102952,0.0075236
0.0758,0,0
0.0762,0,0
0.0766,0,0
0.077,0,0
0.0774,0,0
0.0778,0,0
0.0782,0.00616737,0.00617902
0.0786,0,0
0.079,0.00628901,0.00630112
0.0794,0,0
0.0798,0,0
0.0802,0,0
0.0806,0.00544132,0.00545039
0.081,0,0
0.0814,0,0
0.0818,0,0
0.0822,0,0
0.0826,0.00645285,0.00646559
0.083,0,0
0.0834,0,0
0.0838,0,0
0.0842,0,0
0.0846,0,0
0.085,0,0
0.0854,0,0
0.0858,0,0
0.0862,0.00593786,0.00594864
0.0866,0,0
0.087,0,0
0.0874,0,0
0.0878,0,0
0.0882,0,0
0.0886,0,0
0.089,0,0
0.0894,0,0
0.0898,0,0
0.0902,0.00575684,0.00576696
0.0906,0,0
0.091,0,0
0.0914,0,0
0.0918,0,0
0.0922,0,0
0.0926,0,0
0.093,0,0
0.0934,0,0
0.0938,0,0
0.0942,0,0
0.0946,0,0
0.095,0,0
0.0954,0,0
0.0958,0,0
0.0962,0,0
0.0966,0,0
0.097,0,0
0.0974,0,0
0.0978,0.0062597,0.00627164
0.0982,0.00627116,0.00628315
0.0986,0,0
0.099,0,0
0.0994,0.00662802,0.00664141
0.0998,0,0
0.1002,0,0
0.1006,0,0
0.101,0,0
0.1014,0,0
0.1018,0,0
0.1022,0,0
0.1026,0,0
0.103,0,0
0.1034,0,0
0.1038,0,0
0.1042,0,0
0.1046,0,0
0.105,0,0
0.1054,0,0
0.1058,0,0
0.1062,0,0
0.1066,0,0
0.107,0,0
0.1074,0,0
0.1078,0,0
0.1082,0,0
0.1086,0,0
0.109,0,0
0.1094,0,0
0.1098,0,0
0.1102,0.00872424,0.00874735
0.1106,0,0
0.111,0,0
0.1114,0,0
0.1118,0,0
0.1122,0,0
0.1126,0,0
0.113,0,0
0.1134,0,0
0.1138,0,0
0.1142,0,0
0.1146,0,0
0.115,0,0
0.1154,0,0
0.1158,0.00101887,0.00325005
0.1162,0.00593804,0.00745175
0.1166,0,0
0.117,0,0
0.1174,0,0
0.1178,0,0
0.1182,0,0
0.1186,0.0101641,0.0101954
0.119,0,0
0.1194,0,0
0.1198,0,0
3
-0.1198,0,0
-0.1194,0.00656346,0.0065767
-0.119,0.0065642,0.00657744
-0.1186,0,0
-0.1182,0,0
-0.1178,0.00607756,0.0060889
-0.1174,0,0
-0.117,0,0
-0.1166,0,0
-0.1162,0,0
-0.1158,0,0
-0.1154,0,0
-0.115,0,0
-0.1146,0.00639732,0.00640988
-0.1142,0,0
-0.1138,0,0
-0.1134,0,0
-0.113,0,0
-0.1126,0,0
-0.1122,0,0
-0.1118,0,0
-0.1114,0,0
-0.111,0,0
-0.1106,0,0
-0.1102,0,0
-0.1098,0.00624516,0.00625711
-0.1094,0,0
-0.109,0,0
-0.1086,0,0
-0.1082,0,0
-0.1078,0,0
-0.1074,0,0
-0.107,0,0
-0.1066,0,0
-0.1062,0,0
-0.1058,0,0
-0.1054,0,0
-0.105,0,0
-0.1046,0.00655958,0.00642927
-0.1042,0,0
-0.1038,0,0
-0.1034,0,0
-0.103,0,0
-0.1026,0,0
-0.1022,0,0
-0.1018,0,0
-0.1014,0,0
-0.101,0,0
-0.1006,0,0
-0.1002,0,0
-0.0998,0,0
-0.0994,0,0
-0.099,0,0
-0.0986,0,0
-0.0982,0,0
-0.0978,0,0
-0.0974,0,0
-0.097,0,0
-0.0966,0,0
-0.0962,0,0
-0.0958,0,0
-0.0954,0,0
-0.095,0,0
-0.0946,0,0
-0.0942,0,0
-0.0938,0,0
-0.0934,0,0
-0.093,0,0
-0.0926,0,0
-0.0922,0,0
-0.0918,0.00615732,0.00616885
-0.0914,0,0
-0.091,0,0
-0.0906,0,0
-0.0902,0,0
-0.0898,0,0
-0.0894,0,0
-0.089,0,0
-0.0886,0,0
-0.0882,0,0
-0.0878,0,0
-0.0874,0,0
-0.087,0,0
-0.0866,0,0
-0.0862,0,0
-0.0858,0,0
-0.0854,0,0
-0.085,0,0
-0.0846,0,0
-0.0842,0,0
-0.0838,0,0
-0.0834,0,0
-0.083,0.00679622,0.0068102
-0.0826,0,0
-0.0822,0,0
-0.0818,0,0
-0.0814,0.00580496,0.00581516
-0.081,0,0
-0.0806,0,0
-0.0802,0,0
-0.0798,0.00632393,0.00633602
-0.0794,0,0
-0.079,0,0
-0.0786,0.00569995,0.00570978
-0.0782,0,0
-0.0778,0.00672314,0.00673679
-0.0774,0,0
-0.077,0,0
-0.0766,0.00605515,0.00606622
-0.0762,0,0
-0.0758,0,0
-0.0754,0,0
-0.075,0,0
-0.0746,0,0
-0.0742,0,0
-0.0738,0,0
-0.0734,0,0
-0.073,0,0
-0.0726,0,0
-0.0722,0,0
-0.0718,0,0
-0.0714,0,0
-0.071,0,0
-0.0706,0,0
-0.0702,0,0
-0.0698,0,0
-0.0694,0,0
-0.069,0,0
-0.0686,0.00631743,0.00632944
-0.0682,0,0
-0.0678,0,0
-0.0674,0,0
-0.067,0,0
-0.0666,0,0
-0.0662,0.00611468,0.00612592
-0.0658,0,0
-0.0654,0,0
-0.065,0,0
-0.0646,0,0
-0.0642,0,0
-0.0638,0.00732862,0.00678237
-0.0634,0,0
-0.063,0,0
-0.0626,0,0
-0.0622,0,0
-0.0618,0,0
-0.0614,0,0
-0.061,0,0
-0.0606,0.00677272,0.00678646
-0.0602,0,0
-0.0598,0.00313296,0.00459267
-0.0594,0,0
-0.059,0,0
-0.0586,0,0
-0.0582,0,0
-0.0578,0,0
-0.0574,0,0
-0.057,0,0
-0.0566,0,0
-0.0562,0,0
-0.0558,0,0
-0.0554,0,0
-0.055,0.00656576,0.00657864
-0.0546,0.00622489,0.00623647
-0.0542,0,0
-0.0538,0,0
-0.0534,0,0
-0.053,0,0
-0.0526,0,0
-0.0522,0,0
-0.0518,0,0
-0.0514,0,0
-0.051,0,0
-0.0506,0,0
-0.0502,0,0
-0.0498,0,0
-0.0494,0,0
-0.049,0,0
-0.0486,0,0
-0.0482,0,0
-0.0478,0,0
-0.0474,0,0
-0.047,0,0
-0.0466,0,0
-0.0462,0,0
-0.0458,0,0
-0.0454,0,0
-0.045,0.00265061,0.004116
-0.0446,0,0
-0.0442,0,0
-0.0438,0,0
-0.0434,0,0
-0.043,0,0
-0.0426,0,0
-0.0422,0.012184,0.00863299
-0.0418,0,0
-0.0414,0,0
-0.041,0,0
-0.0406,0,0
-0.0402,0,0
-0.0398,0.00633436,0.00634626
-0.0394,0,0
-0.039,0,0
-0.0386,0,0
-0.0382,0,0
-0.0378,0,0
-0.0374,0,0
-0.037,0,0
-0.0366,0,0
-0.0362,0,0
-0.0358,0.0121903,0.00864002
-0.0354,0,0
-0.035,0,0
-0.0346,0.000682928,0.00212375
-0.0342,0,0
-0.0338,0.00513584,0.00542085
-0.0334,0,0
-0.033,0,0
-0.0326,0,0
-0.0322,0,0
-0.0318,0.00610812,0.00611915
-0.0314,0.00629274,0.00630444
-0.031,0,0
-0.0306,0,0
-0.0302,0,0
-0.0298,0,0
-0.0294,0,0
-0.029,0,0
-0.0286,0,0
-0.0282,0,0
-0.0278,0,0
-0.0274,0.0117825,0.00834596
-0.027,0,0
-0.0266,0,0
-0.0262,0,0
-0.0258,0,0
-0.0254,0.00455733,0.00535119
-0.025,0.00612051,0.00613155
-0.0246,0,0
-0.0242,0,0
-0.0238,0,0
-0.0234,0.0062808,0.00629241
-0.023,0.00633843,0.00635025
-0.0226,0,0
-0.0222,0,0
-0.0218,0,0
-0.0214,0,0
-0.021,0,0
-0.0206,0,0
-0.0202,0,0
-0.0198,0,0
-0.0194,0,0
-0.019,0,0
-0.0186,0.00605872,0.0060695
-0.0182,0,0
-0.0178,0,0
-0.0174,0.00358528,0.00493258
-0.017,0.00685325,0.00686704
-0.0166,0.00685436,0.00686815
-0.0162,0,0
-0.0158,0,0
-0.0154,0.0143249,0.0101505
-0.015,0,0
-0.0146,0,0
-0.0142,0,0
-0.0138,0,0
-0.0134,0,0
-0.013,0,0
-0.0126,0,0
-0.0122,0,0
-0.0118,0,0
-0.0114,0,0
-0.011,0,0
-0.0106,0.00657045,0.00658309
-0.0102,0,0
-0.0098,0,0
-0.0094,0,0
-0.009,0.0104352,0.00810166
-0.0086,0,0
-0.0082,0.00870999,0.00750407
-0.0078,0,0
-0.0074,0.00293811,0.00427032
-0.007,0.0113819,0.00835012
-0.0066,0.00614779,0.00615884
-0.0062,0,0
-0.0058,0.00618189,0.00619306
-0.0054,0.00318713,0.00451972
-0.005,0.0066417,0.00665458
-0.0046,0.0135115,0.00906717
-0.0042,0,0
-0.0038,0.0249485,0.0125045
-0.0034,0.0236919,0.0118682
-0.003,0.0362663,0.0147841
-0.0026,0.0629362,0.0202313
-0.0022,0.16878,0.0324583
-0.0018,0.217242,0.0366989
-0.0014,0.537612,0.0564395
-0.001,0.888604,0.071867
-0.0006,1.11252,0.0866557
-0.0002,1.43973,0.0967794
0.0002,1.21847,0.0864631
0.0006,1.01719,0.0802344
0.001,0.615697,0.0630526
0.0014,0.389348,0.0486766
0.0018,0.16817,0.0315333
0.0022,0.129724,0.0272261
0.0026,0.0542382,0.0181209
0.003,0.0122702,0.00869507
0.0034,0.0226489,0.011666
0.0038,0,0
0.0042,0.0130765,0.00927297
0.0046,0.0155907,0.0103137
0.005,0.00623989,0.00625122
0.0054,0.0068417,0.00685531
0.0058,0,0
0.0062,0.00639464,0.00640653
0.0066,0,0
0.007,0.000508569,0.00185521
0.0074,0,0
0.0078,0.00721343,0.00664791
0.0082,0,0
0.0086,0,0
0.009,0,0
0.0094,0,0
0.0098,0,0
0.0102,0,0
0.0106,0,0
0.011,0.00516339,0.00582186
0.0114,0,0
0.0118,0.00686567,0.00687934
0.0122,0,0
0.0126,0,0
0.013,0,0
0.0134,0,0
0.0138,0.00501608,0.00556242
0.0142,0,0
0.0146,0.00639094,0.00640278
0.015,0,0
0.0154,0,0
0.0158,0,0
0.0162,0,0
0.0166,0.00661992,0.0066326
0.017,0,0
0.0174,0,0
0.0178,0.0128538,0.00910593
0.0182,0,0
0.0186,0,0
0.019,0,0
0.0194,0,0
0.0198,0,0
0.0202,0.00597725,0.0061916
0.0206,0.0063282,0.00633977
0.021,0,0
0.0214,0,0
0.0218,0.00688797,0.00690168
0.0222,0,0
0.0226,0,0
0.023,0,0
0.0234,0,0
0.0238,0,0
0.0242,0,0
0.0246,0,0
0.025,0.00705289,0.00706724
0.0254,0.00660644,0.00661904
0.0258,0,0
0.0262,0,0
0.0266,0,0
0.027,0,0
0.0274,0,0
0.0278,0,0
0.0282,0,0
0.0286,0,0
0.029,0,0
0.0294,0,0
0.0298,0,0
0.0302,0,0
0.0306,0,0
0.031,0,0
0.0314,0.00692769,0.00694151
0.0318,0,0
0.0322,0,0
0.0326,0.00645334,0.00646532
0.033,0.00609731,0.006108
0.0334,0,0
0.0338,0,0
0.0342,0,0
0.0346,0,0
0.035,0,0
0.0354,0,0
0.0358,0,0
0.0362,0.000458765,0.00166312
0.0366,0,0
0.037,0,0
0.0374,0,0
0.0378,0.00658426,0.0065967
0.0382,0.00661312,0.00662568
0.0386,0,0
0.039,0,0
0.0394,0,0
0.0398,0,0
0.0402,0,0
0.0406,0,0
0.041,0.00673898,0.00675201
0.0414,0,0
0.0418,0,0
0.0422,0,0
0.0426,0.00635374,0.00636532
0.043,0.00602518,0.00603559
0.0434,0,0
0.0438,0,0
0.0442,0,0
0.0446,0,0
0.045,0,0
0.0454,0,0
0.0458,0,0
0.0462,0,0
0.0466,0,0
0.047,0,0
0.0474,0,0
0.0478,0,0
0.0482,0,0
0.0486,0,0
0.049,0,0
0.0494,0,0
0.0498,0,0
0.0502,0,0
0.0506,0,0
0.051,0,0
0.0514,0,0
0.0518,0,0
0.0522,0,0
0.0526,0,0
0.053,0,0
0.0534,0,0
0.0538,0.0132962,0.00941972
0.0542,0,0
0.0546,0,0
0.055,0.00657211,0.00658444
0.0554,0,0
0.0558,0,0
0.0562,0,0
0.0566,0,0
0.057,0,0
0.0574,0,0
0.0578,0,0
0.0582,0,0
0.0586,0,0
0.059,0.00631382,0.00632518
0.0594,0,0
0.0598,0,0
0.0602,0,0
0.0606,0,0
0.061,0.00682416,0.00683742
0.0614,0.00682484,0.0068381
0.0618,0,0
0.0622,0,0
0.0626,0.00698391,0.0069978
0.063,0,0
0.0634,0,0
0.0638,0,0
0.0642,0,0
0.0646,0.0064097,0.0064214
0.065,0,0
0.0654,0,0
0.0658,0,0
0.0662,0,0
0.0666,0,0
0.067,0,0
0.0674,0,0
0.0678,0,0
0.0682,0,0
0.0686,0,0
0.069,0,0
0.0694,0,0
0.0698,0,0
0.0702,0,0
0.0706,0,0
0.071,0,0
0.0714,0,0
0.0718,0.00659923,0.0066116
0.0722,0,0
0.0726,0,0
0.073,0,0
0.0734,0.00613668,0.00614737
0.0738,0,0
0.0742,0.00618543,0.00619629
0.0746,0,0
0.075,0,0
0.0754,0.00072153,0.00207643
0.0758,0,0
0.0762,0,0
0.0766,0,0
0.077,0,0
0.0774,0,0
0.0778,0,0
0.0782,0,0
0.0786,0,0
0.079,0,0
0.0794,0,0
0.0798,0,0
0.0802,0,0
0.0806,0,0
0.081,0,0
0.0814,0,0
0.0818,0,0
0.0822,0,0
0.0826,0,0
0.083,0.00616349,0.00617424
0.0834,0,0
0.0838,0,0
0.0842,0,0
0.0846,0,0
0.085,0,0
0.0854,0,0
0.0858,0.00619937,0.00621024
0.0862,0,0
0.0866,0,0
0.087,0,0
0.0874,0,0
0.0878,0,0
0.0882,0.0125832,0.00891352
0.0886,0,0
0.089,0,0
0.0894,0,0
0.0898,0,0
0.0902,0,0
0.0906,0,0
0.091,0,0
0.0914,0,0
0.0918,0,0
0.0922,0,0
0.0926,0.00665293,0.00666542
0.093,0,0
0.0934,0,0
0.0938,0,0
0.0942,0,0
0.0946,0,0
0.095,0,0
0.0954,0,0
0.0958,0,0
0.0962,0,0
0.0966,0,0
0.097,0,0
0.0974,0,0
0.0978,0.00676998,0.0067829
0.0982,0.00624796,0.00625897
0.0986,0,0
0.099,0,0
0.0994,0,0
0.0998,0.0075237,0.00753965
0.1002,0,0
0.1006,0,0
0.101,0,0
0.1014,0,0
0.1018,0.00768463,0.00770125
0.1022,0,0
0.1026,0,0
0.103,0,0
0.1034,0,0
0.1038,0,0
0.1042,0,0
0.1046,0,0
0.105,0,0
0.1054,0,0
0.1058,0,0
0.1062,0,0
0.1066,0,0
0.107,0,0
0.1074,0,0
0.1078,0,0
0.1082,0,0
0.1086,0,0
0.109,0.00792092,0.00793856
0.1094,0,0
0.1098,0,0
0.1102,0,0
0.1106,0,0
0.111,0,0
0.1114,0,0
0.1118,0,0
0.1122,0,0
0.1126,0.0080507,0.00806891
0.113,0,0
0.1134,0,0
0.1138,0,0
0.1142,0,0
0.1146,0,0
0.115,0,0
0.1154,0,0
0.1158,0.0100282,0.0105972
0.1162,0.0147594,0.0127005
0.1166,0,0
0.117,0,0
0.1174,0.0103403,0.0103703
0.1178,0,0
0.1182,0,0
0.1186,0,0
0.119,0,0
0.1194,0.000141962,0.00124924
0.1198,0,0
4
-0.1198,0,0
-0.1194,0,0
-0.119,0,0
-0.1186,0,0
-0.1182,0,0
-0.1178,0,0
-0.1174,0,0
-0.117,0,0
-0.1166,0,0
-0.1162,0,0
-0.1158,0,0
-0.1154,0,0
-0.115,0,0
-0.1146,0,0
-0.1142,0,0
-0.1138,0,0
-0.1134,0,0
-0.113,0,0
-0.1126,0,0
-0.1122,0,0
-0.1118,0,0
-0.1114,0,0
-0.111,0,0
-0.1106,0,0
-0.1102,0,0
-0.1098,0,0
-0.1094,0,0
-0.109,0,0
-0.1086,0,0
-0.1082,0,0
-0.1078,0,0
-0.1074,0,0
-0.107,0,0
-0.1066,0,0
-0.1062,0,0
-0.1058,0,0
-0.1054,0,0
-0.105,0,0
-0.1046,0,0
-0.1042,0,0
-0.1038,0,0
-0.1034,0,0
-0.103,0,0
-0.1026,0,0
-0.1022,0,0
-0.1018,0,0
-0.1014,0,0
-0.101,0,0
-0.1006,0,0
-0.1002,0,0
-0.0998,0,0
-0.0994,0,0
-0.099,0,0
-0.0986,0,0
-0.0982,0,0
-0.0978,0,0
-0.0974,0,0
-0.097,0,0
-0.0966,0,0
-0.0962,0,0
-0.0958,0,0
-0.0954,0,0
-0.095,0,0
-0.0946,0,0
-0.0942,0,0
-0.0938,0,0
-0.0934,0,0
-0.093,0,0
-0.0926,0,0
-0.0922,0,0
-0.0918,0,0
-0.0914,0,0
-0.091,0,0
-0.0906,0,0
-0.0902,0,0
-0.0898,0,0
-0.0894,0,0
-0.089,0,0
-0.0886,0,0
-0.0882,0,0
-0.0878,0,0
-0.0874,0.0063295,0.00634158
-0.087,0,0
-0.0866,0,0
-0.0862,0,0
-0.0858,0,0
-0.0854,0,0
-0.085,0,0
-0.0846,0,0
-0.0842,0,0
-0.0838,0,0
-0.0834,0,0
-0.083,0,0
-0.0826,0,0
-0.0822,0,0
-0.0818,0.00606467,0.00607574
-0.0814,0,0
-0.081,0,0
-0.0806,0,0
-0.0802,0,0
-0.0798,0,0
-0.0794,0,0
-0.079,0.00586692,0.00587727
-0.0786,0,0
-0.0782,0,0
-0.0778,0,0
-0.0774,0,0
-0.077,0,0
-0.0766,0,0
-0.0762,0,0
-0.0758,0,0
-0.0754,0,0
-0.075,0,0
-0.0746,0,0
-0.0742,0,0
-0.0738,0,0
-0.0734,0,0
-0.073,0,0
-0.0726,0,0
-0.0722,0,0
-0.0718,0,0
-0.0714,0,0
-0.071,0,0
-0.0706,0,0
-0.0702,0,0
-0.0698,0,0
-0.0694,0.00571035,0.00572012
-0.069,0,0
-0.0686,0,0
-0.0682,0.00618854,0.00620001
-0.0678,0,0
-0.0674,0,0
-0.067,0,0
-0.0666,0,0
-0.0662,0,0
-0.0658,0,0
-0.0654,0,0
-0.065,0,0
-0.0646,0,0
-0.0642,0,0
-0.0638,0,0
-0.0634,0,0
-0.063,0,0
-0.0626,0,0
-0.0622,0,0
-0.0618,0.00614907,0.00616038
-0.0614,0.0057074,0.00571714
-0.061,0,0
-0.0606,0.00678817,0.00680194
-0.0602,0,0
-0.0598,0,0
-0.0594,0,0
-0.059,0,0
-0.0586,0,0
-0.0582,0,0
-0.0578,0,0
-0.0574,0,0
-0.057,0,0
-0.0566,0,0
-0.0562,0,0
-0.0558,0,0
-0.0554,0.00639684,0.00640905
-0.055,0.00593578,0.00594629
-0.0546,0,0
-0.0542,0,0
-0.0538,0,0
-0.0534,0,0
-0.053,0,0
-0.0526,0,0
-0.0522,0,0
-0.0518,0,0
-0.0514,0.0063135,0.00632538
-0.051,0,0
-0.0506,0.00633733,0.0063493
-0.0502,0,0
-0.0498,0.0139835,0.00990845
-0.0494,0,0
-0.049,0,0
-0.0486,0,0
-0.0482,0,0
-0.0478,0,0
-0.0474,0.0121992,0.00864181
-0.047,0,0
-0.0466,0,0
-0.0462,0.00675172,0.00676529
-0.0458,0.00658206,0.00659496
-0.0454,0.00658257,0.00659547
-0.045,0.00371235,0.00486818
-0.0446,0,0
-0.0442,0,0
-0.0438,0.00620902,0.00622049
-0.0434,0,0
-0.043,0.0066115,0.00636966
-0.0426,0,0
-0.0422,0,0
-0.0418,0,0
-0.0414,0,0
-0.041,0,0
-0.0406,0,0
-0.0402,0,0
-0.0398,0,0
-0.0394,0,0
-0.039,0,0
-0.0386,0,0
-0.0382,0,0
-0.0378,0,0
-0.0374,0.00625797,0.00626961
-0.037,0,0
-0.0366,0.00647564,0.0064881
-0.0362,0,0
-0.0358,0,0
-0.0354,0,0
-0.035,0,0
-0.0346,0.00587403,0.00621699
-0.0342,0.00645693,0.00646931
-0.0338,0.000564366,0.00179346
-0.0334,0,0
-0.033,0,0
-0.0326,0.00692245,0.00693668
-0.0322,0,0
-0.0318,0,0
-0.0314,0.00623242,0.00624395
-0.031,0,0
-0.0306,0,0
-0.0302,0,0
-0.0298,0,0
-0.0294,0,0
-0.029,0,0
-0.0286,0,0
-0.0282,0,0
-0.0278,0,0
-0.0274,0,0
-0.027,0,0
-0.0266,0,0
-0.0262,0,0
-0.0258,0.00625904,0.00627066
-0.0254,0.00772867,0.00686682
-0.025,0,0
-0.0246,0,0
-0.0242,0,0
-0.0238,0,0
-0.0234,0.00623618,0.00624771
-0.023,0,0
-0.0226,0.00629238,0.00630412
-0.0222,0.0025996,0.00399036
-0.0218,0,0
-0.0214,0,0
-0.021,0,0
-0.0206,0.00640854,0.00642072
-0.0202,0,0
-0.0198,0.00662503,0.00663804
-0.0194,0,0
-0.019,0,0
-0.0186,0.00609546,0.00610648
-0.0182,0,0
-0.0178,0,0
-0.0174,0.00314409,0.00459727
-0.017,0.00678747,0.00680112
-0.0166,0,0
-0.0162,0,0
-0.0158,0,0
-0.0154,0,0
-0.015,0.00683379,0.00684763
-0.0146,0,0
-0.0142,0,0
-0.0138,0,0
-0.0134,0,0
-0.013,0,0
-0.0126,0,0
-0.0122,0,0
-0.0118,0,0
-0.0114,0,0
-0.011,0,0
-0.0106,0,0
-0.0102,0,0
-0.0098,0.00699737,0.00701188
-0.0094,0,0
-0.009,0.00208772,0.00361483
-0.0086,0.00620134,0.00621274
-0.0082,0,0
-0.0078,0.00610853,0.0061196
-0.0074,0,0
-0.007,0.0129955,0.0089103
-0.0066,0.0181788,0.0105145
-0.0062,0.00623015,0.00624166
-0.0058,0,0
-0.0054,0,0
-0.005,0.012831,0.00909192
-0.0046,0.00460616,0.00525318
-0.0042,0,0
-0.0038,0.00634977,0.00636173
-0.0034,0.0114582,0.00811594
-0.003,0.0574029,0.0184272
-0.0026,0.107689,0.0261704
-0.0022,0.180904,0.0332881
-0.0018,0.273969,0.040838
-0.0014,0.415244,0.0491504
-0.001,0.588423,0.0579638
-0.0006,1.09578,0.0854942
-0.0002,1.28134,0.0904859
0.0002,0.863553,0.0721276
0.0006,0.919775,0.0758875
0.001,0.658471,0.0651716
0.0014,0.406801,0.049309
0.0018,0.232923,0.0366148
0.0022,0.126501,0.0266254
0.0026,0.0462963,0.0164537
0.003,0.0360944,0.0147675
0.0034,0.024693,0.0120468
0.0038,0.017199,0.00994681
0.0042,0,0
0.0046,0.0113206,0.00868469
0.005,0,0
0.0054,0,0
0.0058,0,0
0.0062,0.0123194,0.00872826
0.0066,0,0
0.007,0.00609847,0.00635483
0.0074,0,0
0.0078,0.00597135,0.00598195
0.0082,0,0
0.0086,0,0
0.009,0,0
0.0094,0,0
0.0098,0.00609167,0.0061027
0.0102,0,0
0.0106,0,0
0.011,0.00134362,0.00293458
0.0114,0,0
0.0118,0.00670068,0.00671402
0.0122,0,0
0.0126,0.00629158,0.00630334
0.013,0,0
0.0134,0.0122681,0.00869069
0.0138,0.00110195,0.00257423
0.0142,0,0
0.0146,0,0
0.015,0.00594915,0.00595967
0.0154,0.00601416,0.00602491
0.0158,0,0
0.0162,0,0
0.0166,0.00644456,0.00645691
0.017,0.00701516,0.00702979
0.0174,0,0
0.0178,0,0
0.0182,0,0
0.0186,0,0
0.019,0,0
0.0194,0,0
0.0198,0,0
0.0202,0.00551112,0.00586095
0.0206,0.00614858,0.00615983
0.021,0.00590501,0.00591539
0.0214,0,0
0.0218,0.00599667,0.00600737
0.0222,0,0
0.0226,0.00645468,0.00646707
0.023,0.0062624,0.00627407
0.0234,0,0
0.0238,0,0
0.0242,0,0
0.0246,0,0
0.025,0,0
0.0254,0,0
0.0258,0.0061411,0.00615232
0.0262,0,0
0.0266,0,0
0.027,0.00640268,0.00641488
0.0274,0,0
0.0278,0,0
0.0282,0,0
0.0286,0,0
0.029,0.00227542,0.00374606
0.0294,0,0
0.0298,0,0
0.0302,0,0
0.0306,0,0
0.031,0,0
0.0314,0.00330019,0.00455959
0.0318,0,0
0.0322,0,0
0.0326,0,0
0.033,0,0
0.0334,0,0
0.0338,0,0
0.0342,0,0
0.0346,0,0
0.035,0,0
0.0354,0,0
0.0358,0,0
0.0362,0,0
0.0366,0,0
0.037,0,0
0.0374,0.00670276,0.00671614
0.0378,0,0
0.0382,0,0
0.0386,0,0
0.039,0.00685746,0.00687146
0.0394,0.00651971,0.00653238
0.0398,0,0
0.0402,0,0
0.0406,0,0
0.041,0,0
0.0414,0,0
0.0418,0,0
0.0422,0,0
0.0426,0,0
0.043,0,0
0.0434,0,0
0.0438,0,0
0.0442,0,0
0.0446,0,0
0.045,0,0
0.0454,0,0
0.0458,0,0
0.0462,0,0
0.0466,0.00610216,0.00611326
0.047,0,0
0.0474,0,0
0.0478,0.00604568,0.00605657
0.0482,0,0
0.0486,0,0
0.049,0,0
0.0494,0,0
0.0498,0,0
0.0502,0,0
0.0506,0,0
0.051,0,0
0.0514,0,0
0.0518,0,0
0.0522,0,0
0.0526,0,0
0.053,0,0
0.0534,0,0
0.0538,0.0028703,0.00420588
0.0542,0,0
0.0546,0,0
0.055,0,0
0.0554,0,0
0.0558,0,0
0.0562,0.00638363,0.00639578
0.0566,0,0
0.057,0,0
0.0574,0,0
0.0578,0,0
0.0582,0,0
0.0586,0,0
0.059,0,0
0.0594,0,0
0.0598,0,0
0.0602,0.00598128,0.00599195
0.0606,0,0
0.061,0,0
0.0614,0,0
0.0618,0,0
0.0622,0,0
0.0626,0,0
0.063,0,0
0.0634,0,0
0.0638,0.00225128,0.00364382
0.0642,0,0
0.0646,0,0
0.065,0,0
0.0654,0,0
0.0658,0,0
0.0662,0,0
0.0666,0,0
0.067,0,0
0.0674,0,0
0.0678,0,0
0.0682,0,0
0.0686,0,0
0.069,0,0
0.0694,0,0
0.0698,0,0
0.0702,0.00631355,0.00632544
0.0706,0,0
0.071,0,0
0.0714,0,0
0.0718,0,0
0.0722,0,0
0.0726,0,0
0.073,0,0
0.0734,0.00583468,0.00584484
0.0738,0,0
0.0742,0,0
0.0746,0,0
0.075,0,0
0.0754,0,0
0.0758,0,0
0.0762,0,0
0.0766,0,0
0.077,0,0
0.0774,0,0
0.0778,0,0
0.0782,0,0
0.0786,0,0
0.079,0,0
0.0794,0,0
0.0798,0.0060038,0.00601456
0.0802,0,0
0.0806,0,0
0.081,0,0
0.0814,0,0
0.0818,0.00558772,0.00559704
0.0822,0,0
0.0826,0,0
0.083,0,0
0.0834,0,0
0.0838,0,0
0.0842,0,0
0.0846,0,0
0.085,0,0
0.0854,0,0
0.0858,0,0
0.0862,0,0
0.0866,0,0
0.087,0,0
0.0874,0,0
0.0878,0,0
0.0882,0,0
0.0886,0,0
0.089,0,0
0.0894,0,0
0.0898,0,0
0.0902,0,0
0.0906,0,0
0.091,0,0
0.0914,0,0
0.0918,0,0
0.0922,0,0
0.0926,0,0
0.093,0,0
0.0934,0.00683888,0.00685283
0.0938,0,0
0.0942,0,0
0.0946,0,0
0.095,0.00631015,0.00632203
0.0954,0,0
0.0958,0,0
0.0962,0.00634512,0.00635713
0.0966,0,0
0.097,0.00600481,0.00601557
0.0974,0,0
0.0978,0,0
0.0982,0,0
0.0986,0,0
0.099,0,0
0.0994,0,0
0.0998,0,0
0.1002,0,0
0.1006,0,0
0.101,0.00614633,0.0061576
0.1014,0,0
0.1018,0,0
0.1022,0,0
0.1026,0,0
0.103,0,0
0.1034,0,0
0.1038,0,0
0.1042,0,0
0.1046,0,0
0.105,0,0
0.1054,0,0
0.1058,0,0
0.1062,0,0
0.1066,0,0
0.107,0,0
0.1074,0,0
0.1078,0,0
0.1082,0,0
0.1086,0,0
0.109,0,0
0.1094,0,0
0.1098,0,0
0.1102,0,0
0.1106,0,0
0.111,0,0
0.1114,0,0
0.1118,0,0
0.1122,0,0
0.1126,0,0
0.113,0,0
0.1134,0,0
0.1138,0,0
0.1142,0,0
0.1146,0,0
0.115,0,0
0.1154,0,0
0.1158,0,0
0.1162,0,0
0.1166,0,0
0.117,0,0
0.1174,0,0
0.1178,0,0
0.1182,0,0
0.1186,0,0
0.119,0,0
0.1194,0.0101781,0.0102762
0.1198,0,0
5
-0.1198,0,0
-0.1194,0,0
-0.119,0,0
-0.1186,0,0
-0.1182,0.00670354,0.00671718
-0.1178,0,0
-0.1174,0,0
-0.117,0,0
-0.1166,0,0
-0.1162,0,0
-0.1158,0,0
-0.1154,0,0
-0.115,0,0
-0.1146,0.00647476,0.00648747
-0.1142,0,0
-0.1138,0,0
-0.1134,0,0
-0.113,0,0
-0.1126,0,0
-0.1122,0,0
-0.1118,0,0
-0.1114,0,0
-0.111,0,0
-0.1106,0,0
-0.1102,0,0
-0.1098,0,0
-0.1094,0,0
-0.109,0,0
-0.1086,0,0
-0.1082,0.00673775,0.00675144
-0.1078,0,0
-0.1074,0,0
-0.107,0,0
-0.1066,0,0
-0.1062,0,0
-0.1058,0,0
-0.1054,0,0
-0.105,0,0
-0.1046,0,0
-0.1042,0,0
-0.1038,0,0
-0.1034,0,0
-0.103,0,0
-0.1026,0,0
-0.1022,0,0
-0.1018,0,0
-0.1014,0,0
-0.101,0.0061982,0.00620973
-0.1006,0,0
-0.1002,0,0
-0.0998,0,0
-0.0994,0,0
-0.099,0,0
-0.0986,0,0
-0.0982,0,0
-0.0978,0,0
-0.0974,0,0
-0.097,0,0
-0.0966,0,0
-0.0962,0,0
-0.0958,0,0
-0.0954,0,0
-0.095,0,0
-0.0946,0,0
-0.0942,0,0
-0.0938,0,0
-0.0934,0,0
-0.093,0,0
-0.0926,0,0
-0.0922,0,0
-0.0918,0,0
-0.0914,0,0
-0.091,0,0
-0.0906,0,0
-0.0902,0,0
-0.0898,0.00687038,0.00688444
-0.0894,0,0
-0.089,0,0
-0.0886,0,0
-0.0882,0,0
-0.0878,0,0
-0.0874,0,0
-0.087,0,0
-0.0866,0,0
-0.0862,0,0
-0.0858,0,0
-0.0854,0,0
-0.085,0,0
-0.0846,0,0
-0.0842,0,0
-0.0838,0,0
-0.0834,0,0
-0.083,0,0
-0.0826,0,0
-0.0822,0,0
-0.0818,0,0
-0.0814,0,0
-0.081,0,0
-0.0806,0.0063048,0.00631658
-0.0802,0,0
-0.0798,0,0
-0.0794,0,0
-0.079,0,0
-0.0786,0,0
-0.0782,0,0
-0.0778,0,0
-0.0774,0,0
-0.077,0,0
-0.0766,0,0
-0.0762,0,0
-0.0758,0,0
-0.0754,0,0
-0.075,0,0
-0.0746,0,0
-0.0742,0,0
-0.0738,0,0
-0.0734,0,0
-0.073,0,0
-0.0726,0,0
-0.0722,0,0
-0.0718,0.00634294,0.00635481
-0.0714,0,0
-0.071,0,0
-0.0706,0,0
-0.0702,0,0
-0.0698,0,0
-0.0694,0,0
-0.069,0,0
-0.0686,0,0
-0.0682,0,0
-0.0678,0,0
-0.0674,0,0
-0.067,0,0
-0.0666,0.00671833,0.00673161
-0.0662,0,0
-0.0658,0.00625751,0.00626903
-0.0654,0,0
-0.065,0,0
-0.0646,0,0
-0.0642,0,0
-0.0638,0,0
-0.0634,0,0
-0.063,0,0
-0.0626,0,0
-0.0622,0,0
-0.0618,0,0
-0.0614,0,0
-0.061,0,0
-0.0606,0.00662073,0.00663359
-0.0602,0,0
-0.0598,0,0
-0.0594,0,0
-0.059,0,0
-0.0586,0,0
-0.0582,0,0
-0.0578,0,0
-0.0574,0,0
-0.057,0,0
-0.0566,0,0
-0.0562,0,0
-0.0558,0,0
-0.0554,0,0
-0.055,0,0
-0.0546,0,0
-0.0542,0,0
-0.0538,0,0
-0.0534,0,0
-0.053,0.00646639,0.00647862
-0.0526,0,0
-0.0522,0.00225824,0.00373176
-0.0518,0,0
-0.0514,0,0
-0.051,0,0
-0.0506,0,0
-0.0502,0,0
-0.0498,0,0
-0.0494,0,0
-0.049,0.00632288,0.00633456
-0.0486,0,0
-0.0482,0,0
-0.0478,0,0
-0.0474,0,0
-0.047,0,0
-0.0466,0.00683186,0.00684548
-0.0462,0,0
-0.0458,0,0
-0.0454,0,0
-0.045,0,0
-0.0446,0,0
-0.0442,0,0
-0.0438,0,0
-0.0434,0,0
-0.043,0.00573637,0.0059957
-0.0426,0.0063427,0.00635442
-0.0422,0,0
-0.0418,0,0
-0.0414,0,0
-0.041,0,0
-0.0406,0,0
-0.0402,0,0
-0.0398,0,0
-0.0394,0,0
-0.039,0,0
-0.0386,0,0
-0.0382,0,0
-0.0378,0,0
-0.0374,0,0
-0.037,0,0
-0.0366,0,0
-0.0362,0,0
-0.0358,0,0
-0.0354,0,0
-0.035,0,0
-0.0346,0,0
-0.0342,0.00669986,0.0067129
-0.0338,0,0
-0.0334,0,0
-0.033,0,0
-0.0326,0,0
-0.0322,0,0
-0.0318,0,0
-0.0314,0,0
-0.031,0,0
-0.0306,0,0
-0.0302,0,0
-0.0298,0,0
-0.0294,0,0
-0.029,0,0
-0.0286,0,0
-0.0282,0.00633393,0.00634557
-0.0278,0,0
-0.0274,0,0
-0.027,0,0
-0.0266,0,0
-0.0262,0.00619706,0.0062082
-0.0258,0,0
-0.0254,0,0
-0.025,0.00622144,0.00623266
-0.0246,0,0
-0.0242,0,0
-0.0238,0,0
-0.0234,0,0
-0.023,0,0
-0.0226,0,0
-0.0222,0.00358621,0.00474183
-0.0218,0.0059934,0.00600381
-0.0214,0,0
-0.021,0,0
-0.0206,0,0
-0.0202,0.0064326,0.00644458
-0.0198,0.00678399,0.00679732
-0.0194,0,0
-0.019,0,0
-0.0186,0,0
-0.0182,0,0
-0.0178,0,0
-0.0174,0,0
-0.017,0,0
-0.0166,0,0
-0.0162,0,0
-0.0158,0.00690373,0.00691751
-0.0154,0,0
-0.015,0,0
-0.0146,0,0
-0.0142,0,0
-0.0138,0.00627381,0.00628519
-0.0134,0,0
-0.013,0,0
-0.0126,0,0
-0.0122,0,0
-0.0118,0,0
-0.0114,0,0
-0.011,0.00665619,0.00666899
-0.0106,0,0
-0.0102,0.00613446,0.00614534
-0.0098,0.00717846,0.00719335
-0.0094,0,0
-0.009,0.00639922,0.00641105
-0.0086,0,0
-0.0082,0,0
-0.0078,0.00662203,0.0066347
-0.0074,0.00626132,0.00627265
-0.007,0,0
-0.0066,0,0
-0.0062,0.00639932,0.00641114
-0.0058,0,0
-0.0054,0,0
-0.005,0,0
-0.0046,0.00672201,0.00673505
-0.0042,0.0335098,0.0150152
-0.0038,0.0252408,0.012651
-0.0034,0.0298567,0.0133773
-0.003,0.0441046,0.0164046
-0.0026,0.116942,0.0276101
-0.0022,0.201067,0.0356132
-0.0018,0.442311,0.0526566
-0.0014,0.652331,0.062537
-0.001,0.823671,0.0695634
-0.0006,1.15367,0.0887396
-0.0002,1.23833,0.0902469
0.0002,1.07928,0.0820118
0.0006,0.7333,0.0691784
0.001,0.533204,0.0591495
0.0014,0.4433,0.0522362
0.0018,0.195935,0.0342104
0.0022,0.107169,0.0248929
0.0026,0.0359038,0.0147305
0.003,0.0495353,0.0175515
0.0034,0.0242905,0.0121667
0.0038,0.0181101,0.0104795
0.0042,0,0
0.0046,0.0274271,0.0137409
0.005,0.012584,0.00891442
0.0054,0,0
0.0058,0,0
0.0062,0.00644405,0.00645603
0.0066,0.00696593,0.00697992
0.007,0.013582,0.00962274
0.0074,0.00661502,0.00662764
0.0078,0.00614776,0.00615867
0.0082,0,0
0.0086,0,0
0.009,0,0
0.0094,0,0
0.0098,0,0
0.0102,0.00637816,0.0063899
0.0106,0,0
0.011,0.00611812,0.00612892
0.0114,0,0
0.0118,0,0
0.0122,0,0
0.0126,0,0
0.013,0,0
0.0134,0,0
0.0138,0,0
0.0142,0,0
0.0146,0.00654665,0.00655901
0.015,0,0
0.0154,0,0
0.0158,0.006662,0.00667481
0.0162,0,0
0.0166,0,0
0.017,0,0
0.0174,0,0
0.0178,0,0
0.0182,0.00628192,0.0062933
0.0186,0,0
0.019,0,0
0.0194,0,0
0.0198,0.0119451,0.00846117
0.0202,0.00633873,0.00635032
0.0206,0,0
0.021,0.00608779,0.00609849
0.0214,0,0
0.0218,0.00689645,0.00691018
0.0222,0,0
0.0226,0,0
0.023,0,0
0.0234,0.00668917,0.00670208
0.0238,0,0
0.0242,0,0
0.0246,0,0
0.025,0,0
0.0254,0.00705401,0.00706836
0.0258,0,0
0.0262,0,0
0.0266,0,0
0.027,0,0
0.0274,0,0
0.0278,0,0
0.0282,0,0
0.0286,0,0
0.029,0.00399366,0.00504197
0.0294,0,0
0.0298,0,0
0.0302,0,0
0.0306,0,0
0.031,0.00635117,0.0063628
0.0314,0.00307269,0.00447058
0.0318,0,0
0.0322,0,0
0.0326,0,0
0.033,0,0
0.0334,0,0
0.0338,0,0
0.0342,0,0
0.0346,0,0
0.035,0,0
0.0354,0,0
0.0358,0,0
0.0362,0,0
0.0366,0,0
0.037,0,0
0.0374,0.00692824,0.00694208
0.0378,0,0
0.0382,0,0
0.0386,0,0
0.039,0.00709006,0.00710454
0.0394,0,0
0.0398,0,0
0.0402,0,0
0.0406,0,0
0.041,0.0069727,0.0069867
0.0414,0,0
0.0418,0,0
0.0422,0,0
0.0426,0,0
0.043,0,0
0.0434,0,0
0.0438,0,0
0.0442,0,0
0.0446,0,0
0.045,0,0
0.0454,0,0
0.0458,0.00666729,0.00668009
0.0462,0,0
0.0466,0,0
0.047,0,0
0.0474,0,0
0.0478,0.00626254,0.00627383
0.0482,0,0
0.0486,0,0
0.049,0,0
0.0494,0,0
0.0498,0,0
0.0502,0,0
0.0506,0,0
0.051,0,0
0.0514,0,0
0.0518,0,0
0.0522,0,0
0.0526,0,0
0.053,0,0
0.0534,0,0
0.0538,0.00339274,0.0046576
0.0542,0,0
0.0546,0,0
0.055,0,0
0.0554,0,0
0.0558,0,0
0.0562,0,0
0.0566,0,0
0.057,0,0
0.0574,0,0
0.0578,0,0
0.0582,0,0
0.0586,0,0
0.059,0,0
0.0594,0,0
0.0598,0,0
0.0602,0,0
0.0606,0,0
0.061,0,0
0.0614,0,0
0.0618,0.00646561,0.00647761
0.0622,0,0
0.0626,0,0
0.063,0,0
0.0634,0,0
0.0638,0.00377189,0.00481058
0.0642,0,0
0.0646,0,0
0.065,0,0
0.0654,0,0
0.0658,0,0
0.0662,0,0
0.0666,0.00637055,0.00638219
0.067,0,0
0.0674,0,0
0.0678,0,0
0.0682,0,0
0.0686,0,0
0.069,0,0
0.0694,0,0
0.0698,0,0
0.0702,0.00658057,0.00659297
0.0706,0,0
0.071,0,0
0.0714,0,0
0.0718,0,0
0.0722,0,0
0.0726,0,0
0.073,0,0
0.0734,0.00608797,0.00609857
0.0738,0,0
0.0742,0,0
0.0746,0,0
0.075,0,0
0.0754,0.00590842,0.00591841
0.0758,0,0
0.0762,0,0
0.0766,0,0
0.077,0,0
0.0774,0,0
0.0778,0,0
0.0782,0,0
0.0786,0,0
0.079,0,0
0.0794,0,0
0.0798,0,0
0.0802,0,0
0.0806,0,0
0.081,0,0
0.0814,0,0
0.0818,0,0
0.0822,0,0
0.0826,0,0
0.083,0,0
0.0834,0,0
0.0838,0,0
0.0842,0,0
0.0846,0,0
0.085,0,0
0.0854,0,0
0.0858,0,0
0.0862,0,0
0.0866,0,0
0.087,0,0
0.0874,0.00609444,0.00610501
0.0878,0,0
0.0882,0.00624669,0.0062578
0.0886,0.0121542,0.0086127
0.089,0,0
0.0894,0,0
0.0898,0,0
0.0902,0,0
0.0906,0.00662792,0.00664041
0.091,0,0
0.0914,0,0
0.0918,0,0
0.0922,0,0
0.0926,0,0
0.093,0.00667472,0.00668738
0.0934,0,0
0.0938,0.00607758,0.00608807
0.0942,0,0
0.0946,0,0
0.095,0,0
0.0954,0,0
0.0958,0,0
0.0962,0,0
0.0966,0.00663442,0.0066469
0.097,0,0
0.0974,0,0
0.0978,0,0
0.0982,0,0
0.0986,0,0
0.099,0,0
0.0994,0,0
0.0998,0,0
0.1002,0,0
0.1006,0,0
0.101,0,0
0.1014,0,0
0.1018,0.00816613,0.00818499
0.1022,0,0
0.1026,0,0
0.103,0,0
0.1034,0,0
0.1038,0,0
0.1042,0,0
0.1046,0.00707475,0.00708889
0.105,0,0
0.1054,0,0
0.1058,0,0
0.1062,0,0
0.1066,0,0
0.107,0,0
0.1074,0,0
0.1078,0,0
0.1082,0,0
0.1086,0,0
0.109,0,0
0.1094,0,0
0.1098,0,0
0.1102,0,0
0.1106,0,0
0.111,0,0
0.1114,0,0
0.1118,0,0
0.1122,0,0
0.1126,0,0
0.113,0,0
0.1134,0.00891276,0.00893511
0.1138,0,0
0.1142,0,0
0.1146,0,0
0.115,0,0
0.1154,0.00910193,0.00912521
0.1158,0,0
0.1162,0,0
0.1166,0,0
0.117,0,0
0.1174,0,0
0.1178,0,0
0.1182,0,0
0.1186,0,0
0.119,0,0
0.1194,0,0
0.1198,0,0
6
-0.1198,0,0
-0.1194,0,0
-0.119,0,0
-0.1186,0,0
-0.1182,0,0
-0.1178,0,0
-0.1174,0,0
-0.117,0,0
-0.1166,0,0
-0.1162,0,0
-0.1158,0,0
-0.1154,0,0
-0.115,0,0
-0.1146,0,0
-0.1142,0,0
-0.1138,0,0
-0.1134,0,0
-0.113,0,0
-0.1126,0,0
-0.1122,0,0
-0.1118,0,0
-0.1114,0,0
-0.111,0,0
-0.1106,0,0
-0.1102,0,0
-0.1098,0,0
-0.1094,0,0
-0.109,0,0
-0.1086,0,0
-0.1082,0,0
-0.1078,0,0
-0.1074,0,0
-0.107,0,0
-0.1066,0,0
-0.1062,0,0
-0.1058,0,0
-0.1054,0,0
-0.105,0,0
-0.1046,0,0
-0.1042,0,0
-0.1038,0,0
-0.1034,0,0
-0.103,0,0
-0.1026,0,0
-0.1022,0,0
-0.1018,0,0
-0.1014,0,0
-0.101,0,0
-0.1006,0,0
-0.1002,0,0
-0.0998,0,0
-0.0994,0,0
-0.099,0,0
-0.0986,0,0
-0.0982,0,0
-0.0978,0,0
-0.0974,0,0
-0.097,0,0
-0.0966,0,0
-0.0962,0,0
-0.0958,0,0
-0.0954,0,0
-0.095,0,0
-0.0946,0,0
-0.0942,0,0
-0.0938,0,0
-0.0934,0,0
-0.093,0,0
-0.0926,0,0
-0.0922,0,0
-0.0918,0,0
-0.0914,0,0
-0.091,0,0
-0.0906,0,0
-0.0902,0,0
-0.0898,0,0
-0.0894,0,0
-0.089,0,0
-0.0886,0,0
-0.0882,0,0
-0.0878,0,0
-0.0874,0,0
-0.087,0,0
-0.0866,0,0
-0.0862,0,0
-0.0858,0,0
-0.0854,0.00542954,0.0054394
-0.085,0,0
-0.0846,0,0
-0.0842,0,0
-0.0838,0,0
-0.0834,0,0
-0.083,0,0
-0.0826,0,0
-0.0822,0,0
-0.0818,0,0
-0.0814,0,0
-0.081,0,0
-0.0806,0,0
-0.0802,0,0
-0.0798,0.00583507,0.00584652
-0.0794,0,0
-0.079,0,0
-0.0786,0,0
-0.0782,0,0
-0.0778,0,0
-0.0774,0,0
-0.077,0,0
-0.0766,0,0
-0.0762,0,0
-0.0758,0,0
-0.0754,0,0
-0.075,0,0
-0.0746,0,0
-0.0742,0,0
-0.0738,0,0
-0.0734,0,0
-0.073,0,0
-0.0726,0,0
-0.0722,0,0
-0.0718,0,0
-0.0714,0,0
-0.071,0,0
-0.0706,0,0
-0.0702,0,0
-0.0698,0,0
-0.0694,0,0
-0.069,0,0
-0.0686,0,0
-0.0682,0.00578352,0.0057949
-0.0678,0,0
-0.0674,0,0
-0.067,0,0
-0.0666,0,0
-0.0662,0,0
-0.0658,0,0
-0.0654,0,0
-0.065,0,0
-0.0646,0,0
-0.0642,0.00527704,0.00528655
-0.0638,0,0
-0.0634,0,0
-0.063,0,0
-0.0626,0.00565444,0.00566537
-0.0622,0,0
-0.0618,0,0
-0.0614,0,0
-0.061,0,0
-0.0606,0,0
-0.0602,0,0
-0.0598,0,0
-0.0594,0,0
-0.059,0.00495064,0.00495904
-0.0586,0,0
-0.0582,0,0
-0.0578,0,0
-0.0574,0,0
-0.057,0,0
-0.0566,0,0
-0.0562,0,0
-0.0558,0,0
-0.0554,0,0
-0.055,0,0
-0.0546,0,0
-0.0542,0,0
-0.0538,0,0
-0.0534,0,0
-0.053,0,0
-0.0526,0,0
-0.0522,0.00329566,0.00415141
-0.0518,0.00510519,0.00511418
-0.0514,0,0
-0.051,0,0
-0.0506,0,0
-0.0502,0,0
-0.0498,0,0
-0.0494,0,0
-0.049,0,0
-0.0486,0,0
-0.0482,0,0
-0.0478,0,0
-0.0474,0,0
-0.047,0,0
-0.0466,0,0
-0.0462,0,0
-0.0458,0,0
-0.0454,0,0
-0.045,0,0
-0.0446,0,0
-0.0442,0,0
-0.0438,0,0
-0.0434,0,0
-0.043,0,0
-0.0426,0,0
-0.0422,0,0
-0.0418,0,0
-0.0414,0,0
-0.041,0,0
-0.0406,0,0
-0.0402,0,0
-0.0398,0,0
-0.0394,0,0
-0.039,0.00537533,0.00538539
-0.0386,0.00559286,0.00560374
-0.0382,0,0
-0.0378,0,0
-0.0374,0,0
-0.037,0,0
-0.0366,0,0
-0.0362,0,0
-0.0358,0,0
-0.0354,0,0
-0.035,0,0
-0.0346,0,0
-0.0342,0,0
-0.0338,0,0
-0.0334,0,0
-0.033,0,0
-0.0326,0,0
-0.0322,0,0
-0.0318,0,0
-0.0314,0,0
-0.031,0,0
-0.0306,0,0
-0.0302,0,0
-0.0298,0,0
-0.0294,0,0
-0.029,0,0
-0.0286,0,0
-0.0282,0,0
-0.0278,0,0
-0.0274,0,0
-0.027,0,0
-0.0266,0,0
-0.0262,0,0
-0.0258,0,0
-0.0254,0,0
-0.025,0,0
-0.0246,0.00525047,0.00526014
-0.0242,0,0
-0.0238,0,0
-0.0234,0,0
-0.023,0,0
-0.0226,0,0
-0.0222,0,0
-0.0218,0,0
-0.0214,0,0
-0.021,0,0
-0.0206,0,0
-0.0202,0,0
-0.0198,0,0
-0.0194,0,0
-0.019,0,0
-0.0186,0,0
-0.0182,0,0
-0.0178,0,0
-0.0174,0,0
-0.017,0,0
-0.0166,0,0
-0.0162,0,0
-0.0158,0,0
-0.0154,0,0
-0.015,0,0
-0.0146,0,0
-0.0142,0,0
-0.0138,0,0
-0.0134,0,0
-0.013,0,0
-0.0126,0,0
-0.0122,0,0
-0.0118,0,0
-0.0114,0,0
-0.011,0.00531063,0.00532057
-0.0106,0,0
-0.0102,0,0
-0.0098,0,0
-0.0094,0,0
-0.009,0,0
-0.0086,0,0
-0.0082,0.010679,0.00756544
-0.0078,0,0
-0.0074,0,0
-0.007,0,0
-0.0066,0,0
-0.0062,0,0
-0.0058,0.0102328,0.00724875
-0.0054,0,0
-0.005,0,0
-0.0046,0,0
-0.0042,0.0109526,0.00775964
-0.0038,0.00533228,0.00534232
-0.0034,0.0192445,0.00963865
-0.003,0.0299747,0.0122605
-0.0026,0.0315318,0.0129027
-0.0022,0.107582,0.0235208
-0.0018,0.117349,0.0245234
-0.0014,0.229091,0.0334961
-0.001,0.281895,0.0367785
-0.0006,0.350104,0.0442546
-0.0002,0.405543,0.0466144
0.0002,0.347068,0.0419144
0.0006,0.358048,0.0436738
0.001,0.31174,0.0406961
0.0014,0.249428,0.0353419
0.0018,0.130827,0.0251998
0.0022,0.0420933,0.0140359
0.0026,0.0506045,0.015975
0.003,0.0251269,0.0112612
0.0034,0.00496931,0.00497803
0.0038,0.00963244,0.00682277
0.0042,0.0112353,0.00796033
0.0046,0.0111524,0.0079015
0.005,0.010273,0.00727728
0.0054,0.00515711,0.00516651
0.0058,0.010726,0.00760843
0.0062,0.00509464,0.0051038
0.0066,0.00568915,0.00570058
0.007,0.00554764,0.0055585
0.0074,0,0
0.0078,0.0100474,0.00711719
0.0082,0.00519868,0.00520822
0.0086,0,0
0.009,0,0
0.0094,0,0
0.0098,0,0
0.0102,0,0
0.0106,0,0
0.011,0,0
0.0114,0,0
0.0118,0,0
0.0122,0,0
0.0126,0,0
0.013,0,0
0.0134,0,0
0.0138,0,0
0.0142,0.00537371,0.00538386
0.0146,0,0
0.015,0,0
0.0154,0,0
0.0158,0.00547649,0.00548701
0.0162,0.00507037,0.00507939
0.0166,0,0
0.017,0.00512632,0.00525263
0.0174,0,0
0.0178,0,0
0.0182,0,0
0.0186,0,0
0.019,0,0
0.0194,0,0
0.0198,0,0
0.0202,0,0
0.0206,0,0
0.021,0,0
0.0214,0,0
0.0218,0,0
0.0222,0,0
0.0226,0,0
0.023,0,0
0.0234,0,0
0.0238,0,0
0.0242,0,0
0.0246,0,0
0.025,0,0
0.0254,0.0055145,0.005525
0.0258,0,0
0.0262,0,0
0.0266,0,0
0.027,0,0
0.0274,0,0
0.0278,0,0
0.0282,0,0
0.0286,0,0
0.029,0.00532505,0.00533479
0.0294,0,0
0.0298,0,0
0.0302,0,0
0.0306,0,0
0.031,0.00458468,0.00517772
0.0314,0,0
0.0318,0,0
0.0322,0,0
0.0326,0,0
0.033,0,0
0.0334,0,0
0.0338,0,0
0.0342,0,0
0.0346,0,0
0.035,0,0
0.0354,0,0
0.0358,0.00508697,0.00509576
0.0362,0,0
0.0366,0,0
0.037,0.00527118,0.0052806
0.0374,0,0
0.0378,0,0
0.0382,0,0
0.0386,0,0
0.039,0,0
0.0394,0,0
0.0398,0,0
0.0402,0,0
0.0406,0,0
0.041,0,0
0.0414,0,0
0.0418,0,0
0.0422,0,0
0.0426,0,0
0.043,0,0
0.0434,0,0
0.0438,0,0
0.0442,0,0
0.0446,0,0
0.045,0,0
0.0454,0,0
0.0458,0,0
0.0462,0,0
0.0466,0,0
0.047,0,0
0.0474,0,0
0.0478,0,0
0.0482,0,0
0.0486,0,0
0.049,0,0
0.0494,0,0
0.0498,0.00585838,0.00586977
0.0502,0,0
0.0506,0,0
0.051,0,0
0.0514,0,0
0.0518,0,0
0.0522,0,0
0.0526,0,0
0.053,0,0
0.0534,0,0
0.0538,0,0
0.0542,0,0
0.0546,0,0
0.055,0,0
0.0554,0,0
0.0558,0,0
0.0562,0,0
0.0566,0,0
0.057,0,0
0.0574,0,0
0.0578,0,0
0.0582,0,0
0.0586,0,0
0.059,0,0
0.0594,0.0111759,0.00791699
0.0598,0,0
0.0602,0,0
0.0606,0,0
0.061,0,0
0.0614,0,0
0.0618,0,0
0.0622,0,0
0.0626,0,0
0.063,0,0
0.0634,0,0
0.0638,0,0
0.0642,0,0
0.0646,0,0
0.065,0,0
0.0654,0,0
0.0658,0.00567802,0.00568846
0.0662,0,0
0.0666,0,0
0.067,0,0
0.0674,0,0
0.0678,0,0
0.0682,0,0
0.0686,0,0
0.069,0,0
0.0694,0,0
0.0698,0,0
0.0702,0,0
0.0706,0,0
0.071,0,0
0.0714,0.00573878,0.00574935
0.0718,0,0
0.0722,0,0
0.0726,0.00250302,0.00388494
0.073,0,0
0.0734,0,0
0.0738,0,0
0.0742,0,0
0.0746,0,0
0.075,0,0
0.0754,0,0
0.0758,0,0
0.0762,0,0
0.0766,0,0
0.077,0,0
0.0774,0,0
0.0778,0.00607713,0.00608888
0.0782,0,0
0.0786,0,0
0.079,0,0
0.0794,0,0
0.0798,0,0
0.0802,0,0
0.0806,0,0
0.081,0,0
0.0814,0,0
0.0818,0,0
0.0822,0,0
0.0826,0,0
0.083,0,0
0.0834,0,0
0.0838,0,0
0.0842,0,0
0.0846,0.00591326,0.00592427
0.085,0,0
0.0854,0,0
0.0858,0,0
0.0862,0,0
0.0866,0,0
0.087,0,0
0.0874,0,0
0.0878,0,0
0.0882,0,0
0.0886,0,0
0.089,0,0
0.0894,0,0
0.0898,0,0
0.0902,0,0
0.0906,0,0
0.091,0,0
0.0914,0,0
0.0918,0,0
0.0922,0.00552019,0.00552969
0.0926,0,0
0.093,0,0
0.0934,0,0
0.0938,0,0
0.0942,0,0
0.0946,0,0
0.095,0,0
0.0954,0,0
0.0958,0,0
0.0962,0,0
0.0966,0,0
0.097,0,0
0.0974,0,0
0.0978,0,0
0.0982,0.00618367,0.00619548
0.0986,0,0
0.099,0,0
0.0994,0,0
0.0998,0,0
0.1002,0,0
0.1006,0,0
0.101,0,0
0.1014,0,0
0.1018,0,0
0.1022,0,0
0.1026,0,0
0.103,0,0
0.1034,0,0
0.1038,0.00702069,0.00703583
0.1042,0,0
0.1046,0,0
0.105,0,0
0.1054,0,0
0.1058,0,0
0.1062,0,0
0.1066,0,0
0.107,0,0
0.1074,0,0
0.1078,0,0
0.1082,0,0
0.1086,0,0
0.109,0,0
0.1094,0,0
0.1098,0,0
0.1102,0,0
0.1106,0,0
0.111,0,0
0.1114,0,0
0.1118,0,0
0.1122,0,0
0.1126,0,0
0.113,0,0
0.1134,0,0
0.1138,0,0
0.1142,0,0
0.1146,0,0
0.115,0,0
0.1154,0,0
0.1158,0,0
0.1162,0,0
0.1166,0,0
0.117,0,0
0.1174,0,0
0.1178,0,0
0.1182,0,0
0.1186,0,0
0.119,0,0
0.1194,0,0
0.1198,0,0
7
-0.1198,0.00522753,0.00523698
-0.1194,0,0
-0.119,0,0
-0.1186,0,0
-0.1182,0,0
-0.1178,0,0
-0.1174,0,0
-0.117,0,0
-0.1166,0,0
-0.1162,0,0
-0.1158,0,0
-0.1154,0,0
-0.115,0,0
-0.1146,0,0
-0.1142,0,0
-0.1138,0,0
-0.1134,0,0
-0.113,0,0
-0.1126,0,0
-0.1122,0,0
-0.1118,0,0
-0.1114,0,0
-0.111,0,0
-0.1106,0,0
-0.1102,0,0
-0.1098,0,0
-0.1094,0,0
-0.109,0.00517954,0.00518888
-0.1086,0,0
-0.1082,0,0
-0.1078,0,0
-0.1074,0.00584847,0.00586039
-0.107,0,0
-0.1066,0,0
-0.1062,0,0
-0.1058,0,0
-0.1054,0,0
-0.105,0,0
-0.1046,0,0
-0.1042,0,0
-0.1038,0,0
-0.1034,0,0
-0.103,0,0
-0.1026,0,0
-0.1022,0,0
-0.1018,0,0
-0.1014,0,0
-0.101,0,0
-0.1006,0,0
-0.1002,0,0
-0.0998,0,0
-0.0994,0,0
-0.099,0,0
-0.0986,0,0
-0.0982,0.00549202,0.00550263
-0.0978,0,0
-0.0974,0,0
-0.097,0,0
-0.0966,0,0
-0.0962,0,0
-0.0958,0,0
-0.0954,0,0
-0.095,0,0
-0.0946,0,0
-0.0942,0,0
-0.0938,0,0
-0.0934,0,0
-0.093,0,0
-0.0926,0,0
-0.0922,0,0
-0.0918,0,0
-0.0914,0,0
-0.091,0,0
-0.0906,0,0
-0.0902,0,0
-0.0898,0,0
-0.0894,0,0
-0.089,0,0
-0.0886,0,0
-0.0882,0,0
-0.0878,0,0
-0.0874,0,0
-0.087,0,0
-0.0866,0,0
-0.0862,0,0
-0.0858,0,0
-0.0854,0,0
-0.085,0,0
-0.0846,0.00499347,0.0050023
-0.0842,0,0
-0.0838,0,0
-0.0834,0,0
-0.083,0,0
-0.0826,0,0
-0.0822,0,0
-0.0818,0,0
-0.0814,0,0
-0.081,0,0
-0.0806,0,0
-0.0802,0,0
-0.0798,0,0
-0.0794,0,0
-0.079,0,0
-0.0786,0,0
-0.0782,0,0
-0.0778,0,0
-0.0774,0,0
-0.077,0.00518058,0.00519005
-0.0766,0,0
-0.0762,0,0
-0.0758,0.00521233,0.00522191
-0.0754,0,0
-0.075,0,0
-0.0746,0,0
-0.0742,0,0
-0.0738,0,0
-0.0734,0.00492552,0.00493406
-0.073,0.00545519,0.00546566
-0.0726,0,0
-0.0722,0,0
-0.0718,0,0
-0.0714,0,0
-0.071,0,0
-0.0706,0,0
-0.0702,0,0
-0.0698,0,0
-0.0694,0.00503167,0.00504054
-0.069,0,0
-0.0686,0,0
-0.0682,0,0
-0.0678,0,0
-0.0674,0,0
-0.067,0,0
-0.0666,0,0
-0.0662,0,0
-0.0658,0,0
-0.0654,0,0
-0.065,0,0
-0.0646,0.00516284,0.00517214
-0.0642,0,0
-0.0638,0,0
-0.0634,0,0
-0.063,0,0
-0.0626,0,0
-0.0622,0,0
-0.0618,0,0
-0.0614,0,0
-0.061,0,0
-0.0606,0,0
-0.0602,0,0
-0.0598,0,0
-0.0594,0,0
-0.059,0.0048956,0.00490391
-0.0586,0,0
-0.0582,0.0055239,0.00553447
-0.0578,0,0
-0.0574,0.00541469,0.00542484
-0.057,0,0
-0.0566,0,0
-0.0562,0,0
-0.0558,0,0
-0.0554,0,0
-0.055,0,0
-0.0546,0,0
-0.0542,0,0
-0.0538,0,0
-0.0534,0,0
-0.053,0,0
-0.0526,0,0
-0.0522,0,0
-0.0518,0,0
-0.0514,0,0
-0.051,0,0
-0.0506,0,0
-0.0502,0,0
-0.0498,0,0
-0.0494,0,0
-0.049,0,0
-0.0486,0,0
-0.0482,0,0
-0.0478,0,0
-0.0474,0,0
-0.047,0,0
-0.0466,0,0
-0.0462,0.00589861,0.00591047
-0.0458,0,0
-0.0454,0,0
-0.045,0,0
-0.0446,0,0
-0.0442,0,0
-0.0438,0,0
-0.0434,0,0
-0.043,0,0
-0.0426,0,0
-0.0422,0.00522628,0.00523553
-0.0418,0,0
-0.0414,0,0
-0.041,0,0
-0.0406,0,0
-0.0402,0,0
-0.0398,0,0
-0.0394,0,0
-0.039,0,0
-0.0386,0,0
-0.0382,0,0
-0.0378,0,0
-0.0374,0,0
-0.037,0,0
-0.0366,0,0
-0.0362,0,0
-0.0358,0,0
-0.0354,0,0
-0.035,0,0
-0.0346,0,0
-0.0342,0,0
-0.0338,0,0
-0.0334,0,0
-0.033,0,0
-0.0326,0,0
-0.0322,0,0
-0.0318,0,0
-0.0314,0,0
-0.031,0,0
-0.0306,0.00583276,0.00584405
-0.0302,0,0
-0.0298,0.00570857,0.00571937
-0.0294,0,0
-0.029,0,0
-0.0286,0,0
-0.0282,0,0
-0.0278,0,0
-0.0274,0,0
-0.027,0,0
-0.0266,0,0
-0.0262,0,0
-0.0258,0,0
-0.0254,0.00541301,0.00542264
-0.025,0.00541625,0.00546383
-0.0246,0,0
-0.0242,0,0
-0.0238,0,0
-0.0234,0,0
-0.023,0,0
-0.0226,0,0
-0.0222,0.0060976,0.00610974
-0.0218,0,0
-0.0214,0,0
-0.021,0,0
-0.0206,0,0
-0.0202,0,0
-0.0198,0,0
-0.0194,0,0
-0.019,0,0
-0.0186,0,0
-0.0182,0,0
-0.0178,0.00594069,0.00595211
-0.0174,0.0061393,0.00615148
-0.017,0,0
-0.0166,0.00613274,0.0061956
-0.0162,0.00591525,0.00592653
-0.0158,0,0
-0.0154,0.00652772,0.00654144
-0.015,0.00609384,0.00610578
-0.0146,0.00609881,0.00611077
-0.0142,0,0
-0.0138,0,0
-0.0134,0,0
-0.013,0,0
-0.0126,0,0
-0.0122,0.00551661,0.00552634
-0.0118,0,0
-0.0114,0.00602043,0.006032
-0.011,0,0
-0.0106,0,0
-0.0102,0,0
-0.0098,0,0
-0.0094,0,0
-0.009,0,0
-0.0086,0,0
-0.0082,0.0118589,0.00840132
-0.0078,0,0
-0.0074,0,0
-0.007,0,0
-0.0066,0,0
-0.0062,0,0
-0.0058,0,0
-0.0054,0.00589876,0.00590976
-0.005,0,0
-0.0046,0,0
-0.0042,0.0243503,0.0121994
-0.0038,0.0119419,0.00846009
-0.0034,0.0053911,0.00540026
-0.003,0.0307408,0.0130921
-0.0026,0.0305694,0.0135941
-0.0022,0.101148,0.024127
-0.0018,0.165403,0.0308406
-0.0014,0.186362,0.0320896
-0.001,0.362835,0.0442317
-0.0006,0.5542,0.0590321
-0.0002,0.708898,0.0655389
0.0002,0.722215,0.0643097
0.0006,0.66423,0.062864
0.001,0.618259,0.061279
0.0014,0.539663,0.0553474
0.0018,0.252301,0.0372168
0.0022,0.225635,0.0347895
0.0026,0.159356,0.0301273
0.003,0.140693,0.0281964
0.0034,0.056231,0.0178134
0.0038,0.0276688,0.0123999
0.0042,0.0122076,0.00865682
0.0046,0.00632584,0.0063383
0.005,0.0476354,0.0168843
0.0054,0.00585562,0.00586629
0.0058,0.0167844,0.0102093
0.0062,0.0175563,0.0101558
0.0066,0.00737333,0.00688665
0.007,0.0127755,0.00905229
0.0074,0.0124554,0.00882514
0.0078,0,0
0.0082,0.00591458,0.00592543
0.0086,0,0
0.009,0,0
0.0094,0.00596315,0.00597417
0.0098,0.00584068,0.00585125
0.0102,0,0
0.0106,0,0
0.011,0,0
0.0114,0,0
0.0118,0,0
0.0122,0,0
0.0126,0,0
0.013,0.00554337,0.00555288
0.0134,0,0
0.0138,0,0
0.0142,0,0
0.0146,0,0
0.015,0,0
0.0154,0,0
0.0158,0,0
0.0162,0,0
0.0166,0.00619873,0.0062106
0.017,0.000267093,0.00127666
0.0174,0.00663206,0.00664565
0.0178,0.00601328,0.00602446
0.0182,0,0
0.0186,0,0
0.019,0,0
0.0194,0.00553819,0.00554769
0.0198,0,0
0.0202,0,0
0.0206,0,0
0.021,0,0
0.0214,0,0
0.0218,0,0
0.0222,0,0
0.0226,0.0121965,0.00864154
0.023,0,0
0.0234,0,0
0.0238,0,0
0.0242,0.0035709,0.00452506
0.0246,0,0
0.025,0.00594624,0.00595723
0.0254,0,0
0.0258,0,0
0.0262,0,0
0.0266,0.00601354,0.00602479
0.027,0.00612246,0.00613413
0.0274,0,0
0.0278,0,0
0.0282,0.00625387,0.00626606
0.0286,0.00599511,0.00600631
0.029,0,0
0.0294,0,0
0.0298,0,0
0.0302,0.00632933,0.00634183
0.0306,0,0
0.031,0.00135889,0.00295143
0.0314,0,0
0.0318,0.00538455,0.00539362
0.0322,0,0
0.0326,0,0
0.033,0.00560618,0.00561601
0.0334,0,0
0.0338,0,0
0.0342,0,0
0.0346,0,0
0.035,0,0
0.0354,0,0
0.0358,0.00550824,0.00551776
0.0362,0,0
0.0366,0,0
0.037,0,0
0.0374,0,0
0.0378,0,0
0.0382,0,0
0.0386,0,0
0.039,0,0
0.0394,0,0
0.0398,0,0
0.0402,0,0
0.0406,0,0
0.041,0,0
0.0414,0.00612694,0.00613878
0.0418,0,0
0.0422,0,0
0.0426,0,0
0.043,0,0
0.0434,0,0
0.0438,0,0
0.0442,0,0
0.0446,0,0
0.045,0.00142814,0.0029068
0.0454,0,0
0.0458,0,0
0.0462,0.00536637,0.00537551
0.0466,0,0
0.047,0,0
0.0474,0,0
0.0478,0,0
0.0482,0,0
0.0486,0.0057821,0.00579273
0.049,0,0
0.0494,0,0
0.0498,0,0
0.0502,0,0
0.0506,0,0
0.051,0,0
0.0514,0.00579811,0.00580884
0.0518,0,0
0.0522,0.00525933,0.00526816
0.0526,0.00594983,0.00596114
0.053,0,0
0.0534,0,0
0.0538,0,0
0.0542,0,0
0.0546,0,0
0.055,0,0
0.0554,0,0
0.0558,0,0
0.0562,0,0
0.0566,0,0
0.057,0,0
0.0574,0,0
0.0578,0,0
0.0582,0,0
0.0586,0,0
0.059,0,0
0.0594,0,0
0.0598,0,0
0.0602,0.00525162,0.00526052
0.0606,0,0
0.061,0,0
0.0614,0,0
0.0618,0,0
0.0622,0.0119971,0.00849969
0.0626,0.0122899,0.00870759
0.063,0,0
0.0634,0,0
0.0638,0.0058014,0.00581231
0.0642,0,0
0.0646,0.00562133,0.00563159
0.065,0.00616647,0.00617882
0.0654,0,0
0.0658,0.00565793,0.00566834
0.0662,0,0
0.0666,0,0
0.067,0,0
0.0674,0,0
0.0678,0,0
0.0682,0,0
0.0686,0,0
0.069,0,0
0.0694,0,0
0.0698,0,0
0.0702,0,0
0.0706,0,0
0.071,0,0
0.0714,0,0
0.0718,0,0
0.0722,0,0
0.0726,0.00342579,0.00449419
0.073,0,0
0.0734,0,0
0.0738,0,0
0.0742,0,0
0.0746,0,0
0.075,0,0
0.0754,0,0
0.0758,0,0
0.0762,0.00588614,0.00589754
0.0766,0.00589596,0.0059074
0.077,0,0
0.0774,0,0
0.0778,0,0
0.0782,0,0
0.0786,0,0
0.079,0,0
0.0794,0,0
0.0798,0,0
0.0802,0,0
0.0806,0,0
0.081,0.00533624,0.00534564
0.0814,0,0
0.0818,0,0
0.0822,0,0
0.0826,0,0
0.083,0,0
0.0834,0,0
0.0838,0,0
0.0842,0,0
0.0846,0,0
0.085,0,0
0.0854,0,0
0.0858,0.00529105,0.00530032
0.0862,0,0
0.0866,0,0
0.087,0,0
0.0874,0,0
0.0878,0.00511584,0.00512451
0.0882,0,0
0.0886,0,0
0.089,0,0
0.0894,0,0
0.0898,0,0
0.0902,0,0
0.0906,0.011363,0.00805002
0.091,0,0
0.0914,0,0
0.0918,0,0
0.0922,0,0
0.0926,0.00565766,0.00566828
0.093,0,0
0.0934,0,0
0.0938,0,0
0.0942,0,0
0.0946,0,0
0.095,0,0
0.0954,0,0
0.0958,0.00357704,0.00452358
0.0962,0.00566426,0.00567491
0.0966,0,0
0.097,0,0
0.0974,0,0
0.0978,0,0
0.0982,0,0
0.0986,0.00539158,0.00540125
0.099,0,0
0.0994,0,0
0.0998,0,0
0.1002,0,0
0.1006,0,0
0.101,0,0
0.1014,0,0
0.1018,0,0
0.1022,0,0
0.1026,0,0
0.103,0,0
0.1034,0,0
0.1038,0,0
0.1042,0,0
0.1046,0,0
0.105,0,0
0.1054,0,0
0.1058,0,0
0.1062,0,0
0.1066,0,0
0.107,0.00348275,0.00503871
0.1074,0,0
0.1078,0,0
0.1082,0,0
0.1086,0,0
0.109,0,0
0.1094,0,0
0.1098,0,0
0.1102,0.00801378,0.00803501
0.1106,0.00789015,0.00791072
0.111,0,0
0.1114,0,0
0.1118,0,0
0.1122,0.00765812,0.00767747
0.1126,0,0
0.113,0,0
0.1134,0,0
0.1138,0,0
0.1142,0,0
0.1146,0,0
0.115,0,0
0.1154,0,0
0.1158,0,0
0.1162,0,0
0.1166,0,0
0.117,0.00848939,0.00851297
0.1174,0,0
0.1178,0,0
0.1182,0,0
0.1186,0,0
0.119,0,0
0.1194,0,0
0.1198,0.00977307,0.00980416
8
-0.1198,0,0
-0.1194,0,0
-0.119,0,0
-0.1186,0,0
-0.1182,0,0
-0.1178,0,0
-0.1174,0,0
-0.117,0,0
-0.1166,0.00808921,0.00573095
-0.1162,0,0
-0.1158,0,0
-0.1154,0,0
-0.115,0,0
-0.1146,0,0
-0.1142,0,0
-0.1138,0,0
-0.1134,0,0
-0.113,0,0
-0.1126,0,0
-0.1122,0,0
-0.1118,0,0
-0.1114,0,0
-0.111,0,0
-0.1106,0,0
-0.1102,0,0
-0.1098,0.00405096,0.00405871
-0.1094,0,0
-0.109,0.00187939,0.00268586
-0.1086,0,0
-0.1082,0,0
-0.1078,0,0
-0.1074,0,0
-0.107,0,0
-0.1066,0,0
-0.1062,0.00390242,0.00390957
-0.1058,0,0
-0.1054,0,0
-0.105,0,0
-0.1046,0,0
-0.1042,0,0
-0.1038,0,0
-0.1034,0,0
-0.103,0,0
-0.1026,0,0
-0.1022,0,0
-0.1018,0,0
-0.1014,0,0
-0.101,0,0
-0.1006,0.00399142,0.00399885
-0.1002,0,0
-0.0998,0,0
-0.0994,0,0
-0.099,0,0
-0.0986,0,0
-0.0982,0,0
-0.0978,0.00387859,0.00388557
-0.0974,0,0
-0.097,0.00410472,0.00411252
-0.0966,0,0
-0.0962,0,0
-0.0958,0,0
-0.0954,0,0
-0.095,0,0
-0.0946,0,0
-0.0942,0.00406871,0.00407635
-0.0938,0,0
-0.0934,0,0
-0.093,0,0
-0.0926,0,0
-0.0922,0.00412104,0.00412886
-0.0918,0.00382365,0.00383038
-0.0914,0,0
-0.091,0,0
-0.0906,0,0
-0.0902,0,0
-0.0898,0,0
-0.0894,0,0
-0.089,0,0
-0.0886,0,0
-0.0882,0,0
-0.0878,0.0041991,0.00420717
-0.0874,0,0
-0.087,0,0
-0.0866,0,0
-0.0862,0,0
-0.0858,0,0
-0.0854,0,0
-0.085,0,0
-0.0846,0,0
-0.0842,0,0
-0.0838,0.00412604,0.0041338
-0.0834,0,0
-0.083,0,0
-0.0826,0,0
-0.0822,0,0
-0.0818,0,0
-0.0814,0,0
-0.081,0,0
-0.0806,0,0
-0.0802,0,0
-0.0798,0,0
-0.0794,0,0
-0.079,0,0
-0.0786,0,0
-0.0782,0,0
-0.0778,0,0
-0.0774,0,0
-0.077,0,0
-0.0766,0,0
-0.0762,0,0
-0.0758,0,0
-0.0754,0,0
-0.075,0,0
-0.0746,0,0
-0.0742,0,0
-0.0738,0,0
-0.0734,0,0
-0.073,0,0
-0.0726,0,0
-0.0722,0,0
-0.0718,0,0
-0.0714,0,0
-0.071,0,0
-0.0706,0.00426339,0.00427157
-0.0702,0,0
-0.0698,0,0
-0.0694,0,0
-0.069,0,0
-0.0686,0,0
-0.0682,0,0
-0.0678,0,0
-0.0674,0,0
-0.067,0,0
-0.0666,0,0
-0.0662,0.00408945,0.00409696
-0.0658,0,0
-0.0654,0,0
-0.065,0,0
-0.0646,0,0
-0.0642,0,0
-0.0638,0,0
-0.0634,0.00142059,0.0024374
-0.063,0,0
-0.0626,0,0
-0.0622,0,0
-0.0618,0,0
-0.0614,0,0
-0.061,0,0
-0.0606,0,0
-0.0602,0,0
-0.0598,0,0
-0.0594,0,0
-0.059,0.00378983,0.00379627
-0.0586,0.00436538,0.00437391
-0.0582,0,0
-0.0578,0,0
-0.0574,0,0
-0.057,0,0
-0.0566,0,0
-0.0562,0.00392819,0.0039351
-0.0558,0,0
-0.0554,0.00438112,0.00438971
-0.055,0,0
-0.0546,0,0
-0.0542,0,0
-0.0538,0,0
-0.0534,0.00154164,0.00255349
-0.053,0,0
-0.0526,0,0
-0.0522,0.00401262,0.00401983
-0.0518,0,0
-0.0514,0,0
-0.051,0,0
-0.0506,0,0
-0.0502,0.0040671,0.0040745
-0.0498,0,0
-0.0494,0,0
-0.049,0.00411171,0.00411927
-0.0486,0,0
-0.0482,0,0
-0.0478,0,0
-0.0474,0.00445563,0.00446452
-0.047,0,0
-0.0466,0,0
-0.0462,0,0
-0.0458,0,0
-0.0454,0,0
-0.045,0.00423004,0.00423805
-0.0446,0,0
-0.0442,0,0
-0.0438,0,0
-0.0434,0,0
-0.043,0,0
-0.0426,0,0
-0.0422,0,0
-0.0418,0,0
-0.0414,0,0
-0.041,0,0
-0.0406,0,0
-0.0402,0,0
-0.0398,0,0
-0.0394,0,0
-0.039,0,0
-0.0386,0,0
-0.0382,0,0
-0.0378,0,0
-0.0374,0,0
-0.037,0,0
-0.0366,0,0
-0.0362,0,0
-0.0358,0,0
-0.0354,0,0
-0.035,0,0
-0.0346,0.00420898,0.00421688
-0.0342,0,0
-0.0338,0,0
-0.0334,0,0
-0.033,0,0
-0.0326,0,0
-0.0322,0,0
-0.0318,0,0
-0.0314,0.00416918,0.00417693
-0.031,0,0
-0.0306,0,0
-0.0302,0,0
-0.0298,0.0023176,0.00314206
-0.0294,0,0
-0.029,0,0
-0.0286,0,0
-0.0282,0,0
-0.0278,0,0
-0.0274,0,0
-0.027,0.0041113,0.00411883
-0.0266,0,0
-0.0262,0,0
-0.0258,0,0
-0.0254,0.00416887,0.00417661
-0.025,5.58704e-05,0.000476551
-0.0246,0,0
-0.0242,0,0
-0.0238,0.00427134,0.00427946
-0.0234,0,0
-0.023,0.00438518,0.00439373
-0.0226,0,0
-0.0222,0.00447489,0.0044838
-0.0218,0,0
-0.0214,0,0
-0.021,0.00452263,0.00453172
-0.0206,0,0
-0.0202,0,0
-0.0198,0,0
-0.0194,0.0040013,0.00400842
-0.019,0,0
-0.0186,0,0
-0.0182,0,0
-0.0178,0,0
-0.0174,0.00446716,0.00447602
-0.017,0.00456128,0.00457052
-0.0166,7.35738e-05,0.000578416
-0.0162,0,0
-0.0158,0,0
-0.0154,0.00946441,0.00670642
-0.015,0.00441498,0.00442363
-0.0146,0.00426721,0.00434931
-0.0142,0,0
-0.0138,0,0
-0.0134,0,0
-0.013,0,0
-0.0126,0.00871532,0.00617458
-0.0122,0,0
-0.0118,0,0
-0.0114,0.00434087,0.00434921
-0.011,0,0
-0.0106,0.00751151,0.00532028
-0.0102,0,0
-0.0098,0,0
-0.0094,0,0
-0.009,0,0
-0.0086,0.00418056,0.00418829
-0.0082,0,0
-0.0078,0.00409832,0.00410574
-0.0074,0,0
-0.007,0,0
-0.0066,0.00814014,0.0057663
-0.0062,0.00827876,0.00586505
-0.0058,0,0
-0.0054,0.00422909,0.00423697
-0.005,0.00846066,0.00599375
-0.0046,0.024148,0.0100369
-0.0042,0.0175535,0.00879374
-0.0038,0.0373346,0.012475
-0.0034,0.0485507,0.0138139
-0.003,0.0437445,0.0131933
-0.0026,0.133607,0.0240071
-0.0022,0.14085,0.0240956
-0.0018,0.209279,0.0293769
-0.0014,0.324434,0.0356733
-0.001,0.555338,0.0462645
-0.0006,0.758715,0.0584505
-0.0002,0.892333,0.0620558
0.0002,0.807916,0.0570994
0.0006,0.696402,0.0545326
0.001,0.61332,0.0514291
0.0014,0.389329,0.039646
0.0018,0.275673,0.032762
0.0022,0.19879,0.0274257
0.0026,0.0968275,0.0198572
0.003,0.0996348,0.0201174
0.0034,0.0517514,0.0143826
0.0038,0.0512367,0.0142412
0.0042,0.0256426,0.0104974
0.0046,0.00898684,0.00636718
0.005,0.00449432,0.00450317
0.0054,0.0075927,0.00573906
0.0058,0.0285159,0.0114005
0.0062,0.00834968,0.00591571
0.0066,0.0338616,0.0123193
0.007,0.0269535,0.011026
0.0074,0.00871629,0.00617511
0.0078,0.00405146,0.00405864
0.0082,0.00419281,0.0042005
0.0086,0.00855248,0.00605886
0.009,0.0126743,0.00733105
0.0094,0.00411385,0.00412125
0.0098,0,0
0.0102,0,0
0.0106,0.0043403,0.00434853
0.011,0,0
0.0114,0.0078818,0.00558288
0.0118,0,0
0.0122,0,0
0.0126,0,0
0.013,0.00392705,0.00393379
0.0134,0,0
0.0138,0,0
0.0142,0,0
0.0146,0,0
0.015,0,0
0.0154,0.00820143,0.00580966
0.0158,0,0
0.0162,0,0
0.0166,0,0
0.017,0,0
0.0174,0,0
0.0178,0.00426994,0.00427788
0.0182,0,0
0.0186,0.00409139,0.00409867
0.019,0,0
0.0194,0.00388758,0.00389416
0.0198,0.00398205,0.00398894
0.0202,0,0
0.0206,0.00420573,0.00421342
0.021,0,0
0.0214,0,0
0.0218,0,0
0.0222,0.00445437,0.00446299
0.0226,0,0
0.023,0,0
0.0234,0,0
0.0238,0,0
0.0242,0.00971074,0.00631229
0.0246,0,0
0.025,0.0042202,0.004458
0.0254,0,0
0.0258,0,0
0.0262,0.00427296,0.00428087
0.0266,0,0
0.027,0.0043966,0.00440498
0.0274,0,0
0.0278,0,0
0.0282,0.00392646,0.00393313
0.0286,0,0
0.029,0,0
0.0294,0,0
0.0298,0,0
0.0302,0.00700147,0.00575607
0.0306,0,0
0.031,0,0
0.0314,0,0
0.0318,0,0
0.0322,0,0
0.0326,0,0
0.033,0,0
0.0334,0,0
0.0338,0.00427189,0.00427977
0.0342,0,0
0.0346,0,0
0.035,0,0
0.0354,0.00435285,0.00436102
0.0358,0,0
0.0362,0,0
0.0366,0.00814413,0.00576975
0.037,0,0
0.0374,0,0
0.0378,0,0
0.0382,0.00440482,0.00441318
0.0386,0,0
0.039,0.00434831,0.00435645
0.0394,0.0137607,0.00796279
0.0398,0,0
0.0402,0,0
0.0406,0,0
0.041,0,0
0.0414,0,0
0.0418,0,0
0.0422,0,0
0.0426,0,0
0.043,0,0
0.0434,0,0
0.0438,0,0
0.0442,0,0
0.0446,0,0
0.045,0.00763719,0.00577125
0.0454,0,0
0.0458,0,0
0.0462,0,0
0.0466,0.00437993,0.00438816
0.047,0,0
0.0474,0,0
0.0478,0,0
0.0482,0,0
0.0486,0,0
0.049,0,0
0.0494,0,0
0.0498,0,0
0.0502,0,0
0.0506,0,0
0.051,0.00457344,0.00458238
0.0514,0,0
0.0518,0,0
0.0522,0.00392867,0.00393527
0.0526,0,0
0.053,0,0
0.0534,0,0
0.0538,0,0
0.0542,0,0
0.0546,0,0
0.055,0,0
0.0554,0,0
0.0558,0.00427446,0.00428224
0.0562,0,0
0.0566,0,0
0.057,0,0
0.0574,0.00417311,0.00418051
0.0578,0.00443338,0.00444173
0.0582,0,0
0.0586,0.00407158,0.00407861
0.059,0,0
0.0594,0,0
0.0598,0,0
0.0602,0,0
0.0606,0.00809989,0.00573777
0.061,0.00459219,0.00460111
0.0614,0,0
0.0618,0,0
0.0622,0,0
0.0626,0,0
0.063,0,0
0.0634,0,0
0.0638,0,0
0.0642,0,0
0.0646,0,0
0.065,0,0
0.0654,0,0
0.0658,0,0
0.0662,0,0
0.0666,0,0
0.067,0.00444827,0.00445658
0.0674,0,0
0.0678,0,0
0.0682,0,0
0.0686,0,0
0.069,0,0
0.0694,0,0
0.0698,0,0
0.0702,0,0
0.0706,0,0
0.071,0,0
0.0714,0,0
0.0718,0,0
0.0722,0,0
0.0726,0,0
0.073,0,0
0.0734,0,0
0.0738,0,0
0.0742,0,0
0.0746,0,0
0.075,0,0
0.0754,0,0
0.0758,0,0
0.0762,0,0
0.0766,0,0
0.077,0,0
0.0774,0.00467703,0.00468607
0.0778,0,0
0.0782,0,0
0.0786,0,0
0.079,0,0
0.0794,0,0
0.0798,0.0046559,0.00466484
0.0802,0,0
0.0806,0,0
0.081,0,0
0.0814,0,0
0.0818,0,0
0.0822,0,0
0.0826,0,0
0.083,0,0
0.0834,0,0
0.0838,0,0
0.0842,0.00447979,0.00448803
0.0846,0,0
0.085,0,0
0.0854,0,0
0.0858,0,0
0.0862,0,0
0.0866,0,0
0.087,0,0
0.0874,0,0
0.0878,0,0
0.0882,0,0
0.0886,0,0
0.089,0,0
0.0894,0,0
0.0898,0,0
0.0902,0,0
0.0906,0.00462409,0.0046328
0.091,0,0
0.0914,0,0
0.0918,0,0
0.0922,0,0
0.0926,0.00461763,0.0046263
0.093,0,0
0.0934,0,0
0.0938,0,0
0.0942,0.00916709,0.00649418
0.0946,0,0
0.095,0,0
0.0954,0,0
0.0958,0.0017388,0.00285496
0.0962,0,0
0.0966,0,0
0.097,0,0
0.0974,0.00437469,0.00438244
0.0978,0,0
0.0982,0,0
0.0986,0,0
0.099,0,0
0.0994,0.00499549,0.00500558
0.0998,0,0
0.1002,0,0
0.1006,0,0
0.101,0,0
0.1014,0,0
0.1018,0,0
0.1022,0,0
0.1026,0,0
0.103,0,0
0.1034,0,0
0.1038,0,0
0.1042,0,0
0.1046,0,0
0.105,0,0
0.1054,0,0
0.1058,0,0
0.1062,0,0
0.1066,0,0
0.107,0.00410027,0.00495846
0.1074,0,0
0.1078,0.00572313,0.00573632
0.1082,0,0
0.1086,0.0055497,0.00556211
0.109,0,0
0.1094,0,0
0.1098,0,0
0.1102,0,0
0.1106,0,0
0.111,0,0
0.1114,0,0
0.1118,0.00591027,0.00592433
0.1122,0,0
0.1126,0,0
0.113,0,0
0.1134,0,0
0.1138,0,0
0.1142,0,0
0.1146,0,0
0.115,0,0
0.1154,0,0
0.1158,0.00151081,0.00334848
0.1162,0,0
0.1166,0,0
0.117,0,0
0.1174,0,0
0.1178,0,0
0.1182,0,0
0.1186,0,0
0.119,0,0
0.1194,0,0
0.1198,0,0
9
-0.1198,0,0
-0.1194,0,0
-0.119,0,0
-0.1186,0,0
-0.1182,0,0
-0.1178,0,0
-0.1174,0,0
-0.117,0,0
-0.1166,0,0
-0.1162,0,0
-0.1158,0,0
-0.1154,0,0
-0.115,0,0
-0.1146,0,0
-0.1142,0,0
-0.1138,0,0
-0.1134,0,0
-0.113,0,0
-0.1126,0,0
-0.1122,0,0
-0.1118,0,0
-0.1114,0,0
-0.111,0,0
-0.1106,0.00358191,0.00358829
-0.1102,0,0
-0.1098,0,0
-0.1094,0,0
-0.109,0.00184098,0.00258607
-0.1086,0,0
-0.1082,0,0
-0.1078,0,0
-0.1074,0.00408228,0.0040906
-0.107,0,0
-0.1066,0,0
-0.1062,0,0
-0.1058,0,0
-0.1054,0,0
-0.105,0.00363542,0.00364204
-0.1046,0.00401641,0.0040245
-0.1042,0,0
-0.1038,0,0
-0.1034,0,0
-0.103,0,0
-0.1026,0,0
-0.1022,0,0
-0.1018,0.00392294,0.00393069
-0.1014,0.00383379,0.0038412
-0.101,0,0
-0.1006,0,0
-0.1002,0,0
-0.0998,0,0
-0.0994,0,0
-0.099,0,0
-0.0986,0,0
-0.0982,0.00380917,0.00381653
-0.0978,0,0
-0.0974,0,0
-0.097,0,0
-0.0966,0,0
-0.0962,0,0
-0.0958,0,0
-0.0954,0.00351726,0.00352355
-0.095,0,0
-0.0946,0,0
-0.0942,0,0
-0.0938,0.00356583,0.00357231
-0.0934,0,0
-0.093,0,0
-0.0926,0,0
-0.0922,0,0
-0.0918,0,0
-0.0914,0,0
-0.091,0,0
-0.0906,0,0
-0.0902,0,0
-0.0898,0,0
-0.0894,0,0
-0.089,0,0
-0.0886,0,0
-0.0882,0,0
-0.0878,0,0
-0.0874,0,0
-0.087,0,0
-0.0866,0,0
-0.0862,0,0
-0.0858,0,0
-0.0854,0,0
-0.085,0,0
-0.0846,0,0
-0.0842,0,0
-0.0838,0,0
-0.0834,0,0
-0.083,0,0
-0.0826,0.00399357,0.00400181
-0.0822,0,0
-0.0818,0,0
-0.0814,0,0
-0.081,0,0
-0.0806,0,0
-0.0802,0,0
-0.0798,0,0
-0.0794,0,0
-0.079,0,0
-0.0786,0,0
-0.0782,0.00365994,0.00366689
-0.0778,0,0
-0.0774,0,0
-0.077,0,0
-0.0766,0,0
-0.0762,0,0
-0.0758,0.00378759,0.00379505
-0.0754,0,0
-0.075,0,0
-0.0746,0.00329766,0.00330333
-0.0742,0,0
-0.0738,0,0
-0.0734,0,0
-0.073,0.00367934,0.0036864
-0.0726,0,0
-0.0722,0,0
-0.0718,0.00358182,0.00358851
-0.0714,0,0
-0.071,0,0
-0.0706,0,0
-0.0702,0,0
-0.0698,0,0
-0.0694,0,0
-0.069,0.00332781,0.0033336
-0.0686,0,0
-0.0682,0,0
-0.0678,0,0
-0.0674,0,0
-0.067,0,0
-0.0666,0,0
-0.0662,0,0
-0.0658,0.00350495,0.0035114
-0.0654,0,0
-0.065,0.00359931,0.00360611
-0.0646,0.00342878,0.00343496
-0.0642,0,0
-0.0638,0,0
-0.0634,0.00234191,0.00289018
-0.063,0,0
-0.0626,0.00363659,0.00364354
-0.0622,0.0036671,0.00367418
-0.0618,0.00337147,0.00337746
-0.0614,0,0
-0.061,0.00339083,0.00339688
-0.0606,0,0
-0.0602,0,0
-0.0598,0.00380723,0.00381487
-0.0594,0.00653234,0.00462702
-0.059,0,0
-0.0586,0.00352426,0.00353082
-0.0582,0.00732813,0.0051921
-0.0578,0.0108161,0.00625816
-0.0574,0,0
-0.057,0,0
-0.0566,0.00343824,0.00344448
-0.0562,0,0
-0.0558,0,0
-0.0554,0,0
-0.055,0.00334728,0.00335321
-0.0546,0,0
-0.0542,0.00359757,0.00360442
-0.0538,0,0
-0.0534,0.0022582,0.00284114
-0.053,0,0
-0.0526,0,0
-0.0522,0,0
-0.0518,0.00664094,0.00470412
-0.0514,0,0
-0.051,0,0
-0.0506,0,0
-0.0502,0,0
-0.0498,0,0
-0.0494,0.00370703,0.00371433
-0.049,0,0
-0.0486,0,0
-0.0482,0,0
-0.0478,0,0
-0.0474,0,0
-0.047,0.006976,0.00494304
-0.0466,0,0
-0.0462,0,0
-0.0458,0.00708931,0.00502603
-0.0454,0,0
-0.045,0,0
-0.0446,0,0
-0.0442,0.00359807,0.00360497
-0.0438,0.00346338,0.00346977
-0.0434,0,0
-0.043,0,0
-0.0426,0,0
-0.0422,0,0
-0.0418,0,0
-0.0414,0.003238,0.00324361
-0.041,0,0
-0.0406,0.00351696,0.00352358
-0.0402,0,0
-0.0398,0,0
-0.0394,0,0
-0.039,0,0
-0.0386,0.00362894,0.003636
-0.0382,0,0
-0.0378,0,0
-0.0374,0.00687883,0.00487305
-0.037,0.006961,0.00493138
-0.0366,0.00369306,0.00370039
-0.0362,0.00715646,0.00507012
-0.0358,0,0
-0.0354,0,0
-0.035,0,0
-0.0346,0.00348799,0.00349454
-0.0342,0,0
-0.0338,0,0
-0.0334,0,0
-0.033,0,0
-0.0326,0,0
-0.0322,0,0
-0.0318,0,0
-0.0314,0,0
-0.031,0,0
-0.0306,0,0
-0.0302,0.00330223,0.00330813
-0.0298,0.0050791,0.0042203
-0.0294,0.0035565,0.00356335
-0.029,0.00959059,0.00554673
-0.0286,0,0
-0.0282,0,0
-0.0278,0,0
-0.0274,0,0
-0.027,0,0
-0.0266,0,0
-0.0262,0,0
-0.0258,0.0102366,0.00592106
-0.0254,0,0
-0.025,0,0
-0.0246,0.00337859,0.0033848
-0.0242,0,0
-0.0238,0.0104876,0.00606665
-0.0234,0.00690303,0.00489118
-0.023,0.00357508,0.00358206
-0.0226,0,0
-0.0222,0,0
-0.0218,0,0
-0.0214,0,0
-0.021,0.00367551,0.0036829
-0.0206,0,0
-0.0202,0,0
-0.0198,0,0
-0.0194,0,0
-0.019,0,0
-0.0186,0,0
-0.0182,0.00328994,0.00329588
-0.0178,0.00349793,0.00350465
-0.0174,0.00360986,0.00361702
-0.017,0,0
-0.0166,0.00365555,0.0036629
-0.0162,0,0
-0.0158,0.00372885,0.0037365
-0.0154,0,0
-0.015,0.00367226,0.00367969
-0.0146,0.000119419,0.000652531
-0.0142,0.00323351,0.00323929
-0.0138,0.00328382,0.00328978
-0.0134,0,0
-0.013,0,0
-0.0126,0.00349205,0.00349879
-0.0122,0.00349019,0.00349693
-0.0118,0.00331834,0.00332443
-0.0114,0.00337764,0.00338396
-0.011,0,0
-0.0106,0,0
-0.0102,0.00319277,0.00319843
-0.0098,0.00712371,0.00505312
-0.0094,0.00328071,0.00328668
-0.009,0.00664832,0.00470976
-0.0086,0,0
-0.0082,0.0102545,0.00593186
-0.0078,0.0101182,0.00585463
-0.0074,0.0292237,0.00975896
-0.007,0.0127833,0.00640372
-0.0066,0.0128087,0.00641613
-0.0062,0.0131638,0.00659432
-0.0058,0.0229524,0.0086932
-0.0054,0.0168455,0.00754798
-0.005,0.00680584,0.00482254
-0.0046,0.00689721,0.00468073
-0.0042,0.0206439,0.00844451
-0.0038,0.00986734,0.00571036
-0.0034,0.0262631,0.00897149
-0.003,0.0546605,0.0131195
-0.0026,0.0496161,0.0129128
-0.0022,0.109878,0.0188631
-0.0018,0.196014,0.0251275
-0.0014,0.337881,0.0322605
-0.001,0.486371,0.0383078
-0.0006,0.684492,0.0490986
-0.0002,0.836292,0.0531415
0.0002,0.704497,0.0474898
0.0006,0.590337,0.0442752
0.001,0.45746,0.0392709
0.0014,0.253409,0.0282619
0.0018,0.127472,0.0197698
0.0022,0.10588,0.01768
0.0026,0.0596901,0.0137263
0.003,0.0636531,0.0141347
0.0034,0.0155799,0.00697542
0.0038,0.0215203,0.0081519
0.0042,0.0164006,0.00735293
0.0046,0.0069753,0.004942
0.005,0.0128445,0.00643394
0.0054,0.0172517,0.00755648
0.0058,0.0105491,0.00610355
0.0062,0.0224727,0.00851028
0.0066,0.0287648,0.0100381
0.007,0.0279433,0.00989981
0.0074,0.0203014,0.00830434
0.0078,0.0157571,0.00706008
0.0082,0.00329202,0.00329816
0.0086,0.0131981,0.00661144
0.009,0.00651566,0.00461579
0.0094,0,0
0.0098,0,0
0.0102,0,0
0.0106,0.00333946,0.00334579
0.011,0,0
0.0114,0,0
0.0118,0,0
0.0122,0,0
0.0126,0,0
0.013,0,0
0.0134,0.00960371,0.00555482
0.0138,0,0
0.0142,0,0
0.0146,0.00331362,0.00331987
0.015,0.00620248,0.00439358
0.0154,0.00313441,0.00314001
0.0158,0,0
0.0162,0.00311662,0.00312216
0.0166,0.00335605,0.00336248
0.017,0.00365196,0.00365957
0.0174,0,0
0.0178,0,0
0.0182,0,0
0.0186,0,0
0.019,0,0
0.0194,0,0
0.0198,0.00302671,0.00303196
0.0202,0.00322623,0.00323219
0.0206,0,0
0.021,0.00294211,0.00294706
0.0214,0.00311336,0.00311891
0.0218,0.0031125,0.00311805
0.0222,0,0
0.0226,0.00334855,0.00335498
0.023,0,0
0.0234,0,0
0.0238,0,0
0.0242,0.00309126,0.00309674
0.0246,0,0
0.025,0.00357209,0.00341333
0.0254,0,0
0.0258,0,0
0.0262,0,0
0.0266,0,0
0.027,0.00307058,0.003076
0.0274,0,0
0.0278,0.00338624,0.00339284
0.0282,0,0
0.0286,0,0
0.029,0,0
0.0294,0,0
0.0298,0,0
0.0302,0.00182069,0.00254367
0.0306,0,0
0.031,0,0
0.0314,0.00669865,0.00474832
0.0318,0.0029176,0.00292251
0.0322,0,0
0.0326,0.00321181,0.00321776
0.033,0,0
0.0334,0,0
0.0338,0,0
0.0342,0,0
0.0346,0,0
0.035,0.00322474,0.00323075
0.0354,0,0
0.0358,0.00304246,0.0030478
0.0362,0,0
0.0366,0.00298531,0.00299046
0.037,0,0
0.0374,0,0
0.0378,0,0
0.0382,0,0
0.0386,0.00345688,0.00346379
0.039,0,0
0.0394,0.00352825,0.00353546
0.0398,0,0
0.0402,0.00318525,0.00319113
0.0406,0,0
0.041,0,0
0.0414,0,0
0.0418,0.00377795,0.00378621
0.0422,0,0
0.0426,0,0
0.043,0,0
0.0434,0,0
0.0438,0.00325581,0.00326196
0.0442,0,0
0.0446,0,0
0.045,0,0
0.0454,0,0
0.0458,0.00330544,0.00331179
0.0462,0,0
0.0466,0,0
0.047,0.00290774,0.00291265
0.0474,0,0
0.0478,0.00310113,0.00310672
0.0482,0,0
0.0486,0.00326812,0.00327433
0.049,0.00289492,0.00289979
0.0494,0,0
0.0498,0,0
0.0502,0.00334325,0.00334976
0.0506,0,0
0.051,0,0
0.0514,0,0
0.0518,0,0
0.0522,0.00288196,0.0028868
0.0526,0,0
0.053,0,0
0.0534,0.00314021,0.00314595
0.0538,0,0
0.0542,0,0
0.0546,0,0
0.055,0.00321229,0.00321831
0.0554,0.00311711,0.00312279
0.0558,0,0
0.0562,0,0
0.0566,0.00352844,0.00353572
0.057,0.00661313,0.00469575
0.0574,0.0032207,0.00322677
0.0578,0,0
0.0582,0,0
0.0586,0,0
0.059,0.00295137,0.00295647
0.0594,0.00311905,0.00312474
0.0598,0.0128056,0.00641558
0.0602,0,0
0.0606,0,0
0.061,0,0
0.0614,0,0
0.0618,0,0
0.0622,0,0
0.0626,0.00338418,0.00339091
0.063,0,0
0.0634,0,0
0.0638,0,0
0.0642,0,0
0.0646,0.00309867,0.00310432
0.065,0,0
0.0654,0,0
0.0658,0.00310374,0.00310941
0.0662,0.00293203,0.0029371
0.0666,0.00309637,0.00310202
0.067,0,0
0.0674,0,0
0.0678,0,0
0.0682,0,0
0.0686,0.00298671,0.00299197
0.069,0.00309827,0.00310394
0.0694,0,0
0.0698,0,0
0.0702,0.00283743,0.00284219
0.0706,0,0
0.071,0.00312313,0.0031289
0.0714,0.00312186,0.00312763
0.0718,0,0
0.0722,0,0
0.0726,0,0
0.073,0,0
0.0734,0,0
0.0738,0,0
0.0742,0,0
0.0746,0.00310403,0.00310976
0.075,0,0
0.0754,0,0
0.0758,0.00612713,0.00434043
0.0762,0,0
0.0766,0,0
0.077,0.0065108,0.00461276
0.0774,0.00324254,0.0032488
0.0778,0.00324108,0.00324734
0.0782,0,0
0.0786,0.00329304,0.0032995
0.079,0,0
0.0794,0,0
0.0798,0.00321356,0.00321973
0.0802,0,0
0.0806,0,0
0.081,0,0
0.0814,0,0
0.0818,0.00563697,0.00399297
0.0822,0.0028277,0.00283249
0.0826,0,0
0.083,0.0030452,0.00305076
0.0834,0.00619836,0.00439106
0.0838,0,0
0.0842,0,0
0.0846,0,0
0.085,0,0
0.0854,0,0
0.0858,0.00581989,0.00412249
0.0862,0,0
0.0866,0,0
0.087,0,0
0.0874,0,0
0.0878,0.00281066,0.00281542
0.0882,0.0029469,0.00295213
0.0886,0,0
0.089,0,0
0.0894,0.00301886,0.00302436
0.0898,0,0
0.0902,0,0
0.0906,0.0029095,0.00291462
0.091,0.00334213,0.00334888
0.0914,0,0
0.0918,0.0028169,0.0028217
0.0922,0.00284355,0.00284844
0.0926,0.00310286,0.00310868
0.093,0,0
0.0934,0.00337045,0.00337732
0.0938,0.00284977,0.00285469
0.0942,0.0061443,0.00435276
0.0946,0,0
0.095,0,0
0.0954,0.00661322,0.00468562
0.0958,0,0
0.0962,0,0
0.0966,0,0
0.097,0,0
0.0974,0.00292079,0.00292596
0.0978,0.00314702,0.00315302
0.0982,0.0029039,0.00290901
0.0986,0.00295456,0.00295985
0.099,0.00299382,0.00299925
0.0994,0.00333026,0.00333698
0.0998,0.00333023,0.00333696
0.1002,0.00680386,0.0048228
0.1006,0,0
0.101,0.00302226,0.0030278
0.1014,0,0
0.1018,0,0
0.1022,0,0
0.1026,0,0
0.103,0.00363888,0.00364691
0.1034,0,0
0.1038,0.00355622,0.00356389
0.1042,0,0
0.1046,0.00322355,0.00322985
0.105,0,0
0.1054,0,0
0.1058,0,0
0.1062,0,0
0.1066,0.00347822,0.00348556
0.107,0.00706863,0.00523512
0.1074,0.00381752,0.00382636
0.1078,0.0114228,0.00661023
0.1082,0.00379905,0.0038078
0.1086,0.00735097,0.00520953
0.109,0.00366737,0.00367553
0.1094,0,0
0.1098,0.0083509,0.00592504
0.1102,0,0
0.1106,0,0
0.111,0,0
0.1114,0,0
0.1118,0,0
0.1122,0,0
0.1126,0,0
0.113,0,0
0.1134,0,0
0.1138,0,0
0.1142,0,0
0.1146,0,0
0.115,0.00423297,0.00424386
0.1154,0,0
0.1158,0.00877704,0.0065702
0.1162,0,0
0.1166,0.00445357,0.00446562
0.117,0.00456944,0.00458213
0.1174,0.00477211,0.00478595
0.1178,0,0
0.1182,0,0
0.1186,0.00506283,0.00507841
0.119,0,0
0.1194,0.00503923,0.00505467
0.1198,0,0
