# X , Y , E Distribution=true
1
-0.1198,0,0
-0.1194,0,0
-0.119,0,0
-0.1186,0,0
-0.1182,0,0
-0.1178,0,0
-0.1174,0,0
-0.117,0,0
-0.1166,0.0123371,0.0123599
-0.1162,0,0
-0.1158,0,0
-0.1154,0,0
-0.115,0,0
-0.1146,0.0125832,0.0126069
-0.1142,0,0
-0.1138,0,0
-0.1134,0,0
-0.113,0,0
-0.1126,0,0
-0.1122,0,0
-0.1118,0,0
-0.1114,0,0
-0.111,0,0
-0.1106,0,0
-0.1102,0,0
-0.1098,0,0
-0.1094,0,0
-0.109,0,0
-0.1086,0.0122172,0.0122395
-0.1082,0,0
-0.1078,0,0
-0.1074,0,0
-0.107,0,0
-0.1066,0,0
-0.1062,0,0
-0.1058,0,0
-0.1054,0,0
-0.105,0,0
-0.1046,0,0
-0.1042,0,0
-0.1038,0,0
-0.1034,0,0
-0.103,0,0
-0.1026,0,0
-0.1022,0,0
-0.1018,0,0
-0.1014,0,0
-0.101,0,0
-0.1006,0,0
-0.1002,0,0
-0.0998,0,0
-0.0994,0,0
-0.099,0,0
-0.0986,0,0
-0.0982,0,0
-0.0978,0,0
-0.0974,0,0
-0.097,0,0
-0.0966,0.0122803,0.0123027
-0.0962,0,0
-0.0958,0,0
-0.0954,0,0
-0.095,0,0
-0.0946,0,0
-0.0942,0,0
-0.0938,0,0
-0.0934,0.0121639,0.0121859
-0.093,0,0
-0.0926,0,0
-0.0922,0,0
-0.0918,0.0129584,0.0129833
-0.0914,0,0
-0.091,0,0
-0.0906,0,0
-0.0902,0,0
-0.0898,0,0
-0.0894,0,0
-0.089,0,0
-0.0886,0,0
-0.0882,0,0
-0.0878,0,0
-0.0874,0,0
-0.087,0,0
-0.0866,0,0
-0.0862,0,0
-0.0858,0,0
-0.0854,0,0
-0.085,0,0
-0.0846,0,0
-0.0842,0,0
-0.0838,0,0
-0.0834,0,0
-0.083,0,0
-0.0826,0,0
-0.0822,0,0
-0.0818,0,0
-0.0814,0,0
-0.081,0,0
-0.0806,0,0
-0.0802,0,0
-0.0798,0,0
-0.0794,0,0
-0.079,0,0
-0.0786,0,0
-0.0782,0,0
-0.0778,0,0
-0.0774,0,0
-0.077,0.000704791,0.00322138
-0.0766,0,0
-0.0762,0,0
-0.0758,0,0
-0.0754,0,0
-0.075,0,0
-0.0746,0,0
-0.0742,0,0
-0.0738,0,0
-0.0734,0,0
-0.073,0.0119883,0.0120094
-0.0726,0,0
-0.0722,0,0
-0.0718,0,0
-0.0714,0,0
-0.071,0,0
-0.0706,0,0
-0.0702,0,0
-0.0698,0,0
-0.0694,0,0
-0.069,0.00465611,0.00742962
-0.0686,0,0
-0.0682,0,0
-0.0678,0,0
-0.0674,0,0
-0.067,0,0
-0.0666,0,0
-0.0662,0,0
-0.0658,0,0
-0.0654,0,0
-0.065,0,0
-0.0646,0,0
-0.0642,0,0
-0.0638,0,0
-0.0634,0,0
-0.063,0,0
-0.0626,0,0
-0.0622,0,0
-0.0618,0,0
-0.0614,0,0
-0.061,0,0
-0.0606,0,0
-0.0602,0,0
-0.0598,0,0
-0.0594,0,0
-0.059,0,0
-0.0586,0,0
-0.0582,0,0
-0.0578,0,0
-0.0574,0.0138546,0.0138825
-0.057,0,0
-0.0566,0.0129332,0.0129576
-0.0562,0,0
-0.0558,0,0
-0.0554,0,0
-0.055,0.0124181,0.0124406
-0.0546,0,0
-0.0542,0,0
-0.0538,0,0
-0.0534,0,0
-0.053,0,0
-0.0526,0,0
-0.0522,0,0
-0.0518,0,0
-0.0514,0.0126905,0.0127139
-0.051,0,0
-0.0506,0.0127958,0.0132603
-0.0502,0,0
-0.0498,0,0
-0.0494,0,0
-0.049,0.00168352,0.00447266
-0.0486,0,0
-0.0482,0,0
-0.0478,0,0
-0.0474,0,0
-0.047,0,0
-0.0466,0,0
-0.0462,0,0
-0.0458,0,0
-0.0454,0,0
-0.045,0,0
-0.0446,0.00135585,0.00427126
-0.0442,0.0109323,0.0119796
-0.0438,0,0
-0.0434,0,0
-0.043,0,0
-0.0426,0,0
-0.0422,0,0
-0.0418,0,0
-0.0414,0,0
-0.041,0,0
-0.0406,0,0
-0.0402,0.025457,0.0180341
-0.0398,0,0
-0.0394,0,0
-0.039,0,0
-0.0386,0,0
-0.0382,0,0
-0.0378,0,0
-0.0374,0,0
-0.037,0,0
-0.0366,0,0
-0.0362,0,0
-0.0358,0,0
-0.0354,0,0
-0.035,0,0
-0.0346,0.0135104,0.0135368
-0.0342,0.0131021,0.0131268
-0.0338,0.0126428,0.0126659
-0.0334,0,0
-0.033,0,0
-0.0326,0,0
-0.0322,0,0
-0.0318,0,0
-0.0314,0.0143507,0.0143804
-0.031,0,0
-0.0306,0,0
-0.0302,0,0
-0.0298,0,0
-0.0294,0,0
-0.029,0,0
-0.0286,0,0
-0.0282,0,0
-0.0278,0,0
-0.0274,0,0
-0.027,0,0
-0.0266,0,0
-0.0262,0.00643196,0.00927979
-0.0258,0,0
-0.0254,0,0
-0.025,0,0
-0.0246,0,0
-0.0242,0,0
-0.0238,0,0
-0.0234,0.0125821,0.0126048
-0.023,0,0
-0.0226,0,0
-0.0222,0,0
-0.0218,0,0
-0.0214,0,0
-0.021,0.0128697,0.0128935
-0.0206,0,0
-0.0202,0,0
-0.0198,0,0
-0.0194,0,0
-0.019,0,0
-0.0186,0,0
-0.0182,0,0
-0.0178,0,0
-0.0174,0,0
-0.017,0,0
-0.0166,0,0
-0.0162,0.0129047,0.0129285
-0.0158,0,0
-0.0154,0,0
-0.015,0,0
-0.0146,0.0129818,0.0130059
-0.0142,0,0
-0.0138,0,0
-0.0134,0,0
-0.013,0.0120536,0.0120744
-0.0126,0,0
-0.0122,0,0
-0.0118,0.010959,0.0118989
-0.0114,0,0
-0.011,0,0
-0.0106,0,0
-0.0102,0.0149776,0.0150096
-0.0098,0,0
-0.0094,0.0127332,0.0127564
-0.009,0.0191938,0.0156517
-0.0086,0,0
-0.0082,0,0
-0.0078,0,0
-0.0074,0,0
-0.007,0.0131318,0.0131563
-0.0066,0.0140731,0.0141013
-0.0062,0,0
-0.0058,0.0134999,0.0135258
-0.0054,0.0156655,0.014294
-0.005,0.0277159,0.0196368
-0.0046,0.039507,0.0228682
-0.0042,0.0382206,0.0220532
-0.0038,0.0477259,0.0247834
-0.0034,0.107956,0.0377214
-0.003,0.177731,0.0480141
-0.0026,0.208028,0.0511124
-0.0022,0.66087,0.0906204
-0.0018,1.16262,0.124451
-0.0014,1.95151,0.157938
-0.001,3.27738,0.19586
-0.0006,4.34919,0.240265
-0.0002,4.79779,0.249138
0.0002,4.10806,0.239612
0.0006,3.25243,0.211426
0.001,1.97349,0.157284
0.0014,0.979929,0.111801
0.0018,0.446227,0.076052
0.0022,0.178684,0.0487191
0.0026,0.121662,0.0405556
0.003,0.0126674,0.0126902
0.0034,0,0
0.0038,0,0
0.0042,0,0
0.0046,0,0
0.005,0.00702823,0.00941875
0.0054,0,0
0.0058,0.00909917,0.0108414
0.0062,0,0
0.0066,0,0
0.007,0.0127963,0.0128194
0.0074,0,0
0.0078,0,0
0.0082,0,0
0.0086,0.0138805,0.0139077
0.009,0.0162076,0.0148826
0.0094,0.0133897,0.013415
0.0098,0,0
0.0102,0,0
0.0106,0,0
0.011,0.0134647,0.0134903
0.0114,0,0
0.0118,0.0130176,0.0130415
0.0122,0,0
0.0126,0,0
0.013,0,0
0.0134,0.012933,0.0129566
0.0138,0,0
0.0142,0,0
0.0146,0,0
0.015,0,0
0.0154,0,0
0.0158,0,0
0.0162,0,0
0.0166,0,0
0.017,0,0
0.0174,0,0
0.0178,0,0
0.0182,0,0
0.0186,0,0
0.019,0,0
0.0194,0,0
0.0198,0,0
0.0202,0,0
0.0206,0.013262,0.0132867
0.021,0,0
0.0214,0,0
0.0218,0,0
0.0222,0,0
0.0226,0.0102501,0.0113453
0.023,0,0
0.0234,0,0
0.0238,0,0
0.0242,0.0131364,0.0131606
0.0246,0,0
0.025,0,0
0.0254,0,0
0.0258,0,0
0.0262,0,0
0.0266,0.0135761,0.0136019
0.027,0,0
0.0274,0,0
0.0278,0.0121599,0.0121806
0.0282,0.0140187,0.0140462
0.0286,0,0
0.029,0,0
0.0294,0,0
0.0298,0,0
0.0302,0,0
0.0306,0,0
0.031,0,0
0.0314,0,0
0.0318,0,0
0.0322,0.0123976,0.012419
0.0326,0,0
0.033,0,0
0.0334,0,0
0.0338,0.00425775,0.00761705
0.0342,0,0
0.0346,0,0
0.035,0,0
0.0354,0,0
0.0358,0.0122635,0.0122845
0.0362,0,0
0.0366,0,0
0.037,0,0
0.0374,0,0
0.0378,0,0
0.0382,0,0
0.0386,0,0
0.039,0,0
0.0394,0,0
0.0398,0,0
0.0402,0,0
0.0406,0,0
0.041,0,0
0.0414,0,0
0.0418,0,0
0.0422,0,0
0.0426,0,0
0.043,0,0
0.0434,0,0
0.0438,0,0
0.0442,0,0
0.0446,0,0
0.045,0.0136845,0.0137105
0.0454,0,0
0.0458,0,0
0.0462,0.0128228,0.0128456
0.0466,0,0
0.047,0.00785075,0.0102522
0.0474,0,0
0.0478,0,0
0.0482,0,0
0.0486,0,0
0.049,0,0
0.0494,0.0126503,0.0126725
0.0498,0,0
0.0502,0,0
0.0506,0,0
0.051,0,0
0.0514,0,0
0.0518,0,0
0.0522,0,0
0.0526,0,0
0.053,0,0
0.0534,0,0
0.0538,0,0
0.0542,0,0
0.0546,0,0
0.055,0,0
0.0554,0,0
0.0558,0,0
0.0562,0.0148718,0.0149023
0.0566,0,0
0.057,0,0
0.0574,0,0
0.0578,0,0
0.0582,0,0
0.0586,0,0
0.059,0,0
0.0594,0,0
0.0598,0,0
0.0602,0,0
0.0606,0,0
0.061,0,0
0.0614,0,0
0.0618,0,0
0.0622,0,0
0.0626,0,0
0.063,0,0
0.0634,0,0
0.0638,0,0
0.0642,0,0
0.0646,0,0
0.065,0.0124703,0.0124916
0.0654,0,0
0.0658,0,0
0.0662,0,0
0.0666,0,0
0.067,0,0
0.0674,0,0
0.0678,0,0
0.0682,0,0
0.0686,0,0
0.069,0,0
0.0694,0.013314,0.0133382
0.0698,0.0141832,0.0142107
0.0702,0,0
0.0706,0,0
0.071,0,0
0.0714,0.0135792,0.0136044
0.0718,0.0134757,0.0135005
0.0722,0,0
0.0726,0,0
0.073,0,0
0.0734,0,0
0.0738,0,0
0.0742,0,0
0.0746,0.00207889,0.00528162
0.075,0,0
0.0754,0,0
0.0758,0,0
0.0762,0,0
0.0766,0,0
0.077,0.0135362,0.0135611
0.0774,0,0
0.0778,0,0
0.0782,0,0
0.0786,0,0
0.079,0,0
0.0794,0,0
0.0798,0,0
0.0802,0,0
0.0806,0,0
0.081,0,0
0.0814,0,0
0.0818,0,0
0.0822,0,0
0.0826,0,0
0.083,0,0
0.0834,0.0119936,0.0134454
0.0838,0,0
0.0842,0,0
0.0846,0,0
0.085,0,0
0.0854,0,0
0.0858,0,0
0.0862,0,0
0.0866,0,0
0.087,0,0
0.0874,0,0
0.0878,0,0
0.0882,0,0
0.0886,0,0
0.089,0.0129373,0.0129738
0.0894,0.00276386,0.00621329
0.0898,0,0
0.0902,0,0
0.0906,0,0
0.091,0,0
0.0914,0,0
0.0918,0,0
0.0922,0,0
0.0926,0.0141616,0.0141887
0.093,0,0
0.0934,0,0
0.0938,0,0
0.0942,0,0
0.0946,0,0
0.095,0,0
0.0954,0,0
0.0958,0,0
0.0962,0,0
0.0966,0,0
0.097,0,0
0.0974,0,0
0.0978,0,0
0.0982,0,0
0.0986,0,0
0.099,0,0
0.0994,0,0
0.0998,0,0
0.1002,0,0
0.1006,0,0
0.101,0.0142101,0.0142373
0.1014,0,0
0.1018,0,0
0.1022,0,0
0.1026,0,0
0.103,0,0
0.1034,0,0
0.1038,0,0
0.1042,0,0
0.1046,0,0
0.105,0,0
0.1054,0,0
0.1058,0,0
0.1062,0,0
0.1066,0,0
0.107,0,0
0.1074,0.000689185,0.00331034
0.1078,0,0
0.1082,0,0
0.1086,0,0
0.109,0,0
0.1094,0,0
0.1098,0,0
0.1102,0,0
0.1106,0.0179711,0.0180143
0.111,0,0
0.1114,0,0
0.1118,0,0
0.1122,0,0
0.1126,0.0187095,0.0187563
0.113,0,0
0.1134,0,0
0.1138,0,0
0.1142,0,0
0.1146,0,0
0.115,0,0
0.1154,0,0
0.1158,0,0
0.1162,0,0
0.1166,0.000732281,0.00373458
0.117,0,0
0.1174,0.0216765,0.0217391
0.1178,0.0214491,0.0215104
0.1182,0,0
0.1186,0,0
0.119,0,0
0.1194,0,0
0.1198,0,0
2
-0.1198,0,0
-0.1194,0,0
-0.119,0,0
-0.1186,0,0
-0.1182,0,0
-0.1178,0,0
-0.1174,0,0
-0.117,0,0
-0.1166,0,0
-0.1162,0,0
-0.1158,0.00637208,0.00638507
-0.1154,0,0
-0.115,0,0
-0.1146,0,0
-0.1142,0,0
-0.1138,0,0
-0.1134,0,0
-0.113,0,0
-0.1126,0.0108412,0.00800424
-0.1122,0,0
-0.1118,0,0
-0.1114,0,0
-0.111,0,0
-0.1106,0,0
-0.1102,0,0
-0.1098,0,0
-0.1094,0,0
-0.109,0,0
-0.1086,0,0
-0.1082,0,0
-0.1078,0,0
-0.1074,0,0
-0.107,0,0
-0.1066,0,0
-0.1062,0,0
-0.1058,0,0
-0.1054,0,0
-0.105,0,0
-0.1046,0,0
-0.1042,0,0
-0.1038,0,0
-0.1034,0,0
-0.103,0,0
-0.1026,0.00563525,0.00564539
-0.1022,0,0
-0.1018,0,0
-0.1014,0.00591655,0.00592771
-0.101,0,0
-0.1006,0,0
-0.1002,0,0
-0.0998,0,0
-0.0994,0,0
-0.099,0,0
-0.0986,0,0
-0.0982,0,0
-0.0978,0,0
-0.0974,0,0
-0.097,0,0
-0.0966,0,0
-0.0962,0,0
-0.0958,0,0
-0.0954,0,0
-0.095,0,0
-0.0946,0,0
-0.0942,0,0
-0.0938,0,0
-0.0934,0,0
-0.093,0,0
-0.0926,0,0
-0.0922,0,0
-0.0918,0,0
-0.0914,0,0
-0.091,0,0
-0.0906,0,0
-0.0902,0,0
-0.0898,0,0
-0.0894,0,0
-0.089,0,0
-0.0886,0,0
-0.0882,0,0
-0.0878,0,0
-0.0874,0,0
-0.087,0,0
-0.0866,0,0
-0.0862,0,0
-0.0858,0.00656915,0.00658286
-0.0854,0,0
-0.085,0,0
-0.0846,0,0
-0.0842,0,0
-0.0838,0.00606799,0.00607969
-0.0834,0,0
-0.083,0,0
-0.0826,0.00628206,0.00629459
-0.0822,0,0
-0.0818,0,0
-0.0814,0,0
-0.081,0,0
-0.0806,0,0
-0.0802,0.00570407,0.0057144
-0.0798,0,0
-0.0794,0,0
-0.079,0,0
-0.0786,0,0
-0.0782,0,0
-0.0778,0,0
-0.0774,0,0
-0.077,0.0130548,0.00936504
-0.0766,0,0
-0.0762,0,0
-0.0758,0,0
-0.0754,0,0
-0.075,0,0
-0.0746,0,0
-0.0742,0,0
-0.0738,0,0
-0.0734,0,0
-0.073,0.00633537,0.00634809
-0.0726,0,0
-0.0722,0,0
-0.0718,0,0
-0.0714,0,0
-0.071,0,0
-0.0706,0,0
-0.0702,0.0123458,0.00874689
-0.0698,0,0
-0.0694,0.00546413,0.00547358
-0.069,0.00331096,0.00426095
-0.0686,0,0
-0.0682,0.00570533,0.00571564
-0.0678,0.00634578,0.00635853
-0.0674,0.0123062,0.00871877
-0.067,0,0
-0.0666,0,0
-0.0662,0,0
-0.0658,0,0
-0.0654,0,0
-0.065,0,0
-0.0646,0,0
-0.0642,0,0
-0.0638,0,0
-0.0634,0,0
-0.063,0,0
-0.0626,0,0
-0.0622,0,0
-0.0618,0,0
-0.0614,0,0
-0.061,0,0
-0.0606,0.0113103,0.00801254
-0.0602,0.0114526,0.00811287
-0.0598,0,0
-0.0594,0,0
-0.059,0,0
-0.0586,0,0
-0.0582,0,0
-0.0578,0,0
-0.0574,0,0
-0.057,0,0
-0.0566,0.000148443,0.000938112
-0.0562,0,0
-0.0558,0,0
-0.0554,0,0
-0.055,0,0
-0.0546,0,0
-0.0542,0,0
-0.0538,0,0
-0.0534,0,0
-0.053,0.00568433,0.00569452
-0.0526,0,0
-0.0522,0,0
-0.0518,0,0
-0.0514,0,0
-0.051,0,0
-0.0506,0.00610625,0.00592928
-0.0502,0,0
-0.0498,0,0
-0.0494,0.00598919,0.00600049
-0.049,0.0106657,0.00784786
-0.0486,0,0
-0.0482,0,0
-0.0478,0,0
-0.0474,0,0
-0.047,0,0
-0.0466,0,0
-0.0462,0,0
-0.0458,0,0
-0.0454,0,0
-0.045,0,0
-0.0446,0.00554022,0.005855
-0.0442,0.000986377,0.00244004
-0.0438,0,0
-0.0434,0.00589112,0.00590205
-0.043,0,0
-0.0426,0,0
-0.0422,0,0
-0.0418,0,0
-0.0414,0,0
-0.041,0.0119215,0.00844558
-0.0406,0,0
-0.0402,0.00584776,0.00585851
-0.0398,0,0
-0.0394,0,0
-0.039,0,0
-0.0386,0,0
-0.0382,0,0
-0.0378,0,0
-0.0374,0.00627712,0.00628951
-0.037,0.00598543,0.00599669
-0.0366,0,0
-0.0362,0,0
-0.0358,0,0
-0.0354,0.00555815,0.00556786
-0.035,0,0
-0.0346,0,0
-0.0342,0,0
-0.0338,0,0
-0.0334,0,0
-0.033,0,0
-0.0326,0,0
-0.0322,0,0
-0.0318,0,0
-0.0314,0,0
-0.031,0.0121093,0.00857885
-0.0306,0,0
-0.0302,0,0
-0.0298,0,0
-0.0294,0,0
-0.029,0,0
-0.0286,0,0
-0.0282,0,0
-0.0278,0,0
-0.0274,0,0
-0.027,0.00606401,0.00607554
-0.0266,0.0060644,0.00607593
-0.0262,0.0091061,0.00740604
-0.0258,0,0
-0.0254,0,0
-0.025,0,0
-0.0246,0,0
-0.0242,0,0
-0.0238,0,0
-0.0234,0,0
-0.023,0.00528936,0.00529813
-0.0226,0.00528325,0.005292
-0.0222,0,0
-0.0218,0,0
-0.0214,0,0
-0.021,0.0103793,0.00779958
-0.0206,0,0
-0.0202,0.00568122,0.00569133
-0.0198,0,0
-0.0194,0,0
-0.019,0,0
-0.0186,0,0
-0.0182,0,0
-0.0178,0,0
-0.0174,0,0
-0.017,0,0
-0.0166,0,0
-0.0162,0,0
-0.0158,0.00577725,0.00578769
-0.0154,0.00590239,0.00591329
-0.015,0,0
-0.0146,0,0
-0.0142,0,0
-0.0138,0.00565329,0.00566329
-0.0134,0.00543983,0.00544909
-0.013,0,0
-0.0126,0,0
-0.0122,0,0
-0.0118,0.0181712,0.01026
-0.0114,0.00305256,0.00423786
-0.011,0,0
-0.0106,0,0
-0.0102,0.0136608,0.00968025
-0.0098,0.0128848,0.0091293
-0.0094,0,0
-0.009,0.00283644,0.0040565
-0.0086,0,0
-0.0082,0.00550614,0.00551561
-0.0078,0,0
-0.0074,0,0
-0.007,0,0
-0.0066,0.012395,0.0087868
-0.0062,0,0
-0.0058,0.00614862,0.00616042
-0.0054,0.0173693,0.0104155
-0.005,0.0189311,0.0109515
-0.0046,0,0
-0.0042,0.0330135,0.0138114
-0.0038,0.0431548,0.0160281
-0.0034,0.0565803,0.0183998
-0.003,0.0544765,0.0179503
-0.0026,0.0901812,0.0227489
-0.0022,0.182819,0.0320941
-0.0018,0.3332,0.0448335
-0.0014,0.679645,0.0626365
-0.001,0.970761,0.0718485
-0.0006,1.58942,0.0978221
-0.0002,1.65054,0.0984735
0.0002,1.92078,0.110455
0.0006,1.32984,0.0911509
0.001,1.08176,0.0786797
0.0014,0.577656,0.0579317
0.0018,0.260831,0.0392735
0.0022,0.140194,0.0289703
0.0026,0.0660202,0.0200422
0.003,0.0288043,0.0129049
0.0034,0.0168054,0.00971956
0.0038,0.0126256,0.00853755
0.0042,0,0
0.0046,0.00640765,0.00642044
0.005,0.00892798,0.00746132
0.0054,0.0172577,0.00998166
0.0058,0.00171183,0.00316815
0.0062,0.00622127,0.00623332
0.0066,0.0115493,0.00818131
0.007,0,0
0.0074,0,0
0.0078,0.0059001,0.00591094
0.0082,0,0
0.0086,0.0057414,0.00575166
0.009,0.020217,0.0105069
0.0094,0,0
0.0098,0.00509461,0.00536185
0.0102,0,0
0.0106,0,0
0.011,0,0
0.0114,0.0124604,0.00882792
0.0118,0,0
0.0122,0,0
0.0126,0,0
0.013,0.0115376,0.00817298
0.0134,0.0117113,0.00829623
0.0138,0,0
0.0142,0.00531944,0.00532824
0.0146,0,0
0.015,0,0
0.0154,0,0
0.0158,0,0
0.0162,0.00586929,0.00587999
0.0166,0.00579276,0.00580318
0.017,0,0
0.0174,0,0
0.0178,0.00578121,0.00579159
0.0182,0,0
0.0186,0.00594787,0.00595886
0.019,0.00594843,0.00595942
0.0194,0.00622609,0.00623812
0.0198,0,0
0.0202,0.00599065,0.00600179
0.0206,0,0
0.021,0,0
0.0214,0,0
0.0218,0,0
0.0222,0,0
0.0226,0,0
0.023,0,0
0.0234,0,0
0.0238,0,0
0.0242,0,0
0.0246,0,0
0.025,0,0
0.0254,0,0
0.0258,0,0
0.0262,0.00634183,0.0063543
0.0266,0.00612066,0.00613227
0.027,0,0
0.0274,0.00607979,0.00609124
0.0278,0.0055536,0.00556316
0.0282,0,0
0.0286,0,0
0.029,0,0
0.0294,0,0
0.0298,0,0
0.0302,0,0
0.0306,0,0
0.031,0.00557376,0.00558339
0.0314,0,0
0.0318,0.00602606,0.00632817
0.0322,0,0
0.0326,0,0
0.033,0,0
0.0334,0.00633866,0.00635109
0.0338,0.00419094,0.0050682
0.0342,0,0
0.0346,0,0
0.035,0,0
0.0354,0,0
0.0358,0,0
0.0362,0,0
0.0366,0,0
0.037,0.00558817,0.00559783
0.0374,0,0
0.0378,0,0
0.0382,0,0
0.0386,0,0
0.039,0.0059518,0.00596276
0.0394,0,0
0.0398,0,0
0.0402,0,0
0.0406,0.0112901,0.00799729
0.041,0,0
0.0414,0,0
0.0418,0,0
0.0422,0,0
0.0426,0.00563441,0.00564422
0.043,0.00597186,0.00598288
0.0434,0,0
0.0438,0,0
0.0442,0,0
0.0446,0,0
0.045,0.00608376,0.00609519
0.0454,0,0
0.0458,0,0
0.0462,0,0
0.0466,0.00514195,0.0054817
0.047,0.00245985,0.00384197
0.0474,0,0
0.0478,0,0
0.0482,0,0
0.0486,0,0
0.049,0,0
0.0494,0,0
0.0498,0,0
0.0502,0,0
0.0506,0,0
0.051,0,0
0.0514,0,0
0.0518,0,0
0.0522,0,0
0.0526,0,0
0.053,0.00623245,0.00624442
0.0534,0,0
0.0538,0,0
0.0542,0,0
0.0546,0,0
0.055,0,0
0.0554,0,0
0.0558,0.0130041,0.00922659
0.0562,0.00165041,0.00336809
0.0566,0,0
0.057,0,0
0.0574,0,0
0.0578,0.000832553,0.00220745
0.0582,0,0
0.0586,0.00579971,0.00581006
0.059,0,0
0.0594,0,0
0.0598,0,0
0.0602,0,0
0.0606,0,0
0.061,0,0
0.0614,0,0
0.0618,0,0
0.0622,0,0
0.0626,0,0
0.063,0,0
0.0634,0,0
0.0638,0,0
0.0642,0,0
0.0646,0,0
0.065,0,0
0.0654,0,0
0.0658,0,0
0.0662,0,0
0.0666,0,0
0.067,0,0
0.0674,0,0
0.0678,0,0
0.0682,0,0
0.0686,0,0
0.069,0,0
0.0694,0,0
0.0698,0,0
0.0702,0,0
0.0706,0.00562381,0.00563352
0.071,0,0
0.0714,0,0
0.0718,0,0
0.0722,0.00624288,0.00625483
0.0726,0,0
0.073,0,0
0.0734,0.00464159,0.00523089
0.0738,0.00605115,0.00606238
0.0742,0,0
0.0746,0.0109673,0.00809003
0.075,0,0
0.0754,0,0
0.0758,0,0
0.0762,0.00603735,0.00604852
0.0766,0,0
0.077,0,0
0.0774,0.00579668,0.00580698
0.0778,0,0
0.0782,0,0
0.0786,0,0
0.079,0,0
0.0794,0.00633294,0.00634522
0.0798,0,0
0.0802,0,0
0.0806,0,0
0.081,0,0
0.0814,0,0
0.0818,0,0
0.0822,0,0
0.0826,0,0
0.083,0,0
0.0834,0.00133882,0.002992
0.0838,0,0
0.0842,0,0
0.0846,0,0
0.085,0,0
0.0854,0,0
0.0858,0,0
0.0862,0,0
0.0866,0,0
0.087,0.00582634,0.00583671
0.0874,0,0
0.0878,0,0
0.0882,0,0
0.0886,0.00568254,0.00569241
0.089,1.21674e-05,0.000264787
0.0894,0.00493845,0.00552698
0.0898,0,0
0.0902,0,0
0.0906,0,0
0.091,0,0
0.0914,0,0
0.0918,0,0
0.0922,0.00600305,0.00601405
0.0926,0,0
0.093,0,0
0.0934,0,0
0.0938,0,0
0.0942,0,0
0.0946,0,0
0.095,0.00618399,0.00619565
0.0954,0,0
0.0958,0,0
0.0962,0,0
0.0966,0,0
0.097,0.0116505,0.00826035
0.0974,0,0
0.0978,0.00609134,0.00610265
0.0982,0,0
0.0986,0,0
0.099,0,0
0.0994,0,0
0.0998,0,0
0.1002,0.00612749,0.00613893
0.1006,0,0
0.101,0,0
0.1014,0,0
0.1018,0,0
0.1022,0,0
0.1026,0,0
0.103,0,0
0.1034,0,0
0.1038,0,0
0.1042,0.00746687,0.00748383
0.1046,0,0
0.105,0,0
0.1054,0,0
0.1058,0,0
0.1062,0,0
0.1066,0,0
0.107,0,0
0.1074,0.00667285,0.00683746
0.1078,0.0110052,0.00919351
0.1082,0,0
0.1086,0,0
0.109,0,0
0.1094,0,0
0.1098,0,0
0.1102,0,0
0.1106,0,0
0.111,0,0
0.1114,0.00885453,0.00887833
0.1118,0,0
0.1122,0,0
0.1126,0,0
0.113,0,0
0.1134,0.00928494,0.00931109
0.1138,0,0
0.1142,0,0
0.1146,0,0
0.115,0,0
0.1154,0,0
0.1158,0,0
0.1162,0,0
0.1166,0.00800671,0.00818666
0.117,0,0
0.1174,0,0
0.1178,0,0
0.1182,0,0
0.1186,0.00960605,0.009634
0.119,0,0
0.1194,0,0
0.1198,0,0
3
-0.1198,0,0
-0.1194,0,0
-0.119,0,0
-0.1186,0,0
-0.1182,0,0
-0.1178,0,0
-0.1174,0,0
-0.117,0,0
-0.1166,0,0
-0.1162,0,0
-0.1158,0.00664303,0.00665657
-0.1154,0,0
-0.115,0,0
-0.1146,0,0
-0.1142,0,0
-0.1138,0,0
-0.1134,0,0
-0.113,0,0
-0.1126,0.000963648,0.00242538
-0.1122,0,0
-0.1118,0,0
-0.1114,0,0
-0.111,0,0
-0.1106,0,0
-0.1102,0,0
-0.1098,0,0
-0.1094,0,0
-0.109,0,0
-0.1086,0,0
-0.1082,0,0
-0.1078,0,0
-0.1074,0,0
-0.107,0.00284512,0.00420377
-0.1066,0,0
-0.1062,0,0
-0.1058,0,0
-0.1054,0,0
-0.105,0,0
-0.1046,0,0
-0.1042,0,0
-0.1038,0.00589888,0.00590952
-0.1034,0,0
-0.103,0,0
-0.1026,0,0
-0.1022,0,0
-0.1018,0,0
-0.1014,0,0
-0.101,0,0
-0.1006,0,0
-0.1002,0,0
-0.0998,0,0
-0.0994,0,0
-0.099,0,0
-0.0986,0,0
-0.0982,0,0
-0.0978,0,0
-0.0974,0,0
-0.097,0,0
-0.0966,0,0
-0.0962,0,0
-0.0958,0,0
-0.0954,0,0
-0.095,0,0
-0.0946,0,0
-0.0942,0,0
-0.0938,0,0
-0.0934,0,0
-0.093,0,0
-0.0926,0,0
-0.0922,0.00646221,0.00647491
-0.0918,0,0
-0.0914,0,0
-0.091,0,0
-0.0906,0,0
-0.0902,0,0
-0.0898,0,0
-0.0894,0,0
-0.089,0,0
-0.0886,0.00655363,0.00656667
-0.0882,0,0
-0.0878,0,0
-0.0874,0,0
-0.087,0,0
-0.0866,0,0
-0.0862,0,0
-0.0858,0,0
-0.0854,0,0
-0.085,0,0
-0.0846,0.00618953,0.00620114
-0.0842,0,0
-0.0838,0,0
-0.0834,0,0
-0.083,0,0
-0.0826,0,0
-0.0822,0,0
-0.0818,0,0
-0.0814,0,0
-0.081,0,0
-0.0806,0,0
-0.0802,0,0
-0.0798,0,0
-0.0794,0,0
-0.079,0,0
-0.0786,0,0
-0.0782,0,0
-0.0778,0,0
-0.0774,0,0
-0.077,0,0
-0.0766,0,0
-0.0762,0.00551232,0.00590514
-0.0758,0,0
-0.0754,0,0
-0.075,0,0
-0.0746,0,0
-0.0742,0.00192788,0.0036729
-0.0738,0,0
-0.0734,0,0
-0.073,0,0
-0.0726,0.00353351,0.00468186
-0.0722,0,0
-0.0718,0,0
-0.0714,0,0
-0.071,0,0
-0.0706,0,0
-0.0702,0,0
-0.0698,0,0
-0.0694,0.00395337,0.00477659
-0.069,0,0
-0.0686,0,0
-0.0682,0,0
-0.0678,0.00600837,0.00601922
-0.0674,0,0
-0.067,0,0
-0.0666,0,0
-0.0662,0,0
-0.0658,0,0
-0.0654,0,0
-0.065,0,0
-0.0646,0,0
-0.0642,0,0
-0.0638,0,0
-0.0634,0,0
-0.063,0.00618397,0.00619544
-0.0626,0,0
-0.0622,0,0
-0.0618,0.00587454,0.00588489
-0.0614,0,0
-0.061,0,0
-0.0606,0.00589159,0.00590199
-0.0602,0,0
-0.0598,0,0
-0.0594,0.00339241,0.00462676
-0.059,0,0
-0.0586,0,0
-0.0582,0,0
-0.0578,0,0
-0.0574,0,0
-0.057,0,0
-0.0566,0.00608107,0.00617044
-0.0562,0,0
-0.0558,0,0
-0.0554,0,0
-0.055,0.0120957,0.00856841
-0.0546,0.00617006,0.00618144
-0.0542,0.00603759,0.00604848
-0.0538,0,0
-0.0534,0,0
-0.053,0,0
-0.0526,0,0
-0.0522,0,0
-0.0518,0,0
-0.0514,0,0
-0.051,0,0
-0.0506,0,0
-0.0502,0,0
-0.0498,0,0
-0.0494,0.00633704,0.006349
-0.049,0,0
-0.0486,0,0
-0.0482,0,0
-0.0478,0,0
-0.0474,0,0
-0.047,0,0
-0.0466,0.0065313,0.00654399
-0.0462,0,0
-0.0458,0,0
-0.0454,0,0
-0.045,0,0
-0.0446,0,0
-0.0442,0,0
-0.0438,0,0
-0.0434,0,0
-0.043,0,0
-0.0426,0.0057756,0.00578551
-0.0422,0,0
-0.0418,0,0
-0.0414,0,0
-0.041,0.00631987,0.00633172
-0.0406,0.00639981,0.00641197
-0.0402,0,0
-0.0398,0,0
-0.0394,0,0
-0.039,0,0
-0.0386,0.01257,0.00890559
-0.0382,0,0
-0.0378,0.007166,0.00718121
-0.0374,0,0
-0.037,0,0
-0.0366,0,0
-0.0362,0,0
-0.0358,0.00632773,0.00633958
-0.0354,0,0
-0.035,0,0
-0.0346,0,0
-0.0342,0,0
-0.0338,0,0
-0.0334,0,0
-0.033,0.00278301,0.00431752
-0.0326,0,0
-0.0322,0,0
-0.0318,0,0
-0.0314,0,0
-0.031,0,0
-0.0306,0,0
-0.0302,0,0
-0.0298,0.00664337,0.00665641
-0.0294,0,0
-0.029,0,0
-0.0286,0,0
-0.0282,0,0
-0.0278,0.0065266,0.00653916
-0.0274,0,0
-0.027,0.00644856,0.00646083
-0.0266,0,0
-0.0262,0,0
-0.0258,0,0
-0.0254,0.00648678,0.00649918
-0.025,0,0
-0.0246,0,0
-0.0242,0,0
-0.0238,0.00646452,0.00656093
-0.0234,0,0
-0.023,0.00563008,0.00563942
-0.0226,0,0
-0.0222,0,0
-0.0218,0,0
-0.0214,0,0
-0.021,0.00766272,0.00694313
-0.0206,0.0122314,0.00866497
-0.0202,0,0
-0.0198,0,0
-0.0194,0,0
-0.019,0.00609188,0.00610279
-0.0186,0.00604275,0.00605348
-0.0182,0.0118986,0.00842832
-0.0178,0,0
-0.0174,0,0
-0.017,0,0
-0.0166,0,0
-0.0162,0.00612809,0.00613911
-0.0158,0.0122888,0.00870524
-0.0154,0.00564672,0.00565608
-0.015,0,0
-0.0146,0,0
-0.0142,0.00636184,0.00637371
-0.0138,0.00367611,0.0047167
-0.0134,0,0
-0.013,0.00586841,0.0058785
-0.0126,0,0
-0.0122,0,0
-0.0118,0.00626669,0.00627819
-0.0114,0.00299815,0.00433874
-0.011,0,0
-0.0106,0,0
-0.0102,0,0
-0.0098,0,0
-0.0094,0,0
-0.009,0.0123434,0.00874391
-0.0086,0.00598493,0.00599541
-0.0082,0,0
-0.0078,0.00630977,0.00632141
-0.0074,0,0
-0.007,0.00639109,0.00640303
-0.0066,0,0
-0.0062,0,0
-0.0058,0,0
-0.0054,0.00632319,0.00633487
-0.005,0.0135123,0.00957354
-0.0046,0.0124786,0.00883983
-0.0042,0.0333367,0.0143493
-0.0038,0.0444025,0.0168157
-0.0034,0.0274411,0.0132796
-0.003,0.0350895,0.0148873
-0.0026,0.0385933,0.015454
-0.0022,0.163155,0.0313802
-0.0018,0.320359,0.0454685
-0.0014,0.523836,0.0568018
-0.001,0.743785,0.0651005
-0.0006,1.04606,0.082088
-0.0002,1.19684,0.0866083
0.0002,1.40274,0.0976858
0.0006,0.931732,0.0787939
0.001,0.667904,0.0639274
0.0014,0.416185,0.0507681
0.0018,0.215974,0.0368402
0.0022,0.102362,0.0257696
0.0026,0.0665222,0.0211146
0.003,0.0246711,0.0123578
0.0034,0.0179898,0.0104046
0.0038,0.0118994,0.0088891
0.0042,0,0
0.0046,0,0
0.005,0,0
0.0054,0,0
0.0058,0,0
0.0062,0,0
0.0066,0.00760926,0.00721725
0.007,0.00224671,0.00373493
0.0074,0,0
0.0078,0,0
0.0082,0.00615186,0.00616285
0.0086,0.00615279,0.00616378
0.009,0.000532622,0.00176552
0.0094,0,0
0.0098,0.000566845,0.00185172
0.0102,0,0
0.0106,0.00639245,0.00640431
0.011,0,0
0.0114,0,0
0.0118,0,0
0.0122,0,0
0.0126,0,0
0.013,0,0
0.0134,0,0
0.0138,0,0
0.0142,0.00681395,0.0068274
0.0146,0,0
0.015,0,0
0.0154,0,0
0.0158,0.00671041,0.00672345
0.0162,0,0
0.0166,0,0
0.017,0.0122588,0.00868371
0.0174,0.00629434,0.0063058
0.0178,0.00607734,0.00608803
0.0182,0,0
0.0186,0,0
0.019,0,0
0.0194,0,0
0.0198,0,0
0.0202,0.00665476,0.00666756
0.0206,0,0
0.021,0,0
0.0214,0.00640287,0.00641471
0.0218,0,0
0.0222,0,0
0.0226,0,0
0.023,0,0
0.0234,0,0
0.0238,0.00230109,0.00369225
0.0242,0,0
0.0246,0,0
0.025,0,0
0.0254,0.00632086,0.00633239
0.0258,0,0
0.0262,0.00681764,0.00683105
0.0266,0,0
0.027,0,0
0.0274,0,0
0.0278,0,0
0.0282,0,0
0.0286,0,0
0.029,0,0
0.0294,0,0
0.0298,0.00641665,0.00642851
0.0302,0,0
0.0306,0,0
0.031,0,0
0.0314,0,0
0.0318,0.000637306,0.00213485
0.0322,0,0
0.0326,0,0
0.033,0,0
0.0334,0,0
0.0338,0,0
0.0342,0,0
0.0346,0,0
0.035,0,0
0.0354,0,0
0.0358,0.00593625,0.00594638
0.0362,0,0
0.0366,0,0
0.037,0,0
0.0374,0,0
0.0378,0,0
0.0382,0,0
0.0386,0,0
0.039,0,0
0.0394,0,0
0.0398,0.00577299,0.00578256
0.0402,0,0
0.0406,0,0
0.041,0,0
0.0414,0,0
0.0418,0,0
0.0422,0,0
0.0426,0,0
0.043,0,0
0.0434,0,0
0.0438,0,0
0.0442,0,0
0.0446,0,0
0.045,0,0
0.0454,0,0
0.0458,0,0
0.0462,0,0
0.0466,0.000734404,0.00215132
0.047,0,0
0.0474,0,0
0.0478,0.00650667,0.00651879
0.0482,0,0
0.0486,0,0
0.049,0,0
0.0494,0,0
0.0498,0,0
0.0502,0,0
0.0506,0,0
0.051,0,0
0.0514,0,0
0.0518,0,0
0.0522,0,0
0.0526,0,0
0.053,0,0
0.0534,0,0
0.0538,0,0
0.0542,0,0
0.0546,0,0
0.055,0,0
0.0554,0,0
0.0558,0,0
0.0562,0.00560681,0.00644978
0.0566,0,0
0.057,0,0
0.0574,0.00360632,0.00465406
0.0578,0.00539717,0.00583974
0.0582,0,0
0.0586,0.00671425,0.00648775
0.059,0.00597498,0.00598516
0.0594,0,0
0.0598,0,0
0.0602,0,0
0.0606,0,0
0.061,0,0
0.0614,0,0
0.0618,0,0
0.0622,0,0
0.0626,0,0
0.063,0.00198458,0.00362073
0.0634,0,0
0.0638,0,0
0.0642,0,0
0.0646,0,0
0.065,0,0
0.0654,0,0
0.0658,0,0
0.0662,0.00688838,0.00690187
0.0666,0,0
0.067,0.00722056,0.00723538
0.0674,0,0
0.0678,0,0
0.0682,0,0
0.0686,0,0
0.069,0,0
0.0694,0,0
0.0698,0,0
0.0702,0,0
0.0706,0,0
0.071,0,0
0.0714,0,0
0.0718,0,0
0.0722,0,0
0.0726,0,0
0.073,0,0
0.0734,0.00133164,0.00291259
0.0738,0,0
0.0742,0,0
0.0746,0,0
0.075,0,0
0.0754,0,0
0.0758,0,0
0.0762,0,0
0.0766,0,0
0.077,0,0
0.0774,0,0
0.0778,0,0
0.0782,0.00593035,0.00594032
0.0786,0,0
0.079,0,0
0.0794,0,0
0.0798,0,0
0.0802,0,0
0.0806,0,0
0.081,0,0
0.0814,0,0
0.0818,0,0
0.0822,0,0
0.0826,0,0
0.083,0,0
0.0834,0,0
0.0838,0,0
0.0842,0,0
0.0846,0,0
0.085,0,0
0.0854,0,0
0.0858,0,0
0.0862,0,0
0.0866,0.00630039,0.00631161
0.087,0,0
0.0874,0,0
0.0878,0,0
0.0882,0,0
0.0886,0,0
0.089,0.00608609,0.00609655
0.0894,0,0
0.0898,0,0
0.0902,0,0
0.0906,0,0
0.091,0,0
0.0914,0,0
0.0918,0,0
0.0922,0,0
0.0926,0,0
0.093,0,0
0.0934,0,0
0.0938,0,0
0.0942,0,0
0.0946,0.00647224,0.00648406
0.095,0,0
0.0954,0,0
0.0958,0,0
0.0962,0,0
0.0966,0,0
0.097,0,0
0.0974,0,0
0.0978,0,0
0.0982,0.00646777,0.00647956
0.0986,0.00715796,0.0071724
0.099,0,0
0.0994,0,0
0.0998,0,0
0.1002,0,0
0.1006,0,0
0.101,0,0
0.1014,0,0
0.1018,0,0
0.1022,0.00744923,0.00746485
0.1026,0,0
0.103,0,0
0.1034,0,0
0.1038,0,0
0.1042,0.00807395,0.00809229
0.1046,0,0
0.105,0.00845265,0.00847274
0.1054,0,0
0.1058,0,0
0.1062,0,0
0.1066,0,0
0.107,0,0
0.1074,0.00754159,0.00755759
0.1078,0.00463078,0.00620039
0.1082,0,0
0.1086,0,0
0.109,0,0
0.1094,0,0
0.1098,0,0
0.1102,0,0
0.1106,0,0
0.111,0,0
0.1114,0,0
0.1118,0,0
0.1122,0,0
0.1126,0.00889496,0.00891718
0.113,0,0
0.1134,0,0
0.1138,0,0
0.1142,0,0
0.1146,0,0
0.115,0,0
0.1154,0,0
0.1158,0,0
0.1162,0,0
0.1166,0,0
0.117,0,0
0.1174,0,0
0.1178,0,0
0.1182,0,0
0.1186,0,0
0.119,0,0
0.1194,0,0
0.1198,0,0
4
-0.1198,0.00592042,0.00593117
-0.1194,0,0
-0.119,0,0
-0.1186,0,0
-0.1182,0,0
-0.1178,0.00676422,0.00677823
-0.1174,0.00676575,0.00677976
-0.117,0,0
-0.1166,0,0
-0.1162,0,0
-0.1158,0,0
-0.1154,0,0
-0.115,0,0
-0.1146,0,0
-0.1142,0.00643871,0.00645138
-0.1138,0,0
-0.1134,0,0
-0.113,0,0
-0.1126,0,0
-0.1122,0,0
-0.1118,0,0
-0.1114,0,0
-0.111,0,0
-0.1106,0.0059584,0.00596923
-0.1102,0,0
-0.1098,0,0
-0.1094,0.00623138,0.00624322
-0.109,0.00630594,0.00631806
-0.1086,0,0
-0.1082,0,0
-0.1078,0,0
-0.1074,0,0
-0.107,0.0033584,0.00457798
-0.1066,0,0
-0.1062,0.00615474,0.00616627
-0.1058,0,0
-0.1054,0,0
-0.105,0,0
-0.1046,0,0
-0.1042,0,0
-0.1038,0,0
-0.1034,0.00588989,0.00590044
-0.103,0,0
-0.1026,0,0
-0.1022,0,0
-0.1018,0,0
-0.1014,0.00618698,0.0061986
-0.101,0,0
-0.1006,0,0
-0.1002,0,0
-0.0998,0,0
-0.0994,0,0
-0.099,0,0
-0.0986,0,0
-0.0982,0,0
-0.0978,0,0
-0.0974,0,0
-0.097,0,0
-0.0966,0,0
-0.0962,0,0
-0.0958,0.0127512,0.00903399
-0.0954,0,0
-0.095,0,0
-0.0946,0,0
-0.0942,0,0
-0.0938,0,0
-0.0934,0,0
-0.093,0,0
-0.0926,0,0
-0.0922,0,0
-0.0918,0,0
-0.0914,0,0
-0.091,0,0
-0.0906,0,0
-0.0902,0,0
-0.0898,0,0
-0.0894,0,0
-0.089,0,0
-0.0886,0,0
-0.0882,0,0
-0.0878,0,0
-0.0874,0,0
-0.087,0.00033385,0.00145375
-0.0866,0,0
-0.0862,0,0
-0.0858,0,0
-0.0854,0,0
-0.085,0,0
-0.0846,0,0
-0.0842,0.00622679,0.00623848
-0.0838,0,0
-0.0834,0,0
-0.083,0,0
-0.0826,0,0
-0.0822,0,0
-0.0818,0,0
-0.0814,0,0
-0.081,0,0
-0.0806,0,0
-0.0802,0,0
-0.0798,0,0
-0.0794,0,0
-0.079,0,0
-0.0786,0,0
-0.0782,0,0
-0.0778,0,0
-0.0774,0,0
-0.077,0,0
-0.0766,0,0
-0.0762,0.000793432,0.00224574
-0.0758,0,0
-0.0754,0,0
-0.075,0,0
-0.0746,0,0
-0.0742,0.00506286,0.0059654
-0.0738,0.00576347,0.00577344
-0.0734,0,0
-0.073,0,0
-0.0726,0.00265813,0.00406936
-0.0722,0,0
-0.0718,0,0
-0.0714,0,0
-0.071,0,0
-0.0706,0,0
-0.0702,0,0
-0.0698,0,0
-0.0694,0.00180462,0.0032332
-0.069,0,0
-0.0686,0,0
-0.0682,0.00602819,0.00603908
-0.0678,0,0
-0.0674,0,0
-0.067,0,0
-0.0666,0,0
-0.0662,0,0
-0.0658,0,0
-0.0654,0,0
-0.065,0,0
-0.0646,0,0
-0.0642,0,0
-0.0638,0,0
-0.0634,0,0
-0.063,0,0
-0.0626,0,0
-0.0622,0,0
-0.0618,0,0
-0.0614,0,0
-0.061,0,0
-0.0606,0.00590543,0.00591585
-0.0602,0,0
-0.0598,0,0
-0.0594,0.00290022,0.00428246
-0.059,0,0
-0.0586,0.00212099,0.00383584
-0.0582,0,0
-0.0578,0,0
-0.0574,0,0
-0.057,0,0
-0.0566,0,0
-0.0562,0,0
-0.0558,0,0
-0.0554,0,0
-0.055,0.0060555,0.00606645
-0.0546,0,0
-0.0542,0,0
-0.0538,0,0
-0.0534,0,0
-0.053,0,0
-0.0526,0,0
-0.0522,0,0
-0.0518,0,0
-0.0514,0,0
-0.051,0,0
-0.0506,0,0
-0.0502,0,0
-0.0498,0,0
-0.0494,0,0
-0.049,0.00576723,0.00577715
-0.0486,0,0
-0.0482,0,0
-0.0478,0.00616069,0.006172
-0.0474,0,0
-0.047,0,0
-0.0466,0,0
-0.0462,0,0
-0.0458,0.00577147,0.00578139
-0.0454,0,0
-0.045,0,0
-0.0446,0.00652146,0.00653412
-0.0442,0,0
-0.0438,0,0
-0.0434,0,0
-0.043,0,0
-0.0426,0,0
-0.0422,0,0
-0.0418,0,0
-0.0414,0,0
-0.041,0,0
-0.0406,0,0
-0.0402,0,0
-0.0398,0,0
-0.0394,0,0
-0.039,0,0
-0.0386,0,0
-0.0382,0,0
-0.0378,0,0
-0.0374,0,0
-0.037,0,0
-0.0366,0.00622777,0.00623929
-0.0362,0,0
-0.0358,0,0
-0.0354,0,0
-0.035,0,0
-0.0346,0.00655713,0.0065699
-0.0342,0,0
-0.0338,0,0
-0.0334,0.00594537,0.00595587
-0.033,0.00387275,0.00508264
-0.0326,0,0
-0.0322,0,0
-0.0318,0,0
-0.0314,0.0069581,0.00697247
-0.031,0,0
-0.0306,0,0
-0.0302,0.00638439,0.00639648
-0.0298,0,0
-0.0294,0.00698779,0.00700228
-0.029,0,0
-0.0286,0,0
-0.0282,0,0
-0.0278,0,0
-0.0274,0,0
-0.027,0,0
-0.0266,0,0
-0.0262,0,0
-0.0258,0,0
-0.0254,0,0
-0.025,0,0
-0.0246,0,0
-0.0242,0,0
-0.0238,0.000167129,0.00105123
-0.0234,0,0
-0.023,0.0111783,0.00791737
-0.0226,0,0
-0.0222,0,0
-0.0218,0,0
-0.0214,0,0
-0.021,0,0
-0.0206,0,0
-0.0202,0.00606498,0.00607589
-0.0198,0.00554563,0.00555475
-0.0194,0,0
-0.019,0,0
-0.0186,0,0
-0.0182,0,0
-0.0178,0.000170626,0.00103184
-0.0174,0,0
-0.017,0.00610695,0.00611801
-0.0166,0,0
-0.0162,0,0
-0.0158,0,0
-0.0154,0,0
-0.015,0,0
-0.0146,0,0
-0.0142,0,0
-0.0138,0.00232872,0.00373355
-0.0134,0,0
-0.013,0,0
-0.0126,0.00611998,0.00613108
-0.0122,0,0
-0.0118,0.00619266,0.00620403
-0.0114,0,0
-0.011,0.00616529,0.00617656
-0.0106,0,0
-0.0102,0,0
-0.0098,0,0
-0.0094,0,0
-0.009,0,0
-0.0086,0,0
-0.0082,0,0
-0.0078,0,0
-0.0074,0,0
-0.007,0,0
-0.0066,0,0
-0.0062,0.0119733,0.00848144
-0.0058,0,0
-0.0054,0.0124573,0.00882496
-0.005,0.00664109,0.00665417
-0.0046,0,0
-0.0042,0.0110753,0.00819365
-0.0038,0.018598,0.0107584
-0.0034,0.0062489,0.00626048
-0.003,0.0459881,0.0169103
-0.0026,0.077716,0.0216887
-0.0022,0.10698,0.0251965
-0.0018,0.326403,0.0454277
-0.0014,0.481973,0.0540364
-0.001,0.617111,0.0587423
-0.0006,1.01861,0.0803461
-0.0002,1.14156,0.0838661
0.0002,1.03221,0.0829125
0.0006,0.85626,0.0751826
0.001,0.678626,0.0636972
0.0014,0.357184,0.046564
0.0018,0.225415,0.0373393
0.0022,0.0926458,0.0240865
0.0026,0.0714488,0.0213462
0.003,0.0241608,0.0121022
0.0034,0.0117574,0.00832828
0.0038,0.0060358,0.00604662
0.0042,0.0124402,0.00881283
0.0046,0.00672203,0.00673544
0.005,0,0
0.0054,0.00603314,0.00604395
0.0058,0.00612592,0.00613707
0.0062,0.00667323,0.00668645
0.0066,0.00589877,0.00628628
0.007,0.00994147,0.00778451
0.0074,0.00644176,0.00645408
0.0078,0,0
0.0082,0.0123656,0.00875989
0.0086,0.0060153,0.00602605
0.009,0.00570098,0.00571064
0.0094,0,0
0.0098,0,0
0.0102,0,0
0.0106,0,0
0.011,0,0
0.0114,0,0
0.0118,0,0
0.0122,0,0
0.0126,0.0118779,0.00842243
0.013,0.00603558,0.00604641
0.0134,0,0
0.0138,0,0
0.0142,0.00556318,0.00557238
0.0146,0,0
0.015,0,0
0.0154,0,0
0.0158,0.00653513,0.00654783
0.0162,0,0
0.0166,0,0
0.017,0,0
0.0174,0,0
0.0178,0,0
0.0182,0,0
0.0186,0.00598049,0.00599113
0.019,0.00621083,0.00622231
0.0194,0,0
0.0198,0,0
0.0202,0,0
0.0206,0,0
0.021,0.0122051,0.00864602
0.0214,0,0
0.0218,0,0
0.0222,0.00589202,0.00590235
0.0226,0,0
0.023,0,0
0.0234,0.00572815,0.00573791
0.0238,0.00349551,0.00448217
0.0242,0,0
0.0246,0,0
0.025,0,0
0.0254,0,0
0.0258,0,0
0.0262,0,0
0.0266,0,0
0.027,0.00633176,0.0063437
0.0274,0,0
0.0278,0.00578274,0.0057927
0.0282,0.00657722,0.00659009
0.0286,0,0
0.029,0,0
0.0294,0.00602029,0.00603108
0.0298,0,0
0.0302,0,0
0.0306,0,0
0.031,0,0
0.0314,0.00619114,0.00620256
0.0318,0,0
0.0322,0,0
0.0326,0,0
0.033,0.00617773,0.0061891
0.0334,0.00658977,0.0066027
0.0338,0,0
0.0342,0,0
0.0346,0,0
0.035,0,0
0.0354,0,0
0.0358,0,0
0.0362,0,0
0.0366,0,0
0.037,0,0
0.0374,0,0
0.0378,0,0
0.0382,0,0
0.0386,0,0
0.039,0.00617699,0.00618836
0.0394,0,0
0.0398,0,0
0.0402,0,0
0.0406,0,0
0.041,0,0
0.0414,0,0
0.0418,0,0
0.0422,0,0
0.0426,0,0
0.043,0.00619068,0.0062021
0.0434,0.0122673,0.00869267
0.0438,0,0
0.0442,0,0
0.0446,0,0
0.045,0,0
0.0454,0,0
0.0458,0,0
0.0462,0,0
0.0466,0,0
0.047,0.00618935,0.00620077
0.0474,0,0
0.0478,0,0
0.0482,0.00624381,0.00625543
0.0486,0,0
0.049,0,0
0.0494,0,0
0.0498,0,0
0.0502,0.00594785,0.0059584
0.0506,0,0
0.051,0,0
0.0514,0,0
0.0518,0.00619564,0.00620709
0.0522,0.0117101,0.00829478
0.0526,0,0
0.053,0,0
0.0534,0,0
0.0538,0,0
0.0542,0,0
0.0546,0,0
0.055,0,0
0.0554,0,0
0.0558,0,0
0.0562,0,0
0.0566,0.00614619,0.00615746
0.057,0,0
0.0574,0.00227466,0.00361393
0.0578,0,0
0.0582,0,0
0.0586,0.00552223,0.00575154
0.059,0,0
0.0594,0,0
0.0598,0,0
0.0602,0.00627039,0.00628212
0.0606,0,0
0.061,0,0
0.0614,0,0
0.0618,0,0
0.0622,0,0
0.0626,0,0
0.063,0.00438548,0.00525731
0.0634,0,0
0.0638,0.00663552,0.00664865
0.0642,0.00654385,0.00655663
0.0646,0,0
0.065,0,0
0.0654,0,0
0.0658,0,0
0.0662,0.00656491,0.00657777
0.0666,0,0
0.067,0,0
0.0674,0,0
0.0678,0,0
0.0682,0,0
0.0686,0,0
0.069,0,0
0.0694,0,0
0.0698,0,0
0.0702,0,0
0.0706,0,0
0.071,0,0
0.0714,0,0
0.0718,0,0
0.0722,0,0
0.0726,0,0
0.073,0.00554578,0.00555496
0.0734,0,0
0.0738,0,0
0.0742,0,0
0.0746,0,0
0.075,0,0
0.0754,0,0
0.0758,0,0
0.0762,0,0
0.0766,0,0
0.077,0,0
0.0774,0,0
0.0778,0.00584452,0.00585472
0.0782,0,0
0.0786,0.0118776,0.00842516
0.079,0.00603585,0.00604673
0.0794,0.00628013,0.0062919
0.0798,0,0
0.0802,0,0
0.0806,0,0
0.081,0,0
0.0814,0.00595381,0.00596439
0.0818,0,0
0.0822,0,0
0.0826,0,0
0.083,0,0
0.0834,0,0
0.0838,0,0
0.0842,0,0
0.0846,0.00684388,0.00685786
0.085,0,0
0.0854,0,0
0.0858,0,0
0.0862,0,0
0.0866,0,0
0.087,0,0
0.0874,0,0
0.0878,0,0
0.0882,0,0
0.0886,0.00581795,0.00582805
0.089,0,0
0.0894,0,0
0.0898,0,0
0.0902,0,0
0.0906,0,0
0.091,0,0
0.0914,0,0
0.0918,0,0
0.0922,0,0
0.0926,0,0
0.093,0,0
0.0934,0,0
0.0938,0,0
0.0942,0,0
0.0946,0.0061193,0.00613047
0.095,0,0
0.0954,0,0
0.0958,0,0
0.0962,0,0
0.0966,0,0
0.097,0,0
0.0974,0.00652579,0.00653849
0.0978,0,0
0.0982,3.55332e-06,0.00014763
0.0986,0,0
0.099,0.00650976,0.0065224
0.0994,0.00688905,0.0069032
0.0998,0,0
0.1002,0,0
0.1006,0,0
0.101,0,0
0.1014,0,0
0.1018,0.00686038,0.00687441
0.1022,0,0
0.1026,0,0
0.103,0,0
0.1034,0.00676316,0.00677679
0.1038,0,0
0.1042,0,0
0.1046,0,0
0.105,0,0
0.1054,0,0
0.1058,0.00722423,0.00723978
0.1062,0,0
0.1066,0,0
0.107,0,0
0.1074,0,0
0.1078,0,0
0.1082,0,0
0.1086,0,0
0.109,0,0
0.1094,0,0
0.1098,0,0
0.1102,0,0
0.1106,0,0
0.111,0,0
0.1114,0,0
0.1118,0,0
0.1122,0,0
0.1126,0,0
0.113,0,0
0.1134,0,0
0.1138,0.0092061,0.00923132
0.1142,0,0
0.1146,0,0
0.115,0,0
0.1154,0,0
0.1158,0,0
0.1162,0,0
0.1166,0,0
0.117,0,0
0.1174,0,0
0.1178,0,0
0.1182,0,0
0.1186,0,0
0.119,0,0
0.1194,0,0
0.1198,0,0
5
-0.1198,0,0
-0.1194,0,0
-0.119,0,0
-0.1186,0,0
-0.1182,0,0
-0.1178,0,0
-0.1174,0,0
-0.117,0,0
-0.1166,0,0
-0.1162,0,0
-0.1158,0,0
-0.1154,0,0
-0.115,0,0
-0.1146,0,0
-0.1142,0,0
-0.1138,0,0
-0.1134,0,0
-0.113,0,0
-0.1126,0,0
-0.1122,0,0
-0.1118,0,0
-0.1114,0,0
-0.111,0,0
-0.1106,0,0
-0.1102,0,0
-0.1098,0,0
-0.1094,0,0
-0.109,0,0
-0.1086,0,0
-0.1082,0,0
-0.1078,0,0
-0.1074,0,0
-0.107,0,0
-0.1066,0,0
-0.1062,0,0
-0.1058,0,0
-0.1054,0,0
-0.105,0,0
-0.1046,0,0
-0.1042,0,0
-0.1038,0,0
-0.1034,0,0
-0.103,0,0
-0.1026,0,0
-0.1022,0,0
-0.1018,0,0
-0.1014,0,0
-0.101,0,0
-0.1006,0,0
-0.1002,0,0
-0.0998,0,0
-0.0994,0,0
-0.099,0,0
-0.0986,0,0
-0.0982,0,0
-0.0978,0,0
-0.0974,0,0
-0.097,0,0
-0.0966,0,0
-0.0962,0,0
-0.0958,0.00642727,0.00643962
-0.0954,0,0
-0.095,0,0
-0.0946,0,0
-0.0942,0.00599866,0.00600941
-0.0938,0,0
-0.0934,0,0
-0.093,0,0
-0.0926,0,0
-0.0922,0,0
-0.0918,0,0
-0.0914,0,0
-0.091,0,0
-0.0906,0,0
-0.0902,0,0
-0.0898,0,0
-0.0894,0,0
-0.089,0,0
-0.0886,0,0
-0.0882,0.00612629,0.00613746
-0.0878,0,0
-0.0874,0,0
-0.087,0.00605614,0.00623494
-0.0866,0,0
-0.0862,0,0
-0.0858,0,0
-0.0854,0,0
-0.085,0.0064173,0.00642953
-0.0846,0,0
-0.0842,0,0
-0.0838,0,0
-0.0834,0,0
-0.083,0,0
-0.0826,0,0
-0.0822,0,0
-0.0818,0,0
-0.0814,0,0
-0.081,0,0
-0.0806,0,0
-0.0802,0,0
-0.0798,0,0
-0.0794,0,0
-0.079,0.0065508,0.0065635
-0.0786,0,0
-0.0782,0,0
-0.0778,0,0
-0.0774,0,0
-0.077,0.00728653,0.00730223
-0.0766,0,0
-0.0762,0,0
-0.0758,0,0
-0.0754,0,0
-0.075,0,0
-0.0746,0,0
-0.0742,0,0
-0.0738,0,0
-0.0734,0,0
-0.073,0,0
-0.0726,0,0
-0.0722,0,0
-0.0718,0.00659431,0.00660713
-0.0714,0,0
-0.071,0,0
-0.0706,0,0
-0.0702,0,0
-0.0698,0,0
-0.0694,0,0
-0.069,0,0
-0.0686,0.000362762,0.00158267
-0.0682,0,0
-0.0678,0.00613592,0.00614701
-0.0674,0.00661776,0.00663065
-0.067,0,0
-0.0666,0,0
-0.0662,0,0
-0.0658,0,0
-0.0654,0,0
-0.065,0.00614143,0.00615252
-0.0646,0,0
-0.0642,0,0
-0.0638,0.00654892,0.00656152
-0.0634,0.00640419,0.00641624
-0.063,0,0
-0.0626,0,0
-0.0622,0.00610628,0.00611723
-0.0618,0.00599852,0.00600908
-0.0614,0.00578177,0.00579158
-0.061,0.00621884,0.00623019
-0.0606,0,0
-0.0602,0,0
-0.0598,0,0
-0.0594,0.00641844,0.00643052
-0.059,0,0
-0.0586,0.00487871,0.00587265
-0.0582,0,0
-0.0578,0,0
-0.0574,0,0
-0.057,0,0
-0.0566,0,0
-0.0562,0.00279886,0.00418142
-0.0558,0,0
-0.0554,0,0
-0.055,0,0
-0.0546,0,0
-0.0542,0,0
-0.0538,0,0
-0.0534,0,0
-0.053,0,0
-0.0526,0,0
-0.0522,0,0
-0.0518,0,0
-0.0514,0,0
-0.051,0.0060124,0.00602297
-0.0506,0.00160347,0.00314523
-0.0502,0,0
-0.0498,0,0
-0.0494,0,0
-0.049,0,0
-0.0486,0,0
-0.0482,0,0
-0.0478,0,0
-0.0474,0,0
-0.047,0,0
-0.0466,0,0
-0.0462,0,0
-0.0458,0,0
-0.0454,0,0
-0.045,0,0
-0.0446,0,0
-0.0442,0.0064957,0.006508
-0.0438,0.00649669,0.00650899
-0.0434,0,0
-0.043,0,0
-0.0426,0,0
-0.0422,0.0060552,0.00606588
-0.0418,0.00670195,0.00662133
-0.0414,0.0130355,0.00923501
-0.041,0,0
-0.0406,0,0
-0.0402,0,0
-0.0398,0,0
-0.0394,0,0
-0.039,0,0
-0.0386,0,0
-0.0382,0.00682365,0.00683719
-0.0378,0,0
-0.0374,0,0
-0.037,0,0
-0.0366,0,0
-0.0362,0,0
-0.0358,0,0
-0.0354,0,0
-0.035,0,0
-0.0346,0.00670221,0.00671526
-0.0342,0,0
-0.0338,0.00627102,0.00628244
-0.0334,0.00607752,0.00608825
-0.033,0,0
-0.0326,0,0
-0.0322,0,0
-0.0318,0,0
-0.0314,0,0
-0.031,0,0
-0.0306,0,0
-0.0302,0,0
-0.0298,0,0
-0.0294,0,0
-0.029,0,0
-0.0286,0,0
-0.0282,0,0
-0.0278,0.00663836,0.00665114
-0.0274,0,0
-0.027,0,0
-0.0266,0,0
-0.0262,0,0
-0.0258,0,0
-0.0254,0,0
-0.025,0.0065951,0.00660771
-0.0246,0,0
-0.0242,0,0
-0.0238,0,0
-0.0234,0.00622735,0.00623859
-0.023,0,0
-0.0226,0,0
-0.0222,0,0
-0.0218,0,0
-0.0214,0,0
-0.021,0,0
-0.0206,0,0
-0.0202,0.00620999,0.00622116
-0.0198,0,0
-0.0194,0,0
-0.019,0,0
-0.0186,0.00613314,0.00614403
-0.0182,0,0
-0.0178,0.00619327,0.00629162
-0.0174,0,0
-0.017,0.0062723,0.00628369
-0.0166,0,0
-0.0162,0,0
-0.0158,0,0
-0.0154,0,0
-0.015,0,0
-0.0146,0,0
-0.0142,0.00609046,0.00610119
-0.0138,0,0
-0.0134,0,0
-0.013,0,0
-0.0126,0,0
-0.0122,0,0
-0.0118,0,0
-0.0114,0,0
-0.011,0,0
-0.0106,0.00665537,0.00666817
-0.0102,0.00696598,0.00698
-0.0098,0.00696675,0.00698078
-0.0094,0,0
-0.009,0.00627815,0.00628954
-0.0086,0.00606125,0.00607187
-0.0082,0,0
-0.0078,0.0063891,0.00640089
-0.0074,0,0
-0.007,0.0123757,0.00876661
-0.0066,0.00647073,0.00648282
-0.0062,0,0
-0.0058,0.0130483,0.00924563
-0.0054,0.00684968,0.00686322
-0.005,0,0
-0.0046,0,0
-0.0042,0.00620837,0.00621949
-0.0038,0.0317367,0.0142202
-0.0034,0.0646907,0.020496
-0.003,0.0446014,0.0168894
-0.0026,0.0995208,0.0249202
-0.0022,0.146272,0.0299222
-0.0018,0.305914,0.0445137
-0.0014,0.601903,0.0615569
-0.001,0.732989,0.0648875
-0.0006,1.19019,0.0878754
-0.0002,1.12692,0.0844993
0.0002,1.18553,0.090102
0.0006,0.795788,0.0733986
0.001,0.620443,0.0620061
0.0014,0.401943,0.050194
0.0018,0.190406,0.0348736
0.0022,0.100854,0.0253004
0.0026,0.0372083,0.0156234
0.003,0.0248686,0.0124567
0.0034,0.0243701,0.0122074
0.0038,0.0132155,0.0093794
0.0042,0.0140042,0.00992251
0.0046,0,0
0.005,0.0116831,0.00850251
0.0054,0,0
0.0058,0,0
0.0062,0.00687009,0.0068837
0.0066,0,0
0.007,0,0
0.0074,0,0
0.0078,0,0
0.0082,0,0
0.0086,0.0067905,0.00680381
0.009,0,0
0.0094,0,0
0.0098,0,0
0.0102,0.0064857,0.00649783
0.0106,0,0
0.011,0,0
0.0114,0,0
0.0118,0.0127137,0.00900644
0.0122,0.00562828,0.00563743
0.0126,0,0
0.013,0,0
0.0134,0.00630994,0.00632143
0.0138,0.0057309,0.00574038
0.0142,0.00573081,0.00574029
0.0146,0,0
0.015,0,0
0.0154,0,0
0.0158,0.00673349,0.00674657
0.0162,0.00623776,0.00624899
0.0166,0,0
0.017,0,0
0.0174,0,0
0.0178,0,0
0.0182,0,0
0.0186,0,0
0.019,0,0
0.0194,0,0
0.0198,0,0
0.0202,0.00666708,0.00667991
0.0206,0,0
0.021,0.00701693,0.00703114
0.0214,0.00701688,0.00703109
0.0218,0,0
0.0222,0,0
0.0226,0,0
0.023,0,0
0.0234,0,0
0.0238,0,0
0.0242,0,0
0.0246,0.00659952,0.00661209
0.025,0,0
0.0254,0,0
0.0258,0,0
0.0262,0,0
0.0266,0.00657814,0.00659063
0.027,0,0
0.0274,0.00653357,0.00654588
0.0278,0,0
0.0282,0,0
0.0286,0,0
0.029,0.00628962,0.00630103
0.0294,0.00621409,0.00622523
0.0298,0,0
0.0302,0,0
0.0306,0,0
0.031,0,0
0.0314,0,0
0.0318,0,0
0.0322,0,0
0.0326,0,0
0.033,0.0127607,0.0090398
0.0334,0,0
0.0338,0,0
0.0342,0,0
0.0346,0,0
0.035,0,0
0.0354,0,0
0.0358,0,0
0.0362,0,0
0.0366,0,0
0.037,0,0
0.0374,0,0
0.0378,0,0
0.0382,0,0
0.0386,0,0
0.039,0,0
0.0394,0,0
0.0398,0,0
0.0402,0,0
0.0406,0,0
0.041,0,0
0.0414,0,0
0.0418,0,0
0.0422,0,0
0.0426,0,0
0.043,0,0
0.0434,0.0061956,0.00620666
0.0438,0,0
0.0442,0,0
0.0446,0,0
0.045,0,0
0.0454,0,0
0.0458,0,0
0.0462,0,0
0.0466,0,0
0.047,0,0
0.0474,0,0
0.0478,0,0
0.0482,0,0
0.0486,0,0
0.049,0,0
0.0494,0,0
0.0498,0,0
0.0502,0,0
0.0506,0,0
0.051,0,0
0.0514,0.00642453,0.00643641
0.0518,0,0
0.0522,0,0
0.0526,0.00607317,0.00608377
0.053,0,0
0.0534,0,0
0.0538,0,0
0.0542,0,0
0.0546,0,0
0.055,0,0
0.0554,0,0
0.0558,0,0
0.0562,0,0
0.0566,0,0
0.057,0,0
0.0574,0,0
0.0578,0,0
0.0582,0,0
0.0586,0,0
0.059,0,0
0.0594,0,0
0.0598,0,0
0.0602,0,0
0.0606,0,0
0.061,0,0
0.0614,0,0
0.0618,0,0
0.0622,0,0
0.0626,0,0
0.063,0,0
0.0634,0,0
0.0638,0,0
0.0642,0,0
0.0646,0,0
0.065,0,0
0.0654,0,0
0.0658,0,0
0.0662,0,0
0.0666,0,0
0.067,0,0
0.0674,0,0
0.0678,0,0
0.0682,0,0
0.0686,0,0
0.069,0,0
0.0694,0,0
0.0698,0,0
0.0702,0,0
0.0706,0,0
0.071,0,0
0.0714,0,0
0.0718,0.00623095,0.00624207
0.0722,0,0
0.0726,0,0
0.073,0,0
0.0734,0.00629746,0.00630881
0.0738,0,0
0.0742,0,0
0.0746,0,0
0.075,0,0
0.0754,0.00660401,0.00661648
0.0758,0,0
0.0762,0,0
0.0766,0,0
0.077,0,0
0.0774,0,0
0.0778,0,0
0.0782,0,0
0.0786,0.00653114,0.00654332
0.079,0.00631016,0.00632153
0.0794,0.00656655,0.00657886
0.0798,0,0
0.0802,0,0
0.0806,0,0
0.081,0,0
0.0814,0,0
0.0818,0,0
0.0822,0,0
0.0826,0,0
0.083,0,0
0.0834,0,0
0.0838,0.00622906,0.00624013
0.0842,0,0
0.0846,0,0
0.085,0,0
0.0854,0,0
0.0858,0,0
0.0862,0,0
0.0866,0,0
0.087,0,0
0.0874,0,0
0.0878,0,0
0.0882,0,0
0.0886,0,0
0.089,0,0
0.0894,0,0
0.0898,0,0
0.0902,0,0
0.0906,0,0
0.091,0,0
0.0914,0,0
0.0918,0,0
0.0922,0.00644989,0.00646171
0.0926,0,0
0.093,0,0
0.0934,0,0
0.0938,0,0
0.0942,0,0
0.0946,0,0
0.095,0,0
0.0954,0,0
0.0958,0,0
0.0962,0,0
0.0966,0,0
0.097,0,0
0.0974,0,0
0.0978,0,0
0.0982,0.00642852,0.00644211
0.0986,0,0
0.099,0,0
0.0994,0.00725406,0.00726897
0.0998,0,0
0.1002,0,0
0.1006,0.00687417,0.00688755
0.101,0,0
0.1014,0,0
0.1018,0,0
0.1022,0.00741419,0.00742974
0.1026,0,0
0.103,0,0
0.1034,0,0
0.1038,0,0
0.1042,0,0
0.1046,0,0
0.105,0,0
0.1054,0,0
0.1058,0,0
0.1062,0.00762497,0.00764139
0.1066,0,0
0.107,0,0
0.1074,0,0
0.1078,0,0
0.1082,0,0
0.1086,0,0
0.109,0.00791268,0.00840316
0.1094,0,0
0.1098,0,0
0.1102,0,0
0.1106,0,0
0.111,0,0
0.1114,0.00930158,0.00932593
0.1118,0,0
0.1122,0,0
0.1126,0,0
0.113,0,0
0.1134,0,0
0.1138,0,0
0.1142,0,0
0.1146,0.00942524,0.00945021
0.115,0,0
0.1154,0,0
0.1158,0,0
0.1162,0.00853905,0.00878241
0.1166,0,0
0.117,0,0
0.1174,0,0
0.1178,0,0
0.1182,0,0
0.1186,0,0
0.119,0,0
0.1194,0,0
0.1198,0,0
6
-0.1198,0,0
-0.1194,0,0
-0.119,0,0
-0.1186,0,0
-0.1182,0,0
-0.1178,0,0
-0.1174,0,0
-0.117,0,0
-0.1166,0,0
-0.1162,0,0
-0.1158,0,0
-0.1154,0,0
-0.115,0,0
-0.1146,0,0
-0.1142,0,0
-0.1138,0,0
-0.1134,0,0
-0.113,0.00558421,0.00559481
-0.1126,0,0
-0.1122,0,0
-0.1118,0,0
-0.1114,0,0
-0.111,0,0
-0.1106,0,0
-0.1102,0,0
-0.1098,0,0
-0.1094,0,0
-0.109,0,0
-0.1086,0,0
-0.1082,0,0
-0.1078,0,0
-0.1074,0,0
-0.107,0,0
-0.1066,0,0
-0.1062,0,0
-0.1058,0,0
-0.1054,0,0
-0.105,0,0
-0.1046,0,0
-0.1042,0,0
-0.1038,0,0
-0.1034,0.00522708,0.00523629
-0.103,0,0
-0.1026,0,0
-0.1022,0,0
-0.1018,0,0
-0.1014,0,0
-0.101,0,0
-0.1006,0,0
-0.1002,0,0
-0.0998,0,0
-0.0994,0,0
-0.099,0,0
-0.0986,0,0
-0.0982,0,0
-0.0978,0,0
-0.0974,0,0
-0.097,0,0
-0.0966,0,0
-0.0962,0,0
-0.0958,0,0
-0.0954,0,0
-0.095,0,0
-0.0946,0,0
-0.0942,0,0
-0.0938,0,0
-0.0934,0,0
-0.093,0,0
-0.0926,0,0
-0.0922,0,0
-0.0918,0,0
-0.0914,0,0
-0.091,0,0
-0.0906,0,0
-0.0902,0,0
-0.0898,0.00491856,0.00492662
-0.0894,0,0
-0.089,0,0
-0.0886,0,0
-0.0882,0,0
-0.0878,0,0
-0.0874,0,0
-0.087,0,0
-0.0866,0,0
-0.0862,0,0
-0.0858,0,0
-0.0854,0,0
-0.085,0,0
-0.0846,0,0
-0.0842,0,0
-0.0838,0,0
-0.0834,0,0
-0.083,0,0
-0.0826,0,0
-0.0822,0,0
-0.0818,0,0
-0.0814,0,0
-0.081,0,0
-0.0806,0,0
-0.0802,0,0
-0.0798,0,0
-0.0794,0,0
-0.079,0,0
-0.0786,0,0
-0.0782,0,0
-0.0778,0,0
-0.0774,0,0
-0.077,0,0
-0.0766,0,0
-0.0762,0,0
-0.0758,0,0
-0.0754,0,0
-0.075,0,0
-0.0746,0,0
-0.0742,0,0
-0.0738,0.00511129,0.00512013
-0.0734,0,0
-0.073,0,0
-0.0726,0,0
-0.0722,0,0
-0.0718,0,0
-0.0714,0,0
-0.071,0,0
-0.0706,0,0
-0.0702,0,0
-0.0698,0,0
-0.0694,0,0
-0.069,0,0
-0.0686,0.00564004,0.00580668
-0.0682,0,0
-0.0678,0,0
-0.0674,0,0
-0.067,0,0
-0.0666,0,0
-0.0662,0,0
-0.0658,0,0
-0.0654,0,0
-0.065,0.00526621,0.00527568
-0.0646,0,0
-0.0642,0,0
-0.0638,0,0
-0.0634,0,0
-0.063,0,0
-0.0626,0,0
-0.0622,0,0
-0.0618,0,0
-0.0614,0,0
-0.061,0,0
-0.0606,0,0
-0.0602,0,0
-0.0598,0,0
-0.0594,0,0
-0.059,0,0
-0.0586,0,0
-0.0582,0,0
-0.0578,0,0
-0.0574,0,0
-0.057,0.00548272,0.00549305
-0.0566,0,0
-0.0562,0.00291825,0.00394096
-0.0558,0,0
-0.0554,0,0
-0.055,0,0
-0.0546,0,0
-0.0542,0,0
-0.0538,0.00523618,0.00524562
-0.0534,0,0
-0.053,0,0
-0.0526,0,0
-0.0522,0,0
-0.0518,0,0
-0.0514,0,0
-0.051,0,0
-0.0506,0.00384617,0.00448165
-0.0502,0.0113763,0.00806062
-0.0498,0,0
-0.0494,0,0
-0.049,0,0
-0.0486,0,0
-0.0482,0,0
-0.0478,0,0
-0.0474,0,0
-0.047,0,0
-0.0466,0,0
-0.0462,0,0
-0.0458,0,0
-0.0454,0,0
-0.045,0,0
-0.0446,0,0
-0.0442,0,0
-0.0438,0,0
-0.0434,0,0
-0.043,0,0
-0.0426,0,0
-0.0422,0,0
-0.0418,0.00531005,0.0053973
-0.0414,0,0
-0.041,0.00546524,0.00547561
-0.0406,0,0
-0.0402,0,0
-0.0398,0,0
-0.0394,0,0
-0.039,0,0
-0.0386,0,0
-0.0382,0,0
-0.0378,0.00609931,0.00611225
-0.0374,0,0
-0.037,0,0
-0.0366,0,0
-0.0362,0.0056028,0.00561374
-0.0358,0,0
-0.0354,0,0
-0.035,0,0
-0.0346,0,0
-0.0342,0,0
-0.0338,0,0
-0.0334,0,0
-0.033,0,0
-0.0326,0,0
-0.0322,0,0
-0.0318,0,0
-0.0314,0,0
-0.031,0,0
-0.0306,0,0
-0.0302,0,0
-0.0298,0,0
-0.0294,0,0
-0.029,0,0
-0.0286,0,0
-0.0282,0,0
-0.0278,0,0
-0.0274,0,0
-0.027,0,0
-0.0266,0,0
-0.0262,0,0
-0.0258,0,0
-0.0254,0,0
-0.025,0,0
-0.0246,0,0
-0.0242,0,0
-0.0238,0,0
-0.0234,0,0
-0.023,0,0
-0.0226,0,0
-0.0222,0.00551715,0.00552783
-0.0218,0,0
-0.0214,0,0
-0.021,0.0104983,0.00743712
-0.0206,0,0
-0.0202,0,0
-0.0198,0,0
-0.0194,0,0
-0.019,0,0
-0.0186,0,0
-0.0182,0,0
-0.0178,0.00524093,0.00525059
-0.0174,0,0
-0.017,0.00514611,0.00515542
-0.0166,0.00515895,0.00516832
-0.0162,0,0
-0.0158,0,0
-0.0154,0,0
-0.015,0,0
-0.0146,0.00526517,0.00527492
-0.0142,0,0
-0.0138,0,0
-0.0134,0.00482911,0.00483733
-0.013,0,0
-0.0126,0,0
-0.0122,0,0
-0.0118,0,0
-0.0114,0,0
-0.011,0.00519732,0.00520684
-0.0106,0,0
-0.0102,0,0
-0.0098,0.00520138,0.00521091
-0.0094,0,0
-0.009,0,0
-0.0086,0,0
-0.0082,0.00974929,0.00690566
-0.0078,0.00522945,0.0052391
-0.0074,0.00491714,0.00492567
-0.007,0,0
-0.0066,0,0
-0.0062,0,0
-0.0058,0.00523248,0.00524214
-0.0054,0,0
-0.005,0,0
-0.0046,0,0
-0.0042,0,0
-0.0038,0.0053093,0.00531926
-0.0034,0.0264212,0.0118383
-0.003,0.0415983,0.0147348
-0.0026,0.0556788,0.0168249
-0.0022,0.0650429,0.0180791
-0.0018,0.137395,0.0270069
-0.0014,0.231184,0.0342268
-0.001,0.252178,0.0343803
-0.0006,0.371303,0.0444959
-0.0002,0.412403,0.0462297
0.0002,0.47969,0.0518524
0.0006,0.411838,0.0477001
0.001,0.320265,0.0401258
0.0014,0.203789,0.0322758
0.0018,0.176382,0.0302568
0.0022,0.151054,0.0281603
0.0026,0.0439695,0.0156027
0.003,0.0304575,0.0124567
0.0034,0.0148139,0.00856775
0.0038,0.0165004,0.0095597
0.0042,0,0
0.0046,0.0169443,0.00980237
0.005,0.0055631,0.00530118
0.0054,0.0102194,0.00723951
0.0058,0,0
0.0062,0,0
0.0066,0,0
0.007,0,0
0.0074,0,0
0.0078,0,0
0.0082,0.005062,0.00507104
0.0086,0,0
0.009,0,0
0.0094,0,0
0.0098,0.00496046,0.00496914
0.0102,0.00566824,0.00567957
0.0106,0.010522,0.00745401
0.011,0,0
0.0114,0,0
0.0118,0,0
0.0122,0,0
0.0126,0,0
0.013,0,0
0.0134,0,0
0.0138,0,0
0.0142,0.00470318,0.00471096
0.0146,0.00534168,0.00535171
0.015,0,0
0.0154,0,0
0.0158,0,0
0.0162,0,0
0.0166,0,0
0.017,0,0
0.0174,0,0
0.0178,0,0
0.0182,0,0
0.0186,0,0
0.019,0.00501695,0.00502574
0.0194,0,0
0.0198,0,0
0.0202,0,0
0.0206,0,0
0.021,0,0
0.0214,0,0
0.0218,0,0
0.0222,0,0
0.0226,0,0
0.023,0,0
0.0234,0,0
0.0238,0,0
0.0242,0,0
0.0246,0,0
0.025,0,0
0.0254,0,0
0.0258,0,0
0.0262,0,0
0.0266,0,0
0.027,0,0
0.0274,0,0
0.0278,0,0
0.0282,0,0
0.0286,0,0
0.029,0,0
0.0294,0,0
0.0298,0,0
0.0302,0,0
0.0306,0,0
0.031,0,0
0.0314,0,0
0.0318,0.00570865,0.00571979
0.0322,0,0
0.0326,0,0
0.033,0,0
0.0334,0.0115095,0.00815439
0.0338,0,0
0.0342,0,0
0.0346,0,0
0.035,0,0
0.0354,0,0
0.0358,0,0
0.0362,0,0
0.0366,0,0
0.037,0,0
0.0374,0,0
0.0378,0,0
0.0382,0,0
0.0386,0,0
0.039,0,0
0.0394,0,0
0.0398,0,0
0.0402,0,0
0.0406,0,0
0.041,0,0
0.0414,0,0
0.0418,0,0
0.0422,0,0
0.0426,0,0
0.043,0,0
0.0434,0,0
0.0438,0,0
0.0442,0,0
0.0446,0,0
0.045,0,0
0.0454,0,0
0.0458,0.00531049,0.00531991
0.0462,0,0
0.0466,0,0
0.047,0,0
0.0474,0,0
0.0478,0,0
0.0482,0.0055924,0.00560281
0.0486,0,0
0.049,0,0
0.0494,0,0
0.0498,0,0
0.0502,0,0
0.0506,0,0
0.051,0,0
0.0514,0,0
0.0518,0,0
0.0522,0,0
0.0526,0,0
0.053,0,0
0.0534,0,0
0.0538,0,0
0.0542,0,0
0.0546,0,0
0.055,0,0
0.0554,0.00554964,0.00555977
0.0558,0,0
0.0562,0,0
0.0566,0,0
0.057,0,0
0.0574,0.00500357,0.00501178
0.0578,0,0
0.0582,0,0
0.0586,0,0
0.059,0,0
0.0594,0,0
0.0598,0,0
0.0602,0.00572739,0.0057381
0.0606,0,0
0.061,0,0
0.0614,0,0
0.0618,0,0
0.0622,0,0
0.0626,0,0
0.063,0,0
0.0634,0,0
0.0638,0,0
0.0642,0,0
0.0646,0,0
0.065,0,0
0.0654,0,0
0.0658,0,0
0.0662,0.00556202,0.00557203
0.0666,0,0
0.067,0,0
0.0674,0,0
0.0678,0.00523535,0.0052442
0.0682,0,0
0.0686,0,0
0.069,0,0
0.0694,0,0
0.0698,0.00561974,0.0056299
0.0702,0,0
0.0706,0.00237919,0.0035799
0.071,0,0
0.0714,0,0
0.0718,0,0
0.0722,0,0
0.0726,0,0
0.073,0,0
0.0734,0,0
0.0738,0,0
0.0742,0.00217215,0.00347345
0.0746,0,0
0.075,0,0
0.0754,0,0
0.0758,0,0
0.0762,0,0
0.0766,0,0
0.077,0,0
0.0774,0,0
0.0778,0,0
0.0782,0,0
0.0786,0,0
0.079,0,0
0.0794,0,0
0.0798,0,0
0.0802,0,0
0.0806,0,0
0.081,0.00546486,0.00547432
0.0814,0,0
0.0818,0,0
0.0822,0,0
0.0826,0,0
0.083,0.00157012,0.00318957
0.0834,0,0
0.0838,0,0
0.0842,0,0
0.0846,0,0
0.085,0,0
0.0854,0,0
0.0858,0,0
0.0862,0,0
0.0866,0,0
0.087,0,0
0.0874,0,0
0.0878,0.0057159,0.00572615
0.0882,0,0
0.0886,0,0
0.089,0,0
0.0894,0.00601706,0.00602839
0.0898,0,0
0.0902,0,0
0.0906,0,0
0.091,0,0
0.0914,0,0
0.0918,0,0
0.0922,0,0
0.0926,0,0
0.093,0,0
0.0934,0,0
0.0938,0,0
0.0942,0,0
0.0946,0,0
0.095,0,0
0.0954,0,0
0.0958,0,0
0.0962,0,0
0.0966,0,0
0.097,0,0
0.0974,0,0
0.0978,0,0
0.0982,0,0
0.0986,0,0
0.099,0,0
0.0994,0,0
0.0998,0,0
0.1002,0,0
0.1006,0,0
0.101,0,0
0.1014,0,0
0.1018,0,0
0.1022,0.00681573,0.00683002
0.1026,0,0
0.103,0,0
0.1034,0.000203749,0.00112617
0.1038,0,0
0.1042,0,0
0.1046,0,0
0.105,0,0
0.1054,0,0
0.1058,0,0
0.1062,0,0
0.1066,0,0
0.107,0,0
0.1074,0,0
0.1078,0,0
0.1082,0,0
0.1086,0,0
0.109,0.016229,0.011226
0.1094,0,0
0.1098,0.0084103,0.00843195
0.1102,0,0
0.1106,0,0
0.111,0,0
0.1114,0,0
0.1118,0,0
0.1122,0,0
0.1126,0,0
0.113,0,0
0.1134,0,0
0.1138,0,0
0.1142,0,0
0.1146,0,0
0.115,0,0
0.1154,0,0
0.1158,0,0
0.1162,0.000410276,0.00184181
0.1166,0,0
0.117,0,0
0.1174,0,0
0.1178,0,0
0.1182,0,0
0.1186,0,0
0.119,0,0
0.1194,0,0
0.1198,0,0
7
-0.1198,0,0
-0.1194,0,0
-0.119,0,0
-0.1186,0,0
-0.1182,0,0
-0.1178,0,0
-0.1174,0,0
-0.117,0,0
-0.1166,0,0
-0.1162,0,0
-0.1158,0,0
-0.1154,0,0
-0.115,0,0
-0.1146,0,0
-0.1142,0,0
-0.1138,0,0
-0.1134,0.00520041,0.00520979
-0.113,0.00519865,0.00520804
-0.1126,0,0
-0.1122,0,0
-0.1118,0,0
-0.1114,0,0
-0.111,0,0
-0.1106,0,0
-0.1102,0,0
-0.1098,0,0
-0.1094,0,0
-0.109,0,0
-0.1086,0,0
-0.1082,0,0
-0.1078,0,0
-0.1074,0,0
-0.107,0,0
-0.1066,0,0
-0.1062,0.00511533,0.00512446
-0.1058,0,0
-0.1054,0,0
-0.105,0,0
-0.1046,0,0
-0.1042,0,0
-0.1038,0,0
-0.1034,0,0
-0.103,0,0
-0.1026,0,0
-0.1022,0,0
-0.1018,0,0
-0.1014,0,0
-0.101,0,0
-0.1006,0,0
-0.1002,0,0
-0.0998,0,0
-0.0994,0,0
-0.099,0,0
-0.0986,0,0
-0.0982,0,0
-0.0978,0,0
-0.0974,0,0
-0.097,0.0013427,0.00270376
-0.0966,0.00549917,0.00550982
-0.0962,0,0
-0.0958,0,0
-0.0954,0,0
-0.095,0,0
-0.0946,0,0
-0.0942,0,0
-0.0938,0,0
-0.0934,0,0
-0.093,0,0
-0.0926,0.0108442,0.00768273
-0.0922,0,0
-0.0918,0,0
-0.0914,0,0
-0.091,0,0
-0.0906,0,0
-0.0902,0,0
-0.0898,0.00462375,0.00463133
-0.0894,0,0
-0.089,0,0
-0.0886,0,0
-0.0882,0.0102837,0.00728492
-0.0878,0,0
-0.0874,0,0
-0.087,0,0
-0.0866,0,0
-0.0862,0.00548761,0.00549828
-0.0858,0.00570665,0.00571819
-0.0854,0.0055041,0.00551483
-0.085,0,0
-0.0846,0,0
-0.0842,0,0
-0.0838,0,0
-0.0834,0.00583796,0.00585002
-0.083,0,0
-0.0826,0,0
-0.0822,0.00565727,0.00566859
-0.0818,0.00582011,0.00583209
-0.0814,0,0
-0.081,0,0
-0.0806,0,0
-0.0802,0,0
-0.0798,0,0
-0.0794,0,0
-0.079,0,0
-0.0786,0,0
-0.0782,0,0
-0.0778,0,0
-0.0774,0,0
-0.077,0,0
-0.0766,0.00583538,0.00584739
-0.0762,0,0
-0.0758,0,0
-0.0754,0,0
-0.075,0.00564088,0.00565209
-0.0746,0.0112336,0.00797449
-0.0742,0,0
-0.0738,0,0
-0.0734,0,0
-0.073,0,0
-0.0726,0,0
-0.0722,0,0
-0.0718,0,0
-0.0714,0,0
-0.071,0,0
-0.0706,0,0
-0.0702,0,0
-0.0698,0,0
-0.0694,0,0
-0.069,0,0
-0.0686,0,0
-0.0682,0,0
-0.0678,0,0
-0.0674,0.00556454,0.00557537
-0.067,0,0
-0.0666,0,0
-0.0662,0,0
-0.0658,0,0
-0.0654,0,0
-0.065,0,0
-0.0646,0,0
-0.0642,0,0
-0.0638,0.00551804,0.00552866
-0.0634,0,0
-0.063,0,0
-0.0626,0,0
-0.0622,0,0
-0.0618,0,0
-0.0614,0,0
-0.061,0,0
-0.0606,0,0
-0.0602,0,0
-0.0598,0,0
-0.0594,0,0
-0.059,0.00541777,0.00542795
-0.0586,0,0
-0.0582,0,0
-0.0578,0,0
-0.0574,0,0
-0.057,0,0
-0.0566,0.00539382,0.00540388
-0.0562,0,0
-0.0558,0,0
-0.0554,0,0
-0.055,0.00523614,0.0052456
-0.0546,0,0
-0.0542,0,0
-0.0538,0,0
-0.0534,0.00520846,0.0052178
-0.053,0,0
-0.0526,0,0
-0.0522,0,0
-0.0518,0,0
-0.0514,0.00536806,0.00537796
-0.051,0,0
-0.0506,0,0
-0.0502,0,0
-0.0498,0,0
-0.0494,0,0
-0.049,0,0
-0.0486,0,0
-0.0482,0.00560466,0.0056154
-0.0478,0,0
-0.0474,0.00532399,0.00533367
-0.047,0,0
-0.0466,0,0
-0.0462,0,0
-0.0458,0,0
-0.0454,0,0
-0.045,0,0
-0.0446,0,0
-0.0442,0,0
-0.0438,0,0
-0.0434,0,0
-0.043,0,0
-0.0426,0.0057196,0.00573068
-0.0422,0,0
-0.0418,0,0
-0.0414,0.0111563,0.00790376
-0.041,0,0
-0.0406,0,0
-0.0402,0,0
-0.0398,0,0
-0.0394,0,0
-0.039,0,0
-0.0386,0,0
-0.0382,0,0
-0.0378,0,0
-0.0374,0,0
-0.037,0.00560368,0.00561422
-0.0366,0,0
-0.0362,0,0
-0.0358,0,0
-0.0354,0,0
-0.035,0,0
-0.0346,0,0
-0.0342,0,0
-0.0338,0,0
-0.0334,0,0
-0.033,0.00591757,0.00592925
-0.0326,0,0
-0.0322,0.00544622,0.0054561
-0.0318,0,0
-0.0314,0,0
-0.031,0,0
-0.0306,0.00602212,0.00603416
-0.0302,0,0
-0.0298,0.00591874,0.00593035
-0.0294,0.0055183,0.00552839
-0.029,0,0
-0.0286,0.00570389,0.00571465
-0.0282,0,0
-0.0278,0,0
-0.0274,0,0
-0.027,0,0
-0.0266,0,0
-0.0262,0,0
-0.0258,0.00566666,0.00567722
-0.0254,0,0
-0.025,0,0
-0.0246,0,0
-0.0242,0,0
-0.0238,0,0
-0.0234,0,0
-0.023,0,0
-0.0226,0.00506523,0.00507361
-0.0222,0,0
-0.0218,0.00609023,0.00610233
-0.0214,0.00559225,0.00560245
-0.021,0,0
-0.0206,0,0
-0.0202,0.0110001,0.00779228
-0.0198,0,0
-0.0194,0,0
-0.019,0,0
-0.0186,0.00547755,0.00548728
-0.0182,0,0
-0.0178,0.00569546,0.00570596
-0.0174,0.00541175,0.00542122
-0.017,0.00560398,0.00561412
-0.0166,0,0
-0.0162,0,0
-0.0158,0.00561006,0.0056202
-0.0154,0,0
-0.015,0,0
-0.0146,0,0
-0.0142,0,0
-0.0138,0,0
-0.0134,0.00530462,0.00531365
-0.013,0,0
-0.0126,0.00564144,0.00565163
-0.0122,0,0
-0.0118,0,0
-0.0114,0,0
-0.011,0.00329279,0.00435508
-0.0106,0,0
-0.0102,0,0
-0.0098,0,0
-0.0094,0,0
-0.009,0.00570091,0.00571125
-0.0086,0.0110145,0.0078021
-0.0082,0,0
-0.0078,0.00581176,0.00582248
-0.0074,0.0109381,0.00774781
-0.007,0.0117848,0.00834872
-0.0066,0.00908363,0.00751278
-0.0062,0,0
-0.0058,0,0
-0.0054,0,0
-0.005,0,0
-0.0046,0.0177749,0.0102887
-0.0042,0,0
-0.0038,0.00124102,0.0026813
-0.0034,0.0360514,0.0146151
-0.003,0.0465615,0.0164928
-0.0026,0.0796736,0.0213331
-0.0022,0.0500905,0.0167313
-0.0018,0.167194,0.0316039
-0.0014,0.22183,0.0357804
-0.001,0.452704,0.0489026
-0.0006,0.610513,0.0602742
-0.0002,0.704671,0.0641689
0.0002,0.756455,0.0690854
0.0006,0.704504,0.0661999
0.001,0.497822,0.0531071
0.0014,0.534137,0.0554386
0.0018,0.326351,0.0436964
0.0022,0.184233,0.0330218
0.0026,0.150018,0.030733
0.003,0.0592791,0.0184915
0.0034,0.0506532,0.0169154
0.0038,0.0252197,0.0124496
0.0042,0.0183321,0.010614
0.0046,0.0187439,0.01085
0.005,0.0154219,0.0096396
0.0054,0.00575717,0.00576748
0.0058,0.00584878,0.00585942
0.0062,0.0264175,0.0129264
0.0066,0.00637731,0.00638994
0.007,0,0
0.0074,0,0
0.0078,0,0
0.0082,0,0
0.0086,0.00631641,0.00632878
0.009,0,0
0.0094,0,0
0.0098,0.00564673,0.00565662
0.0102,0,0
0.0106,0,0
0.011,0,0
0.0114,0,0
0.0118,0.00592746,0.00593833
0.0122,0,0
0.0126,0,0
0.013,0.00579994,0.00581034
0.0134,0,0
0.0138,0,0
0.0142,0.00534871,0.00535756
0.0146,0,0
0.015,0,0
0.0154,0,0
0.0158,0.00628566,0.00629787
0.0162,0,0
0.0166,0.00591569,0.00592651
0.017,0.00573799,0.00574817
0.0174,0,0
0.0178,0.00580715,0.00581758
0.0182,0.0056843,0.0056943
0.0186,0.00012809,0.000876127
0.019,0.00596908,0.0059801
0.0194,0.00566241,0.00567234
0.0198,0.00610477,0.00611631
0.0202,0,0
0.0206,0.00585962,0.00587026
0.021,0,0
0.0214,0,0
0.0218,0,0
0.0222,0,0
0.0226,0,0
0.023,0,0
0.0234,0,0
0.0238,0,0
0.0242,0,0
0.0246,0,0
0.025,0,0
0.0254,0,0
0.0258,0,0
0.0262,0,0
0.0266,0,0
0.027,0,0
0.0274,0,0
0.0278,0,0
0.0282,0,0
0.0286,0,0
0.029,0,0
0.0294,0,0
0.0298,0,0
0.0302,0,0
0.0306,0.00562958,0.00563947
0.031,0,0
0.0314,0.00590075,0.00591162
0.0318,0,0
0.0322,0.00655585,0.00656928
0.0326,0.00567466,0.00568473
0.033,0.0176398,0.0102031
0.0334,0,0
0.0338,0,0
0.0342,0.00574409,0.00575443
0.0346,0,0
0.035,0,0
0.0354,0,0
0.0358,0,0
0.0362,0,0
0.0366,0,0
0.037,0,0
0.0374,0,0
0.0378,0.0054664,0.00547579
0.0382,0,0
0.0386,0,0
0.039,0,0
0.0394,0,0
0.0398,0.0112834,0.00801121
0.0402,0,0
0.0406,0,0
0.041,0.00563231,0.00564231
0.0414,0,0
0.0418,0,0
0.0422,0,0
0.0426,0,0
0.043,0,0
0.0434,0,0
0.0438,0,0
0.0442,0,0
0.0446,0,0
0.045,0,0
0.0454,0,0
0.0458,0,0
0.0462,0,0
0.0466,0,0
0.047,0,0
0.0474,0,0
0.0478,0,0
0.0482,0.00560991,0.00561991
0.0486,0,0
0.049,0.00570768,0.00571804
0.0494,0,0
0.0498,0,0
0.0502,0,0
0.0506,0,0
0.051,0,0
0.0514,0,0
0.0518,0,0
0.0522,0,0
0.0526,0.00592068,0.00593188
0.053,0,0
0.0534,0,0
0.0538,0,0
0.0542,0,0
0.0546,0,0
0.055,0,0
0.0554,0.00591772,0.00592894
0.0558,0,0
0.0562,0,0
0.0566,0,0
0.057,0,0
0.0574,0.00510747,0.00511586
0.0578,0,0
0.0582,0.00558013,0.00559015
0.0586,0.00554548,0.00555538
0.059,0,0
0.0594,0,0
0.0598,0,0
0.0602,0,0
0.0606,0,0
0.061,0,0
0.0614,0,0
0.0618,0,0
0.0622,0,0
0.0626,0.00533919,0.00534841
0.063,0.00578648,0.00579733
0.0634,0.00562372,0.00563396
0.0638,0,0
0.0642,0.00610565,0.00611773
0.0646,0,0
0.065,0,0
0.0654,0,0
0.0658,0.00602788,0.00603968
0.0662,0,0
0.0666,0,0
0.067,0,0
0.0674,0,0
0.0678,0,0
0.0682,0,0
0.0686,0.00518467,0.00519344
0.069,0.00557633,0.00558648
0.0694,0,0
0.0698,0.0059325,0.005944
0.0702,0,0
0.0706,0.00293757,0.0039436
0.071,0.00566716,0.00567767
0.0714,0,0
0.0718,0,0
0.0722,0,0
0.0726,0,0
0.073,0,0
0.0734,0,0
0.0738,0,0
0.0742,0.00327489,0.00420898
0.0746,0,0
0.075,0,0
0.0754,0,0
0.0758,0,0
0.0762,0.00562489,0.0056353
0.0766,0,0
0.077,0,0
0.0774,0,0
0.0778,0,0
0.0782,0,0
0.0786,0,0
0.079,0,0
0.0794,0,0
0.0798,0,0
0.0802,0,0
0.0806,0,0
0.081,0,0
0.0814,0,0
0.0818,0,0
0.0822,0,0
0.0826,0,0
0.083,0.00466443,0.0053731
0.0834,0,0
0.0838,0.00508834,0.00509691
0.0842,0,0
0.0846,0,0
0.085,0,0
0.0854,0,0
0.0858,0,0
0.0862,0,0
0.0866,0,0
0.087,0,0
0.0874,0,0
0.0878,0,0
0.0882,0,0
0.0886,0,0
0.089,0,0
0.0894,0,0
0.0898,0,0
0.0902,0,0
0.0906,0,0
0.091,0,0
0.0914,0,0
0.0918,0,0
0.0922,0,0
0.0926,0,0
0.093,0,0
0.0934,0,0
0.0938,0,0
0.0942,0,0
0.0946,0,0
0.095,0,0
0.0954,0,0
0.0958,0,0
0.0962,0.00549538,0.00550542
0.0966,0,0
0.097,0,0
0.0974,0.00558882,0.0055992
0.0978,0,0
0.0982,0,0
0.0986,0,0
0.099,0,0
0.0994,0,0
0.0998,0,0
0.1002,0.0056169,0.00562738
0.1006,0,0
0.101,0,0
0.1014,0,0
0.1018,0.00631234,0.00632557
0.1022,0,0
0.1026,0,0
0.103,0,0
0.1034,0.011289,0.0080643
0.1038,0,0
0.1042,0,0
0.1046,0,0
0.105,0,0
0.1054,0.00565417,0.00638083
0.1058,0,0
0.1062,0,0
0.1066,0,0
0.107,0.00667624,0.00669102
0.1074,0,0
0.1078,0,0
0.1082,0,0
0.1086,0,0
0.109,0.00663049,0.00664505
0.1094,0,0
0.1098,0,0
0.1102,0,0
0.1106,0.0129591,0.00958967
0.111,0,0
0.1114,0,0
0.1118,0,0
0.1122,0,0
0.1126,0,0
0.113,0,0
0.1134,0.00855522,0.00857931
0.1138,0,0
0.1142,0,0
0.1146,0,0
0.115,0,0
0.1154,0,0
0.1158,0,0
0.1162,0,0
0.1166,0.00805898,0.00808025
0.117,0,0
0.1174,0,0
0.1178,0,0
0.1182,0,0
0.1186,0,0
0.119,0,0
0.1194,0,0
0.1198,0,0
8
-0.1198,0,0
-0.1194,0,0
-0.119,0,0
-0.1186,0,0
-0.1182,0,0
-0.1178,0,0
-0.1174,0.00843157,0.005974
-0.117,0,0
-0.1166,0,0
-0.1162,0,0
-0.1158,0,0
-0.1154,0,0
-0.115,0,0
-0.1146,0,0
-0.1142,0.00835591,0.00592043
-0.1138,0,0
-0.1134,0,0
-0.113,0,0
-0.1126,0,0
-0.1122,0,0
-0.1118,0,0
-0.1114,0,0
-0.111,0.00894884,0.00640804
-0.1106,0,0
-0.1102,0,0
-0.1098,0,0
-0.1094,0,0
-0.109,0,0
-0.1086,0,0
-0.1082,0,0
-0.1078,0,0
-0.1074,0.00376454,0.00377121
-0.107,0,0
-0.1066,0,0
-0.1062,0,0
-0.1058,0,0
-0.1054,0,0
-0.105,0,0
-0.1046,0,0
-0.1042,0,0
-0.1038,0.00384851,0.00385544
-0.1034,0,0
-0.103,0,0
-0.1026,0,0
-0.1022,0,0
-0.1018,0,0
-0.1014,0,0
-0.101,0,0
-0.1006,0,0
-0.1002,0,0
-0.0998,0,0
-0.0994,0,0
-0.099,0,0
-0.0986,0,0
-0.0982,0,0
-0.0978,0,0
-0.0974,0.00427443,0.0042829
-0.097,0.00309911,0.00357955
-0.0966,0,0
-0.0962,0,0
-0.0958,0,0
-0.0954,0,0
-0.095,0,0
-0.0946,0,0
-0.0942,0,0
-0.0938,0,0
-0.0934,0,0
-0.093,0,0
-0.0926,0,0
-0.0922,0,0
-0.0918,0,0
-0.0914,0,0
-0.091,0,0
-0.0906,0.00381649,0.00382319
-0.0902,0,0
-0.0898,0,0
-0.0894,0.00415568,0.00416361
-0.089,0,0
-0.0886,0,0
-0.0882,0,0
-0.0878,0,0
-0.0874,0,0
-0.087,0,0
-0.0866,0,0
-0.0862,0,0
-0.0858,0.00442312,0.00443206
-0.0854,0,0
-0.085,0,0
-0.0846,0.00411015,0.00411786
-0.0842,0,0
-0.0838,0,0
-0.0834,0,0
-0.083,0,0
-0.0826,0,0
-0.0822,0,0
-0.0818,0,0
-0.0814,0,0
-0.081,0,0
-0.0806,0,0
-0.0802,0,0
-0.0798,0,0
-0.0794,0,0
-0.079,0.00427774,0.00428603
-0.0786,0.00427961,0.00428791
-0.0782,0,0
-0.0778,0,0
-0.0774,0,0
-0.077,0,0
-0.0766,0,0
-0.0762,0,0
-0.0758,0,0
-0.0754,0,0
-0.075,0,0
-0.0746,0,0
-0.0742,0.00465507,0.00466485
-0.0738,0,0
-0.0734,0,0
-0.073,0,0
-0.0726,0,0
-0.0722,0,0
-0.0718,0,0
-0.0714,0,0
-0.071,0,0
-0.0706,0.00396861,0.0039757
-0.0702,0.00868651,0.00615431
-0.0698,0,0
-0.0694,0,0
-0.069,0,0
-0.0686,0,0
-0.0682,0.00401734,0.0040246
-0.0678,0.00446884,0.00447781
-0.0674,0.00433358,0.00434201
-0.067,0,0
-0.0666,0,0
-0.0662,0,0
-0.0658,0,0
-0.0654,0,0
-0.065,0,0
-0.0646,0.00401322,0.00402045
-0.0642,0,0
-0.0638,0,0
-0.0634,0,0
-0.063,0,0
-0.0626,0.00399767,0.00400483
-0.0622,0,0
-0.0618,0,0
-0.0614,0,0
-0.061,0,0
-0.0606,0.00797609,0.00565048
-0.0602,0,0
-0.0598,0,0
-0.0594,0,0
-0.059,0,0
-0.0586,0,0
-0.0582,0,0
-0.0578,0.00039585,0.0012855
-0.0574,0,0
-0.057,0,0
-0.0566,0,0
-0.0562,0,0
-0.0558,0,0
-0.0554,0.00427629,0.00428448
-0.055,0,0
-0.0546,0,0
-0.0542,0,0
-0.0538,0,0
-0.0534,0.00388843,0.00389519
-0.053,0,0
-0.0526,0,0
-0.0522,0,0
-0.0518,0,0
-0.0514,0,0
-0.051,0.00392427,0.00393117
-0.0506,0,0
-0.0502,0,0
-0.0498,0,0
-0.0494,0,0
-0.049,0.0038375,0.00384409
-0.0486,0,0
-0.0482,0,0
-0.0478,0,0
-0.0474,0.00406028,0.00406766
-0.047,0.00406055,0.00406793
-0.0466,0,0
-0.0462,0,0
-0.0458,0,0
-0.0454,0,0
-0.045,0,0
-0.0446,0,0
-0.0442,0.00433798,0.0043464
-0.0438,0,0
-0.0434,0,0
-0.043,0,0
-0.0426,0,0
-0.0422,0,0
-0.0418,0,0
-0.0414,0,0
-0.041,0,0
-0.0406,0,0
-0.0402,0,0
-0.0398,0,0
-0.0394,0,0
-0.039,0,0
-0.0386,0.00422,0.00422795
-0.0382,0,0
-0.0378,0,0
-0.0374,0,0
-0.037,0.00421252,0.00422044
-0.0366,0,0
-0.0362,0,0
-0.0358,0,0
-0.0354,0,0
-0.035,0.00436273,0.00437122
-0.0346,0.00452749,0.00453664
-0.0342,0.00452774,0.00453688
-0.0338,0,0
-0.0334,0,0
-0.033,0,0
-0.0326,0,0
-0.0322,0,0
-0.0318,0.00440293,0.00441157
-0.0314,0,0
-0.031,0,0
-0.0306,0,0
-0.0302,0.00424961,0.00425766
-0.0298,0,0
-0.0294,0.00409977,0.00410726
-0.029,0,0
-0.0286,0,0
-0.0282,0.00423214,0.00424012
-0.0278,0.00444638,0.00445518
-0.0274,0,0
-0.027,0.00426884,0.00427695
-0.0266,0,0
-0.0262,0,0
-0.0258,0,0
-0.0254,0,0
-0.025,0.00389958,0.00390635
-0.0246,0.004218,0.00422592
-0.0242,0.00385315,0.00385976
-0.0238,0,0
-0.0234,0,0
-0.023,0,0
-0.0226,0,0
-0.0222,0,0
-0.0218,0,0
-0.0214,0,0
-0.021,0,0
-0.0206,0,0
-0.0202,0,0
-0.0198,0,0
-0.0194,0,0
-0.019,0,0
-0.0186,0,0
-0.0182,0,0
-0.0178,0,0
-0.0174,0,0
-0.017,0,0
-0.0166,0,0
-0.0162,0,0
-0.0158,0.00813959,0.00576597
-0.0154,0,0
-0.015,0.00417536,0.00418309
-0.0146,0,0
-0.0142,0,0
-0.0138,0,0
-0.0134,0,0
-0.013,0.00407238,0.00407973
-0.0126,0.00818155,0.00579573
-0.0122,0,0
-0.0118,0.0081706,0.0057885
-0.0114,0,0
-0.011,0.00176299,0.00270528
-0.0106,0,0
-0.0102,0,0
-0.0098,0,0
-0.0094,0,0
-0.009,0,0
-0.0086,0,0
-0.0082,0.00778104,0.0055115
-0.0078,0.0041756,0.0041833
-0.0074,0.00404463,0.00405185
-0.007,0.00588818,0.00492449
-0.0066,0.0113152,0.00712938
-0.0062,0.0123938,0.00717365
-0.0058,0.0128871,0.00745572
-0.0054,0.00867037,0.00614617
-0.005,0.00446654,0.00447534
-0.0046,0.014688,0.00789307
-0.0042,0.00819584,0.005806
-0.0038,0.0327876,0.0117742
-0.0034,0.0418707,0.0133378
-0.003,0.0754703,0.0177772
-0.0026,0.0764064,0.0176472
-0.0022,0.15311,0.0247911
-0.0018,0.238339,0.0319214
-0.0014,0.30592,0.035427
-0.001,0.469461,0.04206
-0.0006,0.770725,0.0572501
-0.0002,0.762328,0.0563425
0.0002,0.778447,0.05916
0.0006,0.850757,0.0614872
0.001,0.513101,0.0456102
0.0014,0.363702,0.0386099
0.0018,0.335741,0.037409
0.0022,0.160539,0.0262817
0.0026,0.106847,0.0219674
0.003,0.100905,0.0203463
0.0034,0.0268512,0.0103738
0.0038,0.0581941,0.0156776
0.0042,0.0318379,0.0120633
0.0046,0.0178649,0.00895489
0.005,0.010323,0.00665574
0.0054,0.00408696,0.00409428
0.0058,0.0124528,0.00720274
0.0062,0.025772,0.0107166
0.0066,0.0127322,0.00737266
0.007,0.00412728,0.00413473
0.0074,0.0171935,0.00861652
0.0078,0.000828065,0.00184265
0.0082,0,0
0.0086,0,0
0.009,0,0
0.0094,0,0
0.0098,0.00800184,0.00566806
0.0102,0,0
0.0106,0.00424324,0.00425111
0.011,0,0
0.0114,0.00419801,0.00420571
0.0118,0.00371781,0.00372385
0.0122,0,0
0.0126,0,0
0.013,0,0
0.0134,0.00834276,0.00590997
0.0138,0.00403479,0.00404189
0.0142,0,0
0.0146,0,0
0.015,0,0
0.0154,0,0
0.0158,0.00445709,0.00446575
0.0162,0,0
0.0166,0,0
0.017,0.00419749,0.00420516
0.0174,0,0
0.0178,0,0
0.0182,0,0
0.0186,0.00823881,0.0058689
0.019,0.00424444,0.00425227
0.0194,0,0
0.0198,0,0
0.0202,0,0
0.0206,0,0
0.021,0,0
0.0214,0,0
0.0218,0.0041411,0.00414855
0.0222,0.00403056,0.00403762
0.0226,0.0123337,0.00713607
0.023,0.0122971,0.00711528
0.0234,0,0
0.0238,0,0
0.0242,0.00438635,0.0043947
0.0246,0,0
0.025,0.00420264,0.00421031
0.0254,0,0
0.0258,0.00398674,0.00399363
0.0262,0,0
0.0266,0,0
0.027,0,0
0.0274,0,0
0.0278,0,0
0.0282,0.00451964,0.00452848
0.0286,0,0
0.029,0,0
0.0294,0,0
0.0298,0,0
0.0302,0,0
0.0306,0,0
0.031,0.00399101,0.0039979
0.0314,0,0
0.0318,0,0
0.0322,0,0
0.0326,0,0
0.033,0,0
0.0334,0,0
0.0338,0,0
0.0342,0,0
0.0346,0,0
0.035,0,0
0.0354,0,0
0.0358,0,0
0.0362,0,0
0.0366,0,0
0.037,0,0
0.0374,0,0
0.0378,0.00398482,0.00399166
0.0382,0,0
0.0386,0,0
0.039,0,0
0.0394,0,0
0.0398,0.00384586,0.00385223
0.0402,0,0
0.0406,0,0
0.041,0,0
0.0414,0,0
0.0418,0,0
0.0422,0,0
0.0426,0,0
0.043,0,0
0.0434,0,0
0.0438,0,0
0.0442,0,0
0.0446,0,0
0.045,0,0
0.0454,0,0
0.0458,0,0
0.0462,0,0
0.0466,0,0
0.047,0.00429945,0.00430738
0.0474,0,0
0.0478,0,0
0.0482,0,0
0.0486,0,0
0.049,0.00406076,0.00406783
0.0494,0,0
0.0498,0.0042454,0.00425311
0.0502,0,0
0.0506,0,0
0.051,0.00407701,0.00421188
0.0514,0,0
0.0518,0.00444571,0.00445415
0.0522,0,0
0.0526,0,0
0.053,0,0
0.0534,0,0
0.0538,0,0
0.0542,0,0
0.0546,0.00439346,0.00440168
0.055,0.00370759,0.00371345
0.0554,0,0
0.0558,0.00445379,0.00446224
0.0562,0,0
0.0566,0,0
0.057,0,0
0.0574,0,0
0.0578,0,0
0.0582,0.00422624,0.00423382
0.0586,0,0
0.059,0,0
0.0594,0,0
0.0598,0,0
0.0602,0,0
0.0606,0.0082833,0.00586756
0.061,0,0
0.0614,0.00489484,0.00490497
0.0618,0,0
0.0622,0,0
0.0626,0,0
0.063,0.00294857,0.00362403
0.0634,0.00431746,0.00432532
0.0638,0,0
0.0642,0,0
0.0646,0,0
0.065,0,0
0.0654,0,0
0.0658,0,0
0.0662,0,0
0.0666,0,0
0.067,0,0
0.0674,0,0
0.0678,0,0
0.0682,0,0
0.0686,0,0
0.069,0.00431911,0.00432691
0.0694,0,0
0.0698,0,0
0.0702,0,0
0.0706,0,0
0.071,0.00438201,0.00439002
0.0714,0,0
0.0718,0,0
0.0722,0,0
0.0726,0,0
0.073,0,0
0.0734,0,0
0.0738,0,0
0.0742,0.00467062,0.00467968
0.0746,0,0
0.075,0,0
0.0754,0,0
0.0758,0,0
0.0762,0.00446476,0.00447302
0.0766,0,0
0.077,0,0
0.0774,0.00445481,0.00446302
0.0778,0,0
0.0782,0,0
0.0786,0,0
0.079,0,0
0.0794,0.00469836,0.00470747
0.0798,0,0
0.0802,0,0
0.0806,0,0
0.081,0,0
0.0814,0,0
0.0818,0,0
0.0822,0,0
0.0826,0,0
0.083,0,0
0.0834,0,0
0.0838,0,0
0.0842,0,0
0.0846,0,0
0.085,0,0
0.0854,0.00389406,0.00390028
0.0858,0,0
0.0862,0,0
0.0866,0,0
0.087,0,0
0.0874,0.00446427,0.00447242
0.0878,0,0
0.0882,0.00441121,0.00441916
0.0886,0.0042512,0.00425858
0.089,0.00421158,0.00421882
0.0894,0.00461342,0.00462211
0.0898,0,0
0.0902,0,0
0.0906,0,0
0.091,0,0
0.0914,0,0
0.0918,0,0
0.0922,0,0
0.0926,0,0
0.093,0,0
0.0934,0,0
0.0938,0.00441787,0.0044258
0.0942,0,0
0.0946,0.00449939,0.0045076
0.095,0,0
0.0954,0,0
0.0958,0,0
0.0962,0,0
0.0966,0,0
0.097,0,0
0.0974,0,0
0.0978,0,0
0.0982,0,0
0.0986,0,0
0.099,0.00499354,0.00500362
0.0994,0,0
0.0998,0,0
0.1002,0,0
0.1006,0,0
0.101,0,0
0.1014,0,0
0.1018,0,0
0.1022,0,0
0.1026,0,0
0.103,0,0
0.1034,0,0
0.1038,0,0
0.1042,0,0
0.1046,0,0
0.105,0.00589738,0.0059114
0.1054,0.00124485,0.00271609
0.1058,0,0
0.1062,0,0
0.1066,0,0
0.107,0.00549159,0.00550374
0.1074,0,0
0.1078,0,0
0.1082,0.0059281,0.00594225
0.1086,0,0
0.109,0,0
0.1094,0,0
0.1098,0,0
0.1102,0.0063932,0.00640966
0.1106,0.000957806,0.00236154
0.111,0,0
0.1114,0,0
0.1118,0,0
0.1122,0,0
0.1126,0,0
0.113,0,0
0.1134,0,0
0.1138,0,0
0.1142,0,0
0.1146,0,0
0.115,0,0
0.1154,0,0
0.1158,0,0
0.1162,0.00626685,0.00628266
0.1166,0,0
0.117,0,0
0.1174,0,0
0.1178,0.00752609,0.0075489
0.1182,0,0
0.1186,0,0
0.119,0,0
0.1194,0,0
0.1198,0,0
9
-0.1198,0,0
-0.1194,0,0
-0.119,0,0
-0.1186,0,0
-0.1182,0,0
-0.1178,0,0
-0.1174,0,0
-0.117,0,0
-0.1166,0,0
-0.1162,0,0
-0.1158,0,0
-0.1154,0,0
-0.115,0,0
-0.1146,0,0
-0.1142,0,0
-0.1138,0.00386864,0.00387604
-0.1134,0,0
-0.113,0,0
-0.1126,0,0
-0.1122,0,0
-0.1118,0,0
-0.1114,0,0
-0.111,0.000179793,0.000886103
-0.1106,0,0
-0.1102,0.00410656,0.00411494
-0.1098,0,0
-0.1094,0,0
-0.109,0,0
-0.1086,0,0
-0.1082,0,0
-0.1078,0,0
-0.1074,0,0
-0.107,0,0
-0.1066,0,0
-0.1062,0,0
-0.1058,0,0
-0.1054,0,0
-0.105,0,0
-0.1046,0,0
-0.1042,0,0
-0.1038,0,0
-0.1034,0,0
-0.103,0,0
-0.1026,0.00388063,0.00388821
-0.1022,0,0
-0.1018,0,0
-0.1014,0,0
-0.101,0.00372203,0.00372902
-0.1006,0,0
-0.1002,0.00373507,0.00374212
-0.0998,0,0
-0.0994,0,0
-0.099,0,0
-0.0986,0,0
-0.0982,0,0
-0.0978,0,0
-0.0974,0.00752404,0.00533046
-0.097,0,0
-0.0966,0,0
-0.0962,0,0
-0.0958,0,0
-0.0954,0,0
-0.095,0,0
-0.0946,0.00346888,0.00347501
-0.0942,0,0
-0.0938,0,0
-0.0934,0,0
-0.093,0,0
-0.0926,0,0
-0.0922,0,0
-0.0918,0,0
-0.0914,0,0
-0.091,0,0
-0.0906,0,0
-0.0902,0,0
-0.0898,0,0
-0.0894,0,0
-0.089,0,0
-0.0886,0,0
-0.0882,0,0
-0.0878,0,0
-0.0874,0,0
-0.087,0,0
-0.0866,0,0
-0.0862,0,0
-0.0858,0,0
-0.0854,0.00405291,0.00406136
-0.085,0,0
-0.0846,0,0
-0.0842,0,0
-0.0838,0,0
-0.0834,0,0
-0.083,0.00399208,0.00400031
-0.0826,0,0
-0.0822,0,0
-0.0818,0,0
-0.0814,0,0
-0.081,0.00341827,0.00342432
-0.0806,0,0
-0.0802,0,0
-0.0798,0.00349397,0.00350029
-0.0794,0,0
-0.079,0,0
-0.0786,0.00373787,0.00374511
-0.0782,0,0
-0.0778,0,0
-0.0774,0,0
-0.077,0,0
-0.0766,0,0
-0.0762,0,0
-0.0758,0.003757,0.00376434
-0.0754,0.00375549,0.00376283
-0.075,0.00381759,0.00382517
-0.0746,0.00403417,0.00404264
-0.0742,0,0
-0.0738,0,0
-0.0734,0,0
-0.073,0,0
-0.0726,0,0
-0.0722,0,0
-0.0718,0,0
-0.0714,0.00782402,0.00554372
-0.071,0,0
-0.0706,0,0
-0.0702,0,0
-0.0698,0,0
-0.0694,0.00693715,0.00491964
-0.069,0.00330488,0.00331059
-0.0686,0,0
-0.0682,0,0
-0.0678,0,0
-0.0674,0,0
-0.067,0.00374782,0.00375518
-0.0666,0,0
-0.0662,0,0
-0.0658,0,0
-0.0654,0.0034291,0.00343527
-0.065,0,0
-0.0646,0,0
-0.0642,0,0
-0.0638,0,0
-0.0634,0,0
-0.063,0,0
-0.0626,0,0
-0.0622,0.00679526,0.00481358
-0.0618,0,0
-0.0614,0,0
-0.061,0,0
-0.0606,0.0034332,0.00343941
-0.0602,0.00344798,0.00345425
-0.0598,0,0
-0.0594,0,0
-0.059,0,0
-0.0586,0,0
-0.0582,0,0
-0.0578,0.00319125,0.00336114
-0.0574,0,0
-0.057,0,0
-0.0566,0.00352848,0.00353505
-0.0562,0,0
-0.0558,0,0
-0.0554,0.00361927,0.0036262
-0.055,0,0
-0.0546,0,0
-0.0542,0,0
-0.0538,0.00680969,0.00482386
-0.0534,0.00671446,0.00475736
-0.053,0,0
-0.0526,0.00358933,0.00359615
-0.0522,0,0
-0.0518,0,0
-0.0514,0.00331278,0.0033186
-0.051,0,0
-0.0506,0.00374562,0.00375306
-0.0502,0.00365618,0.00366327
-0.0498,0,0
-0.0494,0,0
-0.049,0,0
-0.0486,0,0
-0.0482,0,0
-0.0478,0,0
-0.0474,0,0
-0.047,0.00335472,0.0033607
-0.0466,0.00365175,0.00365884
-0.0462,0.00322758,0.00323312
-0.0458,0,0
-0.0454,0.00363704,0.00364408
-0.045,0.00364695,0.00365404
-0.0446,0,0
-0.0442,0,0
-0.0438,0.00349576,0.00350227
-0.0434,0.00691598,0.00489943
-0.043,0,0
-0.0426,0,0
-0.0422,0,0
-0.0418,0.00336971,0.00337578
-0.0414,0,0
-0.041,0,0
-0.0406,0,0
-0.0402,0,0
-0.0398,0,0
-0.0394,0.003269,0.00327472
-0.039,0.0101346,0.00586339
-0.0386,0,0
-0.0382,0.00739926,0.00524245
-0.0378,0,0
-0.0374,0,0
-0.037,0,0
-0.0366,0,0
-0.0362,0,0
-0.0358,0.00372241,0.00372986
-0.0354,0,0
-0.035,0,0
-0.0346,0,0
-0.0342,0,0
-0.0338,0,0
-0.0334,0,0
-0.033,0,0
-0.0326,0.00344536,0.00345177
-0.0322,0.00335706,0.00336315
-0.0318,0,0
-0.0314,0.00733711,0.00520294
-0.031,0,0
-0.0306,0,0
-0.0302,0,0
-0.0298,0,0
-0.0294,0.00382725,0.00383519
-0.029,0,0
-0.0286,0,0
-0.0282,0,0
-0.0278,0,0
-0.0274,0,0
-0.027,0.00350046,0.00350711
-0.0266,0.00693781,0.00491564
-0.0262,0.00352176,0.0035285
-0.0258,0.00682555,0.00483539
-0.0254,0,0
-0.025,0,0
-0.0246,0.00344668,0.00345314
-0.0242,0,0
-0.0238,0.00358135,0.00358834
-0.0234,0,0
-0.023,0.00330521,0.00331117
-0.0226,0,0
-0.0222,0.0104107,0.00602478
-0.0218,0,0
-0.0214,0,0
-0.021,0.0033211,0.00332713
-0.0206,0,0
-0.0202,0,0
-0.0198,0.0032804,0.0032863
-0.0194,0,0
-0.019,0,0
-0.0186,0.00318336,0.00318892
-0.0182,0.00612748,0.00434008
-0.0178,0,0
-0.0174,0,0
-0.017,0.0032906,0.00329655
-0.0166,0,0
-0.0162,0.00661479,0.00468626
-0.0158,0.00328044,0.00328636
-0.0154,0.00334947,0.00335565
-0.015,0,0
-0.0146,0,0
-0.0142,0,0
-0.0138,0.00307887,0.0030841
-0.0134,0,0
-0.013,0.00310976,0.00311511
-0.0126,0,0
-0.0122,0.00325252,0.00325838
-0.0118,0,0
-0.0114,0,0
-0.011,0,0
-0.0106,0,0
-0.0102,0.00384412,0.00385232
-0.0098,0.00362362,0.00363091
-0.0094,0.00326322,0.00326914
-0.009,0.00652273,0.00462063
-0.0086,0,0
-0.0082,0.00617804,0.00437605
-0.0078,0.0157729,0.00706853
-0.0074,0.0127307,0.00637715
-0.007,0.0117958,0.00626057
-0.0066,0.0107629,0.00622643
-0.0062,0.00318,0.00318564
-0.0058,0.0240552,0.00910953
-0.0054,0.0134546,0.00674302
-0.005,0.0141042,0.00706602
-0.0046,0.0114345,0.0061065
-0.0042,0.0192062,0.00785498
-0.0038,0.0196062,0.00801939
-0.0034,0.0332415,0.0105318
-0.003,0.0421723,0.0117595
-0.0026,0.0676192,0.014718
-0.0022,0.102622,0.0179874
-0.0018,0.183553,0.0248368
-0.0014,0.373703,0.0346887
-0.001,0.411186,0.0348302
-0.0006,0.684346,0.0477856
-0.0002,0.72489,0.0484803
0.0002,0.778673,0.0523367
0.0006,0.65972,0.047841
0.001,0.419851,0.0364312
0.0014,0.19719,0.0251592
0.0018,0.172641,0.023738
0.0022,0.079964,0.0163925
0.0026,0.0378618,0.0113655
0.003,0.0508885,0.0127452
0.0034,0.0256804,0.00894272
0.0038,0.0293757,0.00982307
0.0042,0.0172686,0.0077452
0.0046,0.0065375,0.00463125
0.005,0.00982453,0.00569147
0.0054,0.00633659,0.00448867
0.0058,0.0130731,0.00655118
0.0062,0.0381316,0.0115205
0.0066,0.0263841,0.00935637
0.007,0.00955913,0.00552895
0.0074,0.0101321,0.00586099
0.0078,0.0246937,0.00885958
0.0082,0.0128704,0.0064474
0.0086,0.00660521,0.00468432
0.009,0.0064381,0.00457287
0.0094,0.00332835,0.00333463
0.0098,0,0
0.0102,0.00658962,0.00466828
0.0106,0,0
0.011,0.00333953,0.00334586
0.0114,0,0
0.0118,0.00322487,0.00323078
0.0122,0,0
0.0126,0,0
0.013,0,0
0.0134,0,0
0.0138,0,0
0.0142,0,0
0.0146,0,0
0.015,0,0
0.0154,0.00655878,0.0046465
0.0158,0,0
0.0162,0.00958569,0.00554441
0.0166,0.00640532,0.00453753
0.017,0,0
0.0174,0,0
0.0178,0.00628466,0.00445191
0.0182,0,0
0.0186,0,0
0.019,0,0
0.0194,0.0033789,0.00338543
0.0198,0,0
0.0202,0.0067198,0.00476075
0.0206,0.0032476,0.00325363
0.021,0,0
0.0214,0,0
0.0218,0.00313981,0.00314546
0.0222,0,0
0.0226,0.00305645,0.00306181
0.023,0,0
0.0234,0,0
0.0238,0.00323722,0.00324323
0.0242,0.00320273,0.00320861
0.0246,0,0
0.025,0,0
0.0254,0,0
0.0258,0.00635469,0.00450804
0.0262,0,0
0.0266,0.00330014,0.0033064
0.027,0,0
0.0274,0,0
0.0278,0.00594318,0.00420974
0.0282,0.00295105,0.00295606
0.0286,0,0
0.029,0,0
0.0294,0,0
0.0298,0.00311478,0.00312037
0.0302,0,0
0.0306,0,0
0.031,0,0
0.0314,0,0
0.0318,0,0
0.0322,0,0
0.0326,0.00922694,0.00533664
0.033,0,0
0.0334,0,0
0.0338,0,0
0.0342,0,0
0.0346,0.00299523,0.00300041
0.035,0,0
0.0354,0.00283675,0.0028414
0.0358,0.00590199,0.00418046
0.0362,0,0
0.0366,0.00327104,0.00327723
0.037,0.00298876,0.00299393
0.0374,0.00329868,0.00330497
0.0378,0,0
0.0382,0.00298101,0.00298615
0.0386,0.00313247,0.00313814
0.039,0,0
0.0394,0,0
0.0398,0.00572014,0.00405145
0.0402,0,0
0.0406,0,0
0.041,0,0
0.0414,0,0
0.0418,0,0
0.0422,0,0
0.0426,0,0
0.043,0,0
0.0434,0,0
0.0438,0.00605196,0.0042963
0.0442,0.00351022,0.00351737
0.0446,0.0032646,0.00327078
0.045,0.00323591,0.00324198
0.0454,0,0
0.0458,0,0
0.0462,0,0
0.0466,0.00309395,0.0030995
0.047,0,0
0.0474,0.00295985,0.00296493
0.0478,0,0
0.0482,0,0
0.0486,0,0
0.049,0,0
0.0494,0.00300462,0.00300987
0.0498,0.00279015,0.00279468
0.0502,0.00278947,0.002794
0.0506,0.00328923,0.00329552
0.051,0.00337592,0.00328577
0.0514,0,0
0.0518,0,0
0.0522,0,0
0.0526,0,0
0.053,0.00324407,0.0032502
0.0534,0,0
0.0538,0.00335696,0.00336353
0.0542,0,0
0.0546,0,0
0.055,0.00812126,0.00469623
0.0554,0,0
0.0558,0,0
0.0562,0,0
0.0566,0.00313601,0.00314176
0.057,0.00299765,0.0030029
0.0574,0,0
0.0578,0.00291713,0.00292211
0.0582,0.00306685,0.00307236
0.0586,0,0
0.059,0,0
0.0594,0,0
0.0598,0,0
0.0602,0,0
0.0606,0.0029733,0.00297848
0.061,0,0
0.0614,0,0
0.0618,0.0026663,0.00267047
0.0622,0.00294622,0.00295132
0.0626,0.00294071,0.00294579
0.063,0.00416908,0.00361443
0.0634,0.00619683,0.0043898
0.0638,0,0
0.0642,0,0
0.0646,0,0
0.065,0,0
0.0654,0,0
0.0658,0,0
0.0662,0.00305375,0.00305925
0.0666,0,0
0.067,0,0
0.0674,0.00347891,0.00348605
0.0678,0,0
0.0682,0,0
0.0686,0.00305921,0.00306474
0.069,0,0
0.0694,0,0
0.0698,0.00327759,0.00328394
0.0702,0.00927916,0.00536714
0.0706,0.00291528,0.00292031
0.071,0.00308718,0.00309282
0.0714,0,0
0.0718,0,0
0.0722,0.00322971,0.00323589
0.0726,0,0
0.073,0.00278914,0.00279375
0.0734,0,0
0.0738,0,0
0.0742,0.00624456,0.00442847
0.0746,0.0032645,0.00327083
0.075,0,0
0.0754,0,0
0.0758,0,0
0.0762,0,0
0.0766,0,0
0.077,0,0
0.0774,0.0122542,0.00613908
0.0778,0,0
0.0782,0,0
0.0786,0.0031242,0.00313002
0.079,0,0
0.0794,0,0
0.0798,0,0
0.0802,0.00312808,0.00313392
0.0806,0.00301668,0.00302212
0.081,0,0
0.0814,0.00296777,0.00297304
0.0818,0,0
0.0822,0,0
0.0826,0,0
0.083,0.00307249,0.00307815
0.0834,0.00295848,0.00296373
0.0838,0,0
0.0842,0,0
0.0846,0.00679749,0.00481637
0.085,0,0
0.0854,0,0
0.0858,0.00281506,0.00281982
0.0862,0,0
0.0866,0.00290048,0.00290555
0.087,0,0
0.0874,0,0
0.0878,0.00297234,0.00297766
0.0882,0.00298809,0.00299347
0.0886,0.00287732,0.00288232
0.089,0,0
0.0894,0,0
0.0898,0,0
0.0902,0,0
0.0906,0,0
0.091,0.00302887,0.00303441
0.0914,0,0
0.0918,0,0
0.0922,0.00302915,0.0030347
0.0926,0,0
0.093,0,0
0.0934,0.00292569,0.00293087
0.0938,0,0
0.0942,0.00315069,0.00315669
0.0946,0,0
0.095,0,0
0.0954,0,0
0.0958,0,0
0.0962,0,0
0.0966,0,0
0.097,0,0
0.0974,0,0
0.0978,0,0
0.0982,0,0
0.0986,0,0
0.099,0.00653159,0.00462858
0.0994,0.00338798,0.00339494
0.0998,0.00659863,0.00467697
0.1002,0,0
0.1006,0,0
0.101,0,0
0.1014,0.00652279,0.00462416
0.1018,0,0
0.1022,0,0
0.1026,0,0
0.103,0,0
0.1034,0.00332376,0.00333046
0.1038,0,0
0.1042,0,0
0.1046,0,0
0.105,0,0
0.1054,0.00391975,0.00392906
0.1058,0,0
0.1062,0,0
0.1066,0,0
0.107,0.00364723,0.0036553
0.1074,0.00349414,0.00350155
0.1078,0,0
0.1082,0,0
0.1086,0.00393458,0.00394397
0.109,0,0
0.1094,0.00412292,0.00413323
0.1098,0,0
0.1102,0,0
0.1106,0.00384415,0.00385312
0.111,0.00433688,0.00434829
0.1114,0.00442625,0.00443814
0.1118,0,0
0.1122,0,0
0.1126,0,0
0.113,0.00463709,0.00465015
0.1134,0,0
0.1138,0,0
0.1142,0,0
0.1146,0,0
0.115,0,0
0.1154,0,0
0.1158,0,0
0.1162,0,0
0.1166,0,0
0.117,0.00474779,0.00476149
0.1174,0,0
0.1178,0,0
0.1182,0.00479498,0.00480895
0.1186,0.00991973,0.00703546
0.119,0,0
0.1194,0,0
0.1198,0,0
