# X , Y , E Distribution=true
1
-0.1198,0,0
-0.1194,0,0
-0.119,0,0
-0.1186,0,0
-0.1182,0,0
-0.1178,0,0
-0.1174,0,0
-0.117,0,0
-0.1166,0,0
-0.1162,0,0
-0.1158,0.0135763,0.0136039
-0.1154,0,0
-0.115,0,0
-0.1146,0,0
-0.1142,0,0
-0.1138,0,0
-0.1134,0,0
-0.113,0,0
-0.1126,0,0
-0.1122,0,0
-0.1118,0,0
-0.1114,0,0
-0.111,0,0
-0.1106,0,0
-0.1102,0,0
-0.1098,0,0
-0.1094,0,0
-0.109,0,0
-0.1086,0,0
-0.1082,0,0
-0.1078,0,0
-0.1074,0,0
-0.107,0,0
-0.1066,0,0
-0.1062,0,0
-0.1058,0,0
-0.1054,0,0
-0.105,0,0
-0.1046,0,0
-0.1042,0,0
-0.1038,0,0
-0.1034,0,0
-0.103,0,0
-0.1026,0,0
-0.1022,0,0
-0.1018,0,0
-0.1014,0,0
-0.101,0,0
-0.1006,0,0
-0.1002,0,0
-0.0998,0,0
-0.0994,0,0
-0.099,0,0
-0.0986,0,0
-0.0982,0,0
-0.0978,0,0
-0.0974,0,0
-0.097,0,0
-0.0966,0,0
-0.0962,0,0
-0.0958,0,0
-0.0954,0,0
-0.095,0,0
-0.0946,0,0
-0.0942,0,0
-0.0938,0,0
-0.0934,0,0
-0.093,0,0
-0.0926,0,0
-0.0922,0,0
-0.0918,0,0
-0.0914,0,0
-0.091,0,0
-0.0906,0.00524996,0.00834901
-0.0902,0,0
-0.0898,0,0
-0.0894,0,0
-0.089,0.0126931,0.0127169
-0.0886,0,0
-0.0882,0,0
-0.0878,0,0
-0.0874,0,0
-0.087,0,0
-0.0866,0,0
-0.0862,0,0
-0.0858,0,0
-0.0854,0,0
-0.085,0.0136334,0.0136608
-0.0846,0,0
-0.0842,0,0
-0.0838,0,0
-0.0834,0,0
-0.083,0,0
-0.0826,0,0
-0.0822,0,0
-0.0818,0,0
-0.0814,0,0
-0.081,0,0
-0.0806,0,0
-0.0802,0,0
-0.0798,0,0
-0.0794,0,0
-0.079,0.0140139,0.0140428
-0.0786,0,0
-0.0782,0,0
-0.0778,0,0
-0.0774,0,0
-0.077,0.0131702,0.0131958
-0.0766,0,0
-0.0762,0,0
-0.0758,0,0
-0.0754,0,0
-0.075,0,0
-0.0746,0,0
-0.0742,0,0
-0.0738,0,0
-0.0734,0,0
-0.073,0,0
-0.0726,0,0
-0.0722,0,0
-0.0718,0,0
-0.0714,0,0
-0.071,0,0
-0.0706,0,0
-0.0702,0.0130831,0.0131082
-0.0698,0,0
-0.0694,0,0
-0.069,0,0
-0.0686,0.01306,0.013085
-0.0682,0,0
-0.0678,0,0
-0.0674,0,0
-0.067,0,0
-0.0666,0,0
-0.0662,0,0
-0.0658,0,0
-0.0654,0,0
-0.065,0,0
-0.0646,0.013611,0.0136381
-0.0642,0,0
-0.0638,0,0
-0.0634,0,0
-0.063,0,0
-0.0626,0,0
-0.0622,0,0
-0.0618,0,0
-0.0614,0,0
-0.061,0,0
-0.0606,0,0
-0.0602,0,0
-0.0598,0,0
-0.0594,0,0
-0.059,0,0
-0.0586,0,0
-0.0582,0,0
-0.0578,0,0
-0.0574,0,0
-0.057,0,0
-0.0566,0,0
-0.0562,0,0
-0.0558,0.00689559,0.00966594
-0.0554,0,0
-0.055,0,0
-0.0546,0,0
-0.0542,0,0
-0.0538,0,0
-0.0534,0,0
-0.053,0,0
-0.0526,0,0
-0.0522,0,0
-0.0518,0,0
-0.0514,0.00198721,0.00519466
-0.051,0,0
-0.0506,0,0
-0.0502,0,0
-0.0498,0,0
-0.0494,0,0
-0.049,0,0
-0.0486,0,0
-0.0482,0,0
-0.0478,0,0
-0.0474,0,0
-0.047,0,0
-0.0466,0,0
-0.0462,0.0025507,0.005943
-0.0458,0.0131576,0.0131827
-0.0454,0,0
-0.045,0,0
-0.0446,0,0
-0.0442,0,0
-0.0438,0,0
-0.0434,0,0
-0.043,0,0
-0.0426,0,0
-0.0422,0,0
-0.0418,0,0
-0.0414,0.0122444,0.0122661
-0.041,0.0122125,0.0122341
-0.0406,0.0115876,0.0116071
-0.0402,0,0
-0.0398,0,0
-0.0394,0,0
-0.039,0,0
-0.0386,0,0
-0.0382,0,0
-0.0378,0,0
-0.0374,0,0
-0.037,0,0
-0.0366,0,0
-0.0362,0,0
-0.0358,0,0
-0.0354,0,0
-0.035,0,0
-0.0346,0,0
-0.0342,0,0
-0.0338,0,0
-0.0334,0,0
-0.033,0,0
-0.0326,0.0140405,0.014069
-0.0322,0,0
-0.0318,0,0
-0.0314,0,0
-0.031,0,0
-0.0306,0,0
-0.0302,0,0
-0.0298,0,0
-0.0294,0,0
-0.029,0,0
-0.0286,0,0
-0.0282,0,0
-0.0278,0,0
-0.0274,0.0118737,0.0126652
-0.027,0,0
-0.0266,0,0
-0.0262,0,0
-0.0258,0,0
-0.0254,0,0
-0.025,0.0125009,0.0125233
-0.0246,0,0
-0.0242,0,0
-0.0238,0,0
-0.0234,0,0
-0.023,0,0
-0.0226,0,0
-0.0222,0,0
-0.0218,0,0
-0.0214,0,0
-0.021,0,0
-0.0206,0,0
-0.0202,0,0
-0.0198,0.0121496,0.0121708
-0.0194,0,0
-0.019,0,0
-0.0186,0,0
-0.0182,0,0
-0.0178,0.00762603,0.0098018
-0.0174,0,0
-0.017,0,0
-0.0166,0,0
-0.0162,0,0
-0.0158,0,0
-0.0154,0,0
-0.015,0,0
-0.0146,0,0
-0.0142,0.0172259,0.0148511
-0.0138,0.0135977,0.0136241
-0.0134,0,0
-0.013,0,0
-0.0126,0,0
-0.0122,0.0119392,0.0119596
-0.0118,0,0
-0.0114,0,0
-0.011,0,0
-0.0106,0,0
-0.0102,0,0
-0.0098,0,0
-0.0094,0.00398061,0.0068411
-0.009,0,0
-0.0086,0,0
-0.0082,0,0
-0.0078,0,0
-0.0074,0.0132302,0.0132552
-0.007,0.026706,0.01892
-0.0066,0,0
-0.0062,0,0
-0.0058,0,0
-0.0054,0.0150226,0.0150547
-0.005,0.0432891,0.0250692
-0.0046,0.0395573,0.0228815
-0.0042,0.111526,0.0390999
-0.0038,0.0355735,0.0205733
-0.0034,0.108955,0.0377974
-0.003,0.1716,0.0476855
-0.0026,0.247675,0.0570064
-0.0022,0.777762,0.0995551
-0.0018,1.11254,0.119068
-0.0014,2.27527,0.169425
-0.001,2.84011,0.185067
-0.0006,3.72161,0.211731
-0.0002,4.03757,0.221488
0.0002,3.87631,0.216385
0.0006,2.90468,0.193721
0.001,2.03592,0.159692
0.0014,1.18378,0.124826
0.0018,0.446757,0.0744446
0.0022,0.156218,0.0457154
0.0026,0.0388692,0.0224826
0.003,0,0
0.0034,0.0123046,0.0123261
0.0038,0,0
0.0042,0,0
0.0046,0,0
0.005,0.00598441,0.00883533
0.0054,0,0
0.0058,0.0132518,0.0132767
0.0062,0,0
0.0066,0.0123428,0.0123644
0.007,0,0
0.0074,0,0
0.0078,0,0
0.0082,0,0
0.0086,0,0
0.009,0,0
0.0094,0,0
0.0098,0.0130599,0.013084
0.0102,0.0138687,0.0138959
0.0106,0,0
0.011,0,0
0.0114,0.014812,0.0148429
0.0118,0,0
0.0122,0,0
0.0126,0,0
0.013,0.00383923,0.00716119
0.0134,0,0
0.0138,0,0
0.0142,0.00491606,0.00787282
0.0146,0,0
0.015,0,0
0.0154,0,0
0.0158,0,0
0.0162,0,0
0.0166,0,0
0.017,0.00863991,0.0104868
0.0174,0,0
0.0178,0,0
0.0182,0.0124749,0.0124968
0.0186,0,0
0.019,0.0134836,0.0135092
0.0194,0.0124653,0.0124871
0.0198,0,0
0.0202,0.0134427,0.0134681
0.0206,0,0
0.021,0.0126411,0.0126635
0.0214,0,0
0.0218,0,0
0.0222,0.012797,0.01282
0.0226,0,0
0.023,0,0
0.0234,0,0
0.0238,0.0147142,0.0147446
0.0242,0.0142177,0.014246
0.0246,0,0
0.025,0,0
0.0254,0,0
0.0258,0,0
0.0262,0,0
0.0266,0.0143988,0.0144278
0.027,0,0
0.0274,0,0
0.0278,0,0
0.0282,0,0
0.0286,0,0
0.029,0,0
0.0294,0,0
0.0298,0,0
0.0302,0,0
0.0306,0,0
0.031,0,0
0.0314,0,0
0.0318,0.0186356,0.0160889
0.0322,0,0
0.0326,0,0
0.033,0,0
0.0334,0,0
0.0338,0,0
0.0342,0,0
0.0346,0,0
0.035,0,0
0.0354,0,0
0.0358,0,0
0.0362,0,0
0.0366,0,0
0.037,0,0
0.0374,0,0
0.0378,0,0
0.0382,0,0
0.0386,0,0
0.039,0.0131133,0.0131372
0.0394,0.0108964,0.0124032
0.0398,0,0
0.0402,0.0148682,0.0148989
0.0406,0,0
0.041,0,0
0.0414,0,0
0.0418,0,0
0.0422,0,0
0.0426,0,0
0.043,0,0
0.0434,0,0
0.0438,0,0
0.0442,0,0
0.0446,0,0
0.045,0,0
0.0454,0,0
0.0458,0,0
0.0462,0,0
0.0466,0,0
0.047,0.0132741,0.0132985
0.0474,0,0
0.0478,0,0
0.0482,0.0124657,0.0124872
0.0486,0,0
0.049,0,0
0.0494,0,0
0.0498,0.0130912,0.0131149
0.0502,0,0
0.0506,0,0
0.051,0.012903,0.0129261
0.0514,0.0137226,0.0137486
0.0518,0,0
0.0522,0,0
0.0526,0,0
0.053,0,0
0.0534,0,0
0.0538,0,0
0.0542,0,0
0.0546,0,0
0.055,0,0
0.0554,0.0122772,0.012298
0.0558,0.00221086,0.005346
0.0562,0,0
0.0566,0,0
0.057,0,0
0.0574,0,0
0.0578,0,0
0.0582,0,0
0.0586,0,0
0.059,0.0128318,0.0128545
0.0594,0,0
0.0598,0,0
0.0602,0,0
0.0606,0,0
0.061,0.0133119,0.0133362
0.0614,0.0131777,0.0133475
0.0618,0,0
0.0622,0,0
0.0626,0,0
0.063,0,0
0.0634,0,0
0.0638,0,0
0.0642,0,0
0.0646,0,0
0.065,0.00402123,0.00734946
0.0654,0,0
0.0658,0.0134377,0.0134624
0.0662,0,0
0.0666,0,0
0.067,0,0
0.0674,0,0
0.0678,0,0
0.0682,0,0
0.0686,0,0
0.069,0,0
0.0694,0,0
0.0698,0,0
0.0702,0,0
0.0706,0,0
0.071,0,0
0.0714,0,0
0.0718,0,0
0.0722,0.0131255,0.013149
0.0726,0,0
0.073,0,0
0.0734,0,0
0.0738,0,0
0.0742,0,0
0.0746,0.0129118,0.0129345
0.075,0,0
0.0754,0,0
0.0758,0,0
0.0762,0,0
0.0766,0,0
0.077,0,0
0.0774,0.0129001,0.0129228
0.0778,0.0143998,0.0144281
0.0782,0,0
0.0786,0,0
0.079,0,0
0.0794,0,0
0.0798,0,0
0.0802,0,0
0.0806,0,0
0.081,0,0
0.0814,0,0
0.0818,0,0
0.0822,0,0
0.0826,0,0
0.083,0,0
0.0834,0,0
0.0838,0,0
0.0842,0,0
0.0846,0,0
0.085,0,0
0.0854,0,0
0.0858,0.0134812,0.0135059
0.0862,0,0
0.0866,0,0
0.087,0.0142245,0.0142519
0.0874,0,0
0.0878,0,0
0.0882,0,0
0.0886,0,0
0.089,0,0
0.0894,0,0
0.0898,0,0
0.0902,0,0
0.0906,0,0
0.091,0,0
0.0914,0,0
0.0918,0.0135947,0.0136197
0.0922,0,0
0.0926,0.0129727,0.0129954
0.093,0,0
0.0934,0,0
0.0938,0.00705232,0.0104115
0.0942,0,0
0.0946,0,0
0.095,0,0
0.0954,0,0
0.0958,0,0
0.0962,0,0
0.0966,0.0144784,0.0145066
0.097,0,0
0.0974,0,0
0.0978,0,0
0.0982,0,0
0.0986,0,0
0.099,0,0
0.0994,0,0
0.0998,0.0139321,0.0139582
0.1002,0,0
0.1006,0,0
0.101,0,0
0.1014,0,0
0.1018,0,0
0.1022,0,0
0.1026,0.0164335,0.0164698
0.103,0,0
0.1034,0,0
0.1038,0,0
0.1042,0,0
0.1046,0,0
0.105,0,0
0.1054,0,0
0.1058,0,0
0.1062,0,0
0.1066,0,0
0.107,0,0
0.1074,0,0
0.1078,0,0
0.1082,0,0
0.1086,0,0
0.109,0,0
0.1094,0,0
0.1098,0,0
0.1102,0,0
0.1106,0,0
0.111,0.0200409,0.0200946
0.1114,0,0
0.1118,0.021383,0.0214441
0.1122,0,0
0.1126,0,0
0.113,0,0
0.1134,0,0
0.1138,0,0
0.1142,0,0
0.1146,0,0
0.115,0,0
0.1154,0,0
0.1158,0,0
0.1162,0,0
0.1166,0,0
0.117,0,0
0.1174,0,0
0.1178,0,0
0.1182,0,0
0.1186,0,0
0.119,0,0
0.1194,0,0
0.1198,0,0
2
-0.1198,0,0
-0.1194,0,0
-0.119,0,0
-0.1186,0,0
-0.1182,0,0
-0.1178,0,0
-0.1174,0,0
-0.117,0,0
-0.1166,0,0
-0.1162,0.00618313,0.00619536
-0.1158,0,0
-0.1154,0,0
-0.115,0,0
-0.1146,0,0
-0.1142,0,0
-0.1138,0,0
-0.1134,0.00599833,0.00600984
-0.113,0,0
-0.1126,0,0
-0.1122,0,0
-0.1118,0,0
-0.1114,0,0
-0.111,0,0
-0.1106,0,0
-0.1102,0,0
-0.1098,0,0
-0.1094,0,0
-0.109,0,0
-0.1086,0,0
-0.1082,0,0
-0.1078,0,0
-0.1074,0,0
-0.107,0,0
-0.1066,0,0
-0.1062,0.00602463,0.00603622
-0.1058,0,0
-0.1054,0,0
-0.105,0,0
-0.1046,0,0
-0.1042,0,0
-0.1038,0,0
-0.1034,0,0
-0.103,0,0
-0.1026,0,0
-0.1022,0,0
-0.1018,0,0
-0.1014,0,0
-0.101,0,0
-0.1006,0,0
-0.1002,0,0
-0.0998,0,0
-0.0994,0,0
-0.099,0,0
-0.0986,0,0
-0.0982,0,0
-0.0978,0,0
-0.0974,0,0
-0.097,0,0
-0.0966,0,0
-0.0962,0,0
-0.0958,0,0
-0.0954,0,0
-0.095,0,0
-0.0946,0,0
-0.0942,0,0
-0.0938,0,0
-0.0934,0,0
-0.093,0,0
-0.0926,0.00604494,0.00605657
-0.0922,0.0115838,0.00820612
-0.0918,0,0
-0.0914,0,0
-0.091,0,0
-0.0906,0.00370753,0.00478363
-0.0902,0,0
-0.0898,0,0
-0.0894,0,0
-0.089,0,0
-0.0886,0,0
-0.0882,0.0120627,0.00854597
-0.0878,0,0
-0.0874,0,0
-0.087,0,0
-0.0866,0,0
-0.0862,0,0
-0.0858,0,0
-0.0854,0,0
-0.085,0.00618845,0.00620062
-0.0846,0,0
-0.0842,0,0
-0.0838,0.00576072,0.00577127
-0.0834,0.00597046,0.00598178
-0.083,0.00593928,0.00595049
-0.0826,0,0
-0.0822,0.00592595,0.0059371
-0.0818,0,0
-0.0814,0,0
-0.081,0.00577095,0.00578153
-0.0806,0,0
-0.0802,0,0
-0.0798,0.00592145,0.00593258
-0.0794,0,0
-0.079,0,0
-0.0786,0,0
-0.0782,0,0
-0.0778,0.00607552,0.00608723
-0.0774,0,0
-0.077,0,0
-0.0766,0,0
-0.0762,0,0
-0.0758,0,0
-0.0754,0,0
-0.075,0.01164,0.00824594
-0.0746,0,0
-0.0742,0,0
-0.0738,0,0
-0.0734,0,0
-0.073,0,0
-0.0726,0.0012129,0.00269123
-0.0722,0,0
-0.0718,0,0
-0.0714,0,0
-0.071,0,0
-0.0706,0,0
-0.0702,0,0
-0.0698,0.00584161,0.00585241
-0.0694,0,0
-0.069,0,0
-0.0686,0,0
-0.0682,0,0
-0.0678,0,0
-0.0674,0.00597402,0.00598532
-0.067,0,0
-0.0666,0,0
-0.0662,0,0
-0.0658,0,0
-0.0654,0,0
-0.065,0.00588222,0.00589316
-0.0646,0,0
-0.0642,0,0
-0.0638,0,0
-0.0634,0,0
-0.063,0,0
-0.0626,0.00573575,0.00574615
-0.0622,0,0
-0.0618,0,0
-0.0614,0,0
-0.061,0,0
-0.0606,0,0
-0.0602,0,0
-0.0598,0,0
-0.0594,0,0
-0.059,0,0
-0.0586,0,0
-0.0582,0,0
-0.0578,0,0
-0.0574,0,0
-0.057,0,0
-0.0566,0.00614214,0.00615405
-0.0562,0,0
-0.0558,0,0
-0.0554,0,0
-0.055,0,0
-0.0546,0,0
-0.0542,0,0
-0.0538,0,0
-0.0534,0,0
-0.053,0.00591953,0.00593058
-0.0526,0,0
-0.0522,0,0
-0.0518,0,0
-0.0514,0.0115439,0.00849685
-0.051,0.00629527,0.00630777
-0.0506,0.00597856,0.00598983
-0.0502,0,0
-0.0498,0,0
-0.0494,0.00561456,0.0056245
-0.049,0,0
-0.0486,0,0
-0.0482,0,0
-0.0478,0,0
-0.0474,0,0
-0.047,0,0
-0.0466,0,0
-0.0462,0.0115157,0.00856471
-0.0458,0,0
-0.0454,0.0116048,0.00822083
-0.045,0,0
-0.0446,0.00217062,0.00350944
-0.0442,0,0
-0.0438,0,0
-0.0434,0,0
-0.043,0,0
-0.0426,0,0
-0.0422,0,0
-0.0418,0.00627106,0.00628343
-0.0414,0.00561097,0.00562088
-0.041,0,0
-0.0406,0,0
-0.0402,0.0110131,0.00780093
-0.0398,0,0
-0.0394,0,0
-0.039,0,0
-0.0386,0,0
-0.0382,0,0
-0.0378,0.00563623,0.00564622
-0.0374,0,0
-0.037,0,0
-0.0366,0.00664238,0.00665624
-0.0362,0,0
-0.0358,0.00511318,0.00562907
-0.0354,0,0
-0.035,0,0
-0.0346,0,0
-0.0342,0,0
-0.0338,0,0
-0.0334,0,0
-0.033,0,0
-0.0326,0.00643961,0.00645263
-0.0322,0,0
-0.0318,0,0
-0.0314,0,0
-0.031,0.00595888,0.00597003
-0.0306,0,0
-0.0302,0,0
-0.0298,0,0
-0.0294,0,0
-0.029,0,0
-0.0286,0.00584721,0.00585794
-0.0282,0,0
-0.0278,0,0
-0.0274,0,0
-0.027,0,0
-0.0266,0.00605171,0.0060632
-0.0262,0,0
-0.0258,0,0
-0.0254,0,0
-0.025,0,0
-0.0246,0,0
-0.0242,0,0
-0.0238,0,0
-0.0234,0,0
-0.023,0,0
-0.0226,0.00593936,0.00595041
-0.0222,0.00631686,0.00632936
-0.0218,0,0
-0.0214,0.00575268,0.00576305
-0.021,0.0154039,0.00903835
-0.0206,0.00578125,0.00579172
-0.0202,0,0
-0.0198,0.0057244,0.00573466
-0.0194,0.00607427,0.00608582
-0.019,0,0
-0.0186,0.00609823,0.00610987
-0.0182,0,0
-0.0178,0,0
-0.0174,0,0
-0.017,0,0
-0.0166,0,0
-0.0162,0,0
-0.0158,0,0
-0.0154,0,0
-0.015,0.00591378,0.00621847
-0.0146,0,0
-0.0142,0.00949328,0.00740487
-0.0138,0,0
-0.0134,0,0
-0.013,0,0
-0.0126,0.0063409,0.00635347
-0.0122,0,0
-0.0118,0,0
-0.0114,0,0
-0.011,0,0
-0.0106,0,0
-0.0102,0.00401508,0.0047853
-0.0098,0.0177103,0.010244
-0.0094,0.00957233,0.0074556
-0.009,0,0
-0.0086,0.0168187,0.00972733
-0.0082,0,0
-0.0078,0,0
-0.0074,0,0
-0.007,0.00608381,0.00609536
-0.0066,0.00606739,0.00607888
-0.0062,0.0189484,0.0109615
-0.0058,0.0068408,0.0068554
-0.0054,0.00684133,0.00685593
-0.005,0,0
-0.0046,0.00677658,0.00679091
-0.0042,0.00501364,0.00576371
-0.0038,0.0111024,0.00786721
-0.0034,0.0416348,0.0157305
-0.003,0.0420829,0.015936
-0.0026,0.085973,0.0226507
-0.0022,0.215573,0.0353535
-0.0018,0.478644,0.0526586
-0.0014,0.52073,0.0546128
-0.001,1.06294,0.0763184
-0.0006,1.41874,0.088078
-0.0002,1.63384,0.0951897
0.0002,1.6719,0.0955761
0.0006,1.41202,0.0910649
0.001,0.926536,0.0724811
0.0014,0.602537,0.0603295
0.0018,0.314042,0.0418796
0.0022,0.139092,0.0288986
0.0026,0.0495392,0.0170327
0.003,0.00588762,0.00589842
0.0034,0.0055897,0.00559943
0.0038,0,0
0.0042,0.00550189,0.00551133
0.0046,0,0
0.005,0.00908508,0.00733552
0.0054,0,0
0.0058,0,0
0.0062,0.0168902,0.009769
0.0066,0,0
0.007,0.0116206,0.00823192
0.0074,0.00599365,0.00600484
0.0078,0.00901952,0.0072364
0.0082,0.00577032,0.00578068
0.0086,0,0
0.009,0.000378356,0.00151966
0.0094,0,0
0.0098,0.00592048,0.00593138
0.0102,0,0
0.0106,0.00618942,0.00620133
0.011,0,0
0.0114,0,0
0.0118,0,0
0.0122,0,0
0.0126,0,0
0.013,0.0042877,0.00509271
0.0134,0,0
0.0138,0,0
0.0142,0.0034617,0.00444482
0.0146,0,0
0.015,0,0
0.0154,0,0
0.0158,0,0
0.0162,0.00609202,0.00610355
0.0166,0,0
0.017,0.00182861,0.00324444
0.0174,0.00581901,0.00582953
0.0178,0,0
0.0182,0,0
0.0186,0,0
0.019,0.0116837,0.00828441
0.0194,0.00559014,0.00559985
0.0198,0.00519181,0.00557053
0.0202,0,0
0.0206,0,0
0.021,0,0
0.0214,0,0
0.0218,0,0
0.0222,0.00596714,0.00597819
0.0226,0,0
0.023,0,0
0.0234,0.00551037,0.00551979
0.0238,0,0
0.0242,0.0126048,0.00901035
0.0246,0.00659096,0.00660443
0.025,0,0
0.0254,0,0
0.0258,0,0
0.0262,0,0
0.0266,0,0
0.027,0,0
0.0274,0,0
0.0278,0.00607779,0.00608924
0.0282,0,0
0.0286,0,0
0.029,0,0
0.0294,0.00597613,0.0059872
0.0298,0,0
0.0302,0.00594311,0.00595406
0.0306,0,0
0.031,0.0104083,0.00737169
0.0314,0,0
0.0318,0.00378239,0.00469585
0.0322,0,0
0.0326,0,0
0.033,0.00543187,0.00544101
0.0334,0,0
0.0338,0,0
0.0342,0.00600573,0.0060169
0.0346,0,0
0.035,0,0
0.0354,0,0
0.0358,0.00571291,0.00572301
0.0362,0,0
0.0366,0,0
0.037,0,0
0.0374,0.0057305,0.00574066
0.0378,0,0
0.0382,0,0
0.0386,0,0
0.039,0.00533429,0.00534309
0.0394,0,0
0.0398,0,0
0.0402,0.00667555,0.00668932
0.0406,0,0
0.041,0.00633226,0.00634465
0.0414,0,0
0.0418,0,0
0.0422,0.0055397,0.00554918
0.0426,0.00566703,0.00567695
0.043,0,0
0.0434,0.00556179,0.00557134
0.0438,0.00594329,0.0059542
0.0442,0,0
0.0446,0,0
0.045,0,0
0.0454,0,0
0.0458,0,0
0.0462,0.00565172,0.00566158
0.0466,0,0
0.047,0,0
0.0474,0,0
0.0478,0.00558196,0.00595618
0.0482,0,0
0.0486,0,0
0.049,0,0
0.0494,0.00578473,0.00579505
0.0498,0,0
0.0502,0,0
0.0506,0,0
0.051,0,0
0.0514,0,0
0.0518,0.0114602,0.0081179
0.0522,0,0
0.0526,0.00657835,0.00659169
0.053,0,0
0.0534,0.00563989,0.0056497
0.0538,0.00618774,0.00619953
0.0542,0,0
0.0546,0,0
0.055,0.00525088,0.00525938
0.0554,0.00575982,0.00577004
0.0558,0.010532,0.00780279
0.0562,0,0
0.0566,0,0
0.057,0,0
0.0574,0,0
0.0578,0.00560219,0.00561186
0.0582,0.00599596,0.00600703
0.0586,0,0
0.059,0,0
0.0594,0,0
0.0598,0.0063746,0.0063871
0.0602,0,0
0.0606,0,0
0.061,0,0
0.0614,0.000130245,0.000886648
0.0618,0,0
0.0622,0,0
0.0626,0,0
0.063,0.00585233,0.00586286
0.0634,0,0
0.0638,0,0
0.0642,0,0
0.0646,0,0
0.065,0.00417535,0.00500132
0.0654,0,0
0.0658,0,0
0.0662,0,0
0.0666,0,0
0.067,0,0
0.0674,0,0
0.0678,0.00550761,0.00551693
0.0682,0,0
0.0686,0,0
0.069,0,0
0.0694,0,0
0.0698,0,0
0.0702,0,0
0.0706,0.00469828,0.00524986
0.071,0,0
0.0714,0,0
0.0718,0,0
0.0722,0,0
0.0726,0,0
0.073,0,0
0.0734,0,0
0.0738,0,0
0.0742,0,0
0.0746,0,0
0.075,0,0
0.0754,0,0
0.0758,0,0
0.0762,0,0
0.0766,0.00641465,0.00642725
0.077,0,0
0.0774,0,0
0.0778,0,0
0.0782,0,0
0.0786,0,0
0.079,0,0
0.0794,0,0
0.0798,0,0
0.0802,0,0
0.0806,0,0
0.081,0,0
0.0814,0.00584249,0.00585294
0.0818,0,0
0.0822,0,0
0.0826,0,0
0.083,0,0
0.0834,0.00217534,0.00377096
0.0838,0,0
0.0842,0,0
0.0846,0,0
0.085,0,0
0.0854,0,0
0.0858,0.00597635,0.00598727
0.0862,0.00571162,0.00572159
0.0866,0,0
0.087,0.00630376,0.0063159
0.0874,0,0
0.0878,0,0
0.0882,0,0
0.0886,0,0
0.089,0,0
0.0894,0,0
0.0898,0,0
0.0902,0,0
0.0906,0.0061927,0.00620441
0.091,0,0
0.0914,0.0060291,0.0060402
0.0918,0.00602985,0.00604095
0.0922,0,0
0.0926,0,0
0.093,0,0
0.0934,0,0
0.0938,0.00365103,0.00498198
0.0942,0.00646626,0.00606559
0.0946,0,0
0.095,0,0
0.0954,0,0
0.0958,0,0
0.0962,0,0
0.0966,0,0
0.097,0,0
0.0974,0,0
0.0978,0,0
0.0982,0,0
0.0986,0,0
0.099,0,0
0.0994,0,0
0.0998,0.00630551,0.00631763
0.1002,0,0
0.1006,0,0
0.101,0,0
0.1014,0,0
0.1018,0.0068884,0.00690284
0.1022,0.00743046,0.00744727
0.1026,0,0
0.103,0,0
0.1034,0,0
0.1038,0,0
0.1042,0,0
0.1046,0.00744423,0.00746109
0.105,0,0
0.1054,0,0
0.1058,0,0
0.1062,0,0
0.1066,0.00359979,0.00514998
0.107,0,0
0.1074,0,0
0.1078,0,0
0.1082,0,0
0.1086,0,0
0.109,0,0
0.1094,0,0
0.1098,0.00755533,0.00757266
0.1102,0,0
0.1106,0,0
0.111,0.00557289,0.00703033
0.1114,0,0
0.1118,0.00916681,0.00919231
0.1122,0,0
0.1126,0,0
0.113,0,0
0.1134,0.00883692,0.00886061
0.1138,0,0
0.1142,0,0
0.1146,0,0
0.115,0,0
0.1154,0,0
0.1158,0,0
0.1162,0,0
0.1166,0,0
0.117,0,0
0.1174,0,0
0.1178,0,0
0.1182,0,0
0.1186,0,0
0.119,0,0
0.1194,0.00961744,0.00964544
0.1198,0.0103726,0.0104052
3
-0.1198,0,0
-0.1194,0,0
-0.119,0.00621181,0.00622367
-0.1186,0,0
-0.1182,0,0
-0.1178,0,0
-0.1174,0,0
-0.117,0,0
-0.1166,0,0
-0.1162,0,0
-0.1158,0,0
-0.1154,0.00712598,0.00714156
-0.115,0,0
-0.1146,0.00620996,0.00622179
-0.1142,0,0
-0.1138,0.00614297,0.00615455
-0.1134,0,0
-0.113,0,0
-0.1126,0,0
-0.1122,0,0
-0.1118,0,0
-0.1114,0,0
-0.111,0.00608785,0.00609921
-0.1106,0,0
-0.1102,0.00623555,0.00624746
-0.1098,0.00424594,0.00503061
-0.1094,0,0
-0.109,0,0
-0.1086,0,0
-0.1082,0,0
-0.1078,0,0
-0.1074,0,0
-0.107,0,0
-0.1066,0,0
-0.1062,0,0
-0.1058,0,0
-0.1054,0,0
-0.105,0,0
-0.1046,0,0
-0.1042,0,0
-0.1038,0,0
-0.1034,0,0
-0.103,0,0
-0.1026,0,0
-0.1022,0,0
-0.1018,0,0
-0.1014,0,0
-0.101,0,0
-0.1006,0,0
-0.1002,0,0
-0.0998,0,0
-0.0994,0,0
-0.099,0,0
-0.0986,0.00469472,0.00554175
-0.0982,0.00127769,0.00273519
-0.0978,0,0
-0.0974,0,0
-0.097,0,0
-0.0966,0,0
-0.0962,0,0
-0.0958,0,0
-0.0954,0,0
-0.095,0,0
-0.0946,0,0
-0.0942,0,0
-0.0938,0,0
-0.0934,0,0
-0.093,0,0
-0.0926,0,0
-0.0922,0,0
-0.0918,0,0
-0.0914,0,0
-0.091,0,0
-0.0906,0,0
-0.0902,0,0
-0.0898,0,0
-0.0894,0,0
-0.089,0,0
-0.0886,0,0
-0.0882,0,0
-0.0878,0,0
-0.0874,0,0
-0.087,0,0
-0.0866,0,0
-0.0862,0.00531876,0.00575803
-0.0858,0,0
-0.0854,0,0
-0.085,0,0
-0.0846,0,0
-0.0842,0,0
-0.0838,0,0
-0.0834,0,0
-0.083,0,0
-0.0826,0,0
-0.0822,0,0
-0.0818,0,0
-0.0814,0,0
-0.081,0,0
-0.0806,0,0
-0.0802,0,0
-0.0798,0,0
-0.0794,0,0
-0.079,0,0
-0.0786,0,0
-0.0782,0,0
-0.0778,0,0
-0.0774,0.00653408,0.00654698
-0.077,0,0
-0.0766,0,0
-0.0762,0,0
-0.0758,0,0
-0.0754,0,0
-0.075,0,0
-0.0746,0,0
-0.0742,0.00641496,0.00642737
-0.0738,0,0
-0.0734,0,0
-0.073,0,0
-0.0726,0.0049806,0.00559258
-0.0722,0,0
-0.0718,0,0
-0.0714,0,0
-0.071,0,0
-0.0706,0,0
-0.0702,0.0241821,0.0123085
-0.0698,0,0
-0.0694,0.00614905,0.00616043
-0.069,0,0
-0.0686,0,0
-0.0682,0,0
-0.0678,0,0
-0.0674,0,0
-0.067,0,0
-0.0666,0,0
-0.0662,0,0
-0.0658,0,0
-0.0654,0,0
-0.065,0,0
-0.0646,0.006628,0.00664119
-0.0642,0,0
-0.0638,0,0
-0.0634,0,0
-0.063,0,0
-0.0626,0.00604829,0.00605926
-0.0622,0,0
-0.0618,0,0
-0.0614,0,0
-0.061,0,0
-0.0606,0.00567594,0.0056856
-0.0602,0,0
-0.0598,0,0
-0.0594,0,0
-0.059,0,0
-0.0586,0,0
-0.0582,0,0
-0.0578,0,0
-0.0574,0,0
-0.057,0.00469971,0.00553192
-0.0566,0.00648679,0.00649937
-0.0562,0,0
-0.0558,0.00036635,0.00155483
-0.0554,0,0
-0.055,0,0
-0.0546,0,0
-0.0542,0,0
-0.0538,0,0
-0.0534,0,0
-0.053,0,0
-0.0526,0,0
-0.0522,0,0
-0.0518,0.00566359,0.00567316
-0.0514,0.00658767,0.00660061
-0.051,0,0
-0.0506,0,0
-0.0502,0,0
-0.0498,0.0059072,0.0059176
-0.0494,0,0
-0.049,0,0
-0.0486,0.00740196,0.00741827
-0.0482,0,0
-0.0478,0,0
-0.0474,0,0
-0.047,0,0
-0.0466,0,0
-0.0462,0,0
-0.0458,0,0
-0.0454,0.00281942,0.00417033
-0.045,0,0
-0.0446,0.0036902,0.0047098
-0.0442,0,0
-0.0438,0,0
-0.0434,0,0
-0.043,0,0
-0.0426,0,0
-0.0422,0,0
-0.0418,0.00596405,0.00597461
-0.0414,0,0
-0.041,0.00612278,0.00613391
-0.0406,0,0
-0.0402,0.00583906,0.00584918
-0.0398,0,0
-0.0394,0,0
-0.039,0,0
-0.0386,0,0
-0.0382,0,0
-0.0378,0,0
-0.0374,0,0
-0.037,0.0132943,0.00941902
-0.0366,0,0
-0.0362,0,0
-0.0358,0.00112498,0.00272024
-0.0354,0,0
-0.035,0,0
-0.0346,0,0
-0.0342,0,0
-0.0338,0,0
-0.0334,0,0
-0.033,0,0
-0.0326,0,0
-0.0322,0.00464225,0.0054079
-0.0318,0,0
-0.0314,0,0
-0.031,0,0
-0.0306,0,0
-0.0302,0.00393317,0.00501851
-0.0298,0,0
-0.0294,0,0
-0.029,0.00271131,0.00411241
-0.0286,0,0
-0.0282,0,0
-0.0278,0,0
-0.0274,0,0
-0.027,0.00634859,0.00636047
-0.0266,0,0
-0.0262,0,0
-0.0258,0,0
-0.0254,0,0
-0.025,0,0
-0.0246,0,0
-0.0242,0,0
-0.0238,0,0
-0.0234,0,0
-0.023,0,0
-0.0226,0.00537185,0.00583866
-0.0222,0,0
-0.0218,0,0
-0.0214,0.00612521,0.00613625
-0.021,0.000482712,0.00165111
-0.0206,0,0
-0.0202,0,0
-0.0198,0,0
-0.0194,0.0063806,0.00639256
-0.019,0,0
-0.0186,0,0
-0.0182,0,0
-0.0178,0,0
-0.0174,0,0
-0.017,0.00627903,0.00629061
-0.0166,0,0
-0.0162,0,0
-0.0158,0,0
-0.0154,0,0
-0.015,0.00515005,0.00582695
-0.0146,0,0
-0.0142,0,0
-0.0138,0,0
-0.0134,0,0
-0.013,0.00655747,0.00657008
-0.0126,0,0
-0.0122,0.00581259,0.00582249
-0.0118,0.00619285,0.00620409
-0.0114,0,0
-0.011,0.000977136,0.00246213
-0.0106,0.00638214,0.00639407
-0.0102,0.00784677,0.00691159
-0.0098,0,0
-0.0094,0.00570372,0.00571324
-0.009,0,0
-0.0086,0,0
-0.0082,0,0
-0.0078,0,0
-0.0074,0.0166666,0.0103972
-0.007,0,0
-0.0066,0.00648158,0.00649386
-0.0062,0.00674772,0.00676102
-0.0058,0.0073091,0.0073247
-0.0054,0.0138914,0.0098563
-0.005,0,0
-0.0046,0.0110994,0.00871768
-0.0042,0.0141061,0.00999506
-0.0038,0.0189261,0.0104927
-0.0034,0.0165719,0.0102744
-0.003,0.0451403,0.0170941
-0.0026,0.0736017,0.0216685
-0.0022,0.151155,0.030603
-0.0018,0.267938,0.0407443
-0.0014,0.414372,0.0503764
-0.001,0.690525,0.0635411
-0.0006,0.978144,0.0756091
-0.0002,1.04836,0.0788728
0.0002,0.924113,0.0734203
0.0006,0.988662,0.0786886
0.001,0.630841,0.0616454
0.0014,0.441772,0.0533902
0.0018,0.205119,0.0350749
0.0022,0.0725641,0.0215781
0.0026,0.0217828,0.0116516
0.003,0.0187434,0.0108421
0.0034,0.0196515,0.0109517
0.0038,0.00592869,0.00593892
0.0042,0,0
0.0046,0.00634844,0.00636017
0.005,0,0
0.0054,0.00622858,0.00623986
0.0058,0.0121842,0.0086308
0.0062,0,0
0.0066,0,0
0.007,0,0
0.0074,0,0
0.0078,0.00924608,0.00772035
0.0082,0.0013907,0.00293761
0.0086,0,0
0.009,0.00611142,0.00632286
0.0094,0.0127169,0.0090117
0.0098,0,0
0.0102,0,0
0.0106,0.00663617,0.00664895
0.011,0,0
0.0114,0,0
0.0118,0,0
0.0122,0,0
0.0126,0.0131796,0.00938017
0.013,0.00722157,0.00723669
0.0134,0.000979121,0.002582
0.0138,0,0
0.0142,0,0
0.0146,0,0
0.015,0,0
0.0154,0.00653143,0.00654378
0.0158,0,0
0.0162,0.00653886,0.00655124
0.0166,0,0
0.017,0,0
0.0174,0.00624675,0.00625805
0.0178,0,0
0.0182,0.00605538,0.00606599
0.0186,0,0
0.019,0,0
0.0194,0,0
0.0198,0.00215158,0.0037163
0.0202,0,0
0.0206,0,0
0.021,0,0
0.0214,0,0
0.0218,0.0129625,0.00919134
0.0222,0,0
0.0226,0,0
0.023,0,0
0.0234,0,0
0.0238,0,0
0.0242,0.00713772,0.00702928
0.0246,0.00708413,0.00709861
0.025,0,0
0.0254,0,0
0.0258,0,0
0.0262,0,0
0.0266,0,0
0.027,0.00252368,0.0041017
0.0274,0,0
0.0278,0.00653585,0.00654816
0.0282,0,0
0.0286,0.00593422,0.00594437
0.029,0.00642768,0.00643958
0.0294,0.00605246,0.00606302
0.0298,0.00574703,0.00575654
0.0302,0,0
0.0306,0,0
0.031,0.0111996,0.00793212
0.0314,0,0
0.0318,0,0
0.0322,0,0
0.0326,0,0
0.033,0,0
0.0334,0,0
0.0338,0,0
0.0342,0,0
0.0346,0,0
0.035,0,0
0.0354,0,0
0.0358,0,0
0.0362,0,0
0.0366,0,0
0.037,0,0
0.0374,0,0
0.0378,0.0131333,0.00930419
0.0382,0,0
0.0386,0,0
0.039,0,0
0.0394,0,0
0.0398,0,0
0.0402,0.00719312,0.00720796
0.0406,0,0
0.041,0.00682376,0.00683712
0.0414,0,0
0.0418,0,0
0.0422,0,0
0.0426,0,0
0.043,0,0
0.0434,0,0
0.0438,0,0
0.0442,0.00634126,0.00635278
0.0446,0,0
0.045,0,0
0.0454,0,0
0.0458,0.00609352,0.00610415
0.0462,0,0
0.0466,0,0
0.047,0.00672603,0.00673898
0.0474,0,0
0.0478,0.0008076,0.00235284
0.0482,0.0014863,0.00299752
0.0486,0,0
0.049,0,0
0.0494,0.00624017,0.00625131
0.0498,0,0
0.0502,0,0
0.0506,0.00606715,0.00607767
0.051,0,0
0.0514,0,0
0.0518,0.00608185,0.00609242
0.0522,0,0
0.0526,0.00709883,0.00711322
0.053,0,0
0.0534,0,0
0.0538,0,0
0.0542,0,0
0.0546,0,0
0.055,0,0
0.0554,0,0
0.0558,0,0
0.0562,0,0
0.0566,0,0
0.057,0,0
0.0574,0,0
0.0578,0,0
0.0582,0.00647336,0.00648531
0.0586,0,0
0.059,0,0
0.0594,0.00597773,0.00598791
0.0598,0,0
0.0602,0,0
0.0606,0,0
0.061,0,0
0.0614,0,0
0.0618,0,0
0.0622,0,0
0.0626,0,0
0.063,0,0
0.0634,0.00622047,0.00623149
0.0638,0,0
0.0642,0,0
0.0646,0,0
0.065,0,0
0.0654,0,0
0.0658,0,0
0.0662,0,0
0.0666,0,0
0.067,0,0
0.0674,0,0
0.0678,0,0
0.0682,0,0
0.0686,0,0
0.069,0,0
0.0694,0.00718646,0.00720114
0.0698,0,0
0.0702,0,0
0.0706,0.00123918,0.00280249
0.071,0,0
0.0714,0,0
0.0718,0,0
0.0722,0,0
0.0726,0.00299954,0.00424883
0.073,0,0
0.0734,0,0
0.0738,0,0
0.0742,0,0
0.0746,0,0
0.075,0.00620662,0.00621755
0.0754,0,0
0.0758,0,0
0.0762,0,0
0.0766,0,0
0.077,0,0
0.0774,0,0
0.0778,0,0
0.0782,0,0
0.0786,0.00599094,0.00600112
0.079,0,0
0.0794,0,0
0.0798,0,0
0.0802,0,0
0.0806,0,0
0.081,0,0
0.0814,0,0
0.0818,0,0
0.0822,0,0
0.0826,0.00612337,0.00613398
0.083,0,0
0.0834,0.00468817,0.00575656
0.0838,0.00572349,0.00573276
0.0842,0,0
0.0846,0.00616894,0.0061797
0.085,0,0
0.0854,0,0
0.0858,0,0
0.0862,0,0
0.0866,0,0
0.087,0,0
0.0874,0,0
0.0878,0,0
0.0882,0,0
0.0886,0,0
0.089,0,0
0.0894,0,0
0.0898,0,0
0.0902,0,0
0.0906,0,0
0.091,0,0
0.0914,0,0
0.0918,0,0
0.0922,0,0
0.0926,0,0
0.093,0,0
0.0934,0.000261775,0.00129283
0.0938,0,0
0.0942,0.00567917,0.00614058
0.0946,0.000940386,0.00239101
0.095,0,0
0.0954,0.00683693,0.00685012
0.0958,0,0
0.0962,0,0
0.0966,0,0
0.097,0,0
0.0974,0,0
0.0978,0.0067536,0.00676646
0.0982,0,0
0.0986,0,0
0.099,0,0
0.0994,0,0
0.0998,0,0
0.1002,0,0
0.1006,0.0109513,0.00890196
0.101,0.00742471,0.00744024
0.1014,0,0
0.1018,0,0
0.1022,0.00803544,0.00805362
0.1026,0,0
0.103,0,0
0.1034,0,0
0.1038,0,0
0.1042,0,0
0.1046,0,0
0.105,0,0
0.1054,0,0
0.1058,0,0
0.1062,0,0
0.1066,0.00403808,0.00567134
0.107,0,0
0.1074,0.016148,0.0114505
0.1078,0,0
0.1082,0,0
0.1086,0,0
0.109,0.00834765,0.00836724
0.1094,0,0
0.1098,0,0
0.1102,0,0
0.1106,0,0
0.111,0.00351099,0.00580106
0.1114,0,0
0.1118,0,0
0.1122,0,0
0.1126,0.00851995,0.00854034
0.113,0,0
0.1134,0,0
0.1138,0,0
0.1142,0,0
0.1146,0,0
0.115,0,0
0.1154,0,0
0.1158,0,0
0.1162,0,0
0.1166,0,0
0.117,0.0104366,0.0104672
0.1174,0,0
0.1178,0,0
0.1182,0,0
0.1186,0,0
0.119,0,0
0.1194,0,0
0.1198,0,0
4
-0.1198,0,0
-0.1194,0,0
-0.119,0.00622847,0.00624036
-0.1186,0,0
-0.1182,0,0
-0.1178,0,0
-0.1174,0,0
-0.117,0.00564085,0.0056506
-0.1166,0,0
-0.1162,0,0
-0.1158,0,0
-0.1154,0,0
-0.115,0,0
-0.1146,0,0
-0.1142,0,0
-0.1138,0,0
-0.1134,0,0
-0.113,0,0
-0.1126,0,0
-0.1122,0,0
-0.1118,0,0
-0.1114,0,0
-0.111,0,0
-0.1106,0,0
-0.1102,0,0
-0.1098,0.00766514,0.0067741
-0.1094,0,0
-0.109,0,0
-0.1086,0.00578878,0.005799
-0.1082,0,0
-0.1078,0,0
-0.1074,0,0
-0.107,0,0
-0.1066,0,0
-0.1062,0,0
-0.1058,0,0
-0.1054,0,0
-0.105,0,0
-0.1046,0,0
-0.1042,0,0
-0.1038,0,0
-0.1034,0,0
-0.103,0,0
-0.1026,0,0
-0.1022,0,0
-0.1018,0,0
-0.1014,0,0
-0.101,0,0
-0.1006,0,0
-0.1002,0,0
-0.0998,0,0
-0.0994,0.00667144,0.00668494
-0.099,0,0
-0.0986,0.00183119,0.00347076
-0.0982,0.0045826,0.00519463
-0.0978,0,0
-0.0974,0,0
-0.097,0,0
-0.0966,0.00292148,0.00444392
-0.0962,0,0
-0.0958,0,0
-0.0954,0,0
-0.095,0,0
-0.0946,0,0
-0.0942,0,0
-0.0938,0,0
-0.0934,0,0
-0.093,0,0
-0.0926,0,0
-0.0922,0,0
-0.0918,0,0
-0.0914,0,0
-0.091,0,0
-0.0906,0,0
-0.0902,0,0
-0.0898,0,0
-0.0894,0,0
-0.089,0,0
-0.0886,0,0
-0.0882,0,0
-0.0878,0,0
-0.0874,0,0
-0.087,0,0
-0.0866,0,0
-0.0862,0.000896726,0.00237132
-0.0858,0,0
-0.0854,0,0
-0.085,0,0
-0.0846,0,0
-0.0842,0,0
-0.0838,0.0124619,0.00883121
-0.0834,0,0
-0.083,0,0
-0.0826,0,0
-0.0822,0,0
-0.0818,0,0
-0.0814,0,0
-0.081,0,0
-0.0806,0,0
-0.0802,0,0
-0.0798,0,0
-0.0794,0,0
-0.079,0,0
-0.0786,0,0
-0.0782,0,0
-0.0778,0,0
-0.0774,0,0
-0.077,0,0
-0.0766,0,0
-0.0762,0,0
-0.0758,0,0
-0.0754,0,0
-0.075,0,0
-0.0746,0,0
-0.0742,0.00291403,0.00434155
-0.0738,0,0
-0.0734,0,0
-0.073,0,0
-0.0726,0,0
-0.0722,0,0
-0.0718,0,0
-0.0714,0,0
-0.071,0,0
-0.0706,0,0
-0.0702,0.00699627,0.00660862
-0.0698,0,0
-0.0694,0,0
-0.069,0,0
-0.0686,0.00616179,0.00650007
-0.0682,0,0
-0.0678,0,0
-0.0674,0,0
-0.067,0,0
-0.0666,0,0
-0.0662,0,0
-0.0658,0,0
-0.0654,0,0
-0.065,0,0
-0.0646,0,0
-0.0642,0,0
-0.0638,0,0
-0.0634,0,0
-0.063,0,0
-0.0626,0,0
-0.0622,0,0
-0.0618,0,0
-0.0614,0,0
-0.061,0,0
-0.0606,0,0
-0.0602,0,0
-0.0598,0,0
-0.0594,0.00474144,0.00546967
-0.059,0,0
-0.0586,0,0
-0.0582,0,0
-0.0578,0.00622713,0.00623871
-0.0574,0.00163471,0.00326506
-0.057,0.00828617,0.00735132
-0.0566,0,0
-0.0562,0,0
-0.0558,0.00621544,0.00640881
-0.0554,0,0
-0.055,0,0
-0.0546,0,0
-0.0542,0,0
-0.0538,0,0
-0.0534,0.00613445,0.00614568
-0.053,0,0
-0.0526,0,0
-0.0522,0,0
-0.0518,0,0
-0.0514,0,0
-0.051,0,0
-0.0506,0,0
-0.0502,0,0
-0.0498,0,0
-0.0494,0,0
-0.049,0,0
-0.0486,0,0
-0.0482,0,0
-0.0478,0,0
-0.0474,0,0
-0.047,0,0
-0.0466,0,0
-0.0462,0,0
-0.0458,0,0
-0.0454,0.00332298,0.00452498
-0.045,0.0125165,0.00886703
-0.0446,0,0
-0.0442,0,0
-0.0438,0,0
-0.0434,0,0
-0.043,0,0
-0.0426,0,0
-0.0422,0,0
-0.0418,0,0
-0.0414,0,0
-0.041,0,0
-0.0406,0,0
-0.0402,0,0
-0.0398,0.00598158,0.00599222
-0.0394,0,0
-0.039,0,0
-0.0386,0,0
-0.0382,0,0
-0.0378,0,0
-0.0374,0,0
-0.037,0,0
-0.0366,0,0
-0.0362,0.00634225,0.0063542
-0.0358,0,0
-0.0354,0,0
-0.035,0,0
-0.0346,0,0
-0.0342,0,0
-0.0338,0,0
-0.0334,0.00634195,0.0063539
-0.033,0,0
-0.0326,0,0
-0.0322,0.00843811,0.00753546
-0.0318,0.00664771,0.00666083
-0.0314,0,0
-0.031,0,0
-0.0306,0.00630218,0.00631397
-0.0302,0.00243415,0.00393832
-0.0298,0.00640261,0.00641477
-0.0294,0,0
-0.029,0.00348499,0.00465009
-0.0286,0,0
-0.0282,0,0
-0.0278,0,0
-0.0274,0,0
-0.027,0.00631144,0.00632325
-0.0266,0,0
-0.0262,0,0
-0.0258,0,0
-0.0254,0.00647219,0.00648462
-0.025,0,0
-0.0246,0,0
-0.0242,0,0
-0.0238,0,0
-0.0234,0.00632474,0.0063366
-0.023,0,0
-0.0226,0.00761777,0.00711792
-0.0222,0.00587923,0.00588948
-0.0218,0.00587924,0.00588949
-0.0214,0,0
-0.021,0,0
-0.0206,0,0
-0.0202,0,0
-0.0198,0.00604631,0.00605715
-0.0194,0,0
-0.019,0.000198647,0.00113104
-0.0186,0,0
-0.0182,0,0
-0.0178,0,0
-0.0174,0.00616214,0.0061734
-0.017,0,0
-0.0166,0,0
-0.0162,0,0
-0.0158,0.00599122,0.00600186
-0.0154,0,0
-0.015,0.00198148,0.00358081
-0.0146,0,0
-0.0142,0.00439588,0.00515547
-0.0138,0.00622745,0.00623894
-0.0134,0,0
-0.013,0,0
-0.0126,0.00423666,0.00533363
-0.0122,0.0015478,0.00298703
-0.0118,0,0
-0.0114,0.00610681,0.00611787
-0.011,0.00514138,0.00561342
-0.0106,0.00630356,0.00631534
-0.0102,0,0
-0.0098,0,0
-0.0094,0,0
-0.009,0.00589228,0.00590258
-0.0086,0,0
-0.0082,0,0
-0.0078,0,0
-0.0074,0.00268664,0.00415001
-0.007,0.00634916,0.00636112
-0.0066,0.00638883,0.00640093
-0.0062,0.0131087,0.00928826
-0.0058,0,0
-0.0054,0,0
-0.005,0.0129653,0.0091855
-0.0046,0.0149666,0.00974194
-0.0042,0.0252442,0.0127096
-0.0038,0.0160891,0.00974969
-0.0034,0.0187753,0.0108647
-0.003,0.063346,0.0200701
-0.0026,0.0682802,0.0206207
-0.0022,0.160137,0.0312292
-0.0018,0.27844,0.0411874
-0.0014,0.45824,0.0525523
-0.001,0.747276,0.0655908
-0.0006,0.869196,0.0706417
-0.0002,1.02952,0.0774795
0.0002,0.932734,0.0733246
0.0006,0.856673,0.0726576
0.001,0.711898,0.0652079
0.0014,0.365489,0.0480262
0.0018,0.20483,0.0349699
0.0022,0.120549,0.0274703
0.0026,0.0486462,0.0172318
0.003,0.0304193,0.0136298
0.0034,0.0161838,0.00974392
0.0038,0.00581086,0.00582088
0.0042,0.0115446,0.00817725
0.0046,0,0
0.005,0,0
0.0054,0,0
0.0058,0.00630795,0.00631976
0.0062,0,0
0.0066,0,0
0.007,0.00603806,0.00604889
0.0074,0,0
0.0078,0,0
0.0082,0.00468623,0.0053325
0.0086,0.00604583,0.00605669
0.009,0,0
0.0094,0.00605844,0.00606934
0.0098,0,0
0.0102,0,0
0.0106,0.00648079,0.00649327
0.011,0,0
0.0114,0,0
0.0118,0,0
0.0122,0,0
0.0126,0,0
0.013,0,0
0.0134,0.00565885,0.00612966
0.0138,0.00594803,0.00595854
0.0142,0.00577907,0.005789
0.0146,0,0
0.015,0,0
0.0154,0,0
0.0158,0,0
0.0162,0,0
0.0166,0,0
0.017,0.00599309,0.00600377
0.0174,0,0
0.0178,0.0059675,0.00597809
0.0182,0,0
0.0186,0,0
0.019,0,0
0.0194,0,0
0.0198,0.00492143,0.0055413
0.0202,0,0
0.0206,0,0
0.021,0,0
0.0214,0,0
0.0218,0,0
0.0222,0,0
0.0226,0,0
0.023,0,0
0.0234,0,0
0.0238,0,0
0.0242,0,0
0.0246,0,0
0.025,0.0181284,0.0104861
0.0254,0,0
0.0258,0,0
0.0262,0,0
0.0266,0,0
0.027,0.00398821,0.00507479
0.0274,0,0
0.0278,0,0
0.0282,0,0
0.0286,0.00640558,0.0064178
0.029,0,0
0.0294,0,0
0.0298,0.0114154,0.00808837
0.0302,0.00618436,0.00619574
0.0306,0,0
0.031,0,0
0.0314,0,0
0.0318,0,0
0.0322,0,0
0.0326,0.00536568,0.00537426
0.033,0,0
0.0334,0,0
0.0338,0,0
0.0342,0,0
0.0346,0,0
0.035,0,0
0.0354,0,0
0.0358,0,0
0.0362,0,0
0.0366,0,0
0.037,0,0
0.0374,0.00595012,0.00596067
0.0378,0,0
0.0382,0,0
0.0386,0,0
0.039,0,0
0.0394,0,0
0.0398,0,0
0.0402,0.00692576,0.00694005
0.0406,0,0
0.041,0,0
0.0414,0.00656782,0.00658067
0.0418,0,0
0.0422,0,0
0.0426,0.00587527,0.00588555
0.043,0,0
0.0434,0,0
0.0438,0,0
0.0442,0,0
0.0446,0,0
0.045,0,0
0.0454,0,0
0.0458,0,0
0.0462,0.00660319,0.00661619
0.0466,0.00660301,0.006616
0.047,0.00615924,0.00617056
0.0474,0,0
0.0478,0,0
0.0482,0.00435419,0.00502543
0.0486,0,0
0.049,0,0
0.0494,0.00591018,0.0059206
0.0498,0.0121295,0.00859241
0.0502,0,0
0.0506,0,0
0.051,0,0
0.0514,0,0
0.0518,0.00592311,0.00593357
0.0522,0,0
0.0526,0,0
0.053,0,0
0.0534,0,0
0.0538,0.00639216,0.00640435
0.0542,0,0
0.0546,0,0
0.055,0,0
0.0554,0,0
0.0558,0,0
0.0562,0,0
0.0566,0,0
0.057,0,0
0.0574,0,0
0.0578,0,0
0.0582,0,0
0.0586,0,0
0.059,0,0
0.0594,0,0
0.0598,0,0
0.0602,0,0
0.0606,0,0
0.061,0,0
0.0614,0,0
0.0618,0,0
0.0622,0.0066938,0.00670717
0.0626,0,0
0.063,0,0
0.0634,0,0
0.0638,0,0
0.0642,0,0
0.0646,0,0
0.065,0,0
0.0654,0.00616945,0.00618081
0.0658,0,0
0.0662,0,0
0.0666,0,0
0.067,0,0
0.0674,0,0
0.0678,0.0113353,0.00802884
0.0682,0,0
0.0686,0,0
0.069,0,0
0.0694,0,0
0.0698,0,0
0.0702,0,0
0.0706,0,0
0.071,0.00593587,0.00594639
0.0714,0,0
0.0718,0,0
0.0722,0,0
0.0726,0.00285172,0.00404017
0.073,0,0
0.0734,0,0
0.0738,0,0
0.0742,0,0
0.0746,0,0
0.075,0,0
0.0754,0,0
0.0758,0,0
0.0762,0,0
0.0766,0,0
0.077,0.00602258,0.00603341
0.0774,0,0
0.0778,0,0
0.0782,0.00656658,0.00657945
0.0786,0,0
0.079,0,0
0.0794,0,0
0.0798,0.00580699,0.00581706
0.0802,0,0
0.0806,0,0
0.081,0,0
0.0814,0,0
0.0818,0,0
0.0822,0,0
0.0826,0,0
0.083,0,0
0.0834,0,0
0.0838,0,0
0.0842,0,0
0.0846,0,0
0.085,0,0
0.0854,0.00612227,0.00613346
0.0858,0.00612216,0.00613335
0.0862,0,0
0.0866,0,0
0.087,0,0
0.0874,0,0
0.0878,0,0
0.0882,0,0
0.0886,0,0
0.089,0,0
0.0894,0,0
0.0898,0,0
0.0902,0,0
0.0906,0,0
0.091,0,0
0.0914,0.00613962,0.00615087
0.0918,0,0
0.0922,0,0
0.0926,0,0
0.093,0,0
0.0934,0.00576896,0.00590202
0.0938,0,0
0.0942,0,0
0.0946,0.00483907,0.00527388
0.095,0,0
0.0954,0,0
0.0958,0,0
0.0962,0,0
0.0966,0,0
0.097,0,0
0.0974,0,0
0.0978,0,0
0.0982,0,0
0.0986,0,0
0.099,0,0
0.0994,0,0
0.0998,0,0
0.1002,0,0
0.1006,0.0032704,0.00472786
0.101,0,0
0.1014,0.00638429,0.00639645
0.1018,0,0
0.1022,0,0
0.1026,0,0
0.103,0,0
0.1034,0,0
0.1038,0,0
0.1042,0,0
0.1046,0,0
0.105,0,0
0.1054,0,0
0.1058,0.00732085,0.00733682
0.1062,0,0
0.1066,0,0
0.107,0,0
0.1074,0,0
0.1078,0,0
0.1082,0,0
0.1086,0,0
0.109,0,0
0.1094,0,0
0.1098,0,0
0.1102,0,0
0.1106,0,0
0.111,0,0
0.1114,0,0
0.1118,0,0
0.1122,0,0
0.1126,0,0
0.113,0,0
0.1134,0.00901034,0.00903449
0.1138,0,0
0.1142,0,0
0.1146,0,0
0.115,0,0
0.1154,0,0
0.1158,0,0
0.1162,0,0
0.1166,0,0
0.117,0,0
0.1174,0,0
0.1178,0.00944177,0.00946827
0.1182,0,0
0.1186,0,0
0.119,0,0
0.1194,0,0
0.1198,0,0
5
-0.1198,0,0
-0.1194,0,0
-0.119,0,0
-0.1186,0,0
-0.1182,0,0
-0.1178,0,0
-0.1174,0,0
-0.117,0,0
-0.1166,0,0
-0.1162,0,0
-0.1158,0,0
-0.1154,0,0
-0.115,0,0
-0.1146,0,0
-0.1142,0,0
-0.1138,0,0
-0.1134,0,0
-0.113,0,0
-0.1126,0,0
-0.1122,0,0
-0.1118,0,0
-0.1114,0,0
-0.111,0,0
-0.1106,0,0
-0.1102,0,0
-0.1098,0,0
-0.1094,0,0
-0.109,0,0
-0.1086,0,0
-0.1082,0,0
-0.1078,0,0
-0.1074,0,0
-0.107,0.00719264,0.00720823
-0.1066,0,0
-0.1062,0,0
-0.1058,0,0
-0.1054,0,0
-0.105,0,0
-0.1046,0,0
-0.1042,0,0
-0.1038,0,0
-0.1034,0.00646648,0.00647906
-0.103,0,0
-0.1026,0,0
-0.1022,0,0
-0.1018,0,0
-0.1014,0,0
-0.101,0,0
-0.1006,0,0
-0.1002,0,0
-0.0998,0,0
-0.0994,0,0
-0.099,0,0
-0.0986,0,0
-0.0982,0,0
-0.0978,0,0
-0.0974,0,0
-0.097,0,0
-0.0966,0.00385718,0.00513722
-0.0962,0,0
-0.0958,0,0
-0.0954,0.00653982,0.00655261
-0.095,0,0
-0.0946,0,0
-0.0942,0,0
-0.0938,0,0
-0.0934,0,0
-0.093,0,0
-0.0926,0,0
-0.0922,0,0
-0.0918,0.0118732,0.00889366
-0.0914,0,0
-0.091,0,0
-0.0906,0,0
-0.0902,0,0
-0.0898,0,0
-0.0894,0,0
-0.089,0,0
-0.0886,0,0
-0.0882,0,0
-0.0878,0.00713381,0.00714895
-0.0874,0,0
-0.087,0.00611592,0.00612705
-0.0866,0.00637032,0.00638239
-0.0862,0,0
-0.0858,0,0
-0.0854,0,0
-0.085,0,0
-0.0846,0,0
-0.0842,0,0
-0.0838,0,0
-0.0834,0,0
-0.083,0,0
-0.0826,0,0
-0.0822,0,0
-0.0818,0,0
-0.0814,0,0
-0.081,0,0
-0.0806,0,0
-0.0802,0,0
-0.0798,0,0
-0.0794,0,0
-0.079,0,0
-0.0786,0,0
-0.0782,0,0
-0.0778,0,0
-0.0774,0,0
-0.077,0,0
-0.0766,0,0
-0.0762,0,0
-0.0758,0,0
-0.0754,0,0
-0.075,0,0
-0.0746,0.00628462,0.00629628
-0.0742,0.00775265,0.00709461
-0.0738,0,0
-0.0734,0,0
-0.073,0,0
-0.0726,0,0
-0.0722,0,0
-0.0718,0.00687395,0.00688789
-0.0714,0,0
-0.071,0.00613,0.00614108
-0.0706,0,0
-0.0702,0.00185674,0.00343399
-0.0698,0,0
-0.0694,0,0
-0.069,0,0
-0.0686,0.00067892,0.00217654
-0.0682,0,0
-0.0678,0,0
-0.0674,0,0
-0.067,0,0
-0.0666,0,0
-0.0662,0,0
-0.0658,0.00601027,0.0060209
-0.0654,0,0
-0.065,0,0
-0.0646,0,0
-0.0642,0,0
-0.0638,0,0
-0.0634,0,0
-0.063,0,0
-0.0626,0,0
-0.0622,0,0
-0.0618,0,0
-0.0614,0,0
-0.061,0,0
-0.0606,0.00665251,0.0066655
-0.0602,0.0066537,0.00666669
-0.0598,0,0
-0.0594,0.00157387,0.00318094
-0.059,0,0
-0.0586,0,0
-0.0582,0,0
-0.0578,0.00634629,0.00635809
-0.0574,0.0049549,0.0057388
-0.057,0,0
-0.0566,0,0
-0.0562,0.00665294,0.0066659
-0.0558,0,0
-0.0554,0,0
-0.055,0,0
-0.0546,0,0
-0.0542,0,0
-0.0538,0,0
-0.0534,0,0
-0.053,0,0
-0.0526,0,0
-0.0522,0,0
-0.0518,0,0
-0.0514,0,0
-0.051,0,0
-0.0506,0,0
-0.0502,0,0
-0.0498,0,0
-0.0494,0,0
-0.049,0.0128466,0.00910095
-0.0486,0,0
-0.0482,0,0
-0.0478,0.00620571,0.00621695
-0.0474,0,0
-0.047,0,0
-0.0466,0,0
-0.0462,0,0
-0.0458,0,0
-0.0454,0.012534,0.00887909
-0.045,0,0
-0.0446,0,0
-0.0442,0.00627434,0.00628582
-0.0438,0,0
-0.0434,0.00703701,0.00705144
-0.043,0,0
-0.0426,0,0
-0.0422,0,0
-0.0418,0,0
-0.0414,0,0
-0.041,0,0
-0.0406,0,0
-0.0402,0,0
-0.0398,0,0
-0.0394,0,0
-0.039,0,0
-0.0386,0,0
-0.0382,0,0
-0.0378,0,0
-0.0374,0,0
-0.037,0,0
-0.0366,0.00717999,0.00719498
-0.0362,0,0
-0.0358,0,0
-0.0354,0,0
-0.035,0,0
-0.0346,0,0
-0.0342,0,0
-0.0338,0,0
-0.0334,0,0
-0.033,0,0
-0.0326,0,0
-0.0322,0,0
-0.0318,0,0
-0.0314,0,0
-0.031,0,0
-0.0306,0.00644423,0.00645628
-0.0302,0,0
-0.0298,0.0134392,0.00952461
-0.0294,0,0
-0.029,0,0
-0.0286,0,0
-0.0282,0,0
-0.0278,0,0
-0.0274,0,0
-0.027,0,0
-0.0266,0,0
-0.0262,0,0
-0.0258,0,0
-0.0254,0,0
-0.025,0,0
-0.0246,0,0
-0.0242,0,0
-0.0238,0.00746002,0.00747614
-0.0234,0.0074604,0.00747653
-0.023,0.00658447,0.00659703
-0.0226,0.00642354,0.00643549
-0.0222,0,0
-0.0218,0,0
-0.0214,0.00622132,0.00623253
-0.021,0,0
-0.0206,0,0
-0.0202,0.00112953,0.00260933
-0.0198,0,0
-0.0194,0,0
-0.019,0.00636631,0.00647952
-0.0186,0.00647127,0.00648339
-0.0182,0,0
-0.0178,0,0
-0.0174,0,0
-0.017,0,0
-0.0166,0,0
-0.0162,0,0
-0.0158,0,0
-0.0154,0,0
-0.015,0.00660553,0.00661815
-0.0146,0,0
-0.0142,0.0016694,0.00321632
-0.0138,0,0
-0.0134,0,0
-0.013,0.00664675,0.00665952
-0.0126,0.00251329,0.00415952
-0.0122,0.00430341,0.00504334
-0.0118,0.0128132,0.00907904
-0.0114,0,0
-0.011,0,0
-0.0106,0.0064656,0.00647769
-0.0102,0,0
-0.0098,0,0
-0.0094,0,0
-0.009,0,0
-0.0086,0,0
-0.0082,0,0
-0.0078,0.00646914,0.00648123
-0.0074,0.00651909,0.00653137
-0.007,0,0
-0.0066,0.0131229,0.00929687
-0.0062,0.00683032,0.00684379
-0.0058,0,0
-0.0054,0,0
-0.005,0.0213172,0.0123449
-0.0046,0,0
-0.0042,0.0142729,0.0101133
-0.0038,0.0240124,0.0120317
-0.0034,0.0386038,0.0157961
-0.003,0.0585637,0.0195585
-0.0026,0.0964251,0.0249448
-0.0022,0.187356,0.0342705
-0.0018,0.318823,0.0446833
-0.0014,0.529036,0.0572137
-0.001,0.837591,0.0703327
-0.0006,1.05546,0.0789474
-0.0002,1.04689,0.0791224
0.0002,1.11949,0.0813066
0.0006,0.802563,0.0713537
0.001,0.695771,0.0653809
0.0014,0.335344,0.0465792
0.0018,0.16186,0.0316006
0.0022,0.131153,0.0291827
0.0026,0.0998142,0.025001
0.003,0.0316376,0.0141755
0.0034,0.0241522,0.0120972
0.0038,0.0179433,0.0103775
0.0042,0.00594187,0.00595205
0.0046,0,0
0.005,0,0
0.0054,0,0
0.0058,0,0
0.0062,0.0182314,0.0105447
0.0066,0,0
0.007,0,0
0.0074,0.00627024,0.00628158
0.0078,0,0
0.0082,0,0
0.0086,0,0
0.009,0.00655886,0.00657127
0.0094,0,0
0.0098,0.00638498,0.00639674
0.0102,0.00688576,0.00689944
0.0106,0,0
0.011,0.0133338,0.00944659
0.0114,0,0
0.0118,0,0
0.0122,0,0
0.0126,0,0
0.013,0,0
0.0134,0,0
0.0138,0.00635374,0.00636539
0.0142,0,0
0.0146,0,0
0.015,0,0
0.0154,0.00622487,0.00623605
0.0158,0,0
0.0162,0,0
0.0166,0,0
0.017,0,0
0.0174,0,0
0.0178,0,0
0.0182,0,0
0.0186,0,0
0.019,0.00601589,0.00602633
0.0194,0,0
0.0198,0,0
0.0202,0,0
0.0206,0.0065347,0.00654702
0.021,0,0
0.0214,0,0
0.0218,0,0
0.0222,0.00641807,0.00642996
0.0226,0.00676464,0.00677784
0.023,0,0
0.0234,0,0
0.0238,0,0
0.0242,0.00689745,0.00691118
0.0246,0,0
0.025,0,0
0.0254,0,0
0.0258,0.0066849,0.0066978
0.0262,0.00639172,0.0064035
0.0266,0,0
0.027,0,0
0.0274,0,0
0.0278,0,0
0.0282,0,0
0.0286,0,0
0.029,0.00628018,0.00629155
0.0294,0.0064204,0.00643229
0.0298,0,0
0.0302,0.00638411,0.00639587
0.0306,0,0
0.031,0,0
0.0314,0,0
0.0318,0,0
0.0322,0,0
0.0326,0,0
0.033,0,0
0.0334,0,0
0.0338,0,0
0.0342,0,0
0.0346,0,0
0.035,0.00622962,0.00624081
0.0354,0,0
0.0358,0,0
0.0362,0,0
0.0366,0,0
0.037,0.00620699,0.0062181
0.0374,0,0
0.0378,0,0
0.0382,0,0
0.0386,0.00596166,0.00597191
0.039,0,0
0.0394,0,0
0.0398,0.0139115,0.00985662
0.0402,0,0
0.0406,0,0
0.041,0,0
0.0414,0,0
0.0418,0.00637761,0.00638933
0.0422,0,0
0.0426,0,0
0.043,0,0
0.0434,0,0
0.0438,0,0
0.0442,0.00630817,0.00631963
0.0446,0,0
0.045,0,0
0.0454,0,0
0.0458,0,0
0.0462,0,0
0.0466,0.006838,0.00685146
0.047,0,0
0.0474,0,0
0.0478,0,0
0.0482,0,0
0.0486,0,0
0.049,0,0
0.0494,0,0
0.0498,0.00628569,0.00629706
0.0502,0,0
0.0506,0,0
0.051,0,0
0.0514,0,0
0.0518,0,0
0.0522,0,0
0.0526,0,0
0.053,0,0
0.0534,0,0
0.0538,0,0
0.0542,0,0
0.0546,0,0
0.055,0,0
0.0554,0,0
0.0558,0,0
0.0562,0,0
0.0566,0,0
0.057,0,0
0.0574,0.00565527,0.00566447
0.0578,0,0
0.0582,0,0
0.0586,0,0
0.059,0,0
0.0594,0,0
0.0598,0,0
0.0602,0,0
0.0606,0,0
0.061,0,0
0.0614,0,0
0.0618,0.00644493,0.00645685
0.0622,0,0
0.0626,0,0
0.063,0,0
0.0634,0,0
0.0638,0,0
0.0642,0,0
0.0646,0,0
0.065,0,0
0.0654,0,0
0.0658,0,0
0.0662,0,0
0.0666,0,0
0.067,0,0
0.0674,0,0
0.0678,0,0
0.0682,0,0
0.0686,0,0
0.069,0,0
0.0694,0.00712969,0.00714425
0.0698,0,0
0.0702,0,0
0.0706,0,0
0.071,0.00618834,0.00619931
0.0714,0,0
0.0718,0,0
0.0722,0,0
0.0726,0,0
0.073,0,0
0.0734,0,0
0.0738,0,0
0.0742,0,0
0.0746,0,0
0.075,0,0
0.0754,0,0
0.0758,0,0
0.0762,0,0
0.0766,0,0
0.077,0,0
0.0774,0,0
0.0778,0,0
0.0782,0,0
0.0786,0.00594391,0.00595401
0.079,0.00627057,0.00628179
0.0794,0,0
0.0798,0.00620484,0.00621583
0.0802,0,0
0.0806,0,0
0.081,0,0
0.0814,0,0
0.0818,0,0
0.0822,0,0
0.0826,0,0
0.083,0,0
0.0834,0,0
0.0838,0,0
0.0842,0.00568108,0.00569028
0.0846,0,0
0.085,0,0
0.0854,0,0
0.0858,0,0
0.0862,0,0
0.0866,0.00614843,0.0061592
0.087,0,0
0.0874,0,0
0.0878,0,0
0.0882,0,0
0.0886,0,0
0.089,0,0
0.0894,0.00620962,0.00622059
0.0898,0,0
0.0902,0.00559334,0.00611084
0.0906,0,0
0.091,0,0
0.0914,0,0
0.0918,0,0
0.0922,0,0
0.0926,0,0
0.093,0,0
0.0934,0,0
0.0938,0,0
0.0942,0,0
0.0946,0,0
0.095,0,0
0.0954,0,0
0.0958,0.00679673,0.00680983
0.0962,0.00766433,0.00768099
0.0966,0,0
0.097,0,0
0.0974,0,0
0.0978,0,0
0.0982,0,0
0.0986,0,0
0.099,0,0
0.0994,0,0
0.0998,0,0
0.1002,0,0
0.1006,0,0
0.101,0,0
0.1014,0,0
0.1018,0,0
0.1022,0,0
0.1026,0,0
0.103,0,0
0.1034,0,0
0.1038,0,0
0.1042,0,0
0.1046,0,0
0.105,0,0
0.1054,0,0
0.1058,0,0
0.1062,0,0
0.1066,0,0
0.107,0,0
0.1074,0,0
0.1078,0,0
0.1082,0,0
0.1086,0.00850111,0.00852148
0.109,0,0
0.1094,0,0
0.1098,0,0
0.1102,0,0
0.1106,0,0
0.111,0,0
0.1114,0,0
0.1118,0,0
0.1122,0,0
0.1126,0,0
0.113,0,0
0.1134,0,0
0.1138,0,0
0.1142,0,0
0.1146,0,0
0.115,0,0
0.1154,0,0
0.1158,0,0
0.1162,0,0
0.1166,0.00977302,0.00979984
0.117,0,0
0.1174,0,0
0.1178,0,0
0.1182,0,0
0.1186,0,0
0.119,0,0
0.1194,0,0
0.1198,0,0
6
-0.1198,0,0
-0.1194,0,0
-0.119,0,0
-0.1186,0,0
-0.1182,0,0
-0.1178,0,0
-0.1174,0,0
-0.117,0,0
-0.1166,0,0
-0.1162,0,0
-0.1158,0,0
-0.1154,0,0
-0.115,0,0
-0.1146,0,0
-0.1142,0,0
-0.1138,0,0
-0.1134,0,0
-0.113,0,0
-0.1126,0,0
-0.1122,0,0
-0.1118,0,0
-0.1114,0,0
-0.111,0,0
-0.1106,0,0
-0.1102,0,0
-0.1098,0,0
-0.1094,0,0
-0.109,0,0
-0.1086,0,0
-0.1082,0,0
-0.1078,0,0
-0.1074,0,0
-0.107,0,0
-0.1066,0,0
-0.1062,0,0
-0.1058,0,0
-0.1054,0,0
-0.105,0,0
-0.1046,0,0
-0.1042,0,0
-0.1038,0,0
-0.1034,0,0
-0.103,0,0
-0.1026,0,0
-0.1022,0,0
-0.1018,0,0
-0.1014,0,0
-0.101,0,0
-0.1006,0,0
-0.1002,0.00551614,0.00552638
-0.0998,0,0
-0.0994,0,0
-0.099,0.000629894,0.00193842
-0.0986,0.00611607,0.00612863
-0.0982,0,0
-0.0978,0,0
-0.0974,0,0
-0.097,0,0
-0.0966,0,0
-0.0962,0,0
-0.0958,0,0
-0.0954,0,0
-0.095,0,0
-0.0946,0.00549019,0.00550028
-0.0942,0,0
-0.0938,0,0
-0.0934,0,0
-0.093,0,0
-0.0926,0,0
-0.0922,0,0
-0.0918,0.00124918,0.00272698
-0.0914,0,0
-0.091,0,0
-0.0906,0,0
-0.0902,0,0
-0.0898,0,0
-0.0894,0,0
-0.089,0,0
-0.0886,0,0
-0.0882,0,0
-0.0878,0,0
-0.0874,0,0
-0.087,0,0
-0.0866,0,0
-0.0862,0,0
-0.0858,0,0
-0.0854,0,0
-0.085,0,0
-0.0846,0,0
-0.0842,0,0
-0.0838,0,0
-0.0834,0,0
-0.083,0,0
-0.0826,0,0
-0.0822,0,0
-0.0818,0,0
-0.0814,0,0
-0.081,0,0
-0.0806,0.00568289,0.00569374
-0.0802,0,0
-0.0798,0,0
-0.0794,0.00631851,0.00633195
-0.079,0,0
-0.0786,0,0
-0.0782,0,0
-0.0778,0,0
-0.0774,0,0
-0.077,0,0
-0.0766,0.0117552,0.00832869
-0.0762,0,0
-0.0758,0,0
-0.0754,0.0108893,0.00773582
-0.075,0,0
-0.0746,0,0
-0.0742,0.0019477,0.00330358
-0.0738,0,0
-0.0734,0,0
-0.073,0,0
-0.0726,0,0
-0.0722,0,0
-0.0718,0,0
-0.0714,0,0
-0.071,0,0
-0.0706,0,0
-0.0702,0.00387927,0.00462365
-0.0698,0,0
-0.0694,0,0
-0.069,0,0
-0.0686,0,0
-0.0682,0,0
-0.0678,0,0
-0.0674,0,0
-0.067,0,0
-0.0666,0,0
-0.0662,0,0
-0.0658,0,0
-0.0654,0,0
-0.065,0,0
-0.0646,0,0
-0.0642,0,0
-0.0638,0.00549893,0.00550925
-0.0634,0.00561118,0.00562194
-0.063,0,0
-0.0626,0,0
-0.0622,0,0
-0.0618,0,0
-0.0614,0,0
-0.061,0,0
-0.0606,0,0
-0.0602,0,0
-0.0598,0,0
-0.0594,0,0
-0.059,0,0
-0.0586,0.00532803,0.00533777
-0.0582,0,0
-0.0578,0,0
-0.0574,0,0
-0.057,0.00556786,0.00557851
-0.0566,0,0
-0.0562,0,0
-0.0558,0,0
-0.0554,0.00567581,0.00568689
-0.055,0,0
-0.0546,0,0
-0.0542,0,0
-0.0538,0,0
-0.0534,0.00542218,0.0054323
-0.053,0,0
-0.0526,0,0
-0.0522,0,0
-0.0518,0,0
-0.0514,0,0
-0.051,0,0
-0.0506,0,0
-0.0502,0,0
-0.0498,0,0
-0.0494,0,0
-0.049,0,0
-0.0486,0,0
-0.0482,0,0
-0.0478,0.00523666,0.00524615
-0.0474,0,0
-0.047,0,0
-0.0466,0,0
-0.0462,0,0
-0.0458,0,0
-0.0454,0,0
-0.045,0,0
-0.0446,0.00513624,0.00514539
-0.0442,0.00527465,0.00528429
-0.0438,0,0
-0.0434,0,0
-0.043,0,0
-0.0426,0,0
-0.0422,0,0
-0.0418,0.0056825,0.00569372
-0.0414,0.00509679,0.00510581
-0.041,0,0
-0.0406,0,0
-0.0402,0,0
-0.0398,0,0
-0.0394,0.00585003,0.00586193
-0.039,0,0
-0.0386,0,0
-0.0382,0,0
-0.0378,0,0
-0.0374,0.00501815,0.00502692
-0.037,0,0
-0.0366,0,0
-0.0362,0,0
-0.0358,0,0
-0.0354,0.00556649,0.00557729
-0.035,0,0
-0.0346,0,0
-0.0342,0,0
-0.0338,0,0
-0.0334,0,0
-0.033,0,0
-0.0326,0,0
-0.0322,0,0
-0.0318,0,0
-0.0314,0,0
-0.031,0,0
-0.0306,0,0
-0.0302,0,0
-0.0298,0,0
-0.0294,0,0
-0.029,0,0
-0.0286,0.00524207,0.00525168
-0.0282,0.00569886,0.00571023
-0.0278,0,0
-0.0274,0,0
-0.027,0,0
-0.0266,0,0
-0.0262,0,0
-0.0258,0,0
-0.0254,0.0056193,0.00563036
-0.025,0,0
-0.0246,0,0
-0.0242,0,0
-0.0238,0,0
-0.0234,0,0
-0.023,0,0
-0.0226,0.00530229,0.00531216
-0.0222,0,0
-0.0218,0.00496559,0.00497425
-0.0214,0,0
-0.021,0,0
-0.0206,0,0
-0.0202,0.00402,0.00446903
-0.0198,0,0
-0.0194,0,0
-0.019,0,0
-0.0186,0,0
-0.0182,0,0
-0.0178,0.0051055,0.00511467
-0.0174,0,0
-0.017,0,0
-0.0166,0,0
-0.0162,0,0
-0.0158,0,0
-0.0154,0.00542864,0.00543901
-0.015,0,0
-0.0146,0,0
-0.0142,0,0
-0.0138,0,0
-0.0134,0,0
-0.013,0,0
-0.0126,0,0
-0.0122,0,0
-0.0118,0,0
-0.0114,0,0
-0.011,0.00948811,0.00672034
-0.0106,0,0
-0.0102,0,0
-0.0098,0.0104609,0.00741066
-0.0094,0,0
-0.009,0,0
-0.0086,0,0
-0.0082,0,0
-0.0078,0,0
-0.0074,0,0
-0.007,0,0
-0.0066,0,0
-0.0062,0.00542613,0.00543652
-0.0058,0.0162762,0.00941513
-0.0054,0,0
-0.005,0,0
-0.0046,0,0
-0.0042,0.0116623,0.00826346
-0.0038,0.00953733,0.00675528
-0.0034,0.00536369,0.00537385
-0.003,0.0106012,0.00751022
-0.0026,0.0473438,0.015811
-0.0022,0.0509879,0.0161531
-0.0018,0.178164,0.0301971
-0.0014,0.271324,0.0370122
-0.001,0.246002,0.0345177
-0.0006,0.398429,0.0438202
-0.0002,0.438404,0.046301
0.0002,0.423319,0.0449915
0.0006,0.312806,0.0401385
0.001,0.266455,0.0363484
0.0014,0.211662,0.0335499
0.0018,0.148472,0.0271813
0.0022,0.100514,0.0231116
0.0026,0.0255524,0.011449
0.003,0.0308742,0.0126283
0.0034,0.00488128,0.0048897
0.0038,0.00976304,0.00691543
0.0042,0.0243128,0.0108919
0.0046,0.00522612,0.00523577
0.005,0.00520132,0.00521087
0.0054,0.0103283,0.00731676
0.0058,0,0
0.0062,0,0
0.0066,0.0100149,0.00709487
0.007,0,0
0.0074,0,0
0.0078,0,0
0.0082,0,0
0.0086,0,0
0.009,0,0
0.0094,0,0
0.0098,0,0
0.0102,0,0
0.0106,0,0
0.011,0,0
0.0114,0,0
0.0118,0,0
0.0122,0,0
0.0126,0,0
0.013,0.00532394,0.00533391
0.0134,0,0
0.0138,0,0
0.0142,0,0
0.0146,0,0
0.015,0.00545703,0.00546749
0.0154,0.00511453,0.00512372
0.0158,0.00527535,0.00528511
0.0162,0,0
0.0166,0,0
0.017,0,0
0.0174,0,0
0.0178,0,0
0.0182,0.00500675,0.00501552
0.0186,0,0
0.019,0,0
0.0194,0,0
0.0198,0,0
0.0202,0,0
0.0206,0,0
0.021,0.00515548,0.00516473
0.0214,0,0
0.0218,0,0
0.0222,0,0
0.0226,0.00562038,0.00563134
0.023,0,0
0.0234,0,0
0.0238,0,0
0.0242,0,0
0.0246,0,0
0.025,0.00515472,0.00516391
0.0254,0.00558016,0.00559091
0.0258,0,0
0.0262,0,0
0.0266,0,0
0.027,0,0
0.0274,0,0
0.0278,0,0
0.0282,0,0
0.0286,0,0
0.029,0,0
0.0294,0,0
0.0298,0.00482486,0.00483285
0.0302,0,0
0.0306,0,0
0.031,0.00470825,0.00471584
0.0314,0,0
0.0318,0,0
0.0322,0,0
0.0326,0,0
0.033,0.00492855,0.00493684
0.0334,0,0
0.0338,0.00394559,0.00458212
0.0342,0,0
0.0346,0,0
0.035,0.00528043,0.00528991
0.0354,0,0
0.0358,0,0
0.0362,0,0
0.0366,0,0
0.037,0,0
0.0374,0,0
0.0378,0,0
0.0382,0,0
0.0386,0,0
0.039,0,0
0.0394,0,0
0.0398,0,0
0.0402,0,0
0.0406,0,0
0.041,0,0
0.0414,0,0
0.0418,0,0
0.0422,0,0
0.0426,0,0
0.043,0,0
0.0434,0,0
0.0438,0,0
0.0442,0,0
0.0446,0,0
0.045,0,0
0.0454,0.00379571,0.00454346
0.0458,0,0
0.0462,0,0
0.0466,0,0
0.047,0,0
0.0474,0.00588031,0.00589184
0.0478,0,0
0.0482,0,0
0.0486,0,0
0.049,0,0
0.0494,0,0
0.0498,0,0
0.0502,0,0
0.0506,0,0
0.051,0,0
0.0514,0,0
0.0518,0.00533718,0.00534661
0.0522,0,0
0.0526,0,0
0.053,0,0
0.0534,0,0
0.0538,0,0
0.0542,0,0
0.0546,0,0
0.055,0,0
0.0554,0,0
0.0558,0,0
0.0562,0,0
0.0566,0,0
0.057,0,0
0.0574,0,0
0.0578,0,0
0.0582,0.00563747,0.00564789
0.0586,0.00516588,0.00517461
0.059,0,0
0.0594,0,0
0.0598,0,0
0.0602,0,0
0.0606,0,0
0.061,0,0
0.0614,0,0
0.0618,0,0
0.0622,0,0
0.0626,0,0
0.063,0,0
0.0634,0,0
0.0638,0,0
0.0642,0,0
0.0646,0,0
0.065,0,0
0.0654,0,0
0.0658,0,0
0.0662,0,0
0.0666,0,0
0.067,0,0
0.0674,0,0
0.0678,0,0
0.0682,0,0
0.0686,0,0
0.069,0,0
0.0694,0,0
0.0698,0,0
0.0702,0,0
0.0706,0,0
0.071,0,0
0.0714,0.00518067,0.00518929
0.0718,0,0
0.0722,0,0
0.0726,0,0
0.073,0,0
0.0734,0,0
0.0738,0,0
0.0742,0,0
0.0746,0,0
0.075,0,0
0.0754,0,0
0.0758,0,0
0.0762,0,0
0.0766,0,0
0.077,0,0
0.0774,0,0
0.0778,0,0
0.0782,0.0061655,0.00617758
0.0786,0,0
0.079,0,0
0.0794,0,0
0.0798,0,0
0.0802,0,0
0.0806,0,0
0.081,0.00599761,0.006009
0.0814,0,0
0.0818,0,0
0.0822,0.00151776,0.00292313
0.0826,0,0
0.083,0,0
0.0834,0,0
0.0838,0,0
0.0842,0.0014183,0.00279776
0.0846,0,0
0.085,0,0
0.0854,0,0
0.0858,0,0
0.0862,0,0
0.0866,0.00540951,0.0054187
0.087,0,0
0.0874,0,0
0.0878,0,0
0.0882,0,0
0.0886,0,0
0.089,0,0
0.0894,0,0
0.0898,0,0
0.0902,0.0070141,0.00652748
0.0906,0,0
0.091,0,0
0.0914,0,0
0.0918,0,0
0.0922,0.000847372,0.00223886
0.0926,0.005605,0.00561478
0.093,0,0
0.0934,0,0
0.0938,0,0
0.0942,0,0
0.0946,0,0
0.095,0.00595787,0.00596889
0.0954,0,0
0.0958,0,0
0.0962,0.00601675,0.00602797
0.0966,0,0
0.097,0,0
0.0974,0,0
0.0978,0,0
0.0982,0,0
0.0986,0,0
0.099,0,0
0.0994,0.00650642,0.00651948
0.0998,0.00607438,0.00608576
0.1002,0,0
0.1006,0,0
0.101,0,0
0.1014,0,0
0.1018,0,0
0.1022,0.00717259,0.00718842
0.1026,0,0
0.103,0,0
0.1034,0.00761312,0.00763092
0.1038,0,0
0.1042,0,0
0.1046,0,0
0.105,0,0
0.1054,0.00710907,0.00712458
0.1058,0,0
0.1062,0,0
0.1066,0,0
0.107,0.00763606,0.00765393
0.1074,0.00716409,0.00717982
0.1078,0.00765268,0.00767062
0.1082,0,0
0.1086,0,0
0.109,0,0
0.1094,0,0
0.1098,0,0
0.1102,0,0
0.1106,0.0084309,0.00845266
0.111,0,0
0.1114,0,0
0.1118,0.000116866,0.00104721
0.1122,0,0
0.1126,0,0
0.113,0,0
0.1134,0,0
0.1138,0,0
0.1142,0,0
0.1146,0,0
0.115,0,0
0.1154,0,0
0.1158,0,0
0.1162,0,0
0.1166,0,0
0.117,0,0
0.1174,0,0
0.1178,0.00913873,0.00916438
0.1182,0,0
0.1186,0,0
0.119,0,0
0.1194,0,0
0.1198,0,0
7
-0.1198,0,0
-0.1194,0,0
-0.119,0,0
-0.1186,0,0
-0.1182,0,0
-0.1178,0,0
-0.1174,0,0
-0.117,0,0
-0.1166,0,0
-0.1162,0,0
-0.1158,0,0
-0.1154,0,0
-0.115,0,0
-0.1146,0,0
-0.1142,0,0
-0.1138,0,0
-0.1134,0,0
-0.113,0,0
-0.1126,0,0
-0.1122,0,0
-0.1118,0,0
-0.1114,0.00580238,0.00581408
-0.111,0,0
-0.1106,0,0
-0.1102,0,0
-0.1098,0,0
-0.1094,0,0
-0.109,0,0
-0.1086,0,0
-0.1082,0,0
-0.1078,0,0
-0.1074,0,0
-0.107,0,0
-0.1066,0,0
-0.1062,0,0
-0.1058,0,0
-0.1054,0,0
-0.105,0,0
-0.1046,0,0
-0.1042,0,0
-0.1038,0,0
-0.1034,0,0
-0.103,0,0
-0.1026,0,0
-0.1022,0.00587591,0.00588801
-0.1018,0,0
-0.1014,0,0
-0.101,0,0
-0.1006,0,0
-0.1002,0,0
-0.0998,0,0
-0.0994,0,0
-0.099,0.005079,0.00538243
-0.0986,0,0
-0.0982,0,0
-0.0978,0,0
-0.0974,0,0
-0.097,0,0
-0.0966,0,0
-0.0962,0,0
-0.0958,0,0
-0.0954,0,0
-0.095,0,0
-0.0946,0,0
-0.0942,0,0
-0.0938,0,0
-0.0934,0,0
-0.093,0,0
-0.0926,0,0
-0.0922,0,0
-0.0918,0,0
-0.0914,0,0
-0.091,0,0
-0.0906,0,0
-0.0902,0,0
-0.0898,0,0
-0.0894,0,0
-0.089,0,0
-0.0886,0,0
-0.0882,0.00591407,0.00592647
-0.0878,0,0
-0.0874,0,0
-0.087,0,0
-0.0866,0,0
-0.0862,0,0
-0.0858,0,0
-0.0854,0,0
-0.085,0,0
-0.0846,0,0
-0.0842,0,0
-0.0838,0,0
-0.0834,0,0
-0.083,0,0
-0.0826,0,0
-0.0822,0,0
-0.0818,0,0
-0.0814,0,0
-0.081,0,0
-0.0806,0,0
-0.0802,0,0
-0.0798,0.00486099,0.00486934
-0.0794,0,0
-0.079,0,0
-0.0786,0,0
-0.0782,0,0
-0.0778,0,0
-0.0774,0,0
-0.077,0,0
-0.0766,0,0
-0.0762,0,0
-0.0758,0,0
-0.0754,0,0
-0.075,0.00523677,0.00524643
-0.0746,0,0
-0.0742,0,0
-0.0738,0,0
-0.0734,0,0
-0.073,0.00501231,0.00502115
-0.0726,0,0
-0.0722,0,0
-0.0718,0,0
-0.0714,0,0
-0.071,0,0
-0.0706,0,0
-0.0702,0,0
-0.0698,0,0
-0.0694,0,0
-0.069,0,0
-0.0686,0,0
-0.0682,0,0
-0.0678,0,0
-0.0674,0,0
-0.067,0,0
-0.0666,0.00545364,0.00546404
-0.0662,0,0
-0.0658,0,0
-0.0654,0,0
-0.065,0,0
-0.0646,0,0
-0.0642,0,0
-0.0638,0,0
-0.0634,0,0
-0.063,0.00552726,0.0055379
-0.0626,0,0
-0.0622,0,0
-0.0618,0,0
-0.0614,0,0
-0.061,0,0
-0.0606,0,0
-0.0602,0,0
-0.0598,0,0
-0.0594,0,0
-0.059,0,0
-0.0586,0,0
-0.0582,0,0
-0.0578,0,0
-0.0574,0,0
-0.057,0,0
-0.0566,0,0
-0.0562,0,0
-0.0558,0,0
-0.0554,0,0
-0.055,0.00567712,0.00568824
-0.0546,0,0
-0.0542,0,0
-0.0538,0,0
-0.0534,0.00531335,0.00532307
-0.053,0,0
-0.0526,0,0
-0.0522,0,0
-0.0518,0,0
-0.0514,0,0
-0.051,0,0
-0.0506,0,0
-0.0502,0,0
-0.0498,0,0
-0.0494,0,0
-0.049,0,0
-0.0486,0,0
-0.0482,0,0
-0.0478,0,0
-0.0474,0,0
-0.047,0,0
-0.0466,0,0
-0.0462,0,0
-0.0458,0,0
-0.0454,0.00536918,0.005379
-0.045,0,0
-0.0446,0.0052369,0.00524622
-0.0442,0.00538303,0.00539288
-0.0438,0,0
-0.0434,0,0
-0.043,0,0
-0.0426,0,0
-0.0422,0,0
-0.0418,0,0
-0.0414,0,0
-0.041,0,0
-0.0406,0,0
-0.0402,0,0
-0.0398,0,0
-0.0394,0,0
-0.039,0,0
-0.0386,0,0
-0.0382,0,0
-0.0378,0.00527085,0.00528019
-0.0374,0,0
-0.037,0,0
-0.0366,0.00363789,0.00476772
-0.0362,0,0
-0.0358,0,0
-0.0354,0,0
-0.035,0,0
-0.0346,0,0
-0.0342,0,0
-0.0338,0.0055592,0.00556951
-0.0334,0,0
-0.033,0,0
-0.0326,0,0
-0.0322,0,0
-0.0318,0,0
-0.0314,0,0
-0.031,0,0
-0.0306,0,0
-0.0302,0.00550308,0.00551312
-0.0298,0,0
-0.0294,0,0
-0.029,0,0
-0.0286,0,0
-0.0282,0,0
-0.0278,0.00578986,0.00580092
-0.0274,0,0
-0.027,0,0
-0.0266,0.00576136,0.00577229
-0.0262,0.00506751,0.00507597
-0.0258,0,0
-0.0254,0,0
-0.025,0,0
-0.0246,0.00303764,0.00431909
-0.0242,0,0
-0.0238,0,0
-0.0234,0,0
-0.023,0,0
-0.0226,0,0
-0.0222,0,0
-0.0218,0,0
-0.0214,0,0
-0.021,0,0
-0.0206,0,0
-0.0202,0,0
-0.0198,0,0
-0.0194,0.00577637,0.0057872
-0.019,0.00588515,0.00589638
-0.0186,0.0057796,0.00579042
-0.0182,0,0
-0.0178,0.00555657,0.00556656
-0.0174,0,0
-0.017,0,0
-0.0166,0,0
-0.0162,0,0
-0.0158,0,0
-0.0154,0,0
-0.015,0.00110693,0.00256919
-0.0146,0,0
-0.0142,0,0
-0.0138,0,0
-0.0134,0.00575647,0.0057671
-0.013,0,0
-0.0126,0,0
-0.0122,0.0053228,0.00533186
-0.0118,0,0
-0.0114,0,0
-0.011,0.00523829,0.00524705
-0.0106,0,0
-0.0102,0,0
-0.0098,0,0
-0.0094,0,0
-0.009,0,0
-0.0086,0.00551515,0.00552482
-0.0082,0.0113996,0.00807944
-0.0078,0.00596376,0.00597505
-0.0074,0,0
-0.007,0.00593736,0.00594854
-0.0066,0,0
-0.0062,0,0
-0.0058,0.00605281,0.00606441
-0.0054,0.00675297,0.00676739
-0.005,0,0
-0.0046,0,0
-0.0042,0.00652475,0.00653818
-0.0038,0.0222706,0.0111581
-0.0034,0.0233148,0.0116846
-0.003,0.0619618,0.0192713
-0.0026,0.0611169,0.019018
-0.0022,0.0803359,0.0214834
-0.0018,0.122463,0.0265243
-0.0014,0.247009,0.037454
-0.001,0.404908,0.0469164
-0.0006,0.536733,0.0539815
-0.0002,0.549588,0.0549279
0.0002,0.615069,0.0579168
0.0006,0.704471,0.0640848
0.001,0.599991,0.058234
0.0014,0.405946,0.0493322
0.0018,0.189993,0.0327162
0.0022,0.213509,0.0358527
0.0026,0.116365,0.0260542
0.003,0.060045,0.0186708
0.0034,0.0395317,0.0148995
0.0038,0.0442975,0.0156889
0.0042,0.0277877,0.0124488
0.0046,0.0169326,0.00979955
0.005,0.0236131,0.0118284
0.0054,0.0176605,0.0102163
0.0058,0.0301122,0.0134919
0.0062,0.0190483,0.0104122
0.0066,0.00577081,0.00578116
0.007,0.00577316,0.00578351
0.0074,0,0
0.0078,0,0
0.0082,0,0
0.0086,0.00579048,0.00580088
0.009,0,0
0.0094,0,0
0.0098,0,0
0.0102,0,0
0.0106,0,0
0.011,0,0
0.0114,0,0
0.0118,0,0
0.0122,0,0
0.0126,0.00676744,0.0067816
0.013,0,0
0.0134,0.00635644,0.00636893
0.0138,0,0
0.0142,0,0
0.0146,0,0
0.015,0,0
0.0154,0.00581096,0.0058214
0.0158,0,0
0.0162,0,0
0.0166,0,0
0.017,0,0
0.0174,0,0
0.0178,0,0
0.0182,0.011486,0.00813707
0.0186,0,0
0.019,0,0
0.0194,0,0
0.0198,0,0
0.0202,0,0
0.0206,0.0060863,0.00609777
0.021,0,0
0.0214,0,0
0.0218,0,0
0.0222,0,0
0.0226,0,0
0.023,0,0
0.0234,0,0
0.0238,0.00596673,0.00597779
0.0242,0,0
0.0246,0,0
0.025,0.0057364,0.00574663
0.0254,0,0
0.0258,0.00592959,0.00594052
0.0262,0,0
0.0266,0,0
0.027,0,0
0.0274,0,0
0.0278,0,0
0.0282,0,0
0.0286,0,0
0.029,0,0
0.0294,0,0
0.0298,0,0
0.0302,0.00589982,0.00591069
0.0306,0,0
0.031,0.00516136,0.00516968
0.0314,0,0
0.0318,0,0
0.0322,0,0
0.0326,0,0
0.033,0,0
0.0334,0,0
0.0338,0.00147653,0.00292437
0.0342,0,0
0.0346,0,0
0.035,0,0
0.0354,0,0
0.0358,0,0
0.0362,0,0
0.0366,0,0
0.037,0,0
0.0374,0,0
0.0378,0,0
0.0382,0,0
0.0386,0,0
0.039,0,0
0.0394,0,0
0.0398,0,0
0.0402,0,0
0.0406,0,0
0.041,0,0
0.0414,0,0
0.0418,0.00582132,0.00583202
0.0422,0,0
0.0426,0,0
0.043,0,0
0.0434,0.00543477,0.00544411
0.0438,0,0
0.0442,0,0
0.0446,0.0057389,0.00574933
0.045,0,0
0.0454,0.00743264,0.00653184
0.0458,0,0
0.0462,0,0
0.0466,0,0
0.047,0,0
0.0474,0,0
0.0478,0,0
0.0482,0,0
0.0486,0,0
0.049,0.00550014,0.00550977
0.0494,0,0
0.0498,0,0
0.0502,0,0
0.0506,0,0
0.051,0,0
0.0514,0.00544689,0.00545635
0.0518,0.00544415,0.00545361
0.0522,0,0
0.0526,0,0
0.053,0,0
0.0534,0,0
0.0538,0.00595905,0.00597041
0.0542,0,0
0.0546,0.0113701,0.00805451
0.055,0,0
0.0554,0.00527535,0.00528427
0.0558,0,0
0.0562,0,0
0.0566,0,0
0.057,0,0
0.0574,0,0
0.0578,0,0
0.0582,0,0
0.0586,0,0
0.059,0.00525245,0.00526134
0.0594,0,0
0.0598,0,0
0.0602,0.0122034,0.00864611
0.0606,0.00534075,0.00534995
0.061,0,0
0.0614,0,0
0.0618,0,0
0.0622,0,0
0.0626,0.00606854,0.00608045
0.063,0,0
0.0634,0,0
0.0638,0,0
0.0642,0,0
0.0646,0.00622299,0.00623555
0.065,0,0
0.0654,0,0
0.0658,0.0053231,0.00533231
0.0662,0,0
0.0666,0,0
0.067,0,0
0.0674,0,0
0.0678,0,0
0.0682,0,0
0.0686,0,0
0.069,0,0
0.0694,0,0
0.0698,0,0
0.0702,0,0
0.0706,0,0
0.071,0,0
0.0714,0,0
0.0718,0,0
0.0722,0,0
0.0726,0,0
0.073,0,0
0.0734,0,0
0.0738,0.0108664,0.00769742
0.0742,0,0
0.0746,0,0
0.075,0.0054166,0.00558728
0.0754,0,0
0.0758,0,0
0.0762,0,0
0.0766,0,0
0.077,0,0
0.0774,0,0
0.0778,0,0
0.0782,0,0
0.0786,0,0
0.079,0.00543134,0.00544107
0.0794,0,0
0.0798,0,0
0.0802,0,0
0.0806,0.00546838,0.00547825
0.081,0,0
0.0814,0,0
0.0818,0,0
0.0822,0.00391537,0.00459244
0.0826,0,0
0.083,0,0
0.0834,0,0
0.0838,0.0048968,0.00490473
0.0842,0.00388966,0.004523
0.0846,0,0
0.085,0,0
0.0854,0,0
0.0858,0,0
0.0862,0,0
0.0866,0.00528756,0.00529682
0.087,0,0
0.0874,0,0
0.0878,0,0
0.0882,0,0
0.0886,0.00545189,0.00546174
0.089,0.00522649,0.00523555
0.0894,0,0
0.0898,0,0
0.0902,0,0
0.0906,0,0
0.091,0,0
0.0914,0,0
0.0918,0,0
0.0922,0.0047395,0.0051314
0.0926,0,0
0.093,0,0
0.0934,0,0
0.0938,0,0
0.0942,0,0
0.0946,0,0
0.095,0,0
0.0954,0.00570554,0.00571635
0.0958,0,0
0.0962,0,0
0.0966,0,0
0.097,0,0
0.0974,0,0
0.0978,0,0
0.0982,0,0
0.0986,0.00632386,0.00633714
0.099,0,0
0.0994,0,0
0.0998,0,0
0.1002,0,0
0.1006,0,0
0.101,0,0
0.1014,0,0
0.1018,0.0063134,0.00632664
0.1022,0,0
0.1026,0,0
0.103,0,0
0.1034,0,0
0.1038,0,0
0.1042,0,0
0.1046,0,0
0.105,0,0
0.1054,0,0
0.1058,0,0
0.1062,0,0
0.1066,0,0
0.107,0,0
0.1074,0.00662491,0.00663945
0.1078,0,0
0.1082,0,0
0.1086,0,0
0.109,0,0
0.1094,0,0
0.1098,0,0
0.1102,0,0
0.1106,0,0
0.111,0,0
0.1114,0,0
0.1118,0.00854653,0.00862512
0.1122,0.00843528,0.00845875
0.1126,0,0
0.113,0,0
0.1134,0,0
0.1138,0,0
0.1142,0,0
0.1146,0,0
0.115,0,0
0.1154,0,0
0.1158,0,0
0.1162,0,0
0.1166,0,0
0.117,0,0
0.1174,0,0
0.1178,0,0
0.1182,0,0
0.1186,0,0
0.119,0.00992307,0.00995516
0.1194,0.0096404,0.00967067
0.1198,0,0
8
-0.1198,0,0
-0.1194,0,0
-0.119,0,0
-0.1186,0,0
-0.1182,0,0
-0.1178,0,0
-0.1174,0.00427213,0.00428082
-0.117,0,0
-0.1166,0,0
-0.1162,0,0
-0.1158,0.00370078,0.00398405
-0.1154,0,0
-0.115,0,0
-0.1146,0,0
-0.1142,0,0
-0.1138,0,0
-0.1134,0,0
-0.113,0,0
-0.1126,0,0
-0.1122,0,0
-0.1118,0.00376772,0.00377444
-0.1114,0,0
-0.111,0,0
-0.1106,0.000321375,0.00112634
-0.1102,0,0
-0.1098,0,0
-0.1094,0,0
-0.109,0,0
-0.1086,0,0
-0.1082,0,0
-0.1078,0,0
-0.1074,0,0
-0.107,0,0
-0.1066,0.00454363,0.00455333
-0.1062,0,0
-0.1058,0,0
-0.1054,0,0
-0.105,0,0
-0.1046,0,0
-0.1042,0,0
-0.1038,0,0
-0.1034,0,0
-0.103,0,0
-0.1026,0,0
-0.1022,0,0
-0.1018,0.00389289,0.00389996
-0.1014,0.00428555,0.00429411
-0.101,0,0
-0.1006,0,0
-0.1002,0,0
-0.0998,0,0
-0.0994,0,0
-0.099,0,0
-0.0986,0,0
-0.0982,0,0
-0.0978,0,0
-0.0974,0,0
-0.097,0,0
-0.0966,0,0
-0.0962,0,0
-0.0958,0,0
-0.0954,0,0
-0.095,0,0
-0.0946,0.00397629,0.00398359
-0.0942,0,0
-0.0938,0,0
-0.0934,0,0
-0.093,0,0
-0.0926,0.00382701,0.00383376
-0.0922,0,0
-0.0918,0,0
-0.0914,0,0
-0.091,0,0
-0.0906,0,0
-0.0902,0,0
-0.0898,0,0
-0.0894,0,0
-0.089,0,0
-0.0886,0.0041018,0.00410952
-0.0882,0,0
-0.0878,0,0
-0.0874,0.000366736,0.00128381
-0.087,0,0
-0.0866,0,0
-0.0862,0.00414225,0.00415009
-0.0858,0,0
-0.0854,0,0
-0.085,0,0
-0.0846,0,0
-0.0842,0,0
-0.0838,0,0
-0.0834,0,0
-0.083,0,0
-0.0826,0,0
-0.0822,0,0
-0.0818,0,0
-0.0814,0.00773331,0.0054779
-0.081,0,0
-0.0806,0,0
-0.0802,0,0
-0.0798,0.00378565,0.00379215
-0.0794,0,0
-0.079,0,0
-0.0786,0,0
-0.0782,0,0
-0.0778,0,0
-0.0774,0,0
-0.077,0,0
-0.0766,0,0
-0.0762,0.00438805,0.00439675
-0.0758,0.00419171,0.00419965
-0.0754,0,0
-0.075,0,0
-0.0746,0,0
-0.0742,0,0
-0.0738,0.00386746,0.00387421
-0.0734,0,0
-0.073,0,0
-0.0726,0,0
-0.0722,0,0
-0.0718,0,0
-0.0714,0.00399693,0.00400413
-0.071,0,0
-0.0706,0,0
-0.0702,0,0
-0.0698,0,0
-0.0694,0.00411189,0.00411949
-0.069,0,0
-0.0686,0.00490819,0.00457732
-0.0682,0,0
-0.0678,0,0
-0.0674,0,0
-0.067,0,0
-0.0666,0,0
-0.0662,0,0
-0.0658,0,0
-0.0654,0,0
-0.065,0.00392743,0.00393435
-0.0646,0,0
-0.0642,0,0
-0.0638,0,0
-0.0634,0,0
-0.063,0,0
-0.0626,0,0
-0.0622,0,0
-0.0618,0.00424385,0.00425192
-0.0614,0,0
-0.061,0.00418247,0.0041903
-0.0606,0.00379391,0.00380036
-0.0602,0,0
-0.0598,0.00400468,0.00401186
-0.0594,0,0
-0.059,0,0
-0.0586,0,0
-0.0582,0,0
-0.0578,0,0
-0.0574,0,0
-0.057,0,0
-0.0566,0.00427085,0.00427901
-0.0562,0,0
-0.0558,0,0
-0.0554,0.00871966,0.00617777
-0.055,0,0
-0.0546,0,0
-0.0542,0,0
-0.0538,0,0
-0.0534,0,0
-0.053,0.00440274,0.00441141
-0.0526,0,0
-0.0522,0,0
-0.0518,0,0
-0.0514,0,0
-0.051,0.00443447,0.00444327
-0.0506,0,0
-0.0502,0.00417508,0.00418288
-0.0498,0,0
-0.0494,0,0
-0.049,0,0
-0.0486,0.00492352,0.00493437
-0.0482,0,0
-0.0478,0,0
-0.0474,0.00410419,0.00411172
-0.047,0.00384016,0.00384676
-0.0466,0,0
-0.0462,0.00893047,0.00632742
-0.0458,0,0
-0.0454,0,0
-0.045,0,0
-0.0446,0,0
-0.0442,0,0
-0.0438,0,0
-0.0434,0,0
-0.043,0,0
-0.0426,0,0
-0.0422,0,0
-0.0418,0.0044132,0.00442191
-0.0414,0,0
-0.041,0,0
-0.0406,0,0
-0.0402,0,0
-0.0398,0.00397878,0.00398585
-0.0394,0,0
-0.039,0.0041382,0.00414585
-0.0386,0,0
-0.0382,0,0
-0.0378,0.00396676,0.00397379
-0.0374,0,0
-0.037,0,0
-0.0366,0.0019417,0.00301908
-0.0362,0.00416074,0.00416847
-0.0358,0,0
-0.0354,0,0
-0.035,0,0
-0.0346,0,0
-0.0342,0,0
-0.0338,0,0
-0.0334,0,0
-0.033,0,0
-0.0326,0.0044189,0.00442761
-0.0322,0.00415911,0.00416682
-0.0318,0,0
-0.0314,0,0
-0.031,0,0
-0.0306,0,0
-0.0302,0.00409344,0.00410091
-0.0298,0,0
-0.0294,0.00448632,0.00449529
-0.029,0,0
-0.0286,0,0
-0.0282,0,0
-0.0278,0.00428987,0.00429806
-0.0274,0.00370423,0.00371035
-0.027,0,0
-0.0266,0,0
-0.0262,0.0037449,0.00375115
-0.0258,0,0
-0.0254,0,0
-0.025,0.00240527,0.00311865
-0.0246,0.00226907,0.00320458
-0.0242,0,0
-0.0238,0,0
-0.0234,0,0
-0.023,0,0
-0.0226,0,0
-0.0222,0,0
-0.0218,0.00405579,0.00406311
-0.0214,0,0
-0.021,0,0
-0.0206,0,0
-0.0202,0,0
-0.0198,0,0
-0.0194,0,0
-0.019,0,0
-0.0186,0,0
-0.0182,0,0
-0.0178,0,0
-0.0174,0,0
-0.017,0.00409078,0.00409821
-0.0166,0.00391194,0.00391873
-0.0162,0.00399826,0.00400536
-0.0158,0.00391586,0.00392267
-0.0154,0,0
-0.015,0.00350178,0.00388952
-0.0146,0.00410318,0.00411065
-0.0142,0,0
-0.0138,0,0
-0.0134,0,0
-0.013,0,0
-0.0126,0,0
-0.0122,0.00768232,0.00544148
-0.0118,0,0
-0.0114,0,0
-0.011,0.00377523,0.00378154
-0.0106,0.0084386,0.00597814
-0.0102,0.00802217,0.00568261
-0.0098,0.00255572,0.00326963
-0.0094,0.00377223,0.00377852
-0.009,0,0
-0.0086,0,0
-0.0082,0.00409013,0.00409752
-0.0078,0,0
-0.0074,0.00435622,0.00432897
-0.007,0.00856439,0.00606746
-0.0066,0.00859391,0.00608835
-0.0062,0.00446794,0.00447674
-0.0058,0.014121,0.00815198
-0.0054,0.00920019,0.00652776
-0.005,0,0
-0.0046,0.00425027,0.00425823
-0.0042,0.0140174,0.00810961
-0.0038,0.0101591,0.00638244
-0.0034,0.0250261,0.0102407
-0.003,0.0707272,0.0173805
-0.0026,0.128532,0.0233018
-0.0022,0.130793,0.023178
-0.0018,0.228999,0.0306598
-0.0014,0.391649,0.0398785
-0.001,0.517858,0.0447874
-0.0006,0.666231,0.0508235
-0.0002,0.707053,0.0527764
0.0002,0.691822,0.0517129
0.0006,0.782824,0.0570705
0.001,0.48253,0.0441515
0.0014,0.43491,0.0430292
0.0018,0.308937,0.0352205
0.0022,0.227366,0.0311107
0.0026,0.139755,0.0240231
0.003,0.133466,0.023452
0.0034,0.0638722,0.0159536
0.0038,0.0437843,0.0131487
0.0042,0.0275585,0.0104344
0.0046,0.00390818,0.00391488
0.005,0.0167677,0.00839928
0.0054,0.0123963,0.00716999
0.0058,0.0188682,0.00894442
0.0062,0.0221296,0.00946186
0.0066,0.0122813,0.00710335
0.007,0.0205443,0.00920435
0.0074,0.0104464,0.006817
0.0078,0.00852399,0.00603862
0.0082,0.00402589,0.00403298
0.0086,0,0
0.009,0.0042181,0.00422588
0.0094,0.00822927,0.00582945
0.0098,0.00421243,0.00422019
0.0102,0,0
0.0106,0,0
0.011,0,0
0.0114,0,0
0.0118,0,0
0.0122,0,0
0.0126,0,0
0.013,0.00858467,0.00608166
0.0134,0,0
0.0138,0,0
0.0142,0.00405215,0.00405931
0.0146,0,0
0.015,0.0043371,0.0043453
0.0154,0,0
0.0158,0,0
0.0162,0.00434321,0.00435142
0.0166,0,0
0.017,0,0
0.0174,0,0
0.0178,0,0
0.0182,0,0
0.0186,0,0
0.019,0,0
0.0194,0,0
0.0198,0,0
0.0202,0,0
0.0206,0.00412804,0.00413545
0.021,0,0
0.0214,0,0
0.0218,0.00412597,0.00413336
0.0222,0,0
0.0226,0.00397158,0.00397843
0.023,0.0078726,0.00557629
0.0234,0.00426645,0.00427435
0.0238,0,0
0.0242,0,0
0.0246,0,0
0.025,0,0
0.0254,0.00444563,0.0044542
0.0258,0,0
0.0262,0.00487542,0.00488572
0.0266,0,0
0.027,0,0
0.0274,0,0
0.0278,0,0
0.0282,0,0
0.0286,0,0
0.029,0.00418314,0.00419071
0.0294,0,0
0.0298,0.00402779,0.00403481
0.0302,0,0
0.0306,0,0
0.031,0,0
0.0314,0,0
0.0318,0,0
0.0322,0.00455652,0.00456549
0.0326,0,0
0.033,0,0
0.0334,0,0
0.0338,0,0
0.0342,0,0
0.0346,0,0
0.035,0,0
0.0354,0,0
0.0358,0,0
0.0362,0,0
0.0366,0,0
0.037,0,0
0.0374,0,0
0.0378,0.00437396,0.00438221
0.0382,0.00836031,0.00592229
0.0386,0,0
0.039,0,0
0.0394,0,0
0.0398,0,0
0.0402,0,0
0.0406,0,0
0.041,0,0
0.0414,0,0
0.0418,0.00426964,0.00427748
0.0422,0,0
0.0426,0,0
0.043,0,0
0.0434,0,0
0.0438,0,0
0.0442,0,0
0.0446,0,0
0.045,0,0
0.0454,0,0
0.0458,0.0040155,0.00402242
0.0462,0.00406354,0.00407063
0.0466,0.00448409,0.00449272
0.047,0,0
0.0474,0,0
0.0478,0.0040173,0.00402423
0.0482,0.00415245,0.00415985
0.0486,0.0041535,0.0041609
0.049,0,0
0.0494,0,0
0.0498,0,0
0.0502,0.00427695,0.00428478
0.0506,0,0
0.051,0,0
0.0514,0,0
0.0518,0,0
0.0522,0.00790954,0.00560235
0.0526,0,0
0.053,0,0
0.0534,0,0
0.0538,0,0
0.0542,0.00412652,0.00413378
0.0546,0,0
0.055,0.00379416,0.00380029
0.0554,0,0
0.0558,0,0
0.0562,0,0
0.0566,0,0
0.057,0,0
0.0574,0,0
0.0578,0,0
0.0582,0,0
0.0586,0,0
0.059,0,0
0.0594,0,0
0.0598,0.00462614,0.00463521
0.0602,0,0
0.0606,0,0
0.061,0,0
0.0614,0,0
0.0618,0,0
0.0622,0.00472571,0.00473515
0.0626,0,0
0.063,0,0
0.0634,0.00839242,0.00594485
0.0638,0,0
0.0642,0,0
0.0646,0,0
0.065,0,0
0.0654,0,0
0.0658,0.00437749,0.00438555
0.0662,0,0
0.0666,0,0
0.067,0,0
0.0674,0,0
0.0678,0.00403427,0.00404109
0.0682,0,0
0.0686,0.00443936,0.0044476
0.069,0,0
0.0694,0,0
0.0698,0,0
0.0702,0,0
0.0706,0,0
0.071,0,0
0.0714,0.00398937,0.00399601
0.0718,0,0
0.0722,0.00430153,0.00430924
0.0726,0,0
0.073,0,0
0.0734,0.00412437,0.00413144
0.0738,0,0
0.0742,0,0
0.0746,0,0
0.075,0.000257347,0.00108363
0.0754,0,0
0.0758,0.0040573,0.0043887
0.0762,0,0
0.0766,0,0
0.077,0,0
0.0774,0,0
0.0778,0,0
0.0782,0,0
0.0786,0,0
0.079,0,0
0.0794,0.00429083,0.00429843
0.0798,0,0
0.0802,0,0
0.0806,0,0
0.081,0,0
0.0814,0,0
0.0818,0.00443471,0.0044428
0.0822,0,0
0.0826,0,0
0.083,0,0
0.0834,0,0
0.0838,0,0
0.0842,0,0
0.0846,0.00425289,0.00426031
0.085,0.00888863,0.00629667
0.0854,0,0
0.0858,0,0
0.0862,0,0
0.0866,0,0
0.087,0,0
0.0874,0,0
0.0878,0.00437915,0.00438699
0.0882,0.0025535,0.00340258
0.0886,0,0
0.089,0.00424351,0.00425086
0.0894,0,0
0.0898,0,0
0.0902,0,0
0.0906,0,0
0.091,0,0
0.0914,0,0
0.0918,0,0
0.0922,0,0
0.0926,0,0
0.093,0,0
0.0934,0,0
0.0938,0,0
0.0942,0.00459706,0.00460564
0.0946,0,0
0.095,0,0
0.0954,0,0
0.0958,0,0
0.0962,0,0
0.0966,0.00481645,0.00482584
0.097,0.00439492,0.00440274
0.0974,0,0
0.0978,0,0
0.0982,0.00469841,0.00470734
0.0986,0,0
0.099,0,0
0.0994,0,0
0.0998,0,0
0.1002,0,0
0.1006,0,0
0.101,0,0
0.1014,0,0
0.1018,0.00519486,0.00520576
0.1022,0.0112078,0.00794302
0.1026,0,0
0.103,0,0
0.1034,0,0
0.1038,0.00542825,0.00544013
0.1042,0.0056948,0.00570788
0.1046,0,0
0.105,0,0
0.1054,0,0
0.1058,0,0
0.1062,0,0
0.1066,0,0
0.107,0,0
0.1074,0,0
0.1078,0,0
0.1082,0,0
0.1086,0,0
0.109,0,0
0.1094,0,0
0.1098,0.0056972,0.00571027
0.1102,0.00569726,0.00571033
0.1106,0,0
0.111,0,0
0.1114,0,0
0.1118,0.00709249,0.00711274
0.1122,0,0
0.1126,0.0125215,0.00888803
0.113,0.00674352,0.00676183
0.1134,0,0
0.1138,0,0
0.1142,0.00670137,0.00671945
0.1146,0,0
0.115,0,0
0.1154,0,0
0.1158,0,0
0.1162,0,0
0.1166,0,0
0.117,0,0
0.1174,0,0
0.1178,0,0
0.1182,0,0
0.1186,0,0
0.119,0,0
0.1194,0,0
0.1198,0,0
9
-0.1198,0,0
-0.1194,0,0
-0.119,0.00388909,0.00389651
-0.1186,0,0
-0.1182,0,0
-0.1178,0.00380258,0.00380968
-0.1174,0,0
-0.117,0,0
-0.1166,0,0
-0.1162,0,0
-0.1158,0.000550499,0.00150892
-0.1154,0,0
-0.115,0,0
-0.1146,0,0
-0.1142,0.00363006,0.00363657
-0.1138,0.00380876,0.00381593
-0.1134,0,0
-0.113,0,0
-0.1126,0,0
-0.1122,0,0
-0.1118,0,0
-0.1114,0,0
-0.111,0,0
-0.1106,0.00343344,0.00358961
-0.1102,0,0
-0.1098,0,0
-0.1094,0,0
-0.109,0,0
-0.1086,0,0
-0.1082,0,0
-0.1078,0,0
-0.1074,0,0
-0.107,0,0
-0.1066,0,0
-0.1062,0,0
-0.1058,0,0
-0.1054,0.00369982,0.00370668
-0.105,0,0
-0.1046,0,0
-0.1042,0.00411406,0.00412256
-0.1038,0,0
-0.1034,0,0
-0.103,0,0
-0.1026,0,0
-0.1022,0,0
-0.1018,0.00360647,0.00361302
-0.1014,0,0
-0.101,0,0
-0.1006,0,0
-0.1002,0,0
-0.0998,0,0
-0.0994,0,0
-0.099,0,0
-0.0986,0,0
-0.0982,0,0
-0.0978,0,0
-0.0974,0,0
-0.097,0,0
-0.0966,0,0
-0.0962,0,0
-0.0958,0,0
-0.0954,0,0
-0.095,0,0
-0.0946,0,0
-0.0942,0,0
-0.0938,0,0
-0.0934,0,0
-0.093,0,0
-0.0926,0,0
-0.0922,0,0
-0.0918,0,0
-0.0914,0,0
-0.091,0,0
-0.0906,0,0
-0.0902,0,0
-0.0898,0,0
-0.0894,0,0
-0.089,0,0
-0.0886,0,0
-0.0882,0,0
-0.0878,0,0
-0.0874,0.00366058,0.00382827
-0.087,0,0
-0.0866,0,0
-0.0862,0,0
-0.0858,0,0
-0.0854,0.00381751,0.00382501
-0.085,0,0
-0.0846,0,0
-0.0842,0,0
-0.0838,0,0
-0.0834,0,0
-0.083,0,0
-0.0826,0,0
-0.0822,0.00364057,0.00364742
-0.0818,0,0
-0.0814,0,0
-0.081,0,0
-0.0806,0,0
-0.0802,0,0
-0.0798,0,0
-0.0794,0,0
-0.079,0,0
-0.0786,0,0
-0.0782,0,0
-0.0778,0.00418198,0.00419105
-0.0774,0,0
-0.077,0.00373311,0.00374035
-0.0766,0.00381601,0.00382357
-0.0762,0,0
-0.0758,0,0
-0.0754,0,0
-0.075,0,0
-0.0746,0.00356356,0.00357018
-0.0742,0,0
-0.0738,0,0
-0.0734,0.003416,0.00342209
-0.073,0,0
-0.0726,0.00361219,0.00361899
-0.0722,0,0
-0.0718,0,0
-0.0714,0,0
-0.071,0.00371151,0.0037187
-0.0706,0.00371022,0.00371742
-0.0702,0,0
-0.0698,0.00366433,0.00367135
-0.0694,0,0
-0.069,0.00395639,0.00396458
-0.0686,0.00699558,0.00516226
-0.0682,0,0
-0.0678,0,0
-0.0674,0.00360658,0.0036134
-0.067,0,0
-0.0666,0,0
-0.0662,0,0
-0.0658,0.00336673,0.00337268
-0.0654,0,0
-0.065,0,0
-0.0646,0,0
-0.0642,0,0
-0.0638,0,0
-0.0634,0.00372007,0.00372734
-0.063,0,0
-0.0626,0,0
-0.0622,0,0
-0.0618,0.00361274,0.00361961
-0.0614,0,0
-0.061,0.00355773,0.0035644
-0.0606,0,0
-0.0602,0,0
-0.0598,0,0
-0.0594,0.00356,0.00356668
-0.059,0,0
-0.0586,0,0
-0.0582,0,0
-0.0578,0.00704191,0.00498864
-0.0574,0,0
-0.057,0,0
-0.0566,0,0
-0.0562,0,0
-0.0558,0.00372573,0.00373307
-0.0554,0,0
-0.055,0,0
-0.0546,0.00358138,0.00358816
-0.0542,0.00340241,0.00340853
-0.0538,0,0
-0.0534,0,0
-0.053,0,0
-0.0526,0,0
-0.0522,0,0
-0.0518,0.003186,0.00319138
-0.0514,0.00370448,0.00371175
-0.051,0.00354705,0.00355372
-0.0506,0,0
-0.0502,0.00352206,0.00352864
-0.0498,0,0
-0.0494,0,0
-0.049,0,0
-0.0486,0.0041491,0.00415824
-0.0482,0,0
-0.0478,0,0
-0.0474,0.00340645,0.00341261
-0.047,0.00340529,0.00341146
-0.0466,0,0
-0.0462,0,0
-0.0458,0.00357971,0.00358654
-0.0454,0,0
-0.045,0.00349556,0.00350207
-0.0446,0,0
-0.0442,0,0
-0.0438,0,0
-0.0434,0.00384178,0.00384965
-0.043,0,0
-0.0426,0.00413147,0.00414058
-0.0422,0,0
-0.0418,0,0
-0.0414,0.00331073,0.00331659
-0.041,0.00330015,0.00330598
-0.0406,0.00339491,0.00340107
-0.0402,0,0
-0.0398,0,0
-0.0394,0.0036829,0.00369016
-0.039,0,0
-0.0386,0.00337464,0.00338075
-0.0382,0,0
-0.0378,0,0
-0.0374,0,0
-0.037,0,0
-0.0366,0,0
-0.0362,0,0
-0.0358,0,0
-0.0354,0,0
-0.035,0,0
-0.0346,0,0
-0.0342,0,0
-0.0338,0,0
-0.0334,0.00344118,0.00344757
-0.033,0,0
-0.0326,0.00365214,0.00365934
-0.0322,0,0
-0.0318,0,0
-0.0314,0,0
-0.031,0,0
-0.0306,0.00691445,0.0048984
-0.0302,0.00337187,0.00337802
-0.0298,0,0
-0.0294,0,0
-0.029,0,0
-0.0286,0.00738219,0.00523044
-0.0282,0.00367665,0.00368398
-0.0278,0,0
-0.0274,0.00303928,0.0030443
-0.027,0.00355874,0.00356561
-0.0266,0,0
-0.0262,0.00306717,0.00307229
-0.0258,0,0
-0.0254,0,0
-0.025,0.00494419,0.0041857
-0.0246,0,0
-0.0242,0,0
-0.0238,0,0
-0.0234,0.00396159,0.00397014
-0.023,0,0
-0.0226,0,0
-0.0222,0.00362159,0.00362876
-0.0218,0.00318853,0.00319408
-0.0214,0.00329403,0.00329996
-0.021,0.00302495,0.00302995
-0.0206,0,0
-0.0202,0.00653596,0.00463179
-0.0198,0,0
-0.0194,0,0
-0.019,0,0
-0.0186,0,0
-0.0182,0,0
-0.0178,0.0032717,0.00327758
-0.0174,0.00332225,0.00332831
-0.017,0.00665489,0.00471445
-0.0166,0,0
-0.0162,0.00322496,0.00323068
-0.0158,0.00631275,0.00447155
-0.0154,0.00320026,0.0032059
-0.015,0,0
-0.0146,0.0036912,0.00369871
-0.0142,0.00323399,0.00323976
-0.0138,0,0
-0.0134,0.00695351,0.00492633
-0.013,0.00358451,0.00359161
-0.0126,0.00645987,0.00457598
-0.0122,0.0030758,0.00308104
-0.0118,0,0
-0.0114,0.0066754,0.00473005
-0.011,0.00326405,0.00326995
-0.0106,0.00939533,0.00544157
-0.0102,0,0
-0.0098,0.00792525,0.00513936
-0.0094,0.00640101,0.00454292
-0.009,0.00339595,0.00340236
-0.0086,0.0157444,0.00705349
-0.0082,0.00324755,0.00325342
-0.0078,0.0235689,0.00892515
-0.0074,0.0237057,0.00898753
-0.007,0.0203781,0.00833519
-0.0066,0.0169953,0.00761498
-0.0062,0.0175222,0.00785251
-0.0058,0.021285,0.00873382
-0.0054,0.0210238,0.00860691
-0.005,0.0299173,0.0106045
-0.0046,0.0100481,0.00581218
-0.0042,0.00367961,0.00368718
-0.0038,0.0259497,0.0089423
-0.0034,0.0429433,0.011938
-0.003,0.0301865,0.0100813
-0.0026,0.0992351,0.0181254
-0.0022,0.115574,0.0192968
-0.0018,0.207287,0.0258373
-0.0014,0.36198,0.0338955
-0.001,0.460287,0.0374193
-0.0006,0.640992,0.0440884
-0.0002,0.716201,0.0469215
0.0002,0.585856,0.0420077
0.0006,0.580765,0.0434433
0.001,0.392107,0.035144
0.0014,0.181682,0.0245271
0.0018,0.140333,0.021052
0.0022,0.0908031,0.0172896
0.0026,0.0483017,0.0124953
0.003,0.0513628,0.0128227
0.0034,0.0180489,0.00747635
0.0038,0.0455279,0.0118261
0.0042,0.00914427,0.00528865
0.0046,0.00630215,0.00446736
0.005,0.0162741,0.00729141
0.0054,0.00960997,0.00555838
0.0058,0.0146451,0.00689527
0.0062,0.0253234,0.00888551
0.0066,0.0189215,0.00773892
0.007,0.0254722,0.00902216
0.0074,0.0201564,0.00850815
0.0078,0.00658461,0.00466471
0.0082,0.00944395,0.00546243
0.0086,0.0130161,0.00652007
0.009,0.00667071,0.00472583
0.0094,0.00317122,0.00317692
0.0098,0.00349928,0.00350622
0.0102,0,0
0.0106,0,0
0.011,0,0
0.0114,0,0
0.0118,0.00353182,0.00353891
0.0122,0,0
0.0126,0,0
0.013,0.00329135,0.00329751
0.0134,0,0
0.0138,0,0
0.0142,0,0
0.0146,0,0
0.015,0,0
0.0154,0.00314892,0.00315458
0.0158,0,0
0.0162,0.00663265,0.00469887
0.0166,0.00618699,0.0043832
0.017,0.0062401,0.00442028
0.0174,0.00311901,0.00312457
0.0178,0.00310498,0.00311049
0.0182,0.00315071,0.00315638
0.0186,0,0
0.019,0,0
0.0194,0.00303371,0.00303898
0.0198,0.00323025,0.00323622
0.0202,0.0029779,0.00298297
0.0206,0,0
0.021,0,0
0.0214,0,0
0.0218,0,0
0.0222,0,0
0.0226,0,0
0.023,0,0
0.0234,0,0
0.0238,0,0
0.0242,0,0
0.0246,0.00711965,0.00504465
0.025,0,0
0.0254,0,0
0.0258,0,0
0.0262,0,0
0.0266,0.00350028,0.00350732
0.027,0,0
0.0274,0.00665654,0.0047159
0.0278,0,0
0.0282,0,0
0.0286,0,0
0.029,0.00314558,0.00315128
0.0294,0,0
0.0298,0,0
0.0302,0,0
0.0306,0,0
0.031,0,0
0.0314,0.00302613,0.00303141
0.0318,0,0
0.0322,0.00294418,0.00294917
0.0326,0.00276912,0.00277355
0.033,0,0
0.0334,0,0
0.0338,0.00312922,0.00313487
0.0342,0,0
0.0346,0,0
0.035,0,0
0.0354,0.00925917,0.00535539
0.0358,0,0
0.0362,0,0
0.0366,0,0
0.037,0,0
0.0374,0,0
0.0378,0.00325901,0.00326515
0.0382,0.00296853,0.00297363
0.0386,0.00284958,0.00285428
0.039,0,0
0.0394,0,0
0.0398,0,0
0.0402,0,0
0.0406,0,0
0.041,0,0
0.0414,0.00315096,0.00315671
0.0418,0,0
0.0422,0,0
0.0426,0,0
0.043,0.0031631,0.0031689
0.0434,0,0
0.0438,0,0
0.0442,0.00626063,0.00443498
0.0446,0,0
0.045,0.00322854,0.00323459
0.0454,0.00312074,0.00312639
0.0458,0,0
0.0462,0,0
0.0466,0,0
0.047,0,0
0.0474,0,0
0.0478,0.00296512,0.00297022
0.0482,0,0
0.0486,0,0
0.049,0,0
0.0494,0,0
0.0498,0,0
0.0502,0,0
0.0506,0,0
0.051,0,0
0.0514,0.00298344,0.00298862
0.0518,0.00606403,0.00429549
0.0522,0,0
0.0526,0,0
0.053,0,0
0.0534,0.00971187,0.00561775
0.0538,0,0
0.0542,0.00603403,0.00427422
0.0546,0.0031189,0.00312458
0.055,0,0
0.0554,0.00289544,0.00290033
0.0558,0.00303635,0.00304173
0.0562,0,0
0.0566,0,0
0.057,0,0
0.0574,0.00277727,0.00278178
0.0578,0,0
0.0582,0.00315575,0.00316157
0.0586,0.00315466,0.00316049
0.059,0.00301201,0.00301732
0.0594,0.00290773,0.00291268
0.0598,0,0
0.0602,0,0
0.0606,0,0
0.061,0.0031162,0.0031219
0.0614,0.00630269,0.00446492
0.0618,0.00315025,0.00315608
0.0622,0,0
0.0626,0,0
0.063,0,0
0.0634,0,0
0.0638,0,0
0.0642,0,0
0.0646,0.0034303,0.00343722
0.065,0.00311518,0.00312089
0.0654,0,0
0.0658,0.00312423,0.00312998
0.0662,0,0
0.0666,0.00312412,0.00312987
0.067,0,0
0.0674,0,0
0.0678,0.00286485,0.0028697
0.0682,0.00289424,0.00289918
0.0686,0,0
0.069,0.00679276,0.00481356
0.0694,0,0
0.0698,0,0
0.0702,0.00298164,0.0029869
0.0706,0.00303014,0.00303557
0.071,0,0
0.0714,0,0
0.0718,0,0
0.0722,0.00315099,0.00315687
0.0726,0,0
0.073,0.00569901,0.00403672
0.0734,0.00577814,0.00409277
0.0738,0,0
0.0742,0,0
0.0746,0,0
0.075,0.00613291,0.00434715
0.0754,0,0
0.0758,0.00672276,0.00460854
0.0762,0.00312511,0.00313093
0.0766,0,0
0.077,0,0
0.0774,0.00615687,0.00436563
0.0778,0.00328623,0.00329266
0.0782,0,0
0.0786,0.00284329,0.00284812
0.079,0,0
0.0794,0.00297425,0.00297953
0.0798,0.00296296,0.00296821
0.0802,0.00289856,0.00290358
0.0806,0.0031741,0.00318012
0.081,0,0
0.0814,0,0
0.0818,0.00594884,0.00421522
0.0822,0,0
0.0826,0.00320132,0.00320746
0.083,0,0
0.0834,0.00558988,0.00395928
0.0838,0,0
0.0842,0,0
0.0846,0.00290307,0.00290814
0.085,0,0
0.0854,0,0
0.0858,0.00303614,0.00304169
0.0862,0,0
0.0866,0,0
0.087,0,0
0.0874,0.00319635,0.0032025
0.0878,0.00593745,0.00420593
0.0882,0.0013302,0.00202119
0.0886,0,0
0.089,0.0028699,0.00287487
0.0894,0,0
0.0898,0,0
0.0902,0.0031027,0.00310852
0.0906,0,0
0.091,0,0
0.0914,0.0030299,0.00303544
0.0918,0,0
0.0922,0,0
0.0926,0,0
0.093,0,0
0.0934,0.00296526,0.00297059
0.0938,0,0
0.0942,0.00308114,0.00308688
0.0946,0,0
0.095,0,0
0.0954,0,0
0.0958,0,0
0.0962,0,0
0.0966,0,0
0.097,0,0
0.0974,0,0
0.0978,0,0
0.0982,0.00660043,0.00468245
0.0986,0.00336953,0.00337641
0.099,0.00662349,0.00469292
0.0994,0,0
0.0998,0,0
0.1002,0,0
0.1006,0.00334707,0.00335386
0.101,0.00344797,0.00345517
0.1014,0,0
0.1018,0,0
0.1022,0.00363925,0.00364728
0.1026,0,0
0.103,0,0
0.1034,0,0
0.1038,0,0
0.1042,0,0
0.1046,0,0
0.105,0.00367136,0.00367953
0.1054,0,0
0.1058,0,0
0.1062,0,0
0.1066,0,0
0.107,0,0
0.1074,0,0
0.1078,0,0
0.1082,0.00819817,0.00581534
0.1086,0.00394861,0.00395807
0.109,0,0
0.1094,0,0
0.1098,0.00377971,0.00378838
0.1102,0,0
0.1106,0,0
0.111,0.00441065,0.00442246
0.1114,0.0041332,0.00414357
0.1118,0,0
0.1122,0,0
0.1126,0.0039391,0.00394852
0.113,0.00447048,0.00448262
0.1134,0,0
0.1138,0.00877285,0.00621987
0.1142,0,0
0.1146,0.00483238,0.00484656
0.115,0,0
0.1154,0,0
0.1158,0,0
0.1162,0,0
0.1166,0,0
0.117,0,0
0.1174,0.00481701,0.00483111
0.1178,0,0
0.1182,0,0
0.1186,0,0
0.119,0,0
0.1194,0.0051645,0.00518071
0.1198,0.00472657,0.00474016
