# X , Y , E Distribution=true
1
-0.1198,0,0
-0.1194,0,0
-0.119,0,0
-0.1186,0,0
-0.1182,0,0
-0.1178,0,0
-0.1174,0,0
-0.117,0,0
-0.1166,0,0
-0.1162,0,0
-0.1158,0,0
-0.1154,0,0
-0.115,0,0
-0.1146,0,0
-0.1142,0,0
-0.1138,0,0
-0.1134,0,0
-0.113,0,0
-0.1126,0,0
-0.1122,0,0
-0.1118,0,0
-0.1114,0,0
-0.111,0,0
-0.1106,0,0
-0.1102,0,0
-0.1098,0,0
-0.1094,0,0
-0.109,0,0
-0.1086,0,0
-0.1082,0.0127973,0.0128367
-0.1078,0,0
-0.1074,0,0
-0.107,0,0
-0.1066,0,0
-0.1062,0,0
-0.1058,0,0
-0.1054,0,0
-0.105,0,0
-0.1046,0,0
-0.1042,0,0
-0.1038,0,0
-0.1034,0,0
-0.103,0,0
-0.1026,0,0
-0.1022,0,0
-0.1018,0,0
-0.1014,0,0
-0.101,0,0
-0.1006,0,0
-0.1002,0,0
-0.0998,0,0
-0.0994,0,0
-0.099,0,0
-0.0986,0,0
-0.0982,0,0
-0.0978,0,0
-0.0974,0,0
-0.097,0,0
-0.0966,0,0
-0.0962,0,0
-0.0958,0,0
-0.0954,0,0
-0.095,0,0
-0.0946,0.0125387,0.012562
-0.0942,0,0
-0.0938,0.0129459,0.0129707
-0.0934,0,0
-0.093,0,0
-0.0926,0,0
-0.0922,0,0
-0.0918,0,0
-0.0914,0,0
-0.091,0,0
-0.0906,0,0
-0.0902,0,0
-0.0898,0.0115663,0.0115861
-0.0894,0,0
-0.089,0,0
-0.0886,0,0
-0.0882,0,0
-0.0878,0,0
-0.0874,0,0
-0.087,0,0
-0.0866,0.0128441,0.0128685
-0.0862,0,0
-0.0858,0,0
-0.0854,0,0
-0.085,0,0
-0.0846,0,0
-0.0842,0,0
-0.0838,0,0
-0.0834,0,0
-0.083,0.0125188,0.012542
-0.0826,0,0
-0.0822,0,0
-0.0818,0,0
-0.0814,0,0
-0.081,0,0
-0.0806,0,0
-0.0802,0,0
-0.0798,0,0
-0.0794,0,0
-0.079,0,0
-0.0786,0,0
-0.0782,0,0
-0.0778,0,0
-0.0774,0,0
-0.077,0,0
-0.0766,0,0
-0.0762,0.0131049,0.0131302
-0.0758,0,0
-0.0754,0,0
-0.075,0.0136255,0.0136528
-0.0746,0,0
-0.0742,0.0126049,0.0126283
-0.0738,0,0
-0.0734,0,0
-0.073,0,0
-0.0726,0,0
-0.0722,0,0
-0.0718,0,0
-0.0714,0,0
-0.071,0,0
-0.0706,0,0
-0.0702,0,0
-0.0698,0,0
-0.0694,0,0
-0.069,0,0
-0.0686,0,0
-0.0682,0,0
-0.0678,0,0
-0.0674,0,0
-0.067,0,0
-0.0666,0,0
-0.0662,0,0
-0.0658,0,0
-0.0654,0,0
-0.065,0.0073592,0.0100626
-0.0646,0,0
-0.0642,0,0
-0.0638,0,0
-0.0634,0,0
-0.063,0.012492,0.0125148
-0.0626,0.0137371,0.0137647
-0.0622,0,0
-0.0618,0,0
-0.0614,0.0123396,0.0123619
-0.061,0,0
-0.0606,0,0
-0.0602,0,0
-0.0598,0,0
-0.0594,0,0
-0.059,0,0
-0.0586,0,0
-0.0582,0,0
-0.0578,0,0
-0.0574,0,0
-0.057,0,0
-0.0566,0,0
-0.0562,0,0
-0.0558,0,0
-0.0554,0,0
-0.055,0,0
-0.0546,0,0
-0.0542,0,0
-0.0538,0,0
-0.0534,0,0
-0.053,0.0128021,0.0128259
-0.0526,0.00257889,0.00592597
-0.0522,0,0
-0.0518,0.0117283,0.0117483
-0.0514,0,0
-0.051,0,0
-0.0506,0,0
-0.0502,0,0
-0.0498,0,0
-0.0494,0,0
-0.049,0,0
-0.0486,0,0
-0.0482,0,0
-0.0478,0,0
-0.0474,0,0
-0.047,0,0
-0.0466,0,0
-0.0462,0,0
-0.0458,0,0
-0.0454,0.0247804,0.017554
-0.045,0,0
-0.0446,0,0
-0.0442,0,0
-0.0438,0,0
-0.0434,0,0
-0.043,0,0
-0.0426,0,0
-0.0422,0,0
-0.0418,0,0
-0.0414,0,0
-0.041,0,0
-0.0406,0,0
-0.0402,0,0
-0.0398,0.0125399,0.0125627
-0.0394,0,0
-0.039,0,0
-0.0386,0,0
-0.0382,0,0
-0.0378,0,0
-0.0374,0,0
-0.037,0,0
-0.0366,0,0
-0.0362,0,0
-0.0358,0,0
-0.0354,0,0
-0.035,0,0
-0.0346,0,0
-0.0342,0,0
-0.0338,0,0
-0.0334,0,0
-0.033,0,0
-0.0326,0,0
-0.0322,0,0
-0.0318,0.0131271,0.013152
-0.0314,0,0
-0.031,0,0
-0.0306,0,0
-0.0302,0,0
-0.0298,0,0
-0.0294,0.0126337,0.0126566
-0.029,0,0
-0.0286,0,0
-0.0282,0,0
-0.0278,0,0
-0.0274,0,0
-0.027,0,0
-0.0266,0,0
-0.0262,0,0
-0.0258,0,0
-0.0254,0,0
-0.025,0,0
-0.0246,0,0
-0.0242,0,0
-0.0238,0,0
-0.0234,0,0
-0.023,0.0127714,0.0127949
-0.0226,0.0125888,0.0126115
-0.0222,0,0
-0.0218,0,0
-0.0214,0,0
-0.021,0,0
-0.0206,0,0
-0.0202,0,0
-0.0198,0,0
-0.0194,0,0
-0.019,0,0
-0.0186,0.0270877,0.0197735
-0.0182,0,0
-0.0178,0.0133159,0.0133413
-0.0174,0.0126252,0.012648
-0.017,0,0
-0.0166,0,0
-0.0162,0,0
-0.0158,0,0
-0.0154,0,0
-0.015,0.0128076,0.0128311
-0.0146,0,0
-0.0142,0,0
-0.0138,0,0
-0.0134,0,0
-0.013,0,0
-0.0126,0,0
-0.0122,0,0
-0.0118,0.0135074,0.0135335
-0.0114,0,0
-0.011,0,0
-0.0106,0.0122837,0.0123052
-0.0102,0,0
-0.0098,0,0
-0.0094,0,0
-0.009,0,0
-0.0086,0.0198876,0.016174
-0.0082,0,0
-0.0078,0,0
-0.0074,0,0
-0.007,0,0
-0.0066,0.0131716,0.0131963
-0.0062,0,0
-0.0058,0.0197624,0.0158123
-0.0054,0.0337837,0.0210863
-0.005,0.0406682,0.0235253
-0.0046,0.0412958,0.0238904
-0.0042,0.054184,0.0271865
-0.0038,0.0549941,0.0259774
-0.0034,0.0631109,0.0287121
-0.003,0.157819,0.0456171
-0.0026,0.261659,0.0569666
-0.0022,0.59721,0.0880218
-0.0018,1.17264,0.126328
-0.0014,2.07216,0.163522
-0.001,3.42347,0.215627
-0.0006,4.57486,0.24604
-0.0002,5.09335,0.26462
0.0002,4.17303,0.237252
0.0006,3.22715,0.205746
0.001,2.01116,0.156374
0.0014,0.974204,0.107902
0.0018,0.486833,0.0790325
0.0022,0.320369,0.0627803
0.0026,0.0255245,0.0183976
0.003,0.0238881,0.0183689
0.0034,0,0
0.0038,0,0
0.0042,0,0
0.0046,0.025705,0.0182093
0.005,0,0
0.0054,0,0
0.0058,0,0
0.0062,0,0
0.0066,0,0
0.007,0,0
0.0074,0,0
0.0078,0.00950478,0.0104383
0.0082,0,0
0.0086,0.013132,0.0131564
0.009,0.000745171,0.00309929
0.0094,0,0
0.0098,0,0
0.0102,0.0119507,0.0119709
0.0106,0,0
0.011,0,0
0.0114,0,0
0.0118,0,0
0.0122,0,0
0.0126,0,0
0.013,0,0
0.0134,0,0
0.0138,0,0
0.0142,0,0
0.0146,0,0
0.015,0,0
0.0154,0,0
0.0158,0,0
0.0162,0,0
0.0166,0,0
0.017,0.0125836,0.0126059
0.0174,0,0
0.0178,0,0
0.0182,0,0
0.0186,0,0
0.019,0,0
0.0194,0,0
0.0198,0,0
0.0202,0,0
0.0206,0,0
0.021,0,0
0.0214,0,0
0.0218,0,0
0.0222,0,0
0.0226,0,0
0.023,0.0145014,0.0145309
0.0234,0.0290092,0.0205544
0.0238,0,0
0.0242,0,0
0.0246,0,0
0.025,0,0
0.0254,0,0
0.0258,0,0
0.0262,0,0
0.0266,0,0
0.027,0,0
0.0274,0,0
0.0278,0,0
0.0282,0,0
0.0286,0,0
0.029,0,0
0.0294,0,0
0.0298,0,0
0.0302,0,0
0.0306,0,0
0.031,0,0
0.0314,0,0
0.0318,0,0
0.0322,0,0
0.0326,0,0
0.033,0,0
0.0334,0,0
0.0338,0,0
0.0342,0,0
0.0346,0,0
0.035,0,0
0.0354,0.0121022,0.0121226
0.0358,0.0162468,0.0146548
0.0362,0,0
0.0366,0,0
0.037,0,0
0.0374,0,0
0.0378,0,0
0.0382,0,0
0.0386,0,0
0.039,0,0
0.0394,0,0
0.0398,0,0
0.0402,0,0
0.0406,0,0
0.041,0,0
0.0414,0,0
0.0418,0,0
0.0422,0,0
0.0426,0,0
0.043,0,0
0.0434,0,0
0.0438,0,0
0.0442,0,0
0.0446,0,0
0.045,0,0
0.0454,0,0
0.0458,0,0
0.0462,0,0
0.0466,0,0
0.047,0,0
0.0474,0,0
0.0478,0,0
0.0482,0,0
0.0486,0.0132146,0.0132387
0.049,0.0131638,0.0131878
0.0494,0,0
0.0498,0,0
0.0502,0,0
0.0506,0,0
0.051,0,0
0.0514,0.013118,0.0131418
0.0518,0,0
0.0522,0,0
0.0526,0,0
0.053,0.00445411,0.00742425
0.0534,0,0
0.0538,0,0
0.0542,0,0
0.0546,0,0
0.055,0,0
0.0554,0,0
0.0558,0,0
0.0562,0,0
0.0566,0,0
0.057,0,0
0.0574,0,0
0.0578,0,0
0.0582,0,0
0.0586,0,0
0.059,0,0
0.0594,0,0
0.0598,0,0
0.0602,0,0
0.0606,0,0
0.061,0,0
0.0614,0,0
0.0618,0,0
0.0622,0,0
0.0626,0,0
0.063,0,0
0.0634,0,0
0.0638,0,0
0.0642,0,0
0.0646,0,0
0.065,0,0
0.0654,0,0
0.0658,0,0
0.0662,0,0
0.0666,0,0
0.067,0,0
0.0674,0,0
0.0678,0.00104548,0.00360739
0.0682,0,0
0.0686,0,0
0.069,0,0
0.0694,0,0
0.0698,0,0
0.0702,0,0
0.0706,0,0
0.071,0,0
0.0714,0,0
0.0718,0,0
0.0722,0,0
0.0726,0,0
0.073,0,0
0.0734,0,0
0.0738,0,0
0.0742,0.0134916,0.0135165
0.0746,0,0
0.075,0,0
0.0754,0,0
0.0758,0,0
0.0762,0,0
0.0766,0,0
0.077,0.00554857,0.0085405
0.0774,0,0
0.0778,0,0
0.0782,0,0
0.0786,0.0134573,0.013482
0.079,0,0
0.0794,0,0
0.0798,0,0
0.0802,0,0
0.0806,0,0
0.081,0.00963314,0.0116893
0.0814,0,0
0.0818,0,0
0.0822,0,0
0.0826,0,0
0.083,0.0137523,0.013778
0.0834,0,0
0.0838,0,0
0.0842,0,0
0.0846,0,0
0.085,0.0147198,0.0147492
0.0854,0,0
0.0858,0.0126428,0.0126645
0.0862,0,0
0.0866,0,0
0.087,0,0
0.0874,0,0
0.0878,0,0
0.0882,0.0129709,0.0129938
0.0886,0,0
0.089,0,0
0.0894,0,0
0.0898,0,0
0.0902,0,0
0.0906,0,0
0.091,0,0
0.0914,0,0
0.0918,0,0
0.0922,0,0
0.0926,0,0
0.093,0.0151257,0.0151566
0.0934,0,0
0.0938,0,0
0.0942,0.000176955,0.00155383
0.0946,0,0
0.095,0,0
0.0954,0,0
0.0958,0,0
0.0962,0,0
0.0966,0,0
0.097,0,0
0.0974,0,0
0.0978,0,0
0.0982,0,0
0.0986,0,0
0.099,0,0
0.0994,0,0
0.0998,0,0
0.1002,0,0
0.1006,0,0
0.101,0,0
0.1014,0,0
0.1018,0,0
0.1022,0,0
0.1026,0,0
0.103,0,0
0.1034,0,0
0.1038,0,0
0.1042,0,0
0.1046,0,0
0.105,0,0
0.1054,0,0
0.1058,0,0
0.1062,0,0
0.1066,0,0
0.107,0.0160864,0.0161211
0.1074,0.0177932,0.0178357
0.1078,0,0
0.1082,0,0
0.1086,0,0
0.109,0,0
0.1094,0,0
0.1098,0,0
0.1102,0,0
0.1106,0,0
0.111,0,0
0.1114,0,0
0.1118,0,0
0.1122,0,0
0.1126,0,0
0.113,0,0
0.1134,0,0
0.1138,0,0
0.1142,0,0
0.1146,0,0
0.115,0,0
0.1154,0,0
0.1158,0,0
0.1162,0.020049,0.0201026
0.1166,0,0
0.117,0.0197658,0.0214561
0.1174,0,0
0.1178,0,0
0.1182,0,0
0.1186,0,0
0.119,0,0
0.1194,0,0
0.1198,0,0
2
-0.1198,0,0
-0.1194,0,0
-0.119,0,0
-0.1186,0,0
-0.1182,0,0
-0.1178,0,0
-0.1174,0,0
-0.117,0,0
-0.1166,0,0
-0.1162,0,0
-0.1158,0,0
-0.1154,0,0
-0.115,0,0
-0.1146,0,0
-0.1142,0,0
-0.1138,0,0
-0.1134,0,0
-0.113,0.00607964,0.00609146
-0.1126,0,0
-0.1122,0,0
-0.1118,0,0
-0.1114,0,0
-0.111,0,0
-0.1106,0,0
-0.1102,0,0
-0.1098,0,0
-0.1094,0,0
-0.109,0,0
-0.1086,0,0
-0.1082,0.00189275,0.00337302
-0.1078,0,0
-0.1074,0,0
-0.107,0,0
-0.1066,0,0
-0.1062,0,0
-0.1058,0,0
-0.1054,0.00613504,0.00614706
-0.105,0,0
-0.1046,0,0
-0.1042,0,0
-0.1038,0,0
-0.1034,0,0
-0.103,0,0
-0.1026,0,0
-0.1022,0,0
-0.1018,0,0
-0.1014,0,0
-0.101,0,0
-0.1006,0,0
-0.1002,0,0
-0.0998,0,0
-0.0994,0,0
-0.099,0,0
-0.0986,0,0
-0.0982,0,0
-0.0978,0,0
-0.0974,0,0
-0.097,0,0
-0.0966,0.00648425,0.00649764
-0.0962,0,0
-0.0958,0,0
-0.0954,0,0
-0.095,0,0
-0.0946,0,0
-0.0942,0,0
-0.0938,0,0
-0.0934,0,0
-0.093,0,0
-0.0926,0,0
-0.0922,0,0
-0.0918,0,0
-0.0914,0,0
-0.091,0.00689008,0.00653401
-0.0906,0,0
-0.0902,0,0
-0.0898,0,0
-0.0894,0,0
-0.089,0,0
-0.0886,0.00594357,0.00595481
-0.0882,0,0
-0.0878,0,0
-0.0874,0,0
-0.087,0,0
-0.0866,0,0
-0.0862,0,0
-0.0858,0,0
-0.0854,0,0
-0.085,0.00606202,0.0060737
-0.0846,0,0
-0.0842,0,0
-0.0838,0,0
-0.0834,0,0
-0.083,0,0
-0.0826,0,0
-0.0822,0,0
-0.0818,0,0
-0.0814,0,0
-0.081,0,0
-0.0806,0,0
-0.0802,0,0
-0.0798,0,0
-0.0794,0.0116624,0.00827103
-0.079,0,0
-0.0786,0,0
-0.0782,0,0
-0.0778,0,0
-0.0774,0,0
-0.077,0,0
-0.0766,0,0
-0.0762,0.00594634,0.00595755
-0.0758,0.00601683,0.00602831
-0.0754,0,0
-0.075,0,0
-0.0746,0,0
-0.0742,0,0
-0.0738,0.00546534,0.0054748
-0.0734,0,0
-0.073,0,0
-0.0726,0,0
-0.0722,0,0
-0.0718,0,0
-0.0714,0,0
-0.071,0,0
-0.0706,0.00602389,0.00603538
-0.0702,0.00626213,0.00627455
-0.0698,0,0
-0.0694,0,0
-0.069,0,0
-0.0686,0,0
-0.0682,0,0
-0.0678,0,0
-0.0674,0,0
-0.067,0,0
-0.0666,0,0
-0.0662,0.00593627,0.00594742
-0.0658,0,0
-0.0654,0.00634632,0.00635906
-0.065,0.00293187,0.00431745
-0.0646,0,0
-0.0642,0,0
-0.0638,0,0
-0.0634,0,0
-0.063,0,0
-0.0626,0,0
-0.0622,0,0
-0.0618,0,0
-0.0614,0,0
-0.061,0,0
-0.0606,0.00585391,0.00586474
-0.0602,0.00669805,0.00671222
-0.0598,0,0
-0.0594,0.00614299,0.00615492
-0.059,0,0
-0.0586,0,0
-0.0582,0,0
-0.0578,0,0
-0.0574,0,0
-0.057,0,0
-0.0566,0,0
-0.0562,0,0
-0.0558,0,0
-0.0554,0,0
-0.055,0,0
-0.0546,0,0
-0.0542,0,0
-0.0538,0,0
-0.0534,0,0
-0.053,0.00624824,0.00626056
-0.0526,0.00506072,0.00563456
-0.0522,0,0
-0.0518,0,0
-0.0514,0,0
-0.051,0,0
-0.0506,0,0
-0.0502,0,0
-0.0498,0,0
-0.0494,0,0
-0.049,0.00567376,0.00568391
-0.0486,0,0
-0.0482,0.00604927,0.0060608
-0.0478,0,0
-0.0474,0.00606487,0.00607646
-0.047,0,0
-0.0466,0,0
-0.0462,0,0
-0.0458,0,0
-0.0454,0,0
-0.045,0,0
-0.0446,0,0
-0.0442,0.00607543,0.00608705
-0.0438,0,0
-0.0434,0,0
-0.043,0,0
-0.0426,0,0
-0.0422,0,0
-0.0418,0,0
-0.0414,0,0
-0.041,0,0
-0.0406,0,0
-0.0402,0,0
-0.0398,0.00604293,0.00605442
-0.0394,0,0
-0.039,0,0
-0.0386,0,0
-0.0382,0,0
-0.0378,0,0
-0.0374,0,0
-0.037,0,0
-0.0366,0,0
-0.0362,0,0
-0.0358,0,0
-0.0354,0.00620722,0.00621933
-0.035,0.00587174,0.00588257
-0.0346,0.00630583,0.00631832
-0.0342,0.00612327,0.00613505
-0.0338,0.0113147,0.00801494
-0.0334,0,0
-0.033,0.00600411,0.00601543
-0.0326,0,0
-0.0322,0.00611542,0.00612716
-0.0318,0,0
-0.0314,0,0
-0.031,0,0
-0.0306,0,0
-0.0302,0.00627463,0.00628699
-0.0298,0,0
-0.0294,0,0
-0.029,0,0
-0.0286,0,0
-0.0282,0,0
-0.0278,0,0
-0.0274,0,0
-0.027,0,0
-0.0266,0,0
-0.0262,0,0
-0.0258,0,0
-0.0254,0.0183669,0.0106273
-0.025,0,0
-0.0246,0,0
-0.0242,0,0
-0.0238,0,0
-0.0234,0,0
-0.023,0,0
-0.0226,0,0
-0.0222,0.00603392,0.00604533
-0.0218,0,0
-0.0214,0,0
-0.021,0,0
-0.0206,0,0
-0.0202,0,0
-0.0198,0,0
-0.0194,0.00610763,0.00611931
-0.019,0,0
-0.0186,0.000759592,0.0022385
-0.0182,0,0
-0.0178,0,0
-0.0174,0,0
-0.017,0,0
-0.0166,0,0
-0.0162,0.00401016,0.00478692
-0.0158,0,0
-0.0154,0,0
-0.015,0,0
-0.0146,0,0
-0.0142,0.0120936,0.00856895
-0.0138,0,0
-0.0134,0.00595134,0.00596242
-0.013,0.00557363,0.00558335
-0.0126,0.00610543,0.00611708
-0.0122,0,0
-0.0118,0,0
-0.0114,0.00574116,0.00575146
-0.011,0,0
-0.0106,0,0
-0.0102,0,0
-0.0098,0.00600877,0.00602005
-0.0094,0.00596535,0.00597647
-0.009,0,0
-0.0086,0.000322698,0.00136105
-0.0082,0.0113229,0.0080207
-0.0078,0.00627895,0.00629127
-0.0074,0,0
-0.007,0.00626424,0.00627649
-0.0066,0,0
-0.0062,0.00562459,0.00563447
-0.0058,0.0141215,0.00907616
-0.0054,0.00253741,0.00390694
-0.005,0.00617286,0.00618475
-0.0046,0.0189432,0.0109584
-0.0042,0.0186335,0.0107569
-0.0038,0.0247912,0.0117047
-0.0034,0.0526873,0.0174632
-0.003,0.042732,0.016013
-0.0026,0.133474,0.0275173
-0.0022,0.209241,0.035257
-0.0018,0.381385,0.0485687
-0.0014,0.790132,0.0681646
-0.001,1.14588,0.0840904
-0.0006,1.53928,0.0961923
-0.0002,1.6922,0.102727
0.0002,1.67694,0.101257
0.0006,1.4643,0.0933899
0.001,1.01851,0.0752558
0.0014,0.56337,0.0553574
0.0018,0.35294,0.0453875
0.0022,0.185931,0.0322202
0.0026,0.0460823,0.0162603
0.003,0.0317445,0.0141903
0.0034,0.0104692,0.00741496
0.0038,0,0
0.0042,0,0
0.0046,0,0
0.005,0,0
0.0054,0.0125882,0.0089187
0.0058,0,0
0.0062,0,0
0.0066,0,0
0.007,0.00570022,0.00571034
0.0074,0,0
0.0078,0,0
0.0082,0.0103677,0.0073429
0.0086,0.0175644,0.0101624
0.009,0.00548618,0.00566285
0.0094,0,0
0.0098,0,0
0.0102,0,0
0.0106,0,0
0.011,0,0
0.0114,0.00577394,0.00578431
0.0118,0.00594108,0.00595206
0.0122,0,0
0.0126,0,0
0.013,0,0
0.0134,0,0
0.0138,0,0
0.0142,0.0051048,0.0051129
0.0146,0,0
0.015,0,0
0.0154,0,0
0.0158,0.00562046,0.00563028
0.0162,0,0
0.0166,0,0
0.017,0,0
0.0174,0,0
0.0178,0.0114674,0.00812316
0.0182,0.00584643,0.00585705
0.0186,0,0
0.019,0,0
0.0194,0.0055195,0.00552896
0.0198,0,0
0.0202,0,0
0.0206,0,0
0.021,0,0
0.0214,0,0
0.0218,0.0058966,0.00590739
0.0222,0,0
0.0226,0.00625082,0.00626294
0.023,0,0
0.0234,0,0
0.0238,0,0
0.0242,0,0
0.0246,0,0
0.025,0.00581311,0.00582359
0.0254,0,0
0.0258,0,0
0.0262,0,0
0.0266,0,0
0.027,0,0
0.0274,0,0
0.0278,0,0
0.0282,0,0
0.0286,0.00571669,0.00572682
0.029,0,0
0.0294,0,0
0.0298,0,0
0.0302,0,0
0.0306,0,0
0.031,0,0
0.0314,0.00598504,0.00599613
0.0318,0,0
0.0322,0,0
0.0326,0,0
0.033,0,0
0.0334,0,0
0.0338,0,0
0.0342,0.00598615,0.00599724
0.0346,0,0
0.035,0,0
0.0354,0,0
0.0358,0.00453744,0.00519247
0.0362,0,0
0.0366,0,0
0.037,0,0
0.0374,0,0
0.0378,0,0
0.0382,0,0
0.0386,0,0
0.039,0.0116203,0.00823543
0.0394,0,0
0.0398,0,0
0.0402,0,0
0.0406,0.00625446,0.00626655
0.041,0.00632035,0.00633269
0.0414,0,0
0.0418,0,0
0.0422,0,0
0.0426,0,0
0.043,0,0
0.0434,0.00549235,0.00550167
0.0438,0,0
0.0442,0,0
0.0446,0,0
0.045,0,0
0.0454,0,0
0.0458,0,0
0.0462,0,0
0.0466,0,0
0.047,0,0
0.0474,0,0
0.0478,0,0
0.0482,0,0
0.0486,0,0
0.049,0,0
0.0494,0.00641112,0.0064238
0.0498,0,0
0.0502,0,0
0.0506,0,0
0.051,0,0
0.0514,0.0058731,0.00588374
0.0518,0,0
0.0522,0.00616868,0.00618041
0.0526,0,0
0.053,0.00352598,0.00441896
0.0534,0,0
0.0538,0,0
0.0542,0.00608512,0.00609653
0.0546,0,0
0.055,0,0
0.0554,0,0
0.0558,0,0
0.0562,0,0
0.0566,0,0
0.057,0,0
0.0574,0,0
0.0578,0,0
0.0582,0,0
0.0586,0,0
0.059,0,0
0.0594,0,0
0.0598,0,0
0.0602,0,0
0.0606,0,0
0.061,0.00598301,0.00599402
0.0614,0,0
0.0618,0.00559756,0.0056072
0.0622,0,0
0.0626,0,0
0.063,0,0
0.0634,0,0
0.0638,0,0
0.0642,0,0
0.0646,0,0
0.065,0.0122131,0.00865216
0.0654,0,0
0.0658,0,0
0.0662,0,0
0.0666,0,0
0.067,0,0
0.0674,0,0
0.0678,0.00506203,0.00529882
0.0682,0.00615423,0.00616586
0.0686,0,0
0.069,0,0
0.0694,0.00623519,0.00624712
0.0698,0,0
0.0702,0.00593094,0.00594174
0.0706,0,0
0.071,0,0
0.0714,0,0
0.0718,0,0
0.0722,0.00560902,0.00561868
0.0726,0,0
0.073,0,0
0.0734,0,0
0.0738,0,0
0.0742,0,0
0.0746,0,0
0.075,0,0
0.0754,0.00596986,0.00598078
0.0758,0.00597973,0.00599069
0.0762,0,0
0.0766,0.00618393,0.00619565
0.077,0.00335565,0.00442776
0.0774,0,0
0.0778,0,0
0.0782,0,0
0.0786,0,0
0.079,0,0
0.0794,0,0
0.0798,0,0
0.0802,0,0
0.0806,0.00627222,0.00628426
0.081,0.00199623,0.00354537
0.0814,0,0
0.0818,0,0
0.0822,0,0
0.0826,0,0
0.083,0,0
0.0834,0,0
0.0838,0,0
0.0842,0,0
0.0846,0,0
0.085,0,0
0.0854,0.00629487,0.00630699
0.0858,0,0
0.0862,0,0
0.0866,0,0
0.087,0.00565423,0.00566401
0.0874,0,0
0.0878,0.00586358,0.00587409
0.0882,0,0
0.0886,0,0
0.089,0,0
0.0894,0,0
0.0898,0.00564951,0.00565926
0.0902,0,0
0.0906,0,0
0.091,0,0
0.0914,0.0105661,0.00748341
0.0918,0,0
0.0922,0,0
0.0926,0,0
0.093,0,0
0.0934,0.00657844,0.00659164
0.0938,0,0
0.0942,0.0119453,0.0084898
0.0946,0,0
0.095,0.00635341,0.00636573
0.0954,0.0124646,0.00883065
0.0958,0,0
0.0962,0,0
0.0966,0,0
0.097,0,0
0.0974,0,0
0.0978,0,0
0.0982,0,0
0.0986,0,0
0.099,0,0
0.0994,0,0
0.0998,0,0
0.1002,0.00641008,0.00642259
0.1006,0.00432884,0.00519483
0.101,0,0
0.1014,0.00691904,0.00693362
0.1018,0,0
0.1022,0,0
0.1026,0,0
0.103,0,0
0.1034,0,0
0.1038,0,0
0.1042,0,0
0.1046,0,0
0.105,0,0
0.1054,0,0
0.1058,0.00776883,0.00778718
0.1062,0,0
0.1066,0,0
0.107,0,0
0.1074,0,0
0.1078,0,0
0.1082,0,0
0.1086,0,0
0.109,0.00822914,0.00824971
0.1094,0,0
0.1098,0,0
0.1102,0,0
0.1106,0,0
0.111,0,0
0.1114,0,0
0.1118,0,0
0.1122,0.00849566,0.00851756
0.1126,0,0
0.113,0,0
0.1134,0.00883774,0.00886144
0.1138,0,0
0.1142,0,0
0.1146,0,0
0.115,0,0
0.1154,0,0
0.1158,0,0
0.1162,0,0
0.1166,0,0
0.117,0.00871938,0.00874242
0.1174,0,0
0.1178,0,0
0.1182,0,0
0.1186,0.0107556,0.0107906
0.119,0.0102003,0.0102318
0.1194,0,0
0.1198,0,0
3
-0.1198,0,0
-0.1194,0,0
-0.119,0,0
-0.1186,0,0
-0.1182,0,0
-0.1178,0,0
-0.1174,0,0
-0.117,0,0
-0.1166,0,0
-0.1162,0,0
-0.1158,0.00573859,0.0057487
-0.1154,0,0
-0.115,0,0
-0.1146,0,0
-0.1142,0,0
-0.1138,0,0
-0.1134,0,0
-0.113,0,0
-0.1126,0,0
-0.1122,0,0
-0.1118,0,0
-0.1114,0,0
-0.111,0,0
-0.1106,0,0
-0.1102,0,0
-0.1098,0,0
-0.1094,0,0
-0.109,0,0
-0.1086,0,0
-0.1082,0.0104804,0.00810871
-0.1078,0,0
-0.1074,0,0
-0.107,0,0
-0.1066,0,0
-0.1062,0,0
-0.1058,0,0
-0.1054,0,0
-0.105,0,0
-0.1046,0,0
-0.1042,0,0
-0.1038,0,0
-0.1034,0.00636831,0.0063807
-0.103,0,0
-0.1026,0,0
-0.1022,0,0
-0.1018,0,0
-0.1014,0,0
-0.101,0,0
-0.1006,0,0
-0.1002,0,0
-0.0998,0,0
-0.0994,0,0
-0.099,0,0
-0.0986,0,0
-0.0982,0.00636501,0.00637736
-0.0978,0,0
-0.0974,0,0
-0.097,0,0
-0.0966,0,0
-0.0962,0,0
-0.0958,0,0
-0.0954,0,0
-0.095,0,0
-0.0946,0,0
-0.0942,0,0
-0.0938,0,0
-0.0934,0,0
-0.093,0,0
-0.0926,0,0
-0.0922,0,0
-0.0918,0.00569836,0.00570823
-0.0914,0,0
-0.091,0.00571009,0.00608626
-0.0906,0,0
-0.0902,0,0
-0.0898,0,0
-0.0894,0,0
-0.089,0,0
-0.0886,0,0
-0.0882,0,0
-0.0878,0,0
-0.0874,0,0
-0.087,0,0
-0.0866,0,0
-0.0862,0,0
-0.0858,0,0
-0.0854,0,0
-0.085,0,0
-0.0846,0,0
-0.0842,0,0
-0.0838,0,0
-0.0834,0,0
-0.083,0,0
-0.0826,0,0
-0.0822,0,0
-0.0818,0,0
-0.0814,0,0
-0.081,0.00632322,0.00633532
-0.0806,0,0
-0.0802,0,0
-0.0798,0,0
-0.0794,0,0
-0.079,0,0
-0.0786,0,0
-0.0782,0,0
-0.0778,0,0
-0.0774,0,0
-0.077,0,0
-0.0766,0,0
-0.0762,0,0
-0.0758,0,0
-0.0754,0,0
-0.075,0.00663311,0.00664638
-0.0746,0,0
-0.0742,0,0
-0.0738,0,0
-0.0734,0,0
-0.073,0,0
-0.0726,0,0
-0.0722,0,0
-0.0718,0,0
-0.0714,0,0
-0.071,0,0
-0.0706,0,0
-0.0702,0,0
-0.0698,0,0
-0.0694,0,0
-0.069,0,0
-0.0686,0,0
-0.0682,0.0065482,0.00656109
-0.0678,0,0
-0.0674,0,0
-0.067,0,0
-0.0666,0,0
-0.0662,0,0
-0.0658,0,0
-0.0654,0,0
-0.065,0,0
-0.0646,0,0
-0.0642,0,0
-0.0638,0,0
-0.0634,0,0
-0.063,0,0
-0.0626,0,0
-0.0622,0,0
-0.0618,0,0
-0.0614,0,0
-0.061,0,0
-0.0606,0,0
-0.0602,0,0
-0.0598,0,0
-0.0594,0,0
-0.059,0,0
-0.0586,0,0
-0.0582,0,0
-0.0578,0,0
-0.0574,0,0
-0.057,0,0
-0.0566,0,0
-0.0562,0,0
-0.0558,0,0
-0.0554,0,0
-0.055,0,0
-0.0546,0,0
-0.0542,0,0
-0.0538,0,0
-0.0534,0.00681603,0.0068299
-0.053,0,0
-0.0526,0,0
-0.0522,0,0
-0.0518,0,0
-0.0514,0.00359706,0.00463593
-0.051,0,0
-0.0506,0,0
-0.0502,0,0
-0.0498,0.00647015,0.00648263
-0.0494,0,0
-0.049,0,0
-0.0486,0,0
-0.0482,0,0
-0.0478,0,0
-0.0474,0,0
-0.047,0,0
-0.0466,0.00638915,0.0064013
-0.0462,0,0
-0.0458,0,0
-0.0454,0,0
-0.045,0,0
-0.0446,0,0
-0.0442,0,0
-0.0438,0.00450899,0.00531268
-0.0434,0,0
-0.043,0,0
-0.0426,0,0
-0.0422,0.00642116,0.0064334
-0.0418,0,0
-0.0414,0.00651325,0.00652585
-0.041,0,0
-0.0406,0,0
-0.0402,0,0
-0.0398,0,0
-0.0394,0,0
-0.039,0,0
-0.0386,0.00634952,0.00636147
-0.0382,0,0
-0.0378,0,0
-0.0374,0.0063007,0.00631247
-0.037,0,0
-0.0366,0,0
-0.0362,0,0
-0.0358,0,0
-0.0354,0,0
-0.035,0,0
-0.0346,0,0
-0.0342,0,0
-0.0338,0,0
-0.0334,0,0
-0.033,0,0
-0.0326,0,0
-0.0322,0,0
-0.0318,0.00615022,0.0061614
-0.0314,0,0
-0.031,0,0
-0.0306,0,0
-0.0302,0,0
-0.0298,0,0
-0.0294,0.00236611,0.00382276
-0.029,0.00621779,0.0062292
-0.0286,0.00329537,0.00453527
-0.0282,0,0
-0.0278,0,0
-0.0274,0,0
-0.027,0,0
-0.0266,0,0
-0.0262,0.0128199,0.00908216
-0.0258,0,0
-0.0254,0.00630451,0.00631622
-0.025,0,0
-0.0246,0,0
-0.0242,0.00635756,0.00636946
-0.0238,0,0
-0.0234,0,0
-0.023,0,0
-0.0226,0,0
-0.0222,0,0
-0.0218,0,0
-0.0214,0,0
-0.021,0,0
-0.0206,0,0
-0.0202,0,0
-0.0198,0,0
-0.0194,0,0
-0.019,0.00700731,0.00702174
-0.0186,0,0
-0.0182,0,0
-0.0178,0,0
-0.0174,0,0
-0.017,0,0
-0.0166,0,0
-0.0162,0.00179503,0.00330687
-0.0158,0,0
-0.0154,0,0
-0.015,0.00556656,0.00557565
-0.0146,0,0
-0.0142,0.00656017,0.00657279
-0.0138,0,0
-0.0134,0,0
-0.013,0,0
-0.0126,0,0
-0.0122,0,0
-0.0118,0.0254028,0.0127332
-0.0114,0,0
-0.011,0,0
-0.0106,0.00631255,0.00632421
-0.0102,0.00641365,0.00642569
-0.0098,0.00641448,0.00642652
-0.0094,0.0123932,0.00877926
-0.009,0,0
-0.0086,0,0
-0.0082,0,0
-0.0078,0,0
-0.0074,0.00669031,0.00670339
-0.007,0.00669124,0.00670433
-0.0066,0,0
-0.0062,0.00939375,0.00756855
-0.0058,0.00601014,0.0060207
-0.0054,0,0
-0.005,0.00659651,0.00660921
-0.0046,0.0269929,0.0135231
-0.0042,0.0132229,0.00936806
-0.0038,0.0190923,0.0106511
-0.0034,0.031581,0.0141551
-0.003,0.0373588,0.0154842
-0.0026,0.0800599,0.0218958
-0.0022,0.187894,0.0345421
-0.0018,0.380867,0.0501936
-0.0014,0.417472,0.0510672
-0.001,0.919313,0.0781146
-0.0006,1.08012,0.0834126
-0.0002,1.42681,0.0975476
0.0002,1.18821,0.0881436
0.0006,0.984003,0.0791614
0.001,0.738982,0.0662002
0.0014,0.483791,0.0529944
0.0018,0.167351,0.0323341
0.0022,0.151875,0.0301265
0.0026,0.0174571,0.0104476
0.003,0.0215729,0.0119497
0.0034,0.0168106,0.00972147
0.0038,0.0130821,0.00928877
0.0042,0.0133902,0.00949529
0.0046,0,0
0.005,0,0
0.0054,0,0
0.0058,0.00673342,0.00674661
0.0062,0.00611997,0.00613086
0.0066,0.00610579,0.00611662
0.007,0,0
0.0074,0.00611916,0.00624487
0.0078,0,0
0.0082,0,0
0.0086,0.00638209,0.00639392
0.009,0,0
0.0094,0,0
0.0098,0.00635885,0.00637059
0.0102,0,0
0.0106,0,0
0.011,0.00630108,0.0063126
0.0114,0,0
0.0118,0,0
0.0122,0,0
0.0126,0,0
0.013,0,0
0.0134,0,0
0.0138,0.00547651,0.00548521
0.0142,0.0109544,0.00775826
0.0146,0,0
0.015,0,0
0.0154,0,0
0.0158,0,0
0.0162,0.00295413,0.00454245
0.0166,0,0
0.017,0,0
0.0174,0,0
0.0178,0,0
0.0182,0,0
0.0186,0.00662428,0.00663697
0.019,0,0
0.0194,0,0
0.0198,0.00592825,0.00593841
0.0202,0,0
0.0206,0.0133736,0.00947486
0.021,0,0
0.0214,0,0
0.0218,0,0
0.0222,0,0
0.0226,0,0
0.023,0,0
0.0234,0,0
0.0238,0,0
0.0242,0,0
0.0246,0,0
0.025,0,0
0.0254,0,0
0.0258,0.00661384,0.00662646
0.0262,0,0
0.0266,0,0
0.027,0,0
0.0274,0,0
0.0278,0,0
0.0282,0.00656636,0.00657878
0.0286,0,0
0.029,0,0
0.0294,0,0
0.0298,0,0
0.0302,0,0
0.0306,0,0
0.031,0.00620839,0.00621949
0.0314,0,0
0.0318,0.00644746,0.00645942
0.0322,0,0
0.0326,0,0
0.033,0,0
0.0334,0,0
0.0338,0.00634154,0.00635311
0.0342,0,0
0.0346,0,0
0.035,0,0
0.0354,0,0
0.0358,0,0
0.0362,0,0
0.0366,0,0
0.037,0,0
0.0374,0,0
0.0378,0,0
0.0382,0,0
0.0386,0,0
0.039,0,0
0.0394,0.00608909,0.00609973
0.0398,0,0
0.0402,0.00609417,0.00610483
0.0406,0.00632635,0.00633784
0.041,0,0
0.0414,0,0
0.0418,0,0
0.0422,0,0
0.0426,0.00630314,0.00631453
0.043,0,0
0.0434,0,0
0.0438,0,0
0.0442,0,0
0.0446,0,0
0.045,0,0
0.0454,0,0
0.0458,0.00686814,0.00688164
0.0462,0,0
0.0466,0,0
0.047,0,0
0.0474,0,0
0.0478,0.00628449,0.00629579
0.0482,0,0
0.0486,0,0
0.049,0,0
0.0494,0,0
0.0498,0,0
0.0502,0.00161281,0.00331781
0.0506,0,0
0.051,0,0
0.0514,0,0
0.0518,0,0
0.0522,0,0
0.0526,0.00617793,0.00618883
0.053,0,0
0.0534,0,0
0.0538,0,0
0.0542,0,0
0.0546,0,0
0.055,0,0
0.0554,0,0
0.0558,0,0
0.0562,0,0
0.0566,0,0
0.057,0,0
0.0574,0,0
0.0578,0,0
0.0582,0,0
0.0586,0,0
0.059,0,0
0.0594,0,0
0.0598,0,0
0.0602,0,0
0.0606,0,0
0.061,0,0
0.0614,0,0
0.0618,0.000830751,0.00218163
0.0622,0,0
0.0626,0,0
0.063,0,0
0.0634,0,0
0.0638,0,0
0.0642,0,0
0.0646,0,0
0.065,0,0
0.0654,0,0
0.0658,0,0
0.0662,0,0
0.0666,0,0
0.067,0,0
0.0674,0.00624617,0.00625726
0.0678,0,0
0.0682,0,0
0.0686,0,0
0.069,0,0
0.0694,0,0
0.0698,0,0
0.0702,0.00640804,0.00641971
0.0706,0,0
0.071,0.0128185,0.00908056
0.0714,0,0
0.0718,0.00606012,0.00607055
0.0722,0,0
0.0726,0,0
0.073,0,0
0.0734,0,0
0.0738,0,0
0.0742,0.00648506,0.00649699
0.0746,0,0
0.075,0,0
0.0754,0,0
0.0758,0,0
0.0762,0,0
0.0766,0,0
0.077,0,0
0.0774,0,0
0.0778,0,0
0.0782,0,0
0.0786,0,0
0.079,0,0
0.0794,0,0
0.0798,0,0
0.0802,0,0
0.0806,0,0
0.081,0,0
0.0814,0.00589474,0.00590458
0.0818,0,0
0.0822,0.000632021,0.00205813
0.0826,0,0
0.083,0,0
0.0834,0.0062252,0.00623617
0.0838,0,0
0.0842,0,0
0.0846,0,0
0.085,0,0
0.0854,0,0
0.0858,0,0
0.0862,0,0
0.0866,0,0
0.087,0,0
0.0874,0,0
0.0878,0,0
0.0882,0,0
0.0886,0,0
0.089,0,0
0.0894,0,0
0.0898,0,0
0.0902,0.00620066,0.00621152
0.0906,0,0
0.091,0,0
0.0914,0,0
0.0918,0,0
0.0922,0,0
0.0926,0,0
0.093,0,0
0.0934,0,0
0.0938,0,0
0.0942,0,0
0.0946,0,0
0.095,0,0
0.0954,0,0
0.0958,0,0
0.0962,0,0
0.0966,0,0
0.097,0,0
0.0974,0,0
0.0978,0,0
0.0982,0,0
0.0986,0,0
0.099,0,0
0.0994,0,0
0.0998,0.00731187,0.00732693
0.1002,0.00693232,0.00694586
0.1006,0.00203501,0.00370403
0.101,0,0
0.1014,0,0
0.1018,0,0
0.1022,0,0
0.1026,0,0
0.103,0,0
0.1034,0,0
0.1038,0,0
0.1042,0.00758479,0.00760098
0.1046,0.00759955,0.0076158
0.105,0,0
0.1054,0,0
0.1058,0,0
0.1062,0,0
0.1066,0,0
0.107,0,0
0.1074,0,0
0.1078,0,0
0.1082,0,0
0.1086,0,0
0.109,0,0
0.1094,0.00883967,0.00886163
0.1098,0,0
0.1102,0,0
0.1106,0,0
0.111,0,0
0.1114,0,0
0.1118,0,0
0.1122,0.00911146,0.00913478
0.1126,0,0
0.113,0,0
0.1134,0,0
0.1138,0.00920266,0.00922644
0.1142,0,0
0.1146,0,0
0.115,0,0
0.1154,0,0
0.1158,0,0
0.1162,0,0
0.1166,0,0
0.117,0,0
0.1174,0,0
0.1178,0,0
0.1182,0,0
0.1186,0,0
0.119,0,0
0.1194,0,0
0.1198,0,0
4
-0.1198,0,0
-0.1194,0,0
-0.119,0,0
-0.1186,0,0
-0.1182,0,0
-0.1178,0,0
-0.1174,0,0
-0.117,0,0
-0.1166,0,0
-0.1162,0,0
-0.1158,0,0
-0.1154,0,0
-0.115,0,0
-0.1146,0,0
-0.1142,0.00630294,0.00631508
-0.1138,0,0
-0.1134,0,0
-0.113,0,0
-0.1126,0,0
-0.1122,0,0
-0.1118,0.00625886,0.00627082
-0.1114,0,0
-0.111,0,0
-0.1106,0,0
-0.1102,0,0
-0.1098,0,0
-0.1094,0,0
-0.109,0,0
-0.1086,0.00252211,0.00393339
-0.1082,5.8362e-05,0.000606477
-0.1078,0,0
-0.1074,0,0
-0.107,0.00581633,0.00582663
-0.1066,0,0
-0.1062,0,0
-0.1058,0,0
-0.1054,0,0
-0.105,0,0
-0.1046,0,0
-0.1042,0,0
-0.1038,0,0
-0.1034,0,0
-0.103,0,0
-0.1026,0,0
-0.1022,0,0
-0.1018,0,0
-0.1014,0,0
-0.101,0,0
-0.1006,0,0
-0.1002,0,0
-0.0998,0,0
-0.0994,0,0
-0.099,0,0
-0.0986,0,0
-0.0982,0,0
-0.0978,0.00605356,0.00606467
-0.0974,0,0
-0.097,0,0
-0.0966,0,0
-0.0962,0,0
-0.0958,0,0
-0.0954,0,0
-0.095,0,0
-0.0946,0,0
-0.0942,0.0067587,0.00677252
-0.0938,0,0
-0.0934,0,0
-0.093,0,0
-0.0926,0,0
-0.0922,0,0
-0.0918,0,0
-0.0914,0,0
-0.091,0,0
-0.0906,0,0
-0.0902,0,0
-0.0898,0,0
-0.0894,0,0
-0.089,0,0
-0.0886,0,0
-0.0882,0,0
-0.0878,0,0
-0.0874,0,0
-0.087,0,0
-0.0866,0,0
-0.0862,0,0
-0.0858,0,0
-0.0854,0,0
-0.085,0,0
-0.0846,0,0
-0.0842,0,0
-0.0838,0,0
-0.0834,0,0
-0.083,0,0
-0.0826,0,0
-0.0822,0,0
-0.0818,0.000748636,0.00222925
-0.0814,0,0
-0.081,0.00635841,0.00637058
-0.0806,0,0
-0.0802,0,0
-0.0798,0.00632534,0.00633738
-0.0794,0,0
-0.079,0.00623673,0.00624843
-0.0786,0,0
-0.0782,0.00637331,0.00638552
-0.0778,0,0
-0.0774,0,0
-0.077,0,0
-0.0766,0,0
-0.0762,0,0
-0.0758,0,0
-0.0754,0,0
-0.075,0,0
-0.0746,0,0
-0.0742,0.00616393,0.00617534
-0.0738,0,0
-0.0734,0,0
-0.073,0,0
-0.0726,0,0
-0.0722,0,0
-0.0718,0,0
-0.0714,0,0
-0.071,0,0
-0.0706,0.00619313,0.00620464
-0.0702,0,0
-0.0698,0,0
-0.0694,0,0
-0.069,0,0
-0.0686,0,0
-0.0682,0,0
-0.0678,0,0
-0.0674,0.00614394,0.00615524
-0.067,0,0
-0.0666,0,0
-0.0662,0,0
-0.0658,0,0
-0.0654,0,0
-0.065,0,0
-0.0646,0,0
-0.0642,0,0
-0.0638,0,0
-0.0634,0,0
-0.063,0.00702258,0.00703733
-0.0626,0,0
-0.0622,0.00490355,0.00559088
-0.0618,0,0
-0.0614,0,0
-0.061,0,0
-0.0606,0,0
-0.0602,0,0
-0.0598,0,0
-0.0594,0,0
-0.059,0,0
-0.0586,0,0
-0.0582,0,0
-0.0578,0,0
-0.0574,0,0
-0.057,0,0
-0.0566,0,0
-0.0562,0.00587588,0.00588619
-0.0558,0,0
-0.0554,0,0
-0.055,0,0
-0.0546,0,0
-0.0542,0,0
-0.0538,0,0
-0.0534,0,0
-0.053,0,0
-0.0526,0.00661059,0.00662362
-0.0522,0,0
-0.0518,0,0
-0.0514,0.00235762,0.00375398
-0.051,0,0
-0.0506,0.00630553,0.00631739
-0.0502,0,0
-0.0498,0,0
-0.0494,0,0
-0.049,0,0
-0.0486,0,0
-0.0482,0,0
-0.0478,0,0
-0.0474,0,0
-0.047,0,0
-0.0466,0,0
-0.0462,0,0
-0.0458,0,0
-0.0454,0,0
-0.045,0,0
-0.0446,0,0
-0.0442,0,0
-0.0438,0.00172491,0.00328345
-0.0434,0,0
-0.043,0,0
-0.0426,0,0
-0.0422,0,0
-0.0418,0.00585681,0.00586702
-0.0414,0,0
-0.041,0,0
-0.0406,0,0
-0.0402,0,0
-0.0398,0.00609443,0.00610548
-0.0394,0.00574483,0.00575464
-0.039,0.00602902,0.00603982
-0.0386,0,0
-0.0382,0,0
-0.0378,0,0
-0.0374,0.00591977,0.00593019
-0.037,0.00611103,0.00612213
-0.0366,0,0
-0.0362,0,0
-0.0358,0,0
-0.0354,0,0
-0.035,0,0
-0.0346,0,0
-0.0342,0,0
-0.0338,0,0
-0.0334,0,0
-0.033,0,0
-0.0326,0,0
-0.0322,0,0
-0.0318,0,0
-0.0314,0,0
-0.031,0,0
-0.0306,0,0
-0.0302,0.00645866,0.00647104
-0.0298,0,0
-0.0294,0.00989057,0.00779572
-0.029,0,0
-0.0286,0.00290773,0.00424868
-0.0282,0,0
-0.0278,0,0
-0.0274,0,0
-0.027,0,0
-0.0266,0,0
-0.0262,0,0
-0.0258,0,0
-0.0254,0,0
-0.025,0,0
-0.0246,0,0
-0.0242,0,0
-0.0238,0,0
-0.0234,0.00638254,0.00639462
-0.023,0,0
-0.0226,0,0
-0.0222,0,0
-0.0218,0.0063754,0.00638745
-0.0214,0.00620864,0.00622007
-0.021,0,0
-0.0206,0,0
-0.0202,0,0
-0.0198,0,0
-0.0194,0,0
-0.019,0,0
-0.0186,0,0
-0.0182,0,0
-0.0178,0,0
-0.0174,0,0
-0.017,0,0
-0.0166,0,0
-0.0162,0,0
-0.0158,0.00608891,0.0060999
-0.0154,0,0
-0.015,0.00550883,0.00551783
-0.0146,0,0
-0.0142,0,0
-0.0138,0,0
-0.0134,0,0
-0.013,0,0
-0.0126,0,0
-0.0122,0.00616041,0.00617166
-0.0118,0.0125519,0.00889765
-0.0114,0,0
-0.011,0.00623501,0.00624653
-0.0106,0.00590583,0.00591617
-0.0102,0.00579904,0.00580901
-0.0098,0,0
-0.0094,0,0
-0.009,0.00668642,0.00669967
-0.0086,0.00668625,0.0066995
-0.0082,0,0
-0.0078,0.00620399,0.00621541
-0.0074,0,0
-0.007,0.00631882,0.00633066
-0.0066,0,0
-0.0062,0.0027189,0.00404213
-0.0058,0.0124978,0.0088537
-0.0054,0.00624869,0.00626027
-0.005,0.00649649,0.006509
-0.0046,0.00664443,0.00665752
-0.0042,0.00650856,0.00652113
-0.0038,0.0274735,0.0125944
-0.0034,0.0315075,0.014117
-0.003,0.0773342,0.0220951
-0.0026,0.092879,0.0235842
-0.0022,0.229526,0.0379263
-0.0018,0.360961,0.0484449
-0.0014,0.454364,0.0528482
-0.001,0.732,0.0688971
-0.0006,1.01684,0.0801748
-0.0002,1.41656,0.0963392
0.0002,1.26947,0.0902979
0.0006,0.938336,0.076599
0.001,0.660767,0.0621886
0.0014,0.4222,0.049269
0.0018,0.25514,0.0394183
0.0022,0.0985464,0.0240277
0.0026,0.039134,0.0156824
0.003,0.0327266,0.0146712
0.0034,0.00549325,0.00550221
0.0038,0.0119678,0.00847754
0.0042,0,0
0.0046,0.00628303,0.00629475
0.005,0.00660141,0.00661435
0.0054,0,0
0.0058,0,0
0.0062,0,0
0.0066,0,0
0.007,0,0
0.0074,0.0197371,0.011349
0.0078,0,0
0.0082,0,0
0.0086,0,0
0.009,0.0062391,0.00625067
0.0094,0,0
0.0098,0,0
0.0102,0.00649382,0.00650635
0.0106,0.00567214,0.00568171
0.011,0.0120962,0.00856996
0.0114,0,0
0.0118,0,0
0.0122,0,0
0.0126,0,0
0.013,0,0
0.0134,0,0
0.0138,0,0
0.0142,0,0
0.0146,0,0
0.015,0,0
0.0154,0,0
0.0158,0,0
0.0162,0.0106711,0.0085191
0.0166,0.0125802,0.00891222
0.017,0.00613543,0.00614662
0.0174,0,0
0.0178,0,0
0.0182,0,0
0.0186,0.00625199,0.00626362
0.019,0,0
0.0194,0,0
0.0198,0,0
0.0202,0,0
0.0206,0.00613733,0.00614854
0.021,0,0
0.0214,0,0
0.0218,0,0
0.0222,0,0
0.0226,0,0
0.023,0,0
0.0234,0,0
0.0238,0,0
0.0242,0,0
0.0246,0.00596908,0.00597969
0.025,0,0
0.0254,0,0
0.0258,0.00580798,0.00581802
0.0262,0,0
0.0266,0,0
0.027,0,0
0.0274,0,0
0.0278,0,0
0.0282,0,0
0.0286,0,0
0.029,0,0
0.0294,0,0
0.0298,0,0
0.0302,0,0
0.0306,0,0
0.031,0,0
0.0314,0,0
0.0318,0,0
0.0322,0,0
0.0326,0,0
0.033,0.00668165,0.00669495
0.0334,0,0
0.0338,0,0
0.0342,0,0
0.0346,0,0
0.035,0,0
0.0354,0,0
0.0358,0,0
0.0362,0,0
0.0366,0,0
0.037,0,0
0.0374,0,0
0.0378,0,0
0.0382,0,0
0.0386,0,0
0.039,0,0
0.0394,0,0
0.0398,0,0
0.0402,0.00586801,0.00587827
0.0406,0,0
0.041,0,0
0.0414,0.00655534,0.00656814
0.0418,0.00582607,0.00583619
0.0422,0,0
0.0426,0.00606284,0.0060738
0.043,0,0
0.0434,0,0
0.0438,0,0
0.0442,0,0
0.0446,0,0
0.045,0,0
0.0454,0,0
0.0458,0,0
0.0462,0,0
0.0466,0,0
0.047,0,0
0.0474,0,0
0.0478,0.00604631,0.00605721
0.0482,0,0
0.0486,0,0
0.049,0,0
0.0494,0,0
0.0498,0,0
0.0502,0.0049714,0.00570323
0.0506,0,0
0.051,0,0
0.0514,0,0
0.0518,0,0
0.0522,0,0
0.0526,0,0
0.053,0,0
0.0534,0,0
0.0538,0,0
0.0542,0.00628544,0.00629722
0.0546,0,0
0.055,0,0
0.0554,0,0
0.0558,0.00626252,0.00627421
0.0562,0,0
0.0566,0,0
0.057,0,0
0.0574,0,0
0.0578,0,0
0.0582,0,0
0.0586,0,0
0.059,0,0
0.0594,0.00678466,0.00679839
0.0598,0,0
0.0602,0,0
0.0606,0,0
0.061,0,0
0.0614,0,0
0.0618,0.0046578,0.0050469
0.0622,0,0
0.0626,0,0
0.063,0,0
0.0634,0,0
0.0638,0,0
0.0642,0,0
0.0646,0,0
0.065,0,0
0.0654,0,0
0.0658,0,0
0.0662,0,0
0.0666,0,0
0.067,0,0
0.0674,0,0
0.0678,0,0
0.0682,0,0
0.0686,0,0
0.069,0.00556179,0.00569099
0.0694,0,0
0.0698,0,0
0.0702,0,0
0.0706,0,0
0.071,0,0
0.0714,0.00586908,0.00587936
0.0718,0,0
0.0722,0,0
0.0726,0,0
0.073,0,0
0.0734,0,0
0.0738,0,0
0.0742,0,0
0.0746,0,0
0.075,0,0
0.0754,0,0
0.0758,0,0
0.0762,0,0
0.0766,0,0
0.077,0,0
0.0774,0,0
0.0778,0,0
0.0782,0.00604129,0.00605218
0.0786,0,0
0.079,0,0
0.0794,0,0
0.0798,0,0
0.0802,0,0
0.0806,0,0
0.081,0,0
0.0814,0,0
0.0818,0,0
0.0822,0.0120619,0.00875487
0.0826,0,0
0.083,0,0
0.0834,0,0
0.0838,0,0
0.0842,0,0
0.0846,0,0
0.085,0,0
0.0854,0,0
0.0858,0,0
0.0862,0,0
0.0866,0,0
0.087,0,0
0.0874,0,0
0.0878,0,0
0.0882,0,0
0.0886,0,0
0.089,0,0
0.0894,0,0
0.0898,0,0
0.0902,0,0
0.0906,0,0
0.091,0,0
0.0914,0,0
0.0918,0,0
0.0922,0.00570045,0.00571015
0.0926,0,0
0.093,0,0
0.0934,0,0
0.0938,0,0
0.0942,0,0
0.0946,0,0
0.095,0,0
0.0954,0,0
0.0958,0,0
0.0962,0,0
0.0966,0,0
0.097,0,0
0.0974,0,0
0.0978,0,0
0.0982,0,0
0.0986,0,0
0.099,0,0
0.0994,0,0
0.0998,0.00690682,0.00692105
0.1002,0.00654796,0.00656075
0.1006,0,0
0.101,0,0
0.1014,0,0
0.1018,0,0
0.1022,0,0
0.1026,0,0
0.103,0,0
0.1034,0,0
0.1038,0,0
0.1042,0,0
0.1046,0,0
0.105,0,0
0.1054,0,0
0.1058,0.00792903,0.00794776
0.1062,0,0
0.1066,0,0
0.107,0,0
0.1074,0,0
0.1078,0.00812957,0.00814925
0.1082,0.0074905,0.00750721
0.1086,0,0
0.109,0,0
0.1094,0,0
0.1098,0,0
0.1102,0,0
0.1106,0,0
0.111,0,0
0.1114,0,0
0.1118,0,0
0.1122,0,0
0.1126,0,0
0.113,0,0
0.1134,0.00298008,0.00519599
0.1138,0,0
0.1142,0,0
0.1146,0.00952836,0.00955537
0.115,0,0
0.1154,0,0
0.1158,0,0
0.1162,0,0
0.1166,0,0
0.117,0,0
0.1174,0,0
0.1178,0,0
0.1182,0,0
0.1186,0,0
0.119,0,0
0.1194,0,0
0.1198,0,0
5
-0.1198,0,0
-0.1194,0,0
-0.119,0,0
-0.1186,0,0
-0.1182,0,0
-0.1178,0,0
-0.1174,0,0
-0.117,0,0
-0.1166,0,0
-0.1162,0,0
-0.1158,0,0
-0.1154,0,0
-0.115,0,0
-0.1146,0,0
-0.1142,0,0
-0.1138,0,0
-0.1134,0,0
-0.113,0,0
-0.1126,0,0
-0.1122,0,0
-0.1118,0.0120177,0.0085133
-0.1114,0,0
-0.111,0,0
-0.1106,0,0
-0.1102,0,0
-0.1098,0,0
-0.1094,0,0
-0.109,0,0
-0.1086,0.00362434,0.00473803
-0.1082,0,0
-0.1078,0,0
-0.1074,0,0
-0.107,0,0
-0.1066,0,0
-0.1062,0,0
-0.1058,0,0
-0.1054,0,0
-0.105,0,0
-0.1046,0,0
-0.1042,0,0
-0.1038,0.00654569,0.00655858
-0.1034,0,0
-0.103,0,0
-0.1026,0,0
-0.1022,0,0
-0.1018,0,0
-0.1014,0,0
-0.101,0,0
-0.1006,0,0
-0.1002,0,0
-0.0998,0,0
-0.0994,0,0
-0.099,0,0
-0.0986,0,0
-0.0982,0,0
-0.0978,0,0
-0.0974,0.00657699,0.00658994
-0.097,0,0
-0.0966,0,0
-0.0962,0,0
-0.0958,0,0
-0.0954,0,0
-0.095,0,0
-0.0946,0,0
-0.0942,0,0
-0.0938,0,0
-0.0934,0,0
-0.093,0,0
-0.0926,0,0
-0.0922,0,0
-0.0918,0,0
-0.0914,0,0
-0.091,0,0
-0.0906,0,0
-0.0902,0,0
-0.0898,0,0
-0.0894,0,0
-0.089,0,0
-0.0886,0,0
-0.0882,0,0
-0.0878,0,0
-0.0874,0,0
-0.087,0.00614192,0.00615314
-0.0866,0,0
-0.0862,0,0
-0.0858,0,0
-0.0854,0,0
-0.085,0,0
-0.0846,0.00623313,0.00624467
-0.0842,0,0
-0.0838,0,0
-0.0834,0,0
-0.083,0,0
-0.0826,0,0
-0.0822,0,0
-0.0818,0.00595147,0.00633259
-0.0814,0,0
-0.081,0,0
-0.0806,0,0
-0.0802,0,0
-0.0798,0,0
-0.0794,0,0
-0.079,0,0
-0.0786,0,0
-0.0782,0,0
-0.0778,0.0062836,0.00629529
-0.0774,0,0
-0.077,0.00595343,0.00596392
-0.0766,0,0
-0.0762,0,0
-0.0758,0,0
-0.0754,0,0
-0.075,0,0
-0.0746,0,0
-0.0742,0,0
-0.0738,0,0
-0.0734,0,0
-0.073,0,0
-0.0726,0,0
-0.0722,0,0
-0.0718,0,0
-0.0714,0,0
-0.071,0,0
-0.0706,0,0
-0.0702,0,0
-0.0698,0.00681445,0.00682813
-0.0694,0,0
-0.069,0,0
-0.0686,0,0
-0.0682,0,0
-0.0678,0,0
-0.0674,0,0
-0.067,0,0
-0.0666,0,0
-0.0662,0,0
-0.0658,0,0
-0.0654,0,0
-0.065,0,0
-0.0646,0,0
-0.0642,0,0
-0.0638,0,0
-0.0634,0,0
-0.063,0,0
-0.0626,0.00715281,0.00716783
-0.0622,0.0014736,0.00309306
-0.0618,0,0
-0.0614,0,0
-0.061,0,0
-0.0606,0,0
-0.0602,0,0
-0.0598,0,0
-0.0594,0.00661939,0.00663224
-0.059,0.00695829,0.00697249
-0.0586,0,0
-0.0582,0,0
-0.0578,0,0
-0.0574,0,0
-0.057,0,0
-0.0566,0,0
-0.0562,0,0
-0.0558,0,0
-0.0554,0,0
-0.055,0,0
-0.0546,0,0
-0.0542,0,0
-0.0538,0,0
-0.0534,0,0
-0.053,0,0
-0.0526,0,0
-0.0522,0,0
-0.0518,0,0
-0.0514,0,0
-0.051,0,0
-0.0506,0,0
-0.0502,0,0
-0.0498,0,0
-0.0494,0,0
-0.049,0,0
-0.0486,0,0
-0.0482,0,0
-0.0478,0,0
-0.0474,0,0
-0.047,0,0
-0.0466,0,0
-0.0462,0,0
-0.0458,0,0
-0.0454,0,0
-0.045,0,0
-0.0446,0,0
-0.0442,0,0
-0.0438,0,0
-0.0434,0,0
-0.043,0,0
-0.0426,0,0
-0.0422,0,0
-0.0418,0,0
-0.0414,0,0
-0.041,0.0072191,0.00723428
-0.0406,0,0
-0.0402,0,0
-0.0398,0,0
-0.0394,0,0
-0.039,0,0
-0.0386,0,0
-0.0382,0,0
-0.0378,0,0
-0.0374,0,0
-0.037,0,0
-0.0366,0,0
-0.0362,0,0
-0.0358,0,0
-0.0354,0.00671093,0.00672402
-0.035,0,0
-0.0346,0,0
-0.0342,0,0
-0.0338,0,0
-0.0334,0,0
-0.033,0,0
-0.0326,0,0
-0.0322,0,0
-0.0318,0,0
-0.0314,0,0
-0.031,0,0
-0.0306,0,0
-0.0302,0,0
-0.0298,0,0
-0.0294,0,0
-0.029,0,0
-0.0286,0,0
-0.0282,0,0
-0.0278,0,0
-0.0274,0,0
-0.027,0,0
-0.0266,0,0
-0.0262,0,0
-0.0258,0,0
-0.0254,0,0
-0.025,0,0
-0.0246,0,0
-0.0242,0,0
-0.0238,0,0
-0.0234,0,0
-0.023,0,0
-0.0226,0,0
-0.0222,0,0
-0.0218,0,0
-0.0214,0,0
-0.021,0,0
-0.0206,0,0
-0.0202,0,0
-0.0198,0,0
-0.0194,0,0
-0.019,0,0
-0.0186,0,0
-0.0182,0,0
-0.0178,0,0
-0.0174,0,0
-0.017,0,0
-0.0166,0.00716438,0.00667474
-0.0162,0,0
-0.0158,0,0
-0.0154,0,0
-0.015,0,0
-0.0146,0,0
-0.0142,0,0
-0.0138,0,0
-0.0134,0,0
-0.013,0,0
-0.0126,0,0
-0.0122,0,0
-0.0118,0,0
-0.0114,0,0
-0.011,0,0
-0.0106,0,0
-0.0102,0,0
-0.0098,0,0
-0.0094,0,0
-0.009,0.00686165,0.00687525
-0.0086,0.00618555,0.0061966
-0.0082,0,0
-0.0078,0,0
-0.0074,0,0
-0.007,0,0
-0.0066,0,0
-0.0062,0,0
-0.0058,0.00641953,0.00643143
-0.0054,0.0129014,0.00913977
-0.005,0.00648179,0.00649391
-0.0046,0.0136574,0.00967627
-0.0042,0.0133794,0.00947898
-0.0038,0.011781,0.00834458
-0.0034,0.0375405,0.0153634
-0.003,0.083994,0.0233398
-0.0026,0.0662042,0.0199889
-0.0022,0.205491,0.0363028
-0.0018,0.446279,0.0546314
-0.0014,0.611013,0.0623957
-0.001,0.888037,0.0768607
-0.0006,1.1683,0.0871057
-0.0002,1.36278,0.09584
0.0002,1.16471,0.0877479
0.0006,1.0318,0.0814862
0.001,0.631268,0.0614679
0.0014,0.35627,0.045815
0.0018,0.208236,0.0362046
0.0022,0.0782859,0.0217513
0.0026,0.0680034,0.0206066
0.003,0.0816004,0.0236113
0.0034,0.0295218,0.0132729
0.0038,0.026397,0.0132533
0.0042,0.0129358,0.00916411
0.0046,0.00630221,0.00631367
0.005,0,0
0.0054,0.00683957,0.00685306
0.0058,0,0
0.0062,0,0
0.0066,0,0
0.007,0.00639559,0.00640739
0.0074,0,0
0.0078,0,0
0.0082,0.00559244,0.00560146
0.0086,0,0
0.009,0,0
0.0094,0,0
0.0098,0,0
0.0102,0,0
0.0106,0,0
0.011,0.0063357,0.00634728
0.0114,0.00622403,0.00623521
0.0118,0,0
0.0122,0,0
0.0126,0,0
0.013,0,0
0.0134,0.00624627,0.00625753
0.0138,0,0
0.0142,0,0
0.0146,0,0
0.015,0,0
0.0154,0,0
0.0158,0,0
0.0162,0,0
0.0166,0.00632279,0.00633432
0.017,0,0
0.0174,0.0121824,0.00862939
0.0178,0,0
0.0182,0,0
0.0186,0.00644424,0.00645622
0.019,0,0
0.0194,0,0
0.0198,0,0
0.0202,0,0
0.0206,0.00632718,0.00633873
0.021,0,0
0.0214,0,0
0.0218,0,0
0.0222,0,0
0.0226,0,0
0.023,0,0
0.0234,0,0
0.0238,0,0
0.0242,0.00569643,0.00570579
0.0246,0,0
0.025,0,0
0.0254,0,0
0.0258,0.00661303,0.00662565
0.0262,0,0
0.0266,0,0
0.027,0,0
0.0274,0.00634156,0.00635316
0.0278,0,0
0.0282,0,0
0.0286,0,0
0.029,0,0
0.0294,0.00656167,0.00657409
0.0298,0,0
0.0302,0,0
0.0306,0.00566169,0.00567094
0.031,0,0
0.0314,0,0
0.0318,0,0
0.0322,0,0
0.0326,0,0
0.033,0,0
0.0334,0,0
0.0338,0,0
0.0342,0,0
0.0346,0.00642719,0.0064391
0.035,0,0
0.0354,0,0
0.0358,0,0
0.0362,0,0
0.0366,0,0
0.037,0,0
0.0374,0,0
0.0378,0,0
0.0382,0,0
0.0386,0,0
0.039,0,0
0.0394,0,0
0.0398,0,0
0.0402,0,0
0.0406,0,0
0.041,0,0
0.0414,0,0
0.0418,0,0
0.0422,0,0
0.0426,0,0
0.043,0.00644962,0.00646161
0.0434,0,0
0.0438,0,0
0.0442,0,0
0.0446,0,0
0.045,0,0
0.0454,0,0
0.0458,0,0
0.0462,0,0
0.0466,0,0
0.047,0,0
0.0474,0,0
0.0478,0,0
0.0482,0.00634703,0.00635863
0.0486,0,0
0.049,0,0
0.0494,0,0
0.0498,0.00658884,0.00660133
0.0502,0,0
0.0506,0,0
0.051,0,0
0.0514,0,0
0.0518,0,0
0.0522,0,0
0.0526,0,0
0.053,0.00591549,0.00592556
0.0534,0,0
0.0538,0,0
0.0542,0,0
0.0546,0,0
0.055,0,0
0.0554,0,0
0.0558,0,0
0.0562,0,0
0.0566,0,0
0.057,0,0
0.0574,0,0
0.0578,0,0
0.0582,0,0
0.0586,0,0
0.059,0,0
0.0594,0,0
0.0598,0.00672837,0.00674137
0.0602,0,0
0.0606,0,0
0.061,0,0
0.0614,0,0
0.0618,0,0
0.0622,0,0
0.0626,0,0
0.063,0,0
0.0634,0,0
0.0638,0.00667516,0.00668794
0.0642,0,0
0.0646,0,0
0.065,0,0
0.0654,0,0
0.0658,0,0
0.0662,0,0
0.0666,0,0
0.067,0,0
0.0674,0,0
0.0678,0,0
0.0682,0,0
0.0686,0,0
0.069,0.00684211,0.00671767
0.0694,0,0
0.0698,0,0
0.0702,0,0
0.0706,0,0
0.071,0,0
0.0714,0,0
0.0718,0.00601185,0.0060222
0.0722,0,0
0.0726,0,0
0.073,0,0
0.0734,0,0
0.0738,0,0
0.0742,0,0
0.0746,0,0
0.075,0,0
0.0754,0,0
0.0758,0,0
0.0762,0,0
0.0766,0,0
0.077,0,0
0.0774,0,0
0.0778,0.00602819,0.00603857
0.0782,0.00544674,0.00587488
0.0786,0,0
0.079,0,0
0.0794,0,0
0.0798,0,0
0.0802,0,0
0.0806,0,0
0.081,0.00614741,0.0061582
0.0814,0,0
0.0818,0,0
0.0822,0,0
0.0826,0,0
0.083,0,0
0.0834,0,0
0.0838,0,0
0.0842,0,0
0.0846,0,0
0.085,0,0
0.0854,0.0128781,0.00913406
0.0858,0,0
0.0862,0,0
0.0866,0,0
0.087,0,0
0.0874,0,0
0.0878,0,0
0.0882,0,0
0.0886,0.00633497,0.00634639
0.089,0,0
0.0894,0,0
0.0898,0,0
0.0902,0,0
0.0906,0,0
0.091,0,0
0.0914,0,0
0.0918,0,0
0.0922,0,0
0.0926,0,0
0.093,0,0
0.0934,0.00706999,0.00708418
0.0938,0,0
0.0942,0,0
0.0946,0.00622501,0.00623601
0.095,0,0
0.0954,0,0
0.0958,0,0
0.0962,0,0
0.0966,0,0
0.097,0,0
0.0974,0,0
0.0978,0.00630336,0.00631463
0.0982,0,0
0.0986,0,0
0.099,0,0
0.0994,0,0
0.0998,0,0
0.1002,0,0
0.1006,0,0
0.101,0,0
0.1014,0,0
0.1018,0,0
0.1022,0,0
0.1026,0,0
0.103,0,0
0.1034,0,0
0.1038,0.00756485,0.00758103
0.1042,0,0
0.1046,0,0
0.105,0,0
0.1054,0,0
0.1058,0,0
0.1062,0,0
0.1066,0,0
0.107,0,0
0.1074,0,0
0.1078,0,0
0.1082,0,0
0.1086,0,0
0.109,0.00881318,0.00883507
0.1094,0,0
0.1098,0.00828376,0.0083031
0.1102,0,0
0.1106,0,0
0.111,0,0
0.1114,0,0
0.1118,0,0
0.1122,0,0
0.1126,0,0
0.113,0,0
0.1134,0.00638005,0.00781949
0.1138,0,0
0.1142,0,0
0.1146,0,0
0.115,0,0
0.1154,0,0
0.1158,0,0
0.1162,0,0
0.1166,0,0
0.117,0,0
0.1174,0,0
0.1178,0,0
0.1182,0,0
0.1186,0,0
0.119,0,0
0.1194,0,0
0.1198,0,0
6
-0.1198,0,0
-0.1194,0,0
-0.119,0,0
-0.1186,0,0
-0.1182,0,0
-0.1178,0,0
-0.1174,0,0
-0.117,0,0
-0.1166,0,0
-0.1162,0,0
-0.1158,0,0
-0.1154,0.00548499,0.00549523
-0.115,0,0
-0.1146,0,0
-0.1142,0,0
-0.1138,0,0
-0.1134,0,0
-0.113,0,0
-0.1126,0,0
-0.1122,0,0
-0.1118,0,0
-0.1114,0,0
-0.111,0,0
-0.1106,0,0
-0.1102,0,0
-0.1098,0,0
-0.1094,0,0
-0.109,0,0
-0.1086,0,0
-0.1082,0,0
-0.1078,0,0
-0.1074,0,0
-0.107,0,0
-0.1066,0,0
-0.1062,0,0
-0.1058,0,0
-0.1054,0,0
-0.105,0,0
-0.1046,0,0
-0.1042,0,0
-0.1038,0,0
-0.1034,0,0
-0.103,0,0
-0.1026,0,0
-0.1022,0,0
-0.1018,0,0
-0.1014,0.00617622,0.00618906
-0.101,0,0
-0.1006,0,0
-0.1002,0,0
-0.0998,0,0
-0.0994,0,0
-0.099,0,0
-0.0986,0,0
-0.0982,0,0
-0.0978,0,0
-0.0974,0,0
-0.097,0,0
-0.0966,0,0
-0.0962,0.00616372,0.00617645
-0.0958,0.00661902,0.00663369
-0.0954,0,0
-0.095,0,0
-0.0946,0,0
-0.0942,0,0
-0.0938,0,0
-0.0934,0,0
-0.093,0,0
-0.0926,0,0
-0.0922,0,0
-0.0918,0,0
-0.0914,0,0
-0.091,0,0
-0.0906,0,0
-0.0902,0,0
-0.0898,0,0
-0.0894,0,0
-0.089,0,0
-0.0886,0,0
-0.0882,0,0
-0.0878,0,0
-0.0874,0,0
-0.087,0,0
-0.0866,0,0
-0.0862,0,0
-0.0858,0,0
-0.0854,0,0
-0.085,0,0
-0.0846,0.00565111,0.0056618
-0.0842,0,0
-0.0838,0.0052627,0.00527198
-0.0834,0,0
-0.083,0,0
-0.0826,0,0
-0.0822,0,0
-0.0818,0,0
-0.0814,0,0
-0.081,0.00548606,0.00549618
-0.0806,0,0
-0.0802,0,0
-0.0798,0,0
-0.0794,0,0
-0.079,0,0
-0.0786,0,0
-0.0782,0,0
-0.0778,0,0
-0.0774,0,0
-0.077,0,0
-0.0766,0,0
-0.0762,0,0
-0.0758,0,0
-0.0754,0,0
-0.075,0,0
-0.0746,0,0
-0.0742,0,0
-0.0738,0,0
-0.0734,0,0
-0.073,0,0
-0.0726,0,0
-0.0722,0,0
-0.0718,0,0
-0.0714,0,0
-0.071,0,0
-0.0706,0,0
-0.0702,0,0
-0.0698,0,0
-0.0694,0,0
-0.069,0,0
-0.0686,0,0
-0.0682,0,0
-0.0678,0,0
-0.0674,0,0
-0.067,0,0
-0.0666,0,0
-0.0662,0,0
-0.0658,0,0
-0.0654,0,0
-0.065,0,0
-0.0646,0,0
-0.0642,0,0
-0.0638,0,0
-0.0634,0,0
-0.063,0,0
-0.0626,0,0
-0.0622,0,0
-0.0618,0,0
-0.0614,0,0
-0.061,0,0
-0.0606,0,0
-0.0602,0,0
-0.0598,0,0
-0.0594,0,0
-0.059,0,0
-0.0586,0,0
-0.0582,0,0
-0.0578,0,0
-0.0574,0,0
-0.057,0,0
-0.0566,0,0
-0.0562,0,0
-0.0558,0,0
-0.0554,0,0
-0.055,0,0
-0.0546,0,0
-0.0542,0,0
-0.0538,0,0
-0.0534,0,0
-0.053,0,0
-0.0526,0,0
-0.0522,0,0
-0.0518,0,0
-0.0514,0,0
-0.051,0,0
-0.0506,0,0
-0.0502,0.00570406,0.00571529
-0.0498,0,0
-0.0494,0,0
-0.049,0.00560482,0.00561568
-0.0486,0,0
-0.0482,0,0
-0.0478,0,0
-0.0474,0,0
-0.047,0,0
-0.0466,0,0
-0.0462,0,0
-0.0458,0,0
-0.0454,0,0
-0.045,0,0
-0.0446,0,0
-0.0442,0,0
-0.0438,0,0
-0.0434,0.00567842,0.00568961
-0.043,0,0
-0.0426,0,0
-0.0422,0,0
-0.0418,0,0
-0.0414,0,0
-0.041,0,0
-0.0406,0,0
-0.0402,0,0
-0.0398,0,0
-0.0394,0,0
-0.039,0,0
-0.0386,0,0
-0.0382,0,0
-0.0378,0,0
-0.0374,0,0
-0.037,0,0
-0.0366,0,0
-0.0362,0.00532032,0.00533019
-0.0358,0,0
-0.0354,0.00559426,0.00560517
-0.035,0,0
-0.0346,0,0
-0.0342,0,0
-0.0338,0.00509187,0.00510092
-0.0334,0,0
-0.033,0,0
-0.0326,0,0
-0.0322,0,0
-0.0318,0,0
-0.0314,0,0
-0.031,0,0
-0.0306,0,0
-0.0302,0,0
-0.0298,0,0
-0.0294,0,0
-0.029,0,0
-0.0286,0,0
-0.0282,0.00500277,0.00501153
-0.0278,0,0
-0.0274,0.0050489,0.00505782
-0.027,0,0
-0.0266,0,0
-0.0262,0,0
-0.0258,0,0
-0.0254,0,0
-0.025,0.00541998,0.00543028
-0.0246,0,0
-0.0242,0,0
-0.0238,0,0
-0.0234,0,0
-0.023,0,0
-0.0226,0,0
-0.0222,0,0
-0.0218,0,0
-0.0214,0,0
-0.021,0,0
-0.0206,0,0
-0.0202,0.00456239,0.0045697
-0.0198,0,0
-0.0194,0,0
-0.019,0,0
-0.0186,0.00473609,0.00474397
-0.0182,0,0
-0.0178,0,0
-0.0174,0,0
-0.017,0.00520196,0.00521148
-0.0166,0.00430606,0.00469621
-0.0162,0,0
-0.0158,0,0
-0.0154,0,0
-0.015,0,0
-0.0146,0,0
-0.0142,0,0
-0.0138,0,0
-0.0134,0,0
-0.013,0,0
-0.0126,0,0
-0.0122,0,0
-0.0118,0,0
-0.0114,0,0
-0.011,0.00524281,0.0052525
-0.0106,0,0
-0.0102,0.00487498,0.00488336
-0.0098,0,0
-0.0094,0,0
-0.009,0,0
-0.0086,0,0
-0.0082,0.005012,0.00502086
-0.0078,0,0
-0.0074,0.00554305,0.00555389
-0.007,0,0
-0.0066,0,0
-0.0062,0.00503033,0.00503927
-0.0058,0,0
-0.0054,0,0
-0.005,0,0
-0.0046,0,0
-0.0042,0.00481282,0.004821
-0.0038,0.00493023,0.00493881
-0.0034,0.0098596,0.00698394
-0.003,0.00527678,0.00528661
-0.0026,0.0443899,0.0148312
-0.0022,0.0888125,0.0215889
-0.0018,0.146801,0.0283128
-0.0014,0.230312,0.0344398
-0.001,0.326675,0.0422943
-0.0006,0.465275,0.0497111
-0.0002,0.525384,0.0537392
0.0002,0.499165,0.0518861
0.0006,0.507323,0.0516175
0.001,0.38064,0.0432358
0.0014,0.196886,0.030812
0.0018,0.142328,0.0269537
0.0022,0.103077,0.0225336
0.0026,0.0924989,0.0218548
0.003,0.0440499,0.0156116
0.0034,0.00922882,0.00653642
0.0038,0.0165164,0.0095725
0.0042,0.0158373,0.00916077
0.0046,0.00527942,0.00528926
0.005,0.011095,0.00786074
0.0054,0.0111684,0.00791287
0.0058,0.00554158,0.00555243
0.0062,0.00503676,0.00504572
0.0066,0.0101045,0.00716057
0.007,0,0
0.0074,0,0
0.0078,0,0
0.0082,0,0
0.0086,0,0
0.009,0,0
0.0094,0.0208146,0.0104267
0.0098,0,0
0.0102,0,0
0.0106,0,0
0.011,0.00501008,0.00501892
0.0114,0,0
0.0118,0,0
0.0122,0.00516838,0.00517778
0.0126,0.00516989,0.0051793
0.013,0,0
0.0134,0,0
0.0138,0,0
0.0142,0,0
0.0146,0,0
0.015,0,0
0.0154,0,0
0.0158,0,0
0.0162,0,0
0.0166,0,0
0.017,0,0
0.0174,0,0
0.0178,0,0
0.0182,0,0
0.0186,0,0
0.019,0,0
0.0194,0,0
0.0198,0,0
0.0202,0,0
0.0206,0,0
0.021,0,0
0.0214,0,0
0.0218,0,0
0.0222,0.00559346,0.00560433
0.0226,0,0
0.023,0,0
0.0234,0.00540664,0.00563857
0.0238,0,0
0.0242,0.00491964,0.00492802
0.0246,0,0
0.025,0,0
0.0254,0,0
0.0258,0,0
0.0262,0.00552742,0.00553796
0.0266,0,0
0.027,0,0
0.0274,0,0
0.0278,0,0
0.0282,0,0
0.0286,0.00515393,0.00516306
0.029,0,0
0.0294,0.00551304,0.00552347
0.0298,0,0
0.0302,0,0
0.0306,0,0
0.031,0,0
0.0314,0,0
0.0318,0,0
0.0322,0,0
0.0326,0,0
0.033,0,0
0.0334,0,0
0.0338,0,0
0.0342,0,0
0.0346,0,0
0.035,0,0
0.0354,0.00348307,0.00416089
0.0358,0,0
0.0362,0,0
0.0366,0,0
0.037,0,0
0.0374,0,0
0.0378,0,0
0.0382,0,0
0.0386,0,0
0.039,0,0
0.0394,0,0
0.0398,0,0
0.0402,0,0
0.0406,0,0
0.041,0,0
0.0414,0,0
0.0418,0,0
0.0422,0,0
0.0426,0,0
0.043,0,0
0.0434,0,0
0.0438,0,0
0.0442,0,0
0.0446,0,0
0.045,0,0
0.0454,0,0
0.0458,0.00588468,0.00589625
0.0462,0,0
0.0466,0,0
0.047,0,0
0.0474,0,0
0.0478,0,0
0.0482,0,0
0.0486,0,0
0.049,0,0
0.0494,0,0
0.0498,0,0
0.0502,0,0
0.0506,0,0
0.051,0,0
0.0514,0,0
0.0518,0,0
0.0522,0,0
0.0526,0,0
0.053,0,0
0.0534,0,0
0.0538,0.00556969,0.00557992
0.0542,0,0
0.0546,0.00568953,0.00570019
0.055,0,0
0.0554,0,0
0.0558,0,0
0.0562,0,0
0.0566,0,0
0.057,0,0
0.0574,0,0
0.0578,0,0
0.0582,0,0
0.0586,0,0
0.059,0,0
0.0594,0,0
0.0598,0,0
0.0602,0,0
0.0606,0,0
0.061,0,0
0.0614,0,0
0.0618,0,0
0.0622,0,0
0.0626,0,0
0.063,0,0
0.0634,0,0
0.0638,0,0
0.0642,0,0
0.0646,0.00588598,0.00589722
0.065,0,0
0.0654,0,0
0.0658,0,0
0.0662,0,0
0.0666,0,0
0.067,0,0
0.0674,0,0
0.0678,0.00247963,0.00361692
0.0682,0,0
0.0686,0,0
0.069,0,0
0.0694,0,0
0.0698,0,0
0.0702,0,0
0.0706,0.0056961,0.00570653
0.071,0.00566507,0.00567538
0.0714,0,0
0.0718,0,0
0.0722,0,0
0.0726,0,0
0.073,0,0
0.0734,0,0
0.0738,0,0
0.0742,0,0
0.0746,0,0
0.075,0.00228482,0.00363614
0.0754,0,0
0.0758,0,0
0.0762,0,0
0.0766,0,0
0.077,0,0
0.0774,0,0
0.0778,0,0
0.0782,0.000779035,0.00210592
0.0786,0,0
0.079,0,0
0.0794,0,0
0.0798,0,0
0.0802,0,0
0.0806,0,0
0.081,0,0
0.0814,0,0
0.0818,0,0
0.0822,0,0
0.0826,0,0
0.083,0,0
0.0834,0,0
0.0838,0,0
0.0842,0,0
0.0846,0,0
0.085,0,0
0.0854,0,0
0.0858,0,0
0.0862,0,0
0.0866,0,0
0.087,0,0
0.0874,0,0
0.0878,0,0
0.0882,0,0
0.0886,0,0
0.089,0,0
0.0894,0,0
0.0898,0,0
0.0902,0,0
0.0906,0,0
0.091,0,0
0.0914,0,0
0.0918,0,0
0.0922,0,0
0.0926,0,0
0.093,0,0
0.0934,0,0
0.0938,0,0
0.0942,0,0
0.0946,0,0
0.095,0,0
0.0954,0,0
0.0958,0.0061552,0.00616695
0.0962,0,0
0.0966,0,0
0.097,0.0119465,0.00847065
0.0974,0,0
0.0978,0,0
0.0982,0,0
0.0986,0,0
0.099,0.0065193,0.00653242
0.0994,0,0
0.0998,0,0
0.1002,0,0
0.1006,0,0
0.101,0,0
0.1014,0,0
0.1018,0,0
0.1022,0,0
0.1026,0,0
0.103,0,0
0.1034,0,0
0.1038,0,0
0.1042,0,0
0.1046,0,0
0.105,0,0
0.1054,0,0
0.1058,0,0
0.1062,0,0
0.1066,0,0
0.107,6.62507e-05,0.000683907
0.1074,0,0
0.1078,0,0
0.1082,0,0
0.1086,0,0
0.109,0,0
0.1094,0,0
0.1098,0,0
0.1102,0,0
0.1106,0,0
0.111,0,0
0.1114,0,0
0.1118,0,0
0.1122,0,0
0.1126,0,0
0.113,0,0
0.1134,0,0
0.1138,0,0
0.1142,0,0
0.1146,0,0
0.115,0,0
0.1154,0,0
0.1158,0,0
0.1162,0,0
0.1166,0,0
0.117,0,0
0.1174,0,0
0.1178,0,0
0.1182,0,0
0.1186,0,0
0.119,0,0
0.1194,0,0
0.1198,0,0
7
-0.1198,0,0
-0.1194,0,0
-0.119,0,0
-0.1186,0,0
-0.1182,0,0
-0.1178,0,0
-0.1174,0,0
-0.117,0,0
-0.1166,0,0
-0.1162,0,0
-0.1158,0,0
-0.1154,0,0
-0.115,0,0
-0.1146,0.00549913,0.00550962
-0.1142,0,0
-0.1138,0,0
-0.1134,0,0
-0.113,0,0
-0.1126,0.00575566,0.00576716
-0.1122,0,0
-0.1118,0.00523074,0.00524025
-0.1114,0,0
-0.111,0,0
-0.1106,0,0
-0.1102,0,0
-0.1098,0,0
-0.1094,0,0
-0.109,0,0
-0.1086,0,0
-0.1082,0,0
-0.1078,0,0
-0.1074,0,0
-0.107,0,0
-0.1066,0,0
-0.1062,0,0
-0.1058,0,0
-0.1054,0,0
-0.105,0,0
-0.1046,0,0
-0.1042,0,0
-0.1038,0,0
-0.1034,0,0
-0.103,0,0
-0.1026,0,0
-0.1022,0,0
-0.1018,0,0
-0.1014,0,0
-0.101,0,0
-0.1006,0,0
-0.1002,0,0
-0.0998,0,0
-0.0994,0,0
-0.099,0,0
-0.0986,0,0
-0.0982,0,0
-0.0978,0,0
-0.0974,0,0
-0.097,0,0
-0.0966,0,0
-0.0962,0,0
-0.0958,0,0
-0.0954,0,0
-0.095,0,0
-0.0946,0,0
-0.0942,0,0
-0.0938,0,0
-0.0934,0,0
-0.093,0,0
-0.0926,0,0
-0.0922,0,0
-0.0918,0,0
-0.0914,0,0
-0.091,0,0
-0.0906,0,0
-0.0902,0,0
-0.0898,0,0
-0.0894,0,0
-0.089,0,0
-0.0886,0,0
-0.0882,0,0
-0.0878,0,0
-0.0874,0,0
-0.087,0,0
-0.0866,0,0
-0.0862,0,0
-0.0858,0,0
-0.0854,0,0
-0.085,0,0
-0.0846,0.010457,0.00740791
-0.0842,0,0
-0.0838,0.00498221,0.004991
-0.0834,0,0
-0.083,0,0
-0.0826,0,0
-0.0822,0,0
-0.0818,0,0
-0.0814,0,0
-0.081,0,0
-0.0806,0,0
-0.0802,0,0
-0.0798,0,0
-0.0794,0,0
-0.079,0,0
-0.0786,0,0
-0.0782,0,0
-0.0778,0,0
-0.0774,0,0
-0.077,0,0
-0.0766,0,0
-0.0762,0,0
-0.0758,0,0
-0.0754,0,0
-0.075,0,0
-0.0746,0,0
-0.0742,0,0
-0.0738,0,0
-0.0734,0,0
-0.073,0,0
-0.0726,0,0
-0.0722,0,0
-0.0718,0,0
-0.0714,0,0
-0.071,0,0
-0.0706,0,0
-0.0702,0,0
-0.0698,0,0
-0.0694,0,0
-0.069,0,0
-0.0686,0,0
-0.0682,0,0
-0.0678,0,0
-0.0674,0,0
-0.067,0,0
-0.0666,0.00522727,0.00523682
-0.0662,0,0
-0.0658,0,0
-0.0654,0,0
-0.065,0,0
-0.0646,0,0
-0.0642,0,0
-0.0638,0,0
-0.0634,0,0
-0.063,0.00602901,0.00604167
-0.0626,0.00576043,0.00577198
-0.0622,0,0
-0.0618,0,0
-0.0614,0,0
-0.061,0,0
-0.0606,0,0
-0.0602,0,0
-0.0598,0,0
-0.0594,0,0
-0.059,0,0
-0.0586,0,0
-0.0582,0,0
-0.0578,0,0
-0.0574,0,0
-0.057,0,0
-0.0566,0,0
-0.0562,0,0
-0.0558,0,0
-0.0554,0.00541985,0.00543
-0.055,0,0
-0.0546,0,0
-0.0542,0.00566106,0.0056721
-0.0538,0.00601494,0.0060274
-0.0534,0,0
-0.053,0,0
-0.0526,0,0
-0.0522,0,0
-0.0518,0,0
-0.0514,0,0
-0.051,0,0
-0.0506,0,0
-0.0502,0.00574489,0.0057562
-0.0498,0,0
-0.0494,0,0
-0.049,0.00347405,0.00426857
-0.0486,0,0
-0.0482,0,0
-0.0478,0,0
-0.0474,0,0
-0.047,0.005782,0.00579341
-0.0466,0.00557481,0.00558541
-0.0462,0,0
-0.0458,0,0
-0.0454,0,0
-0.045,0,0
-0.0446,0,0
-0.0442,0,0
-0.0438,0,0
-0.0434,0,0
-0.043,0,0
-0.0426,0,0
-0.0422,0,0
-0.0418,0,0
-0.0414,0.00571582,0.00572687
-0.041,0,0
-0.0406,0,0
-0.0402,0.00577241,0.00578366
-0.0398,0,0
-0.0394,0.00229466,0.00351825
-0.039,0,0
-0.0386,0,0
-0.0382,0,0
-0.0378,0,0
-0.0374,0,0
-0.037,0,0
-0.0366,0,0
-0.0362,0,0
-0.0358,0,0
-0.0354,0,0
-0.035,0,0
-0.0346,0,0
-0.0342,0,0
-0.0338,0,0
-0.0334,0,0
-0.033,0,0
-0.0326,0,0
-0.0322,0,0
-0.0318,0,0
-0.0314,0,0
-0.031,0,0
-0.0306,0,0
-0.0302,0,0
-0.0298,0,0
-0.0294,0.00232139,0.00357511
-0.029,0.00538284,0.00539243
-0.0286,0,0
-0.0282,0,0
-0.0278,0,0
-0.0274,0,0
-0.027,0,0
-0.0266,0,0
-0.0262,0,0
-0.0258,0,0
-0.0254,0,0
-0.025,0,0
-0.0246,0,0
-0.0242,0,0
-0.0238,0.00571584,0.00572654
-0.0234,0,0
-0.023,0,0
-0.0226,0,0
-0.0222,0,0
-0.0218,0,0
-0.0214,0.00613197,0.00614422
-0.021,0,0
-0.0206,0,0
-0.0202,0.00554913,0.00555914
-0.0198,0,0
-0.0194,0,0
-0.019,0,0
-0.0186,0,0
-0.0182,0,0
-0.0178,0,0
-0.0174,0.00558396,0.00559404
-0.017,0,0
-0.0166,0.00556328,0.00557327
-0.0162,0.00552501,0.00553485
-0.0158,0,0
-0.0154,0,0
-0.015,0.0021794,0.00352699
-0.0146,0,0
-0.0142,0.00599,0.00600152
-0.0138,0,0
-0.0134,0,0
-0.013,0.00550288,0.00551258
-0.0126,0,0
-0.0122,0,0
-0.0118,0,0
-0.0114,0,0
-0.011,0.0115787,0.00820252
-0.0106,0.00548758,0.00549718
-0.0102,0,0
-0.0098,0.00589321,0.00590427
-0.0094,0.00569595,0.00570628
-0.009,0,0
-0.0086,0.00562022,0.00563026
-0.0082,0,0
-0.0078,0,0
-0.0074,0,0
-0.007,0.005909,0.00592007
-0.0066,0,0
-0.0062,0.0167616,0.00969459
-0.0058,0.00554901,0.00555875
-0.0054,0,0
-0.005,0,0
-0.0046,0,0
-0.0042,0.0137257,0.00918009
-0.0038,0.0161661,0.00934943
-0.0034,0.0497929,0.0169852
-0.003,0.0189727,0.0106209
-0.0026,0.030102,0.012908
-0.0022,0.117458,0.0262764
-0.0018,0.196488,0.0347106
-0.0014,0.302007,0.0419929
-0.001,0.537768,0.057092
-0.0006,0.599778,0.0597589
-0.0002,0.822858,0.0714016
0.0002,0.83222,0.071117
0.0006,0.782359,0.0680617
0.001,0.629615,0.0588541
0.0014,0.463396,0.0501752
0.0018,0.32858,0.0435433
0.0022,0.230415,0.0358401
0.0026,0.0842437,0.0222015
0.003,0.0933699,0.0241669
0.0034,0.0232576,0.0110879
0.0038,0.0227909,0.0114158
0.0042,0,0
0.0046,0.00583602,0.00584663
0.005,0.0125918,0.00892124
0.0054,0.0253199,0.012685
0.0058,0.00629421,0.00630653
0.0062,0.0116373,0.00817577
0.0066,0.00571911,0.00572497
0.007,0.0173654,0.0100457
0.0074,0,0
0.0078,0,0
0.0082,0.00124301,0.00254655
0.0086,0,0
0.009,0,0
0.0094,0,0
0.0098,0,0
0.0102,0,0
0.0106,0,0
0.011,0,0
0.0114,0,0
0.0118,0,0
0.0122,0,0
0.0126,0,0
0.013,0,0
0.0134,0,0
0.0138,0,0
0.0142,0,0
0.0146,0,0
0.015,0,0
0.0154,0,0
0.0158,0,0
0.0162,0,0
0.0166,0,0
0.017,0,0
0.0174,0,0
0.0178,0.00587225,0.00588292
0.0182,0.0118822,0.00841803
0.0186,0,0
0.019,0,0
0.0194,0,0
0.0198,0,0
0.0202,0,0
0.0206,0,0
0.021,0,0
0.0214,0,0
0.0218,0.0113845,0.00806426
0.0222,0,0
0.0226,0.00185252,0.00353107
0.023,0.00654493,0.00655822
0.0234,0.000502736,0.00181734
0.0238,0.0105858,0.00749758
0.0242,0.00571932,0.00572948
0.0246,0,0
0.025,0,0
0.0254,0,0
0.0258,0.00555857,0.00556818
0.0262,0,0
0.0266,0,0
0.027,0.005934,0.00594497
0.0274,0,0
0.0278,0,0
0.0282,0,0
0.0286,0,0
0.029,0.00610589,0.00611751
0.0294,0,0
0.0298,0,0
0.0302,0,0
0.0306,0,0
0.031,0,0
0.0314,0.00593332,0.00594432
0.0318,0,0
0.0322,0,0
0.0326,0,0
0.033,0,0
0.0334,0,0
0.0338,0,0
0.0342,0,0
0.0346,0,0
0.035,0,0
0.0354,0.00159431,0.00293084
0.0358,0.00627732,0.00628968
0.0362,0,0
0.0366,0,0
0.037,0,0
0.0374,0,0
0.0378,0,0
0.0382,0,0
0.0386,0,0
0.039,0.00553515,0.0055448
0.0394,0.00555114,0.00556084
0.0398,0,0
0.0402,0,0
0.0406,0,0
0.041,0,0
0.0414,0,0
0.0418,0,0
0.0422,0,0
0.0426,0,0
0.043,0.00587878,0.0058897
0.0434,0.00536679,0.0053759
0.0438,0,0
0.0442,0,0
0.0446,0,0
0.045,0,0
0.0454,0,0
0.0458,0,0
0.0462,0,0
0.0466,0,0
0.047,0,0
0.0474,0,0
0.0478,0,0
0.0482,0,0
0.0486,0,0
0.049,0,0
0.0494,0,0
0.0498,0,0
0.0502,0,0
0.0506,0,0
0.051,0.0059127,0.00592385
0.0514,0,0
0.0518,0,0
0.0522,0,0
0.0526,0,0
0.053,0,0
0.0534,0,0
0.0538,0,0
0.0542,0,0
0.0546,0,0
0.055,0.00538545,0.00539474
0.0554,0,0
0.0558,0,0
0.0562,0.00560973,0.00561983
0.0566,0.00592234,0.0059336
0.057,0,0
0.0574,0,0
0.0578,0,0
0.0582,0,0
0.0586,0,0
0.059,0,0
0.0594,0,0
0.0598,0,0
0.0602,0,0
0.0606,0,0
0.061,0.00514086,0.0051494
0.0614,0,0
0.0618,0,0
0.0622,0,0
0.0626,0.00551644,0.00552628
0.063,0,0
0.0634,0,0
0.0638,0,0
0.0642,0,0
0.0646,0,0
0.065,0,0
0.0654,0,0
0.0658,0,0
0.0662,0,0
0.0666,0,0
0.067,0,0
0.0674,0,0
0.0678,0.00275246,0.00379293
0.0682,0,0
0.0686,0,0
0.069,0,0
0.0694,0.00577957,0.00579048
0.0698,0,0
0.0702,0,0
0.0706,0,0
0.071,0,0
0.0714,0.00534993,0.0053593
0.0718,0,0
0.0722,0,0
0.0726,0,0
0.073,0,0
0.0734,0,0
0.0738,0,0
0.0742,0.00603329,0.00604524
0.0746,0,0
0.075,0.00338335,0.00436249
0.0754,0,0
0.0758,0,0
0.0762,0,0
0.0766,0,0
0.077,0,0
0.0774,0,0
0.0778,0,0
0.0782,0,0
0.0786,0,0
0.079,0,0
0.0794,0,0
0.0798,0,0
0.0802,0.00525831,0.00526743
0.0806,0,0
0.081,0,0
0.0814,0,0
0.0818,0,0
0.0822,0,0
0.0826,0,0
0.083,0,0
0.0834,0,0
0.0838,0,0
0.0842,0,0
0.0846,0,0
0.085,0,0
0.0854,0,0
0.0858,0,0
0.0862,0,0
0.0866,0,0
0.087,0,0
0.0874,0,0
0.0878,0.0054094,0.00541909
0.0882,0,0
0.0886,0,0
0.089,0,0
0.0894,0,0
0.0898,0,0
0.0902,0,0
0.0906,0,0
0.091,0,0
0.0914,0,0
0.0918,0,0
0.0922,0,0
0.0926,0,0
0.093,0,0
0.0934,0,0
0.0938,0,0
0.0942,0,0
0.0946,0,0
0.095,0,0
0.0954,0,0
0.0958,0,0
0.0962,0.00556133,0.00557161
0.0966,0,0
0.097,0,0
0.0974,0,0
0.0978,0,0
0.0982,0,0
0.0986,0,0
0.099,0,0
0.0994,0,0
0.0998,0,0
0.1002,0,0
0.1006,0,0
0.101,0,0
0.1014,0,0
0.1018,0,0
0.1022,0.00599789,0.00600984
0.1026,0,0
0.103,0,0
0.1034,0,0
0.1038,0,0
0.1042,0,0
0.1046,0,0
0.105,0,0
0.1054,0,0
0.1058,0,0
0.1062,0.00689359,0.00690935
0.1066,0,0
0.107,0.00643878,0.00648328
0.1074,0,0
0.1078,0,0
0.1082,0,0
0.1086,0,0
0.109,0.0151058,0.0107081
0.1094,0,0
0.1098,0,0
0.1102,0,0
0.1106,0,0
0.111,0,0
0.1114,0,0
0.1118,0,0
0.1122,0,0
0.1126,0,0
0.113,0,0
0.1134,0,0
0.1138,0,0
0.1142,0,0
0.1146,0,0
0.115,0,0
0.1154,0,0
0.1158,0,0
0.1162,0,0
0.1166,0,0
0.117,0.00643161,0.00780836
0.1174,0,0
0.1178,0,0
0.1182,0.0100728,0.0101059
0.1186,0,0
0.119,0,0
0.1194,0,0
0.1198,0,0
8
-0.1198,0,0
-0.1194,0,0
-0.119,0,0
-0.1186,0.00394207,0.00394948
-0.1182,0.00412033,0.00412842
-0.1178,0,0
-0.1174,0,0
-0.117,0,0
-0.1166,0,0
-0.1162,0,0
-0.1158,0,0
-0.1154,0,0
-0.115,0.00385982,0.0038669
-0.1146,0,0
-0.1142,0,0
-0.1138,0,0
-0.1134,0,0
-0.113,0,0
-0.1126,0,0
-0.1122,0,0
-0.1118,0,0
-0.1114,0,0
-0.111,0,0
-0.1106,0,0
-0.1102,0.00378433,0.00379109
-0.1098,0,0
-0.1094,0,0
-0.109,0,0
-0.1086,0,0
-0.1082,0,0
-0.1078,0.00442097,0.00443017
-0.1074,0,0
-0.107,0,0
-0.1066,0,0
-0.1062,0,0
-0.1058,0,0
-0.1054,0,0
-0.105,0,0
-0.1046,0,0
-0.1042,0,0
-0.1038,0,0
-0.1034,0,0
-0.103,0,0
-0.1026,0,0
-0.1022,0,0
-0.1018,0,0
-0.1014,0,0
-0.101,0,0
-0.1006,0,0
-0.1002,0,0
-0.0998,0,0
-0.0994,0,0
-0.099,0.00414313,0.00415111
-0.0986,0,0
-0.0982,0.00812959,0.00576162
-0.0978,0,0
-0.0974,0,0
-0.097,0,0
-0.0966,0,0
-0.0962,0,0
-0.0958,0,0
-0.0954,0,0
-0.095,0.00424141,0.00424972
-0.0946,0,0
-0.0942,0,0
-0.0938,0,0
-0.0934,0,0
-0.093,0,0
-0.0926,0,0
-0.0922,0,0
-0.0918,0,0
-0.0914,0,0
-0.091,0,0
-0.0906,0,0
-0.0902,0,0
-0.0898,0,0
-0.0894,0,0
-0.089,0,0
-0.0886,0,0
-0.0882,0,0
-0.0878,0,0
-0.0874,0,0
-0.087,0,0
-0.0866,0,0
-0.0862,0,0
-0.0858,0.00448887,0.00449808
-0.0854,0,0
-0.085,0.00421864,0.00422676
-0.0846,0,0
-0.0842,0,0
-0.0838,0,0
-0.0834,0,0
-0.083,0,0
-0.0826,0,0
-0.0822,0.00436344,0.0043721
-0.0818,0,0
-0.0814,0.00420797,0.00421602
-0.081,0,0
-0.0806,0,0
-0.0802,0.00395492,0.00396202
-0.0798,0,0
-0.0794,0,0
-0.079,0,0
-0.0786,0,0
-0.0782,0.00422938,0.00423748
-0.0778,0,0
-0.0774,0.00443016,0.00443904
-0.077,0,0
-0.0766,0,0
-0.0762,0.00417122,0.00417908
-0.0758,0,0
-0.0754,0,0
-0.075,0,0
-0.0746,0,0
-0.0742,0,0
-0.0738,0,0
-0.0734,0,0
-0.073,0,0
-0.0726,0,0
-0.0722,0,0
-0.0718,0,0
-0.0714,0,0
-0.071,0,0
-0.0706,0,0
-0.0702,0,0
-0.0698,0,0
-0.0694,0,0
-0.069,0,0
-0.0686,0,0
-0.0682,0,0
-0.0678,0,0
-0.0674,0,0
-0.067,0,0
-0.0666,0,0
-0.0662,0,0
-0.0658,0,0
-0.0654,0,0
-0.065,0,0
-0.0646,0,0
-0.0642,0.00387539,0.00388213
-0.0638,0.00400304,0.00401022
-0.0634,0.0040669,0.00407431
-0.063,0,0
-0.0626,0,0
-0.0622,0,0
-0.0618,0,0
-0.0614,0.00401742,0.00402466
-0.061,0,0
-0.0606,0,0
-0.0602,0,0
-0.0598,0,0
-0.0594,0.00433221,0.00434061
-0.059,0,0
-0.0586,0,0
-0.0582,0.00410125,0.00410878
-0.0578,0,0
-0.0574,0,0
-0.057,0,0
-0.0566,0,0
-0.0562,0,0
-0.0558,0,0
-0.0554,0,0
-0.055,0,0
-0.0546,0,0
-0.0542,0,0
-0.0538,0,0
-0.0534,0,0
-0.053,0,0
-0.0526,0,0
-0.0522,0,0
-0.0518,0,0
-0.0514,0,0
-0.051,0.00453895,0.00454817
-0.0506,0,0
-0.0502,0,0
-0.0498,0,0
-0.0494,0,0
-0.049,0.00133911,0.00231689
-0.0486,0.00399444,0.00400158
-0.0482,0,0
-0.0478,0.00424231,0.00425037
-0.0474,0,0
-0.047,0,0
-0.0466,0,0
-0.0462,0,0
-0.0458,0,0
-0.0454,0,0
-0.045,0,0
-0.0446,0,0
-0.0442,0,0
-0.0438,0,0
-0.0434,0,0
-0.043,0,0
-0.0426,0,0
-0.0422,0,0
-0.0418,0.00389576,0.00390254
-0.0414,0,0
-0.041,0,0
-0.0406,0,0
-0.0402,0,0
-0.0398,0,0
-0.0394,0.00637747,0.00509402
-0.039,0,0
-0.0386,0,0
-0.0382,0.00397432,0.00398137
-0.0378,0,0
-0.0374,0,0
-0.037,0,0
-0.0366,0,0
-0.0362,0,0
-0.0358,0,0
-0.0354,0,0
-0.035,0,0
-0.0346,0,0
-0.0342,0,0
-0.0338,0,0
-0.0334,0,0
-0.033,0,0
-0.0326,0,0
-0.0322,0,0
-0.0318,0,0
-0.0314,0,0
-0.031,0,0
-0.0306,0,0
-0.0302,0.00429939,0.00430763
-0.0298,0,0
-0.0294,0.00539146,0.00469617
-0.029,0,0
-0.0286,0,0
-0.0282,0,0
-0.0278,0.00423814,0.00424614
-0.0274,0,0
-0.027,0,0
-0.0266,0,0
-0.0262,0,0
-0.0258,0,0
-0.0254,0,0
-0.025,0,0
-0.0246,0.00391578,0.00392261
-0.0242,0,0
-0.0238,0,0
-0.0234,0,0
-0.023,0.00411472,0.00412226
-0.0226,0,0
-0.0222,0,0
-0.0218,0,0
-0.0214,0,0
-0.021,0,0
-0.0206,0.00406622,0.00415549
-0.0202,0,0
-0.0198,0,0
-0.0194,0,0
-0.019,0,0
-0.0186,0,0
-0.0182,0,0
-0.0178,0,0
-0.0174,0,0
-0.017,0.00147596,0.00247007
-0.0166,0,0
-0.0162,0,0
-0.0158,0,0
-0.0154,0,0
-0.015,0.00254123,0.0032417
-0.0146,0.00367835,0.00368435
-0.0142,0.0041878,0.00419558
-0.0138,0,0
-0.0134,0,0
-0.013,0,0
-0.0126,0,0
-0.0122,0,0
-0.0118,0,0
-0.0114,0,0
-0.011,0,0
-0.0106,0,0
-0.0102,0.00388286,0.00388954
-0.0098,0,0
-0.0094,0,0
-0.009,0,0
-0.0086,0,0
-0.0082,0,0
-0.0078,0,0
-0.0074,0,0
-0.007,0.00885863,0.00627626
-0.0066,0,0
-0.0062,0.00804693,0.00570015
-0.0058,0.0135148,0.00740999
-0.0054,0.0126036,0.00729019
-0.005,0,0
-0.0046,0.00884061,0.00626384
-0.0042,0.0290684,0.0112154
-0.0038,0.0115729,0.00669301
-0.0034,0.0390064,0.0127765
-0.003,0.0965633,0.0202627
-0.0026,0.104659,0.0204721
-0.0022,0.144221,0.0245434
-0.0018,0.197748,0.0294433
-0.0014,0.364451,0.0391131
-0.001,0.614376,0.0516554
-0.0006,0.734154,0.0559635
-0.0002,0.855203,0.0614809
0.0002,0.876743,0.0616749
0.0006,0.733114,0.0556396
0.001,0.485285,0.0435325
0.0014,0.449258,0.0416732
0.0018,0.293451,0.0347645
0.0022,0.184408,0.0270505
0.0026,0.135633,0.0237328
0.003,0.0742906,0.0182353
0.0034,0.0689988,0.016414
0.0038,0.0323963,0.0114743
0.0042,0.0181389,0.00909341
0.0046,0.0127621,0.00738198
0.005,0.0169097,0.00847527
0.0054,0.03192,0.0120101
0.0058,0.0215207,0.00965302
0.0062,0.0324277,0.0115096
0.0066,0.0243042,0.00997183
0.007,0.0236231,0.0099613
0.0074,0.00394426,0.00395107
0.0078,0.00789022,0.00558887
0.0082,0.00649141,0.00489963
0.0086,0.00804231,0.00569679
0.009,0.00414267,0.00415017
0.0094,0,0
0.0098,0.00422082,0.00422861
0.0102,0,0
0.0106,0,0
0.011,0,0
0.0114,0,0
0.0118,0,0
0.0122,0,0
0.0126,0.00414451,0.00415201
0.013,0,0
0.0134,0,0
0.0138,0.00363666,0.00364243
0.0142,0,0
0.0146,0,0
0.015,0,0
0.0154,0,0
0.0158,0,0
0.0162,0.00429113,0.00429915
0.0166,0,0
0.017,0,0
0.0174,0.00809492,0.00573409
0.0178,0.00409001,0.00409729
0.0182,0,0
0.0186,0.00427151,0.00427945
0.019,0,0
0.0194,0,0
0.0198,0.0042819,0.00428987
0.0202,0,0
0.0206,0,0
0.021,0,0
0.0214,0,0
0.0218,0,0
0.0222,0,0
0.0226,0.00346368,0.00408023
0.023,0,0
0.0234,0,0
0.0238,0,0
0.0242,0,0
0.0246,0.00818635,0.00579892
0.025,0,0
0.0254,0,0
0.0258,0.00439874,0.00440713
0.0262,0,0
0.0266,0.00424241,0.00425021
0.027,0,0
0.0274,0,0
0.0278,0,0
0.0282,0,0
0.0286,0,0
0.029,0,0
0.0294,0,0
0.0298,0,0
0.0302,0,0
0.0306,0,0
0.031,0.00428525,0.00429319
0.0314,0,0
0.0318,0.00397426,0.00398109
0.0322,0,0
0.0326,0,0
0.033,0,0
0.0334,0,0
0.0338,0,0
0.0342,0,0
0.0346,0,0
0.035,0,0
0.0354,0,0
0.0358,0,0
0.0362,0,0
0.0366,0,0
0.037,0,0
0.0374,0,0
0.0378,0,0
0.0382,0,0
0.0386,0,0
0.039,0,0
0.0394,0,0
0.0398,0,0
0.0402,0,0
0.0406,0,0
0.041,0.00449149,0.00450017
0.0414,0.00425941,0.00426722
0.0418,0,0
0.0422,0,0
0.0426,0,0
0.043,0,0
0.0434,0,0
0.0438,0,0
0.0442,0,0
0.0446,0,0
0.045,0,0
0.0454,0.00457836,0.00458736
0.0458,0,0
0.0462,0,0
0.0466,0,0
0.047,0,0
0.0474,0,0
0.0478,0,0
0.0482,0,0
0.0486,0,0
0.049,0,0
0.0494,0.00461504,0.00462416
0.0498,0,0
0.0502,0,0
0.0506,0,0
0.051,0,0
0.0514,0.00440701,0.00441531
0.0518,0,0
0.0522,0,0
0.0526,0,0
0.053,0.00796399,0.00564097
0.0534,0,0
0.0538,0,0
0.0542,0,0
0.0546,0.00439585,0.00440409
0.055,0,0
0.0554,0,0
0.0558,0.00422646,0.00423407
0.0562,0.00422824,0.00423585
0.0566,0,0
0.057,0,0
0.0574,0,0
0.0578,0.00427296,0.00428072
0.0582,0,0
0.0586,0,0
0.059,0.00476963,0.00477928
0.0594,0,0
0.0598,0,0
0.0602,0.00463087,0.00463995
0.0606,0,0
0.061,0,0
0.0614,0,0
0.0618,0,0
0.0622,0,0
0.0626,0,0
0.063,0,0
0.0634,0,0
0.0638,0,0
0.0642,0,0
0.0646,0.00453294,0.00454159
0.065,0,0
0.0654,0,0
0.0658,0,0
0.0662,0,0
0.0666,0,0
0.067,0,0
0.0674,0,0
0.0678,0,0
0.0682,0,0
0.0686,0,0
0.069,0,0
0.0694,0,0
0.0698,0.00435873,0.00436667
0.0702,0,0
0.0706,0,0
0.071,0,0
0.0714,0,0
0.0718,0,0
0.0722,0,0
0.0726,0,0
0.073,0.00424688,0.00425439
0.0734,0,0
0.0738,0,0
0.0742,0,0
0.0746,0.00477059,0.00478004
0.075,0,0
0.0754,0,0
0.0758,0.00441338,0.00442145
0.0762,0,0
0.0766,0,0
0.077,0.00430883,0.00431651
0.0774,0,0
0.0778,0,0
0.0782,0.00442964,0.00443775
0.0786,0,0
0.079,0.004062,0.00406882
0.0794,0,0
0.0798,0.00411083,0.0041178
0.0802,0,0
0.0806,0,0
0.081,0,0
0.0814,0.0054842,0.00472219
0.0818,0,0
0.0822,0,0
0.0826,0,0
0.083,0,0
0.0834,0.0042871,0.00429465
0.0838,0,0
0.0842,0,0
0.0846,0,0
0.085,0,0
0.0854,0,0
0.0858,0,0
0.0862,0.00438811,0.00439599
0.0866,0,0
0.087,0,0
0.0874,0,0
0.0878,0.00437776,0.0043856
0.0882,0,0
0.0886,0,0
0.089,0,0
0.0894,0.00429953,0.00430707
0.0898,0,0
0.0902,0.00430493,0.00431249
0.0906,0,0
0.091,0,0
0.0914,0,0
0.0918,0,0
0.0922,0,0
0.0926,0,0
0.093,0,0
0.0934,0,0
0.0938,0.00475389,0.00476307
0.0942,0,0
0.0946,0.00435417,0.00436186
0.095,0,0
0.0954,0,0
0.0958,0,0
0.0962,0.00469376,0.00470268
0.0966,0,0
0.097,0,0
0.0974,0,0
0.0978,0,0
0.0982,0,0
0.0986,0.00450385,0.00451205
0.099,0,0
0.0994,0.00994306,0.00704495
0.0998,0.00509601,0.0051065
0.1002,0,0
0.1006,0,0
0.101,0,0
0.1014,0,0
0.1018,0,0
0.1022,0,0
0.1026,0,0
0.103,0,0
0.1034,0,0
0.1038,0.00529985,0.00531118
0.1042,0,0
0.1046,0,0
0.105,0,0
0.1054,0,0
0.1058,0,0
0.1062,0,0
0.1066,0,0
0.107,0,0
0.1074,0,0
0.1078,0,0
0.1082,0,0
0.1086,0,0
0.109,0,0
0.1094,0,0
0.1098,0,0
0.1102,0,0
0.1106,0,0
0.111,0,0
0.1114,0,0
0.1118,0,0
0.1122,0,0
0.1126,0,0
0.113,0,0
0.1134,0,0
0.1138,0.00663327,0.00665098
0.1142,0,0
0.1146,0,0
0.115,0,0
0.1154,0,0
0.1158,0,0
0.1162,0,0
0.1166,0.00655988,0.00657721
0.117,0.00242859,0.00432428
0.1174,0,0
0.1178,0,0
0.1182,0,0
0.1186,0,0
0.119,0,0
0.1194,0.00766516,0.00768883
0.1198,0,0
9
-0.1198,0,0
-0.1194,0,0
-0.119,0,0
-0.1186,0,0
-0.1182,0,0
-0.1178,0,0
-0.1174,0,0
-0.117,0,0
-0.1166,0,0
-0.1162,0,0
-0.1158,0,0
-0.1154,0,0
-0.115,0,0
-0.1146,0,0
-0.1142,0,0
-0.1138,0,0
-0.1134,0,0
-0.113,0,0
-0.1126,0,0
-0.1122,0,0
-0.1118,0,0
-0.1114,0,0
-0.111,0,0
-0.1106,0,0
-0.1102,0,0
-0.1098,0.00359141,0.00359783
-0.1094,0,0
-0.109,0.00382635,0.00383364
-0.1086,0,0
-0.1082,0,0
-0.1078,0,0
-0.1074,0,0
-0.107,0.00347793,0.00348397
-0.1066,0,0
-0.1062,0,0
-0.1058,0,0
-0.1054,0,0
-0.105,0,0
-0.1046,0,0
-0.1042,0,0
-0.1038,0,0
-0.1034,0.00374813,0.00375519
-0.103,0,0
-0.1026,0,0
-0.1022,0.00667388,0.0047279
-0.1018,0,0
-0.1014,0,0
-0.101,0,0
-0.1006,0,0
-0.1002,0,0
-0.0998,0,0
-0.0994,0,0
-0.099,0,0
-0.0986,0,0
-0.0982,0.00361901,0.00362565
-0.0978,0.00361682,0.00362346
-0.0974,0.00387935,0.00388699
-0.097,0,0
-0.0966,0,0
-0.0962,0,0
-0.0958,0,0
-0.0954,0,0
-0.095,0,0
-0.0946,0,0
-0.0942,0,0
-0.0938,0,0
-0.0934,0,0
-0.093,0,0
-0.0926,0,0
-0.0922,0,0
-0.0918,0,0
-0.0914,0,0
-0.091,0,0
-0.0906,0,0
-0.0902,0,0
-0.0898,0,0
-0.0894,0,0
-0.089,0,0
-0.0886,0,0
-0.0882,0,0
-0.0878,0,0
-0.0874,0,0
-0.087,0,0
-0.0866,0,0
-0.0862,0.0039822,0.00399035
-0.0858,0,0
-0.0854,0,0
-0.085,0,0
-0.0846,0,0
-0.0842,0,0
-0.0838,0,0
-0.0834,0,0
-0.083,0,0
-0.0826,0.00347563,0.00348187
-0.0822,0.00384124,0.00384886
-0.0818,0,0
-0.0814,0,0
-0.081,0,0
-0.0806,0,0
-0.0802,0.00346621,0.00347243
-0.0798,0,0
-0.0794,0,0
-0.079,0,0
-0.0786,0,0
-0.0782,0,0
-0.0778,0.00358011,0.00358676
-0.0774,0,0
-0.077,0.00389705,0.00390493
-0.0766,0,0
-0.0762,0,0
-0.0758,0,0
-0.0754,0,0
-0.075,0,0
-0.0746,0.00366074,0.00366772
-0.0742,0,0
-0.0738,0,0
-0.0734,0.00358253,0.00358922
-0.073,0,0
-0.0726,0,0
-0.0722,0,0
-0.0718,0,0
-0.0714,0.00353415,0.00354067
-0.071,0,0
-0.0706,0,0
-0.0702,0.00355059,0.00355718
-0.0698,0,0
-0.0694,0,0
-0.069,0,0
-0.0686,0,0
-0.0682,0,0
-0.0678,0,0
-0.0674,0,0
-0.067,0,0
-0.0666,0,0
-0.0662,0,0
-0.0658,0,0
-0.0654,0,0
-0.065,0,0
-0.0646,0.00365958,0.00366662
-0.0642,0.00330824,0.00331399
-0.0638,0.00332079,0.00332659
-0.0634,0,0
-0.063,0,0
-0.0626,0,0
-0.0622,0,0
-0.0618,0,0
-0.0614,0,0
-0.061,0,0
-0.0606,0,0
-0.0602,0.00772486,0.0054777
-0.0598,0.00377008,0.00377757
-0.0594,0,0
-0.059,0.00386572,0.0038736
-0.0586,0.00371958,0.00372688
-0.0582,0,0
-0.0578,0,0
-0.0574,0,0
-0.057,0,0
-0.0566,0,0
-0.0562,0,0
-0.0558,0,0
-0.0554,0,0
-0.055,0.00709518,0.00502647
-0.0546,0,0
-0.0542,0,0
-0.0538,0.00391302,0.00392112
-0.0534,0,0
-0.053,0.00351231,0.00351884
-0.0526,0,0
-0.0522,0.00357757,0.00358435
-0.0518,0,0
-0.0514,0,0
-0.051,0,0
-0.0506,0,0
-0.0502,0,0
-0.0498,0.0072643,0.00514654
-0.0494,0,0
-0.049,0.00364663,0.00365369
-0.0486,0,0
-0.0482,0,0
-0.0478,0.00714511,0.00506195
-0.0474,0.00690837,0.00489794
-0.047,0,0
-0.0466,0.00357218,0.00357897
-0.0462,0,0
-0.0458,0.00367263,0.00367981
-0.0454,0,0
-0.045,0,0
-0.0446,0,0
-0.0442,0,0
-0.0438,0,0
-0.0434,0,0
-0.043,0,0
-0.0426,0,0
-0.0422,0,0
-0.0418,0.00325883,0.00326451
-0.0414,0.0039306,0.00393886
-0.041,0,0
-0.0406,0,0
-0.0402,0,0
-0.0398,0,0
-0.0394,0.00338135,0.00338748
-0.039,0,0
-0.0386,0,0
-0.0382,0.00357816,0.00358503
-0.0378,0,0
-0.0374,0.00347634,0.00348282
-0.037,0,0
-0.0366,0,0
-0.0362,0.00689636,0.00488551
-0.0358,0,0
-0.0354,0.00739501,0.0052405
-0.035,0,0
-0.0346,0.00334322,0.00334924
-0.0342,0.0036763,0.00368358
-0.0338,0,0
-0.0334,0,0
-0.033,0.00698923,0.00495145
-0.0326,0,0
-0.0322,0.00349949,0.0035061
-0.0318,0,0
-0.0314,0.0031879,0.00319339
-0.031,0,0
-0.0306,0,0
-0.0302,0,0
-0.0298,0,0
-0.0294,0.000851817,0.00169315
-0.029,0,0
-0.0286,0,0
-0.0282,0,0
-0.0278,0,0
-0.0274,0.00325562,0.00326137
-0.027,0.00337232,0.00337849
-0.0266,0,0
-0.0262,0,0
-0.0258,0,0
-0.0254,0.00358243,0.00358941
-0.025,0,0
-0.0246,0.00319981,0.00320539
-0.0242,0.00337653,0.00338274
-0.0238,0,0
-0.0234,0,0
-0.023,0.00335425,0.00336039
-0.0226,0,0
-0.0222,0,0
-0.0218,0.00336712,0.00337332
-0.0214,0.00365443,0.00366173
-0.021,0,0
-0.0206,0.00356987,0.00350899
-0.0202,0,0
-0.0198,0,0
-0.0194,0.00348686,0.00349352
-0.019,0,0
-0.0186,0.00303282,0.00303787
-0.0182,0,0
-0.0178,0,0
-0.0174,0.00332798,0.00333407
-0.017,0.00546046,0.00426956
-0.0166,0,0
-0.0162,0.0032351,0.00324086
-0.0158,0,0
-0.0154,0.00321906,0.00322477
-0.015,0,0
-0.0146,0.00336768,0.00337394
-0.0142,0,0
-0.0138,0,0
-0.0134,0.00336668,0.00337294
-0.013,0.00315113,0.00315662
-0.0126,0,0
-0.0122,0.00329815,0.00330416
-0.0118,0.00347703,0.00348372
-0.0114,0.00647511,0.00458681
-0.011,0.00332016,0.00332627
-0.0106,0.00315507,0.00316059
-0.0102,0.00309617,0.00310149
-0.0098,0.00337978,0.00338612
-0.0094,0.00326265,0.00326857
-0.009,0.00335127,0.00335751
-0.0086,0.00642247,0.00454949
-0.0082,0.00952872,0.00551115
-0.0078,0.0198121,0.00810318
-0.0074,0.0175744,0.00787492
-0.007,0.00686736,0.00486639
-0.0066,0.0231756,0.00877647
-0.0062,0.00636188,0.00450652
-0.0058,0.00521723,0.00405705
-0.0054,0.0100114,0.00579093
-0.005,0.0136835,0.00685542
-0.0046,0.0176146,0.00789302
-0.0042,0.0198712,0.00814156
-0.0038,0.0182877,0.00747901
-0.0034,0.0357898,0.010817
-0.003,0.0432651,0.0120221
-0.0026,0.0723159,0.0150108
-0.0022,0.109488,0.0190268
-0.0018,0.183358,0.0251086
-0.0014,0.394467,0.0357347
-0.001,0.593257,0.0449638
-0.0006,0.680416,0.0476436
-0.0002,0.878259,0.055097
0.0002,0.87189,0.0543863
0.0006,0.623728,0.0453506
0.001,0.418302,0.0357474
0.0014,0.256827,0.0278054
0.0018,0.180297,0.024087
0.0022,0.0796257,0.0156821
0.0026,0.0597587,0.0138476
0.003,0.0528125,0.0135243
0.0034,0.0440063,0.0115033
0.0038,0.0287729,0.0096178
0.0042,0.0248726,0.0094238
0.0046,0.003302,0.00330815
0.005,0.0173402,0.00777001
0.0054,0.0206163,0.00849843
0.0058,0.00943607,0.00545762
0.0062,0.00317562,0.00318132
0.0066,0.0127383,0.00635051
0.007,0.0301036,0.00986241
0.0074,0.0165354,0.00741563
0.0078,0.00589456,0.00417748
0.0082,0.00594986,0.00421827
0.0086,0,0
0.009,0.00646149,0.00457763
0.0094,0,0
0.0098,0,0
0.0102,0,0
0.0106,0.00607466,0.00430403
0.011,0,0
0.0114,0.00315864,0.00316431
0.0118,0,0
0.0122,0,0
0.0126,0.00317964,0.00318539
0.013,0.00330844,0.00331467
0.0134,0,0
0.0138,0,0
0.0142,0,0
0.0146,0,0
0.015,0,0
0.0154,0.00345025,0.00345704
0.0158,0,0
0.0162,0,0
0.0166,0,0
0.017,0,0
0.0174,0.00307622,0.00308163
0.0178,0,0
0.0182,0.00317641,0.00318218
0.0186,0,0
0.019,0,0
0.0194,0.00347513,0.00348204
0.0198,0,0
0.0202,0.00291166,0.00291651
0.0206,0,0
0.021,0,0
0.0214,0,0
0.0218,0,0
0.0222,0,0
0.0226,0.00338218,0.00338873
0.023,0,0
0.0234,0,0
0.0238,0,0
0.0242,0.0028626,0.0028673
0.0246,0.00618643,0.00438224
0.025,0.00302222,0.00302746
0.0254,0,0
0.0258,0.0030077,0.0030129
0.0262,0.00326355,0.00326967
0.0266,0,0
0.027,0,0
0.0274,0,0
0.0278,0,0
0.0282,0,0
0.0286,0.00615466,0.00435971
0.029,0,0
0.0294,0.00328586,0.00329207
0.0298,0.00661648,0.00468748
0.0302,0,0
0.0306,0,0
0.031,0,0
0.0314,0.00619469,0.0043913
0.0318,0.00321697,0.00322294
0.0322,0,0
0.0326,0,0
0.033,0,0
0.0334,0,0
0.0338,0,0
0.0342,0.0031576,0.00316335
0.0346,0,0
0.035,0.0061382,0.00434806
0.0354,0,0
0.0358,0,0
0.0362,0.00681138,0.00482585
0.0366,0.0030212,0.00302647
0.037,0,0
0.0374,0,0
0.0378,0,0
0.0382,0,0
0.0386,0.00300906,0.0030143
0.039,0.00620612,0.00439834
0.0394,0.00301776,0.00302303
0.0398,0.00282576,0.00283038
0.0402,0,0
0.0406,0.00313212,0.0031378
0.041,0,0
0.0414,0.00316253,0.00316832
0.0418,0.0029947,0.00299989
0.0422,0.00290825,0.00291316
0.0426,0,0
0.043,0,0
0.0434,0,0
0.0438,0,0
0.0442,0,0
0.0446,0,0
0.045,0,0
0.0454,0,0
0.0458,0.00652472,0.00462578
0.0462,0.00313791,0.00314362
0.0466,0,0
0.047,0,0
0.0474,0,0
0.0478,0.00310156,0.00310715
0.0482,0,0
0.0486,0,0
0.049,0,0
0.0494,0,0
0.0498,0.00334019,0.00334667
0.0502,0.00333929,0.00334577
0.0506,0,0
0.051,0,0
0.0514,0.00310876,0.00311439
0.0518,0.0031079,0.00311352
0.0522,0,0
0.0526,0.00302704,0.00303238
0.053,0.00284606,0.00285078
0.0534,0,0
0.0538,0.00315205,0.00315784
0.0542,0,0
0.0546,0.00278829,0.00279283
0.055,0,0
0.0554,0,0
0.0558,0.00319738,0.00320335
0.0562,0,0
0.0566,0,0
0.057,0.00306324,0.00306872
0.0574,0,0
0.0578,0,0
0.0582,0.00310232,0.00310795
0.0586,0,0
0.059,0,0
0.0594,0,0
0.0598,0,0
0.0602,0,0
0.0606,0.00313777,0.00314354
0.061,0.00596598,0.00423161
0.0614,0,0
0.0618,0,0
0.0622,0,0
0.0626,0,0
0.063,0,0
0.0634,0,0
0.0638,0,0
0.0642,0.00355212,0.00355954
0.0646,0.00355082,0.00355824
0.065,0,0
0.0654,0,0
0.0658,0,0
0.0662,0,0
0.0666,0,0
0.067,0,0
0.0674,0,0
0.0678,0,0
0.0682,0,0
0.0686,0,0
0.069,0.00292997,0.00293504
0.0694,0,0
0.0698,0.00307986,0.00308547
0.0702,0.00307622,0.00308182
0.0706,0,0
0.071,0,0
0.0714,0,0
0.0718,0,0
0.0722,0,0
0.0726,0,0
0.073,0,0
0.0734,0.00333118,0.00333776
0.0738,0,0
0.0742,0,0
0.0746,0,0
0.075,0.00309672,0.00310242
0.0754,0,0
0.0758,0.00307442,0.00308005
0.0762,0,0
0.0766,0,0
0.077,0.00299314,0.00299848
0.0774,0,0
0.0778,0,0
0.0782,0,0
0.0786,0,0
0.079,0,0
0.0794,0.00283845,0.00284326
0.0798,0,0
0.0802,0.00311167,0.00311745
0.0806,0.00320935,0.00321551
0.081,0,0
0.0814,0.00180224,0.00224481
0.0818,0,0
0.0822,0,0
0.0826,0,0
0.083,0.00311178,0.00311758
0.0834,0.00293456,0.00293973
0.0838,0,0
0.0842,0,0
0.0846,0,0
0.085,0,0
0.0854,0,0
0.0858,0,0
0.0862,0,0
0.0866,0,0
0.087,0.00286809,0.00287304
0.0874,0.00296876,0.00297407
0.0878,0.0029718,0.00297712
0.0882,0.00291079,0.0029159
0.0886,0,0
0.089,0,0
0.0894,0,0
0.0898,0.00289926,0.00290433
0.0902,0,0
0.0906,0,0
0.091,0.0033683,0.00337515
0.0914,0,0
0.0918,0,0
0.0922,0.00581536,0.00412158
0.0926,0,0
0.093,0,0
0.0934,0,0
0.0938,0.0031882,0.00319435
0.0942,0,0
0.0946,0.00291675,0.0029219
0.095,0,0
0.0954,0.00312428,0.00313019
0.0958,0,0
0.0962,0.00304786,0.00305349
0.0966,0,0
0.097,0.00584458,0.00414007
0.0974,0,0
0.0978,0,0
0.0982,0,0
0.0986,0,0
0.099,0,0
0.0994,0,0
0.0998,0.00339673,0.00340372
0.1002,0,0
0.1006,0,0
0.101,0,0
0.1014,0,0
0.1018,0,0
0.1022,0.00328566,0.0032922
0.1026,0,0
0.103,0,0
0.1034,0,0
0.1038,0.00704981,0.00499563
0.1042,0,0
0.1046,0,0
0.105,0,0
0.1054,0,0
0.1058,0,0
0.1062,0,0
0.1066,0,0
0.107,0,0
0.1074,0,0
0.1078,0.00398991,0.00399956
0.1082,0,0
0.1086,0.00431035,0.00432162
0.109,0.0040924,0.00410256
0.1094,0,0
0.1098,0,0
0.1102,0,0
0.1106,0.00406645,0.00407649
0.111,0,0
0.1114,0.0045328,0.00454526
0.1118,0,0
0.1122,0.00424509,0.00425603
0.1126,0,0
0.113,0.00461905,0.004632
0.1134,0,0
0.1138,0.00864972,0.00613321
0.1142,0.00973537,0.0069043
0.1146,0.00466439,0.00467761
0.115,0.00459107,0.00460388
0.1154,0.00459078,0.00460358
0.1158,0,0
0.1162,0,0
0.1166,0.00434723,0.00435871
0.117,0,0
0.1174,0.00507063,0.00508625
0.1178,0,0
0.1182,0,0
0.1186,0.00497865,0.00499371
0.119,0.00497824,0.0049933
0.1194,0.00507953,0.00509522
0.1198,0,0
