# X , Y , E Distribution=true
1
-0.1198,0,0
-0.1194,0,0
-0.119,0,0
-0.1186,0,0
-0.1182,0,0
-0.1178,0,0
-0.1174,0,0
-0.117,0,0
-0.1166,0,0
-0.1162,0,0
-0.1158,0,0
-0.1154,0,0
-0.115,0,0
-0.1146,0,0
-0.1142,0,0
-0.1138,0,0
-0.1134,0,0
-0.113,0,0
-0.1126,0,0
-0.1122,0,0
-0.1118,0,0
-0.1114,0,0
-0.111,0,0
-0.1106,0,0
-0.1102,0,0
-0.1098,0,0
-0.1094,0,0
-0.109,0,0
-0.1086,0,0
-0.1082,0,0
-0.1078,0,0
-0.1074,0,0
-0.107,0,0
-0.1066,0,0
-0.1062,0,0
-0.1058,0,0
-0.1054,0,0
-0.105,0,0
-0.1046,0,0
-0.1042,0,0
-0.1038,0,0
-0.1034,0,0
-0.103,0,0
-0.1026,0,0
-0.1022,0,0
-0.1018,0,0
-0.1014,0,0
-0.101,0,0
-0.1006,0,0
-0.1002,0,0
-0.0998,0,0
-0.0994,0,0
-0.099,0,0
-0.0986,0,0
-0.0982,0,0
-0.0978,0,0
-0.0974,0,0
-0.097,0,0
-0.0966,0,0
-0.0962,0,0
-0.0958,0,0
-0.0954,0,0
-0.095,0,0
-0.0946,0,0
-0.0942,0,0
-0.0938,0,0
-0.0934,0,0
-0.093,0,0
-0.0926,0,0
-0.0922,0,0
-0.0918,0,0
-0.0914,0,0
-0.091,0,0
-0.0906,0,0
-0.0902,0,0
-0.0898,0,0
-0.0894,0,0
-0.089,0,0
-0.0886,0,0
-0.0882,0,0
-0.0878,0,0
-0.0874,0,0
-0.087,0,0
-0.0866,0,0
-0.0862,0,0
-0.0858,0,0
-0.0854,0,0
-0.085,0,0
-0.0846,0,0
-0.0842,0,0
-0.0838,0,0
-0.0834,0,0
-0.083,0,0
-0.0826,0,0
-0.0822,0,0
-0.0818,0,0
-0.0814,0,0
-0.081,0.0042931,0.00736255
-0.0806,0,0
-0.0802,0,0
-0.0798,0,0
-0.0794,0,0
-0.079,0,0
-0.0786,0,0
-0.0782,0,0
-0.0778,0,0
-0.0774,0,0
-0.077,0,0
-0.0766,0,0
-0.0762,0,0
-0.0758,0,0
-0.0754,0,0
-0.075,0,0
-0.0746,0,0
-0.0742,0,0
-0.0738,0,0
-0.0734,0.0128002,0.0128242
-0.073,0,0
-0.0726,0,0
-0.0722,0,0
-0.0718,0,0
-0.0714,0.0125231,0.0125461
-0.071,0,0
-0.0706,0,0
-0.0702,0,0
-0.0698,0.0132501,0.0132759
-0.0694,0,0
-0.069,0,0
-0.0686,0,0
-0.0682,0,0
-0.0678,0,0
-0.0674,0,0
-0.067,0,0
-0.0666,0,0
-0.0662,0,0
-0.0658,0.0126568,0.0126802
-0.0654,0,0
-0.065,0,0
-0.0646,0,0
-0.0642,0,0
-0.0638,0,0
-0.0634,0,0
-0.063,0,0
-0.0626,0,0
-0.0622,0,0
-0.0618,0.012362,0.0123843
-0.0614,0,0
-0.061,0.0122254,0.0122473
-0.0606,0,0
-0.0602,0,0
-0.0598,0,0
-0.0594,0.00655673,0.00962354
-0.059,0,0
-0.0586,0,0
-0.0582,0,0
-0.0578,0,0
-0.0574,0,0
-0.057,0,0
-0.0566,0,0
-0.0562,0,0
-0.0558,0,0
-0.0554,0,0
-0.055,0,0
-0.0546,0,0
-0.0542,0,0
-0.0538,0,0
-0.0534,0,0
-0.053,0,0
-0.0526,0,0
-0.0522,0.00852497,0.0104602
-0.0518,0,0
-0.0514,0,0
-0.051,0,0
-0.0506,0.0128258,0.0128498
-0.0502,0,0
-0.0498,0,0
-0.0494,0,0
-0.049,0,0
-0.0486,0,0
-0.0482,0,0
-0.0478,0,0
-0.0474,0,0
-0.047,0,0
-0.0466,0.00220813,0.00524009
-0.0462,0,0
-0.0458,0,0
-0.0454,0,0
-0.045,0,0
-0.0446,0,0
-0.0442,0,0
-0.0438,0,0
-0.0434,0,0
-0.043,0,0
-0.0426,0.0124153,0.0124376
-0.0422,0.012938,0.0129622
-0.0418,0,0
-0.0414,0,0
-0.041,0.0127662,0.0127898
-0.0406,0,0
-0.0402,0,0
-0.0398,0,0
-0.0394,0,0
-0.039,0,0
-0.0386,0.0136486,0.0136755
-0.0382,0,0
-0.0378,0,0
-0.0374,0,0
-0.037,0,0
-0.0366,0.0117598,0.0117798
-0.0362,0,0
-0.0358,0,0
-0.0354,0,0
-0.035,0,0
-0.0346,0,0
-0.0342,0,0
-0.0338,0,0
-0.0334,0,0
-0.033,0,0
-0.0326,0,0
-0.0322,0,0
-0.0318,0,0
-0.0314,0,0
-0.031,0,0
-0.0306,0,0
-0.0302,0,0
-0.0298,0,0
-0.0294,0,0
-0.029,0,0
-0.0286,0,0
-0.0282,0,0
-0.0278,0,0
-0.0274,0,0
-0.027,0.0139528,0.0139808
-0.0266,0,0
-0.0262,0,0
-0.0258,0.00466005,0.00776121
-0.0254,0,0
-0.025,0.0129165,0.0129405
-0.0246,0,0
-0.0242,0,0
-0.0238,0.0127558,0.0127792
-0.0234,0,0
-0.023,0,0
-0.0226,0.00294805,0.00621432
-0.0222,0,0
-0.0218,0,0
-0.0214,0,0
-0.021,0,0
-0.0206,0,0
-0.0202,0,0
-0.0198,0,0
-0.0194,0,0
-0.019,0,0
-0.0186,0,0
-0.0182,0.0143511,0.0136173
-0.0178,0,0
-0.0174,0,0
-0.017,0,0
-0.0166,0,0
-0.0162,0.0120451,0.0120659
-0.0158,0,0
-0.0154,0,0
-0.015,0,0
-0.0146,0.0122787,0.0123002
-0.0142,0.00900779,0.0111738
-0.0138,0.012225,0.0122464
-0.0134,0.00471931,0.00723016
-0.013,0,0
-0.0126,0,0
-0.0122,0,0
-0.0118,0,0
-0.0114,0.00180145,0.00501108
-0.011,0.00141891,0.0043309
-0.0106,0,0
-0.0102,0,0
-0.0098,0,0
-0.0094,0,0
-0.009,0.00946162,0.0112232
-0.0086,0,0
-0.0082,0,0
-0.0078,0,0
-0.0074,0,0
-0.007,0,0
-0.0066,0,0
-0.0062,0,0
-0.0058,0.00558773,0.00846359
-0.0054,0,0
-0.005,0,0
-0.0046,0.0394354,0.0228254
-0.0042,0.0369864,0.0228546
-0.0038,0.0366277,0.0217528
-0.0034,0.047205,0.0243141
-0.003,0.136498,0.0435107
-0.0026,0.217688,0.0515591
-0.0022,0.313433,0.0630731
-0.0018,0.737598,0.0996575
-0.0014,1.23633,0.127057
-0.001,1.50836,0.136325
-0.0006,2.1639,0.166364
-0.0002,2.64901,0.186021
0.0002,2.12056,0.166868
0.0006,1.5524,0.140173
0.001,1.04709,0.116571
0.0014,0.54551,0.0829709
0.0018,0.211656,0.0531734
0.0022,0.0949606,0.0354714
0.0026,0.0249259,0.0176565
0.003,0.0246746,0.0177111
0.0034,0.012868,0.0128915
0.0038,0,0
0.0042,0.00975961,0.0116706
0.0046,0,0
0.005,0,0
0.0054,0,0
0.0058,0,0
0.0062,0,0
0.0066,0,0
0.007,0,0
0.0074,0,0
0.0078,0,0
0.0082,0.0126969,0.012795
0.0086,0,0
0.009,0,0
0.0094,0,0
0.0098,0,0
0.0102,0.00428348,0.00762206
0.0106,0,0
0.011,0.0123344,0.0123558
0.0114,0.0131306,0.0131549
0.0118,0,0
0.0122,0,0
0.0126,0,0
0.013,0,0
0.0134,0,0
0.0138,0,0
0.0142,0,0
0.0146,0,0
0.015,0,0
0.0154,0,0
0.0158,0,0
0.0162,0,0
0.0166,0,0
0.017,0,0
0.0174,0.013761,0.0140234
0.0178,0,0
0.0182,0,0
0.0186,0,0
0.019,0,0
0.0194,0.0136945,0.0137208
0.0198,0,0
0.0202,0,0
0.0206,0,0
0.021,0,0
0.0214,0,0
0.0218,0,0
0.0222,0,0
0.0226,0,0
0.023,0,0
0.0234,0,0
0.0238,0,0
0.0242,0,0
0.0246,0,0
0.025,0,0
0.0254,0,0
0.0258,0,0
0.0262,0,0
0.0266,0,0
0.027,0,0
0.0274,0,0
0.0278,0.0134232,0.0134484
0.0282,0,0
0.0286,0,0
0.029,0.00793648,0.0100638
0.0294,0,0
0.0298,0,0
0.0302,0,0
0.0306,0.0127037,0.0127262
0.031,0,0
0.0314,0,0
0.0318,0,0
0.0322,0,0
0.0326,0,0
0.033,0,0
0.0334,0,0
0.0338,0,0
0.0342,0,0
0.0346,0,0
0.035,0,0
0.0354,0,0
0.0358,0,0
0.0362,0,0
0.0366,0,0
0.037,0,0
0.0374,0,0
0.0378,0,0
0.0382,0.0122872,0.0123083
0.0386,0,0
0.039,0,0
0.0394,0.01103,0.0119834
0.0398,0,0
0.0402,0,0
0.0406,0,0
0.041,0,0
0.0414,0,0
0.0418,0,0
0.0422,0,0
0.0426,0,0
0.043,0,0
0.0434,0,0
0.0438,0,0
0.0442,0,0
0.0446,0,0
0.045,0,0
0.0454,0,0
0.0458,0,0
0.0462,0,0
0.0466,0,0
0.047,0,0
0.0474,0,0
0.0478,0,0
0.0482,0,0
0.0486,0,0
0.049,0,0
0.0494,0,0
0.0498,0,0
0.0502,0,0
0.0506,0,0
0.051,0,0
0.0514,0,0
0.0518,0,0
0.0522,0.0138272,0.0138536
0.0526,0.0268603,0.0190285
0.053,0,0
0.0534,0,0
0.0538,0,0
0.0542,0,0
0.0546,0,0
0.055,0.00213993,0.00514236
0.0554,0,0
0.0558,0,0
0.0562,0,0
0.0566,0,0
0.057,0,0
0.0574,0,0
0.0578,0,0
0.0582,0.00207692,0.00514789
0.0586,0,0
0.059,0,0
0.0594,0,0
0.0598,0,0
0.0602,0,0
0.0606,0,0
0.061,0,0
0.0614,0.00274222,0.00629733
0.0618,0,0
0.0622,0,0
0.0626,0,0
0.063,0,0
0.0634,0.0137936,0.0138197
0.0638,0,0
0.0642,0.0130134,0.0130367
0.0646,0,0
0.065,0.00211762,0.0053162
0.0654,0,0
0.0658,0,0
0.0662,0,0
0.0666,0,0
0.067,0.00251362,0.00600871
0.0674,0,0
0.0678,0,0
0.0682,0,0
0.0686,0,0
0.069,0,0
0.0694,0,0
0.0698,0,0
0.0702,0,0
0.0706,0,0
0.071,0,0
0.0714,0,0
0.0718,0,0
0.0722,0,0
0.0726,0.0136267,0.0136521
0.073,0,0
0.0734,0,0
0.0738,0,0
0.0742,0,0
0.0746,0,0
0.075,0,0
0.0754,0,0
0.0758,0,0
0.0762,0,0
0.0766,0,0
0.077,0,0
0.0774,0,0
0.0778,0,0
0.0782,0,0
0.0786,0,0
0.079,0.00735381,0.00959836
0.0794,0,0
0.0798,0,0
0.0802,0,0
0.0806,0,0
0.081,0,0
0.0814,0,0
0.0818,0,0
0.0822,0,0
0.0826,0,0
0.083,0,0
0.0834,0,0
0.0838,0,0
0.0842,0.0117403,0.011759
0.0846,0,0
0.085,0,0
0.0854,0,0
0.0858,0,0
0.0862,0,0
0.0866,0,0
0.087,0,0
0.0874,0,0
0.0878,0,0
0.0882,0,0
0.0886,0,0
0.089,0,0
0.0894,0,0
0.0898,0,0
0.0902,0,0
0.0906,0,0
0.091,0,0
0.0914,0,0
0.0918,0,0
0.0922,0,0
0.0926,0,0
0.093,0,0
0.0934,0,0
0.0938,0,0
0.0942,0,0
0.0946,0,0
0.095,0,0
0.0954,0,0
0.0958,0,0
0.0962,0,0
0.0966,0,0
0.097,0,0
0.0974,0,0
0.0978,0,0
0.0982,0,0
0.0986,0,0
0.099,0,0
0.0994,0,0
0.0998,0,0
0.1002,0,0
0.1006,0,0
0.101,0,0
0.1014,0,0
0.1018,0,0
0.1022,0,0
0.1026,0.0141871,0.0142142
0.103,0,0
0.1034,0,0
0.1038,0.0166337,0.0166709
0.1042,0,0
0.1046,0,0
0.105,0,0
0.1054,0,0
0.1058,0,0
0.1062,0,0
0.1066,0,0
0.107,0,0
0.1074,0,0
0.1078,0,0
0.1082,0,0
0.1086,0,0
0.109,0,0
0.1094,0.0172973,0.0173373
0.1098,0,0
0.1102,0,0
0.1106,0,0
0.111,0,0
0.1114,0,0
0.1118,0,0
0.1122,0,0
0.1126,0,0
0.113,0,0
0.1134,0,0
0.1138,0,0
0.1142,0,0
0.1146,0,0
0.115,0,0
0.1154,0,0
0.1158,0,0
0.1162,0,0
0.1166,0,0
0.117,0,0
0.1174,0,0
0.1178,0,0
0.1182,0,0
0.1186,0,0
0.119,0,0
0.1194,0,0
0.1198,0,0
2
-0.1198,0,0
-0.1194,0,0
-0.119,0,0
-0.1186,0,0
-0.1182,0,0
-0.1178,0,0
-0.1174,0,0
-0.117,0,0
-0.1166,0,0
-0.1162,0,0
-0.1158,0,0
-0.1154,0,0
-0.115,0,0
-0.1146,0,0
-0.1142,0,0
-0.1138,0,0
-0.1134,0,0
-0.113,0,0
-0.1126,0,0
-0.1122,0,0
-0.1118,0,0
-0.1114,0,0
-0.111,0,0
-0.1106,0,0
-0.1102,0,0
-0.1098,0,0
-0.1094,0,0
-0.109,0,0
-0.1086,0,0
-0.1082,0,0
-0.1078,0,0
-0.1074,0,0
-0.107,0,0
-0.1066,0,0
-0.1062,0,0
-0.1058,0,0
-0.1054,0,0
-0.105,0,0
-0.1046,0,0
-0.1042,0,0
-0.1038,0,0
-0.1034,0,0
-0.103,0,0
-0.1026,0,0
-0.1022,0,0
-0.1018,0.00639737,0.00641042
-0.1014,0,0
-0.101,0,0
-0.1006,0,0
-0.1002,0,0
-0.0998,0,0
-0.0994,0,0
-0.099,0,0
-0.0986,0,0
-0.0982,0,0
-0.0978,0.00220192,0.00356315
-0.0974,0,0
-0.097,0,0
-0.0966,0,0
-0.0962,0,0
-0.0958,0,0
-0.0954,0,0
-0.095,0,0
-0.0946,0,0
-0.0942,0,0
-0.0938,0,0
-0.0934,0,0
-0.093,0,0
-0.0926,0.00575207,0.0057626
-0.0922,0.00619246,0.00620466
-0.0918,0.00615875,0.00617083
-0.0914,0,0
-0.091,0,0
-0.0906,0,0
-0.0902,0,0
-0.0898,0,0
-0.0894,0,0
-0.089,0,0
-0.0886,0,0
-0.0882,0,0
-0.0878,0.00620358,0.00621582
-0.0874,0,0
-0.087,0,0
-0.0866,0,0
-0.0862,0,0
-0.0858,0,0
-0.0854,0,0
-0.085,0,0
-0.0846,0.0059932,0.00600461
-0.0842,0,0
-0.0838,0,0
-0.0834,0,0
-0.083,0,0
-0.0826,0,0
-0.0822,0,0
-0.0818,0,0
-0.0814,0,0
-0.081,0.00384337,0.00474417
-0.0806,0,0
-0.0802,0,0
-0.0798,0,0
-0.0794,0,0
-0.079,0,0
-0.0786,0,0
-0.0782,0,0
-0.0778,0,0
-0.0774,0,0
-0.077,0,0
-0.0766,0,0
-0.0762,0.0059844,0.00599576
-0.0758,0,0
-0.0754,0,0
-0.075,0.00601728,0.00602876
-0.0746,0,0
-0.0742,0,0
-0.0738,0,0
-0.0734,0,0
-0.073,0,0
-0.0726,0,0
-0.0722,0,0
-0.0718,0,0
-0.0714,0,0
-0.071,0,0
-0.0706,0,0
-0.0702,0,0
-0.0698,0,0
-0.0694,0,0
-0.069,0,0
-0.0686,0,0
-0.0682,0,0
-0.0678,0,0
-0.0674,0,0
-0.067,0,0
-0.0666,0.00597404,0.00598533
-0.0662,0,0
-0.0658,0,0
-0.0654,0,0
-0.065,0,0
-0.0646,0,0
-0.0642,0,0
-0.0638,0,0
-0.0634,0,0
-0.063,0,0
-0.0626,0,0
-0.0622,0,0
-0.0618,0,0
-0.0614,0,0
-0.061,0,0
-0.0606,0,0
-0.0602,0,0
-0.0598,0,0
-0.0594,0.00346568,0.0047528
-0.059,0,0
-0.0586,0,0
-0.0582,0,0
-0.0578,0,0
-0.0574,0,0
-0.057,0,0
-0.0566,0,0
-0.0562,0,0
-0.0558,0,0
-0.0554,0,0
-0.055,0,0
-0.0546,0,0
-0.0542,0,0
-0.0538,0,0
-0.0534,0,0
-0.053,0,0
-0.0526,0,0
-0.0522,0.00196338,0.00340708
-0.0518,0,0
-0.0514,0.00568557,0.00569576
-0.051,0,0
-0.0506,0,0
-0.0502,0,0
-0.0498,0,0
-0.0494,0.00593424,0.00594534
-0.049,0,0
-0.0486,0,0
-0.0482,0,0
-0.0478,0,0
-0.0474,0,0
-0.047,0.00613889,0.00615077
-0.0466,0.00468464,0.00517696
-0.0462,0,0
-0.0458,0,0
-0.0454,0,0
-0.045,0,0
-0.0446,0,0
-0.0442,0,0
-0.0438,0,0
-0.0434,0,0
-0.043,0,0
-0.0426,0,0
-0.0422,0,0
-0.0418,0,0
-0.0414,0,0
-0.041,0,0
-0.0406,0,0
-0.0402,0,0
-0.0398,0.00590294,0.0059139
-0.0394,0,0
-0.039,0.00634831,0.00636099
-0.0386,0,0
-0.0382,0,0
-0.0378,0,0
-0.0374,0,0
-0.037,0,0
-0.0366,0,0
-0.0362,0,0
-0.0358,0,0
-0.0354,0,0
-0.035,0,0
-0.0346,0,0
-0.0342,0,0
-0.0338,0,0
-0.0334,0.00452835,0.00493357
-0.033,0,0
-0.0326,0,0
-0.0322,0,0
-0.0318,0,0
-0.0314,0,0
-0.031,0,0
-0.0306,0,0
-0.0302,0,0
-0.0298,0,0
-0.0294,0.00592444,0.00593545
-0.029,0,0
-0.0286,0,0
-0.0282,0,0
-0.0278,0,0
-0.0274,0,0
-0.027,0,0
-0.0266,0,0
-0.0262,0,0
-0.0258,0.00376333,0.00471967
-0.0254,0,0
-0.025,0,0
-0.0246,0,0
-0.0242,0,0
-0.0238,0.00583788,0.00584857
-0.0234,0,0
-0.023,0,0
-0.0226,0.00462222,0.00526335
-0.0222,0.0057348,0.00574511
-0.0218,0,0
-0.0214,0,0
-0.021,0,0
-0.0206,0,0
-0.0202,0,0
-0.0198,0,0
-0.0194,0,0
-0.019,0.00298949,0.00412219
-0.0186,0,0
-0.0182,0.0112249,0.00819194
-0.0178,0,0
-0.0174,0,0
-0.017,0,0
-0.0166,0,0
-0.0162,0.00550141,0.00551089
-0.0158,0.00589912,0.00591
-0.0154,0,0
-0.015,0,0
-0.0146,0,0
-0.0142,0.00219049,0.00372291
-0.0138,0,0
-0.0134,0.00792539,0.00632988
-0.013,0,0
-0.0126,0,0
-0.0122,0,0
-0.0118,0,0
-0.0114,0.0178857,0.0105804
-0.011,0.00535967,0.00568469
-0.0106,0,0
-0.0102,0,0
-0.0098,0.00570545,0.00571562
-0.0094,0,0
-0.009,0,0
-0.0086,0,0
-0.0082,0.00590812,0.00591902
-0.0078,0,0
-0.0074,0,0
-0.007,0,0
-0.0066,0,0
-0.0062,0.011216,0.00794481
-0.0058,0.00327269,0.00437135
-0.0054,0.0124037,0.00852258
-0.005,0.0056834,0.00569348
-0.0046,0.011819,0.00837889
-0.0042,0.0169951,0.0105183
-0.0038,0.0196089,0.010895
-0.0034,0.0421566,0.0159639
-0.003,0.0564656,0.0189304
-0.0026,0.0763378,0.0206077
-0.0022,0.151043,0.0295714
-0.0018,0.336664,0.0454405
-0.0014,0.529096,0.0559788
-0.001,0.96572,0.0735265
-0.0006,1.29594,0.0868229
-0.0002,1.35517,0.089785
0.0002,1.24913,0.0864736
0.0006,1.08855,0.07907
0.001,0.738965,0.0660029
0.0014,0.360254,0.0454322
0.0018,0.256121,0.0394395
0.0022,0.040487,0.0155515
0.0026,0.0171037,0.00989255
0.003,0.02408,0.01181
0.0034,0.00584536,0.00585601
0.0038,0.00631296,0.00632537
0.0042,0.00631344,0.00632586
0.0046,0.0116854,0.00827995
0.005,0,0
0.0054,0,0
0.0058,0,0
0.0062,0.00640089,0.00641365
0.0066,0.00571824,0.00572842
0.007,0,0
0.0074,0,0
0.0078,0,0
0.0082,6.81503e-05,0.000631315
0.0086,0,0
0.009,0.00566154,0.00567151
0.0094,0,0
0.0098,0.00517204,0.00518037
0.0102,0.00418266,0.00507081
0.0106,0.00612484,0.00613651
0.011,0,0
0.0114,0,0
0.0118,0.00592838,0.00593931
0.0122,0,0
0.0126,0,0
0.013,0,0
0.0134,0,0
0.0138,0,0
0.0142,0,0
0.0146,0,0
0.015,0,0
0.0154,0,0
0.0158,0,0
0.0162,0,0
0.0166,0,0
0.017,0,0
0.0174,0.000213781,0.00117537
0.0178,0,0
0.0182,0,0
0.0186,0,0
0.019,0,0
0.0194,0,0
0.0198,0,0
0.0202,0,0
0.0206,0,0
0.021,0,0
0.0214,0,0
0.0218,0,0
0.0222,0,0
0.0226,0,0
0.023,0.00582738,0.00583791
0.0234,0,0
0.0238,0,0
0.0242,0,0
0.0246,0,0
0.025,0,0
0.0254,0,0
0.0258,0,0
0.0262,0,0
0.0266,0,0
0.027,0.00566109,0.00567103
0.0274,0,0
0.0278,0,0
0.0282,0,0
0.0286,0,0
0.029,0,0
0.0294,0,0
0.0298,0.00607725,0.0060887
0.0302,0,0
0.0306,0,0
0.031,0.00607295,0.00608437
0.0314,0,0
0.0318,0,0
0.0322,0,0
0.0326,0,0
0.033,0,0
0.0334,0,0
0.0338,0,0
0.0342,0,0
0.0346,0,0
0.035,0,0
0.0354,0,0
0.0358,0,0
0.0362,0,0
0.0366,0,0
0.037,0,0
0.0374,0,0
0.0378,0,0
0.0382,0,0
0.0386,0,0
0.039,0,0
0.0394,0.00635171,0.00593514
0.0398,0,0
0.0402,0,0
0.0406,0.00557526,0.00558487
0.041,0,0
0.0414,0,0
0.0418,0,0
0.0422,0,0
0.0426,0,0
0.043,0,0
0.0434,0,0
0.0438,0,0
0.0442,0,0
0.0446,0,0
0.045,0,0
0.0454,0,0
0.0458,0,0
0.0462,0,0
0.0466,0,0
0.047,0,0
0.0474,0.00612061,0.00613217
0.0478,0,0
0.0482,0,0
0.0486,0,0
0.049,0,0
0.0494,0.00558044,0.00559005
0.0498,0,0
0.0502,0,0
0.0506,0,0
0.051,0,0
0.0514,0,0
0.0518,0,0
0.0522,0,0
0.0526,0,0
0.053,0.0055001,0.00550942
0.0534,0,0
0.0538,0,0
0.0542,0.00731259,0.00671256
0.0546,0,0
0.055,0.00455139,0.00501564
0.0554,0,0
0.0558,0,0
0.0562,0,0
0.0566,0,0
0.057,0,0
0.0574,0,0
0.0578,0,0
0.0582,0.00475393,0.0052064
0.0586,0,0
0.059,0,0
0.0594,0,0
0.0598,0.00634479,0.00635718
0.0602,0,0
0.0606,0,0
0.061,0.00567235,0.00568225
0.0614,0.00520676,0.00579807
0.0618,0,0
0.0622,0,0
0.0626,0,0
0.063,0,0
0.0634,0,0
0.0638,0,0
0.0642,0,0
0.0646,0.00591137,0.00592211
0.065,0.00498617,0.00544783
0.0654,0.0061725,0.0061842
0.0658,0,0
0.0662,0.00445667,0.004932
0.0666,0,0
0.067,0.00525682,0.00580131
0.0674,0,0
0.0678,0.00599235,0.00600338
0.0682,0,0
0.0686,0.00589182,0.00590248
0.069,0,0
0.0694,0,0
0.0698,0,0
0.0702,0,0
0.0706,0,0
0.071,0,0
0.0714,0,0
0.0718,0,0
0.0722,0,0
0.0726,0.00604069,0.00605188
0.073,0.0056612,0.00567103
0.0734,0.0025983,0.00374194
0.0738,0,0
0.0742,0.00608219,0.00609353
0.0746,0,0
0.075,0,0
0.0754,0,0
0.0758,0,0
0.0762,0,0
0.0766,0,0
0.077,0,0
0.0774,0,0
0.0778,0,0
0.0782,0,0
0.0786,0,0
0.079,0.00227939,0.00356146
0.0794,0,0
0.0798,0,0
0.0802,0,0
0.0806,0,0
0.081,0.00565025,0.00566003
0.0814,0,0
0.0818,0,0
0.0822,0,0
0.0826,0,0
0.083,0,0
0.0834,0,0
0.0838,0,0
0.0842,0,0
0.0846,0,0
0.085,0.00609848,0.00610985
0.0854,0,0
0.0858,0,0
0.0862,0,0
0.0866,0,0
0.087,0,0
0.0874,0,0
0.0878,0,0
0.0882,0,0
0.0886,0,0
0.089,0,0
0.0894,0,0
0.0898,0,0
0.0902,0,0
0.0906,0,0
0.091,0.00570503,0.00571497
0.0914,0,0
0.0918,0.0058379,0.00584831
0.0922,0,0
0.0926,0,0
0.093,0,0
0.0934,0.011595,0.00821342
0.0938,0,0
0.0942,0,0
0.0946,0,0
0.095,0,0
0.0954,0,0
0.0958,0.00619138,0.00620308
0.0962,0,0
0.0966,0,0
0.097,0,0
0.0974,0,0
0.0978,0,0
0.0982,0,0
0.0986,0,0
0.099,0,0
0.0994,0,0
0.0998,0,0
0.1002,0,0
0.1006,0,0
0.101,0,0
0.1014,0,0
0.1018,0,0
0.1022,0,0
0.1026,0,0
0.103,0,0
0.1034,0,0
0.1038,0,0
0.1042,0,0
0.1046,0,0
0.105,0,0
0.1054,0,0
0.1058,0,0
0.1062,0,0
0.1066,0,0
0.107,0,0
0.1074,0,0
0.1078,0,0
0.1082,0,0
0.1086,0,0
0.109,0.0070953,0.00711059
0.1094,0.00742116,0.00743789
0.1098,0,0
0.1102,0,0
0.1106,0,0
0.111,0.00518999,0.00641729
0.1114,0,0
0.1118,0,0
0.1122,0,0
0.1126,0,0
0.113,0,0
0.1134,0,0
0.1138,0,0
0.1142,0,0
0.1146,0.00924464,0.00927055
0.115,0,0
0.1154,0,0
0.1158,0,0
0.1162,0,0
0.1166,0,0
0.117,0,0
0.1174,0,0
0.1178,0,0
0.1182,0,0
0.1186,0,0
0.119,0.0111322,0.0111697
0.1194,0,0
0.1198,0,0
3
-0.1198,0,0
-0.1194,0.00609528,0.0061067
-0.119,0,0
-0.1186,0,0
-0.1182,0,0
-0.1178,0,0
-0.1174,0,0
-0.117,0,0
-0.1166,0,0
-0.1162,0,0
-0.1158,0,0
-0.1154,0,0
-0.115,0,0
-0.1146,0,0
-0.1142,0,0
-0.1138,0,0
-0.1134,0,0
-0.113,0,0
-0.1126,0,0
-0.1122,0,0
-0.1118,0,0
-0.1114,0,0
-0.111,0,0
-0.1106,0,0
-0.1102,0,0
-0.1098,0,0
-0.1094,0,0
-0.109,0,0
-0.1086,0,0
-0.1082,0,0
-0.1078,0,0
-0.1074,0,0
-0.107,0,0
-0.1066,0.00578565,0.00579589
-0.1062,0,0
-0.1058,0,0
-0.1054,0,0
-0.105,0,0
-0.1046,0,0
-0.1042,0,0
-0.1038,0,0
-0.1034,0,0
-0.103,0,0
-0.1026,0,0
-0.1022,0,0
-0.1018,0,0
-0.1014,0,0
-0.101,0.0062829,0.00629495
-0.1006,0,0
-0.1002,0,0
-0.0998,0.0064767,0.00648949
-0.0994,0,0
-0.099,0,0
-0.0986,0,0
-0.0982,0,0
-0.0978,0.0037041,0.00472536
-0.0974,0,0
-0.097,0,0
-0.0966,0,0
-0.0962,0,0
-0.0958,0,0
-0.0954,0,0
-0.095,0,0
-0.0946,0,0
-0.0942,0,0
-0.0938,0,0
-0.0934,0,0
-0.093,0,0
-0.0926,0,0
-0.0922,0,0
-0.0918,0,0
-0.0914,0,0
-0.091,0,0
-0.0906,0,0
-0.0902,0,0
-0.0898,0,0
-0.0894,0.0104367,0.00825703
-0.089,0,0
-0.0886,0,0
-0.0882,0,0
-0.0878,0,0
-0.0874,0,0
-0.087,0,0
-0.0866,0,0
-0.0862,0,0
-0.0858,0,0
-0.0854,0,0
-0.085,0,0
-0.0846,0,0
-0.0842,0,0
-0.0838,0.00640906,0.0064215
-0.0834,0,0
-0.083,0,0
-0.0826,0,0
-0.0822,0,0
-0.0818,0,0
-0.0814,0,0
-0.081,0,0
-0.0806,0,0
-0.0802,0.00628115,0.00629308
-0.0798,0,0
-0.0794,0.00582158,0.00583183
-0.079,0,0
-0.0786,0,0
-0.0782,0,0
-0.0778,0,0
-0.0774,0,0
-0.077,0.00617702,0.00618854
-0.0766,0,0
-0.0762,0.0057399,0.00574985
-0.0758,0,0
-0.0754,0,0
-0.075,0,0
-0.0746,0,0
-0.0742,0,0
-0.0738,0,0
-0.0734,0.0102329,0.00800028
-0.073,0,0
-0.0726,0,0
-0.0722,0,0
-0.0718,0,0
-0.0714,0,0
-0.071,0,0
-0.0706,0.00619241,0.00620395
-0.0702,0,0
-0.0698,0,0
-0.0694,0,0
-0.069,0,0
-0.0686,0,0
-0.0682,0,0
-0.0678,0,0
-0.0674,0,0
-0.067,0,0
-0.0666,0,0
-0.0662,0,0
-0.0658,0,0
-0.0654,0,0
-0.065,0,0
-0.0646,0,0
-0.0642,0,0
-0.0638,0,0
-0.0634,0,0
-0.063,0,0
-0.0626,0,0
-0.0622,0,0
-0.0618,0.0060198,0.00603066
-0.0614,0,0
-0.061,0,0
-0.0606,0,0
-0.0602,0,0
-0.0598,0.00650238,0.00651504
-0.0594,0,0
-0.059,0,0
-0.0586,0,0
-0.0582,0,0
-0.0578,0,0
-0.0574,0,0
-0.057,0,0
-0.0566,0,0
-0.0562,0,0
-0.0558,0.00595714,0.00596775
-0.0554,0,0
-0.055,0,0
-0.0546,0,0
-0.0542,0,0
-0.0538,0,0
-0.0534,0,0
-0.053,0.00649298,0.00650556
-0.0526,0.00612377,0.00613496
-0.0522,0,0
-0.0518,0,0
-0.0514,0,0
-0.051,0,0
-0.0506,0,0
-0.0502,0,0
-0.0498,0,0
-0.0494,0,0
-0.049,0,0
-0.0486,0,0
-0.0482,0,0
-0.0478,0,0
-0.0474,0,0
-0.047,0,0
-0.0466,0,0
-0.0462,0,0
-0.0458,0,0
-0.0454,0,0
-0.045,0,0
-0.0446,0,0
-0.0442,0,0
-0.0438,0,0
-0.0434,0,0
-0.043,0,0
-0.0426,0,0
-0.0422,0,0
-0.0418,0,0
-0.0414,0,0
-0.041,0.00621938,0.00623086
-0.0406,0,0
-0.0402,0,0
-0.0398,0,0
-0.0394,0,0
-0.039,0,0
-0.0386,0,0
-0.0382,0,0
-0.0378,0,0
-0.0374,0,0
-0.037,0,0
-0.0366,0,0
-0.0362,0.00572988,0.00573961
-0.0358,0,0
-0.0354,0.00611771,0.00612879
-0.035,0,0
-0.0346,0,0
-0.0342,0,0
-0.0338,0,0
-0.0334,0.00689291,0.00642705
-0.033,0.006014,0.0060247
-0.0326,0,0
-0.0322,0,0
-0.0318,0,0
-0.0314,0,0
-0.031,0.0035024,0.00490088
-0.0306,0,0
-0.0302,0.00619525,0.00620659
-0.0298,0,0
-0.0294,0,0
-0.029,0.00136973,0.00294259
-0.0286,0,0
-0.0282,0,0
-0.0278,0,0
-0.0274,0,0
-0.027,0.00674475,0.00675816
-0.0266,0,0
-0.0262,0,0
-0.0258,0,0
-0.0254,0,0
-0.025,0,0
-0.0246,0.00645266,0.00646492
-0.0242,0.00583704,0.00584707
-0.0238,0,0
-0.0234,0,0
-0.023,0,0
-0.0226,0,0
-0.0222,0,0
-0.0218,0.00649313,0.00650554
-0.0214,0,0
-0.021,0,0
-0.0206,0,0
-0.0202,0,0
-0.0198,0,0
-0.0194,0,0
-0.019,0.00888424,0.00733513
-0.0186,0,0
-0.0182,0,0
-0.0178,0,0
-0.0174,0,0
-0.017,0,0
-0.0166,0,0
-0.0162,0.00641317,0.00642524
-0.0158,0,0
-0.0154,0,0
-0.015,0.00265046,0.00402872
-0.0146,0.00597854,0.00598902
-0.0142,0,0
-0.0138,0.00465948,0.00527558
-0.0134,0,0
-0.013,0,0
-0.0126,0,0
-0.0122,0,0
-0.0118,0,0
-0.0114,0,0
-0.011,0,0
-0.0106,0.00674884,0.00676217
-0.0102,0.00637398,0.00638587
-0.0098,0.00609106,0.00610192
-0.0094,0,0
-0.009,0.00616458,0.0061757
-0.0086,0.00632816,0.00633988
-0.0082,0.00630894,0.00632059
-0.0078,0,0
-0.0074,0,0
-0.007,0,0
-0.0066,0,0
-0.0062,0,0
-0.0058,0,0
-0.0054,0.00529444,0.00567817
-0.005,0.0242889,0.0121661
-0.0046,0.0131142,0.00929089
-0.0042,0.042703,0.0171798
-0.0038,0.0178889,0.0105859
-0.0034,0.00592863,0.00593889
-0.003,0.0489082,0.0182931
-0.0026,0.0655916,0.0197492
-0.0022,0.172852,0.0330451
-0.0018,0.23632,0.0393559
-0.0014,0.525406,0.0577048
-0.001,0.714471,0.0654261
-0.0006,0.956008,0.0770053
-0.0002,1.13205,0.0849089
0.0002,1.10726,0.0842401
0.0006,0.843161,0.0718622
0.001,0.641046,0.0635566
0.0014,0.364534,0.0474244
0.0018,0.116922,0.0275734
0.0022,0.0499348,0.0177548
0.0026,0.0121219,0.00858662
0.003,0.0178256,0.0105269
0.0034,0,0
0.0038,0.00989215,0.00818378
0.0042,0,0
0.0046,0,0
0.005,0,0
0.0054,0,0
0.0058,0,0
0.0062,0,0
0.0066,0,0
0.007,0.00112031,0.00268492
0.0074,0,0
0.0078,0,0
0.0082,0,0
0.0086,0,0
0.009,0.0060677,0.00607839
0.0094,0,0
0.0098,0,0
0.0102,0,0
0.0106,0,0
0.011,0,0
0.0114,0,0
0.0118,0,0
0.0122,0,0
0.0126,0.00631652,0.00632809
0.013,0.00600941,0.00601988
0.0134,0.00634206,0.00635371
0.0138,0,0
0.0142,0,0
0.0146,0,0
0.015,0,0
0.0154,0.00660969,0.00662234
0.0158,0,0
0.0162,0,0
0.0166,0,0
0.017,0.00349228,0.00488598
0.0174,0,0
0.0178,0,0
0.0182,0,0
0.0186,0,0
0.019,0,0
0.0194,0,0
0.0198,0.0064888,0.00650097
0.0202,0,0
0.0206,0,0
0.021,0,0
0.0214,0,0
0.0218,0,0
0.0222,0,0
0.0226,0,0
0.023,0,0
0.0234,0,0
0.0238,0,0
0.0242,0,0
0.0246,0,0
0.025,0,0
0.0254,0,0
0.0258,0,0
0.0262,0,0
0.0266,0,0
0.027,0,0
0.0274,0,0
0.0278,0,0
0.0282,0,0
0.0286,0,0
0.029,0.00598656,0.00599689
0.0294,0.00616232,0.00617326
0.0298,0,0
0.0302,0,0
0.0306,0,0
0.031,0,0
0.0314,0,0
0.0318,0,0
0.0322,0,0
0.0326,0,0
0.033,0,0
0.0334,0,0
0.0338,0,0
0.0342,0,0
0.0346,0,0
0.035,0,0
0.0354,0.00648038,0.00649245
0.0358,0,0
0.0362,0,0
0.0366,0,0
0.037,0,0
0.0374,0,0
0.0378,0,0
0.0382,0,0
0.0386,0,0
0.039,0,0
0.0394,0.00590332,0.00591332
0.0398,0,0
0.0402,0,0
0.0406,0,0
0.041,0,0
0.0414,0,0
0.0418,0,0
0.0422,0,0
0.0426,0,0
0.043,0.00609876,0.00610942
0.0434,0,0
0.0438,0,0
0.0442,0,0
0.0446,0,0
0.045,0.00710977,0.00712425
0.0454,0.00711096,0.00712544
0.0458,0.00637077,0.00638239
0.0462,0,0
0.0466,0,0
0.047,0,0
0.0474,0,0
0.0478,0,0
0.0482,0,0
0.0486,0,0
0.049,0,0
0.0494,0.00651457,0.0065267
0.0498,0.00639585,0.00640755
0.0502,0,0
0.0506,0,0
0.051,0,0
0.0514,0,0
0.0518,0,0
0.0522,0,0
0.0526,0,0
0.053,0,0
0.0534,0,0
0.0538,0,0
0.0542,0.00535771,0.00596892
0.0546,0,0
0.055,0,0
0.0554,0,0
0.0558,0,0
0.0562,0,0
0.0566,0,0
0.057,0,0
0.0574,0,0
0.0578,0,0
0.0582,0,0
0.0586,0,0
0.059,0,0
0.0594,0,0
0.0598,0,0
0.0602,0,0
0.0606,0,0
0.061,0,0
0.0614,0.00665596,0.00666858
0.0618,0,0
0.0622,0,0
0.0626,0,0
0.063,0,0
0.0634,0,0
0.0638,0,0
0.0642,0,0
0.0646,0,0
0.065,0,0
0.0654,0.00179218,0.00346332
0.0658,0,0
0.0662,0.00106202,0.00250229
0.0666,0,0
0.067,0,0
0.0674,0,0
0.0678,0,0
0.0682,0,0
0.0686,0,0
0.069,0,0
0.0694,0,0
0.0698,0,0
0.0702,0,0
0.0706,0,0
0.071,0,0
0.0714,0,0
0.0718,0,0
0.0722,0,0
0.0726,0,0
0.073,0,0
0.0734,0.00880096,0.00715912
0.0738,0,0
0.0742,0,0
0.0746,0,0
0.075,0,0
0.0754,0,0
0.0758,0,0
0.0762,0,0
0.0766,0,0
0.077,0,0
0.0774,0,0
0.0778,0,0
0.0782,0,0
0.0786,0,0
0.079,0.00599527,0.00600546
0.0794,0,0
0.0798,0,0
0.0802,0,0
0.0806,0,0
0.081,0,0
0.0814,0,0
0.0818,0,0
0.0822,0,0
0.0826,0,0
0.083,0,0
0.0834,0,0
0.0838,0,0
0.0842,0,0
0.0846,0,0
0.085,0,0
0.0854,0,0
0.0858,0,0
0.0862,0,0
0.0866,0,0
0.087,0.00665622,0.00666875
0.0874,0,0
0.0878,0,0
0.0882,0,0
0.0886,0,0
0.089,0,0
0.0894,0,0
0.0898,0,0
0.0902,0,0
0.0906,0,0
0.091,0,0
0.0914,0,0
0.0918,0,0
0.0922,0,0
0.0926,0,0
0.093,0,0
0.0934,0,0
0.0938,0,0
0.0942,0,0
0.0946,0,0
0.095,0,0
0.0954,0,0
0.0958,0,0
0.0962,0,0
0.0966,0,0
0.097,0,0
0.0974,0,0
0.0978,0,0
0.0982,0,0
0.0986,0,0
0.099,0,0
0.0994,0,0
0.0998,0.00707327,0.00708736
0.1002,0,0
0.1006,0,0
0.101,0,0
0.1014,0,0
0.1018,0,0
0.1022,0,0
0.1026,0,0
0.103,0,0
0.1034,0.00499763,0.00585614
0.1038,0,0
0.1042,0,0
0.1046,0,0
0.105,0,0
0.1054,0,0
0.1058,0,0
0.1062,0.00728208,0.007297
0.1066,0,0
0.107,0,0
0.1074,0,0
0.1078,0,0
0.1082,0,0
0.1086,0,0
0.109,0,0
0.1094,0,0
0.1098,0.00802155,0.00803964
0.1102,0,0
0.1106,0.00904797,0.00907097
0.111,0.00292544,0.00500866
0.1114,0,0
0.1118,0,0
0.1122,0,0
0.1126,0,0
0.113,0,0
0.1134,0,0
0.1138,0,0
0.1142,0,0
0.1146,0,0
0.115,0,0
0.1154,0,0
0.1158,0,0
0.1162,0,0
0.1166,0.0100742,0.0101027
0.117,0,0
0.1174,0,0
0.1178,0,0
0.1182,0,0
0.1186,0,0
0.119,0,0
0.1194,0,0
0.1198,0,0
4
-0.1198,0,0
-0.1194,0,0
-0.119,0,0
-0.1186,0,0
-0.1182,0,0
-0.1178,0,0
-0.1174,0,0
-0.117,0,0
-0.1166,0,0
-0.1162,0,0
-0.1158,0,0
-0.1154,0.00600333,0.00601435
-0.115,0,0
-0.1146,0,0
-0.1142,0,0
-0.1138,0,0
-0.1134,0,0
-0.113,0,0
-0.1126,0,0
-0.1122,0,0
-0.1118,0,0
-0.1114,0.0122043,0.00864911
-0.111,0,0
-0.1106,0,0
-0.1102,0,0
-0.1098,0,0
-0.1094,0,0
-0.109,0,0
-0.1086,0,0
-0.1082,0,0
-0.1078,0,0
-0.1074,0,0
-0.107,0,0
-0.1066,0,0
-0.1062,0,0
-0.1058,0,0
-0.1054,0,0
-0.105,0,0
-0.1046,0,0
-0.1042,0,0
-0.1038,0.00421519,0.00531196
-0.1034,0,0
-0.103,0,0
-0.1026,0,0
-0.1022,0,0
-0.1018,0,0
-0.1014,0,0
-0.101,0,0
-0.1006,0,0
-0.1002,0,0
-0.0998,0,0
-0.0994,0,0
-0.099,0,0
-0.0986,0,0
-0.0982,0,0
-0.0978,0.0064018,0.00641422
-0.0974,0,0
-0.097,0,0
-0.0966,0,0
-0.0962,0,0
-0.0958,0,0
-0.0954,0,0
-0.095,0,0
-0.0946,0,0
-0.0942,0,0
-0.0938,0,0
-0.0934,0,0
-0.093,0,0
-0.0926,0,0
-0.0922,0,0
-0.0918,0,0
-0.0914,0,0
-0.091,0,0
-0.0906,0,0
-0.0902,0,0
-0.0898,0,0
-0.0894,0.00259261,0.00412784
-0.089,0,0
-0.0886,0,0
-0.0882,0,0
-0.0878,0,0
-0.0874,0.00611206,0.00612333
-0.087,0,0
-0.0866,0,0
-0.0862,0,0
-0.0858,0,0
-0.0854,0,0
-0.085,0,0
-0.0846,0.00682465,0.00683868
-0.0842,0,0
-0.0838,0,0
-0.0834,0,0
-0.083,0,0
-0.0826,0,0
-0.0822,0,0
-0.0818,0,0
-0.0814,0,0
-0.081,0,0
-0.0806,0,0
-0.0802,0,0
-0.0798,0,0
-0.0794,0,0
-0.079,0,0
-0.0786,0,0
-0.0782,0,0
-0.0778,0,0
-0.0774,0,0
-0.077,0.00620757,0.00621915
-0.0766,0,0
-0.0762,0,0
-0.0758,0,0
-0.0754,0,0
-0.075,0,0
-0.0746,0.00646475,0.0064773
-0.0742,0,0
-0.0738,0,0
-0.0734,0.00223962,0.00375096
-0.073,0,0
-0.0726,0,0
-0.0722,0,0
-0.0718,0,0
-0.0714,0,0
-0.071,0,0
-0.0706,0,0
-0.0702,0,0
-0.0698,0,0
-0.0694,0,0
-0.069,0,0
-0.0686,0,0
-0.0682,0.0116891,0.0082809
-0.0678,0,0
-0.0674,0,0
-0.067,0,0
-0.0666,0,0
-0.0662,0,0
-0.0658,0,0
-0.0654,0,0
-0.065,0,0
-0.0646,0,0
-0.0642,0,0
-0.0638,0,0
-0.0634,0,0
-0.063,0,0
-0.0626,0,0
-0.0622,0,0
-0.0618,0,0
-0.0614,0,0
-0.061,0,0
-0.0606,0,0
-0.0602,0,0
-0.0598,0,0
-0.0594,0,0
-0.059,0,0
-0.0586,0,0
-0.0582,0,0
-0.0578,0,0
-0.0574,0,0
-0.057,0.00613248,0.00614371
-0.0566,0,0
-0.0562,0,0
-0.0558,0,0
-0.0554,0,0
-0.055,0,0
-0.0546,0,0
-0.0542,0,0
-0.0538,0,0
-0.0534,0.00618155,0.00619295
-0.053,0,0
-0.0526,0,0
-0.0522,0,0
-0.0518,0,0
-0.0514,0,0
-0.051,0,0
-0.0506,0,0
-0.0502,0,0
-0.0498,0,0
-0.0494,0,0
-0.049,0,0
-0.0486,0,0
-0.0482,0,0
-0.0478,0,0
-0.0474,0,0
-0.047,0,0
-0.0466,0,0
-0.0462,0,0
-0.0458,0,0
-0.0454,0,0
-0.045,0,0
-0.0446,0,0
-0.0442,0,0
-0.0438,0,0
-0.0434,0,0
-0.043,0,0
-0.0426,0,0
-0.0422,0,0
-0.0418,0,0
-0.0414,0,0
-0.041,0.00620601,0.00621747
-0.0406,0,0
-0.0402,0,0
-0.0398,0,0
-0.0394,0,0
-0.039,0,0
-0.0386,0,0
-0.0382,0,0
-0.0378,0,0
-0.0374,0,0
-0.037,0,0
-0.0366,0,0
-0.0362,0,0
-0.0358,0,0
-0.0354,0,0
-0.035,0,0
-0.0346,0.00484911,0.00524051
-0.0342,0,0
-0.0338,0,0
-0.0334,0,0
-0.033,0,0
-0.0326,0,0
-0.0322,0,0
-0.0318,0,0
-0.0314,0,0
-0.031,0.00331226,0.00475487
-0.0306,0,0
-0.0302,0,0
-0.0298,0,0
-0.0294,0,0
-0.029,0.00490251,0.00555235
-0.0286,0,0
-0.0282,0,0
-0.0278,0,0
-0.0274,0,0
-0.027,0,0
-0.0266,0,0
-0.0262,0,0
-0.0258,0,0
-0.0254,0,0
-0.025,0,0
-0.0246,0,0
-0.0242,0.00579705,0.00580702
-0.0238,0.00613735,0.00614852
-0.0234,0,0
-0.023,0,0
-0.0226,0,0
-0.0222,0,0
-0.0218,0,0
-0.0214,0,0
-0.021,0,0
-0.0206,0.00590267,0.005913
-0.0202,0,0
-0.0198,0,0
-0.0194,0,0
-0.019,0,0
-0.0186,0,0
-0.0182,0,0
-0.0178,0.00665905,0.0066722
-0.0174,0,0
-0.017,0,0
-0.0166,0,0
-0.0162,0,0
-0.0158,0,0
-0.0154,0,0
-0.015,0.00341548,0.00454949
-0.0146,0,0
-0.0142,0,0
-0.0138,0.00127879,0.00274865
-0.0134,0,0
-0.013,0,0
-0.0126,0,0
-0.0122,0,0
-0.0118,0,0
-0.0114,0,0
-0.011,0.00636889,0.00638091
-0.0106,0,0
-0.0102,0,0
-0.0098,0.00601383,0.00602455
-0.0094,0,0
-0.009,0,0
-0.0086,0,0
-0.0082,0,0
-0.0078,0.00598054,0.00599114
-0.0074,0,0
-0.007,0.0127331,0.00902066
-0.0066,0,0
-0.0062,0,0
-0.0058,0,0
-0.0054,0.00597733,0.00598793
-0.005,0,0
-0.0046,0,0
-0.0042,0.031002,0.0145762
-0.0038,0.0133023,0.0094247
-0.0034,0.0238368,0.0119475
-0.003,0.0260776,0.0130694
-0.0026,0.0818149,0.0217622
-0.0022,0.191053,0.0343121
-0.0018,0.257704,0.0407406
-0.0014,0.509113,0.0563203
-0.001,0.730137,0.065547
-0.0006,0.973431,0.0770666
-0.0002,0.967003,0.0776943
0.0002,0.906081,0.0755624
0.0006,0.725051,0.0662204
0.001,0.46506,0.0536875
0.0014,0.268077,0.0402518
0.0018,0.150459,0.0309651
0.0022,0.0556459,0.0185837
0.0026,0.047796,0.0169289
0.003,0.0179172,0.010451
0.0034,0.012208,0.00864815
0.0038,0.0100874,0.00816268
0.0042,0,0
0.0046,0,0
0.005,0,0
0.0054,0,0
0.0058,0.00682379,0.00683761
0.0062,0,0
0.0066,0,0
0.007,0.00517654,0.00570895
0.0074,0,0
0.0078,0.00610604,0.00611711
0.0082,0,0
0.0086,0,0
0.009,0,0
0.0094,0,0
0.0098,0.00541696,0.00542568
0.0102,0,0
0.0106,0,0
0.011,0,0
0.0114,0,0
0.0118,0.00620488,0.00621633
0.0122,0,0
0.0126,0,0
0.013,0,0
0.0134,0,0
0.0138,0.00587603,0.0058863
0.0142,0,0
0.0146,0,0
0.015,0,0
0.0154,0,0
0.0158,0,0
0.0162,0,0
0.0166,0,0
0.017,0.00322823,0.00463452
0.0174,0,0
0.0178,0,0
0.0182,0,0
0.0186,0,0
0.019,0,0
0.0194,0,0
0.0198,0,0
0.0202,0,0
0.0206,0,0
0.021,0,0
0.0214,0,0
0.0218,0.000893407,0.00233782
0.0222,0.0124054,0.00878815
0.0226,0,0
0.023,0,0
0.0234,0.00609248,0.00610353
0.0238,0,0
0.0242,0,0
0.0246,0,0
0.025,0,0
0.0254,0,0
0.0258,0,0
0.0262,0,0
0.0266,0,0
0.027,0,0
0.0274,0,0
0.0278,0,0
0.0282,0,0
0.0286,0,0
0.029,0,0
0.0294,0,0
0.0298,0,0
0.0302,0,0
0.0306,0.00595087,0.00596142
0.031,0,0
0.0314,0,0
0.0318,0,0
0.0322,0,0
0.0326,0.00626992,0.00628162
0.033,0,0
0.0334,0,0
0.0338,0,0
0.0342,0,0
0.0346,0,0
0.035,0,0
0.0354,0,0
0.0358,0,0
0.0362,0,0
0.0366,0,0
0.037,0,0
0.0374,0,0
0.0378,0,0
0.0382,0,0
0.0386,0,0
0.039,0,0
0.0394,0,0
0.0398,0,0
0.0402,0,0
0.0406,0,0
0.041,0,0
0.0414,0,0
0.0418,0,0
0.0422,0,0
0.0426,0,0
0.043,0,0
0.0434,0,0
0.0438,0.0119998,0.00850034
0.0442,0,0
0.0446,0,0
0.045,0,0
0.0454,0,0
0.0458,0,0
0.0462,0,0
0.0466,0,0
0.047,0,0
0.0474,0,0
0.0478,0,0
0.0482,0,0
0.0486,0,0
0.049,0,0
0.0494,0,0
0.0498,0,0
0.0502,0,0
0.0506,0,0
0.051,0,0
0.0514,0,0
0.0518,0,0
0.0522,0,0
0.0526,0,0
0.053,0,0
0.0534,0,0
0.0538,0,0
0.0542,0,0
0.0546,0,0
0.055,0,0
0.0554,0,0
0.0558,0,0
0.0562,0,0
0.0566,0,0
0.057,0,0
0.0574,0,0
0.0578,0,0
0.0582,0,0
0.0586,0,0
0.059,0,0
0.0594,0,0
0.0598,0,0
0.0602,0,0
0.0606,0,0
0.061,0,0
0.0614,0,0
0.0618,0.00589102,0.00590138
0.0622,0,0
0.0626,0.006482,0.00649454
0.063,0,0
0.0634,0,0
0.0638,0,0
0.0642,0,0
0.0646,0,0
0.065,0,0
0.0654,0.00464761,0.00544544
0.0658,0,0
0.0662,0,0
0.0666,0,0
0.067,0,0
0.0674,0,0
0.0678,0,0
0.0682,0,0
0.0686,0,0
0.069,0,0
0.0694,0,0
0.0698,0,0
0.0702,0,0
0.0706,0,0
0.071,0,0
0.0714,0,0
0.0718,0,0
0.0722,0,0
0.0726,0,0
0.073,0,0
0.0734,0,0
0.0738,0,0
0.0742,0,0
0.0746,0,0
0.075,0,0
0.0754,0,0
0.0758,0,0
0.0762,0.0058686,0.00587888
0.0766,0,0
0.077,0.00614593,0.0061572
0.0774,0,0
0.0778,0,0
0.0782,0,0
0.0786,0,0
0.079,0,0
0.0794,0,0
0.0798,0,0
0.0802,0,0
0.0806,0,0
0.081,0,0
0.0814,0,0
0.0818,0,0
0.0822,0,0
0.0826,0,0
0.083,0,0
0.0834,0,0
0.0838,0,0
0.0842,0,0
0.0846,0.0058713,0.00588159
0.085,0,0
0.0854,0,0
0.0858,0,0
0.0862,0,0
0.0866,0,0
0.087,0,0
0.0874,0.00621928,0.00623082
0.0878,0,0
0.0882,0,0
0.0886,0,0
0.089,0.00582312,0.00583324
0.0894,0.00624603,0.00625767
0.0898,0,0
0.0902,0,0
0.0906,0,0
0.091,0,0
0.0914,0,0
0.0918,0,0
0.0922,0,0
0.0926,0,0
0.093,0,0
0.0934,0,0
0.0938,0.00613624,0.00614748
0.0942,0,0
0.0946,0,0
0.095,0,0
0.0954,0,0
0.0958,0,0
0.0962,0,0
0.0966,0,0
0.097,0,0
0.0974,0,0
0.0978,0,0
0.0982,0,0
0.0986,0,0
0.099,0.00685957,0.0068736
0.0994,0,0
0.0998,0,0
0.1002,0,0
0.1006,0,0
0.101,0,0
0.1014,0,0
0.1018,0,0
0.1022,0,0
0.1026,0,0
0.103,0,0
0.1034,0.00173569,0.00335357
0.1038,0,0
0.1042,0,0
0.1046,0,0
0.105,0,0
0.1054,0,0
0.1058,0,0
0.1062,0,0
0.1066,0,0
0.107,0,0
0.1074,0,0
0.1078,0.0079617,0.00798058
0.1082,0,0
0.1086,0,0
0.109,0,0
0.1094,0,0
0.1098,0.00831158,0.00833215
0.1102,0,0
0.1106,0,0
0.111,0,0
0.1114,0,0
0.1118,0,0
0.1122,0,0
0.1126,0,0
0.113,0,0
0.1134,0,0
0.1138,0,0
0.1142,0,0
0.1146,0,0
0.115,0,0
0.1154,0,0
0.1158,0,0
0.1162,0,0
0.1166,0,0
0.117,0,0
0.1174,0.0100955,0.0101258
0.1178,0,0
0.1182,0,0
0.1186,0,0
0.119,0,0
0.1194,0,0
0.1198,0,0
5
-0.1198,0,0
-0.1194,0,0
-0.119,0,0
-0.1186,0,0
-0.1182,0,0
-0.1178,0,0
-0.1174,0,0
-0.117,0,0
-0.1166,0,0
-0.1162,0,0
-0.1158,0,0
-0.1154,0,0
-0.115,0,0
-0.1146,0.00631841,0.00633051
-0.1142,0,0
-0.1138,0,0
-0.1134,0,0
-0.113,0,0
-0.1126,0,0
-0.1122,0,0
-0.1118,0,0
-0.1114,0,0
-0.111,0,0
-0.1106,0,0
-0.1102,0.00586816,0.00587857
-0.1098,0,0
-0.1094,0,0
-0.109,0,0
-0.1086,0,0
-0.1082,0.0066043,0.00661746
-0.1078,0,0
-0.1074,0,0
-0.107,0,0
-0.1066,0,0
-0.1062,0,0
-0.1058,0,0
-0.1054,0,0
-0.105,0,0
-0.1046,0,0
-0.1042,0,0
-0.1038,0.00910876,0.00780432
-0.1034,0,0
-0.103,0,0
-0.1026,0,0
-0.1022,0,0
-0.1018,0,0
-0.1014,0,0
-0.101,0,0
-0.1006,0,0
-0.1002,0,0
-0.0998,0,0
-0.0994,0,0
-0.099,0,0
-0.0986,0,0
-0.0982,0,0
-0.0978,0,0
-0.0974,0,0
-0.097,0,0
-0.0966,0,0
-0.0962,0,0
-0.0958,0,0
-0.0954,0,0
-0.095,0,0
-0.0946,0,0
-0.0942,0.00604189,0.0060528
-0.0938,0,0
-0.0934,0,0
-0.093,0,0
-0.0926,0.00664849,0.00666168
-0.0922,0,0
-0.0918,0,0
-0.0914,0,0
-0.091,0,0
-0.0906,0,0
-0.0902,0.00586684,0.0058771
-0.0898,0.00659102,0.00660397
-0.0894,0,0
-0.089,0,0
-0.0886,0,0
-0.0882,0,0
-0.0878,0,0
-0.0874,0,0
-0.087,0,0
-0.0866,0,0
-0.0862,0,0
-0.0858,0,0
-0.0854,0,0
-0.085,0,0
-0.0846,0,0
-0.0842,0,0
-0.0838,0,0
-0.0834,0,0
-0.083,0,0
-0.0826,0,0
-0.0822,0,0
-0.0818,0,0
-0.0814,0,0
-0.081,0,0
-0.0806,0,0
-0.0802,0,0
-0.0798,0,0
-0.0794,0,0
-0.079,0.0067627,0.00677624
-0.0786,0,0
-0.0782,0.00622952,0.00624101
-0.0778,0,0
-0.0774,0,0
-0.077,0,0
-0.0766,0,0
-0.0762,0,0
-0.0758,0,0
-0.0754,0,0
-0.075,0,0
-0.0746,0,0
-0.0742,0,0
-0.0738,0,0
-0.0734,0,0
-0.073,0,0
-0.0726,0,0
-0.0722,0.0061683,0.00617952
-0.0718,0,0
-0.0714,0,0
-0.071,0,0
-0.0706,0,0
-0.0702,0,0
-0.0698,0,0
-0.0694,0,0
-0.069,0,0
-0.0686,0,0
-0.0682,0,0
-0.0678,0,0
-0.0674,0,0
-0.067,0,0
-0.0666,0,0
-0.0662,0,0
-0.0658,0,0
-0.0654,0,0
-0.065,0.0067805,0.00679402
-0.0646,0,0
-0.0642,0,0
-0.0638,0,0
-0.0634,0,0
-0.063,0,0
-0.0626,0,0
-0.0622,0,0
-0.0618,0,0
-0.0614,0,0
-0.061,0,0
-0.0606,0,0
-0.0602,0,0
-0.0598,0,0
-0.0594,0.00699466,0.007009
-0.059,0,0
-0.0586,0,0
-0.0582,0,0
-0.0578,0,0
-0.0574,0,0
-0.057,0,0
-0.0566,0,0
-0.0562,0,0
-0.0558,0,0
-0.0554,0,0
-0.055,0,0
-0.0546,0,0
-0.0542,0.00626736,0.00627886
-0.0538,0,0
-0.0534,0,0
-0.053,0,0
-0.0526,0,0
-0.0522,0,0
-0.0518,0,0
-0.0514,0.00613523,0.00614624
-0.051,0,0
-0.0506,0,0
-0.0502,0,0
-0.0498,0,0
-0.0494,0,0
-0.049,0,0
-0.0486,0,0
-0.0482,0,0
-0.0478,0,0
-0.0474,0,0
-0.047,0,0
-0.0466,0,0
-0.0462,0,0
-0.0458,0,0
-0.0454,0,0
-0.045,0,0
-0.0446,0,0
-0.0442,0,0
-0.0438,0,0
-0.0434,0,0
-0.043,0,0
-0.0426,0,0
-0.0422,0,0
-0.0418,0,0
-0.0414,0,0
-0.041,0,0
-0.0406,0,0
-0.0402,0,0
-0.0398,0,0
-0.0394,0,0
-0.039,0,0
-0.0386,0,0
-0.0382,0,0
-0.0378,0,0
-0.0374,0,0
-0.037,0,0
-0.0366,0,0
-0.0362,0,0
-0.0358,0,0
-0.0354,0,0
-0.035,0,0
-0.0346,0.000813017,0.00216939
-0.0342,0,0
-0.0338,0,0
-0.0334,0,0
-0.033,0,0
-0.0326,0,0
-0.0322,0,0
-0.0318,0,0
-0.0314,0,0
-0.031,0,0
-0.0306,0,0
-0.0302,0,0
-0.0298,0,0
-0.0294,0,0
-0.029,0,0
-0.0286,0,0
-0.0282,0.00645204,0.00646411
-0.0278,0,0
-0.0274,0,0
-0.027,0,0
-0.0266,0,0
-0.0262,0,0
-0.0258,0,0
-0.0254,0,0
-0.025,0,0
-0.0246,0.00655852,0.00657098
-0.0242,0,0
-0.0238,0,0
-0.0234,0,0
-0.023,0,0
-0.0226,0,0
-0.0222,0,0
-0.0218,0,0
-0.0214,0,0
-0.021,0,0
-0.0206,0,0
-0.0202,0,0
-0.0198,0,0
-0.0194,0.00647079,0.00648291
-0.019,0,0
-0.0186,0,0
-0.0182,0,0
-0.0178,0.0065537,0.00656613
-0.0174,0.00678584,0.00679917
-0.017,0,0
-0.0166,0.00607435,0.00608503
-0.0162,0,0
-0.0158,0,0
-0.0154,0,0
-0.015,0,0
-0.0146,0,0
-0.0142,0,0
-0.0138,0,0
-0.0134,0.000673606,0.00215016
-0.013,0,0
-0.0126,0,0
-0.0122,0,0
-0.0118,0,0
-0.0114,0,0
-0.011,0,0
-0.0106,0,0
-0.0102,0,0
-0.0098,0,0
-0.0094,0.00653729,0.00654964
-0.009,0,0
-0.0086,0.00640853,0.00642039
-0.0082,0.00638903,0.00640082
-0.0078,0,0
-0.0074,0,0
-0.007,0,0
-0.0066,0,0
-0.0062,0.0121291,0.00859158
-0.0058,0,0
-0.0054,0.00614131,0.00615219
-0.005,0.00614602,0.00615692
-0.0046,0.00663502,0.00664773
-0.0042,0.00706409,0.00707849
-0.0038,0.00683698,0.00685047
-0.0034,0.0490108,0.0173704
-0.003,0.0340869,0.0152779
-0.0026,0.0660728,0.0199806
-0.0022,0.154166,0.0313216
-0.0018,0.283662,0.043334
-0.0014,0.498691,0.0564994
-0.001,0.750843,0.0675742
-0.0006,0.752499,0.0687028
-0.0002,0.755938,0.0697383
0.0002,0.760693,0.0699401
0.0006,0.507924,0.0560713
0.001,0.372246,0.0487354
0.0014,0.231163,0.0378097
0.0018,0.130805,0.0293057
0.0022,0.0770016,0.0222317
0.0026,0.03702,0.0151406
0.003,0.0186118,0.010765
0.0034,0.0383439,0.0156885
0.0038,0.0067722,0.00678542
0.0042,0.0136361,0.00966119
0.0046,0,0
0.005,0.00616841,0.00617939
0.0054,0,0
0.0058,0.00702492,0.00703916
0.0062,0.00690921,0.00692298
0.0066,0,0
0.007,0,0
0.0074,0,0
0.0078,0.00628673,0.00629814
0.0082,0,0
0.0086,0,0
0.009,0.00610693,0.00611769
0.0094,0,0
0.0098,0,0
0.0102,0,0
0.0106,0,0
0.011,0,0
0.0114,0,0
0.0118,0,0
0.0122,0,0
0.0126,0,0
0.013,0,0
0.0134,0,0
0.0138,0,0
0.0142,0,0
0.0146,0,0
0.015,0,0
0.0154,0,0
0.0158,0,0
0.0162,0,0
0.0166,0,0
0.017,0,0
0.0174,0,0
0.0178,0,0
0.0182,0,0
0.0186,0,0
0.019,0,0
0.0194,0,0
0.0198,0,0
0.0202,0,0
0.0206,0,0
0.021,0,0
0.0214,0,0
0.0218,0.00536373,0.00581661
0.0222,0,0
0.0226,0,0
0.023,0,0
0.0234,0,0
0.0238,0,0
0.0242,0,0
0.0246,0,0
0.025,0,0
0.0254,0.00604077,0.0060513
0.0258,0,0
0.0262,0,0
0.0266,0,0
0.027,0,0
0.0274,0,0
0.0278,0,0
0.0282,0,0
0.0286,0,0
0.029,0,0
0.0294,0,0
0.0298,0,0
0.0302,0,0
0.0306,0,0
0.031,0,0
0.0314,0,0
0.0318,0,0
0.0322,0,0
0.0326,0,0
0.033,0,0
0.0334,0.00419964,0.00516875
0.0338,0,0
0.0342,0,0
0.0346,0,0
0.035,0,0
0.0354,0,0
0.0358,0,0
0.0362,0,0
0.0366,0,0
0.037,0,0
0.0374,0,0
0.0378,0,0
0.0382,0,0
0.0386,0.0062149,0.00622603
0.039,0,0
0.0394,0,0
0.0398,0,0
0.0402,0,0
0.0406,0,0
0.041,0,0
0.0414,0,0
0.0418,0,0
0.0422,0.00621523,0.00622636
0.0426,0.00601854,0.00602898
0.043,0,0
0.0434,0,0
0.0438,0,0
0.0442,0.00620435,0.00621674
0.0446,0,0
0.045,0,0
0.0454,0.00707225,0.00708665
0.0458,0,0
0.0462,0,0
0.0466,0,0
0.047,0,0
0.0474,0,0
0.0478,0,0
0.0482,0,0
0.0486,0.0061926,0.00620364
0.049,0,0
0.0494,0,0
0.0498,0.00635592,0.00636754
0.0502,0,0
0.0506,0,0
0.051,0.00637095,0.00638262
0.0514,0,0
0.0518,0,0
0.0522,0.00663429,0.00664695
0.0526,0,0
0.053,0,0
0.0534,0,0
0.0538,0,0
0.0542,0,0
0.0546,0,0
0.055,0,0
0.0554,0,0
0.0558,0,0
0.0562,0,0
0.0566,0,0
0.057,0,0
0.0574,0,0
0.0578,0,0
0.0582,0,0
0.0586,0,0
0.059,0,0
0.0594,0,0
0.0598,0.00679921,0.00681248
0.0602,0,0
0.0606,0,0
0.061,0.00607859,0.0060892
0.0614,0,0
0.0618,0,0
0.0622,0,0
0.0626,0,0
0.063,0,0
0.0634,0,0
0.0638,0,0
0.0642,0,0
0.0646,0,0
0.065,0.00635553,0.00636711
0.0654,0.00661501,0.00662756
0.0658,0,0
0.0662,0,0
0.0666,0,0
0.067,0,0
0.0674,0,0
0.0678,0,0
0.0682,0,0
0.0686,0,0
0.069,0,0
0.0694,0,0
0.0698,0.00638194,0.00639361
0.0702,0.0119061,0.00843324
0.0706,0,0
0.071,0,0
0.0714,0,0
0.0718,0,0
0.0722,0,0
0.0726,0,0
0.073,0,0
0.0734,0,0
0.0738,0,0
0.0742,0,0
0.0746,0,0
0.075,0,0
0.0754,0,0
0.0758,0,0
0.0762,0,0
0.0766,0,0
0.077,0,0
0.0774,0,0
0.0778,0,0
0.0782,0,0
0.0786,0.00585309,0.00586288
0.079,0,0
0.0794,0,0
0.0798,0,0
0.0802,0.0066737,0.00668641
0.0806,0,0
0.081,0,0
0.0814,0,0
0.0818,0,0
0.0822,0,0
0.0826,0,0
0.083,0.00597158,0.00598175
0.0834,0,0
0.0838,0,0
0.0842,0,0
0.0846,0,0
0.085,0,0
0.0854,0,0
0.0858,0,0
0.0862,0.00644585,0.00645768
0.0866,0,0
0.087,0,0
0.0874,0.00652029,0.0065324
0.0878,0,0
0.0882,0,0
0.0886,0,0
0.089,0,0
0.0894,0,0
0.0898,0,0
0.0902,0,0
0.0906,0,0
0.091,0,0
0.0914,0,0
0.0918,0,0
0.0922,0,0
0.0926,0,0
0.093,0,0
0.0934,0.00644717,0.00645898
0.0938,0,0
0.0942,0,0
0.0946,0,0
0.095,0,0
0.0954,0,0
0.0958,0,0
0.0962,0,0
0.0966,0,0
0.097,0,0
0.0974,0.00578761,0.00579711
0.0978,0,0
0.0982,0,0
0.0986,0,0
0.099,0,0
0.0994,0.00490353,0.00618235
0.0998,0,0
0.1002,0,0
0.1006,0,0
0.101,0,0
0.1014,0,0
0.1018,0,0
0.1022,0,0
0.1026,0,0
0.103,0,0
0.1034,0,0
0.1038,0,0
0.1042,0,0
0.1046,0,0
0.105,0,0
0.1054,0,0
0.1058,0,0
0.1062,0,0
0.1066,0,0
0.107,0,0
0.1074,0,0
0.1078,0.00829927,0.0083187
0.1082,0,0
0.1086,0,0
0.109,0,0
0.1094,0,0
0.1098,0,0
0.1102,0,0
0.1106,0,0
0.111,0,0
0.1114,0,0
0.1118,0,0
0.1122,0,0
0.1126,0,0
0.113,0,0
0.1134,0,0
0.1138,0.0104527,0.0104834
0.1142,0,0
0.1146,0,0
0.115,0,0
0.1154,0,0
0.1158,0,0
0.1162,0.0101856,0.0102147
0.1166,0,0
0.117,0,0
0.1174,0,0
0.1178,0,0
0.1182,0,0
0.1186,0,0
0.119,0,0
0.1194,0,0
0.1198,0,0
6
-0.1198,0,0
-0.1194,0,0
-0.119,0,0
-0.1186,0,0
-0.1182,0,0
-0.1178,0,0
-0.1174,0,0
-0.117,0,0
-0.1166,0,0
-0.1162,0,0
-0.1158,0,0
-0.1154,0,0
-0.115,0,0
-0.1146,0,0
-0.1142,0,0
-0.1138,0,0
-0.1134,0.00524798,0.00525734
-0.113,0,0
-0.1126,0,0
-0.1122,0,0
-0.1118,0,0
-0.1114,0,0
-0.111,0,0
-0.1106,0,0
-0.1102,0,0
-0.1098,0,0
-0.1094,0,0
-0.109,0,0
-0.1086,0,0
-0.1082,0,0
-0.1078,0,0
-0.1074,0,0
-0.107,0,0
-0.1066,0,0
-0.1062,0,0
-0.1058,0,0
-0.1054,0,0
-0.105,0,0
-0.1046,0,0
-0.1042,0,0
-0.1038,0,0
-0.1034,0,0
-0.103,0,0
-0.1026,0,0
-0.1022,0,0
-0.1018,0,0
-0.1014,0,0
-0.101,0,0
-0.1006,0,0
-0.1002,0,0
-0.0998,0,0
-0.0994,0,0
-0.099,0,0
-0.0986,0,0
-0.0982,0,0
-0.0978,0,0
-0.0974,0,0
-0.097,0,0
-0.0966,0,0
-0.0962,0,0
-0.0958,0,0
-0.0954,0,0
-0.095,0,0
-0.0946,0.00552779,0.00553801
-0.0942,0,0
-0.0938,0,0
-0.0934,0,0
-0.093,0,0
-0.0926,0,0
-0.0922,0,0
-0.0918,0,0
-0.0914,0,0
-0.091,0,0
-0.0906,0,0
-0.0902,0,0
-0.0898,0,0
-0.0894,0,0
-0.089,0,0
-0.0886,0,0
-0.0882,0,0
-0.0878,0,0
-0.0874,0,0
-0.087,0,0
-0.0866,0,0
-0.0862,0,0
-0.0858,0,0
-0.0854,0,0
-0.085,0,0
-0.0846,0,0
-0.0842,0,0
-0.0838,0,0
-0.0834,0,0
-0.083,0,0
-0.0826,0,0
-0.0822,0,0
-0.0818,0,0
-0.0814,0,0
-0.081,0,0
-0.0806,0,0
-0.0802,0,0
-0.0798,0,0
-0.0794,0,0
-0.079,0,0
-0.0786,0,0
-0.0782,0.00612231,0.00613494
-0.0778,0,0
-0.0774,0,0
-0.077,0,0
-0.0766,0,0
-0.0762,0,0
-0.0758,0,0
-0.0754,0,0
-0.075,0.00564328,0.00565404
-0.0746,0,0
-0.0742,0,0
-0.0738,0,0
-0.0734,0,0
-0.073,0,0
-0.0726,0,0
-0.0722,0,0
-0.0718,0,0
-0.0714,0,0
-0.071,0,0
-0.0706,0,0
-0.0702,0,0
-0.0698,0,0
-0.0694,0,0
-0.069,0.00536471,0.0053745
-0.0686,0,0
-0.0682,0,0
-0.0678,0,0
-0.0674,0,0
-0.067,0,0
-0.0666,0,0
-0.0662,0,0
-0.0658,0,0
-0.0654,0,0
-0.065,0,0
-0.0646,0,0
-0.0642,0,0
-0.0638,0,0
-0.0634,0,0
-0.063,0,0
-0.0626,0,0
-0.0622,0,0
-0.0618,0,0
-0.0614,0,0
-0.061,0,0
-0.0606,0.00551375,0.00552416
-0.0602,0.00551205,0.00552246
-0.0598,0,0
-0.0594,0,0
-0.059,0,0
-0.0586,0,0
-0.0582,0,0
-0.0578,0,0
-0.0574,0,0
-0.057,0,0
-0.0566,0,0
-0.0562,0,0
-0.0558,0,0
-0.0554,0,0
-0.055,0,0
-0.0546,0,0
-0.0542,0.00532694,0.0053367
-0.0538,0,0
-0.0534,0,0
-0.053,0,0
-0.0526,0,0
-0.0522,0,0
-0.0518,0,0
-0.0514,0,0
-0.051,0,0
-0.0506,0,0
-0.0502,0,0
-0.0498,0.00536047,0.0053704
-0.0494,0,0
-0.049,0,0
-0.0486,0,0
-0.0482,0,0
-0.0478,0,0
-0.0474,0,0
-0.047,0,0
-0.0466,0,0
-0.0462,0.00541353,0.00542368
-0.0458,0,0
-0.0454,0,0
-0.045,0,0
-0.0446,0,0
-0.0442,0.0117291,0.00831062
-0.0438,0,0
-0.0434,0,0
-0.043,0,0
-0.0426,0,0
-0.0422,0,0
-0.0418,0,0
-0.0414,0,0
-0.041,0,0
-0.0406,0,0
-0.0402,0,0
-0.0398,0,0
-0.0394,0,0
-0.039,0.00573863,0.00575008
-0.0386,0,0
-0.0382,0,0
-0.0378,0,0
-0.0374,0,0
-0.037,0,0
-0.0366,0,0
-0.0362,0,0
-0.0358,0,0
-0.0354,0,0
-0.035,0,0
-0.0346,0,0
-0.0342,0,0
-0.0338,0,0
-0.0334,0,0
-0.033,0,0
-0.0326,0,0
-0.0322,0,0
-0.0318,0,0
-0.0314,0,0
-0.031,0,0
-0.0306,0,0
-0.0302,0,0
-0.0298,0,0
-0.0294,0,0
-0.029,0,0
-0.0286,0,0
-0.0282,0.0106942,0.00757614
-0.0278,0,0
-0.0274,0,0
-0.027,0,0
-0.0266,0,0
-0.0262,0,0
-0.0258,0,0
-0.0254,0.0055305,0.00554121
-0.025,0,0
-0.0246,0,0
-0.0242,0,0
-0.0238,0,0
-0.0234,0,0
-0.023,0.00533437,0.00534435
-0.0226,0,0
-0.0222,0,0
-0.0218,0,0
-0.0214,0,0
-0.021,0,0
-0.0206,0,0
-0.0202,0,0
-0.0198,0.00502671,0.00503559
-0.0194,0.00533085,0.00534084
-0.019,0,0
-0.0186,0.0102641,0.00727197
-0.0182,0,0
-0.0178,0,0
-0.0174,0,0
-0.017,0.00499666,0.00500544
-0.0166,0,0
-0.0162,0,0
-0.0158,0,0
-0.0154,0,0
-0.015,0,0
-0.0146,0,0
-0.0142,0.00559777,0.0056088
-0.0138,0,0
-0.0134,0.00505937,0.00533923
-0.013,0,0
-0.0126,0,0
-0.0122,0,0
-0.0118,0,0
-0.0114,0,0
-0.011,0,0
-0.0106,0,0
-0.0102,0.00529159,0.00530146
-0.0098,0,0
-0.0094,0,0
-0.009,0,0
-0.0086,0,0
-0.0082,0,0
-0.0078,0,0
-0.0074,0,0
-0.007,0.00500117,0.00500999
-0.0066,0,0
-0.0062,0,0
-0.0058,0,0
-0.0054,0,0
-0.005,0.0150678,0.00871486
-0.0046,0,0
-0.0042,0.00577231,0.00578407
-0.0038,0.00558536,0.00559638
-0.0034,0.0151181,0.00875081
-0.003,0.0334683,0.0136935
-0.0026,0.048909,0.0155131
-0.0022,0.072912,0.0195355
-0.0018,0.118628,0.0253414
-0.0014,0.232739,0.0347747
-0.001,0.236151,0.0341384
-0.0006,0.337442,0.0416206
-0.0002,0.372005,0.044251
0.0002,0.352772,0.0432192
0.0006,0.277312,0.0374724
0.001,0.18661,0.0311613
0.0014,0.161256,0.0285659
0.0018,0.128004,0.0261795
0.0022,0.0563978,0.0170428
0.0026,0.0501779,0.0158963
0.003,0.0305517,0.0124953
0.0034,0.00515277,0.00516215
0.0038,0.0165818,0.00959224
0.0042,0,0
0.0046,0.00526474,0.00527454
0.005,0.0100895,0.00714705
0.0054,0,0
0.0058,0.005736,0.00574762
0.0062,0,0
0.0066,0.00491459,0.00492312
0.007,0.00527563,0.00528546
0.0074,0,0
0.0078,0.00513714,0.00514645
0.0082,0,0
0.0086,0,0
0.009,0,0
0.0094,0,0
0.0098,0,0
0.0102,0,0
0.0106,0,0
0.011,0,0
0.0114,0,0
0.0118,0,0
0.0122,0.0053011,0.005311
0.0126,0.00520119,0.00521071
0.013,0,0
0.0134,0,0
0.0138,0.00496542,0.00497409
0.0142,0,0
0.0146,0,0
0.015,0,0
0.0154,0,0
0.0158,0,0
0.0162,0,0
0.0166,0,0
0.017,0.00559534,0.00560631
0.0174,0,0
0.0178,0,0
0.0182,0,0
0.0186,0,0
0.019,0,0
0.0194,0,0
0.0198,0,0
0.0202,0,0
0.0206,0,0
0.021,0,0
0.0214,0,0
0.0218,0,0
0.0222,0,0
0.0226,0,0
0.023,0,0
0.0234,0,0
0.0238,0,0
0.0242,0,0
0.0246,0,0
0.025,0,0
0.0254,0,0
0.0258,0,0
0.0262,0,0
0.0266,0,0
0.027,0,0
0.0274,0,0
0.0278,0,0
0.0282,0,0
0.0286,0,0
0.029,0,0
0.0294,0,0
0.0298,0,0
0.0302,0,0
0.0306,0,0
0.031,0,0
0.0314,0,0
0.0318,0,0
0.0322,0,0
0.0326,0,0
0.033,0,0
0.0334,0.00180828,0.00311871
0.0338,0,0
0.0342,0,0
0.0346,0,0
0.035,0,0
0.0354,0,0
0.0358,0,0
0.0362,0,0
0.0366,0,0
0.037,0,0
0.0374,0,0
0.0378,0,0
0.0382,0,0
0.0386,0,0
0.039,0,0
0.0394,0,0
0.0398,0,0
0.0402,0.00547226,0.00548235
0.0406,0,0
0.041,0,0
0.0414,0,0
0.0418,0,0
0.0422,0,0
0.0426,0,0
0.043,0,0
0.0434,0,0
0.0438,0,0
0.0442,2.22746e-06,0.000109209
0.0446,0.0035935,0.00432355
0.045,0,0
0.0454,0,0
0.0458,0,0
0.0462,0,0
0.0466,0,0
0.047,0,0
0.0474,0,0
0.0478,0,0
0.0482,0,0
0.0486,0,0
0.049,0,0
0.0494,0,0
0.0498,0,0
0.0502,0,0
0.0506,0,0
0.051,0,0
0.0514,0,0
0.0518,0,0
0.0522,0,0
0.0526,0,0
0.053,0,0
0.0534,0,0
0.0538,0,0
0.0542,0,0
0.0546,0,0
0.055,0,0
0.0554,0,0
0.0558,0,0
0.0562,0,0
0.0566,0,0
0.057,0,0
0.0574,0,0
0.0578,0,0
0.0582,0,0
0.0586,0,0
0.059,0.0106347,0.00753354
0.0594,0,0
0.0598,0,0
0.0602,0,0
0.0606,0.0054869,0.00549673
0.061,0,0
0.0614,0,0
0.0618,0,0
0.0622,0,0
0.0626,0,0
0.063,0,0
0.0634,0,0
0.0638,0,0
0.0642,0,0
0.0646,0,0
0.065,0,0
0.0654,0,0
0.0658,0,0
0.0662,0,0
0.0666,0,0
0.067,0,0
0.0674,0,0
0.0678,0,0
0.0682,0,0
0.0686,0,0
0.069,0,0
0.0694,0,0
0.0698,0,0
0.0702,0,0
0.0706,0,0
0.071,0,0
0.0714,0,0
0.0718,0,0
0.0722,0,0
0.0726,0,0
0.073,0,0
0.0734,0,0
0.0738,0,0
0.0742,0,0
0.0746,0,0
0.075,0,0
0.0754,0,0
0.0758,0,0
0.0762,0,0
0.0766,0,0
0.077,0,0
0.0774,0,0
0.0778,0,0
0.0782,0,0
0.0786,0,0
0.079,0,0
0.0794,0,0
0.0798,0,0
0.0802,0,0
0.0806,0,0
0.081,0,0
0.0814,0,0
0.0818,0,0
0.0822,0,0
0.0826,0,0
0.083,0,0
0.0834,0,0
0.0838,0,0
0.0842,0,0
0.0846,0,0
0.085,0,0
0.0854,0,0
0.0858,0,0
0.0862,0,0
0.0866,0,0
0.087,0,0
0.0874,0,0
0.0878,0,0
0.0882,0,0
0.0886,0,0
0.089,0,0
0.0894,0,0
0.0898,0,0
0.0902,0,0
0.0906,0,0
0.091,0,0
0.0914,0,0
0.0918,0,0
0.0922,0,0
0.0926,0,0
0.093,0,0
0.0934,0,0
0.0938,0,0
0.0942,0,0
0.0946,0,0
0.095,0,0
0.0954,0,0
0.0958,0,0
0.0962,0,0
0.0966,0,0
0.097,0.0060512,0.00606254
0.0974,0,0
0.0978,0,0
0.0982,0,0
0.0986,0.00662173,0.00663527
0.099,0,0
0.0994,0.00262167,0.00433032
0.0998,0,0
0.1002,0,0
0.1006,0,0
0.101,0.00673028,0.00674423
0.1014,0,0
0.1018,0,0
0.1022,0,0
0.1026,0,0
0.103,0,0
0.1034,0,0
0.1038,0,0
0.1042,0,0
0.1046,0,0
0.105,0,0
0.1054,0,0
0.1058,0,0
0.1062,0,0
0.1066,0,0
0.107,0,0
0.1074,0,0
0.1078,0,0
0.1082,0.00763754,0.0076554
0.1086,0,0
0.109,0,0
0.1094,0,0
0.1098,0,0
0.1102,0,0
0.1106,0,0
0.111,0,0
0.1114,0,0
0.1118,0,0
0.1122,0,0
0.1126,0,0
0.113,0,0
0.1134,0,0
0.1138,0,0
0.1142,0,0
0.1146,0,0
0.115,0,0
0.1154,0,0
0.1158,0,0
0.1162,0,0
0.1166,0,0
0.117,0,0
0.1174,0,0
0.1178,0,0
0.1182,0,0
0.1186,0,0
0.119,0,0
0.1194,0,0
0.1198,0,0
7
-0.1198,0,0
-0.1194,0,0
-0.119,0,0
-0.1186,0,0
-0.1182,0,0
-0.1178,0,0
-0.1174,0,0
-0.117,0,0
-0.1166,0,0
-0.1162,0,0
-0.1158,0,0
-0.1154,0,0
-0.115,0,0
-0.1146,0,0
-0.1142,0,0
-0.1138,0,0
-0.1134,0,0
-0.113,0,0
-0.1126,0.00566521,0.00567635
-0.1122,0,0
-0.1118,0,0
-0.1114,0,0
-0.111,0,0
-0.1106,0,0
-0.1102,0,0
-0.1098,0,0
-0.1094,0,0
-0.109,0,0
-0.1086,0,0
-0.1082,0.00571739,0.00572879
-0.1078,0,0
-0.1074,0,0
-0.107,0,0
-0.1066,0,0
-0.1062,0,0
-0.1058,0,0
-0.1054,0,0
-0.105,0,0
-0.1046,0,0
-0.1042,0,0
-0.1038,0,0
-0.1034,0,0
-0.103,0,0
-0.1026,0,0
-0.1022,0,0
-0.1018,0,0
-0.1014,0,0
-0.101,0,0
-0.1006,0,0
-0.1002,0,0
-0.0998,0,0
-0.0994,0,0
-0.099,0,0
-0.0986,0,0
-0.0982,0,0
-0.0978,0,0
-0.0974,0,0
-0.097,0,0
-0.0966,0,0
-0.0962,0,0
-0.0958,0,0
-0.0954,0,0
-0.095,0,0
-0.0946,0,0
-0.0942,0,0
-0.0938,0.00519778,0.00520732
-0.0934,0,0
-0.093,0,0
-0.0926,0,0
-0.0922,0,0
-0.0918,0,0
-0.0914,0,0
-0.091,0,0
-0.0906,0,0
-0.0902,0,0
-0.0898,0,0
-0.0894,0,0
-0.089,0,0
-0.0886,0,0
-0.0882,0,0
-0.0878,0,0
-0.0874,0,0
-0.087,0,0
-0.0866,0,0
-0.0862,0,0
-0.0858,0,0
-0.0854,0,0
-0.085,0,0
-0.0846,0,0
-0.0842,0,0
-0.0838,0,0
-0.0834,0,0
-0.083,0,0
-0.0826,0,0
-0.0822,0,0
-0.0818,0,0
-0.0814,0,0
-0.081,0,0
-0.0806,0,0
-0.0802,0,0
-0.0798,0,0
-0.0794,0,0
-0.079,0,0
-0.0786,0,0
-0.0782,0.0058426,0.00585465
-0.0778,0,0
-0.0774,0,0
-0.077,0,0
-0.0766,0,0
-0.0762,0,0
-0.0758,0,0
-0.0754,0,0
-0.075,0.00541429,0.00542462
-0.0746,0,0
-0.0742,0,0
-0.0738,0.00542981,0.00544019
-0.0734,0.00483937,0.00509176
-0.073,0,0
-0.0726,0,0
-0.0722,0,0
-0.0718,0.00540756,0.00541784
-0.0714,0,0
-0.071,0,0
-0.0706,0,0
-0.0702,0.0054584,0.00546886
-0.0698,0,0
-0.0694,0,0
-0.069,0,0
-0.0686,0,0
-0.0682,0,0
-0.0678,0,0
-0.0674,0,0
-0.067,0,0
-0.0666,0,0
-0.0662,0,0
-0.0658,0,0
-0.0654,0,0
-0.065,0,0
-0.0646,0,0
-0.0642,0,0
-0.0638,0,0
-0.0634,0,0
-0.063,0,0
-0.0626,0,0
-0.0622,0,0
-0.0618,0,0
-0.0614,0,0
-0.061,0,0
-0.0606,0,0
-0.0602,0,0
-0.0598,0,0
-0.0594,0,0
-0.059,0,0
-0.0586,0,0
-0.0582,0,0
-0.0578,0,0
-0.0574,0,0
-0.057,0,0
-0.0566,0,0
-0.0562,0,0
-0.0558,0,0
-0.0554,0,0
-0.055,0,0
-0.0546,0,0
-0.0542,0,0
-0.0538,0.00505772,0.00506653
-0.0534,0,0
-0.053,0,0
-0.0526,0,0
-0.0522,0,0
-0.0518,0,0
-0.0514,0,0
-0.051,0,0
-0.0506,0,0
-0.0502,0.00543259,0.00544271
-0.0498,0,0
-0.0494,0,0
-0.049,0,0
-0.0486,0,0
-0.0482,0,0
-0.0478,0,0
-0.0474,0,0
-0.047,0,0
-0.0466,0.00530427,0.00529497
-0.0462,0,0
-0.0458,0.00545818,0.00546832
-0.0454,0,0
-0.045,0,0
-0.0446,0,0
-0.0442,0,0
-0.0438,0,0
-0.0434,0.00528902,0.00529852
-0.043,0,0
-0.0426,0,0
-0.0422,0,0
-0.0418,0,0
-0.0414,0.00545679,0.00546686
-0.041,0,0
-0.0406,0,0
-0.0402,0,0
-0.0398,0,0
-0.0394,0.0056504,0.00566116
-0.039,0,0
-0.0386,0,0
-0.0382,0,0
-0.0378,0,0
-0.0374,0,0
-0.037,0,0
-0.0366,0,0
-0.0362,0,0
-0.0358,0,0
-0.0354,0,0
-0.035,0,0
-0.0346,0,0
-0.0342,0,0
-0.0338,0,0
-0.0334,0,0
-0.033,0,0
-0.0326,0.00543767,0.00544752
-0.0322,0,0
-0.0318,0,0
-0.0314,0,0
-0.031,0,0
-0.0306,0,0
-0.0302,0,0
-0.0298,0,0
-0.0294,0,0
-0.029,0,0
-0.0286,0,0
-0.0282,0,0
-0.0278,0.00547319,0.00548309
-0.0274,0,0
-0.027,0,0
-0.0266,0,0
-0.0262,0,0
-0.0258,0,0
-0.0254,0,0
-0.025,0,0
-0.0246,0.00523972,0.00524873
-0.0242,0,0
-0.0238,0,0
-0.0234,0,0
-0.023,0.00572259,0.0057333
-0.0226,0,0
-0.0222,0.00550213,0.00551202
-0.0218,0,0
-0.0214,0,0
-0.021,0,0
-0.0206,0,0
-0.0202,0.0106267,0.0075272
-0.0198,0,0
-0.0194,0,0
-0.019,0,0
-0.0186,0,0
-0.0182,0.00585706,0.00586817
-0.0178,0,0
-0.0174,0,0
-0.017,0,0
-0.0166,0.00544592,0.00545549
-0.0162,0,0
-0.0158,0,0
-0.0154,0,0
-0.015,0,0
-0.0146,0,0
-0.0142,0.00613783,0.00614992
-0.0138,0.00216218,0.00343508
-0.0134,0,0
-0.013,0,0
-0.0126,0,0
-0.0122,0,0
-0.0118,0.00635327,0.00636617
-0.0114,0,0
-0.011,0,0
-0.0106,0,0
-0.0102,0,0
-0.0098,0,0
-0.0094,0.00593259,0.0059438
-0.009,0,0
-0.0086,0.00582291,0.00583369
-0.0082,0,0
-0.0078,0,0
-0.0074,0,0
-0.007,0.00556683,0.00557666
-0.0066,0.0106801,0.00756477
-0.0062,0,0
-0.0058,0.00591918,0.00593027
-0.0054,0,0
-0.005,0.0106859,0.00775694
-0.0046,0,0
-0.0042,0.0198474,0.0113453
-0.0038,0.0109727,0.00777228
-0.0034,0.0119219,0.00844593
-0.003,0.0183731,0.0107916
-0.0026,0.05552,0.0173385
-0.0022,0.069272,0.020044
-0.0018,0.143701,0.0295443
-0.0014,0.266797,0.0397596
-0.001,0.378448,0.0458784
-0.0006,0.577972,0.0577755
-0.0002,0.759712,0.0670604
0.0002,0.650185,0.0621017
0.0006,0.588504,0.0580349
0.001,0.545481,0.0565595
0.0014,0.300059,0.0413735
0.0018,0.282259,0.0413356
0.0022,0.181732,0.0327144
0.0026,0.0785751,0.0211867
0.003,0.0517875,0.0172941
0.0034,0.0601965,0.0188274
0.0038,0.031323,0.0140355
0.0042,0.0119388,0.00845771
0.0046,0.00597252,0.00598363
0.005,0.0286163,0.0128205
0.0054,0.012144,0.00860332
0.0058,0.0130303,0.00923251
0.0062,0.0121377,0.00861258
0.0066,0.011458,0.00811645
0.007,0.0059978,0.00600897
0.0074,0.0064919,0.00650499
0.0078,0.00604994,0.0060613
0.0082,0.000149505,0.000936537
0.0086,0,0
0.009,0.00568246,0.00569247
0.0094,0,0
0.0098,0,0
0.0102,0,0
0.0106,0,0
0.011,0,0
0.0114,0,0
0.0118,0,0
0.0122,0,0
0.0126,0,0
0.013,0.00563256,0.00564237
0.0134,0.00594376,0.00595469
0.0138,0,0
0.0142,0,0
0.0146,0,0
0.015,0,0
0.0154,0,0
0.0158,0,0
0.0162,0,0
0.0166,0,0
0.017,0,0
0.0174,0,0
0.0178,0,0
0.0182,0.00599953,0.00601067
0.0186,0,0
0.019,0,0
0.0194,0,0
0.0198,0,0
0.0202,0,0
0.0206,0,0
0.021,0,0
0.0214,0,0
0.0218,0,0
0.0222,0,0
0.0226,0,0
0.023,0.00584166,0.00585225
0.0234,0,0
0.0238,0.00552481,0.00553429
0.0242,0.00590367,0.0059145
0.0246,0.00610673,0.00611831
0.025,0,0
0.0254,0,0
0.0258,0,0
0.0262,0,0
0.0266,0,0
0.027,0,0
0.0274,0,0
0.0278,0,0
0.0282,0,0
0.0286,0,0
0.029,0.00553178,0.00554132
0.0294,0,0
0.0298,0,0
0.0302,0,0
0.0306,0,0
0.031,0,0
0.0314,0,0
0.0318,0.00578616,0.00579662
0.0322,0,0
0.0326,0,0
0.033,0,0
0.0334,0,0
0.0338,0,0
0.0342,0,0
0.0346,0,0
0.035,0,0
0.0354,0,0
0.0358,0,0
0.0362,0,0
0.0366,0,0
0.037,0,0
0.0374,0,0
0.0378,0,0
0.0382,0,0
0.0386,0,0
0.039,0,0
0.0394,0,0
0.0398,0,0
0.0402,0,0
0.0406,0,0
0.041,0,0
0.0414,0,0
0.0418,0,0
0.0422,0.00567048,0.00568064
0.0426,0.00548843,0.00549795
0.043,0,0
0.0434,0.00529719,0.00530606
0.0438,0,0
0.0442,0,0
0.0446,0.00168219,0.00304231
0.045,0,0
0.0454,0,0
0.0458,0,0
0.0462,0,0
0.0466,0,0
0.047,0,0
0.0474,0,0
0.0478,0.00569408,0.00570438
0.0482,0,0
0.0486,0,0
0.049,0,0
0.0494,0,0
0.0498,0,0
0.0502,0,0
0.0506,0,0
0.051,0,0
0.0514,0,0
0.0518,0,0
0.0522,0,0
0.0526,0,0
0.053,0,0
0.0534,0,0
0.0538,0,0
0.0542,0,0
0.0546,0,0
0.055,0,0
0.0554,0,0
0.0558,0,0
0.0562,0.00098426,0.00231466
0.0566,0,0
0.057,0,0
0.0574,0,0
0.0578,0,0
0.0582,0,0
0.0586,0,0
0.059,0,0
0.0594,0,0
0.0598,0,0
0.0602,0.0057401,0.00575073
0.0606,0,0
0.061,0,0
0.0614,0,0
0.0618,0,0
0.0622,0,0
0.0626,0,0
0.063,0.00607509,0.00608704
0.0634,0,0
0.0638,0,0
0.0642,0,0
0.0646,0,0
0.065,0,0
0.0654,0.00583943,0.0058505
0.0658,0,0
0.0662,0,0
0.0666,0,0
0.067,0,0
0.0674,0,0
0.0678,0,0
0.0682,0,0
0.0686,0,0
0.069,0,0
0.0694,0,0
0.0698,0,0
0.0702,0,0
0.0706,0,0
0.071,0,0
0.0714,0,0
0.0718,0,0
0.0722,0.00567591,0.00568647
0.0726,0,0
0.073,0,0
0.0734,0,0
0.0738,0,0
0.0742,0,0
0.0746,0,0
0.075,0,0
0.0754,0,0
0.0758,0,0
0.0762,0,0
0.0766,0,0
0.077,0,0
0.0774,0,0
0.0778,0,0
0.0782,0,0
0.0786,0,0
0.079,0,0
0.0794,0,0
0.0798,0,0
0.0802,0,0
0.0806,0,0
0.081,0,0
0.0814,0,0
0.0818,0,0
0.0822,0,0
0.0826,0.00537066,0.00538019
0.083,0,0
0.0834,0,0
0.0838,0,0
0.0842,0.00481606,0.00482373
0.0846,0,0
0.085,0,0
0.0854,0,0
0.0858,0,0
0.0862,0,0
0.0866,0,0
0.087,0,0
0.0874,0,0
0.0878,0.00555332,0.00556354
0.0882,0,0
0.0886,0,0
0.089,0.005243,0.00525211
0.0894,0,0
0.0898,0.00520628,0.00521526
0.0902,0,0
0.0906,0.00525275,0.0052619
0.091,0,0
0.0914,0,0
0.0918,0,0
0.0922,0,0
0.0926,0,0
0.093,0,0
0.0934,0,0
0.0938,0,0
0.0942,0,0
0.0946,0,0
0.095,0,0
0.0954,0,0
0.0958,0,0
0.0962,0,0
0.0966,0,0
0.097,0,0
0.0974,0,0
0.0978,0,0
0.0982,0,0
0.0986,0,0
0.099,0,0
0.0994,0.00661432,0.00662886
0.0998,0,0
0.1002,0,0
0.1006,0.00587986,0.00589135
0.101,0,0
0.1014,0,0
0.1018,0,0
0.1022,0,0
0.1026,0.0057355,0.00574643
0.103,0,0
0.1034,0,0
0.1038,0,0
0.1042,0,0
0.1046,0,0
0.105,0,0
0.1054,0,0
0.1058,0,0
0.1062,0,0
0.1066,0.00685261,0.00686818
0.107,0,0
0.1074,0,0
0.1078,0,0
0.1082,0,0
0.1086,0,0
0.109,0,0
0.1094,0,0
0.1098,0,0
0.1102,0,0
0.1106,0,0
0.111,0,0
0.1114,0,0
0.1118,0,0
0.1122,0,0
0.1126,0,0
0.113,0,0
0.1134,0,0
0.1138,0,0
0.1142,0,0
0.1146,0,0
0.115,0,0
0.1154,0,0
0.1158,0,0
0.1162,0.00873111,0.00875609
0.1166,0.0260794,0.0151
0.117,0,0
0.1174,0,0
0.1178,0,0
0.1182,0,0
0.1186,0,0
0.119,0,0
0.1194,0,0
0.1198,0,0
8
-0.1198,0,0
-0.1194,0,0
-0.119,0,0
-0.1186,0,0
-0.1182,0,0
-0.1178,0,0
-0.1174,0,0
-0.117,0,0
-0.1166,0,0
-0.1162,0,0
-0.1158,0,0
-0.1154,0,0
-0.115,0,0
-0.1146,0,0
-0.1142,0,0
-0.1138,0,0
-0.1134,0,0
-0.113,0,0
-0.1126,0,0
-0.1122,0,0
-0.1118,0,0
-0.1114,0,0
-0.111,0,0
-0.1106,0,0
-0.1102,0,0
-0.1098,0,0
-0.1094,0.0040732,0.00408103
-0.109,0,0
-0.1086,0,0
-0.1082,0,0
-0.1078,0,0
-0.1074,0,0
-0.107,0,0
-0.1066,0,0
-0.1062,0,0
-0.1058,0,0
-0.1054,0,0
-0.105,0,0
-0.1046,0,0
-0.1042,0.00402918,0.00403679
-0.1038,0,0
-0.1034,0,0
-0.103,0,0
-0.1026,0,0
-0.1022,0,0
-0.1018,0.00852677,0.00604325
-0.1014,0,0
-0.101,0,0
-0.1006,0,0
-0.1002,0,0
-0.0998,0,0
-0.0994,0,0
-0.099,0,0
-0.0986,0,0
-0.0982,0,0
-0.0978,0,0
-0.0974,0.00394661,0.00395383
-0.097,0,0
-0.0966,0,0
-0.0962,0,0
-0.0958,0,0
-0.0954,0,0
-0.095,0,0
-0.0946,0,0
-0.0942,0,0
-0.0938,0,0
-0.0934,0,0
-0.093,0,0
-0.0926,0.00430533,0.00431387
-0.0922,0,0
-0.0918,0,0
-0.0914,0,0
-0.091,0,0
-0.0906,0,0
-0.0902,0,0
-0.0898,0,0
-0.0894,0,0
-0.089,0,0
-0.0886,0,0
-0.0882,0,0
-0.0878,0.00430571,0.0043142
-0.0874,0,0
-0.087,0,0
-0.0866,0,0
-0.0862,0,0
-0.0858,0,0
-0.0854,0,0
-0.085,0,0
-0.0846,0,0
-0.0842,0,0
-0.0838,0,0
-0.0834,0,0
-0.083,0,0
-0.0826,0.0041294,0.00413716
-0.0822,0,0
-0.0818,0,0
-0.0814,0,0
-0.081,0,0
-0.0806,0,0
-0.0802,0,0
-0.0798,0,0
-0.0794,0,0
-0.079,0,0
-0.0786,0,0
-0.0782,0,0
-0.0778,0,0
-0.0774,0,0
-0.077,0,0
-0.0766,0,0
-0.0762,0,0
-0.0758,0,0
-0.0754,0,0
-0.075,0,0
-0.0746,0,0
-0.0742,0.00442612,0.00443496
-0.0738,0,0
-0.0734,0.000388415,0.0012741
-0.073,0,0
-0.0726,0,0
-0.0722,0,0
-0.0718,0,0
-0.0714,0,0
-0.071,0,0
-0.0706,0,0
-0.0702,0,0
-0.0698,0,0
-0.0694,0,0
-0.069,0,0
-0.0686,0,0
-0.0682,0,0
-0.0678,0,0
-0.0674,0,0
-0.067,0,0
-0.0666,0,0
-0.0662,0,0
-0.0658,0,0
-0.0654,0,0
-0.065,0,0
-0.0646,0,0
-0.0642,0,0
-0.0638,0,0
-0.0634,0,0
-0.063,0,0
-0.0626,0,0
-0.0622,0,0
-0.0618,0,0
-0.0614,0,0
-0.061,0,0
-0.0606,0,0
-0.0602,0,0
-0.0598,0,0
-0.0594,0,0
-0.059,0,0
-0.0586,0,0
-0.0582,0.0041653,0.00417307
-0.0578,0,0
-0.0574,0,0
-0.057,0,0
-0.0566,0,0
-0.0562,0,0
-0.0558,0,0
-0.0554,0,0
-0.055,0,0
-0.0546,0,0
-0.0542,0,0
-0.0538,0,0
-0.0534,0,0
-0.053,0,0
-0.0526,0,0
-0.0522,0,0
-0.0518,0,0
-0.0514,0,0
-0.051,0.00429323,0.00430148
-0.0506,0,0
-0.0502,0,0
-0.0498,0,0
-0.0494,0,0
-0.049,0,0
-0.0486,0,0
-0.0482,0,0
-0.0478,0.0038587,0.00386537
-0.0474,0,0
-0.047,0,0
-0.0466,0.00398371,0.00400515
-0.0462,0,0
-0.0458,0,0
-0.0454,0,0
-0.045,0,0
-0.0446,0,0
-0.0442,0.000709652,0.00179939
-0.0438,0,0
-0.0434,0,0
-0.043,0.00431827,0.00432661
-0.0426,0.00401611,0.00402333
-0.0422,0,0
-0.0418,0,0
-0.0414,0,0
-0.041,0.00412798,0.0041356
-0.0406,0,0
-0.0402,0,0
-0.0398,0.00415405,0.00416176
-0.0394,0,0
-0.039,0,0
-0.0386,0,0
-0.0382,0,0
-0.0378,0,0
-0.0374,0,0
-0.037,0,0
-0.0366,0,0
-0.0362,0.00314336,0.00346184
-0.0358,0,0
-0.0354,0,0
-0.035,0,0
-0.0346,0,0
-0.0342,0,0
-0.0338,0.00404072,0.004048
-0.0334,0,0
-0.033,0,0
-0.0326,0,0
-0.0322,0.0045761,0.00458543
-0.0318,0.00457659,0.00458593
-0.0314,0,0
-0.031,0,0
-0.0306,0,0
-0.0302,0,0
-0.0298,0,0
-0.0294,0.00367374,0.00367976
-0.029,0,0
-0.0286,0,0
-0.0282,0,0
-0.0278,0,0
-0.0274,0.00436698,0.00437547
-0.027,0,0
-0.0266,0,0
-0.0262,0,0
-0.0258,0,0
-0.0254,0,0
-0.025,0,0
-0.0246,0,0
-0.0242,0,0
-0.0238,0,0
-0.0234,0,0
-0.023,0,0
-0.0226,0,0
-0.0222,0,0
-0.0218,0.00423836,0.00424635
-0.0214,0,0
-0.021,0,0
-0.0206,0,0
-0.0202,0,0
-0.0198,0,0
-0.0194,0,0
-0.019,0,0
-0.0186,0,0
-0.0182,0,0
-0.0178,0,0
-0.0174,0.00456823,0.00457749
-0.017,0,0
-0.0166,0,0
-0.0162,0,0
-0.0158,0.00413611,0.00414371
-0.0154,0,0
-0.015,0,0
-0.0146,0,0
-0.0142,0,0
-0.0138,0.00362112,0.0037804
-0.0134,0,0
-0.013,0,0
-0.0126,0,0
-0.0122,0.00439371,0.00440226
-0.0118,0,0
-0.0114,0,0
-0.011,0.00847569,0.00600448
-0.0106,0,0
-0.0102,0,0
-0.0098,0.00402774,0.00403492
-0.0094,0,0
-0.009,0.00407757,0.00408492
-0.0086,0.00418644,0.00419418
-0.0082,0,0
-0.0078,0,0
-0.0074,0.00411526,0.00412274
-0.007,0.00513491,0.00453815
-0.0066,0.00383273,0.00383921
-0.0062,0.00347805,0.00372093
-0.0058,0.0168518,0.00844233
-0.0054,0.00401885,0.00402597
-0.005,0.0164725,0.00815412
-0.0046,0.0130311,0.00753796
-0.0042,0.0147087,0.0082651
-0.0038,0.0341705,0.0121275
-0.0034,0.0295235,0.0111841
-0.003,0.0362846,0.0127846
-0.0026,0.0585468,0.0151809
-0.0022,0.182336,0.0276136
-0.0018,0.174778,0.0275298
-0.0014,0.317934,0.0364355
-0.001,0.501265,0.0446351
-0.0006,0.795809,0.0572862
-0.0002,0.690707,0.0539809
0.0002,0.764668,0.0568235
0.0006,0.562851,0.0479447
0.001,0.436085,0.0426903
0.0014,0.326502,0.0363543
0.0018,0.222663,0.030993
0.0022,0.133603,0.023671
0.0026,0.126761,0.0226756
0.003,0.0737127,0.0174062
0.0034,0.0437161,0.0134921
0.0038,0.0389549,0.0132047
0.0042,0.00448349,0.00449231
0.0046,0.012357,0.00714886
0.005,0.0121969,0.00705446
0.0054,0.0175546,0.00879845
0.0058,0.0276673,0.0113183
0.0062,0.0181842,0.00911302
0.0066,0.0160532,0.00804137
0.007,0.00425379,0.00426171
0.0074,0.0108859,0.00709333
0.0078,0.00857843,0.00607726
0.0082,0.0103786,0.00652602
0.0086,0.00710776,0.00531364
0.009,0,0
0.0094,0.00393705,0.00394383
0.0098,0,0
0.0102,0,0
0.0106,0,0
0.011,0,0
0.0114,0,0
0.0118,0,0
0.0122,0.00846809,0.00599921
0.0126,0,0
0.013,0,0
0.0134,0,0
0.0138,0,0
0.0142,0,0
0.0146,0.00416754,0.00417511
0.015,0.00416847,0.00417604
0.0154,0,0
0.0158,0,0
0.0162,0,0
0.0166,0,0
0.017,0,0
0.0174,0,0
0.0178,0.00434742,0.00435565
0.0182,0,0
0.0186,0,0
0.019,0,0
0.0194,0,0
0.0198,0,0
0.0202,0.00465127,0.00466068
0.0206,0,0
0.021,0,0
0.0214,0.0041324,0.00413982
0.0218,0,0
0.0222,0,0
0.0226,0,0
0.023,0,0
0.0234,0,0
0.0238,0,0
0.0242,0,0
0.0246,0,0
0.025,0,0
0.0254,0.00401728,0.00402428
0.0258,0,0
0.0262,0.00416599,0.00417351
0.0266,0,0
0.027,0,0
0.0274,0,0
0.0278,0,0
0.0282,0,0
0.0286,0.00411198,0.0041193
0.029,0,0
0.0294,0,0
0.0298,0,0
0.0302,0,0
0.0306,0,0
0.031,0,0
0.0314,0,0
0.0318,0,0
0.0322,0.0043187,0.00432676
0.0326,0,0
0.033,0,0
0.0334,0,0
0.0338,0,0
0.0342,0,0
0.0346,0,0
0.035,0,0
0.0354,0,0
0.0358,0,0
0.0362,0,0
0.0366,0.00426899,0.00427685
0.037,0,0
0.0374,0,0
0.0378,0,0
0.0382,0,0
0.0386,0,0
0.039,0,0
0.0394,0.00786541,0.00557111
0.0398,0,0
0.0402,0.00428519,0.0042931
0.0406,0,0
0.041,0,0
0.0414,0,0
0.0418,0,0
0.0422,0,0
0.0426,0,0
0.043,0.00406471,0.00407181
0.0434,0.00389494,0.00390146
0.0438,0,0
0.0442,0,0
0.0446,0,0
0.045,0,0
0.0454,0,0
0.0458,0,0
0.0462,0,0
0.0466,0,0
0.047,0.00147321,0.00262768
0.0474,0,0
0.0478,0,0
0.0482,0,0
0.0486,0,0
0.049,0,0
0.0494,0,0
0.0498,0,0
0.0502,0,0
0.0506,0,0
0.051,0,0
0.0514,0,0
0.0518,0,0
0.0522,0,0
0.0526,0,0
0.053,0,0
0.0534,0,0
0.0538,0,0
0.0542,0.00435778,0.00436588
0.0546,0,0
0.055,0,0
0.0554,0,0
0.0558,0,0
0.0562,0.00334673,0.00370555
0.0566,0,0
0.057,0,0
0.0574,0,0
0.0578,0,0
0.0582,0,0
0.0586,0,0
0.059,0,0
0.0594,0,0
0.0598,0,0
0.0602,0,0
0.0606,0,0
0.061,0,0
0.0614,0,0
0.0618,0,0
0.0622,0,0
0.0626,0,0
0.063,0,0
0.0634,0,0
0.0638,0,0
0.0642,0,0
0.0646,0.00431287,0.0043207
0.065,0,0
0.0654,0,0
0.0658,0.00817345,0.00578944
0.0662,0,0
0.0666,0,0
0.067,0.00372834,0.00413424
0.0674,0,0
0.0678,0,0
0.0682,0,0
0.0686,0,0
0.069,0.00429496,0.00430268
0.0694,0,0
0.0698,0,0
0.0702,0,0
0.0706,0,0
0.071,0,0
0.0714,0,0
0.0718,0,0
0.0722,0,0
0.0726,0.00446737,0.00447568
0.073,0,0
0.0734,0,0
0.0738,0,0
0.0742,0,0
0.0746,0,0
0.075,0,0
0.0754,0,0
0.0758,0,0
0.0762,0,0
0.0766,0,0
0.077,0.00443134,0.00443946
0.0774,0,0
0.0778,0,0
0.0782,0,0
0.0786,0,0
0.079,0,0
0.0794,0,0
0.0798,0.00125308,0.00227437
0.0802,0,0
0.0806,0.00440377,0.00441176
0.081,0,0
0.0814,0,0
0.0818,0,0
0.0822,0.00858036,0.00607795
0.0826,0,0
0.083,0,0
0.0834,0,0
0.0838,0,0
0.0842,0,0
0.0846,0.00427135,0.00427883
0.085,0,0
0.0854,0,0
0.0858,0,0
0.0862,0,0
0.0866,0,0
0.087,0,0
0.0874,0,0
0.0878,0,0
0.0882,0,0
0.0886,0,0
0.089,0,0
0.0894,0,0
0.0898,0,0
0.0902,0,0
0.0906,0,0
0.091,0,0
0.0914,0.00900617,0.00638001
0.0918,0,0
0.0922,0,0
0.0926,0,0
0.093,0.00431356,0.00432112
0.0934,0,0
0.0938,0.00450833,0.00451658
0.0942,0,0
0.0946,0,0
0.095,0.00453166,0.00453999
0.0954,0,0
0.0958,0,0
0.0962,0,0
0.0966,0,0
0.097,0,0
0.0974,0,0
0.0978,0,0
0.0982,0,0
0.0986,0,0
0.099,0,0
0.0994,0.00543651,0.00544845
0.0998,0.00492997,0.00493979
0.1002,0,0
0.1006,0,0
0.101,0,0
0.1014,0,0
0.1018,0,0
0.1022,0,0
0.1026,0,0
0.103,0,0
0.1034,0,0
0.1038,0,0
0.1042,0,0
0.1046,0.00570168,0.00571479
0.105,0.00569386,0.00570693
0.1054,0,0
0.1058,0,0
0.1062,0,0
0.1066,0.00563762,0.00565042
0.107,0.00573868,0.00575194
0.1074,0,0
0.1078,0,0
0.1082,0,0
0.1086,0,0
0.109,0.00574426,0.00575755
0.1094,0,0
0.1098,0,0
0.1102,0,0
0.1106,0,0
0.111,0,0
0.1114,0,0
0.1118,0.00677093,0.00678939
0.1122,0,0
0.1126,0,0
0.113,0,0
0.1134,0,0
0.1138,0,0
0.1142,0,0
0.1146,0,0
0.115,0,0
0.1154,0.00732992,0.00735155
0.1158,0,0
0.1162,0,0
0.1166,0,0
0.117,0,0
0.1174,0,0
0.1178,0.00732601,0.00734762
0.1182,0,0
0.1186,0.00800808,0.00803391
0.119,0,0
0.1194,0,0
0.1198,0,0
9
-0.1198,0,0
-0.1194,0,0
-0.119,0,0
-0.1186,0,0
-0.1182,0,0
-0.1178,0.00408497,0.00409317
-0.1174,0,0
-0.117,0,0
-0.1166,0,0
-0.1162,0,0
-0.1158,0,0
-0.1154,0,0
-0.115,0,0
-0.1146,0,0
-0.1142,0,0
-0.1138,0,0
-0.1134,0,0
-0.113,0,0
-0.1126,0,0
-0.1122,0,0
-0.1118,0,0
-0.1114,0,0
-0.111,0,0
-0.1106,0,0
-0.1102,0,0
-0.1098,0,0
-0.1094,0,0
-0.109,0,0
-0.1086,0,0
-0.1082,0,0
-0.1078,0,0
-0.1074,0.00404397,0.00405213
-0.107,0,0
-0.1066,0,0
-0.1062,0,0
-0.1058,0,0
-0.1054,0,0
-0.105,0,0
-0.1046,0,0
-0.1042,0,0
-0.1038,0,0
-0.1034,0,0
-0.103,0,0
-0.1026,0,0
-0.1022,0,0
-0.1018,0,0
-0.1014,0,0
-0.101,0,0
-0.1006,0,0
-0.1002,0,0
-0.0998,0,0
-0.0994,0,0
-0.099,0,0
-0.0986,0,0
-0.0982,0,0
-0.0978,0,0
-0.0974,0,0
-0.097,0,0
-0.0966,0,0
-0.0962,0,0
-0.0958,0,0
-0.0954,0,0
-0.095,0,0
-0.0946,0,0
-0.0942,0,0
-0.0938,0,0
-0.0934,0,0
-0.093,0,0
-0.0926,0,0
-0.0922,0,0
-0.0918,0,0
-0.0914,0.00383114,0.00383864
-0.091,0,0
-0.0906,0,0
-0.0902,0,0
-0.0898,0,0
-0.0894,0,0
-0.089,0,0
-0.0886,0,0
-0.0882,0,0
-0.0878,0,0
-0.0874,0,0
-0.087,0,0
-0.0866,0,0
-0.0862,0.00356653,0.00357307
-0.0858,0,0
-0.0854,0,0
-0.085,0,0
-0.0846,0,0
-0.0842,0,0
-0.0838,0,0
-0.0834,0,0
-0.083,0,0
-0.0826,0,0
-0.0822,0,0
-0.0818,0,0
-0.0814,0,0
-0.081,0.00357894,0.00358556
-0.0806,0,0
-0.0802,0,0
-0.0798,0.00389525,0.00390311
-0.0794,0,0
-0.079,0,0
-0.0786,0,0
-0.0782,0,0
-0.0778,0,0
-0.0774,0,0
-0.077,0,0
-0.0766,0,0
-0.0762,0,0
-0.0758,0,0
-0.0754,0,0
-0.075,0,0
-0.0746,0,0
-0.0742,0,0
-0.0738,0.00366711,0.00367411
-0.0734,0,0
-0.073,0,0
-0.0726,0,0
-0.0722,0,0
-0.0718,0.00348398,0.00349031
-0.0714,0.0035145,0.00352095
-0.071,0,0
-0.0706,0,0
-0.0702,0,0
-0.0698,0.00370221,0.00370937
-0.0694,0,0
-0.069,0.00366024,0.00366725
-0.0686,0,0
-0.0682,0,0
-0.0678,0.0032079,0.00321329
-0.0674,0,0
-0.067,0,0
-0.0666,0,0
-0.0662,0,0
-0.0658,0,0
-0.0654,0,0
-0.065,0,0
-0.0646,0,0
-0.0642,0,0
-0.0638,0,0
-0.0634,0.00367174,0.00367883
-0.063,0,0
-0.0626,0,0
-0.0622,0,0
-0.0618,0.00342632,0.0034325
-0.0614,0,0
-0.061,0,0
-0.0606,0.00358252,0.00358929
-0.0602,0,0
-0.0598,0,0
-0.0594,0,0
-0.059,0.00368667,0.00369384
-0.0586,0,0
-0.0582,0,0
-0.0578,0,0
-0.0574,0.00333483,0.00334071
-0.057,0,0
-0.0566,0,0
-0.0562,0.00333798,0.00334387
-0.0558,0,0
-0.0554,0,0
-0.055,0,0
-0.0546,0,0
-0.0542,0,0
-0.0538,0,0
-0.0534,0,0
-0.053,0,0
-0.0526,0.00344819,0.00345449
-0.0522,0,0
-0.0518,0,0
-0.0514,0.00362435,0.00363131
-0.051,0,0
-0.0506,0,0
-0.0502,0,0
-0.0498,0,0
-0.0494,0.00348911,0.00349557
-0.049,0,0
-0.0486,0,0
-0.0482,0,0
-0.0478,0,0
-0.0474,0,0
-0.047,0,0
-0.0466,0,0
-0.0462,0,0
-0.0458,0,0
-0.0454,0,0
-0.045,0,0
-0.0446,0.00381491,0.00382266
-0.0442,0.00321701,0.00350919
-0.0438,0.00368005,0.00368727
-0.0434,0.0033626,0.00336863
-0.043,0.00336411,0.00337015
-0.0426,0,0
-0.0422,0,0
-0.0418,0,0
-0.0414,0,0
-0.041,0.00344984,0.00345621
-0.0406,0.00360773,0.0036147
-0.0402,0,0
-0.0398,0,0
-0.0394,0,0
-0.039,0.00372435,0.00373178
-0.0386,0,0
-0.0382,0,0
-0.0378,0,0
-0.0374,0,0
-0.037,0.00318375,0.00318919
-0.0366,0.00391288,0.0039211
-0.0362,0.00370061,0.00342302
-0.0358,0,0
-0.0354,0,0
-0.035,0,0
-0.0346,0,0
-0.0342,0.0031111,0.00311631
-0.0338,0,0
-0.0334,0.00334348,0.00334951
-0.033,0,0
-0.0326,0.00333777,0.00334378
-0.0322,0,0
-0.0318,0,0
-0.0314,0,0
-0.031,0,0
-0.0306,0,0
-0.0302,0,0
-0.0298,0.00350937,0.00351603
-0.0294,0.00302271,0.00302766
-0.029,0.00342966,0.00343603
-0.0286,0,0
-0.0282,0.00344966,0.00345612
-0.0278,0,0
-0.0274,0.0036909,0.0036983
-0.027,0,0
-0.0266,0.0036594,0.00366668
-0.0262,0.00311341,0.00311868
-0.0258,0.00340899,0.00341531
-0.0254,0,0
-0.025,0,0
-0.0246,0,0
-0.0242,0,0
-0.0238,0,0
-0.0234,0.0109177,0.00632696
-0.023,0,0
-0.0226,0.0068502,0.00485289
-0.0222,0,0
-0.0218,0,0
-0.0214,0,0
-0.021,0,0
-0.0206,0,0
-0.0202,0,0
-0.0198,0,0
-0.0194,0,0
-0.019,0.00336312,0.00336932
-0.0186,0,0
-0.0182,0,0
-0.0178,0,0
-0.0174,0.00369193,0.00369942
-0.017,0.00356981,0.00357681
-0.0166,0.00938252,0.00542633
-0.0162,0,0
-0.0158,0.00333411,0.00334023
-0.0154,0.00334785,0.00335403
-0.015,0,0
-0.0146,0,0
-0.0142,0.0071392,0.00505812
-0.0138,0.00531191,0.00410329
-0.0134,0,0
-0.013,0,0
-0.0126,0,0
-0.0122,0,0
-0.0118,0.00357367,0.00358074
-0.0114,0,0
-0.011,0,0
-0.0106,0,0
-0.0102,0,0
-0.0098,0.0066996,0.00474615
-0.0094,0.00674611,0.0047793
-0.009,0.0066397,0.0047049
-0.0086,0.00656848,0.0046535
-0.0082,0,0
-0.0078,0.0063664,0.00450971
-0.0074,0.0134227,0.00672482
-0.007,0.00542878,0.00415253
-0.0066,0.00619597,0.00438977
-0.0062,0.0161849,0.00716396
-0.0058,0.00650331,0.00460689
-0.0054,0.00987545,0.00571399
-0.005,0.00951563,0.0055036
-0.0046,0.0200347,0.00819969
-0.0042,0.00272119,0.00315464
-0.0038,0.0101365,0.00587426
-0.0034,0.0322167,0.010215
-0.003,0.0244477,0.00926149
-0.0026,0.0546206,0.0129949
-0.0022,0.0802686,0.0160273
-0.0018,0.179385,0.0247403
-0.0014,0.197653,0.0255114
-0.001,0.331208,0.0320815
-0.0006,0.439422,0.0376667
-0.0002,0.531464,0.041902
0.0002,0.572178,0.0435657
0.0006,0.375084,0.0345592
0.001,0.236871,0.0278086
0.0014,0.177679,0.0237513
0.0018,0.125196,0.0205205
0.0022,0.0910063,0.0172371
0.0026,0.0529207,0.0129228
0.003,0.0350158,0.0105769
0.0034,0.0522093,0.0129965
0.0038,0.0216998,0.00868816
0.0042,0.0131764,0.00660049
0.0046,0.00658546,0.00466529
0.005,0.00315371,0.00315933
0.0054,0.0133671,0.00669622
0.0058,0.0177952,0.00797458
0.0062,0.0105754,0.00611542
0.0066,0.00621172,0.00440043
0.007,0.0164499,0.00737035
0.0074,0.0197824,0.00835362
0.0078,0.00640067,0.00453417
0.0082,0.00136415,0.00206994
0.0086,0.000600309,0.00133434
0.009,0,0
0.0094,0,0
0.0098,0.00283444,0.002839
0.0102,0.0060656,0.00429642
0.0106,0.00325383,0.00325984
0.011,0,0
0.0114,0,0
0.0118,0,0
0.0122,0.00328164,0.00328776
0.0126,0,0
0.013,0,0
0.0134,0.00322748,0.00323341
0.0138,0.00306572,0.00307107
0.0142,0.0030937,0.00309915
0.0146,0.00319113,0.00319693
0.015,0,0
0.0154,0,0
0.0158,0,0
0.0162,0.00341663,0.00342329
0.0166,0.00316583,0.00317155
0.017,0,0
0.0174,0,0
0.0178,0,0
0.0182,0,0
0.0186,0.00329429,0.00330049
0.019,0,0
0.0194,0.0032787,0.00328485
0.0198,0,0
0.0202,0,0
0.0206,0.00309902,0.00310451
0.021,0,0
0.0214,0,0
0.0218,0,0
0.0222,0,0
0.0226,0,0
0.023,0.00315177,0.00315746
0.0234,0,0
0.0238,0,0
0.0242,0,0
0.0246,0,0
0.025,0.00955425,0.00553392
0.0254,0,0
0.0258,0,0
0.0262,0,0
0.0266,0,0
0.027,0,0
0.0274,0.00305049,0.00305584
0.0278,0,0
0.0282,0,0
0.0286,0,0
0.029,0.00299505,0.00300021
0.0294,0,0
0.0298,0,0
0.0302,0.00285583,0.00286053
0.0306,0.00307384,0.00307928
0.031,0,0
0.0314,0.00657402,0.00465735
0.0318,0,0
0.0322,0,0
0.0326,0,0
0.033,0.00305439,0.00305978
0.0334,0,0
0.0338,0,0
0.0342,0,0
0.0346,0,0
0.035,0,0
0.0354,0,0
0.0358,0,0
0.0362,0,0
0.0366,0,0
0.037,0,0
0.0374,0.0028143,0.00281888
0.0378,0.00295042,0.00295545
0.0382,0.0029499,0.00295494
0.0386,0,0
0.039,0.00311129,0.0031169
0.0394,0.00292582,0.00293077
0.0398,0,0
0.0402,0,0
0.0406,0,0
0.041,0,0
0.0414,0,0
0.0418,0,0
0.0422,0,0
0.0426,0,0
0.043,0,0
0.0434,0,0
0.0438,0.00277981,0.0027843
0.0442,0,0
0.0446,0,0
0.045,0.00594447,0.00421063
0.0454,0.00350688,0.00351401
0.0458,0,0
0.0462,0,0
0.0466,0,0
0.047,0.00235998,0.00285838
0.0474,0,0
0.0478,0,0
0.0482,0,0
0.0486,0,0
0.049,0.00261599,0.00261997
0.0494,0,0
0.0498,0,0
0.0502,0,0
0.0506,0.00309141,0.00309697
0.051,0,0
0.0514,0,0
0.0518,0.00678617,0.00480803
0.0522,0,0
0.0526,0,0
0.053,0,0
0.0534,0,0
0.0538,0,0
0.0542,0,0
0.0546,0,0
0.055,0,0
0.0554,0,0
0.0558,0,0
0.0562,0,0
0.0566,0.00288661,0.00289148
0.057,0,0
0.0574,0,0
0.0578,0,0
0.0582,0.00298776,0.00299299
0.0586,0,0
0.059,0,0
0.0594,0,0
0.0598,0.0033308,0.0033373
0.0602,0.00631556,0.00447405
0.0606,0,0
0.061,0,0
0.0614,0.00337021,0.00337688
0.0618,0,0
0.0622,0,0
0.0626,0.00663939,0.00470408
0.063,0,0
0.0634,0,0
0.0638,0.00917489,0.005307
0.0642,0,0
0.0646,0.00308675,0.00309236
0.065,0,0
0.0654,0.0032201,0.0032262
0.0658,0.00283612,0.00284086
0.0662,0,0
0.0666,0,0
0.067,0.000596621,0.00139505
0.0674,0,0
0.0678,0.0031171,0.00312283
0.0682,0.00324202,0.00324822
0.0686,0.00324012,0.00324632
0.069,0,0
0.0694,0.00303971,0.00304517
0.0698,0,0
0.0702,0,0
0.0706,0,0
0.071,0.00318513,0.00319114
0.0714,0.00300928,0.00301465
0.0718,0.00601627,0.00426173
0.0722,0,0
0.0726,0.0093823,0.00542694
0.073,0,0
0.0734,0,0
0.0738,0,0
0.0742,0.00319223,0.00319828
0.0746,0,0
0.075,0,0
0.0754,0.00635462,0.00450191
0.0758,0,0
0.0762,0,0
0.0766,0,0
0.077,0,0
0.0774,0.00292876,0.00293387
0.0778,0,0
0.0782,0.00593316,0.00420282
0.0786,0,0
0.079,0.00284393,0.00284876
0.0794,0,0
0.0798,0.00197465,0.00237194
0.0802,0.00644869,0.0045687
0.0806,0,0
0.081,0.00303253,0.00303803
0.0814,0.00566516,0.00401267
0.0818,0.0029577,0.00296294
0.0822,0,0
0.0826,0,0
0.083,0.00295808,0.00296333
0.0834,0,0
0.0838,0,0
0.0842,0.00265134,0.00265556
0.0846,0.00291583,0.00292094
0.085,0.00879267,0.00510277
0.0854,0,0
0.0858,0.00322046,0.0032267
0.0862,0.00304885,0.00305444
0.0866,0.00304758,0.00305317
0.087,0,0
0.0874,0,0
0.0878,0,0
0.0882,0,0
0.0886,0,0
0.089,0,0
0.0894,0.00308708,0.00309283
0.0898,0,0
0.0902,0,0
0.0906,0.00288268,0.0028877
0.091,0.00287543,0.00288042
0.0914,0,0
0.0918,0,0
0.0922,0,0
0.0926,0.00289734,0.00290241
0.093,0.00289664,0.00290172
0.0934,0,0
0.0938,0,0
0.0942,0.00293577,0.00294098
0.0946,0,0
0.095,0.00313817,0.00314413
0.0954,0,0
0.0958,0,0
0.0962,0.00660708,0.00468127
0.0966,0,0
0.097,0,0
0.0974,0,0
0.0978,0.00302609,0.00303164
0.0982,0.00303678,0.00304237
0.0986,0,0
0.099,0.00045214,0.00123761
0.0994,0,0
0.0998,0,0
0.1002,0,0
0.1006,0,0
0.101,0,0
0.1014,0.00341912,0.0034262
0.1018,0,0
0.1022,0.00705548,0.00499965
0.1026,0,0
0.103,0.00628728,0.00445426
0.1034,0,0
0.1038,0,0
0.1042,0.00371254,0.0037209
0.1046,0,0
0.105,0.0037846,0.00379329
0.1054,0,0
0.1058,0.00377106,0.00377968
0.1062,0,0
0.1066,0,0
0.107,0,0
0.1074,0.0037173,0.00372568
0.1078,0.00385716,0.00386619
0.1082,0,0
0.1086,0,0
0.109,0,0
0.1094,0,0
0.1098,0,0
0.1102,0.00409856,0.00410875
0.1106,0,0
0.111,0,0
0.1114,0,0
0.1118,0.0044898,0.00450204
0.1122,0,0
0.1126,0.00409138,0.00410155
0.113,0.00444536,0.00445736
0.1134,0,0
0.1138,0,0
0.1142,0,0
0.1146,0,0
0.115,0.00485801,0.00487235
0.1154,0.00971531,0.00689004
0.1158,0,0
0.1162,0.00940602,0.00667007
0.1166,0,0
0.117,0,0
0.1174,0,0
0.1178,0.00970926,0.00688575
0.1182,0,0
0.1186,0,0
0.119,0,0
0.1194,0,0
0.1198,0,0
