# X , Y , E Distribution=true
1
-0.1198,0.00615002,0.00887806
-0.1194,0,0
-0.119,0,0
-0.1186,0,0
-0.1182,0,0
-0.1178,0,0
-0.1174,0,0
-0.117,0,0
-0.1166,0,0
-0.1162,0,0
-0.1158,0,0
-0.1154,0,0
-0.115,0,0
-0.1146,0,0
-0.1142,0,0
-0.1138,0,0
-0.1134,0,0
-0.113,0,0
-0.1126,0,0
-0.1122,0,0
-0.1118,0,0
-0.1114,0,0
-0.111,0,0
-0.1106,0,0
-0.1102,0,0
-0.1098,0,0
-0.1094,0,0
-0.109,0.0128037,0.0128282
-0.1086,0,0
-0.1082,0,0
-0.1078,0,0
-0.1074,0,0
-0.107,0,0
-0.1066,0,0
-0.1062,0,0
-0.1058,0,0
-0.1054,0,0
-0.105,0,0
-0.1046,0,0
-0.1042,0,0
-0.1038,0,0
-0.1034,0,0
-0.103,0,0
-0.1026,0,0
-0.1022,0,0
-0.1018,0,0
-0.1014,0,0
-0.101,0,0
-0.1006,0,0
-0.1002,0,0
-0.0998,0,0
-0.0994,0,0
-0.099,0,0
-0.0986,0,0
-0.0982,0,0
-0.0978,0,0
-0.0974,0,0
-0.097,0,0
-0.0966,0.0127852,0.0128095
-0.0962,0,0
-0.0958,0,0
-0.0954,0,0
-0.095,0,0
-0.0946,0,0
-0.0942,0,0
-0.0938,0,0
-0.0934,0,0
-0.093,0,0
-0.0926,0,0
-0.0922,0,0
-0.0918,0,0
-0.0914,0,0
-0.091,0,0
-0.0906,0,0
-0.0902,0,0
-0.0898,0,0
-0.0894,0.00160634,0.00438123
-0.089,0,0
-0.0886,0,0
-0.0882,0,0
-0.0878,0,0
-0.0874,0,0
-0.087,0,0
-0.0866,0,0
-0.0862,0,0
-0.0858,0,0
-0.0854,0,0
-0.085,0,0
-0.0846,0,0
-0.0842,0,0
-0.0838,0,0
-0.0834,0,0
-0.083,0,0
-0.0826,0,0
-0.0822,0,0
-0.0818,0,0
-0.0814,0.0117786,0.0117991
-0.081,0,0
-0.0806,0,0
-0.0802,0,0
-0.0798,0,0
-0.0794,0,0
-0.079,0,0
-0.0786,0,0
-0.0782,0,0
-0.0778,0,0
-0.0774,0,0
-0.077,0,0
-0.0766,0,0
-0.0762,0,0
-0.0758,0,0
-0.0754,0,0
-0.075,0,0
-0.0746,0,0
-0.0742,0,0
-0.0738,0,0
-0.0734,0,0
-0.073,0,0
-0.0726,0,0
-0.0722,0,0
-0.0718,0,0
-0.0714,0,0
-0.071,0,0
-0.0706,0,0
-0.0702,0,0
-0.0698,0,0
-0.0694,0,0
-0.069,0,0
-0.0686,0,0
-0.0682,0,0
-0.0678,0.012427,0.0124496
-0.0674,0,0
-0.067,0.012813,0.012837
-0.0666,0,0
-0.0662,0,0
-0.0658,0,0
-0.0654,0,0
-0.065,0,0
-0.0646,0,0
-0.0642,0,0
-0.0638,0,0
-0.0634,0,0
-0.063,0,0
-0.0626,0,0
-0.0622,0.0116169,0.0116367
-0.0618,0,0
-0.0614,0.0128831,0.0129073
-0.061,0,0
-0.0606,0.0131528,0.0131781
-0.0602,0,0
-0.0598,0,0
-0.0594,0.000709656,0.0029422
-0.059,0,0
-0.0586,0,0
-0.0582,0,0
-0.0578,0,0
-0.0574,0,0
-0.057,0,0
-0.0566,0,0
-0.0562,0,0
-0.0558,0,0
-0.0554,0,0
-0.055,0,0
-0.0546,0,0
-0.0542,0,0
-0.0538,0,0
-0.0534,0.0132034,0.0132288
-0.053,0,0
-0.0526,0,0
-0.0522,0,0
-0.0518,0,0
-0.0514,0,0
-0.051,0,0
-0.0506,0,0
-0.0502,0,0
-0.0498,0,0
-0.0494,0,0
-0.049,0.0118618,0.0118823
-0.0486,0,0
-0.0482,0,0
-0.0478,0,0
-0.0474,0,0
-0.047,0,0
-0.0466,0,0
-0.0462,0.0123341,0.0123562
-0.0458,0,0
-0.0454,0,0
-0.045,0,0
-0.0446,0.00132058,0.00426675
-0.0442,0,0
-0.0438,0,0
-0.0434,0,0
-0.043,0,0
-0.0426,0,0
-0.0422,0,0
-0.0418,0,0
-0.0414,0,0
-0.041,0.0123897,0.0124119
-0.0406,0,0
-0.0402,0,0
-0.0398,0,0
-0.0394,0,0
-0.039,0,0
-0.0386,0,0
-0.0382,0,0
-0.0378,0,0
-0.0374,0,0
-0.037,0,0
-0.0366,0,0
-0.0362,0,0
-0.0358,0,0
-0.0354,0,0
-0.035,0,0
-0.0346,0,0
-0.0342,0,0
-0.0338,0.0135235,0.0135498
-0.0334,0,0
-0.033,0,0
-0.0326,0,0
-0.0322,0.0118991,0.0119196
-0.0318,0,0
-0.0314,0.0114466,0.0114655
-0.031,0,0
-0.0306,0,0
-0.0302,0,0
-0.0298,0,0
-0.0294,0.0124618,0.0124841
-0.029,0,0
-0.0286,0,0
-0.0282,0,0
-0.0278,0.0135352,0.0135616
-0.0274,0,0
-0.027,0,0
-0.0266,0,0
-0.0262,0,0
-0.0258,0,0
-0.0254,0.0130568,0.0130813
-0.025,0,0
-0.0246,0,0
-0.0242,0,0
-0.0238,0,0
-0.0234,0,0
-0.023,0,0
-0.0226,0,0
-0.0222,0,0
-0.0218,0,0
-0.0214,0,0
-0.021,0,0
-0.0206,0,0
-0.0202,0.0122405,0.012262
-0.0198,0,0
-0.0194,0.0131871,0.0132121
-0.019,0,0
-0.0186,0,0
-0.0182,0,0
-0.0178,0,0
-0.0174,0,0
-0.017,0.014026,0.0140541
-0.0166,0,0
-0.0162,0,0
-0.0158,0,0
-0.0154,0,0
-0.015,0,0
-0.0146,0,0
-0.0142,0,0
-0.0138,0.0138841,0.0139117
-0.0134,0.00621209,0.00923328
-0.013,0,0
-0.0126,0,0
-0.0122,0,0
-0.0118,0,0
-0.0114,0,0
-0.011,0,0
-0.0106,0,0
-0.0102,0,0
-0.0098,0,0
-0.0094,0.0262375,0.0185875
-0.009,0,0
-0.0086,0.0130267,0.0130509
-0.0082,0,0
-0.0078,0,0
-0.0074,0.0140705,0.0140987
-0.007,0,0
-0.0066,0.0257028,0.018208
-0.0062,0,0
-0.0058,0.0130595,0.0130838
-0.0054,0.0438083,0.0232053
-0.005,0.0122231,0.0122443
-0.0046,0.0242502,0.0171771
-0.0042,0.0376701,0.0217885
-0.0038,0.0510761,0.0255864
-0.0034,0.0848587,0.0334099
-0.003,0.0905532,0.0344657
-0.0026,0.205023,0.0524793
-0.0022,0.429876,0.0765677
-0.0018,0.636338,0.0927698
-0.0014,1.15254,0.12032
-0.001,1.65526,0.143921
-0.0006,2.56633,0.183722
-0.0002,2.50871,0.17952
0.0002,1.92981,0.157245
0.0006,1.68236,0.144402
0.001,0.786946,0.0978929
0.0014,0.447401,0.073196
0.0018,0.3368,0.0656849
0.0022,0.106571,0.0365111
0.0026,0.0395407,0.0228717
0.003,0.0138041,0.0138311
0.0034,0.0133891,0.0134145
0.0038,0.011647,0.0116662
0.0042,0.0228952,0.0169575
0.0046,0,0
0.005,0,0
0.0054,0,0
0.0058,0,0
0.0062,0,0
0.0066,0,0
0.007,0,0
0.0074,0,0
0.0078,0,0
0.0082,0.0121431,0.0121639
0.0086,0,0
0.009,0.000708727,0.00306621
0.0094,0,0
0.0098,0.0121577,0.0121786
0.0102,0,0
0.0106,0,0
0.011,0,0
0.0114,0,0
0.0118,0,0
0.0122,0.0132156,0.0132403
0.0126,0,0
0.013,0,0
0.0134,0,0
0.0138,0.0139351,0.0139624
0.0142,0,0
0.0146,0,0
0.015,0.0144829,0.0145124
0.0154,0,0
0.0158,0.0247625,0.0175404
0.0162,0,0
0.0166,0,0
0.017,0,0
0.0174,0,0
0.0178,0,0
0.0182,0,0
0.0186,0,0
0.019,0.0192498,0.0156262
0.0194,0,0
0.0198,0,0
0.0202,0,0
0.0206,0,0
0.021,0,0
0.0214,0,0
0.0218,0,0
0.0222,0.0253414,0.017951
0.0226,0,0
0.023,0,0
0.0234,0,0
0.0238,0,0
0.0242,0,0
0.0246,0.0130879,0.013112
0.025,0.0131448,0.013169
0.0254,0,0
0.0258,0,0
0.0262,0,0
0.0266,0,0
0.027,0,0
0.0274,0,0
0.0278,0,0
0.0282,0.0139279,0.0139551
0.0286,0,0
0.029,0,0
0.0294,0,0
0.0298,0,0
0.0302,0,0
0.0306,0,0
0.031,0,0
0.0314,0,0
0.0318,0,0
0.0322,0,0
0.0326,0,0
0.033,0,0
0.0334,0,0
0.0338,0.0129539,0.0129773
0.0342,0,0
0.0346,0,0
0.035,0,0
0.0354,0,0
0.0358,0,0
0.0362,0,0
0.0366,0,0
0.037,0,0
0.0374,0.0129957,0.0130192
0.0378,0,0
0.0382,0,0
0.0386,0,0
0.039,0,0
0.0394,0.0251831,0.0178384
0.0398,0,0
0.0402,0,0
0.0406,0,0
0.041,0,0
0.0414,0,0
0.0418,0,0
0.0422,0,0
0.0426,0,0
0.043,0,0
0.0434,0,0
0.0438,0.00251645,0.00563595
0.0442,0,0
0.0446,0,0
0.045,0,0
0.0454,0,0
0.0458,0,0
0.0462,0,0
0.0466,0,0
0.047,0,0
0.0474,0,0
0.0478,0,0
0.0482,0,0
0.0486,0,0
0.049,0,0
0.0494,0,0
0.0498,0,0
0.0502,0,0
0.0506,0,0
0.051,0,0
0.0514,0,0
0.0518,0.0010922,0.00365973
0.0522,0,0
0.0526,0,0
0.053,0,0
0.0534,0.0132007,0.0132248
0.0538,0,0
0.0542,0,0
0.0546,0,0
0.055,0,0
0.0554,0,0
0.0558,0,0
0.0562,0,0
0.0566,0.0136144,0.01364
0.057,0,0
0.0574,0,0
0.0578,0,0
0.0582,0,0
0.0586,0,0
0.059,0,0
0.0594,0,0
0.0598,0,0
0.0602,0,0
0.0606,0,0
0.061,0.0131549,0.0131787
0.0614,0,0
0.0618,0.0125062,0.0125277
0.0622,0,0
0.0626,0.0131826,0.0132065
0.063,0,0
0.0634,0,0
0.0638,0,0
0.0642,0,0
0.0646,0,0
0.065,0,0
0.0654,0,0
0.0658,0,0
0.0662,0,0
0.0666,0,0
0.067,0,0
0.0674,0,0
0.0678,0,0
0.0682,0,0
0.0686,0,0
0.069,0,0
0.0694,0,0
0.0698,0,0
0.0702,0,0
0.0706,0,0
0.071,0,0
0.0714,0,0
0.0718,0.0148428,0.0148729
0.0722,0,0
0.0726,0,0
0.073,0,0
0.0734,0,0
0.0738,0,0
0.0742,0,0
0.0746,0,0
0.075,0,0
0.0754,0.0133118,0.013336
0.0758,0.00378531,0.00690465
0.0762,0.0134646,0.0134893
0.0766,0.0133111,0.0133353
0.077,0,0
0.0774,0,0
0.0778,0,0
0.0782,0,0
0.0786,0,0
0.079,0,0
0.0794,0,0
0.0798,0,0
0.0802,0,0
0.0806,0,0
0.081,0,0
0.0814,0,0
0.0818,0,0
0.0822,0,0
0.0826,0,0
0.083,0,0
0.0834,0,0
0.0838,0,0
0.0842,0,0
0.0846,0.00131551,0.00432443
0.085,0,0
0.0854,0.00119714,0.00397395
0.0858,0,0
0.0862,0,0
0.0866,0,0
0.087,0,0
0.0874,0,0
0.0878,0,0
0.0882,0,0
0.0886,0,0
0.089,0,0
0.0894,0,0
0.0898,0,0
0.0902,0.013921,0.0139472
0.0906,0,0
0.091,0,0
0.0914,0,0
0.0918,0,0
0.0922,0,0
0.0926,0,0
0.093,0,0
0.0934,0,0
0.0938,0,0
0.0942,0,0
0.0946,0,0
0.095,0,0
0.0954,0,0
0.0958,0,0
0.0962,0.0135361,0.0135608
0.0966,0,0
0.097,0,0
0.0974,0.0143627,0.0143906
0.0978,0,0
0.0982,0,0
0.0986,0,0
0.099,0.0147435,0.0147728
0.0994,0,0
0.0998,0,0
0.1002,0,0
0.1006,0,0
0.101,0.0169067,0.0169452
0.1014,0,0
0.1018,0,0
0.1022,0,0
0.1026,0.0155974,0.0156301
0.103,0.0147806,0.01481
0.1034,0,0
0.1038,0,0
0.1042,0,0
0.1046,0,0
0.105,0,0
0.1054,0,0
0.1058,0,0
0.1062,0,0
0.1066,0.0169523,0.0169908
0.107,0,0
0.1074,0.0359252,0.0254643
0.1078,0,0
0.1082,0,0
0.1086,0,0
0.109,0,0
0.1094,0,0
0.1098,0,0
0.1102,0.0149441,0.0172942
0.1106,0,0
0.111,0,0
0.1114,0,0
0.1118,0,0
0.1122,0,0
0.1126,0,0
0.113,0.0201925,0.020247
0.1134,0,0
0.1138,0,0
0.1142,0,0
0.1146,0,0
0.115,0,0
0.1154,0,0
0.1158,0,0
0.1162,0.0231252,0.0231965
0.1166,0,0
0.117,0,0
0.1174,0,0
0.1178,0,0
0.1182,0,0
0.1186,0,0
0.119,0,0
0.1194,0,0
0.1198,0,0
2
-0.1198,0.00309729,0.00431045
-0.1194,0,0
-0.119,0,0
-0.1186,0,0
-0.1182,0,0
-0.1178,0,0
-0.1174,0,0
-0.117,0,0
-0.1166,0,0
-0.1162,0,0
-0.1158,0,0
-0.1154,0,0
-0.115,0,0
-0.1146,0,0
-0.1142,0,0
-0.1138,0,0
-0.1134,0,0
-0.113,0,0
-0.1126,0,0
-0.1122,0,0
-0.1118,0,0
-0.1114,0,0
-0.111,0,0
-0.1106,0,0
-0.1102,0.00611293,0.00612488
-0.1098,0,0
-0.1094,0,0
-0.109,0,0
-0.1086,0,0
-0.1082,0,0
-0.1078,0,0
-0.1074,0,0
-0.107,0,0
-0.1066,0,0
-0.1062,0,0
-0.1058,0,0
-0.1054,0,0
-0.105,0,0
-0.1046,0,0
-0.1042,0,0
-0.1038,0,0
-0.1034,0,0
-0.103,0,0
-0.1026,0,0
-0.1022,0,0
-0.1018,0,0
-0.1014,0,0
-0.101,0,0
-0.1006,0,0
-0.1002,0,0
-0.0998,0,0
-0.0994,0,0
-0.099,0,0
-0.0986,0,0
-0.0982,0,0
-0.0978,0,0
-0.0974,0,0
-0.097,0.00648507,0.00649847
-0.0966,0.0060312,0.00604279
-0.0962,0,0
-0.0958,0,0
-0.0954,0,0
-0.095,0,0
-0.0946,0,0
-0.0942,0,0
-0.0938,0.00549595,0.00550557
-0.0934,0,0
-0.093,0,0
-0.0926,0,0
-0.0922,0,0
-0.0918,0,0
-0.0914,0,0
-0.091,0,0
-0.0906,0.00627918,0.00629172
-0.0902,0.0062855,0.00629807
-0.0898,0,0
-0.0894,0.010321,0.00757066
-0.089,0,0
-0.0886,0,0
-0.0882,0,0
-0.0878,0,0
-0.0874,0,0
-0.087,0,0
-0.0866,0,0
-0.0862,0,0
-0.0858,0,0
-0.0854,0,0
-0.085,0,0
-0.0846,0,0
-0.0842,0.00601627,0.00602777
-0.0838,0,0
-0.0834,0,0
-0.083,0.00555488,0.00556469
-0.0826,0,0
-0.0822,0,0
-0.0818,0,0
-0.0814,0,0
-0.081,0,0
-0.0806,0,0
-0.0802,0,0
-0.0798,0,0
-0.0794,0,0
-0.079,0,0
-0.0786,0.00182828,0.00321776
-0.0782,0,0
-0.0778,0,0
-0.0774,0,0
-0.077,0,0
-0.0766,0,0
-0.0762,0,0
-0.0758,0,0
-0.0754,0,0
-0.075,0,0
-0.0746,0,0
-0.0742,0,0
-0.0738,0,0
-0.0734,0,0
-0.073,0,0
-0.0726,0,0
-0.0722,0,0
-0.0718,0.0054943,0.00550386
-0.0714,0,0
-0.071,0,0
-0.0706,0.00579372,0.00580435
-0.0702,0,0
-0.0698,0,0
-0.0694,0,0
-0.069,0,0
-0.0686,0,0
-0.0682,0.00635194,0.00636471
-0.0678,0.00320664,0.00430036
-0.0674,0,0
-0.067,0,0
-0.0666,0,0
-0.0662,0,0
-0.0658,0,0
-0.0654,0,0
-0.065,0,0
-0.0646,0,0
-0.0642,0,0
-0.0638,0,0
-0.0634,0,0
-0.063,0,0
-0.0626,0,0
-0.0622,0,0
-0.0618,0,0
-0.0614,0,0
-0.061,0,0
-0.0606,0,0
-0.0602,0,0
-0.0598,0.00602701,0.00603849
-0.0594,0.00528159,0.00545252
-0.059,0,0
-0.0586,0,0
-0.0582,0.00569564,0.00570589
-0.0578,0,0
-0.0574,0,0
-0.057,0,0
-0.0566,0,0
-0.0562,0,0
-0.0558,0,0
-0.0554,0,0
-0.055,0,0
-0.0546,0.00534755,0.00535657
-0.0542,0,0
-0.0538,0,0
-0.0534,0,0
-0.053,0,0
-0.0526,0,0
-0.0522,0,0
-0.0518,0.00147321,0.00288401
-0.0514,0,0
-0.051,0,0
-0.0506,0,0
-0.0502,0.00583039,0.00584111
-0.0498,0,0
-0.0494,0,0
-0.049,0.00619326,0.00620535
-0.0486,0,0
-0.0482,0,0
-0.0478,0.0060803,0.00609195
-0.0474,0.00675161,0.00676597
-0.047,0,0
-0.0466,0,0
-0.0462,0,0
-0.0458,0,0
-0.0454,0,0
-0.045,0.00588869,0.00589962
-0.0446,0.00570709,0.00601499
-0.0442,0.00639499,0.00640787
-0.0438,0,0
-0.0434,0,0
-0.043,0,0
-0.0426,0,0
-0.0422,0.00593597,0.00594706
-0.0418,0,0
-0.0414,0,0
-0.041,0,0
-0.0406,0,0
-0.0402,0,0
-0.0398,0,0
-0.0394,0,0
-0.039,0,0
-0.0386,0,0
-0.0382,0,0
-0.0378,0.00581479,0.00582542
-0.0374,0.00581537,0.005826
-0.037,0.00583175,0.00584244
-0.0366,0.0064191,0.00643205
-0.0362,0,0
-0.0358,0,0
-0.0354,0,0
-0.035,0,0
-0.0346,0,0
-0.0342,0,0
-0.0338,0,0
-0.0334,0,0
-0.033,0,0
-0.0326,0,0
-0.0322,0,0
-0.0318,0,0
-0.0314,0,0
-0.031,0,0
-0.0306,0,0
-0.0302,0,0
-0.0298,0,0
-0.0294,0.00571102,0.00572126
-0.029,0.00579257,0.0058031
-0.0286,0,0
-0.0282,0,0
-0.0278,0,0
-0.0274,0,0
-0.027,0,0
-0.0266,0,0
-0.0262,0,0
-0.0258,0.00572222,0.00573248
-0.0254,0.00572247,0.00573274
-0.025,0,0
-0.0246,0,0
-0.0242,0.00967478,0.00772244
-0.0238,0.0111133,0.0078743
-0.0234,0,0
-0.023,0,0
-0.0226,0.00618667,0.00619866
-0.0222,0,0
-0.0218,0,0
-0.0214,0.00631008,0.00632255
-0.021,0,0
-0.0206,0,0
-0.0202,0,0
-0.0198,0,0
-0.0194,0,0
-0.019,0,0
-0.0186,0,0
-0.0182,0,0
-0.0178,0.0058372,0.0057669
-0.0174,0,0
-0.017,0,0
-0.0166,0.00640805,0.0064209
-0.0162,0,0
-0.0158,0,0
-0.0154,0.00239215,0.00367137
-0.015,0,0
-0.0146,0,0
-0.0142,0,0
-0.0138,0,0
-0.0134,0.00340399,0.00461747
-0.013,0,0
-0.0126,0.00593162,0.00594262
-0.0122,0,0
-0.0118,0,0
-0.0114,0.00563687,0.00564681
-0.011,0,0
-0.0106,0.00600014,0.00601139
-0.0102,0.00602758,0.00603893
-0.0098,0.00854002,0.00721181
-0.0094,0,0
-0.009,0.0154015,0.00947775
-0.0086,0.0117931,0.00835453
-0.0082,0.00573624,0.00574652
-0.0078,0,0
-0.0074,0.00567712,0.00568719
-0.007,0.00315468,0.00436797
-0.0066,0.00585462,0.00586532
-0.0062,0,0
-0.0058,0.0185137,0.0103283
-0.0054,0.0247296,0.0117791
-0.005,0.0112682,0.00798241
-0.0046,0.011041,0.00782062
-0.0042,0.0170615,0.00986797
-0.0038,0.023398,0.0117214
-0.0034,0.069147,0.0204091
-0.003,0.04752,0.0167604
-0.0026,0.10925,0.0258526
-0.0022,0.181866,0.0335793
-0.0018,0.320135,0.0443199
-0.0014,0.521841,0.0547284
-0.001,0.783338,0.0668075
-0.0006,1.11497,0.081562
-0.0002,1.09419,0.0798719
0.0002,1.10504,0.0802907
0.0006,0.896893,0.0710076
0.001,0.568997,0.0560198
0.0014,0.347938,0.0434479
0.0018,0.156453,0.0300974
0.0022,0.0883475,0.0224155
0.0026,0.0173646,0.0100466
0.003,0.020592,0.0112697
0.0034,0.012354,0.00875344
0.0038,0.0105802,0.00749369
0.0042,0.0123379,0.0083892
0.0046,0,0
0.005,0,0
0.0054,0.0120023,0.00850276
0.0058,0,0
0.0062,0,0
0.0066,0.0122758,0.00870064
0.007,0,0
0.0074,0,0
0.0078,0.0168959,0.009772
0.0082,0,0
0.0086,0,0
0.009,0.0112248,0.00806605
0.0094,0,0
0.0098,0,0
0.0102,0.00593208,0.00594303
0.0106,0,0
0.011,0,0
0.0114,0.00581809,0.00582862
0.0118,0,0
0.0122,0.00540495,0.00541493
0.0126,0.00414855,0.0049928
0.013,0,0
0.0134,0.0170292,0.00984923
0.0138,0.00689919,0.00691398
0.0142,0,0
0.0146,0,0
0.015,0,0
0.0154,0.00577392,0.00578428
0.0158,0,0
0.0162,0.0115613,0.00818974
0.0166,0,0
0.017,0,0
0.0174,0,0
0.0178,0,0
0.0182,0,0
0.0186,0,0
0.019,0.00266971,0.00387327
0.0194,0,0
0.0198,0.00572919,0.00573938
0.0202,0,0
0.0206,0,0
0.021,0,0
0.0214,0.00601141,0.00602262
0.0218,0.00584444,0.00585504
0.0222,0,0
0.0226,0,0
0.023,0.0061799,0.00619175
0.0234,0,0
0.0238,0,0
0.0242,0,0
0.0246,0,0
0.025,0,0
0.0254,0,0
0.0258,0,0
0.0262,0,0
0.0266,0,0
0.027,0,0
0.0274,0,0
0.0278,0,0
0.0282,0,0
0.0286,0.00344776,0.00441756
0.029,0,0
0.0294,0,0
0.0298,0.00621034,0.00622228
0.0302,0.0174655,0.0101019
0.0306,0,0
0.031,0,0
0.0314,0,0
0.0318,0,0
0.0322,0.0061888,0.00620066
0.0326,0,0
0.033,0,0
0.0334,0,0
0.0338,0,0
0.0342,0,0
0.0346,0,0
0.035,0,0
0.0354,0.00590729,0.00591809
0.0358,0.00583067,0.00584119
0.0362,0,0
0.0366,0.00594982,0.00596077
0.037,0.00595036,0.00596132
0.0374,0,0
0.0378,0,0
0.0382,0,0
0.0386,0,0
0.039,0,0
0.0394,0,0
0.0398,0,0
0.0402,0,0
0.0406,0,0
0.041,0,0
0.0414,0,0
0.0418,0,0
0.0422,0,0
0.0426,0,0
0.043,0,0
0.0434,0,0
0.0438,0.00650082,0.00606704
0.0442,0,0
0.0446,0,0
0.045,0,0
0.0454,0,0
0.0458,0,0
0.0462,0,0
0.0466,0,0
0.047,0,0
0.0474,0,0
0.0478,0.0066517,0.00666535
0.0482,0,0
0.0486,0,0
0.049,0,0
0.0494,0,0
0.0498,0,0
0.0502,0,0
0.0506,0,0
0.051,0.0111794,0.00791963
0.0514,0.00557943,0.00558903
0.0518,0.00498224,0.00522979
0.0522,0.00580444,0.00581483
0.0526,0,0
0.053,0,0
0.0534,0,0
0.0538,0,0
0.0542,0,0
0.0546,0,0
0.055,0,0
0.0554,0.00548723,0.0054965
0.0558,0.00545268,0.00546184
0.0562,0,0
0.0566,0,0
0.057,0,0
0.0574,0,0
0.0578,0,0
0.0582,0,0
0.0586,0,0
0.059,0,0
0.0594,0,0
0.0598,0,0
0.0602,0,0
0.0606,0.00587343,0.00588404
0.061,0.00587393,0.00588454
0.0614,0.00558251,0.0055921
0.0618,0.00588134,0.00589198
0.0622,0,0
0.0626,0,0
0.063,0,0
0.0634,0,0
0.0638,0,0
0.0642,0,0
0.0646,0,0
0.065,0,0
0.0654,0,0
0.0658,0.00556162,0.00557112
0.0662,0,0
0.0666,0,0
0.067,0,0
0.0674,0,0
0.0678,0,0
0.0682,0,0
0.0686,0,0
0.069,0,0
0.0694,0,0
0.0698,0,0
0.0702,0,0
0.0706,0,0
0.071,0.00611118,0.00612264
0.0714,0.00611185,0.00612331
0.0718,0,0
0.0722,0,0
0.0726,0,0
0.073,0,0
0.0734,0,0
0.0738,0,0
0.0742,0.00591734,0.00592807
0.0746,0,0
0.075,0.00619607,0.00620784
0.0754,0,0
0.0758,0.00389734,0.00467146
0.0762,0,0
0.0766,0,0
0.077,0,0
0.0774,0,0
0.0778,0,0
0.0782,0.00595173,0.00596258
0.0786,0,0
0.079,0,0
0.0794,0,0
0.0798,0,0
0.0802,0,0
0.0806,0,0
0.081,0,0
0.0814,0,0
0.0818,0.00589364,0.00590427
0.0822,0,0
0.0826,0,0
0.083,0,0
0.0834,0,0
0.0838,0,0
0.0842,0,0
0.0846,0.00569657,0.00599264
0.085,0,0
0.0854,0.00529705,0.005566
0.0858,0,0
0.0862,0,0
0.0866,0,0
0.087,0,0
0.0874,0.00571977,0.00572977
0.0878,0,0
0.0882,0.00486338,0.00542425
0.0886,0,0
0.089,0,0
0.0894,0.00558264,0.00559216
0.0898,0,0
0.0902,0,0
0.0906,0.00581241,0.00582273
0.091,0,0
0.0914,0,0
0.0918,0,0
0.0922,0,0
0.0926,0,0
0.093,0.0117573,0.00832957
0.0934,0,0
0.0938,0,0
0.0942,0,0
0.0946,0.00601495,0.00602599
0.095,0,0
0.0954,0,0
0.0958,0,0
0.0962,0,0
0.0966,0,0
0.097,0,0
0.0974,0,0
0.0978,0,0
0.0982,0.00594554,0.00595631
0.0986,0,0
0.099,0,0
0.0994,0,0
0.0998,0,0
0.1002,0,0
0.1006,0,0
0.101,0,0
0.1014,0.00746257,0.00747953
0.1018,0,0
0.1022,0,0
0.1026,0,0
0.103,0,0
0.1034,0,0
0.1038,0,0
0.1042,0,0
0.1046,0,0
0.105,0,0
0.1054,0,0
0.1058,0,0
0.1062,0,0
0.1066,0,0
0.107,0,0
0.1074,0,0
0.1078,0,0
0.1082,0,0
0.1086,0.00734468,0.00736107
0.109,0,0
0.1094,0,0
0.1098,0,0
0.1102,0,0
0.1106,0,0
0.111,0,0
0.1114,0.00064965,0.0023004
0.1118,0,0
0.1122,0,0
0.1126,0.00520698,0.00659797
0.113,0,0
0.1134,0,0
0.1138,0,0
0.1142,0,0
0.1146,0,0
0.115,0,0
0.1154,0,0
0.1158,0,0
0.1162,0,0
0.1166,0,0
0.117,0,0
0.1174,0,0
0.1178,0,0
0.1182,0,0
0.1186,0,0
0.119,0,0
0.1194,0,0
0.1198,0.011711,0.0117525
3
-0.1198,0.00622716,0.00623908
-0.1194,0,0
-0.119,0,0
-0.1186,0,0
-0.1182,0,0
-0.1178,0,0
-0.1174,0,0
-0.117,0,0
-0.1166,0,0
-0.1162,0,0
-0.1158,0,0
-0.1154,0.00603918,0.00605037
-0.115,0,0
-0.1146,0,0
-0.1142,0,0
-0.1138,0,0
-0.1134,0,0
-0.113,0,0
-0.1126,0,0
-0.1122,0,0
-0.1118,0,0
-0.1114,0,0
-0.111,0.00705807,0.00707333
-0.1106,0.00621927,0.00638457
-0.1102,0,0
-0.1098,0,0
-0.1094,0.00616221,0.00617384
-0.109,0,0
-0.1086,0,0
-0.1082,0,0
-0.1078,0,0
-0.1074,0,0
-0.107,0,0
-0.1066,0,0
-0.1062,0,0
-0.1058,0,0
-0.1054,0,0
-0.105,0,0
-0.1046,0,0
-0.1042,0,0
-0.1038,0,0
-0.1034,0,0
-0.103,0,0
-0.1026,0,0
-0.1022,0,0
-0.1018,0,0
-0.1014,0,0
-0.101,0,0
-0.1006,0,0
-0.1002,0.0125111,0.00886357
-0.0998,0.0062473,0.00625921
-0.0994,0,0
-0.099,0,0
-0.0986,0,0
-0.0982,0,0
-0.0978,0,0
-0.0974,0,0
-0.097,0,0
-0.0966,0,0
-0.0962,0,0
-0.0958,0,0
-0.0954,0,0
-0.095,0,0
-0.0946,0,0
-0.0942,0.00574938,0.00575944
-0.0938,0,0
-0.0934,0.00569158,0.00570144
-0.093,0,0
-0.0926,0.00577358,0.00578373
-0.0922,0,0
-0.0918,0,0
-0.0914,0,0
-0.091,0,0
-0.0906,0,0
-0.0902,0,0
-0.0898,0,0
-0.0894,0,0
-0.089,0,0
-0.0886,0,0
-0.0882,0,0
-0.0878,0,0
-0.0874,0,0
-0.087,0,0
-0.0866,0,0
-0.0862,0,0
-0.0858,0,0
-0.0854,0,0
-0.085,0,0
-0.0846,0,0
-0.0842,0,0
-0.0838,0,0
-0.0834,0.006114,0.00612533
-0.083,0.00610678,0.00611808
-0.0826,0.00625624,0.0062681
-0.0822,0,0
-0.0818,0,0
-0.0814,0,0
-0.081,0,0
-0.0806,0,0
-0.0802,0.00621053,0.0062222
-0.0798,0,0
-0.0794,0,0
-0.079,0,0
-0.0786,0.00400559,0.00488053
-0.0782,0,0
-0.0778,0,0
-0.0774,0,0
-0.077,0,0
-0.0766,0,0
-0.0762,0,0
-0.0758,0,0
-0.0754,0,0
-0.075,0,0
-0.0746,0,0
-0.0742,0,0
-0.0738,0,0
-0.0734,0,0
-0.073,0,0
-0.0726,0,0
-0.0722,0,0
-0.0718,0,0
-0.0714,0,0
-0.071,0,0
-0.0706,0,0
-0.0702,0,0
-0.0698,0,0
-0.0694,0,0
-0.069,0,0
-0.0686,0,0
-0.0682,0,0
-0.0678,0.00267423,0.00402994
-0.0674,0,0
-0.067,0,0
-0.0666,0.00668914,0.00670259
-0.0662,0,0
-0.0658,0,0
-0.0654,0.0064323,0.00644472
-0.065,0,0
-0.0646,0.00635204,0.00636415
-0.0642,0,0
-0.0638,0,0
-0.0634,0,0
-0.063,0.00276298,0.00417797
-0.0626,0,0
-0.0622,0,0
-0.0618,0,0
-0.0614,0,0
-0.061,0,0
-0.0606,0.0113328,0.00853645
-0.0602,0,0
-0.0598,0,0
-0.0594,0,0
-0.059,0.00638622,0.00639843
-0.0586,0.0058124,0.00582251
-0.0582,0,0
-0.0578,0,0
-0.0574,0,0
-0.057,0,0
-0.0566,0,0
-0.0562,0.0064618,0.00647428
-0.0558,0,0
-0.0554,0,0
-0.055,0,0
-0.0546,0,0
-0.0542,0,0
-0.0538,0,0
-0.0534,0,0
-0.053,0,0
-0.0526,0,0
-0.0522,0,0
-0.0518,0.0043911,0.00512006
-0.0514,0,0
-0.051,0.0176249,0.0105813
-0.0506,0,0
-0.0502,0.00616761,0.00617895
-0.0498,0,0
-0.0494,0.00655259,0.00656538
-0.049,0,0
-0.0486,0,0
-0.0482,0,0
-0.0478,0,0
-0.0474,0,0
-0.047,0,0
-0.0466,0,0
-0.0462,0,0
-0.0458,0,0
-0.0454,0,0
-0.045,0,0
-0.0446,0,0
-0.0442,0.00642563,0.0064379
-0.0438,0,0
-0.0434,0,0
-0.043,0,0
-0.0426,0,0
-0.0422,0.00629198,0.00630373
-0.0418,0,0
-0.0414,0.0120316,0.00852289
-0.041,0,0
-0.0406,0.00592486,0.00593528
-0.0402,0.00621933,0.00623081
-0.0398,0.00634996,0.00636192
-0.0394,0,0
-0.039,0,0
-0.0386,0,0
-0.0382,0,0
-0.0378,0,0
-0.0374,0,0
-0.037,0,0
-0.0366,0,0
-0.0362,0,0
-0.0358,0,0
-0.0354,0,0
-0.035,0,0
-0.0346,0,0
-0.0342,0.00622602,0.00623749
-0.0338,0,0
-0.0334,0,0
-0.033,0.00646499,0.00647735
-0.0326,0,0
-0.0322,0,0
-0.0318,0,0
-0.0314,0,0
-0.031,0,0
-0.0306,0,0
-0.0302,0.0123496,0.00874989
-0.0298,0,0
-0.0294,0,0
-0.029,0,0
-0.0286,0,0
-0.0282,0.0126482,0.00896065
-0.0278,0,0
-0.0274,0,0
-0.027,0.00690261,0.00691666
-0.0266,0,0
-0.0262,0,0
-0.0258,0,0
-0.0254,0,0
-0.025,0,0
-0.0246,0,0
-0.0242,0.00254187,0.00393001
-0.0238,0.00577156,0.00578137
-0.0234,0,0
-0.023,0,0
-0.0226,0.00658547,0.00659823
-0.0222,0,0
-0.0218,0,0
-0.0214,0,0
-0.021,0.00653934,0.00655192
-0.0206,0,0
-0.0202,0.00646349,0.00647577
-0.0198,0,0
-0.0194,0,0
-0.019,0,0
-0.0186,0,0
-0.0182,0,0
-0.0178,0.00588003,0.00597525
-0.0174,0,0
-0.017,0.0068303,0.006844
-0.0166,0,0
-0.0162,0,0
-0.0158,0,0
-0.0154,0.00999867,0.00799224
-0.015,0,0
-0.0146,0.00675164,0.00676501
-0.0142,0.00382693,0.0050578
-0.0138,0.0067602,0.00677359
-0.0134,0,0
-0.013,0.00674708,0.00676042
-0.0126,0.013077,0.00926936
-0.0122,0,0
-0.0118,0,0
-0.0114,0,0
-0.011,0.0127189,0.00901056
-0.0106,0.00632334,0.00633504
-0.0102,0,0
-0.0098,0.0103142,0.00818901
-0.0094,0,0
-0.009,0.00372062,0.00482159
-0.0086,0.000343603,0.00146837
-0.0082,0.00612604,0.00613702
-0.0078,0.00596592,0.00597633
-0.0074,0.015964,0.0098562
-0.007,0.00306621,0.00445063
-0.0066,0,0
-0.0062,0.00596284,0.00597323
-0.0058,0.00466304,0.00531181
-0.0054,0.00603055,0.00604117
-0.005,0.0181348,0.0104893
-0.0046,0.0294994,0.0132154
-0.0042,0.018329,0.0106015
-0.0038,0.0248495,0.0124484
-0.0034,0.0228165,0.0121155
-0.003,0.0734757,0.0215432
-0.0026,0.0785361,0.0226032
-0.0022,0.14299,0.0307852
-0.0018,0.235868,0.0392923
-0.0014,0.498187,0.055147
-0.001,0.663766,0.0635944
-0.0006,0.961727,0.0784002
-0.0002,0.843925,0.0725474
0.0002,0.795495,0.0703484
0.0006,0.669506,0.0635034
0.001,0.390634,0.0480936
0.0014,0.233408,0.0368348
0.0018,0.161804,0.0316741
0.0022,0.0754516,0.0214312
0.0026,0.0317264,0.0142178
0.003,0.0245849,0.0128374
0.0034,0.00651111,0.00652345
0.0038,0.0121438,0.00847054
0.0042,0.0238234,0.0123549
0.0046,0.0131318,0.00930368
0.005,0.00269419,0.00419597
0.0054,0.0128537,0.00910594
0.0058,0.00628968,0.00630118
0.0062,0,0
0.0066,0,0
0.007,0.00598417,0.00599458
0.0074,0.00780183,0.00711584
0.0078,0,0
0.0082,0.00173464,0.00330025
0.0086,0.00625701,0.00626838
0.009,0.00642278,0.00643476
0.0094,0,0
0.0098,0.0118162,0.00836965
0.0102,0.00639673,0.00640861
0.0106,0,0
0.011,0.0113498,0.00803872
0.0114,0,0
0.0118,0,0
0.0122,0.00580096,0.00580976
0.0126,0.00197147,0.0035646
0.013,0,0
0.0134,0.0121791,0.00862716
0.0138,0.00676891,0.00678218
0.0142,0,0
0.0146,0,0
0.015,0,0
0.0154,0.00619646,0.00620758
0.0158,0,0
0.0162,0,0
0.0166,0,0
0.017,0,0
0.0174,0,0
0.0178,0,0
0.0182,0.00641333,0.00642523
0.0186,0,0
0.019,0.000710544,0.00207064
0.0194,0,0
0.0198,0.000949033,0.00245803
0.0202,0,0
0.0206,0,0
0.021,0.0123877,0.00877516
0.0214,0,0
0.0218,0.00627854,0.00628993
0.0222,0.00614647,0.00615739
0.0226,0,0
0.023,0,0
0.0234,0,0
0.0238,0,0
0.0242,0.00682422,0.00678266
0.0246,0,0
0.025,0.00608212,0.00609279
0.0254,0,0
0.0258,0,0
0.0262,0.00145014,0.00295902
0.0266,0,0
0.027,0.00633848,0.00635007
0.0274,0,0
0.0278,0.00649329,0.00650544
0.0282,0,0
0.0286,0.00235829,0.003789
0.029,0,0
0.0294,0.00665744,0.00667021
0.0298,0,0
0.0302,0,0
0.0306,0,0
0.031,0,0
0.0314,0.00587372,0.00588365
0.0318,0,0
0.0322,0.00666033,0.00667309
0.0326,0,0
0.033,0,0
0.0334,0,0
0.0338,0,0
0.0342,0,0
0.0346,0,0
0.035,0,0
0.0354,0,0
0.0358,0,0
0.0362,0,0
0.0366,0,0
0.037,0,0
0.0374,0,0
0.0378,0,0
0.0382,0.00589372,0.0059037
0.0386,0,0
0.039,0,0
0.0394,0.00746169,0.00658715
0.0398,0,0
0.0402,0,0
0.0406,0,0
0.041,0,0
0.0414,0,0
0.0418,0,0
0.0422,0.00626206,0.0062733
0.0426,0,0
0.043,0.00627042,0.00628169
0.0434,0.00608163,0.00609223
0.0438,0.0039405,0.0049043
0.0442,0.00784309,0.00698386
0.0446,0,0
0.045,0,0
0.0454,0.00630476,0.00631614
0.0458,0,0
0.0462,0,0
0.0466,0,0
0.047,0.00618029,0.00619122
0.0474,0,0
0.0478,0,0
0.0482,0,0
0.0486,0,0
0.049,0.00680408,0.00681732
0.0494,0.00166731,0.00333507
0.0498,0,0
0.0502,0.0060605,0.006071
0.0506,0,0
0.051,0,0
0.0514,0,0
0.0518,0,0
0.0522,0,0
0.0526,0,0
0.053,0,0
0.0534,0,0
0.0538,0,0
0.0542,0,0
0.0546,0,0
0.055,0,0
0.0554,0,0
0.0558,0,0
0.0562,0,0
0.0566,0,0
0.057,0,0
0.0574,0,0
0.0578,0,0
0.0582,0,0
0.0586,0.0061045,0.00611512
0.059,0,0
0.0594,0,0
0.0598,0.00665024,0.00666285
0.0602,0,0
0.0606,0,0
0.061,0,0
0.0614,0,0
0.0618,0.00635104,0.00636253
0.0622,0,0
0.0626,0,0
0.063,0,0
0.0634,0,0
0.0638,0,0
0.0642,0,0
0.0646,0,0
0.065,0,0
0.0654,0,0
0.0658,0.00600774,0.00601801
0.0662,0,0
0.0666,0,0
0.067,0,0
0.0674,0,0
0.0678,0,0
0.0682,0,0
0.0686,0,0
0.069,0.00479641,0.00566332
0.0694,0,0
0.0698,0.00665493,0.00666751
0.0702,0,0
0.0706,0,0
0.071,0,0
0.0714,0,0
0.0718,0,0
0.0722,0,0
0.0726,0,0
0.073,0,0
0.0734,0,0
0.0738,0,0
0.0742,0,0
0.0746,0,0
0.075,0,0
0.0754,0,0
0.0758,0,0
0.0762,0.00646921,0.00648108
0.0766,0,0
0.077,0,0
0.0774,0.00646815,0.00648001
0.0778,0,0
0.0782,0,0
0.0786,0,0
0.079,0.00617888,0.00618969
0.0794,0,0
0.0798,0,0
0.0802,0,0
0.0806,0,0
0.081,0,0
0.0814,0,0
0.0818,0.00648499,0.00649689
0.0822,0,0
0.0826,0,0
0.083,0,0
0.0834,0,0
0.0838,0,0
0.0842,0,0
0.0846,0,0
0.085,0.0126075,0.00893079
0.0854,0,0
0.0858,0,0
0.0862,0,0
0.0866,0,0
0.087,0,0
0.0874,0,0
0.0878,0,0
0.0882,0.00125911,0.00287024
0.0886,0,0
0.089,0,0
0.0894,0.0060376,0.0060479
0.0898,0.00657349,0.0065857
0.0902,0,0
0.0906,0,0
0.091,0,0
0.0914,0,0
0.0918,0,0
0.0922,0,0
0.0926,0,0
0.093,0,0
0.0934,0,0
0.0938,0,0
0.0942,0,0
0.0946,0,0
0.095,0,0
0.0954,0,0
0.0958,0,0
0.0962,0,0
0.0966,0,0
0.097,0,0
0.0974,0,0
0.0978,0,0
0.0982,0,0
0.0986,0,0
0.099,0,0
0.0994,0,0
0.0998,0,0
0.1002,0,0
0.1006,0,0
0.101,0,0
0.1014,0.00807002,0.00808835
0.1018,0,0
0.1022,0,0
0.1026,0,0
0.103,0,0
0.1034,0,0
0.1038,0,0
0.1042,0,0
0.1046,0.00749731,0.00751313
0.105,0,0
0.1054,0,0
0.1058,0,0
0.1062,0,0
0.1066,0,0
0.107,0,0
0.1074,0,0
0.1078,0,0
0.1082,0,0
0.1086,0,0
0.109,0,0
0.1094,0,0
0.1098,0,0
0.1102,0.00914463,0.00916812
0.1106,0,0
0.111,0,0
0.1114,0.00805776,0.00842214
0.1118,0,0
0.1122,0,0
0.1126,0.00336223,0.00551134
0.113,0,0
0.1134,0,0
0.1138,0,0
0.1142,0,0
0.1146,0,0
0.115,0,0
0.1154,0,0
0.1158,0.010978,0.0110118
0.1162,0,0
0.1166,0,0
0.117,0,0
0.1174,0,0
0.1178,0,0
0.1182,0,0
0.1186,0,0
0.119,0,0
0.1194,0,0
0.1198,0,0
4
-0.1198,0.00624313,0.00625508
-0.1194,0,0
-0.119,0,0
-0.1186,0,0
-0.1182,0,0
-0.1178,0,0
-0.1174,0,0
-0.117,0,0
-0.1166,0.00614452,0.00615608
-0.1162,0,0
-0.1158,0,0
-0.1154,0,0
-0.115,0,0
-0.1146,0.00587191,0.00588245
-0.1142,0,0
-0.1138,0,0
-0.1134,0,0
-0.113,0,0
-0.1126,0,0
-0.1122,0,0
-0.1118,0,0
-0.1114,0,0
-0.111,0,0
-0.1106,0.000310179,0.00142888
-0.1102,0,0
-0.1098,0,0
-0.1094,0,0
-0.109,0.00251676,0.00396498
-0.1086,0,0
-0.1082,0,0
-0.1078,0,0
-0.1074,0,0
-0.107,0,0
-0.1066,0,0
-0.1062,0,0
-0.1058,0,0
-0.1054,0,0
-0.105,0,0
-0.1046,0.00769586,0.00698993
-0.1042,0,0
-0.1038,0,0
-0.1034,0,0
-0.103,0,0
-0.1026,0,0
-0.1022,0,0
-0.1018,0,0
-0.1014,0,0
-0.101,0,0
-0.1006,0,0
-0.1002,0,0
-0.0998,0,0
-0.0994,0,0
-0.099,0,0
-0.0986,0,0
-0.0982,0,0
-0.0978,0,0
-0.0974,0,0
-0.097,0,0
-0.0966,0,0
-0.0962,0,0
-0.0958,0,0
-0.0954,0.00621639,0.00622809
-0.095,0,0
-0.0946,0.0062707,0.0062826
-0.0942,0,0
-0.0938,0,0
-0.0934,0,0
-0.093,0,0
-0.0926,0,0
-0.0922,0,0
-0.0918,0,0
-0.0914,0,0
-0.091,0,0
-0.0906,0,0
-0.0902,0.00667942,0.0066929
-0.0898,0.00651006,0.00652286
-0.0894,0,0
-0.089,0,0
-0.0886,0.00627867,0.00629057
-0.0882,0,0
-0.0878,0,0
-0.0874,0,0
-0.087,0,0
-0.0866,0,0
-0.0862,0,0
-0.0858,0,0
-0.0854,0,0
-0.085,0,0
-0.0846,0,0
-0.0842,0,0
-0.0838,0,0
-0.0834,0,0
-0.083,0,0
-0.0826,0,0
-0.0822,0,0
-0.0818,0,0
-0.0814,0,0
-0.081,0,0
-0.0806,0,0
-0.0802,0.00619023,0.00620175
-0.0798,0,0
-0.0794,0,0
-0.079,0,0
-0.0786,0,0
-0.0782,0,0
-0.0778,0,0
-0.0774,0,0
-0.077,0,0
-0.0766,0,0
-0.0762,0,0
-0.0758,0,0
-0.0754,0,0
-0.075,0,0
-0.0746,0,0
-0.0742,0,0
-0.0738,0,0
-0.0734,0,0
-0.073,0,0
-0.0726,0.00640067,0.00641297
-0.0722,0,0
-0.0718,0,0
-0.0714,0,0
-0.071,0,0
-0.0706,0,0
-0.0702,0,0
-0.0698,0,0
-0.0694,0,0
-0.069,0,0
-0.0686,0.00607029,0.00608134
-0.0682,0,0
-0.0678,0,0
-0.0674,0,0
-0.067,0,0
-0.0666,0,0
-0.0662,0,0
-0.0658,0,0
-0.0654,0,0
-0.065,0,0
-0.0646,0.00637085,0.006383
-0.0642,0.0066735,0.00668683
-0.0638,0,0
-0.0634,0,0
-0.063,0.00354043,0.00473579
-0.0626,0,0
-0.0622,0,0
-0.0618,0,0
-0.0614,0,0
-0.061,0,0
-0.0606,0.00148148,0.00308995
-0.0602,0,0
-0.0598,0,0
-0.0594,0,0
-0.059,0,0
-0.0586,0,0
-0.0582,0.00602409,0.00603493
-0.0578,0,0
-0.0574,0,0
-0.057,0,0
-0.0566,0,0
-0.0562,0,0
-0.0558,0,0
-0.0554,0,0
-0.055,0,0
-0.0546,0,0
-0.0542,0,0
-0.0538,0,0
-0.0534,0.00643621,0.00644857
-0.053,0,0
-0.0526,0,0
-0.0522,0,0
-0.0518,0.0118081,0.0083643
-0.0514,0,0
-0.051,0.00136134,0.00294119
-0.0506,0,0
-0.0502,0,0
-0.0498,0,0
-0.0494,0,0
-0.049,0,0
-0.0486,0,0
-0.0482,0.00594458,0.00595511
-0.0478,0.00594493,0.00595546
-0.0474,0,0
-0.047,0.00629846,0.00631028
-0.0466,0,0
-0.0462,0.00655934,0.00657215
-0.0458,0,0
-0.0454,0,0
-0.045,0,0
-0.0446,0,0
-0.0442,0,0
-0.0438,0.00701758,0.00703223
-0.0434,0,0
-0.043,0,0
-0.0426,0,0
-0.0422,0,0
-0.0418,0.00628062,0.00629236
-0.0414,0,0
-0.041,0.00602307,0.00603386
-0.0406,0,0
-0.0402,0,0
-0.0398,0,0
-0.0394,0.0066932,0.00652386
-0.039,0,0
-0.0386,0,0
-0.0382,0.00681155,0.00682534
-0.0378,0,0
-0.0374,0,0
-0.037,0,0
-0.0366,0,0
-0.0362,0,0
-0.0358,0,0
-0.0354,0.00647004,0.00648247
-0.035,0.00610829,0.00611937
-0.0346,0,0
-0.0342,0,0
-0.0338,0,0
-0.0334,0,0
-0.033,0,0
-0.0326,0.00643936,0.00645167
-0.0322,0,0
-0.0318,0,0
-0.0314,0,0
-0.031,0,0
-0.0306,0,0
-0.0302,0,0
-0.0298,0,0
-0.0294,0,0
-0.029,0,0
-0.0286,0,0
-0.0282,0,0
-0.0278,0,0
-0.0274,0.0134484,0.00952846
-0.027,0.00623372,0.00624525
-0.0266,0,0
-0.0262,0,0
-0.0258,0.012097,0.00856927
-0.0254,0,0
-0.025,0,0
-0.0246,0.0059734,0.00598398
-0.0242,0.00673582,0.00674928
-0.0238,0,0
-0.0234,0,0
-0.023,0,0
-0.0226,0,0
-0.0222,0,0
-0.0218,0,0
-0.0214,0,0
-0.021,0,0
-0.0206,0.00594805,0.00595854
-0.0202,0,0
-0.0198,0,0
-0.0194,0.00622552,0.00623701
-0.019,0,0
-0.0186,0,0
-0.0182,0,0
-0.0178,0.0059942,0.00600486
-0.0174,0.0121829,0.00863022
-0.017,0,0
-0.0166,0.00608557,0.00609655
-0.0162,0,0
-0.0158,0.0064414,0.00633848
-0.0154,0,0
-0.015,0,0
-0.0146,0.000264976,0.00133312
-0.0142,0.00280122,0.00430394
-0.0138,0,0
-0.0134,0.00658225,0.00659509
-0.013,0,0
-0.0126,0,0
-0.0122,0.0134369,0.00952029
-0.0118,0,0
-0.0114,0,0
-0.011,0.0124914,0.00884914
-0.0106,0.00624566,0.00625723
-0.0102,0.0127073,0.00900234
-0.0098,0,0
-0.0094,0,0
-0.009,0.0107633,0.00814652
-0.0086,0.0245128,0.0123646
-0.0082,0.00588481,0.00589508
-0.0078,0.0177485,0.0102654
-0.0074,0.0107057,0.00801519
-0.007,0.0257886,0.0129239
-0.0066,0.00616485,0.00617612
-0.0062,0,0
-0.0058,0.0125223,0.00887108
-0.0054,0.00585794,0.00586812
-0.005,0.00600119,0.00601187
-0.0046,0.0234285,0.0117359
-0.0042,0.0119674,0.00847725
-0.0038,0.0183845,0.010634
-0.0034,0.0341622,0.0146756
-0.003,0.070588,0.0210188
-0.0026,0.112057,0.0267462
-0.0022,0.123836,0.028422
-0.0018,0.176574,0.0337905
-0.0014,0.355024,0.0461209
-0.001,0.535137,0.0565189
-0.0006,0.685999,0.0655888
-0.0002,0.708022,0.0658795
0.0002,0.550612,0.0579415
0.0006,0.57881,0.0582958
0.001,0.341736,0.0445764
0.0014,0.246815,0.0374403
0.0018,0.170643,0.0321852
0.0022,0.0677341,0.020123
0.0026,0.0553143,0.0184781
0.003,0.0260915,0.0131305
0.0034,0.0310825,0.0139464
0.0038,0.0226407,0.0114405
0.0042,0.0151602,0.00957144
0.0046,0.0129762,0.00919325
0.005,0.0101144,0.00804614
0.0054,0,0
0.0058,0.0123158,0.0087245
0.0062,0.00321307,0.00448831
0.0066,0.0066232,0.00663623
0.007,0,0
0.0074,0.017246,0.0103432
0.0078,0.0175757,0.0101656
0.0082,0.0101927,0.00778262
0.0086,0,0
0.009,0,0
0.0094,0.00777408,0.00678721
0.0098,0,0
0.0102,0,0
0.0106,0,0
0.011,0,0
0.0114,0,0
0.0118,0,0
0.0122,0.0113169,0.00801574
0.0126,0,0
0.013,0.00670005,0.00671339
0.0134,0,0
0.0138,0.00659885,0.00661179
0.0142,0,0
0.0146,0.00666607,0.00667928
0.015,0.00666578,0.00667899
0.0154,0,0
0.0158,0.0175657,0.0101593
0.0162,0.012606,0.00873776
0.0166,0,0
0.017,0,0
0.0174,0,0
0.0178,0.00623891,0.00625049
0.0182,0.00623843,0.00625001
0.0186,0,0
0.019,0.0110031,0.00803486
0.0194,0,0
0.0198,0.00524299,0.00569597
0.0202,0.0066116,0.0066246
0.0206,0,0
0.021,0,0
0.0214,0,0
0.0218,0.00609674,0.0061078
0.0222,0,0
0.0226,0,0
0.023,0.00644445,0.00645681
0.0234,0.00660915,0.00662214
0.0238,0.0066089,0.0066219
0.0242,0.0175587,0.0107147
0.0246,0,0
0.025,0,0
0.0254,0,0
0.0258,0,0
0.0262,0.00442536,0.00508841
0.0266,0.00640095,0.00641314
0.027,0.00614006,0.00615128
0.0274,0,0
0.0278,0.00654419,0.00655693
0.0282,0.00653416,0.00654687
0.0286,0,0
0.029,0.00596907,0.00597968
0.0294,0,0
0.0298,0,0
0.0302,0,0
0.0306,0,0
0.031,0.00552877,0.00553788
0.0314,0,0
0.0318,0,0
0.0322,0,0
0.0326,0.00643572,0.00644805
0.033,0,0
0.0334,0,0
0.0338,0,0
0.0342,0,0
0.0346,0,0
0.035,0,0
0.0354,0.00613778,0.006149
0.0358,0,0
0.0362,0,0
0.0366,0,0
0.037,0,0
0.0374,0,0
0.0378,0,0
0.0382,0,0
0.0386,0,0
0.039,0,0
0.0394,0.00417559,0.00495873
0.0398,0,0
0.0402,0,0
0.0406,0,0
0.041,0.00558475,0.00559404
0.0414,0,0
0.0418,0,0
0.0422,0,0
0.0426,0,0
0.043,0,0
0.0434,0,0
0.0438,0,0
0.0442,0.016286,0.00986651
0.0446,0,0
0.045,0,0
0.0454,0,0
0.0458,0,0
0.0462,0,0
0.0466,0,0
0.047,0,0
0.0474,0,0
0.0478,0,0
0.0482,0.00565051,0.00566004
0.0486,0.00565033,0.00565986
0.049,0,0
0.0494,0.00477403,0.0055263
0.0498,0,0
0.0502,0,0
0.0506,0,0
0.051,0,0
0.0514,0,0
0.0518,0,0
0.0522,0,0
0.0526,0,0
0.053,0,0
0.0534,0,0
0.0538,0,0
0.0542,0,0
0.0546,0,0
0.055,0.00584276,0.00585295
0.0554,0.00566589,0.00567547
0.0558,0,0
0.0562,0,0
0.0566,0,0
0.057,0,0
0.0574,0,0
0.0578,0,0
0.0582,0,0
0.0586,0,0
0.059,0.00631743,0.00632934
0.0594,0,0
0.0598,0.00635208,0.00636412
0.0602,0,0
0.0606,0,0
0.061,0,0
0.0614,0.00580368,0.00581373
0.0618,0,0
0.0622,0.00606042,0.00607138
0.0626,0,0
0.063,0,0
0.0634,0.00582482,0.00583494
0.0638,0,0
0.0642,0,0
0.0646,0,0
0.065,0,0
0.0654,0,0
0.0658,0,0
0.0662,0,0
0.0666,0,0
0.067,0,0
0.0674,0,0
0.0678,0,0
0.0682,0,0
0.0686,0,0
0.069,0.00177615,0.00336297
0.0694,0,0
0.0698,0,0
0.0702,0,0
0.0706,0,0
0.071,0,0
0.0714,0,0
0.0718,0,0
0.0722,0,0
0.0726,0,0
0.073,0,0
0.0734,0,0
0.0738,0,0
0.0742,0,0
0.0746,0,0
0.075,0,0
0.0754,0,0
0.0758,0,0
0.0762,0,0
0.0766,0,0
0.077,0,0
0.0774,0,0
0.0778,0,0
0.0782,0.0131093,0.00928785
0.0786,0,0
0.079,0,0
0.0794,0,0
0.0798,0,0
0.0802,0,0
0.0806,0,0
0.081,0,0
0.0814,0,0
0.0818,0.00604284,0.00605374
0.0822,0,0
0.0826,0,0
0.083,0.00573554,0.00574536
0.0834,0,0
0.0838,0,0
0.0842,0,0
0.0846,0,0
0.085,0,0
0.0854,0,0
0.0858,0,0
0.0862,0,0
0.0866,0,0
0.087,0,0
0.0874,0,0
0.0878,0,0
0.0882,0.00617191,0.00618327
0.0886,0,0
0.089,0,0
0.0894,0.00622121,0.00623276
0.0898,0,0
0.0902,0,0
0.0906,0,0
0.091,0,0
0.0914,0.0058987,0.00590908
0.0918,0,0
0.0922,0,0
0.0926,0,0
0.093,0,0
0.0934,0,0
0.0938,0,0
0.0942,0,0
0.0946,0,0
0.095,0,0
0.0954,0,0
0.0958,0.00657207,0.00658496
0.0962,0,0
0.0966,0,0
0.097,0,0
0.0974,0,0
0.0978,0,0
0.0982,0,0
0.0986,0,0
0.099,0,0
0.0994,0,0
0.0998,0,0
0.1002,0,0
0.1006,0,0
0.101,0,0
0.1014,0,0
0.1018,0,0
0.1022,0,0
0.1026,0,0
0.103,0,0
0.1034,0,0
0.1038,0,0
0.1042,0,0
0.1046,0,0
0.105,0,0
0.1054,0,0
0.1058,0,0
0.1062,0,0
0.1066,0,0
0.107,0,0
0.1074,0,0
0.1078,0,0
0.1082,0,0
0.1086,0,0
0.109,0,0
0.1094,0,0
0.1098,0,0
0.1102,0.00894105,0.00896485
0.1106,0.00894131,0.0089651
0.111,0,0
0.1114,0,0
0.1118,0,0
0.1122,0,0
0.1126,0,0
0.113,0,0
0.1134,0,0
0.1138,0,0
0.1142,0,0
0.1146,0,0
0.115,0,0
0.1154,0,0
0.1158,0,0
0.1162,0,0
0.1166,0,0
0.117,0,0
0.1174,0,0
0.1178,0,0
0.1182,0,0
0.1186,0,0
0.119,0.01109,0.0111266
0.1194,0,0
0.1198,0,0
5
-0.1198,0.00616191,0.00617345
-0.1194,0,0
-0.119,0,0
-0.1186,0,0
-0.1182,0.0067957,0.00680973
-0.1178,0,0
-0.1174,0,0
-0.117,0,0
-0.1166,0,0
-0.1162,0,0
-0.1158,0,0
-0.1154,0.00591687,0.00592749
-0.115,0,0
-0.1146,0,0
-0.1142,0,0
-0.1138,0,0
-0.1134,0,0
-0.113,0,0
-0.1126,0,0
-0.1122,0,0
-0.1118,0,0
-0.1114,0,0
-0.111,0,0
-0.1106,0,0
-0.1102,0,0
-0.1098,0,0
-0.1094,0,0
-0.109,0.00374178,0.00485776
-0.1086,0.00628449,0.00629641
-0.1082,0.00619041,0.00620198
-0.1078,0.00653764,0.00655053
-0.1074,0,0
-0.107,0,0
-0.1066,0,0
-0.1062,0,0
-0.1058,0,0
-0.1054,0,0
-0.105,0,0
-0.1046,0.00507131,0.00574193
-0.1042,0,0
-0.1038,0,0
-0.1034,0,0
-0.103,0,0
-0.1026,0,0
-0.1022,0,0
-0.1018,0,0
-0.1014,0.00569361,0.00620687
-0.101,0.00574201,0.00575191
-0.1006,0.00594301,0.00595361
-0.1002,0,0
-0.0998,0.00552968,0.0059392
-0.0994,0,0
-0.099,0.000616849,0.00203279
-0.0986,0.00649853,0.00651119
-0.0982,0,0
-0.0978,0,0
-0.0974,0,0
-0.097,0,0
-0.0966,0,0
-0.0962,0,0
-0.0958,0,0
-0.0954,0,0
-0.095,0,0
-0.0946,0,0
-0.0942,0,0
-0.0938,0,0
-0.0934,0,0
-0.093,0,0
-0.0926,0,0
-0.0922,0,0
-0.0918,0,0
-0.0914,0,0
-0.091,0,0
-0.0906,0,0
-0.0902,0.00676842,0.00678207
-0.0898,0,0
-0.0894,0,0
-0.089,0,0
-0.0886,0,0
-0.0882,0,0
-0.0878,0,0
-0.0874,0,0
-0.087,0,0
-0.0866,0,0
-0.0862,0,0
-0.0858,0,0
-0.0854,0,0
-0.085,0,0
-0.0846,0,0
-0.0842,0,0
-0.0838,0,0
-0.0834,0,0
-0.083,0,0
-0.0826,0,0
-0.0822,0.00654238,0.00655508
-0.0818,0,0
-0.0814,0,0
-0.081,0,0
-0.0806,0,0
-0.0802,0,0
-0.0798,0,0
-0.0794,0,0
-0.079,0,0
-0.0786,0,0
-0.0782,0,0
-0.0778,0,0
-0.0774,0,0
-0.077,0.00677061,0.00678416
-0.0766,0,0
-0.0762,0,0
-0.0758,0,0
-0.0754,0,0
-0.075,0,0
-0.0746,0,0
-0.0742,0,0
-0.0738,0.00640878,0.00642091
-0.0734,0,0
-0.073,0,0
-0.0726,0,0
-0.0722,0,0
-0.0718,0,0
-0.0714,0,0
-0.071,0,0
-0.0706,0,0
-0.0702,0,0
-0.0698,0,0
-0.0694,0,0
-0.069,0,0
-0.0686,0,0
-0.0682,0,0
-0.0678,0.00628675,0.00629838
-0.0674,0,0
-0.067,0,0
-0.0666,0,0
-0.0662,0,0
-0.0658,0,0
-0.0654,0,0
-0.065,0,0
-0.0646,0,0
-0.0642,0,0
-0.0638,0,0
-0.0634,0,0
-0.063,0,0
-0.0626,0,0
-0.0622,0,0
-0.0618,0,0
-0.0614,0,0
-0.061,0,0
-0.0606,0,0
-0.0602,0,0
-0.0598,0.0133746,0.00947986
-0.0594,0,0
-0.059,0.00635938,0.00637124
-0.0586,0,0
-0.0582,0,0
-0.0578,0,0
-0.0574,0.00620292,0.0062142
-0.057,0,0
-0.0566,0,0
-0.0562,0,0
-0.0558,0,0
-0.0554,0,0
-0.055,0,0
-0.0546,0,0
-0.0542,0,0
-0.0538,0.00613907,0.0061501
-0.0534,0,0
-0.053,0,0
-0.0526,0.000338403,0.00149496
-0.0522,0,0
-0.0518,0.00602177,0.00603237
-0.0514,0,0
-0.051,0,0
-0.0506,0,0
-0.0502,0,0
-0.0498,0,0
-0.0494,0,0
-0.049,0,0
-0.0486,0,0
-0.0482,0,0
-0.0478,0,0
-0.0474,0,0
-0.047,0,0
-0.0466,0.00612687,0.00613782
-0.0462,0,0
-0.0458,0,0
-0.0454,0.00666457,0.00667752
-0.045,0,0
-0.0446,0,0
-0.0442,0,0
-0.0438,0,0
-0.0434,0,0
-0.043,0,0
-0.0426,0,0
-0.0422,0,0
-0.0418,0,0
-0.0414,0,0
-0.041,0,0
-0.0406,0,0
-0.0402,0,0
-0.0398,0,0
-0.0394,0.0125748,0.00903717
-0.039,0,0
-0.0386,0,0
-0.0382,0.0069593,0.00697338
-0.0378,0.00215007,0.00368289
-0.0374,0.00628614,0.00629764
-0.037,0.00694241,0.00695642
-0.0366,0,0
-0.0362,0,0
-0.0358,0,0
-0.0354,0,0
-0.035,0,0
-0.0346,0.0064407,0.00645276
-0.0342,0,0
-0.0338,0,0
-0.0334,0,0
-0.033,0,0
-0.0326,0,0
-0.0322,0.00658383,0.00659642
-0.0318,0,0
-0.0314,0.000656377,0.00196361
-0.031,0,0
-0.0306,0,0
-0.0302,0,0
-0.0298,0,0
-0.0294,0,0
-0.029,0,0
-0.0286,0,0
-0.0282,0.006488,0.00650021
-0.0278,0.00670552,0.00671856
-0.0274,0,0
-0.027,0,0
-0.0266,0,0
-0.0262,0,0
-0.0258,0,0
-0.0254,0,0
-0.025,0,0
-0.0246,0,0
-0.0242,0.00689326,0.00690703
-0.0238,0,0
-0.0234,0,0
-0.023,0.00663733,0.00665009
-0.0226,0,0
-0.0222,0,0
-0.0218,0.00691645,0.0069303
-0.0214,0.00653556,0.00654794
-0.021,0,0
-0.0206,0,0
-0.0202,0.0121056,0.00857495
-0.0198,0,0
-0.0194,0,0
-0.019,0,0
-0.0186,0,0
-0.0182,0,0
-0.0178,0.00614004,0.00615095
-0.0174,0,0
-0.017,0,0
-0.0166,0,0
-0.0162,0,0
-0.0158,0.0061342,0.00626097
-0.0154,0.00607193,0.0060826
-0.015,0,0
-0.0146,0.0134208,0.00960448
-0.0142,0,0
-0.0138,0.00685313,0.00686671
-0.0134,0.00674667,0.00675984
-0.013,0.00687603,0.0068897
-0.0126,0,0
-0.0122,0,0
-0.0118,0,0
-0.0114,0,0
-0.011,0.00640578,0.00641764
-0.0106,0,0
-0.0102,0,0
-0.0098,0.00656073,0.00657317
-0.0094,0,0
-0.009,0,0
-0.0086,0.00638603,0.00637077
-0.0082,0.0122434,0.00867348
-0.0078,0.00604078,0.00605132
-0.0074,0.00354171,0.00467126
-0.007,0.0069337,0.00694758
-0.0066,0.0126625,0.00897014
-0.0062,0.00603549,0.00604601
-0.0058,0.0122059,0.00864608
-0.0054,0.012122,0.0085868
-0.005,0.0060191,0.00602956
-0.0046,0.0119401,0.00845752
-0.0042,0.0184511,0.0106717
-0.0038,0.0253029,0.0126757
-0.0034,0.0517964,0.0183484
-0.003,0.0255734,0.0128115
-0.0026,0.0793769,0.022923
-0.0022,0.167188,0.033484
-0.0018,0.217908,0.0380017
-0.0014,0.411528,0.0505235
-0.001,0.452325,0.0527503
-0.0006,0.702316,0.0673592
-0.0002,0.608423,0.061957
0.0002,0.536628,0.0581654
0.0006,0.425931,0.0508594
0.001,0.304438,0.0426577
0.0014,0.233204,0.0369572
0.0018,0.187662,0.0342888
0.0022,0.086,0.0229859
0.0026,0.0634029,0.0200933
0.003,0.0603648,0.0201645
0.0034,0,0
0.0038,0.0237047,0.0118804
0.0042,0.00495481,0.00576374
0.0046,0.0199221,0.0115245
0.005,0.0199281,0.0115276
0.0054,0,0
0.0058,0.0129862,0.00919986
0.0062,0.00312292,0.00448969
0.0066,0.00681867,0.00683208
0.007,0.00602846,0.00603895
0.0074,0.0125632,0.00906219
0.0078,0,0
0.0082,0.0108632,0.00804816
0.0086,0,0
0.009,0.00646387,0.00647592
0.0094,0.00415562,0.00503553
0.0098,0,0
0.0102,0,0
0.0106,0.0171184,0.00989965
0.011,0.00570168,0.00571106
0.0114,0.00570164,0.00571102
0.0118,0.00634486,0.00635648
0.0122,0.0122798,0.00870985
0.0126,0.0133529,0.00946554
0.013,0.00623978,0.00625102
0.0134,0,0
0.0138,0.00743351,0.00744945
0.0142,0.0074335,0.00744944
0.0146,0.0135072,0.00957103
0.015,0,0
0.0154,0,0
0.0158,0,0
0.0162,0.00552075,0.0057941
0.0166,0.00605965,0.00607024
0.017,0,0
0.0174,0.00630572,0.00631719
0.0178,0,0
0.0182,0,0
0.0186,0,0
0.019,0,0
0.0194,0.00616503,0.006176
0.0198,0,0
0.0202,0,0
0.0206,0,0
0.021,0.00620358,0.00621468
0.0214,0,0
0.0218,0,0
0.0222,0,0
0.0226,0,0
0.023,0,0
0.0234,0.0136323,0.00965847
0.0238,0,0
0.0242,0.0019337,0.0036111
0.0246,0,0
0.025,0,0
0.0254,0,0
0.0258,0.00606251,0.00607312
0.0262,0,0
0.0266,0.00660457,0.00661715
0.027,0,0
0.0274,0,0
0.0278,0,0
0.0282,0.0134872,0.00955547
0.0286,0,0
0.029,0,0
0.0294,0,0
0.0298,0,0
0.0302,0,0
0.0306,0,0
0.031,0,0
0.0314,0.00586235,0.00587226
0.0318,0,0
0.0322,0,0
0.0326,0,0
0.033,0,0
0.0334,0,0
0.0338,0,0
0.0342,0,0
0.0346,0,0
0.035,0,0
0.0354,0,0
0.0358,0,0
0.0362,0,0
0.0366,0.00638617,0.00639793
0.037,0,0
0.0374,0.00590033,0.00591037
0.0378,0,0
0.0382,0,0
0.0386,0,0
0.039,0,0
0.0394,0.00606789,0.0060785
0.0398,0.00658444,0.00659693
0.0402,0,0
0.0406,0.00612832,0.00613915
0.041,0,0
0.0414,0.0129288,0.0091591
0.0418,0,0
0.0422,0.00623267,0.00624386
0.0426,0,0
0.043,0,0
0.0434,0,0
0.0438,0,0
0.0442,0,0
0.0446,0,0
0.045,0,0
0.0454,0,0
0.0458,0,0
0.0462,0,0
0.0466,0.00638222,0.00639395
0.047,0,0
0.0474,0,0
0.0478,0,0
0.0482,0,0
0.0486,0,0
0.049,0,0
0.0494,0,0
0.0498,0.00660478,0.00661733
0.0502,0,0
0.0506,0.00326102,0.00446219
0.051,0,0
0.0514,0,0
0.0518,0,0
0.0522,0,0
0.0526,0,0
0.053,0,0
0.0534,0,0
0.0538,0.00622159,0.00623272
0.0542,0.00617099,0.00618194
0.0546,0.00617162,0.00618257
0.055,0,0
0.0554,0.00588032,0.00589026
0.0558,0,0
0.0562,0,0
0.0566,0,0
0.057,0,0
0.0574,0,0
0.0578,0,0
0.0582,0.0125474,0.00889361
0.0586,0,0
0.059,0.00683621,0.00684963
0.0594,0,0
0.0598,0,0
0.0602,0,0
0.0606,0,0
0.061,0,0
0.0614,0,0
0.0618,0,0
0.0622,0,0
0.0626,0,0
0.063,0,0
0.0634,0,0
0.0638,0,0
0.0642,0,0
0.0646,0,0
0.065,0,0
0.0654,0.00635091,0.00636248
0.0658,0,0
0.0662,0,0
0.0666,0,0
0.067,0,0
0.0674,0,0
0.0678,0.005983,0.00599326
0.0682,0,0
0.0686,0,0
0.069,0,0
0.0694,0,0
0.0698,0,0
0.0702,0.00660319,0.00661567
0.0706,0,0
0.071,0,0
0.0714,0,0
0.0718,0,0
0.0722,0,0
0.0726,0,0
0.073,0,0
0.0734,0,0
0.0738,0.00607461,0.00608516
0.0742,0.00634427,0.00635578
0.0746,0,0
0.075,0,0
0.0754,0,0
0.0758,0.00634698,0.0063585
0.0762,0,0
0.0766,0,0
0.077,0,0
0.0774,0,0
0.0778,0,0
0.0782,0,0
0.0786,0,0
0.079,0.00613064,0.00614138
0.0794,0,0
0.0798,0,0
0.0802,0,0
0.0806,0,0
0.081,0,0
0.0814,0,0
0.0818,0,0
0.0822,0,0
0.0826,0,0
0.083,0,0
0.0834,0,0
0.0838,0,0
0.0842,0,0
0.0846,0,0
0.085,0,0
0.0854,0,0
0.0858,0,0
0.0862,0,0
0.0866,0,0
0.087,0,0
0.0874,0,0
0.0878,0.00635166,0.00636315
0.0882,0,0
0.0886,0.00659459,0.00660697
0.089,0,0
0.0894,0.00599572,0.00600594
0.0898,0.00661914,0.0066316
0.0902,0,0
0.0906,0,0
0.091,0,0
0.0914,0,0
0.0918,0,0
0.0922,0,0
0.0926,0,0
0.093,0,0
0.0934,0,0
0.0938,0,0
0.0942,0,0
0.0946,0,0
0.095,0.00612423,0.00613488
0.0954,0.00673,0.00674285
0.0958,0,0
0.0962,0,0
0.0966,0,0
0.097,0.00666459,0.00667719
0.0974,0,0
0.0978,0.00629782,0.00630906
0.0982,0,0
0.0986,0,0
0.099,0,0
0.0994,0,0
0.0998,0,0
0.1002,0.00765277,0.00766935
0.1006,0,0
0.101,0.00728002,0.00729502
0.1014,0,0
0.1018,0,0
0.1022,0,0
0.1026,0,0
0.103,0,0
0.1034,0,0
0.1038,0,0
0.1042,0,0
0.1046,0,0
0.105,0,0
0.1054,0,0
0.1058,0.00762968,0.00764612
0.1062,0,0
0.1066,0,0
0.107,0,0
0.1074,0.00852774,0.00854826
0.1078,0,0
0.1082,0,0
0.1086,0,0
0.109,0,0
0.1094,0.00872033,0.00874176
0.1098,0.00872183,0.00874327
0.1102,0,0
0.1106,0,0
0.111,0.000328583,0.001724
0.1114,0,0
0.1118,0,0
0.1122,0,0
0.1126,0,0
0.113,0,0
0.1134,0,0
0.1138,0.00918071,0.00920442
0.1142,0.00867011,0.00869125
0.1146,0,0
0.115,0,0
0.1154,0,0
0.1158,0,0
0.1162,0.0109693,0.0110031
0.1166,0,0
0.117,0,0
0.1174,0,0
0.1178,0,0
0.1182,0,0
0.1186,0,0
0.119,0,0
0.1194,0,0
0.1198,0,0
6
-0.1198,0,0
-0.1194,0,0
-0.119,0,0
-0.1186,0.00535436,0.00536415
-0.1182,0,0
-0.1178,0,0
-0.1174,0,0
-0.117,0,0
-0.1166,0,0
-0.1162,0,0
-0.1158,0,0
-0.1154,0,0
-0.115,0,0
-0.1146,0,0
-0.1142,0,0
-0.1138,0,0
-0.1134,0,0
-0.113,0,0
-0.1126,0,0
-0.1122,0,0
-0.1118,0,0
-0.1114,0,0
-0.111,0,0
-0.1106,0,0
-0.1102,0,0
-0.1098,0,0
-0.1094,0,0
-0.109,0,0
-0.1086,0,0
-0.1082,0,0
-0.1078,0,0
-0.1074,0,0
-0.107,0,0
-0.1066,0.00552069,0.00553099
-0.1062,0,0
-0.1058,0,0
-0.1054,0,0
-0.105,0,0
-0.1046,0,0
-0.1042,0,0
-0.1038,0,0
-0.1034,0,0
-0.103,0,0
-0.1026,0,0
-0.1022,0,0
-0.1018,0,0
-0.1014,0.000932399,0.00237204
-0.101,0,0
-0.1006,0,0
-0.1002,0,0
-0.0998,0.00073604,0.00204654
-0.0994,0,0
-0.099,0.00540229,0.00568212
-0.0986,0,0
-0.0982,0,0
-0.0978,0,0
-0.0974,0,0
-0.097,0,0
-0.0966,0,0
-0.0962,0,0
-0.0958,0,0
-0.0954,0,0
-0.095,0.00585987,0.00587136
-0.0946,0,0
-0.0942,0,0
-0.0938,0,0
-0.0934,0,0
-0.093,0,0
-0.0926,0,0
-0.0922,0,0
-0.0918,0,0
-0.0914,0,0
-0.091,0,0
-0.0906,0,0
-0.0902,0,0
-0.0898,0,0
-0.0894,0,0
-0.089,0,0
-0.0886,0,0
-0.0882,0,0
-0.0878,0.00584759,0.005859
-0.0874,0,0
-0.087,0,0
-0.0866,0,0
-0.0862,0,0
-0.0858,0,0
-0.0854,0,0
-0.085,0,0
-0.0846,0,0
-0.0842,0,0
-0.0838,0,0
-0.0834,0.00526336,0.00527265
-0.083,0,0
-0.0826,0,0
-0.0822,0,0
-0.0818,0,0
-0.0814,0,0
-0.081,0,0
-0.0806,0,0
-0.0802,0,0
-0.0798,0,0
-0.0794,0,0
-0.079,0,0
-0.0786,0,0
-0.0782,0,0
-0.0778,0,0
-0.0774,0,0
-0.077,0,0
-0.0766,0,0
-0.0762,0,0
-0.0758,0,0
-0.0754,0,0
-0.075,0,0
-0.0746,0,0
-0.0742,0,0
-0.0738,0,0
-0.0734,0,0
-0.073,0,0
-0.0726,0,0
-0.0722,0,0
-0.0718,0,0
-0.0714,0,0
-0.071,0.00546495,0.00547508
-0.0706,0,0
-0.0702,0,0
-0.0698,0,0
-0.0694,0,0
-0.069,0,0
-0.0686,0,0
-0.0682,0,0
-0.0678,0,0
-0.0674,0.00535255,0.00536231
-0.067,0,0
-0.0666,0,0
-0.0662,0,0
-0.0658,0,0
-0.0654,0,0
-0.065,0,0
-0.0646,0,0
-0.0642,0,0
-0.0638,0,0
-0.0634,0,0
-0.063,0,0
-0.0626,0,0
-0.0622,0,0
-0.0618,0.00502296,0.00503159
-0.0614,0,0
-0.061,0,0
-0.0606,0,0
-0.0602,0,0
-0.0598,0,0
-0.0594,0,0
-0.059,0,0
-0.0586,0,0
-0.0582,0,0
-0.0578,0,0
-0.0574,0,0
-0.057,0,0
-0.0566,0,0
-0.0562,0,0
-0.0558,0,0
-0.0554,0,0
-0.055,0,0
-0.0546,0,0
-0.0542,0,0
-0.0538,0.00576277,0.0057742
-0.0534,0,0
-0.053,0,0
-0.0526,0.00529435,0.00544645
-0.0522,0,0
-0.0518,0,0
-0.0514,0,0
-0.051,0,0
-0.0506,0.00519825,0.00520757
-0.0502,0,0
-0.0498,0,0
-0.0494,0,0
-0.049,0,0
-0.0486,0,0
-0.0482,0,0
-0.0478,0,0
-0.0474,0,0
-0.047,0,0
-0.0466,0,0
-0.0462,0,0
-0.0458,0,0
-0.0454,0,0
-0.045,0.00535187,0.0053618
-0.0446,0,0
-0.0442,0,0
-0.0438,0.00602122,0.00603379
-0.0434,0,0
-0.043,0,0
-0.0426,0,0
-0.0422,0,0
-0.0418,0,0
-0.0414,0,0
-0.041,0.0051552,0.00516444
-0.0406,0,0
-0.0402,0,0
-0.0398,0,0
-0.0394,0,0
-0.039,0,0
-0.0386,0,0
-0.0382,0,0
-0.0378,0.00871687,0.00678223
-0.0374,0,0
-0.037,0,0
-0.0366,0,0
-0.0362,0,0
-0.0358,0,0
-0.0354,0,0
-0.035,0,0
-0.0346,0,0
-0.0342,0,0
-0.0338,0,0
-0.0334,0,0
-0.033,0,0
-0.0326,0,0
-0.0322,0,0
-0.0318,0,0
-0.0314,0.00431872,0.00459107
-0.031,0,0
-0.0306,0,0
-0.0302,0,0
-0.0298,0,0
-0.0294,0,0
-0.029,0.00519451,0.00520395
-0.0286,0,0
-0.0282,0.00537691,0.00538703
-0.0278,0,0
-0.0274,0,0
-0.027,0.00528014,0.00528991
-0.0266,0.00569895,0.00571032
-0.0262,0,0
-0.0258,0,0
-0.0254,0,0
-0.025,0,0
-0.0246,0,0
-0.0242,0.00569611,0.00570749
-0.0238,0,0
-0.0234,0,0
-0.023,0,0
-0.0226,0,0
-0.0222,0,0
-0.0218,0,0
-0.0214,0,0
-0.021,0,0
-0.0206,0,0
-0.0202,0,0
-0.0198,0.00525257,0.00526226
-0.0194,0,0
-0.019,0,0
-0.0186,0,0
-0.0182,0,0
-0.0178,0,0
-0.0174,0,0
-0.017,0.00533391,0.00534392
-0.0166,0.0056998,0.00571123
-0.0162,0.00546796,0.00547847
-0.0158,0,0
-0.0154,0,0
-0.015,0.00515131,0.00516065
-0.0146,0.00515047,0.00515981
-0.0142,0,0
-0.0138,0,0
-0.0134,0,0
-0.013,0,0
-0.0126,0,0
-0.0122,0,0
-0.0118,0,0
-0.0114,0.00499841,0.00500722
-0.011,0,0
-0.0106,0,0
-0.0102,0.00534154,0.0053516
-0.0098,0,0
-0.0094,0.00529804,0.00530794
-0.009,0.00518528,0.00519476
-0.0086,0.0156559,0.00906866
-0.0082,0.0101568,0.00719483
-0.0078,0,0
-0.0074,0.00567354,0.00568489
-0.007,0,0
-0.0066,0,0
-0.0062,0,0
-0.0058,0.00499027,0.00499906
-0.0054,0,0
-0.005,0.0050407,0.00504967
-0.0046,0.014959,0.00865286
-0.0042,0,0
-0.0038,0.0103357,0.00732235
-0.0034,0.0159221,0.00921036
-0.003,0.0208864,0.0104635
-0.0026,0.0965275,0.0228201
-0.0022,0.0652392,0.0188931
-0.0018,0.123347,0.0257865
-0.0014,0.146554,0.0272931
-0.001,0.204711,0.0320397
-0.0006,0.273087,0.0379473
-0.0002,0.307791,0.0397612
0.0002,0.204698,0.0324305
0.0006,0.190886,0.0306683
0.001,0.224542,0.0331746
0.0014,0.129954,0.0249833
0.0018,0.0970364,0.022303
0.0022,0.0648896,0.0180293
0.0026,0.0512068,0.0162278
0.003,0.0382024,0.0144703
0.0034,0.016085,0.0093043
0.0038,0.00466303,0.00467072
0.0042,0.015913,0.00921177
0.0046,0.0269786,0.0120887
0.005,0.021691,0.0108663
0.0054,0.00528964,0.00529952
0.0058,0.00517631,0.00518578
0.0062,0,0
0.0066,0,0
0.007,0.0049244,0.00493296
0.0074,0.000377023,0.001419
0.0078,0.00496563,0.00497433
0.0082,0.000834545,0.00201663
0.0086,0.00489647,0.00490493
0.009,0.00489728,0.00490575
0.0094,0.0049721,0.00498082
0.0098,0,0
0.0102,0,0
0.0106,0,0
0.011,0,0
0.0114,0,0
0.0118,0.00519661,0.00520613
0.0122,0,0
0.0126,0.00565543,0.00566669
0.013,0,0
0.0134,0,0
0.0138,0,0
0.0142,0,0
0.0146,0,0
0.015,0,0
0.0154,0,0
0.0158,0,0
0.0162,0,0
0.0166,0.00533901,0.00534901
0.017,0,0
0.0174,0.00519382,0.00520327
0.0178,0,0
0.0182,0.00507821,0.00517524
0.0186,0.00525826,0.00526793
0.019,0.00497741,0.00498606
0.0194,0,0
0.0198,0.00525591,0.00526555
0.0202,0.00563998,0.00565107
0.0206,0.0051764,0.00518574
0.021,0,0
0.0214,0.0053621,0.0053721
0.0218,0.0052164,0.00522587
0.0222,0,0
0.0226,0,0
0.023,0,0
0.0234,0,0
0.0238,0.00487565,0.00512422
0.0242,0,0
0.0246,0,0
0.025,0,0
0.0254,0,0
0.0258,0.00506405,0.00507291
0.0262,0,0
0.0266,0,0
0.027,0,0
0.0274,0,0
0.0278,0.0108739,0.0077034
0.0282,0,0
0.0286,0,0
0.029,0,0
0.0294,0,0
0.0298,0,0
0.0302,0,0
0.0306,0,0
0.031,0,0
0.0314,0,0
0.0318,0,0
0.0322,0,0
0.0326,0,0
0.033,0,0
0.0334,0,0
0.0338,0.00529292,0.00530247
0.0342,0,0
0.0346,0.00539956,0.00540948
0.035,0.00542386,0.00543387
0.0354,0.00537881,0.00538864
0.0358,0.00510756,0.00511642
0.0362,0,0
0.0366,0.00542673,0.00543672
0.037,0,0
0.0374,0,0
0.0378,0.00545701,0.00546709
0.0382,0,0
0.0386,0.00508506,0.0050938
0.039,0,0
0.0394,0,0
0.0398,0.00562245,0.00563311
0.0402,0,0
0.0406,0,0
0.041,0,0
0.0414,0.00553322,0.00554352
0.0418,0,0
0.0422,0,0
0.0426,0,0
0.043,0,0
0.0434,0.00515435,0.00516326
0.0438,0.00519854,0.0052076
0.0442,0,0
0.0446,0,0
0.045,0.00539571,0.00540545
0.0454,0.00539915,0.0054089
0.0458,0,0
0.0462,0,0
0.0466,0,0
0.047,0,0
0.0474,0,0
0.0478,0,0
0.0482,0,0
0.0486,0,0
0.049,0,0
0.0494,0,0
0.0498,0,0
0.0502,0,0
0.0506,0.0024493,0.00360182
0.051,0,0
0.0514,0,0
0.0518,0.00509584,0.00510444
0.0522,0,0
0.0526,0.0058133,0.00582447
0.053,0,0
0.0534,0,0
0.0538,0,0
0.0542,0,0
0.0546,0,0
0.055,0,0
0.0554,0,0
0.0558,0,0
0.0562,0,0
0.0566,0,0
0.057,0.00592921,0.00594075
0.0574,0,0
0.0578,0,0
0.0582,0,0
0.0586,0,0
0.059,0,0
0.0594,0,0
0.0598,0,0
0.0602,0,0
0.0606,0,0
0.061,0,0
0.0614,0,0
0.0618,0,0
0.0622,0.00555343,0.00556347
0.0626,0.00555893,0.00556899
0.063,0,0
0.0634,0,0
0.0638,0,0
0.0642,0,0
0.0646,0,0
0.065,0,0
0.0654,0,0
0.0658,0,0
0.0662,0,0
0.0666,0,0
0.067,0,0
0.0674,0,0
0.0678,0,0
0.0682,0,0
0.0686,0,0
0.069,0,0
0.0694,0,0
0.0698,0.00587395,0.00588505
0.0702,0,0
0.0706,0,0
0.071,0,0
0.0714,0,0
0.0718,0,0
0.0722,0,0
0.0726,0,0
0.073,0,0
0.0734,0,0
0.0738,0,0
0.0742,0.00567363,0.00568392
0.0746,0,0
0.075,0,0
0.0754,0,0
0.0758,0,0
0.0762,0,0
0.0766,0,0
0.077,0.00184392,0.00326397
0.0774,0,0
0.0778,0,0
0.0782,0,0
0.0786,0,0
0.079,0,0
0.0794,0,0
0.0798,0,0
0.0802,0,0
0.0806,0,0
0.081,0,0
0.0814,0,0
0.0818,0,0
0.0822,0,0
0.0826,0,0
0.083,0,0
0.0834,0,0
0.0838,0,0
0.0842,0,0
0.0846,0,0
0.085,0,0
0.0854,0,0
0.0858,0,0
0.0862,0,0
0.0866,0,0
0.087,0,0
0.0874,0,0
0.0878,0,0
0.0882,0,0
0.0886,0,0
0.089,0,0
0.0894,0,0
0.0898,0.00593725,0.00594827
0.0902,0,0
0.0906,0,0
0.091,0,0
0.0914,0,0
0.0918,0,0
0.0922,0.00579845,0.00580892
0.0926,0.00062461,0.00190704
0.093,0,0
0.0934,0,0
0.0938,0,0
0.0942,0,0
0.0946,0,0
0.095,0.00559828,0.00560801
0.0954,0,0
0.0958,0,0
0.0962,0,0
0.0966,0,0
0.097,0,0
0.0974,0,0
0.0978,0,0
0.0982,0,0
0.0986,0,0
0.099,0,0
0.0994,0,0
0.0998,0,0
0.1002,0,0
0.1006,0,0
0.101,0,0
0.1014,0,0
0.1018,0,0
0.1022,0,0
0.1026,0,0
0.103,0.00645463,0.00646744
0.1034,0.00662731,0.0066408
0.1038,0,0
0.1042,0,0
0.1046,0,0
0.105,0,0
0.1054,0,0
0.1058,0,0
0.1062,0,0
0.1066,0,0
0.107,0,0
0.1074,0.00785027,0.00786916
0.1078,0,0
0.1082,0,0
0.1086,0,0
0.109,0,0
0.1094,0,0
0.1098,0,0
0.1102,0,0
0.1106,0,0
0.111,0.00797683,0.00814716
0.1114,0,0
0.1118,0,0
0.1122,0,0
0.1126,0,0
0.113,0,0
0.1134,0,0
0.1138,0,0
0.1142,0,0
0.1146,0,0
0.115,0,0
0.1154,0,0
0.1158,0,0
0.1162,0,0
0.1166,0,0
0.117,0,0
0.1174,0,0
0.1178,0,0
0.1182,0,0
0.1186,0,0
0.119,0.0107223,0.0107576
0.1194,0,0
0.1198,0,0
7
-0.1198,0,0
-0.1194,0.00571838,0.00572969
-0.119,0,0
-0.1186,0.00528655,0.00529622
-0.1182,0,0
-0.1178,0,0
-0.1174,0.00521732,0.00522675
-0.117,0,0
-0.1166,0,0
-0.1162,0,0
-0.1158,0,0
-0.1154,0,0
-0.115,0,0
-0.1146,0.00512263,0.00513173
-0.1142,0,0
-0.1138,0,0
-0.1134,0,0
-0.113,0.00535815,0.00536812
-0.1126,0,0
-0.1122,0,0
-0.1118,0,0
-0.1114,0,0
-0.111,0.00621928,0.00623273
-0.1106,0.00574979,0.00576129
-0.1102,0,0
-0.1098,0,0
-0.1094,0,0
-0.109,0.00548411,0.00549458
-0.1086,0.00544416,0.00545448
-0.1082,0.00552942,0.00554008
-0.1078,0,0
-0.1074,0,0
-0.107,0,0
-0.1066,0,0
-0.1062,0,0
-0.1058,0,0
-0.1054,0,0
-0.105,0,0
-0.1046,0,0
-0.1042,0,0
-0.1038,0.0053502,0.00536022
-0.1034,0,0
-0.103,0,0
-0.1026,0,0
-0.1022,0,0
-0.1018,0,0
-0.1014,0.00577158,0.00578325
-0.101,0,0
-0.1006,0,0
-0.1002,0,0
-0.0998,0,0
-0.0994,0,0
-0.099,0,0
-0.0986,0,0
-0.0982,0,0
-0.0978,0,0
-0.0974,0,0
-0.097,0,0
-0.0966,0,0
-0.0962,0,0
-0.0958,0,0
-0.0954,0,0
-0.095,0.00549899,0.00550965
-0.0946,0,0
-0.0942,0,0
-0.0938,0,0
-0.0934,0,0
-0.093,0,0
-0.0926,0,0
-0.0922,0,0
-0.0918,0,0
-0.0914,0,0
-0.091,0,0
-0.0906,0,0
-0.0902,0,0
-0.0898,0,0
-0.0894,0,0
-0.089,0,0
-0.0886,0,0
-0.0882,0,0
-0.0878,0,0
-0.0874,0,0
-0.087,0,0
-0.0866,0.000355022,0.00134512
-0.0862,0,0
-0.0858,0,0
-0.0854,0.00520291,0.0052125
-0.085,0,0
-0.0846,0,0
-0.0842,0,0
-0.0838,0,0
-0.0834,0,0
-0.083,0,0
-0.0826,0,0
-0.0822,0.00548569,0.00549634
-0.0818,0,0
-0.0814,0.00479533,0.00480346
-0.081,0,0
-0.0806,0,0
-0.0802,0.0105825,0.00749707
-0.0798,0.00526906,0.00527887
-0.0794,0,0
-0.079,0,0
-0.0786,0,0
-0.0782,0,0
-0.0778,0,0
-0.0774,0,0
-0.077,0,0
-0.0766,0,0
-0.0762,0,0
-0.0758,0,0
-0.0754,0,0
-0.075,0,0
-0.0746,0,0
-0.0742,0,0
-0.0738,0,0
-0.0734,0,0
-0.073,0,0
-0.0726,0.00546069,0.00547118
-0.0722,0,0
-0.0718,0,0
-0.0714,0,0
-0.071,0,0
-0.0706,0,0
-0.0702,0,0
-0.0698,0,0
-0.0694,0,0
-0.069,0,0
-0.0686,0,0
-0.0682,0,0
-0.0678,0,0
-0.0674,0,0
-0.067,0,0
-0.0666,0,0
-0.0662,0,0
-0.0658,0,0
-0.0654,0,0
-0.065,0,0
-0.0646,0,0
-0.0642,0,0
-0.0638,0,0
-0.0634,0,0
-0.063,0,0
-0.0626,0,0
-0.0622,0,0
-0.0618,0.00493952,0.00494801
-0.0614,0,0
-0.061,0,0
-0.0606,0.00552266,0.00553325
-0.0602,0,0
-0.0598,0,0
-0.0594,0.00510785,0.00511691
-0.059,0.00551218,0.00552272
-0.0586,0.00501838,0.00502711
-0.0582,0,0
-0.0578,0,0
-0.0574,0.00455708,0.00500672
-0.057,0,0
-0.0566,0,0
-0.0562,0,0
-0.0558,0,0
-0.0554,0,0
-0.055,0,0
-0.0546,0,0
-0.0542,0.00489629,0.00490456
-0.0538,0,0
-0.0534,0,0
-0.053,0,0
-0.0526,0,0
-0.0522,0,0
-0.0518,0,0
-0.0514,0.00581767,0.0058293
-0.051,0.0054984,0.00550877
-0.0506,0,0
-0.0502,0,0
-0.0498,0,0
-0.0494,0,0
-0.049,0.00502929,0.00503795
-0.0486,0,0
-0.0482,0.00419003,0.00486732
-0.0478,0,0
-0.0474,0,0
-0.047,0,0
-0.0466,0,0
-0.0462,0,0
-0.0458,0,0
-0.0454,0,0
-0.045,0,0
-0.0446,0,0
-0.0442,0,0
-0.0438,0.0061502,0.00616304
-0.0434,0,0
-0.043,0,0
-0.0426,0,0
-0.0422,0,0
-0.0418,0,0
-0.0414,0.00526244,0.00527181
-0.041,0,0
-0.0406,0,0
-0.0402,0,0
-0.0398,0,0
-0.0394,0,0
-0.039,0,0
-0.0386,0,0
-0.0382,0,0
-0.0378,0,0
-0.0374,0,0
-0.037,0.00272671,0.00405722
-0.0366,0,0
-0.0362,0,0
-0.0358,0,0
-0.0354,0,0
-0.035,0,0
-0.0346,0.0110214,0.00780869
-0.0342,0,0
-0.0338,0,0
-0.0334,0,0
-0.033,0.0121642,0.00861884
-0.0326,0.00573821,0.00574918
-0.0322,0.00514658,0.0051554
-0.0318,0,0
-0.0314,0,0
-0.031,0.0049602,0.00496837
-0.0306,0,0
-0.0302,0,0
-0.0298,0,0
-0.0294,0,0
-0.029,0,0
-0.0286,0,0
-0.0282,0,0
-0.0278,0,0
-0.0274,0.00617043,0.00618299
-0.027,0,0
-0.0266,0,0
-0.0262,0,0
-0.0258,0,0
-0.0254,0.00570289,0.00571358
-0.025,0.00142811,0.00286033
-0.0246,0,0
-0.0242,0.0237182,0.0118959
-0.0238,0.00544358,0.00545329
-0.0234,0,0
-0.023,0.0019122,0.00335947
-0.0226,0,0
-0.0222,0.00570874,0.00571938
-0.0218,0,0
-0.0214,0,0
-0.021,0.005414,0.00542354
-0.0206,0,0
-0.0202,0,0
-0.0198,0,0
-0.0194,0,0
-0.019,0,0
-0.0186,0,0
-0.0182,0,0
-0.0178,0,0
-0.0174,0,0
-0.017,0.00580839,0.00581929
-0.0166,0.00558929,0.00559937
-0.0162,0.0119331,0.00845422
-0.0158,0.00571717,0.0057277
-0.0154,0,0
-0.015,0,0
-0.0146,0,0
-0.0142,0,0
-0.0138,0.00617618,0.00618842
-0.0134,0,0
-0.013,0,0
-0.0126,0.00726922,0.00650086
-0.0122,0,0
-0.0118,0.0060431,0.00605478
-0.0114,0,0
-0.011,0,0
-0.0106,0,0
-0.0102,0,0
-0.0098,0,0
-0.0094,0.0113768,0.00805921
-0.009,0.00773925,0.00664928
-0.0086,0.00596813,0.00591076
-0.0082,0.0112787,0.00798953
-0.0078,0.00549492,0.0055045
-0.0074,0.00558773,0.00559763
-0.007,0.00593389,0.00594505
-0.0066,0,0
-0.0062,0.00550295,0.00551254
-0.0058,0.00797089,0.00672754
-0.0054,0.00549349,0.00550303
-0.005,0.00549694,0.00550649
-0.0046,0,0
-0.0042,0.0112459,0.00796619
-0.0038,0.0117199,0.00830255
-0.0034,0.013339,0.00894514
-0.003,0.0444776,0.0161736
-0.0026,0.0331165,0.0141258
-0.0022,0.0603444,0.0192646
-0.0018,0.0793292,0.0219775
-0.0014,0.224504,0.0357108
-0.001,0.22946,0.0359754
-0.0006,0.394598,0.048419
-0.0002,0.433863,0.0501542
0.0002,0.569853,0.0574623
0.0006,0.438962,0.0494599
0.001,0.308461,0.0409518
0.0014,0.261028,0.037668
0.0018,0.260135,0.038697
0.0022,0.136142,0.0277866
0.0026,0.0872458,0.0227465
0.003,0.0591433,0.0191466
0.0034,0.0374832,0.0151568
0.0038,0.0323708,0.0131017
0.0042,0.0232255,0.011642
0.0046,0.0135355,0.00916039
0.005,0.0306995,0.0137558
0.0054,0.012012,0.00850968
0.0058,0.00587922,0.00588997
0.0062,0.0119913,0.00849507
0.0066,0.0305674,0.013702
0.007,0.0301939,0.0135527
0.0074,0.012101,0.00857277
0.0078,0.0169445,0.00980009
0.0082,0.007617,0.0066473
0.0086,0,0
0.009,0.00601477,0.00602599
0.0094,0.00565992,0.00566985
0.0098,0.011526,0.00817115
0.0102,0.00599317,0.0060043
0.0106,0.00595992,0.00597092
0.011,0.0106317,0.00753014
0.0114,0,0
0.0118,0,0
0.0122,0.00543506,0.0054442
0.0126,0,0
0.013,0,0
0.0134,0.00570758,0.00571766
0.0138,0,0
0.0142,0,0
0.0146,0,0
0.015,0.00659006,0.00660348
0.0154,0.00580531,0.00581573
0.0158,0.00581116,0.0058216
0.0162,0,0
0.0166,0,0
0.017,0,0
0.0174,0,0
0.0178,0,0
0.0182,0.00614334,0.00605377
0.0186,0,0
0.019,0,0
0.0194,0,0
0.0198,0,0
0.0202,0,0
0.0206,0,0
0.021,0,0
0.0214,0,0
0.0218,0,0
0.0222,0,0
0.0226,0.00571622,0.00572636
0.023,0.00617888,0.00619073
0.0234,0,0
0.0238,0.000546702,0.00181274
0.0242,0.00624005,0.00625214
0.0246,0,0
0.025,0,0
0.0254,0,0
0.0258,0,0
0.0262,0,0
0.0266,0.00612294,0.0061346
0.027,0,0
0.0274,0,0
0.0278,0,0
0.0282,0,0
0.0286,0,0
0.029,0.00560643,0.00561623
0.0294,0,0
0.0298,0,0
0.0302,0,0
0.0306,0.00581055,0.00582109
0.031,0,0
0.0314,0,0
0.0318,0,0
0.0322,0.00582129,0.00583189
0.0326,0.00609453,0.00610614
0.033,0,0
0.0334,0,0
0.0338,0,0
0.0342,0.0061028,0.00611446
0.0346,0,0
0.035,0,0
0.0354,0,0
0.0358,0,0
0.0362,0.00574946,0.00575983
0.0366,0,0
0.037,0,0
0.0374,0,0
0.0378,0,0
0.0382,0,0
0.0386,0,0
0.039,0,0
0.0394,0,0
0.0398,0,0
0.0402,0,0
0.0406,0,0
0.041,0.00543133,0.00544064
0.0414,0.00542914,0.00543844
0.0418,0,0
0.0422,0,0
0.0426,0,0
0.043,0,0
0.0434,0,0
0.0438,0,0
0.0442,0,0
0.0446,0,0
0.045,0,0
0.0454,0,0
0.0458,0,0
0.0462,0.00608883,0.00610059
0.0466,0,0
0.047,0,0
0.0474,0,0
0.0478,0,0
0.0482,0,0
0.0486,0,0
0.049,0,0
0.0494,0,0
0.0498,0,0
0.0502,0,0
0.0506,0,0
0.051,0.0108103,0.00765815
0.0514,0,0
0.0518,0,0
0.0522,0.00560283,0.00561285
0.0526,0,0
0.053,0,0
0.0534,0,0
0.0538,0,0
0.0542,0,0
0.0546,0,0
0.055,0,0
0.0554,0,0
0.0558,0,0
0.0562,0,0
0.0566,0,0
0.057,0.0060589,0.0060707
0.0574,0,0
0.0578,0.00580648,0.00581732
0.0582,0,0
0.0586,0.00540627,0.00541568
0.059,0,0
0.0594,0,0
0.0598,0,0
0.0602,0,0
0.0606,0,0
0.061,0,0
0.0614,0,0
0.0618,0.00559578,0.0056059
0.0622,0,0
0.0626,0,0
0.063,0,0
0.0634,0,0
0.0638,0,0
0.0642,0,0
0.0646,0,0
0.065,0,0
0.0654,0,0
0.0658,0,0
0.0662,0,0
0.0666,0.00560816,0.00561839
0.067,0,0
0.0674,0,0
0.0678,0.00542558,0.00543518
0.0682,0,0
0.0686,0,0
0.069,0,0
0.0694,0,0
0.0698,0,0
0.0702,0.00578275,0.00579368
0.0706,0,0
0.071,0.00504671,0.00505504
0.0714,0,0
0.0718,0,0
0.0722,0,0
0.0726,0,0
0.073,0,0
0.0734,0,0
0.0738,0,0
0.0742,0,0
0.0746,0,0
0.075,0,0
0.0754,0,0
0.0758,0,0
0.0762,0.00557645,0.00558668
0.0766,0,0
0.077,0.00378563,0.00460024
0.0774,0,0
0.0778,0,0
0.0782,0,0
0.0786,0,0
0.079,0,0
0.0794,0,0
0.0798,0,0
0.0802,0,0
0.0806,0.00585246,0.00586376
0.081,0,0
0.0814,0,0
0.0818,0,0
0.0822,0,0
0.0826,0,0
0.083,0.00518013,0.005189
0.0834,0,0
0.0838,0,0
0.0842,0,0
0.0846,0.00580609,0.00581724
0.085,0,0
0.0854,0,0
0.0858,0,0
0.0862,0,0
0.0866,0,0
0.087,0.00380267,0.0043541
0.0874,0,0
0.0878,0,0
0.0882,0.00555884,0.00556908
0.0886,0,0
0.089,0,0
0.0894,0,0
0.0898,0,0
0.0902,0,0
0.0906,0,0
0.091,0,0
0.0914,0,0
0.0918,0,0
0.0922,0,0
0.0926,0.00485894,0.00515301
0.093,0,0
0.0934,0,0
0.0938,0,0
0.0942,0.0055904,0.00560077
0.0946,0,0
0.095,0,0
0.0954,0,0
0.0958,0.00968383,0.00757546
0.0962,0,0
0.0966,0,0
0.097,0,0
0.0974,0,0
0.0978,0.00537202,0.00538161
0.0982,0,0
0.0986,0,0
0.099,0,0
0.0994,0,0
0.0998,0,0
0.1002,0,0
0.1006,0,0
0.101,0,0
0.1014,0,0
0.1018,0,0
0.1022,0,0
0.1026,0,0
0.103,0,0
0.1034,0,0
0.1038,0,0
0.1042,0,0
0.1046,0,0
0.105,0,0
0.1054,0,0
0.1058,0,0
0.1062,0,0
0.1066,0,0
0.107,0,0
0.1074,0,0
0.1078,0,0
0.1082,0,0
0.1086,0.00415427,0.00549301
0.109,0,0
0.1094,0,0
0.1098,0,0
0.1102,0,0
0.1106,0,0
0.111,0,0
0.1114,0,0
0.1118,0,0
0.1122,0,0
0.1126,0.00765764,0.00767697
0.113,0,0
0.1134,0.00729441,0.00731194
0.1138,0,0
0.1142,0,0
0.1146,0,0
0.115,0.00710039,0.00767938
0.1154,0.00688264,0.00743364
0.1158,0,0
0.1162,0,0
0.1166,0,0
0.117,0,0
0.1174,0,0
0.1178,0.00374394,0.0058428
0.1182,0,0
0.1186,0,0
0.119,0,0
0.1194,0,0
0.1198,0,0
8
-0.1198,0,0
-0.1194,0,0
-0.119,0,0
-0.1186,0,0
-0.1182,0,0
-0.1178,0,0
-0.1174,0.00367788,0.00368432
-0.117,0,0
-0.1166,0,0
-0.1162,0,0
-0.1158,0,0
-0.1154,0,0
-0.115,0,0
-0.1146,0,0
-0.1142,0,0
-0.1138,0,0
-0.1134,0.00427064,0.00427928
-0.113,0,0
-0.1126,0,0
-0.1122,0,0
-0.1118,0,0
-0.1114,0,0
-0.111,0,0
-0.1106,0,0
-0.1102,0.00413573,0.00414381
-0.1098,0,0
-0.1094,0,0
-0.109,0,0
-0.1086,0.00396224,0.00396964
-0.1082,0,0
-0.1078,0,0
-0.1074,0,0
-0.107,0,0
-0.1066,0.00404039,0.00404807
-0.1062,0,0
-0.1058,0,0
-0.1054,0,0
-0.105,0,0
-0.1046,0,0
-0.1042,0,0
-0.1038,0,0
-0.1034,0,0
-0.103,0,0
-0.1026,0,0
-0.1022,0,0
-0.1018,0,0
-0.1014,0.0119446,0.00692462
-0.101,0,0
-0.1006,0.00405375,0.0040614
-0.1002,0,0
-0.0998,0,0
-0.0994,0,0
-0.099,0,0
-0.0986,0,0
-0.0982,0,0
-0.0978,0,0
-0.0974,0.00417811,0.0041862
-0.097,0.00445707,0.00446628
-0.0966,0.00409263,0.00410039
-0.0962,0,0
-0.0958,0,0
-0.0954,0.00406803,0.00407568
-0.095,0,0
-0.0946,0,0
-0.0942,0,0
-0.0938,0,0
-0.0934,0,0
-0.093,0,0
-0.0926,0,0
-0.0922,0,0
-0.0918,0,0
-0.0914,0,0
-0.091,0,0
-0.0906,0,0
-0.0902,0,0
-0.0898,0,0
-0.0894,0.00428187,0.00429028
-0.089,0,0
-0.0886,0,0
-0.0882,0,0
-0.0878,0,0
-0.0874,0.00366343,0.00366958
-0.087,0,0
-0.0866,0.00365865,0.00380049
-0.0862,0,0
-0.0858,0,0
-0.0854,0.00439786,0.0044067
-0.085,0,0
-0.0846,0,0
-0.0842,2.06027e-05,0.00030107
-0.0838,0,0
-0.0834,0,0
-0.083,0,0
-0.0826,0.00406204,0.00406955
-0.0822,0,0
-0.0818,0.00410491,0.00411258
-0.0814,0,0
-0.081,0,0
-0.0806,0,0
-0.0802,0,0
-0.0798,0,0
-0.0794,0,0
-0.079,0,0
-0.0786,0,0
-0.0782,0,0
-0.0778,0,0
-0.0774,0,0
-0.077,0.00433257,0.00434106
-0.0766,0.00442706,0.00443592
-0.0762,0,0
-0.0758,0.0041671,0.00417494
-0.0754,0,0
-0.075,0,0
-0.0746,0,0
-0.0742,0,0
-0.0738,0.00419296,0.00420089
-0.0734,0.00419405,0.00420198
-0.073,0,0
-0.0726,0,0
-0.0722,0,0
-0.0718,0,0
-0.0714,0,0
-0.071,0,0
-0.0706,0,0
-0.0702,0.00774924,0.00548911
-0.0698,0,0
-0.0694,0,0
-0.069,0,0
-0.0686,0.00404497,0.00405233
-0.0682,0,0
-0.0678,0,0
-0.0674,0,0
-0.067,0,0
-0.0666,0,0
-0.0662,0,0
-0.0658,0.00434476,0.00435323
-0.0654,0,0
-0.065,0,0
-0.0646,0,0
-0.0642,0,0
-0.0638,0,0
-0.0634,0,0
-0.063,0,0
-0.0626,0,0
-0.0622,0,0
-0.0618,0,0
-0.0614,0,0
-0.061,0,0
-0.0606,0.00428153,0.00428975
-0.0602,0.0124715,0.00722643
-0.0598,0,0
-0.0594,0,0
-0.059,0,0
-0.0586,0,0
-0.0582,0,0
-0.0578,0,0
-0.0574,0.00494837,0.00458657
-0.057,0,0
-0.0566,0,0
-0.0562,0.00435981,0.00436832
-0.0558,0.000488174,0.00146124
-0.0554,0.00446202,0.00447093
-0.055,0,0
-0.0546,0,0
-0.0542,0,0
-0.0538,0,0
-0.0534,0,0
-0.053,0,0
-0.0526,0.00859404,0.0060886
-0.0522,0.00826076,0.00585684
-0.0518,0,0
-0.0514,0,0
-0.051,0,0
-0.0506,0,0
-0.0502,0,0
-0.0498,0.00436588,0.00437441
-0.0494,0.00436581,0.00437434
-0.049,0.00436005,0.00436856
-0.0486,0,0
-0.0482,0.00540127,0.0048286
-0.0478,0,0
-0.0474,0.00475231,0.00476241
-0.047,0,0
-0.0466,0.000342249,0.00116604
-0.0462,0,0
-0.0458,0,0
-0.0454,0.00434252,0.00435096
-0.045,0,0
-0.0446,0,0
-0.0442,0,0
-0.0438,0,0
-0.0434,0,0
-0.043,0,0
-0.0426,0,0
-0.0422,0,0
-0.0418,0,0
-0.0414,0.00322989,0.00359207
-0.041,0.00377341,0.00377977
-0.0406,0.00393216,0.00393907
-0.0402,0,0
-0.0398,0,0
-0.0394,0.00421304,0.00422097
-0.039,0,0
-0.0386,0.00914427,0.00647919
-0.0382,0,0
-0.0378,0,0
-0.0374,0.0112692,0.00680716
-0.037,0.00247011,0.00334806
-0.0366,0,0
-0.0362,0,0
-0.0358,0,0
-0.0354,0.00741304,0.00565312
-0.035,0,0
-0.0346,0,0
-0.0342,0,0
-0.0338,0.00436651,0.00437502
-0.0334,0,0
-0.033,0.00454426,0.00455347
-0.0326,0.00428478,0.00429297
-0.0322,0,0
-0.0318,0,0
-0.0314,0.00381088,0.00381735
-0.031,0.00738876,0.00523325
-0.0306,0,0
-0.0302,0,0
-0.0298,0,0
-0.0294,0,0
-0.029,0.00407754,0.00408495
-0.0286,0,0
-0.0282,0.00858771,0.00608488
-0.0278,0,0
-0.0274,0,0
-0.027,0,0
-0.0266,0.00448153,0.00449047
-0.0262,0,0
-0.0258,0.00429024,0.00429844
-0.0254,0,0
-0.025,0.0031559,0.00365147
-0.0246,0.00795829,0.00563733
-0.0242,0.00448721,0.00449616
-0.0238,0,0
-0.0234,0,0
-0.023,0.00291563,0.00355622
-0.0226,0.00854484,0.00605477
-0.0222,0,0
-0.0218,0.00894566,0.00633827
-0.0214,0.00851027,0.00602907
-0.021,0.00396494,0.00397193
-0.0206,0,0
-0.0202,0.00158486,0.00260741
-0.0198,0,0
-0.0194,0,0
-0.019,0,0
-0.0186,0,0
-0.0182,0,0
-0.0178,0,0
-0.0174,0.00406371,0.00407104
-0.017,0,0
-0.0166,0,0
-0.0162,0,0
-0.0158,0.00829482,0.00587614
-0.0154,0.00791125,0.00560393
-0.015,0.00433616,0.0043445
-0.0146,0,0
-0.0142,0.00439931,0.00440789
-0.0138,0,0
-0.0134,0,0
-0.013,0,0
-0.0126,0.0117569,0.00711312
-0.0122,0,0
-0.0118,0,0
-0.0114,0,0
-0.011,0,0
-0.0106,0.00151223,0.00251898
-0.0102,0.00425428,0.00426228
-0.0098,0,0
-0.0094,6.97401e-05,0.000535221
-0.009,0.0150261,0.0078899
-0.0086,0.0175136,0.00855884
-0.0082,0,0
-0.0078,0.0191463,0.00873904
-0.0074,0.0135963,0.00786556
-0.007,0.00852053,0.00603626
-0.0066,0,0
-0.0062,0.0239474,0.00979666
-0.0058,0.0066926,0.00531684
-0.0054,0.00793261,0.00561916
-0.005,0.010578,0.00652724
-0.0046,0.00781659,0.0055367
-0.0042,0.0402695,0.0127571
-0.0038,0.0292924,0.0110279
-0.0034,0.0670591,0.0169206
-0.003,0.0747324,0.0177511
-0.0026,0.0984479,0.0206317
-0.0022,0.141098,0.024906
-0.0018,0.193317,0.0290489
-0.0014,0.257869,0.0322267
-0.001,0.358617,0.0380197
-0.0006,0.61102,0.050845
-0.0002,0.524353,0.0465614
0.0002,0.554206,0.0478446
0.0006,0.514884,0.0452057
0.001,0.365699,0.03792
0.0014,0.312386,0.0347788
0.0018,0.223196,0.0302541
0.0022,0.156432,0.0251339
0.0026,0.0762819,0.0179061
0.003,0.0873405,0.0196599
0.0034,0.0468972,0.0142581
0.0038,0.0416894,0.01267
0.0042,0.029678,0.011248
0.0046,0.0293961,0.0112875
0.005,0.0217998,0.00976795
0.0054,0.0127908,0.00739857
0.0058,0.0125185,0.0072408
0.0062,0.0238631,0.0100963
0.0066,0.0294338,0.0113391
0.007,0.0308809,0.0111985
0.0074,0.0293963,0.0111379
0.0078,0.00522553,0.00454418
0.0082,0.0107375,0.00657138
0.0086,0.012051,0.00697192
0.009,0.00426281,0.00427075
0.0094,0.00232495,0.0031543
0.0098,0,0
0.0102,0.00422129,0.00422908
0.0106,0.00376645,0.00377265
0.011,0.00376454,0.00377074
0.0114,0,0
0.0118,0.00419086,0.00419853
0.0122,0,0
0.0126,0.00456022,0.0045693
0.013,0.00412445,0.00413187
0.0134,0.0122126,0.0070638
0.0138,0.0139047,0.00805158
0.0142,0.0147487,0.00853344
0.0146,0,0
0.015,0,0
0.0154,0,0
0.0158,0,0
0.0162,0.0040119,0.00401891
0.0166,0,0
0.017,0.00476213,0.004772
0.0174,0.0086927,0.0062655
0.0178,0.00774367,0.00548484
0.0182,0.00426124,0.00426914
0.0186,0,0
0.019,0.00799155,0.00566071
0.0194,0.004088,0.00409527
0.0198,0,0
0.0202,0,0
0.0206,0,0
0.021,0,0
0.0214,0,0
0.0218,0.00834735,0.00591318
0.0222,0.00408585,0.00409311
0.0226,0,0
0.023,0,0
0.0234,0.01336,0.00772891
0.0238,0,0
0.0242,0,0
0.0246,0,0
0.025,0.00423836,0.00424615
0.0254,0.0042391,0.00424689
0.0258,0.00417602,0.00418358
0.0262,0,0
0.0266,0,0
0.027,0.00421633,0.00422404
0.0274,0,0
0.0278,0.00431945,0.00432753
0.0282,0,0
0.0286,0,0
0.029,0,0
0.0294,0,0
0.0298,0,0
0.0302,0.00416788,0.00417539
0.0306,0,0
0.031,0,0
0.0314,0,0
0.0318,0.00420881,0.00421647
0.0322,0,0
0.0326,0,0
0.033,0,0
0.0334,0.00437732,0.0043856
0.0338,0,0
0.0342,0,0
0.0346,0.00107543,0.00208619
0.035,0,0
0.0354,0,0
0.0358,0,0
0.0362,0,0
0.0366,0.0045831,0.00459215
0.037,0.00394288,0.00394959
0.0374,0.00394363,0.00395033
0.0378,0.00392493,0.00393157
0.0382,0,0
0.0386,0,0
0.039,0,0
0.0394,0.00380006,0.00380628
0.0398,0,0
0.0402,0,0
0.0406,0,0
0.041,0.00397899,0.00398581
0.0414,0.00397956,0.00398638
0.0418,0,0
0.0422,0,0
0.0426,0,0
0.043,0,0
0.0434,0,0
0.0438,0,0
0.0442,0,0
0.0446,0,0
0.045,0,0
0.0454,0.00420321,0.00421079
0.0458,0,0
0.0462,0,0
0.0466,0.00855997,0.00606394
0.047,0,0
0.0474,0.00442662,0.00443502
0.0478,0,0
0.0482,0,0
0.0486,0,0
0.049,0,0
0.0494,0.00443467,0.00444309
0.0498,0,0
0.0502,0,0
0.0506,0.0040467,0.00405371
0.051,0,0
0.0514,0.00402093,0.00402785
0.0518,0,0
0.0522,0,0
0.0526,0,0
0.053,0,0
0.0534,0.00396566,0.00397238
0.0538,0,0
0.0542,0.00415788,0.00416525
0.0546,0,0
0.055,0.0040882,0.00409532
0.0554,0,0
0.0558,0,0
0.0562,0,0
0.0566,0.00440403,0.00441228
0.057,0,0
0.0574,0,0
0.0578,0.00438555,0.00439372
0.0582,0.00409661,0.00410374
0.0586,0.00443893,0.00444729
0.059,0.00444104,0.00444941
0.0594,0.00446774,0.0044762
0.0598,0,0
0.0602,0,0
0.0606,0,0
0.061,0,0
0.0614,0.00405814,0.00406511
0.0618,0.00427721,0.00428494
0.0622,0,0
0.0626,0,0
0.063,0,0
0.0634,0,0
0.0638,0.00428755,0.00429529
0.0642,0,0
0.0646,0.0169477,0.00848958
0.065,0,0
0.0654,0,0
0.0658,0,0
0.0662,0.00406035,0.00406727
0.0666,0,0
0.067,0.00405432,0.00406122
0.0674,0,0
0.0678,0,0
0.0682,0,0
0.0686,0,0
0.069,0,0
0.0694,0,0
0.0698,0.00440598,0.00441409
0.0702,0.00431765,0.00432544
0.0706,0,0
0.071,0,0
0.0714,0,0
0.0718,0,0
0.0722,0.00442962,0.00443779
0.0726,0,0
0.073,0.00316721,0.00362621
0.0734,0,0
0.0738,0,0
0.0742,0,0
0.0746,0,0
0.075,0,0
0.0754,0,0
0.0758,0,0
0.0762,0.00442635,0.00443447
0.0766,0,0
0.077,0,0
0.0774,0,0
0.0778,0.00440821,0.00441624
0.0782,0,0
0.0786,0.00452277,0.00453122
0.079,0,0
0.0794,0,0
0.0798,0,0
0.0802,0,0
0.0806,0,0
0.081,0,0
0.0814,0,0
0.0818,0,0
0.0822,0,0
0.0826,0,0
0.083,0.00936286,0.00625564
0.0834,0,0
0.0838,0.00416554,0.00417266
0.0842,0,0
0.0846,0,0
0.085,0,0
0.0854,0.00412116,0.00412812
0.0858,0,0
0.0862,0,0
0.0866,0,0
0.087,0.0049664,0.00447681
0.0874,0,0
0.0878,0,0
0.0882,0,0
0.0886,0,0
0.089,0.00417753,0.00418465
0.0894,0,0
0.0898,0,0
0.0902,0,0
0.0906,0.00435567,0.0043634
0.091,0,0
0.0914,0,0
0.0918,0,0
0.0922,0,0
0.0926,0,0
0.093,0,0
0.0934,0,0
0.0938,0,0
0.0942,0,0
0.0946,0,0
0.095,0,0
0.0954,0.00470932,0.00471831
0.0958,0.00657605,0.00565103
0.0962,0,0
0.0966,0,0
0.097,0,0
0.0974,0.00477868,0.00478792
0.0978,0,0
0.0982,0,0
0.0986,0,0
0.099,0,0
0.0994,0,0
0.0998,0,0
0.1002,0,0
0.1006,0,0
0.101,0,0
0.1014,0,0
0.1018,0,0
0.1022,0.00518886,0.00519973
0.1026,0,0
0.103,0,0
0.1034,0,0
0.1038,0,0
0.1042,0,0
0.1046,0.00523071,0.00524174
0.105,0.00336058,0.00418727
0.1054,0,0
0.1058,0,0
0.1062,0.00519643,0.00520731
0.1066,0,0
0.107,0,0
0.1074,0,0
0.1078,0,0
0.1082,0,0
0.1086,0.00252666,0.00388364
0.109,0,0
0.1094,0.00610142,0.00611641
0.1098,0,0
0.1102,0,0
0.1106,0,0
0.111,0,0
0.1114,0,0
0.1118,0,0
0.1122,0,0
0.1126,0,0
0.113,0,0
0.1134,0,0
0.1138,0,0
0.1142,0,0
0.1146,0.00662015,0.0066378
0.115,0.00768053,0.00721151
0.1154,0.00089957,0.00242568
0.1158,0,0
0.1162,0,0
0.1166,0.00711038,0.00713074
0.117,0,0
0.1174,0,0
0.1178,0.00431479,0.00564853
0.1182,0.00735023,0.00737199
0.1186,0,0
0.119,0,0
0.1194,0,0
0.1198,0,0
9
-0.1198,0,0
-0.1194,0.00403022,0.00403818
-0.119,0,0
-0.1186,0,0
-0.1182,0,0
-0.1178,0,0
-0.1174,0.00367082,0.00367745
-0.117,0,0
-0.1166,0,0
-0.1162,0,0
-0.1158,0,0
-0.1154,0,0
-0.115,0,0
-0.1146,0,0
-0.1142,0,0
-0.1138,0,0
-0.1134,0,0
-0.113,0,0
-0.1126,0.00420064,0.00420938
-0.1122,0,0
-0.1118,0,0
-0.1114,0,0
-0.111,0,0
-0.1106,0,0
-0.1102,0.00385756,0.00386496
-0.1098,0,0
-0.1094,0,0
-0.109,0.00383258,0.0038399
-0.1086,0,0
-0.1082,0,0
-0.1078,0,0
-0.1074,0,0
-0.107,0,0
-0.1066,0,0
-0.1062,0,0
-0.1058,0,0
-0.1054,0,0
-0.105,0,0
-0.1046,0,0
-0.1042,0,0
-0.1038,0,0
-0.1034,0,0
-0.103,0,0
-0.1026,0,0
-0.1022,0,0
-0.1018,0,0
-0.1014,0,0
-0.101,0,0
-0.1006,0,0
-0.1002,0,0
-0.0998,0,0
-0.0994,0,0
-0.099,0,0
-0.0986,0,0
-0.0982,0,0
-0.0978,0.00360089,0.00360747
-0.0974,0,0
-0.097,0,0
-0.0966,0,0
-0.0962,0,0
-0.0958,0,0
-0.0954,0,0
-0.095,0,0
-0.0946,0,0
-0.0942,0,0
-0.0938,0,0
-0.0934,0,0
-0.093,0,0
-0.0926,0.00350436,0.00351063
-0.0922,0,0
-0.0918,0,0
-0.0914,0,0
-0.091,0.00356335,0.00356985
-0.0906,0,0
-0.0902,0,0
-0.0898,0.00780198,0.00552786
-0.0894,0.00383292,0.00384045
-0.089,0,0
-0.0886,0,0
-0.0882,0,0
-0.0878,0,0
-0.0874,0,0
-0.087,0,0
-0.0866,0.00349791,0.00350421
-0.0862,0,0
-0.0858,0,0
-0.0854,0,0
-0.085,0.0035757,0.00358229
-0.0846,0,0
-0.0842,0.00385699,0.00387381
-0.0838,0,0
-0.0834,0.00359979,0.00360648
-0.083,0,0
-0.0826,0,0
-0.0822,0,0
-0.0818,0,0
-0.0814,0,0
-0.081,0,0
-0.0806,0,0
-0.0802,0,0
-0.0798,0,0
-0.0794,0.0036373,0.00364415
-0.079,0,0
-0.0786,0,0
-0.0782,0.00341916,0.00342522
-0.0778,0,0
-0.0774,0,0
-0.077,0,0
-0.0766,0,0
-0.0762,0,0
-0.0758,0,0
-0.0754,0.0039911,0.00399938
-0.075,0,0
-0.0746,0,0
-0.0742,0,0
-0.0738,0,0
-0.0734,0,0
-0.073,0,0
-0.0726,0,0
-0.0722,0,0
-0.0718,0,0
-0.0714,0,0
-0.071,0,0
-0.0706,0.00361727,0.0036241
-0.0702,0,0
-0.0698,0.00365946,0.00366646
-0.0694,0,0
-0.069,0,0
-0.0686,0.00347319,0.00347951
-0.0682,0,0
-0.0678,0,0
-0.0674,0,0
-0.067,0.00357463,0.00358133
-0.0666,0.00383052,0.00383822
-0.0662,0,0
-0.0658,0.00348564,0.00349201
-0.0654,0,0
-0.065,0.00342909,0.00343526
-0.0646,0,0
-0.0642,0.00363854,0.00364549
-0.0638,0,0
-0.0634,0,0
-0.063,0.00717489,0.00508299
-0.0626,0.00347423,0.00348058
-0.0622,0,0
-0.0618,0,0
-0.0614,0.00356896,0.00357566
-0.061,0,0
-0.0606,0.00338705,0.00339309
-0.0602,0.00338606,0.0033921
-0.0598,0,0
-0.0594,0.00335941,0.00336536
-0.059,0,0
-0.0586,0,0
-0.0582,0,0
-0.0578,0.00337513,0.00338115
-0.0574,0.0034397,0.00344595
-0.057,0.00358923,0.00359603
-0.0566,0,0
-0.0562,0,0
-0.0558,0.00696665,0.00508013
-0.0554,0,0
-0.055,0,0
-0.0546,0.00670352,0.00474852
-0.0542,0,0
-0.0538,0,0
-0.0534,0,0
-0.053,0,0
-0.0526,0,0
-0.0522,0,0
-0.0518,0,0
-0.0514,0.00732487,0.00519165
-0.051,0.00653031,0.00462563
-0.0506,0,0
-0.0502,0,0
-0.0498,0,0
-0.0494,0,0
-0.049,0,0
-0.0486,0,0
-0.0482,0,0
-0.0478,0,0
-0.0474,0.00360283,0.00360973
-0.047,0.00399897,0.00400747
-0.0466,0.0030418,0.00318812
-0.0462,0,0
-0.0458,0.00359211,0.00359898
-0.0454,0,0
-0.045,0,0
-0.0446,0.0037771,0.00378471
-0.0442,0,0
-0.0438,0.00357927,0.0035861
-0.0434,0,0
-0.043,0.0070311,0.00498107
-0.0426,0,0
-0.0422,0.0138806,0.00695377
-0.0418,0,0
-0.0414,0.000627741,0.00144801
-0.041,0.00650151,0.00460734
-0.0406,0.00972158,0.00562355
-0.0402,0.00337235,0.00337844
-0.0398,0.0104052,0.00601893
-0.0394,0.00351399,0.0035206
-0.039,0,0
-0.0386,0,0
-0.0382,0,0
-0.0378,0,0
-0.0374,0.00426252,0.00382059
-0.037,0,0
-0.0366,0,0
-0.0362,0.00367945,0.00368672
-0.0358,0.00343978,0.00344614
-0.0354,0.000972384,0.00186177
-0.035,0.00336978,0.00337589
-0.0346,0,0
-0.0342,0,0
-0.0338,0.00361497,0.00362201
-0.0334,0,0
-0.033,0.00375793,0.00376555
-0.0326,0.00354172,0.00354848
-0.0322,0.00317258,0.00317802
-0.0318,0.00651035,0.00461161
-0.0314,0,0
-0.031,0.00342651,0.00343286
-0.0306,0,0
-0.0302,0.00330825,0.00331417
-0.0298,0.00677414,0.00479883
-0.0294,0.00335452,0.00336061
-0.029,0,0
-0.0286,0.00682324,0.00483368
-0.0282,0.00687894,0.0048734
-0.0278,0,0
-0.0274,0,0
-0.027,0,0
-0.0266,0.00367281,0.00368013
-0.0262,0,0
-0.0258,0,0
-0.0254,0.00344308,0.00344953
-0.025,0,0
-0.0246,0.00325153,0.00325728
-0.0242,0.00693578,0.00492155
-0.0238,0,0
-0.0234,0,0
-0.023,0.00352249,0.00352926
-0.0226,0.00341291,0.00341927
-0.0222,0.00341124,0.0034176
-0.0218,0.00723059,0.0051229
-0.0214,0,0
-0.021,0.00673658,0.00477678
-0.0206,0.00642137,0.0045486
-0.0202,0.00218224,0.00275646
-0.0198,0.0034668,0.00347339
-0.0194,0.00972021,0.00562195
-0.019,0,0
-0.0186,0,0
-0.0182,0.00362421,0.00363142
-0.0178,0,0
-0.0174,0.00985241,0.00569857
-0.017,0.00341064,0.00341703
-0.0166,0.00364318,0.00365048
-0.0162,0,0
-0.0158,0.00667981,0.00473696
-0.0154,0.00318619,0.00319179
-0.015,0.00698053,0.00494549
-0.0146,0,0
-0.0142,0.003586,0.0035931
-0.0138,0.00353136,0.00353824
-0.0134,0,0
-0.013,0.00718947,0.00509383
-0.0126,0.0033514,0.00335761
-0.0122,0,0
-0.0118,0.00348783,0.00349457
-0.0114,0.00953611,0.00551539
-0.011,0.0167313,0.00749644
-0.0106,0.00212956,0.0026705
-0.0102,0.00680693,0.00482235
-0.0098,0.00677662,0.00480094
-0.0094,0.0131847,0.00661945
-0.009,0.0032564,0.00326229
-0.0086,0.0224878,0.00865648
-0.0082,0.00965475,0.00558417
-0.0078,0.0194661,0.00784264
-0.0074,0.00995422,0.0057676
-0.007,0.0173024,0.00775649
-0.0066,0.0132964,0.00666124
-0.0062,0.00936378,0.00541561
-0.0058,0.00647855,0.00459091
-0.0054,0.0250885,0.00888594
-0.005,0.0200784,0.00797367
-0.0046,0.0185816,0.00759968
-0.0042,0.0126845,0.00635354
-0.0038,0.0357091,0.010828
-0.0034,0.0267479,0.00947509
-0.003,0.0384363,0.0113013
-0.0026,0.0359107,0.0110401
-0.0022,0.0581769,0.0141676
-0.0018,0.133494,0.0213016
-0.0014,0.185687,0.0242602
-0.001,0.247582,0.0279432
-0.0006,0.330376,0.0330628
-0.0002,0.362798,0.0342684
0.0002,0.307577,0.031542
0.0006,0.252095,0.0280965
0.001,0.19764,0.0246391
0.0014,0.152619,0.021469
0.0018,0.121103,0.0196842
0.0022,0.0753713,0.0154039
0.0026,0.0615528,0.0141519
0.003,0.0394679,0.0116157
0.0034,0.0674732,0.0151175
0.0038,0.02649,0.00884714
0.0042,0.0162275,0.00727686
0.0046,0.00681957,0.00483145
0.005,0.0236505,0.0089563
0.0054,0.0198445,0.00811744
0.0058,0.0292538,0.00976976
0.0062,0.0210209,0.00832968
0.0066,0.0341192,0.0106915
0.007,0.0107031,0.0058645
0.0074,0.0296004,0.00988802
0.0078,0.0297856,0.00959414
0.0082,0.0186875,0.00764591
0.0086,0.00625126,0.00442955
0.009,0.00328715,0.00329328
0.0094,0.0107669,0.0058043
0.0098,0.00302064,0.00302582
0.0102,0.00326872,0.00327479
0.0106,0,0
0.011,0,0
0.0114,0.0156256,0.00700527
0.0118,0.00643765,0.00456044
0.0122,0,0
0.0126,0.00327115,0.00327723
0.013,0.00349753,0.00350449
0.0134,0.00619808,0.00439044
0.0138,0.00344294,0.00344968
0.0142,0.00336209,0.00336853
0.0146,0.00347611,0.00348299
0.015,0.0106195,0.00614408
0.0154,0.00943756,0.00545857
0.0158,0.00305079,0.0030561
0.0162,0,0
0.0166,0,0
0.017,0.00327823,0.00328437
0.0174,0.000188884,0.000776978
0.0178,0,0
0.0182,0,0
0.0186,0,0
0.019,0.00304008,0.00304536
0.0194,0,0
0.0198,0.00320404,0.00320991
0.0202,0.00686965,0.00486713
0.0206,0.0127669,0.00639514
0.021,0.00314845,0.00315413
0.0214,0.00325607,0.00326214
0.0218,0,0
0.0222,0.00625999,0.00443469
0.0226,0,0
0.023,0.00314277,0.00314843
0.0234,0,0
0.0238,0.00323967,0.00324569
0.0242,0,0
0.0246,0.00318916,0.003195
0.025,0.00611038,0.00432828
0.0254,0,0
0.0258,0.00630311,0.00446505
0.0262,0,0
0.0266,0.00331338,0.00331969
0.027,0.00635487,0.00450178
0.0274,0.00338617,0.00339276
0.0278,0.00325233,0.00325842
0.0282,0.0033795,0.00338607
0.0286,0.00303264,0.00303793
0.029,0.00612137,0.00433624
0.0294,0,0
0.0298,0,0
0.0302,0,0
0.0306,0.00629438,0.00445887
0.031,0.00285551,0.00286021
0.0314,0,0
0.0318,0,0
0.0322,0.00332198,0.00332834
0.0326,0,0
0.033,0,0
0.0334,0,0
0.0338,0.00312384,0.00312947
0.0342,0.00318175,0.0031876
0.0346,0.00522515,0.00397569
0.035,0.00319276,0.00319865
0.0354,0.00632643,0.00448164
0.0358,0,0
0.0362,0.00341943,0.00342618
0.0366,0.00341868,0.00342544
0.037,0,0
0.0374,0.00312233,0.00312796
0.0378,0.00638569,0.00452371
0.0382,0,0
0.0386,0.00594013,0.00420753
0.039,0,0
0.0394,0,0
0.0398,0,0
0.0402,0,0
0.0406,0,0
0.041,0.00574312,0.00406776
0.0414,0,0
0.0418,0,0
0.0422,0,0
0.0426,0,0
0.043,0.00619701,0.00438983
0.0434,0.00596134,0.00422259
0.0438,0,0
0.0442,0,0
0.0446,0.0031466,0.00315234
0.045,0,0
0.0454,0,0
0.0458,0.00296902,0.00297414
0.0462,0,0
0.0466,0,0
0.047,0,0
0.0474,0.0032686,0.00327481
0.0478,0,0
0.0482,0.00303173,0.00303707
0.0486,0.0030082,0.00301346
0.049,0,0
0.0494,0.00653324,0.00462848
0.0498,0,0
0.0502,0.00301185,0.00301712
0.0506,0,0
0.051,0.00300584,0.0030111
0.0514,0.00291325,0.00291819
0.0518,0,0
0.0522,0.00307026,0.00307576
0.0526,0.00659338,0.00467118
0.053,0,0
0.0534,0.00580641,0.00411271
0.0538,0,0
0.0542,0.00610492,0.00432456
0.0546,0,0
0.055,0,0
0.0554,0.00576868,0.00408597
0.0558,0,0
0.0562,0,0
0.0566,0.00916653,0.005305
0.057,0,0
0.0574,0,0
0.0578,0,0
0.0582,0.0127358,0.00637979
0.0586,0,0
0.059,0,0
0.0594,0,0
0.0598,0.00323341,0.00323953
0.0602,0,0
0.0606,0.00308061,0.00308617
0.061,0,0
0.0614,0,0
0.0618,0.00308074,0.00308631
0.0622,0.00615789,0.00436216
0.0626,0,0
0.063,0.00323505,0.0032412
0.0634,0,0
0.0638,0,0
0.0642,0,0
0.0646,0.00297142,0.00297661
0.065,0,0
0.0654,0,0
0.0658,0,0
0.0662,0.00289491,0.00289985
0.0666,0,0
0.067,0,0
0.0674,0.00303168,0.0030371
0.0678,0,0
0.0682,0.00290262,0.0029076
0.0686,0,0
0.069,0.00329889,0.00330532
0.0694,0.00320167,0.00320773
0.0698,0,0
0.0702,0.00304791,0.0030534
0.0706,0.00293523,0.00294032
0.071,0.00316632,0.00317225
0.0714,0.00316506,0.003171
0.0718,0.00341963,0.00342655
0.0722,0,0
0.0726,0,0
0.073,0.00648232,0.00434398
0.0734,0,0
0.0738,0,0
0.0742,0,0
0.0746,0.00627445,0.00444534
0.075,0,0
0.0754,0,0
0.0758,0.00592181,0.00419657
0.0762,0,0
0.0766,0.0030437,0.00304921
0.077,0.00287201,0.00287693
0.0774,0.00602663,0.00427003
0.0778,0,0
0.0782,0.00327887,0.00328528
0.0786,0,0
0.079,0,0
0.0794,0,0
0.0798,0,0
0.0802,0,0
0.0806,0.00626442,0.00444002
0.081,0,0
0.0814,0.00308235,0.00308804
0.0818,0,0
0.0822,0,0
0.0826,0,0
0.083,0.00214656,0.00247927
0.0834,0,0
0.0838,0,0
0.0842,0.00576759,0.00408537
0.0846,0.00319572,0.00320186
0.085,0.00592994,0.00420058
0.0854,0.00592474,0.00419689
0.0858,0,0
0.0862,0.0028024,0.00280713
0.0866,0,0
0.087,0.00558641,0.00395783
0.0874,0.00289999,0.00290505
0.0878,0,0
0.0882,0,0
0.0886,0.00569722,0.00421685
0.089,0,0
0.0894,0.00282443,0.00282924
0.0898,0,0
0.0902,0,0
0.0906,0.00293713,0.00294234
0.091,0.00281666,0.00282146
0.0914,0.00291084,0.00291596
0.0918,0.00276879,0.00277343
0.0922,0,0
0.0926,0.00301009,0.00301557
0.093,0.00291941,0.00292457
0.0934,0,0
0.0938,0,0
0.0942,0,0
0.0946,0.00605877,0.00429206
0.095,0,0
0.0954,0,0
0.0958,0.00313538,0.00314133
0.0962,0.00323472,0.00324106
0.0966,0.00320785,0.00321409
0.097,0,0
0.0974,0,0
0.0978,0,0
0.0982,0,0
0.0986,0.00620018,0.00439243
0.099,0,0
0.0994,0,0
0.0998,0.00653961,0.00463391
0.1002,0,0
0.1006,0.00334693,0.00335372
0.101,0.00339763,0.00340462
0.1014,0.00374758,0.00375609
0.1018,0,0
0.1022,0.00345407,0.00346131
0.1026,0,0
0.103,0.003272,0.00327849
0.1034,0.00671672,0.00475911
0.1038,0,0
0.1042,0.00319811,0.00320431
0.1046,0,0
0.105,0.00467314,0.00402568
0.1054,0,0
0.1058,0,0
0.1062,0.00355039,0.00355803
0.1066,0.0109388,0.00633406
0.107,0.00745152,0.00528093
0.1074,0.0039644,0.00397393
0.1078,0,0
0.1082,0,0
0.1086,0,0
0.109,0.00355807,0.00356576
0.1094,0,0
0.1098,0.00423233,0.0042432
0.1102,0,0
0.1106,0,0
0.111,0,0
0.1114,0,0
0.1118,0.00402178,0.0040316
0.1122,0.00409094,0.00410111
0.1126,0,0
0.113,0,0
0.1134,0,0
0.1138,0.00424959,0.00426056
0.1142,0,0
0.1146,0,0
0.115,0.00446314,0.00447524
0.1154,0,0
0.1158,0.00496935,0.00498435
0.1162,0,0
0.1166,0.00969283,0.00687405
0.117,0.0047116,0.00472509
0.1174,0,0
0.1178,0.00502501,0.00504035
0.1182,0,0
0.1186,0.00472077,0.00473432
0.119,0.00542006,0.00543791
0.1194,0.00604253,0.00606472
0.1198,0,0
