# X , Y , E Distribution=true
1
49.9998,1,0.0406407
51.8095,1.00174,0.0407344
53.7947,0.967296,0.0395654
55.8166,1.02685,0.0415972
57.8247,0.999354,0.0407583
59.8372,0.962855,0.0396419
61.8325,0.939315,0.0385238
63.8506,1.00363,0.0410182
65.8465,0.943572,0.038591
67.8219,0.990582,0.0399223
69.8331,1.01614,0.0414261
71.8475,0.962959,0.0393923
73.8456,0.980566,0.0398976
75.8505,0.942101,0.0386498
77.8529,0.90475,0.0377735
79.8521,0.911344,0.0375474
81.8457,1.00071,0.0407815
83.8593,0.977705,0.0397246
85.8624,1.04125,0.0421852
87.8629,1.01188,0.0411348
89.8445,0.954519,0.0392513
91.8732,1.00882,0.0409107
93.8677,0.963462,0.0394758
95.8609,1.01281,0.0412177
97.8391,0.978691,0.0401268
99.8692,0.962228,0.0392174
101.891,0.990961,0.0403769
103.921,0.953185,0.0394473
105.945,0.95568,0.0389721
107.978,0.99299,0.0403143
109.992,0.980808,0.0399523
111.971,1.03368,0.0417616
113.905,0.995637,0.040704
115.869,0.937179,0.0384876
117.864,0.98095,0.04011
119.874,0.986639,0.0403764
121.883,0.989685,0.0402608
123.853,0.957069,0.0392833
125.887,0.996105,0.0405889
127.846,0.945717,0.0385593
129.838,1.00647,0.0411737
131.718,0.955869,0.0390658
133.663,0.920788,0.0380805
135.628,0.999879,0.0408049
137.657,0.984119,0.0402521
139.652,1.00614,0.0408698
141.68,0.946068,0.0390581
143.687,0.986219,0.0401346
145.694,0.998222,0.0404668
147.703,0.93827,0.0387354
149.725,0.983339,0.040163
151.835,0.958915,0.039283
153.836,0.974433,0.039698
155.842,0.961377,0.0394227
157.794,0.963562,0.0395716
159.797,1.01597,0.0410458
161.815,0.948998,0.0389767
163.809,0.998147,0.0408391
165.775,0.990019,0.0404683
167.807,0.98668,0.0405053
169.8,0.946665,0.0387684
172.022,0.798722,0.0312763
173.77,0.926782,0.038148
175.8,0.95161,0.0388381
177.819,0.986263,0.0407435
180.03,0.953421,0.0390948
182.065,0.991464,0.0401849
183.945,0.932951,0.0383668
185.802,0.921899,0.0381967
187.808,0.964623,0.0396691
189.842,0.944491,0.0389491
191.848,0.920589,0.0381547
193.799,0.922131,0.0380184
195.804,0.955053,0.0393958
197.808,0.995109,0.0405384
199.775,0.926108,0.0381637
201.831,0.947617,0.0389528
203.813,0.898514,0.0371664
205.815,0.904764,0.0376215
207.815,0.956124,0.0390054
209.805,0.893009,0.0372266
211.806,0.915482,0.0382198
213.841,0.888727,0.0370612
215.807,0.904705,0.0375863
217.827,0.96147,0.0392642
219.809,0.885829,0.0371902
221.825,0.915835,0.0376682
223.807,0.876139,0.0363335
225.84,0.920995,0.0379964
227.832,0.904165,0.0375097
229.825,0.980303,0.0401354
231.832,0.878324,0.0367339
233.832,0.923997,0.0383416
235.814,0.930726,0.0385822
237.838,0.904603,0.0373386
239.808,0.929487,0.0384518
241.854,0.89722,0.0372807
243.809,0.910894,0.0379406
245.83,0.903029,0.037465
247.832,0.887867,0.0371128
249.823,0.887366,0.0371593
251.845,0.870534,0.0364477
253.822,0.914176,0.0381322
255.836,0.922263,0.0385401
257.845,0.842218,0.0355804
259.837,0.88716,0.0370221
261.825,0.886795,0.0371822
263.817,0.84839,0.0358594
265.849,0.879,0.0367204
267.851,0.837975,0.0354605
269.85,0.848147,0.0361016
271.853,0.858818,0.0362529
273.828,0.850645,0.035947
276.165,0.917234,0.038146
278.449,0.786335,0.0340591
280.654,0.849558,0.0361775
282.727,0.824659,0.0349789
284.673,0.855636,0.0361485
286.298,0.794698,0.0344064
287.951,0.814698,0.0349156
289.893,0.829636,0.0355251
291.915,0.800924,0.0341845
293.9,0.780499,0.033602
295.927,0.817578,0.0349156
297.92,0.792735,0.0342969
299.935,0.758448,0.0328655
2
49.9998,1,0.036948
51.8095,1.02705,0.0377797
53.7947,1.00771,0.0370963
55.8166,1.07194,0.0391323
57.8247,1.06527,0.0389369
59.8372,0.974359,0.036403
61.8325,1.00654,0.036979
63.8506,1.04997,0.0386025
65.8465,0.991899,0.0364359
67.8219,1.00008,0.0366164
69.8331,1.08511,0.0396338
71.8475,1.02369,0.0375356
73.8456,0.990866,0.0365737
75.8505,1.00206,0.036858
77.8529,1.01237,0.0373513
79.8521,0.979874,0.0360974
81.8457,1.03081,0.0379564
83.8593,0.962871,0.0357582
85.8624,1.04287,0.0384643
87.8629,1.00749,0.0373219
89.8445,1.00917,0.0372242
91.8732,0.984767,0.0365217
93.8677,1.02585,0.0376706
95.8609,1.01222,0.0375192
97.8391,0.986043,0.0366626
99.8692,1.00105,0.0367555
101.891,0.977486,0.0362903
103.921,1.02112,0.0378099
105.945,0.966328,0.035783
107.978,0.947605,0.0354426
109.992,1.01755,0.0373771
111.971,1.03133,0.0379096
113.905,1.01606,0.0375624
115.869,0.965071,0.0358111
117.864,0.986583,0.0366712
119.874,1.00348,0.0372011
121.883,0.989491,0.0366553
123.853,0.945346,0.0354117
125.887,1.01426,0.0374611
127.846,0.997045,0.0365268
129.838,1.0232,0.037898
131.718,1.02584,0.037491
133.663,0.984363,0.0364163
135.628,0.977076,0.036517
137.657,1.08424,0.039379
139.652,0.986335,0.0366509
141.68,1.03326,0.0379557
143.687,0.961037,0.0358421
145.694,0.981889,0.036413
147.703,0.978504,0.0363828
149.725,1.03619,0.0379511
151.835,0.976452,0.036268
153.836,0.986696,0.0364999
155.842,0.961904,0.0358898
157.794,1.05392,0.0385333
159.797,0.981004,0.03635
161.815,0.95899,0.0357404
163.809,1.03988,0.0383431
165.775,1.00389,0.0372037
167.807,1.06733,0.0390556
169.8,0.921993,0.0346196
172.022,0.854028,0.0299653
173.77,0.932467,0.0348631
175.8,0.931498,0.0347653
177.819,1.01903,0.0380367
180.03,0.947973,0.0354226
182.065,0.926651,0.034764
183.945,0.93956,0.0350673
185.802,0.978201,0.0363621
187.808,0.99499,0.0369339
189.842,0.977094,0.0364228
191.848,0.897947,0.0340278
193.799,0.978968,0.0361932
195.804,0.957498,0.0358904
197.808,0.943012,0.0354593
199.775,0.953981,0.0354857
201.831,0.953441,0.0356268
203.813,0.937256,0.0349438
205.815,0.922522,0.0347363
207.815,0.951289,0.0353758
209.805,0.945454,0.0353268
211.806,0.964399,0.0361402
213.841,0.915241,0.034507
215.807,0.992005,0.0366273
217.827,0.909077,0.0342907
219.809,0.968327,0.0361254
221.825,0.898516,0.0338201
223.807,0.86062,0.03261
225.84,0.849937,0.0325579
227.832,0.967168,0.0358733
229.825,0.913137,0.0345927
231.832,0.924365,0.0347109
233.832,0.908046,0.0344374
235.814,0.937371,0.03523
237.838,0.890308,0.0335876
239.808,0.882528,0.0336756
241.854,0.898515,0.0339735
243.809,0.903164,0.0342976
245.83,0.822196,0.0318282
247.832,0.868486,0.0332556
249.823,0.830607,0.032209
251.845,0.794695,0.0310443
253.822,0.862743,0.0332545
255.836,0.894225,0.0343025
257.845,0.824853,0.0319095
259.837,0.824643,0.0319373
261.825,0.845541,0.032673
263.817,0.812506,0.0316843
265.849,0.801913,0.0312674
267.851,0.767775,0.0302735
269.85,0.773541,0.0307228
271.853,0.769845,0.0305102
273.828,0.812343,0.0316412
276.165,0.755652,0.0301716
278.449,0.734375,0.0294969
280.654,0.767477,0.0306017
282.727,0.714283,0.0286702
284.673,0.746653,0.0298303
286.298,0.731051,0.0294943
287.951,0.700204,0.0285064
289.893,0.737126,0.0297104
291.915,0.697003,0.0281281
293.9,0.701827,0.0283718
295.927,0.687468,0.0280625
297.92,0.711822,0.0289151
299.935,0.694406,0.0280686
3
49.9998,1,0.0417334
51.8095,1.00065,0.0418362
53.7947,0.997124,0.0415623
55.8166,1.0405,0.043182
57.8247,1.07001,0.044106
59.8372,0.973971,0.0410814
61.8325,0.932851,0.0394339
63.8506,1.00942,0.0422809
65.8465,1.01521,0.0418707
67.8219,0.97071,0.0404397
69.8331,1.02509,0.0428494
71.8475,0.996913,0.0415691
73.8456,0.988601,0.0412037
75.8505,0.951623,0.0400355
77.8529,0.925755,0.0394937
79.8521,0.925719,0.0390465
81.8457,0.987872,0.0414938
83.8593,0.967639,0.0405285
85.8624,1.07255,0.0443298
87.8629,1.02242,0.0425946
89.8445,0.95269,0.0402687
91.8732,0.953407,0.0402526
93.8677,0.972567,0.0408405
95.8609,1.04397,0.043349
97.8391,0.993547,0.0415712
99.8692,0.94221,0.0396748
101.891,0.963578,0.0405822
103.921,0.961543,0.0408233
105.945,0.97438,0.040636
107.978,1.01581,0.0421409
109.992,0.98107,0.0410589
111.971,0.951916,0.0403193
113.905,0.985049,0.0414185
115.869,0.923151,0.0391038
117.864,0.96193,0.0406506
119.874,1.00296,0.0419889
121.883,0.998089,0.0416531
123.853,0.993718,0.0414991
125.887,1.00859,0.0421309
127.846,0.927902,0.0390671
129.838,0.92913,0.0398368
131.718,0.959617,0.0402766
133.663,0.961429,0.0404044
135.628,0.942964,0.0401855
137.657,0.973106,0.040993
139.652,1.01931,0.0424193
141.68,1.00784,0.0420651
143.687,0.983262,0.04118
145.694,0.93067,0.0395288
147.703,0.936377,0.0397434
149.725,0.934302,0.0396685
151.835,0.960573,0.0404525
153.836,0.917397,0.0390428
155.842,0.997291,0.0416412
157.794,0.958383,0.0405242
159.797,0.933596,0.0395663
161.815,0.915429,0.038978
163.809,1.04279,0.0433463
165.775,0.940148,0.0399916
167.807,0.943308,0.0402006
169.8,0.931925,0.0393844
172.022,0.838164,0.0333554
173.77,0.925786,0.0391585
175.8,0.896815,0.0381567
177.819,1.00787,0.0425722
180.03,0.939436,0.0397121
182.065,0.930319,0.0393814
183.945,0.874119,0.0375439
185.802,0.925516,0.0394015
187.808,0.952578,0.0403653
189.842,0.94421,0.0400552
191.848,0.90979,0.0388358
193.799,0.889316,0.0380888
195.804,0.897343,0.0386309
197.808,0.922922,0.0394066
199.775,0.890868,0.0380772
201.831,0.899646,0.0385581
203.813,0.890061,0.0379809
205.815,0.936222,0.0396568
207.815,0.876475,0.0376159
209.805,0.884715,0.0379844
211.806,0.924671,0.0395264
213.841,0.88991,0.0381458
215.807,0.932236,0.0394772
217.827,0.903498,0.0385532
219.809,0.824696,0.0362393
221.825,0.862998,0.037056
223.807,0.841773,0.0362299
225.84,0.80724,0.0354128
227.832,0.842757,0.0365795
229.825,0.839739,0.0367421
231.832,0.818643,0.0358693
233.832,0.826897,0.0362887
235.814,0.876244,0.0378819
237.838,0.804133,0.0351866
239.808,0.781837,0.0348066
241.854,0.756928,0.0338818
243.809,0.779907,0.0348002
245.83,0.769403,0.0342611
247.832,0.784063,0.034903
249.823,0.765152,0.0342697
251.845,0.754682,0.0337594
253.822,0.70527,0.0324713
255.836,0.723836,0.0332876
257.845,0.699828,0.031985
259.837,0.708771,0.032355
261.825,0.724461,0.0330117
263.817,0.716633,0.0326836
265.849,0.720544,0.0326979
267.851,0.68091,0.0314061
269.85,0.687478,0.0318826
271.853,0.687016,0.0317477
273.828,0.640163,0.0301826
276.165,0.721089,0.032942
278.449,0.665802,0.0310836
280.654,0.6319,0.0301027
282.727,0.589473,0.0282492
284.673,0.577301,0.0281309
286.298,0.608362,0.0293053
287.951,0.583894,0.0283656
289.893,0.619273,0.0296752
291.915,0.579421,0.0278993
293.9,0.617667,0.0292684
295.927,0.614476,0.0292878
297.92,0.605698,0.0291699
299.935,0.548652,0.026941
4
49.9998,1,0.042972
51.8095,0.95747,0.0416396
53.7947,0.971067,0.0419207
55.8166,1.00774,0.0433661
57.8247,0.993562,0.0429396
59.8372,1.0219,0.0438219
61.8325,0.937876,0.0407566
63.8506,0.997575,0.0431546
65.8465,0.900275,0.0393858
67.8219,0.93566,0.0404602
69.8331,1.03774,0.0445277
71.8475,0.966887,0.0417974
73.8456,0.975088,0.0419438
75.8505,0.929693,0.0404923
77.8529,0.975776,0.0422351
79.8521,0.929231,0.040282
81.8457,0.925653,0.0407047
83.8593,0.91394,0.0399375
85.8624,1.00397,0.0434115
87.8629,0.978305,0.0424008
89.8445,0.998789,0.0429188
91.8732,0.918508,0.040272
93.8677,0.964271,0.0417431
95.8609,0.905737,0.0401094
97.8391,1.02954,0.0439813
99.8692,0.950943,0.0410973
101.891,0.938489,0.0409038
103.921,0.986621,0.0428323
105.945,0.92933,0.04036
107.978,0.930999,0.0406448
109.992,0.909298,0.039923
111.971,0.994568,0.042897
113.905,0.975261,0.0423213
115.869,0.946022,0.0409985
117.864,0.981631,0.04244
119.874,0.940591,0.0412015
121.883,0.937693,0.040912
123.853,0.938283,0.0408925
125.887,0.92683,0.0407155
127.846,0.923083,0.0400643
129.838,0.862932,0.0388374
131.718,0.927484,0.0404206
133.663,0.941743,0.0409327
135.628,0.914569,0.0404175
137.657,0.920133,0.0404649
139.652,0.961604,0.0417673
141.68,0.972439,0.0421448
143.687,0.936605,0.040801
145.694,0.925958,0.0405301
147.703,0.859162,0.0383809
149.725,0.948637,0.0413003
151.835,0.867054,0.0385699
153.836,0.925474,0.0404372
155.842,0.960286,0.0416508
157.794,0.906225,0.0399932
159.797,0.933308,0.0407131
161.815,0.909538,0.0399412
163.809,0.908896,0.0402986
165.775,0.909099,0.040173
167.807,0.959375,0.0419034
169.8,0.846104,0.0377308
172.022,0.762507,0.0319029
173.77,0.890519,0.0391496
175.8,0.876846,0.0386171
177.819,1.01187,0.0439468
180.03,0.8599,0.0382833
182.065,0.931566,0.0405562
183.945,0.845516,0.0376935
185.802,0.888827,0.0393113
187.808,0.899997,0.0398336
189.842,0.860748,0.0385205
191.848,0.847588,0.0379038
193.799,0.87993,0.038853
195.804,0.877437,0.0390962
197.808,0.829481,0.037486
199.775,0.841861,0.0375677
201.831,0.874059,0.0388287
203.813,0.847118,0.0376472
205.815,0.892603,0.039393
207.815,0.857478,0.0380724
209.805,0.804783,0.0364511
211.806,0.827973,0.0375086
213.841,0.849702,0.0379162
215.807,0.786686,0.0358632
217.827,0.798627,0.036234
219.809,0.774058,0.0356297
221.825,0.830426,0.0371073
223.807,0.737235,0.0338659
225.84,0.710102,0.0332059
227.832,0.75301,0.0347029
229.825,0.755888,0.0350189
231.832,0.746635,0.0345282
233.832,0.759612,0.0351258
235.814,0.732282,0.0342313
237.838,0.746439,0.0342784
239.808,0.697416,0.0330398
241.854,0.708117,0.0332618
243.809,0.710381,0.0334927
245.83,0.702008,0.0330245
247.832,0.754419,0.0348963
249.823,0.679869,0.0324087
251.845,0.681503,0.0323477
253.822,0.615118,0.0304075
255.836,0.686782,0.032991
257.845,0.673861,0.0320557
259.837,0.632739,0.0307525
261.825,0.657608,0.0317279
263.817,0.636977,0.0309664
265.849,0.596599,0.02948
267.851,0.614167,0.0300297
269.85,0.606436,0.0300964
271.853,0.610992,0.0300972
273.828,0.581384,0.029034
276.165,0.562339,0.0285401
278.449,0.56469,0.028534
280.654,0.581965,0.02927
282.727,0.546308,0.0276132
284.673,0.552436,0.0280871
286.298,0.609149,0.0301417
287.951,0.531483,0.0273906
289.893,0.541223,0.0278024
291.915,0.512942,0.0264235
293.9,0.540106,0.0274739
295.927,0.508146,0.0265027
297.92,0.564184,0.0285885
299.935,0.523675,0.0268539
5
49.9998,1,0.0462605
51.8095,1.01197,0.0467212
53.7947,0.982608,0.0455647
55.8166,1.00674,0.0466762
57.8247,1.03911,0.0477943
59.8372,1.01396,0.0469045
61.8325,0.942833,0.0440341
63.8506,1.04568,0.0481447
65.8465,0.930949,0.0434994
67.8219,0.911267,0.0427031
69.8331,0.972227,0.0455949
71.8475,0.924511,0.0435096
73.8456,0.986127,0.0456064
75.8505,0.924846,0.0434051
77.8529,0.957455,0.0448592
79.8521,0.937456,0.043665
81.8457,0.922288,0.0437106
83.8593,0.957033,0.0445303
85.8624,1.05795,0.048587
87.8629,1.01049,0.0467656
89.8445,0.944742,0.0443349
91.8732,0.981328,0.0455507
93.8677,0.969159,0.0451284
95.8609,1.03936,0.0478539
97.8391,0.955373,0.0448168
99.8692,0.926644,0.0434276
101.891,0.975036,0.0454115
103.921,0.928378,0.0440152
105.945,0.966555,0.0447374
107.978,0.945183,0.0442692
109.992,0.950181,0.0444009
111.971,1.0352,0.0475733
113.905,0.983943,0.0458785
115.869,0.967619,0.0449126
117.864,1.05851,0.0483711
119.874,0.948079,0.0446148
121.883,0.920981,0.0434372
123.853,0.903388,0.0427794
125.887,1.00027,0.0463572
127.846,0.913509,0.0428019
129.838,0.939268,0.0444901
131.718,0.9153,0.0431099
133.663,0.904973,0.0427848
135.628,0.940417,0.0444073
137.657,0.93303,0.0440238
139.652,0.930084,0.0438727
141.68,0.944933,0.0444427
143.687,0.873371,0.041772
145.694,0.929645,0.0437349
147.703,0.923664,0.04359
149.725,0.91206,0.0432187
151.835,0.975135,0.0452764
153.836,0.962463,0.0448206
155.842,0.947189,0.0444087
157.794,0.947557,0.0444895
159.797,0.946422,0.0443118
161.815,0.9522,0.0444891
163.809,0.951203,0.0448117
165.775,0.901206,0.042975
167.807,0.927974,0.044044
169.8,0.866639,0.0413577
172.022,0.759029,0.0342395
173.77,0.835383,0.0402062
175.8,0.935462,0.0436444
177.819,0.913178,0.0438368
180.03,0.878161,0.0418875
182.065,0.892136,0.0422925
183.945,0.900468,0.0425437
185.802,0.882728,0.0421207
187.808,0.861483,0.0415299
189.842,0.926763,0.0437425
191.848,0.8374,0.0404548
193.799,0.891162,0.0422591
195.804,0.848074,0.0410367
197.808,0.842362,0.0407882
199.775,0.821327,0.0397251
201.831,0.922672,0.0435087
203.813,0.807105,0.0391645
205.815,0.82322,0.0399645
207.815,0.885295,0.0419939
209.805,0.790069,0.0387372
211.806,0.825896,0.0402881
213.841,0.799486,0.039041
215.807,0.804213,0.0392883
217.827,0.815918,0.0396449
219.809,0.761504,0.0379082
221.825,0.709618,0.035658
223.807,0.734774,0.0364005
225.84,0.760156,0.0375935
227.832,0.795279,0.0388717
229.825,0.797171,0.039179
231.832,0.717371,0.0361343
233.832,0.748166,0.0374191
235.814,0.746305,0.0373786
237.838,0.722722,0.0360634
239.808,0.691566,0.035351
241.854,0.644767,0.0335573
243.809,0.710894,0.0360912
245.83,0.671504,0.0344733
247.832,0.688605,0.035196
249.823,0.623361,0.0328598
251.845,0.68348,0.034868
253.822,0.679738,0.035083
255.836,0.648442,0.0341157
257.845,0.645665,0.0335055
259.837,0.608773,0.0322533
261.825,0.633778,0.0332232
263.817,0.621319,0.0327395
265.849,0.621826,0.0326754
267.851,0.569992,0.0308041
269.85,0.614543,0.0327354
271.853,0.598263,0.0319387
273.828,0.622846,0.032763
276.165,0.592954,0.0318296
278.449,0.585076,0.0314802
280.654,0.544495,0.0301206
282.727,0.544537,0.0296517
284.673,0.582132,0.031354
286.298,0.572939,0.0310957
287.951,0.539567,0.0297907
289.893,0.57516,0.0312108
291.915,0.504548,0.0281621
293.9,0.510301,0.0284831
295.927,0.543203,0.0298349
297.92,0.565933,0.0308649
299.935,0.545553,0.0297454
6
49.9998,1,0.0604349
51.8095,1.13664,0.0665829
53.7947,1.10919,0.0651697
55.8166,1.12307,0.0661918
57.8247,1.18094,0.0687788
59.8372,1.20134,0.0696156
61.8325,1.09633,0.064483
63.8506,1.0824,0.0644009
65.8465,1.04368,0.0619075
67.8219,1.13309,0.0658029
69.8331,1.12611,0.0664415
71.8475,1.02349,0.0613292
73.8456,1.02883,0.0615177
75.8505,1.07604,0.0635202
77.8529,1.06985,0.0636385
79.8521,1.13692,0.0659946
81.8457,1.13335,0.066609
83.8593,1.06738,0.0631126
85.8624,1.13793,0.0670274
87.8629,1.12986,0.0664333
89.8445,1.05712,0.062894
91.8732,1.05381,0.0627131
93.8677,1.00917,0.0607116
95.8609,1.09325,0.0648484
97.8391,1.0927,0.0646546
99.8692,1.02851,0.0613215
101.891,1.06518,0.0632793
103.921,1.08701,0.0646667
105.945,0.991781,0.0595648
107.978,1.06037,0.0630154
109.992,1.02919,0.0615464
111.971,1.11815,0.0658208
113.905,0.974911,0.059429
115.869,0.989175,0.0595225
117.864,1.06566,0.0634392
119.874,1.06594,0.063595
121.883,1.0148,0.0609658
123.853,1.04851,0.0624424
125.887,1.03406,0.062064
127.846,0.992648,0.0595267
129.838,0.923575,0.0572329
131.718,1.01101,0.0606039
133.663,0.936012,0.0573027
135.628,1.0069,0.0609891
137.657,1.04678,0.0625789
139.652,1.07947,0.0639529
141.68,1.10225,0.0651484
143.687,0.972316,0.059032
145.694,1.02404,0.0614395
147.703,1.13517,0.0664645
149.725,0.97717,0.0593499
151.835,0.97895,0.0593313
153.836,0.978788,0.0592845
155.842,1.00935,0.0607699
157.794,0.934157,0.0574249
159.797,1.03495,0.0618239
161.815,0.906782,0.0559681
163.809,1.03983,0.0623553
165.775,1.03678,0.0621944
167.807,1.05478,0.0632119
169.8,0.955038,0.0580321
172.022,0.894882,0.0507243
173.77,0.973769,0.0587692
175.8,0.948649,0.0575498
177.819,1.05285,0.0634687
180.03,0.967992,0.0587587
182.065,0.886948,0.0549776
183.945,0.956766,0.0580755
185.802,0.925366,0.0569236
187.808,0.92971,0.0573102
189.842,0.965156,0.0589198
191.848,0.919736,0.0565371
193.799,0.926581,0.0567325
195.804,0.982233,0.0596385
197.808,0.873785,0.0547775
199.775,0.94823,0.0576924
201.831,0.831416,0.052654
203.813,0.905103,0.0556452
205.815,0.96013,0.0583773
207.815,0.951721,0.0578991
209.805,0.853517,0.0534653
211.806,0.9225,0.0569501
213.841,0.841352,0.0528572
215.807,0.826122,0.0522576
217.827,0.780273,0.0501353
219.809,0.7896,0.0507748
221.825,0.849845,0.0530671
223.807,0.777466,0.0494653
225.84,0.777733,0.0498624
227.832,0.801128,0.0510027
229.825,0.890712,0.0553507
231.832,0.727224,0.0476065
233.832,0.795896,0.0509714
235.814,0.801818,0.0512879
237.838,0.79066,0.0502476
239.808,0.744827,0.0486168
241.854,0.770458,0.0498288
243.809,0.741842,0.0484562
245.83,0.685894,0.0456721
247.832,0.702407,0.0466171
249.823,0.710941,0.0469931
251.845,0.716515,0.0471267
253.822,0.731127,0.0482501
255.836,0.749587,0.0493119
257.845,0.647487,0.0438529
259.837,0.683946,0.0456004
261.825,0.717078,0.0472638
263.817,0.661822,0.0448102
265.849,0.659239,0.0444055
267.851,0.627232,0.0429324
269.85,0.635591,0.0436404
271.853,0.639994,0.0437968
273.828,0.618156,0.0426384
276.165,0.656893,0.0446866
278.449,0.615394,0.0425864
280.654,0.616926,0.0426459
282.727,0.625534,0.0425455
284.673,0.632583,0.04328
286.298,0.610514,0.0424498
287.951,0.640991,0.0436856
289.893,0.595577,0.0416249
291.915,0.537363,0.0383018
293.9,0.538807,0.0386006
295.927,0.624275,0.0427569
297.92,0.574486,0.0406124
299.935,0.529021,0.0380882
7
49.9998,1,0.0479202
51.8095,1.00358,0.0480287
53.7947,0.950333,0.0459227
55.8166,0.999839,0.0480759
57.8247,1.00051,0.0481471
59.8372,1.03626,0.0493422
61.8325,1.00845,0.0480412
63.8506,1.0795,0.0511062
65.8465,0.944166,0.0454992
67.8219,0.984454,0.046926
69.8331,1.04326,0.0497417
71.8475,1.0241,0.0486873
73.8456,0.966972,0.0464998
75.8505,0.957914,0.0461824
77.8529,1.0685,0.0504133
79.8521,0.982159,0.0468044
81.8457,1.02452,0.0488986
83.8593,0.954468,0.0460536
85.8624,0.981415,0.0475721
87.8629,0.997627,0.0479843
89.8445,0.909124,0.044531
91.8732,0.99912,0.0476793
93.8677,0.931205,0.0453726
95.8609,1.01829,0.0487862
97.8391,0.955181,0.0462582
99.8692,0.937547,0.0452878
101.891,1.04927,0.0494958
103.921,0.974219,0.0472665
105.945,0.912476,0.0443944
107.978,1.02721,0.0487765
109.992,0.970107,0.046686
111.971,0.959881,0.0465426
113.905,0.951923,0.0462535
115.869,0.960764,0.046214
117.864,0.968689,0.0468442
119.874,0.973836,0.0470298
121.883,0.966938,0.0466351
123.853,0.922405,0.0449834
125.887,0.945405,0.0460608
127.846,0.871537,0.0428723
129.838,0.954663,0.0465238
131.718,0.917623,0.0447393
133.663,0.958679,0.0462495
135.628,0.945937,0.0462072
137.657,0.973557,0.0470251
139.652,0.99055,0.0475685
141.68,0.94281,0.0459602
143.687,0.961384,0.046372
145.694,0.896282,0.0441572
147.703,1.0484,0.0496183
149.725,0.994327,0.0476069
151.835,0.934266,0.0454025
153.836,0.901038,0.0442345
155.842,0.926901,0.0452385
157.794,0.933686,0.0455623
159.797,0.93218,0.0453226
161.815,0.831454,0.0416764
163.809,0.924409,0.0453819
165.775,0.931821,0.0455485
167.807,0.927052,0.045375
169.8,0.95642,0.0461486
172.022,0.798584,0.0368166
173.77,0.88053,0.0432582
175.8,0.851479,0.0421275
177.819,0.96602,0.0472383
180.03,0.889142,0.0437607
182.065,0.857272,0.0425153
183.945,0.825301,0.0412681
185.802,0.901209,0.0442776
187.808,0.884554,0.0438421
189.842,0.940481,0.0458872
191.848,0.883123,0.0434741
193.799,0.813128,0.0408881
195.804,0.866209,0.0430142
197.808,0.859203,0.0429387
199.775,0.859551,0.0425445
201.831,0.866569,0.0430447
203.813,0.848555,0.0421574
205.815,0.778486,0.0397289
207.815,0.838139,0.0418239
209.805,0.860311,0.0426184
211.806,0.773259,0.0396732
213.841,0.793989,0.0402106
215.807,0.769354,0.0392985
217.827,0.75396,0.0388011
219.809,0.790291,0.0402865
221.825,0.733582,0.0378665
223.807,0.708817,0.0366977
225.84,0.701453,0.0366534
227.832,0.686872,0.0362115
229.825,0.747494,0.0386504
231.832,0.730899,0.0379346
233.832,0.713414,0.0373567
235.814,0.720976,0.0377308
237.838,0.703797,0.0366753
239.808,0.640723,0.0347053
241.854,0.665138,0.0356217
243.809,0.645695,0.0347962
245.83,0.619148,0.0337648
247.832,0.693415,0.036689
249.823,0.643276,0.0347256
251.845,0.629646,0.0341083
253.822,0.631496,0.0344778
255.836,0.697432,0.0372172
257.845,0.611401,0.0333656
259.837,0.621678,0.0338428
261.825,0.595647,0.0329063
263.817,0.588073,0.0327238
265.849,0.585019,0.0324535
267.851,0.564636,0.0316498
269.85,0.612209,0.0336729
271.853,0.554678,0.0314695
273.828,0.575488,0.0321205
276.165,0.592801,0.032973
278.449,0.616582,0.0337284
280.654,0.549355,0.0312763
282.727,0.553823,0.0309534
284.673,0.564294,0.031767
286.298,0.561615,0.0318254
287.951,0.531281,0.0304823
289.893,0.553384,0.0314532
291.915,0.566461,0.0314466
293.9,0.532884,0.0304079
295.927,0.532828,0.0304656
297.92,0.560269,0.03167
299.935,0.545922,0.0308347
8
49.9998,1,0.0373975
51.8095,1.0073,0.0375964
53.7947,1.03537,0.038261
55.8166,1.06071,0.0391949
57.8247,1.02249,0.0381351
59.8372,1.01126,0.0377787
61.8325,0.986006,0.0368097
63.8506,1.05204,0.0390625
65.8465,0.9899,0.0367813
67.8219,0.980343,0.0364704
69.8331,1.066,0.03945
71.8475,0.913885,0.0348663
73.8456,0.970326,0.0363879
75.8505,0.98119,0.0366575
77.8529,1.05372,0.038901
79.8521,0.957705,0.03582
81.8457,1.00447,0.0375968
83.8593,0.98391,0.0367285
85.8624,1.03785,0.0386668
87.8629,0.979207,0.0369027
89.8445,1.01435,0.0377192
91.8732,0.956554,0.0360331
93.8677,0.948115,0.0358526
95.8609,0.969367,0.0366535
97.8391,0.990272,0.037093
99.8692,0.978649,0.0365008
101.891,1.01618,0.0377379
103.921,0.994724,0.037424
105.945,0.958246,0.0359191
107.978,0.991216,0.0370279
109.992,0.973473,0.0365111
111.971,0.959791,0.0362902
113.905,0.958909,0.0362671
115.869,0.941911,0.0355231
117.864,0.971426,0.0366097
119.874,0.982655,0.0369801
121.883,0.964867,0.0363119
123.853,0.95611,0.036029
125.887,0.935209,0.0356384
127.846,0.921479,0.0348317
129.838,0.946129,0.0360803
131.718,0.937637,0.0354288
133.663,0.892416,0.034187
135.628,0.983294,0.0370553
137.657,0.950106,0.03605
139.652,0.967921,0.0364639
141.68,0.946577,0.0359409
143.687,0.954357,0.0359962
145.694,0.981203,0.0368254
147.703,0.944395,0.0357901
149.725,0.972822,0.0365718
151.835,0.978022,0.0366552
153.836,0.932221,0.0353503
155.842,0.945222,0.0357923
157.794,0.932817,0.0355095
159.797,0.925404,0.0351713
161.815,0.973653,0.0365157
163.809,0.943316,0.0359469
165.775,0.91168,0.034959
167.807,0.964955,0.0365336
169.8,0.910024,0.0346617
172.022,0.803645,0.0288713
173.77,0.874935,0.0335753
175.8,0.863471,0.0332033
177.819,0.924878,0.0356643
180.03,0.913008,0.0348127
182.065,0.869567,0.0335088
183.945,0.865739,0.0333579
185.802,0.859948,0.0333779
187.808,0.883679,0.034138
189.842,0.870274,0.0337563
191.848,0.899154,0.0343652
193.799,0.831023,0.032393
195.804,0.868616,0.0337077
197.808,0.843583,0.0329958
199.775,0.817658,0.0319576
201.831,0.833113,0.032597
203.813,0.863494,0.033248
205.815,0.798682,0.0315567
207.815,0.875799,0.0337108
209.805,0.812538,0.0319142
211.806,0.841596,0.0329029
213.841,0.790485,0.0312687
215.807,0.779231,0.0309785
217.827,0.781832,0.031024
219.809,0.779578,0.0311282
221.825,0.701872,0.0285913
223.807,0.718735,0.0289298
225.84,0.751296,0.0300656
227.832,0.720234,0.0292287
229.825,0.740275,0.0299638
231.832,0.716826,0.029161
233.832,0.710823,0.0290685
235.814,0.707014,0.0289909
237.838,0.661693,0.0273685
239.808,0.678051,0.0281738
241.854,0.675598,0.0280635
243.809,0.702913,0.028839
245.83,0.693378,0.0284723
247.832,0.668231,0.0278287
249.823,0.653334,0.0273757
251.845,0.664313,0.0276094
253.822,0.638072,0.0271224
255.836,0.640407,0.0273163
257.845,0.658224,0.027422
259.837,0.658655,0.027473
261.825,0.616855,0.0263076
263.817,0.619717,0.0264121
265.849,0.595441,0.0256187
267.851,0.652225,0.0272652
269.85,0.578993,0.0253206
271.853,0.617435,0.0263884
273.828,0.590784,0.0255273
276.165,0.576862,0.0252338
278.449,0.590759,0.0255463
280.654,0.534037,0.0239397
282.727,0.562544,0.0244382
284.673,0.537468,0.0239783
286.298,0.564514,0.0248624
287.951,0.612093,0.0261727
289.893,0.538109,0.0240489
291.915,0.513473,0.0229792
293.9,0.516905,0.0231838
295.927,0.526234,0.0235575
297.92,0.582173,0.0253526
299.935,0.54728,0.0240806
9
49.9998,1,0.0395768
51.8095,0.96139,0.0384463
53.7947,0.96478,0.0384279
55.8166,0.948209,0.0381257
57.8247,0.98916,0.0393781
59.8372,0.955069,0.0383271
61.8325,0.96681,0.0383859
63.8506,0.979706,0.0392255
65.8465,0.88892,0.0359494
67.8219,0.936318,0.037301
69.8331,0.982238,0.0393072
71.8475,0.916144,0.0369867
73.8456,0.947358,0.037843
75.8505,0.95476,0.0380273
77.8529,0.932912,0.0376029
79.8521,0.875481,0.0355077
81.8457,0.991697,0.039443
83.8593,0.907602,0.0366115
85.8624,0.967322,0.0388656
87.8629,0.949271,0.0381868
89.8445,0.874767,0.0357928
91.8732,0.924222,0.0372388
93.8677,0.905178,0.03669
95.8609,0.947423,0.0381953
97.8391,0.93343,0.0376449
99.8692,0.930191,0.0372558
101.891,0.984618,0.0390973
103.921,0.935153,0.0378661
105.945,0.851668,0.0348331
107.978,0.884128,0.0360219
109.992,0.916328,0.0369716
111.971,0.928767,0.0375148
113.905,0.892265,0.0365044
115.869,0.882204,0.035847
117.864,0.854638,0.0352591
119.874,0.874358,0.0359341
121.883,0.917157,0.0370437
123.853,0.84229,0.0347916
125.887,0.904277,0.0367841
127.846,0.795246,0.0330379
129.838,0.876708,0.0361558
131.718,0.858333,0.0351536
133.663,0.832005,0.0344237
135.628,0.899269,0.0367127
137.657,0.894173,0.036474
139.652,0.90951,0.0368862
141.68,0.85045,0.0351551
143.687,0.868691,0.0355682
145.694,0.808681,0.0337782
147.703,0.889103,0.036239
149.725,0.846223,0.0349625
151.835,0.814741,0.0339447
153.836,0.880739,0.03589
155.842,0.860904,0.0353857
157.794,0.879708,0.036012
159.797,0.868155,0.0355507
161.815,0.809845,0.0337656
163.809,0.817962,0.0343219
165.775,0.877354,0.0360332
167.807,0.822185,0.0344401
169.8,0.8155,0.0338402
172.022,0.716464,0.0280268
173.77,0.819732,0.0339075
175.8,0.84895,0.0347123
177.819,0.859137,0.0358349
180.03,0.770816,0.032572
182.065,0.807623,0.0336267
183.945,0.783465,0.0328668
185.802,0.766318,0.0325275
187.808,0.836769,0.0347616
189.842,0.748767,0.0320803
191.848,0.76291,0.0323501
193.799,0.78778,0.0329954
195.804,0.7915,0.0334227
197.808,0.829301,0.0345187
199.775,0.733567,0.0313377
201.831,0.750448,0.0320022
203.813,0.715543,0.0307217
205.815,0.725469,0.0311997
207.815,0.679322,0.0297133
209.805,0.734289,0.0314256
211.806,0.717761,0.0311388
213.841,0.695532,0.0302561
215.807,0.711758,0.0307482
217.827,0.699329,0.0303705
219.809,0.682009,0.0299816
221.825,0.65265,0.0287422
223.807,0.649736,0.0285341
225.84,0.617255,0.0277349
227.832,0.619162,0.02784
229.825,0.633981,0.0284742
231.832,0.606076,0.027446
233.832,0.601151,0.0274335
235.814,0.582288,0.0268819
237.838,0.560359,0.0258398
239.808,0.569745,0.0264582
241.854,0.584183,0.0268397
243.809,0.551865,0.0258683
245.83,0.544065,0.0254934
247.832,0.511855,0.0245572
249.823,0.547186,0.0256868
251.845,0.518672,0.024662
253.822,0.59381,0.0273502
255.836,0.60483,0.0278501
257.845,0.53866,0.0253026
259.837,0.541869,0.0254595
261.825,0.482162,0.0236149
263.817,0.522744,0.0249429
265.849,0.467308,0.0230324
267.851,0.510744,0.0244295
269.85,0.4664,0.023159
271.853,0.482864,0.0236662
273.828,0.473231,0.0232817
276.165,0.472732,0.0233744
278.449,0.450985,0.0225993
280.654,0.495473,0.0241392
282.727,0.438357,0.0219329
284.673,0.457542,0.0228107
286.298,0.4943,0.0241205
287.951,0.469657,0.0231923
289.893,0.456772,0.0228687
291.915,0.469071,0.0229138
293.9,0.434694,0.0219127
295.927,0.447402,0.0224254
297.92,0.448133,0.022559
299.935,0.419514,0.0213562
