# X , Y , E Distribution=true
1
-0.1198,0,0
-0.1194,0,0
-0.119,0,0
-0.1186,0,0
-0.1182,0,0
-0.1178,0,0
-0.1174,0,0
-0.117,0,0
-0.1166,0,0
-0.1162,0,0
-0.1158,0,0
-0.1154,0,0
-0.115,0,0
-0.1146,0,0
-0.1142,0,0
-0.1138,0,0
-0.1134,0,0
-0.113,0,0
-0.1126,0,0
-0.1122,0,0
-0.1118,0,0
-0.1114,0,0
-0.111,0,0
-0.1106,0,0
-0.1102,0,0
-0.1098,0,0
-0.1094,0,0
-0.109,0,0
-0.1086,0,0
-0.1082,0,0
-0.1078,0,0
-0.1074,0,0
-0.107,0,0
-0.1066,0,0
-0.1062,0,0
-0.1058,0.012663,0.0126869
-0.1054,0,0
-0.105,0,0
-0.1046,0,0
-0.1042,0,0
-0.1038,0,0
-0.1034,0,0
-0.103,0,0
-0.1026,0,0
-0.1022,0,0
-0.1018,0,0
-0.1014,0,0
-0.101,0,0
-0.1006,0,0
-0.1002,0,0
-0.0998,0,0
-0.0994,0,0
-0.099,0,0
-0.0986,0,0
-0.0982,0,0
-0.0978,0,0
-0.0974,0,0
-0.097,0,0
-0.0966,0,0
-0.0962,0,0
-0.0958,0,0
-0.0954,0,0
-0.095,0,0
-0.0946,0,0
-0.0942,0,0
-0.0938,0,0
-0.0934,0.0125842,0.0126077
-0.093,0,0
-0.0926,0.0122008,0.0122229
-0.0922,0,0
-0.0918,0,0
-0.0914,0,0
-0.091,0,0
-0.0906,0,0
-0.0902,0.00668702,0.00926331
-0.0898,0,0
-0.0894,0,0
-0.089,0,0
-0.0886,0,0
-0.0882,0,0
-0.0878,0.0236192,0.0167306
-0.0874,0,0
-0.087,0,0
-0.0866,0,0
-0.0862,0,0
-0.0858,0,0
-0.0854,0,0
-0.085,0,0
-0.0846,0.0126288,0.0126523
-0.0842,0,0
-0.0838,0,0
-0.0834,0,0
-0.083,0,0
-0.0826,0.00592006,0.00861798
-0.0822,0,0
-0.0818,0,0
-0.0814,0,0
-0.081,0,0
-0.0806,0,0
-0.0802,0,0
-0.0798,0,0
-0.0794,0,0
-0.079,0,0
-0.0786,0,0
-0.0782,0,0
-0.0778,0,0
-0.0774,0,0
-0.077,0,0
-0.0766,0,0
-0.0762,0,0
-0.0758,0,0
-0.0754,0,0
-0.075,0.0129763,0.0130011
-0.0746,0,0
-0.0742,0,0
-0.0738,0,0
-0.0734,0,0
-0.073,0,0
-0.0726,0,0
-0.0722,0,0
-0.0718,0,0
-0.0714,0.00973239,0.0112817
-0.071,0,0
-0.0706,0,0
-0.0702,0,0
-0.0698,0,0
-0.0694,0,0
-0.069,0,0
-0.0686,0,0
-0.0682,0,0
-0.0678,0,0
-0.0674,0,0
-0.067,0,0
-0.0666,0,0
-0.0662,0,0
-0.0658,0,0
-0.0654,0,0
-0.065,0,0
-0.0646,0,0
-0.0642,0,0
-0.0638,0,0
-0.0634,0,0
-0.063,0,0
-0.0626,0,0
-0.0622,0,0
-0.0618,0,0
-0.0614,0,0
-0.061,0,0
-0.0606,0,0
-0.0602,0,0
-0.0598,0,0
-0.0594,0,0
-0.059,0,0
-0.0586,0,0
-0.0582,0,0
-0.0578,0,0
-0.0574,0,0
-0.057,0,0
-0.0566,0.0123224,0.0123446
-0.0562,0,0
-0.0558,0.0131861,0.0132114
-0.0554,0,0
-0.055,0,0
-0.0546,0,0
-0.0542,0,0
-0.0538,0,0
-0.0534,0,0
-0.053,0,0
-0.0526,0.0178915,0.0153571
-0.0522,0,0
-0.0518,0,0
-0.0514,0,0
-0.051,0,0
-0.0506,0,0
-0.0502,0,0
-0.0498,0,0
-0.0494,0,0
-0.049,0,0
-0.0486,0,0
-0.0482,0,0
-0.0478,0.0128827,0.0129068
-0.0474,0.00406923,0.00725449
-0.047,0,0
-0.0466,0.0124213,0.0124437
-0.0462,0,0
-0.0458,0,0
-0.0454,0,0
-0.045,0,0
-0.0446,0,0
-0.0442,0,0
-0.0438,0,0
-0.0434,0,0
-0.043,0,0
-0.0426,0,0
-0.0422,0,0
-0.0418,0,0
-0.0414,0,0
-0.041,0,0
-0.0406,0,0
-0.0402,0,0
-0.0398,0,0
-0.0394,0,0
-0.039,0,0
-0.0386,0,0
-0.0382,0.0125667,0.0125895
-0.0378,0.00795364,0.00976686
-0.0374,0,0
-0.037,0,0
-0.0366,0,0
-0.0362,0,0
-0.0358,0,0
-0.0354,0,0
-0.035,0,0
-0.0346,0,0
-0.0342,0,0
-0.0338,0.0128061,0.0128297
-0.0334,0,0
-0.033,0,0
-0.0326,0.0131849,0.01321
-0.0322,0,0
-0.0318,0,0
-0.0314,0,0
-0.031,0,0
-0.0306,0,0
-0.0302,0,0
-0.0298,0,0
-0.0294,0,0
-0.029,0,0
-0.0286,0,0
-0.0282,0,0
-0.0278,0,0
-0.0274,0,0
-0.027,0,0
-0.0266,0,0
-0.0262,0,0
-0.0258,0,0
-0.0254,0,0
-0.025,0,0
-0.0246,0,0
-0.0242,0,0
-0.0238,0,0
-0.0234,0.0139388,0.0139667
-0.023,0,0
-0.0226,0,0
-0.0222,0,0
-0.0218,0,0
-0.0214,0,0
-0.021,0,0
-0.0206,0,0
-0.0202,0,0
-0.0198,0,0
-0.0194,0,0
-0.019,0,0
-0.0186,0.0124639,0.0124861
-0.0182,0,0
-0.0178,0,0
-0.0174,0,0
-0.017,0,0
-0.0166,0,0
-0.0162,0,0
-0.0158,0,0
-0.0154,0,0
-0.015,0,0
-0.0146,0,0
-0.0142,0,0
-0.0138,0,0
-0.0134,0,0
-0.013,0,0
-0.0126,0,0
-0.0122,0,0
-0.0118,0.0128536,0.0128772
-0.0114,0,0
-0.011,0,0
-0.0106,0,0
-0.0102,0,0
-0.0098,0.0122217,0.012243
-0.0094,0,0
-0.009,0,0
-0.0086,0,0
-0.0082,0.00744784,0.009848
-0.0078,0.0240937,0.0170662
-0.0074,0,0
-0.007,0,0
-0.0066,0,0
-0.0062,0,0
-0.0058,0,0
-0.0054,0,0
-0.005,0.0258957,0.0179275
-0.0046,0.0083508,0.0105313
-0.0042,0.0142748,0.0143038
-0.0038,0.0294121,0.0193848
-0.0034,0.0741596,0.0303305
-0.003,0.0845451,0.0322671
-0.0026,0.18992,0.0504816
-0.0022,0.435993,0.0753417
-0.0018,0.660964,0.0914554
-0.0014,1.32552,0.131011
-0.001,1.72988,0.147891
-0.0006,2.56322,0.185461
-0.0002,2.7371,0.191674
0.0002,2.43268,0.187404
0.0006,1.7485,0.156378
0.001,0.876797,0.104964
0.0014,0.594561,0.0894867
0.0018,0.31156,0.064393
0.0022,0.0807923,0.0313581
0.0026,0.0378682,0.0219026
0.003,0,0
0.0034,0,0
0.0038,0.0253486,0.0179565
0.0042,0,0
0.0046,0,0
0.005,0,0
0.0054,0.0125406,0.0125628
0.0058,0,0
0.0062,0,0
0.0066,0.0118443,0.0118641
0.007,0,0
0.0074,0.012663,0.0126857
0.0078,0,0
0.0082,0.0122711,0.0122924
0.0086,0,0
0.009,0,0
0.0094,0.0130436,0.0130676
0.0098,0,0
0.0102,0,0
0.0106,0,0
0.011,0,0
0.0114,0.00345485,0.00655621
0.0118,0,0
0.0122,0,0
0.0126,0.0134998,0.0135255
0.013,0,0
0.0134,0,0
0.0138,0,0
0.0142,0,0
0.0146,0,0
0.015,0,0
0.0154,0.0126218,0.0126442
0.0158,0,0
0.0162,0,0
0.0166,0,0
0.017,0.0126289,0.0126513
0.0174,0,0
0.0178,0,0
0.0182,0.0138141,0.013841
0.0186,0,0
0.019,0,0
0.0194,0,0
0.0198,0,0
0.0202,0.0133155,0.0133404
0.0206,0,0
0.021,0,0
0.0214,0,0
0.0218,0.0139859,0.0140134
0.0222,0.00513944,0.00844022
0.0226,0.0134208,0.0134461
0.023,0,0
0.0234,0,0
0.0238,0,0
0.0242,0,0
0.0246,0,0
0.025,0,0
0.0254,0,0
0.0258,0,0
0.0262,0,0
0.0266,0,0
0.027,0.0132633,0.0132879
0.0274,0,0
0.0278,0,0
0.0282,0,0
0.0286,0.0128965,0.0129198
0.029,0,0
0.0294,0,0
0.0298,0,0
0.0302,0,0
0.0306,0,0
0.031,0,0
0.0314,0,0
0.0318,0,0
0.0322,0,0
0.0326,2.73399e-05,0.000580118
0.033,0,0
0.0334,0,0
0.0338,0,0
0.0342,0,0
0.0346,0,0
0.035,0,0
0.0354,0,0
0.0358,0,0
0.0362,0.0134642,0.0134894
0.0366,0,0
0.037,0,0
0.0374,0,0
0.0378,0,0
0.0382,0,0
0.0386,0,0
0.039,0,0
0.0394,0,0
0.0398,0,0
0.0402,0,0
0.0406,0,0
0.041,0,0
0.0414,0,0
0.0418,0,0
0.0422,0,0
0.0426,0,0
0.043,0,0
0.0434,0,0
0.0438,0,0
0.0442,0,0
0.0446,0,0
0.045,0,0
0.0454,0,0
0.0458,0,0
0.0462,0,0
0.0466,0,0
0.047,0,0
0.0474,0,0
0.0478,0,0
0.0482,0.0136325,0.0136583
0.0486,0,0
0.049,0.014026,0.0140532
0.0494,0,0
0.0498,0,0
0.0502,0,0
0.0506,0,0
0.051,0.0132122,0.0132363
0.0514,0,0
0.0518,0,0
0.0522,0,0
0.0526,0,0
0.053,0,0
0.0534,0,0
0.0538,0,0
0.0542,0,0
0.0546,0,0
0.055,0,0
0.0554,0,0
0.0558,0,0
0.0562,0,0
0.0566,0,0
0.057,0,0
0.0574,0,0
0.0578,0,0
0.0582,0,0
0.0586,0,0
0.059,0,0
0.0594,0,0
0.0598,0,0
0.0602,0.0126047,0.0126265
0.0606,0,0
0.061,0,0
0.0614,0,0
0.0618,0,0
0.0622,0,0
0.0626,0,0
0.063,0,0
0.0634,0,0
0.0638,0,0
0.0642,0,0
0.0646,0.0138592,0.0138856
0.065,0,0
0.0654,0,0
0.0658,0,0
0.0662,0,0
0.0666,0,0
0.067,0,0
0.0674,0,0
0.0678,0,0
0.0682,0.0129586,0.0129816
0.0686,0,0
0.069,0,0
0.0694,0,0
0.0698,0,0
0.0702,0,0
0.0706,0,0
0.071,0,0
0.0714,0,0
0.0718,0,0
0.0722,0,0
0.0726,0,0
0.073,0.013586,0.0136112
0.0734,0,0
0.0738,0,0
0.0742,0,0
0.0746,0.0134851,0.0135099
0.075,0,0
0.0754,0,0
0.0758,0,0
0.0762,0,0
0.0766,0,0
0.077,0,0
0.0774,0,0
0.0778,0,0
0.0782,0,0
0.0786,0,0
0.079,0,0
0.0794,0,0
0.0798,0,0
0.0802,0,0
0.0806,0,0
0.081,0,0
0.0814,0,0
0.0818,0,0
0.0822,0,0
0.0826,0,0
0.083,0,0
0.0834,0,0
0.0838,0,0
0.0842,0,0
0.0846,0.014023,0.0140497
0.085,0,0
0.0854,0,0
0.0858,0,0
0.0862,0,0
0.0866,0,0
0.087,0,0
0.0874,0,0
0.0878,0,0
0.0882,0,0
0.0886,0,0
0.089,0,0
0.0894,0,0
0.0898,0,0
0.0902,0,0
0.0906,0,0
0.091,0,0
0.0914,0,0
0.0918,0,0
0.0922,0.0137579,0.0137835
0.0926,0,0
0.093,0,0
0.0934,0,0
0.0938,0,0
0.0942,0,0
0.0946,0,0
0.095,0,0
0.0954,0,0
0.0958,0,0
0.0962,0,0
0.0966,0,0
0.097,0,0
0.0974,0,0
0.0978,0,0
0.0982,0,0
0.0986,0,0
0.099,0,0
0.0994,0,0
0.0998,0.00750921,0.0103154
0.1002,0,0
0.1006,0,0
0.101,0,0
0.1014,0,0
0.1018,0,0
0.1022,0,0
0.1026,0,0
0.103,0,0
0.1034,0.015708,0.0157411
0.1038,0,0
0.1042,0,0
0.1046,0,0
0.105,0,0
0.1054,0,0
0.1058,0,0
0.1062,0,0
0.1066,0,0
0.107,0,0
0.1074,0,0
0.1078,0,0
0.1082,0,0
0.1086,0,0
0.109,0,0
0.1094,0,0
0.1098,0,0
0.1102,0,0
0.1106,0,0
0.111,0,0
0.1114,0,0
0.1118,0,0
0.1122,0,0
0.1126,0,0
0.113,0,0
0.1134,0,0
0.1138,0,0
0.1142,0,0
0.1146,0,0
0.115,0,0
0.1154,0,0
0.1158,0,0
0.1162,0,0
0.1166,0,0
0.117,0,0
0.1174,0,0
0.1178,0,0
0.1182,0,0
0.1186,0,0
0.119,0,0
0.1194,0,0
0.1198,0,0
2
-0.1198,0,0
-0.1194,0,0
-0.119,0,0
-0.1186,0,0
-0.1182,0,0
-0.1178,0,0
-0.1174,0,0
-0.117,0,0
-0.1166,0.00644766,0.00646096
-0.1162,0,0
-0.1158,0,0
-0.1154,0,0
-0.115,0,0
-0.1146,0,0
-0.1142,0,0
-0.1138,0.0055847,0.00559468
-0.1134,0.00534395,0.00535309
-0.113,0,0
-0.1126,0,0
-0.1122,0,0
-0.1118,0,0
-0.1114,0,0
-0.111,0,0
-0.1106,0.00611518,0.00612713
-0.1102,0,0
-0.1098,0,0
-0.1094,0,0
-0.109,0,0
-0.1086,0.00590091,0.00591204
-0.1082,0,0
-0.1078,0,0
-0.1074,0.0124535,0.0088235
-0.107,0.00637598,0.00638896
-0.1066,0,0
-0.1062,0,0
-0.1058,0,0
-0.1054,0,0
-0.105,0,0
-0.1046,0,0
-0.1042,0,0
-0.1038,0,0
-0.1034,0,0
-0.103,0,0
-0.1026,0,0
-0.1022,0,0
-0.1018,0,0
-0.1014,0,0
-0.101,0,0
-0.1006,0,0
-0.1002,0,0
-0.0998,0,0
-0.0994,0.00609794,0.00630555
-0.099,0,0
-0.0986,0,0
-0.0982,0,0
-0.0978,0,0
-0.0974,0,0
-0.097,0,0
-0.0966,0,0
-0.0962,0,0
-0.0958,0,0
-0.0954,0,0
-0.095,0.00616888,0.006181
-0.0946,0,0
-0.0942,0,0
-0.0938,0,0
-0.0934,0,0
-0.093,0,0
-0.0926,0,0
-0.0922,0,0
-0.0918,0,0
-0.0914,0,0
-0.091,0.0056029,0.00561289
-0.0906,0,0
-0.0902,0.00283384,0.00411125
-0.0898,0,0
-0.0894,0.00608926,0.00610106
-0.089,0,0
-0.0886,0,0
-0.0882,0,0
-0.0878,0,0
-0.0874,0,0
-0.087,0,0
-0.0866,0,0
-0.0862,0,0
-0.0858,0,0
-0.0854,0,0
-0.085,0.00545956,0.00546904
-0.0846,0,0
-0.0842,0,0
-0.0838,0.00610822,0.00612007
-0.0834,0,0
-0.083,0,0
-0.0826,0.00305255,0.00421518
-0.0822,0,0
-0.0818,0,0
-0.0814,0,0
-0.081,0,0
-0.0806,0,0
-0.0802,0,0
-0.0798,0,0
-0.0794,0,0
-0.079,0,0
-0.0786,0.00590429,0.00591536
-0.0782,0.00564362,0.00565373
-0.0778,0.00608491,0.00609665
-0.0774,0,0
-0.077,0.00596776,0.00597906
-0.0766,0,0
-0.0762,0.00593029,0.00594144
-0.0758,0,0
-0.0754,0,0
-0.075,0.00601016,0.00602161
-0.0746,0,0
-0.0742,0,0
-0.0738,0,0
-0.0734,0,0
-0.073,0,0
-0.0726,0,0
-0.0722,0,0
-0.0718,0,0
-0.0714,0,0
-0.071,0,0
-0.0706,0,0
-0.0702,0.00585004,0.00586088
-0.0698,0,0
-0.0694,0.00608757,0.0060993
-0.069,0.00525788,0.00573232
-0.0686,0,0
-0.0682,0,0
-0.0678,0,0
-0.0674,0,0
-0.067,0,0
-0.0666,0.00571941,0.00572976
-0.0662,0,0
-0.0658,0,0
-0.0654,0,0
-0.065,0.00586261,0.00587348
-0.0646,0,0
-0.0642,0.00564932,0.00565942
-0.0638,0,0
-0.0634,0.00085494,0.00217482
-0.063,0.00564364,0.00565371
-0.0626,0.00596276,0.005974
-0.0622,0.00635656,0.00636934
-0.0618,0,0
-0.0614,0,0
-0.061,0,0
-0.0606,0,0
-0.0602,0,0
-0.0598,0,0
-0.0594,0,0
-0.059,0.00562079,0.00563077
-0.0586,0,0
-0.0582,0,0
-0.0578,0,0
-0.0574,0,0
-0.057,0,0
-0.0566,0,0
-0.0562,0,0
-0.0558,0.00552982,0.00553948
-0.0554,0.0055302,0.00553986
-0.055,0,0
-0.0546,0,0
-0.0542,0,0
-0.0538,0,0
-0.0534,0,0
-0.053,0.00571816,0.00572848
-0.0526,0.00385662,0.00483945
-0.0522,0,0
-0.0518,0,0
-0.0514,0,0
-0.051,0,0
-0.0506,0,0
-0.0502,0,0
-0.0498,0,0
-0.0494,0,0
-0.049,0,0
-0.0486,0,0
-0.0482,0,0
-0.0478,0,0
-0.0474,0.00405652,0.00491334
-0.047,0.00546332,0.00547273
-0.0466,0,0
-0.0462,0,0
-0.0458,0,0
-0.0454,0,0
-0.045,0,0
-0.0446,0.00580276,0.00581336
-0.0442,0,0
-0.0438,0,0
-0.0434,0,0
-0.043,0,0
-0.0426,0,0
-0.0422,0,0
-0.0418,0,0
-0.0414,0,0
-0.041,0,0
-0.0406,0,0
-0.0402,0,0
-0.0398,0,0
-0.0394,0,0
-0.039,0,0
-0.0386,0,0
-0.0382,0.00577077,0.00578124
-0.0378,0,0
-0.0374,0,0
-0.037,0,0
-0.0366,0,0
-0.0362,0,0
-0.0358,0,0
-0.0354,0,0
-0.035,0,0
-0.0346,0,0
-0.0342,0.00546517,0.00547455
-0.0338,0.00587493,0.00588577
-0.0334,0,0
-0.033,0,0
-0.0326,0.00610428,0.00611598
-0.0322,0,0
-0.0318,0.00663831,0.00665215
-0.0314,0,0
-0.031,0,0
-0.0306,0,0
-0.0302,0,0
-0.0298,0,0
-0.0294,0,0
-0.029,0,0
-0.0286,0,0
-0.0282,0,0
-0.0278,0,0
-0.0274,0,0
-0.027,0,0
-0.0266,0,0
-0.0262,0.00608473,0.00609634
-0.0258,0,0
-0.0254,0.00571026,0.00572048
-0.025,0,0
-0.0246,0,0
-0.0242,0,0
-0.0238,0,0
-0.0234,0,0
-0.023,0,0
-0.0226,0,0
-0.0222,0,0
-0.0218,0,0
-0.0214,0,0
-0.021,0,0
-0.0206,0,0
-0.0202,0,0
-0.0198,0,0
-0.0194,0,0
-0.019,0.00572012,0.00573036
-0.0186,0,0
-0.0182,0,0
-0.0178,0,0
-0.0174,0,0
-0.017,0.00499477,0.00562491
-0.0166,0,0
-0.0162,0,0
-0.0158,0.0060796,0.00609116
-0.0154,0,0
-0.015,0.00564924,0.00565923
-0.0146,0,0
-0.0142,0,0
-0.0138,0,0
-0.0134,0,0
-0.013,0.00580769,0.00581824
-0.0126,0.00582108,0.00583167
-0.0122,0,0
-0.0118,0.00586406,0.0058748
-0.0114,0.0040261,0.00466517
-0.011,0,0
-0.0106,0.00585232,0.00586302
-0.0102,0,0
-0.0098,0.0111455,0.00789483
-0.0094,0,0
-0.009,0.0111905,0.00792673
-0.0086,0,0
-0.0082,0.00843124,0.00707367
-0.0078,0.0112556,0.00797292
-0.0074,0,0
-0.007,0.00173486,0.00310742
-0.0066,0.011199,0.00793276
-0.0062,0,0
-0.0058,0.00543589,0.00544512
-0.0054,0.00558199,0.00559171
-0.005,0.00510286,0.00537006
-0.0046,0.0155805,0.00963328
-0.0042,0,0
-0.0038,0.0155842,0.00951998
-0.0034,0.0169367,0.0097957
-0.003,0.0221733,0.0111271
-0.0026,0.0782499,0.0218473
-0.0022,0.159307,0.0306858
-0.0018,0.35139,0.0450059
-0.0014,0.591045,0.0589887
-0.001,0.987916,0.075253
-0.0006,1.37534,0.091614
-0.0002,1.33007,0.0901391
0.0002,1.55755,0.10131
0.0006,1.09045,0.0832815
0.001,0.796896,0.0675209
0.0014,0.385808,0.0485715
0.0018,0.211305,0.0358819
0.0022,0.0623917,0.0186999
0.0026,0.017204,0.00995055
0.003,0.00573624,0.00574649
0.0034,0,0
0.0038,0,0
0.0042,0,0
0.0046,0,0
0.005,0.00608106,0.00609258
0.0054,0,0
0.0058,0,0
0.0062,0,0
0.0066,0,0
0.007,0,0
0.0074,0,0
0.0078,0,0
0.0082,0,0
0.0086,0,0
0.009,0.0059689,0.00597999
0.0094,0,0
0.0098,0,0
0.0102,0,0
0.0106,0,0
0.011,0,0
0.0114,0.00405212,0.00477935
0.0118,0,0
0.0122,0,0
0.0126,0,0
0.013,0,0
0.0134,0,0
0.0138,0.00571651,0.00572667
0.0142,0,0
0.0146,0,0
0.015,0,0
0.0154,0,0
0.0158,0,0
0.0162,0,0
0.0166,0.00580882,0.00581931
0.017,0,0
0.0174,0,0
0.0178,0,0
0.0182,0,0
0.0186,0,0
0.019,0,0
0.0194,0,0
0.0198,0.0060178,0.00602904
0.0202,0,0
0.0206,0,0
0.021,0.00583458,0.00584515
0.0214,0,0
0.0218,0,0
0.0222,0.00391367,0.00494903
0.0226,0,0
0.023,0,0
0.0234,0,0
0.0238,0,0
0.0242,0,0
0.0246,0.00174755,0.00323699
0.025,0.00573518,0.00574538
0.0254,0,0
0.0258,0,0
0.0262,0,0
0.0266,0,0
0.027,0,0
0.0274,0,0
0.0278,0,0
0.0282,0,0
0.0286,0,0
0.029,0,0
0.0294,0.0057646,0.0057749
0.0298,0,0
0.0302,0.00595341,0.00596439
0.0306,0,0
0.031,0.00587544,0.00588613
0.0314,0,0
0.0318,0,0
0.0322,0,0
0.0326,0.00550741,0.00552299
0.033,0,0
0.0334,0,0
0.0338,0,0
0.0342,0,0
0.0346,0.00617653,0.00618834
0.035,0,0
0.0354,0,0
0.0358,0,0
0.0362,0,0
0.0366,0,0
0.037,0,0
0.0374,0,0
0.0378,0,0
0.0382,0,0
0.0386,0,0
0.039,0,0
0.0394,0,0
0.0398,0,0
0.0402,0,0
0.0406,0,0
0.041,0,0
0.0414,0,0
0.0418,0,0
0.0422,0,0
0.0426,0,0
0.043,0,0
0.0434,0,0
0.0438,0,0
0.0442,0.00590719,0.00591796
0.0446,0,0
0.045,0,0
0.0454,0,0
0.0458,0,0
0.0462,0,0
0.0466,0,0
0.047,0,0
0.0474,0,0
0.0478,0,0
0.0482,0,0
0.0486,0,0
0.049,0,0
0.0494,0.00612098,0.00613254
0.0498,0,0
0.0502,0.00612498,0.00613655
0.0506,0,0
0.051,0,0
0.0514,0,0
0.0518,0,0
0.0522,0.00582004,0.00583048
0.0526,0.0112138,0.0079431
0.053,0,0
0.0534,0.00617418,0.00618592
0.0538,0.0057254,0.0057355
0.0542,0,0
0.0546,0,0
0.055,0,0
0.0554,0,0
0.0558,0,0
0.0562,0,0
0.0566,0.00645738,0.00647022
0.057,0,0
0.0574,0,0
0.0578,0.0111234,0.0078789
0.0582,0,0
0.0586,0,0
0.059,0,0
0.0594,0,0
0.0598,0,0
0.0602,0,0
0.0606,0,0
0.061,0.00556294,0.00557246
0.0614,0,0
0.0618,0,0
0.0622,0.00558161,0.00559119
0.0626,0,0
0.063,0,0
0.0634,0,0
0.0638,0,0
0.0642,0,0
0.0646,0.0061817,0.00619344
0.065,0,0
0.0654,0,0
0.0658,0,0
0.0662,0.0055253,0.00553468
0.0666,0,0
0.067,0,0
0.0674,0.00591586,0.00592661
0.0678,0,0
0.0682,0,0
0.0686,0,0
0.069,0.00556378,0.00557328
0.0694,0,0
0.0698,0,0
0.0702,0,0
0.0706,0,0
0.071,0,0
0.0714,0,0
0.0718,0,0
0.0722,0,0
0.0726,0,0
0.073,0,0
0.0734,0.0064343,0.00644699
0.0738,0,0
0.0742,0,0
0.0746,0,0
0.075,0,0
0.0754,0.00540782,0.00541678
0.0758,0,0
0.0762,0,0
0.0766,0,0
0.077,0,0
0.0774,0,0
0.0778,0,0
0.0782,0,0
0.0786,0,0
0.079,0,0
0.0794,0,0
0.0798,0.00541889,0.00542789
0.0802,0,0
0.0806,0,0
0.081,0,0
0.0814,0,0
0.0818,0,0
0.0822,0,0
0.0826,0,0
0.083,0,0
0.0834,0,0
0.0838,0,0
0.0842,0,0
0.0846,0,0
0.085,0,0
0.0854,0,0
0.0858,0,0
0.0862,0,0
0.0866,0,0
0.087,0,0
0.0874,0,0
0.0878,0,0
0.0882,0,0
0.0886,0,0
0.089,0,0
0.0894,0,0
0.0898,0,0
0.0902,0,0
0.0906,0,0
0.091,0,0
0.0914,0,0
0.0918,0,0
0.0922,0,0
0.0926,0,0
0.093,0,0
0.0934,0.00611758,0.006129
0.0938,0,0
0.0942,0,0
0.0946,0,0
0.095,0,0
0.0954,0,0
0.0958,0,0
0.0962,0,0
0.0966,0,0
0.097,0,0
0.0974,0,0
0.0978,0,0
0.0982,0,0
0.0986,0,0
0.099,0,0
0.0994,0,0
0.0998,0.00291713,0.004272
0.1002,0,0
0.1006,0,0
0.101,0,0
0.1014,0,0
0.1018,0,0
0.1022,0,0
0.1026,0,0
0.103,0,0
0.1034,0,0
0.1038,0,0
0.1042,0,0
0.1046,0,0
0.105,0,0
0.1054,0,0
0.1058,0.00776371,0.00778204
0.1062,0.00669953,0.00726505
0.1066,0,0
0.107,0,0
0.1074,0,0
0.1078,0.0077882,0.00780663
0.1082,0,0
0.1086,0,0
0.109,0,0
0.1094,0,0
0.1098,0,0
0.1102,0,0
0.1106,0,0
0.111,0,0
0.1114,0,0
0.1118,0,0
0.1122,0,0
0.1126,0,0
0.113,0,0
0.1134,0,0
0.1138,0,0
0.1142,0,0
0.1146,0.00899002,0.00901453
0.115,0,0
0.1154,0,0
0.1158,0,0
0.1162,0,0
0.1166,0,0
0.117,0,0
0.1174,0,0
0.1178,0,0
0.1182,0.0092387,0.00926456
0.1186,0,0
0.119,0.00992525,0.00995508
0.1194,0,0
0.1198,0,0
3
-0.1198,0,0
-0.1194,0,0
-0.119,0,0
-0.1186,0.00267119,0.00391121
-0.1182,0,0
-0.1178,0,0
-0.1174,0,0
-0.117,0.00678272,0.00679685
-0.1166,0,0
-0.1162,0,0
-0.1158,0.00604392,0.00605514
-0.1154,0,0
-0.115,0,0
-0.1146,0,0
-0.1142,0,0
-0.1138,0,0
-0.1134,0,0
-0.113,0,0
-0.1126,0,0
-0.1122,0,0
-0.1118,0,0
-0.1114,0,0
-0.111,0,0
-0.1106,0.0061762,0.00618789
-0.1102,0,0
-0.1098,0,0
-0.1094,0,0
-0.109,0,0
-0.1086,0,0
-0.1082,0,0
-0.1078,0,0
-0.1074,0,0
-0.107,0,0
-0.1066,0,0
-0.1062,0,0
-0.1058,0,0
-0.1054,0,0
-0.105,0,0
-0.1046,0,0
-0.1042,0,0
-0.1038,0,0
-0.1034,0,0
-0.103,0,0
-0.1026,0,0
-0.1022,0,0
-0.1018,0,0
-0.1014,0.00641206,0.00642461
-0.101,0,0
-0.1006,0,0
-0.1002,0,0
-0.0998,0,0
-0.0994,0.00733438,0.00713588
-0.099,0,0
-0.0986,0,0
-0.0982,0,0
-0.0978,0,0
-0.0974,0,0
-0.097,0,0
-0.0966,0,0
-0.0962,0,0
-0.0958,0,0
-0.0954,0.00594282,0.00595358
-0.095,0,0
-0.0946,0,0
-0.0942,0,0
-0.0938,0,0
-0.0934,0,0
-0.093,0,0
-0.0926,0,0
-0.0922,0.00649013,0.00650294
-0.0918,0,0
-0.0914,0,0
-0.091,0,0
-0.0906,0.00592072,0.00593137
-0.0902,0,0
-0.0898,0,0
-0.0894,0,0
-0.089,0,0
-0.0886,0,0
-0.0882,0,0
-0.0878,0,0
-0.0874,0,0
-0.087,0,0
-0.0866,0,0
-0.0862,0,0
-0.0858,0,0
-0.0854,0,0
-0.085,0,0
-0.0846,0,0
-0.0842,0,0
-0.0838,0,0
-0.0834,0,0
-0.083,0,0
-0.0826,0,0
-0.0822,0,0
-0.0818,0,0
-0.0814,0.00610507,0.00611635
-0.081,0,0
-0.0806,0,0
-0.0802,0,0
-0.0798,0,0
-0.0794,0,0
-0.079,0,0
-0.0786,0,0
-0.0782,0,0
-0.0778,0,0
-0.0774,0,0
-0.077,0,0
-0.0766,0,0
-0.0762,0,0
-0.0758,0,0
-0.0754,0,0
-0.075,0,0
-0.0746,0.0063845,0.0063968
-0.0742,0,0
-0.0738,0,0
-0.0734,0,0
-0.073,0,0
-0.0726,0,0
-0.0722,0,0
-0.0718,0,0
-0.0714,0.00634272,0.00635483
-0.071,0,0
-0.0706,0,0
-0.0702,0.00615601,0.00616742
-0.0698,0,0
-0.0694,0,0
-0.069,0.00101808,0.00258799
-0.0686,0,0
-0.0682,0,0
-0.0678,0,0
-0.0674,0,0
-0.067,0,0
-0.0666,0,0
-0.0662,0,0
-0.0658,0,0
-0.0654,0,0
-0.065,0,0
-0.0646,0.00614281,0.00615414
-0.0642,0,0
-0.0638,0,0
-0.0634,0.0107236,0.00790874
-0.063,0,0
-0.0626,0,0
-0.0622,0,0
-0.0618,0,0
-0.0614,0,0
-0.061,0,0
-0.0606,0,0
-0.0602,0,0
-0.0598,0.00609909,0.00611023
-0.0594,0,0
-0.059,0,0
-0.0586,0,0
-0.0582,0,0
-0.0578,0,0
-0.0574,0,0
-0.057,0,0
-0.0566,0,0
-0.0562,0,0
-0.0558,0,0
-0.0554,0,0
-0.055,0,0
-0.0546,0,0
-0.0542,0,0
-0.0538,0,0
-0.0534,0,0
-0.053,0,0
-0.0526,0,0
-0.0522,0,0
-0.0518,0,0
-0.0514,0,0
-0.051,0,0
-0.0506,0,0
-0.0502,0,0
-0.0498,0,0
-0.0494,0,0
-0.049,0,0
-0.0486,0.00603748,0.00604834
-0.0482,0,0
-0.0478,0,0
-0.0474,0,0
-0.047,0,0
-0.0466,0,0
-0.0462,0,0
-0.0458,0,0
-0.0454,0,0
-0.045,0,0
-0.0446,0,0
-0.0442,0,0
-0.0438,0,0
-0.0434,0,0
-0.043,0,0
-0.0426,0,0
-0.0422,0,0
-0.0418,0.00646196,0.00647435
-0.0414,0,0
-0.041,0,0
-0.0406,0,0
-0.0402,0,0
-0.0398,0,0
-0.0394,0,0
-0.039,0,0
-0.0386,0.00622314,0.00623463
-0.0382,0,0
-0.0378,0,0
-0.0374,0,0
-0.037,0,0
-0.0366,0,0
-0.0362,0,0
-0.0358,0,0
-0.0354,0,0
-0.035,0,0
-0.0346,0,0
-0.0342,0.00599562,0.00600625
-0.0338,0,0
-0.0334,0,0
-0.033,0,0
-0.0326,0,0
-0.0322,0,0
-0.0318,0,0
-0.0314,0,0
-0.031,0,0
-0.0306,0,0
-0.0302,0,0
-0.0298,0,0
-0.0294,0.00601266,0.00602334
-0.029,0,0
-0.0286,0,0
-0.0282,0,0
-0.0278,0,0
-0.0274,0,0
-0.027,0,0
-0.0266,0,0
-0.0262,0.00647177,0.00648412
-0.0258,0,0
-0.0254,0,0
-0.025,0,0
-0.0246,0,0
-0.0242,0,0
-0.0238,0.00622413,0.00623554
-0.0234,0,0
-0.023,0,0
-0.0226,0,0
-0.0222,0,0
-0.0218,0,0
-0.0214,0,0
-0.021,0,0
-0.0206,0,0
-0.0202,0,0
-0.0198,0,0
-0.0194,0,0
-0.019,0,0
-0.0186,0,0
-0.0182,0,0
-0.0178,0,0
-0.0174,0,0
-0.017,0.00752959,0.00686672
-0.0166,0.00687519,0.00688906
-0.0162,0,0
-0.0158,0,0
-0.0154,0.00556172,0.0055708
-0.015,0,0
-0.0146,0,0
-0.0142,0,0
-0.0138,0,0
-0.0134,0,0
-0.013,0,0
-0.0126,0.00621086,0.00622217
-0.0122,0,0
-0.0118,0,0
-0.0114,0.00145291,0.00289512
-0.011,0,0
-0.0106,0.0122917,0.00870837
-0.0102,0,0
-0.0098,0.0061086,0.00611952
-0.0094,0.00597309,0.00598353
-0.009,0,0
-0.0086,0,0
-0.0082,0.00631429,0.00632595
-0.0078,0,0
-0.0074,0,0
-0.007,0.00407165,0.00492007
-0.0066,0.00598203,0.00599249
-0.0062,0,0
-0.0058,0,0
-0.0054,0,0
-0.005,0.00601782,0.0060284
-0.0046,0.0174952,0.0105894
-0.0042,0.0380125,0.0161371
-0.0038,0.0368427,0.0150693
-0.0034,0.0320004,0.0138564
-0.003,0.0537762,0.0179282
-0.0026,0.0688997,0.0211015
-0.0022,0.208665,0.0363369
-0.0018,0.317115,0.0441159
-0.0014,0.465444,0.0541286
-0.001,0.792925,0.0697312
-0.0006,1.03661,0.0822205
-0.0002,1.2012,0.0885827
0.0002,1.3114,0.0959533
0.0006,0.985207,0.0811677
0.001,0.650742,0.0631976
0.0014,0.259546,0.0411586
0.0018,0.114884,0.0274539
0.0022,0.0754995,0.0213204
0.0026,0.0429753,0.0162724
0.003,0.0122817,0.00870001
0.0034,0.00596,0.00607115
0.0038,0.00616307,0.00617412
0.0042,0,0
0.0046,0,0
0.005,0,0
0.0054,0,0
0.0058,0.00596294,0.00597328
0.0062,0.000702877,0.00205091
0.0066,0,0
0.007,0,0
0.0074,0.00615497,0.00616598
0.0078,0.00593977,0.00595002
0.0082,0,0
0.0086,0,0
0.009,0.00639732,0.0064092
0.0094,0,0
0.0098,0.0125584,0.00889631
0.0102,0.00642395,0.00643593
0.0106,0,0
0.011,0.00618751,0.00619862
0.0114,0,0
0.0118,0.00610781,0.00611864
0.0122,0.00693648,0.00695043
0.0126,0,0
0.013,0,0
0.0134,0.00634117,0.00635283
0.0138,0,0
0.0142,0,0
0.0146,0,0
0.015,0,0
0.0154,0,0
0.0158,0.00651863,0.00653093
0.0162,0,0
0.0166,0,0
0.017,0,0
0.0174,0,0
0.0178,0,0
0.0182,0.0015698,0.00327712
0.0186,0,0
0.019,0,0
0.0194,0,0
0.0198,0,0
0.0202,0,0
0.0206,0,0
0.021,0,0
0.0214,0,0
0.0218,0,0
0.0222,0,0
0.0226,0.00650973,0.00652197
0.023,0,0
0.0234,0,0
0.0238,0,0
0.0242,0,0
0.0246,0.0111169,0.00852422
0.025,0,0
0.0254,0,0
0.0258,0,0
0.0262,0.00633771,0.0063493
0.0266,0.00642733,0.00643924
0.027,0,0
0.0274,0,0
0.0278,0,0
0.0282,0,0
0.0286,0,0
0.029,0.0064544,0.00646641
0.0294,0,0
0.0298,0,0
0.0302,0,0
0.0306,0,0
0.031,0,0
0.0314,0,0
0.0318,0.00619508,0.00620613
0.0322,0,0
0.0326,0,0
0.033,0,0
0.0334,0,0
0.0338,0,0
0.0342,0,0
0.0346,0,0
0.035,0,0
0.0354,0,0
0.0358,0,0
0.0362,0,0
0.0366,0,0
0.037,0,0
0.0374,0,0
0.0378,0,0
0.0382,0,0
0.0386,0,0
0.039,0,0
0.0394,0,0
0.0398,0.00737697,0.00678035
0.0402,0,0
0.0406,0,0
0.041,0.00662299,0.00663557
0.0414,0,0
0.0418,0,0
0.0422,0,0
0.0426,0,0
0.043,0.0017204,0.00330852
0.0434,0,0
0.0438,0.0128597,0.00911037
0.0442,0,0
0.0446,0.00619664,0.00620764
0.045,0,0
0.0454,0,0
0.0458,0,0
0.0462,0,0
0.0466,0,0
0.047,0,0
0.0474,0,0
0.0478,0,0
0.0482,0.00658832,0.00660074
0.0486,0,0
0.049,0,0
0.0494,0,0
0.0498,0,0
0.0502,0,0
0.0506,0,0
0.051,0,0
0.0514,0,0
0.0518,0,0
0.0522,0,0
0.0526,0,0
0.053,0,0
0.0534,0,0
0.0538,0.00666388,0.00667656
0.0542,0,0
0.0546,0,0
0.055,0,0
0.0554,0.00627284,0.00628407
0.0558,0,0
0.0562,0,0
0.0566,0,0
0.057,0,0
0.0574,0,0
0.0578,0,0
0.0582,0,0
0.0586,0,0
0.059,0,0
0.0594,0,0
0.0598,0,0
0.0602,0,0
0.0606,0.000590806,0.0019512
0.061,0,0
0.0614,0,0
0.0618,0,0
0.0622,0,0
0.0626,0,0
0.063,0,0
0.0634,0.00652155,0.00653366
0.0638,0,0
0.0642,0,0
0.0646,0,0
0.065,0,0
0.0654,0,0
0.0658,0,0
0.0662,0,0
0.0666,0,0
0.067,0,0
0.0674,0,0
0.0678,0,0
0.0682,0,0
0.0686,0,0
0.069,0,0
0.0694,0,0
0.0698,0,0
0.0702,0,0
0.0706,0.00655361,0.00656581
0.071,0.00617674,0.00618757
0.0714,0,0
0.0718,0,0
0.0722,0,0
0.0726,0,0
0.073,0,0
0.0734,0,0
0.0738,0.00654644,0.0065586
0.0742,0,0
0.0746,0,0
0.075,0,0
0.0754,0,0
0.0758,0,0
0.0762,0,0
0.0766,0,0
0.077,0,0
0.0774,0,0
0.0778,0,0
0.0782,0,0
0.0786,0,0
0.079,0,0
0.0794,0,0
0.0798,0.00537479,0.00562059
0.0802,0,0
0.0806,0,0
0.081,0,0
0.0814,0,0
0.0818,0,0
0.0822,0,0
0.0826,0,0
0.083,0,0
0.0834,0,0
0.0838,0,0
0.0842,0,0
0.0846,0,0
0.085,0,0
0.0854,0.00604866,0.00605901
0.0858,0,0
0.0862,0,0
0.0866,0.000954964,0.00248983
0.087,0,0
0.0874,0,0
0.0878,0,0
0.0882,0,0
0.0886,0,0
0.089,0,0
0.0894,0,0
0.0898,0,0
0.0902,0,0
0.0906,0,0
0.091,0,0
0.0914,0,0
0.0918,0,0
0.0922,0,0
0.0926,0,0
0.093,0,0
0.0934,0,0
0.0938,0.00634772,0.00635909
0.0942,0,0
0.0946,0,0
0.095,0,0
0.0954,0,0
0.0958,0,0
0.0962,0,0
0.0966,0,0
0.097,0.00704798,0.00706198
0.0974,0,0
0.0978,0,0
0.0982,0,0
0.0986,0,0
0.099,0.00764435,0.00766081
0.0994,0,0
0.0998,0,0
0.1002,0,0
0.1006,0,0
0.101,0,0
0.1014,0,0
0.1018,0,0
0.1022,0,0
0.1026,0,0
0.103,0,0
0.1034,0,0
0.1038,0,0
0.1042,0,0
0.1046,0,0
0.105,0,0
0.1054,0,0
0.1058,0,0
0.1062,0.00123393,0.00324189
0.1066,0,0
0.107,0,0
0.1074,0,0
0.1078,0,0
0.1082,0.00877734,0.008799
0.1086,0,0
0.109,0,0
0.1094,0.00878195,0.00880362
0.1098,0,0
0.1102,0.00750552,0.00752136
0.1106,0,0
0.111,0.00825862,0.00827779
0.1114,0,0
0.1118,0,0
0.1122,0,0
0.1126,0.00959387,0.00961972
0.113,0,0
0.1134,0,0
0.1138,0,0
0.1142,0,0
0.1146,0,0
0.115,0,0
0.1154,0,0
0.1158,0,0
0.1162,0.0106899,0.0107219
0.1166,0,0
0.117,0,0
0.1174,0,0
0.1178,0,0
0.1182,0,0
0.1186,0,0
0.119,0,0
0.1194,0,0
0.1198,0,0
4
-0.1198,0,0
-0.1194,0,0
-0.119,0,0
-0.1186,0.00304416,0.00418119
-0.1182,0,0
-0.1178,0,0
-0.1174,0,0
-0.117,0,0
-0.1166,0,0
-0.1162,0,0
-0.1158,0,0
-0.1154,0,0
-0.115,0,0
-0.1146,0,0
-0.1142,0,0
-0.1138,0,0
-0.1134,0,0
-0.113,0,0
-0.1126,0,0
-0.1122,0,0
-0.1118,0,0
-0.1114,0.0062978,0.0063099
-0.111,0,0
-0.1106,0,0
-0.1102,0,0
-0.1098,0,0
-0.1094,0,0
-0.109,0,0
-0.1086,0,0
-0.1082,0,0
-0.1078,0,0
-0.1074,0,0
-0.107,0,0
-0.1066,0,0
-0.1062,0,0
-0.1058,0,0
-0.1054,0,0
-0.105,0,0
-0.1046,0,0
-0.1042,0,0
-0.1038,0,0
-0.1034,0,0
-0.103,0.00207652,0.00358312
-0.1026,0,0
-0.1022,0,0
-0.1018,0,0
-0.1014,0,0
-0.101,0,0
-0.1006,0,0
-0.1002,0,0
-0.0998,0,0
-0.0994,0,0
-0.099,0,0
-0.0986,0,0
-0.0982,0,0
-0.0978,0,0
-0.0974,0,0
-0.097,0,0
-0.0966,0,0
-0.0962,0,0
-0.0958,0,0
-0.0954,0,0
-0.095,0,0
-0.0946,0,0
-0.0942,0,0
-0.0938,0,0
-0.0934,0,0
-0.093,0,0
-0.0926,0,0
-0.0922,0,0
-0.0918,0,0
-0.0914,0,0
-0.091,0,0
-0.0906,0,0
-0.0902,0,0
-0.0898,0,0
-0.0894,0,0
-0.089,0,0
-0.0886,0,0
-0.0882,0,0
-0.0878,0,0
-0.0874,0,0
-0.087,0,0
-0.0866,0,0
-0.0862,0,0
-0.0858,0.00605796,0.00606902
-0.0854,0,0
-0.085,0,0
-0.0846,0,0
-0.0842,0,0
-0.0838,0,0
-0.0834,0,0
-0.083,0,0
-0.0826,0,0
-0.0822,0,0
-0.0818,0,0
-0.0814,0,0
-0.081,0,0
-0.0806,0.00596621,0.00597693
-0.0802,0,0
-0.0798,0.00615589,0.00616729
-0.0794,0,0
-0.079,0,0
-0.0786,0.00623208,0.00624376
-0.0782,0,0
-0.0778,0,0
-0.0774,0,0
-0.077,0,0
-0.0766,0,0
-0.0762,0,0
-0.0758,0,0
-0.0754,0,0
-0.075,0,0
-0.0746,0,0
-0.0742,0,0
-0.0738,0,0
-0.0734,0,0
-0.073,0,0
-0.0726,0,0
-0.0722,0,0
-0.0718,0,0
-0.0714,0,0
-0.071,0,0
-0.0706,0,0
-0.0702,0,0
-0.0698,0,0
-0.0694,0,0
-0.069,0,0
-0.0686,0,0
-0.0682,0,0
-0.0678,0,0
-0.0674,0,0
-0.067,0,0
-0.0666,0,0
-0.0662,0,0
-0.0658,0,0
-0.0654,0,0
-0.065,0,0
-0.0646,0.00616088,0.00617224
-0.0642,0,0
-0.0638,0,0
-0.0634,0,0
-0.063,0.00596678,0.00597743
-0.0626,0,0
-0.0622,0,0
-0.0618,0,0
-0.0614,0,0
-0.061,0.00181491,0.0033535
-0.0606,0,0
-0.0602,0,0
-0.0598,0,0
-0.0594,0,0
-0.059,0.00609621,0.00610731
-0.0586,0,0
-0.0582,0,0
-0.0578,0.00672308,0.00673658
-0.0574,0,0
-0.057,0,0
-0.0566,0,0
-0.0562,0,0
-0.0558,0,0
-0.0554,0,0
-0.055,0,0
-0.0546,0,0
-0.0542,0,0
-0.0538,0,0
-0.0534,0,0
-0.053,0,0
-0.0526,0,0
-0.0522,0,0
-0.0518,0,0
-0.0514,0,0
-0.051,0,0
-0.0506,0,0
-0.0502,0,0
-0.0498,0,0
-0.0494,0,0
-0.049,0,0
-0.0486,0,0
-0.0482,0,0
-0.0478,0,0
-0.0474,0,0
-0.047,0,0
-0.0466,0,0
-0.0462,0,0
-0.0458,0,0
-0.0454,0,0
-0.045,0,0
-0.0446,0,0
-0.0442,0,0
-0.0438,0,0
-0.0434,0,0
-0.043,0,0
-0.0426,0,0
-0.0422,0,0
-0.0418,0,0
-0.0414,0,0
-0.041,0,0
-0.0406,0,0
-0.0402,0.00642,0.00643225
-0.0398,0.00645835,0.00647075
-0.0394,0,0
-0.039,0,0
-0.0386,0,0
-0.0382,0,0
-0.0378,0,0
-0.0374,0,0
-0.037,0.00598778,0.00599844
-0.0366,0,0
-0.0362,0.0115988,0.00821877
-0.0358,0,0
-0.0354,0,0
-0.035,0,0
-0.0346,0,0
-0.0342,0,0
-0.0338,0,0
-0.0334,0.00645696,0.00646934
-0.033,0,0
-0.0326,0,0
-0.0322,0.00616138,0.00617265
-0.0318,0,0
-0.0314,0,0
-0.031,0.00655536,0.00656812
-0.0306,0,0
-0.0302,0,0
-0.0298,0,0
-0.0294,0,0
-0.029,0,0
-0.0286,0,0
-0.0282,0,0
-0.0278,0,0
-0.0274,0,0
-0.027,0,0
-0.0266,0,0
-0.0262,0,0
-0.0258,0,0
-0.0254,0,0
-0.025,0.00603894,0.00604976
-0.0246,0,0
-0.0242,0,0
-0.0238,0,0
-0.0234,0,0
-0.023,0,0
-0.0226,0,0
-0.0222,0.00677845,0.00679207
-0.0218,0,0
-0.0214,0,0
-0.021,0,0
-0.0206,0,0
-0.0202,0,0
-0.0198,0,0
-0.0194,0,0
-0.019,0,0
-0.0186,0,0
-0.0182,0,0
-0.0178,0,0
-0.0174,0,0
-0.017,0,0
-0.0166,0,0
-0.0162,0,0
-0.0158,0.00641676,0.00642896
-0.0154,0,0
-0.015,0,0
-0.0146,0,0
-0.0142,0,0
-0.0138,0,0
-0.0134,0,0
-0.013,0.00640738,0.00641955
-0.0126,0,0
-0.0122,0.00620179,0.00621319
-0.0118,0.00544735,0.00581447
-0.0114,0,0
-0.011,0,0
-0.0106,0,0
-0.0102,0,0
-0.0098,0,0
-0.0094,0,0
-0.009,0,0
-0.0086,0,0
-0.0082,0,0
-0.0078,0,0
-0.0074,0.00592785,0.00593827
-0.007,0.00584117,0.00585129
-0.0066,0.00589603,0.00590634
-0.0062,0,0
-0.0058,0,0
-0.0054,0,0
-0.005,0,0
-0.0046,0.0190178,0.0110006
-0.0042,0.0165395,0.0106561
-0.0038,0.0182876,0.0105775
-0.0034,0.0096997,0.00757137
-0.003,0,0
-0.0026,0.0686046,0.0210067
-0.0022,0.151659,0.0306087
-0.0018,0.23835,0.037998
-0.0014,0.435839,0.0519037
-0.001,0.669825,0.063458
-0.0006,0.882535,0.0753665
-0.0002,1.03405,0.0815401
0.0002,0.990273,0.082771
0.0006,0.759378,0.0708914
0.001,0.451356,0.0521762
0.0014,0.254019,0.0403252
0.0018,0.145321,0.0304146
0.0022,0.0328266,0.0139327
0.0026,0.0301011,0.0134858
0.003,0.00602077,0.00603153
0.0034,0.00662902,0.00653564
0.0038,0.0060405,0.00605133
0.0042,0.00589251,0.00590283
0.0046,0,0
0.005,0,0
0.0054,0,0
0.0058,0,0
0.0062,0.00514965,0.00549238
0.0066,0,0
0.007,0.006112,0.0061231
0.0074,0.00602161,0.00603238
0.0078,0,0
0.0082,0,0
0.0086,0,0
0.009,0.00638182,0.00639392
0.0094,0,0
0.0098,0,0
0.0102,0,0
0.0106,0,0
0.011,0,0
0.0114,0,0
0.0118,0,0
0.0122,0.00676826,0.00678188
0.0126,0.00592112,0.00593154
0.013,0.00618385,0.00619522
0.0134,0,0
0.0138,0.00597943,0.00599006
0.0142,0,0
0.0146,0,0
0.015,0,0
0.0154,0,0
0.0158,0,0
0.0162,0,0
0.0166,0,0
0.017,0,0
0.0174,0,0
0.0178,0.00640652,0.00641872
0.0182,0.0051016,0.00582664
0.0186,0,0
0.019,0,0
0.0194,0,0
0.0198,0,0
0.0202,0,0
0.0206,0,0
0.021,0,0
0.0214,0,0
0.0218,0,0
0.0222,0,0
0.0226,0,0
0.023,0,0
0.0234,0,0
0.0238,0,0
0.0242,0,0
0.0246,0,0
0.025,0,0
0.0254,0,0
0.0258,0.00614149,0.00615272
0.0262,0,0
0.0266,0.00622719,0.00623873
0.027,0,0
0.0274,0,0
0.0278,0,0
0.0282,0,0
0.0286,0,0
0.029,0.00624634,0.00625796
0.0294,0,0
0.0298,0,0
0.0302,0,0
0.0306,0,0
0.031,0,0
0.0314,0,0
0.0318,0.00598749,0.00599817
0.0322,0,0
0.0326,0.00573982,0.00574964
0.033,0,0
0.0334,0,0
0.0338,0.00608638,0.00609742
0.0342,0,0
0.0346,0,0
0.035,0,0
0.0354,0.00655759,0.0065704
0.0358,0,0
0.0362,0.00628636,0.00629813
0.0366,0,0
0.037,0,0
0.0374,0,0
0.0378,0.00659511,0.00660807
0.0382,0.00667735,0.00669063
0.0386,0,0
0.039,0,0
0.0394,0,0
0.0398,0.00496717,0.00552256
0.0402,0,0
0.0406,0,0
0.041,0,0
0.0414,0,0
0.0418,0.00622908,0.00624065
0.0422,0,0
0.0426,0,0
0.043,0.00444219,0.00521354
0.0434,0,0
0.0438,0.00624156,0.00625317
0.0442,0,0
0.0446,0,0
0.045,0,0
0.0454,0,0
0.0458,0,0
0.0462,0,0
0.0466,0,0
0.047,0,0
0.0474,0,0
0.0478,0,0
0.0482,0,0
0.0486,0,0
0.049,0,0
0.0494,0,0
0.0498,0,0
0.0502,0,0
0.0506,0,0
0.051,0,0
0.0514,0,0
0.0518,0,0
0.0522,0.00602256,0.00603338
0.0526,0.0057941,0.00580412
0.053,0,0
0.0534,0,0
0.0538,0.00637872,0.00639086
0.0542,0,0
0.0546,0,0
0.055,0,0
0.0554,0,0
0.0558,0,0
0.0562,0,0
0.0566,0,0
0.057,0.012025,0.00851826
0.0574,0,0
0.0578,0,0
0.0582,0,0
0.0586,0,0
0.059,0,0
0.0594,0,0
0.0598,0.0120045,0.00850368
0.0602,0,0
0.0606,0.00556687,0.00585284
0.061,0,0
0.0614,0.0019966,0.00356244
0.0618,0,0
0.0622,0,0
0.0626,0,0
0.063,0,0
0.0634,0,0
0.0638,0,0
0.0642,0,0
0.0646,0,0
0.065,0,0
0.0654,0,0
0.0658,0,0
0.0662,0,0
0.0666,0,0
0.067,0.00568028,0.00568991
0.0674,0,0
0.0678,0,0
0.0682,0,0
0.0686,0,0
0.069,0,0
0.0694,0,0
0.0698,0,0
0.0702,0,0
0.0706,0,0
0.071,0,0
0.0714,0,0
0.0718,0,0
0.0722,0.00588712,0.00589747
0.0726,0,0
0.073,0,0
0.0734,0,0
0.0738,0,0
0.0742,0,0
0.0746,0,0
0.075,0,0
0.0754,0,0
0.0758,0,0
0.0762,0,0
0.0766,0,0
0.077,0,0
0.0774,0.00556719,0.00557644
0.0778,0,0
0.0782,0,0
0.0786,0,0
0.079,0,0
0.0794,0,0
0.0798,0.000458634,0.00159927
0.0802,0,0
0.0806,0,0
0.081,0,0
0.0814,0,0
0.0818,0,0
0.0822,0,0
0.0826,0,0
0.083,0,0
0.0834,0,0
0.0838,0,0
0.0842,0,0
0.0846,0,0
0.085,0,0
0.0854,0,0
0.0858,0,0
0.0862,0,0
0.0866,0.00522147,0.00566599
0.087,0,0
0.0874,0,0
0.0878,0,0
0.0882,0,0
0.0886,0.00572702,0.00573681
0.089,0,0
0.0894,0,0
0.0898,0,0
0.0902,0,0
0.0906,0,0
0.091,0,0
0.0914,0,0
0.0918,0,0
0.0922,0,0
0.0926,0.00608613,0.00609719
0.093,0,0
0.0934,0,0
0.0938,0,0
0.0942,0.00599564,0.00600637
0.0946,0.00591308,0.00592352
0.095,0,0
0.0954,0,0
0.0958,0,0
0.0962,0,0
0.0966,0,0
0.097,0,0
0.0974,0,0
0.0978,0,0
0.0982,0,0
0.0986,0,0
0.099,0,0
0.0994,0,0
0.0998,0,0
0.1002,0,0
0.1006,0,0
0.101,0,0
0.1014,0,0
0.1018,0,0
0.1022,0,0
0.1026,0,0
0.103,0,0
0.1034,0,0
0.1038,0,0
0.1042,0,0
0.1046,0,0
0.105,0,0
0.1054,0,0
0.1058,0,0
0.1062,0,0
0.1066,0,0
0.107,0,0
0.1074,0,0
0.1078,0,0
0.1082,0,0
0.1086,0,0
0.109,0,0
0.1094,0.00827012,0.00829049
0.1098,0,0
0.1102,0,0
0.1106,0,0
0.111,0,0
0.1114,0,0
0.1118,0,0
0.1122,0,0
0.1126,0,0
0.113,0,0
0.1134,0,0
0.1138,0,0
0.1142,0,0
0.1146,0,0
0.115,0,0
0.1154,0.00267968,0.00476195
0.1158,0,0
0.1162,0,0
0.1166,0,0
0.117,0,0
0.1174,0,0
0.1178,0,0
0.1182,0,0
0.1186,0,0
0.119,0,0
0.1194,0,0
0.1198,0.00910956,0.00913422
5
-0.1198,0,0
-0.1194,0,0
-0.119,0,0
-0.1186,0.00637236,0.00638469
-0.1182,0,0
-0.1178,0,0
-0.1174,0,0
-0.117,0,0
-0.1166,0,0
-0.1162,0,0
-0.1158,0,0
-0.1154,0,0
-0.115,0,0
-0.1146,0,0
-0.1142,0,0
-0.1138,0,0
-0.1134,0,0
-0.113,0,0
-0.1126,0,0
-0.1122,0,0
-0.1118,0,0
-0.1114,0,0
-0.111,0,0
-0.1106,0,0
-0.1102,0,0
-0.1098,0,0
-0.1094,0,0
-0.109,0.00133259,0.00291817
-0.1086,0,0
-0.1082,0,0
-0.1078,0,0
-0.1074,0,0
-0.107,0,0
-0.1066,0,0
-0.1062,0,0
-0.1058,0,0
-0.1054,0,0
-0.105,0,0
-0.1046,0,0
-0.1042,0,0
-0.1038,0,0
-0.1034,0,0
-0.103,0.00412777,0.00507934
-0.1026,0,0
-0.1022,0,0
-0.1018,0,0
-0.1014,0,0
-0.101,0,0
-0.1006,0,0
-0.1002,0,0
-0.0998,0,0
-0.0994,0,0
-0.099,0,0
-0.0986,0,0
-0.0982,0,0
-0.0978,0,0
-0.0974,0,0
-0.097,0,0
-0.0966,0,0
-0.0962,0,0
-0.0958,0,0
-0.0954,0,0
-0.095,0,0
-0.0946,0.00654829,0.00656111
-0.0942,0,0
-0.0938,0,0
-0.0934,0,0
-0.093,0,0
-0.0926,0,0
-0.0922,0.00661412,0.00662718
-0.0918,0,0
-0.0914,0.00622174,0.00623329
-0.091,0,0
-0.0906,0,0
-0.0902,0,0
-0.0898,0,0
-0.0894,0,0
-0.089,0,0
-0.0886,0,0
-0.0882,0,0
-0.0878,0,0
-0.0874,0,0
-0.087,0,0
-0.0866,0,0
-0.0862,0,0
-0.0858,0,0
-0.0854,0,0
-0.085,0,0
-0.0846,0,0
-0.0842,0,0
-0.0838,0,0
-0.0834,0,0
-0.083,0,0
-0.0826,0,0
-0.0822,0,0
-0.0818,0,0
-0.0814,0,0
-0.081,0,0
-0.0806,0,0
-0.0802,0,0
-0.0798,0,0
-0.0794,0,0
-0.079,0,0
-0.0786,0,0
-0.0782,0,0
-0.0778,0,0
-0.0774,0,0
-0.077,0,0
-0.0766,0,0
-0.0762,0,0
-0.0758,0,0
-0.0754,0.00594302,0.00595346
-0.075,0,0
-0.0746,0,0
-0.0742,0,0
-0.0738,0,0
-0.0734,0,0
-0.073,0,0
-0.0726,0,0
-0.0722,0,0
-0.0718,0,0
-0.0714,0,0
-0.071,0,0
-0.0706,0,0
-0.0702,0.00628717,0.00629882
-0.0698,0,0
-0.0694,0,0
-0.069,0,0
-0.0686,0,0
-0.0682,0,0
-0.0678,0,0
-0.0674,0,0
-0.067,0,0
-0.0666,0,0
-0.0662,0,0
-0.0658,0,0
-0.0654,0,0
-0.065,0,0
-0.0646,0,0
-0.0642,0,0
-0.0638,0,0
-0.0634,0,0
-0.063,0,0
-0.0626,0,0
-0.0622,0,0
-0.0618,0,0
-0.0614,0,0
-0.061,0.00444005,0.00529394
-0.0606,0,0
-0.0602,0,0
-0.0598,0,0
-0.0594,0,0
-0.059,0,0
-0.0586,0,0
-0.0582,0,0
-0.0578,0,0
-0.0574,0,0
-0.057,0,0
-0.0566,0,0
-0.0562,0,0
-0.0558,0,0
-0.0554,0,0
-0.055,0,0
-0.0546,0,0
-0.0542,0,0
-0.0538,0,0
-0.0534,0,0
-0.053,0,0
-0.0526,0.00652691,0.00653936
-0.0522,0.00636418,0.00637602
-0.0518,0,0
-0.0514,0,0
-0.051,0,0
-0.0506,0.00687248,0.00688628
-0.0502,0,0
-0.0498,0,0
-0.0494,0.0061187,0.00612963
-0.049,0,0
-0.0486,0,0
-0.0482,0,0
-0.0478,0,0
-0.0474,0,0
-0.047,0,0
-0.0466,0.00249334,0.00392979
-0.0462,0,0
-0.0458,0,0
-0.0454,0.00666517,0.00667812
-0.045,0,0
-0.0446,0,0
-0.0442,0,0
-0.0438,0.00654883,0.00656133
-0.0434,0,0
-0.043,0,0
-0.0426,0,0
-0.0422,0,0
-0.0418,0,0
-0.0414,0,0
-0.041,0,0
-0.0406,0,0
-0.0402,0,0
-0.0398,0,0
-0.0394,0,0
-0.039,0,0
-0.0386,0,0
-0.0382,0,0
-0.0378,0,0
-0.0374,0,0
-0.037,0,0
-0.0366,0,0
-0.0362,0,0
-0.0358,0,0
-0.0354,0,0
-0.035,0,0
-0.0346,0,0
-0.0342,0,0
-0.0338,0,0
-0.0334,0,0
-0.033,0,0
-0.0326,0,0
-0.0322,0,0
-0.0318,0,0
-0.0314,0,0
-0.031,0,0
-0.0306,0,0
-0.0302,0,0
-0.0298,0,0
-0.0294,0,0
-0.029,0,0
-0.0286,0,0
-0.0282,0,0
-0.0278,0,0
-0.0274,0,0
-0.027,0,0
-0.0266,0,0
-0.0262,0,0
-0.0258,0,0
-0.0254,0,0
-0.025,0.00074741,0.00215287
-0.0246,0,0
-0.0242,0,0
-0.0238,0,0
-0.0234,0.00689859,0.00691237
-0.023,0,0
-0.0226,0,0
-0.0222,0,0
-0.0218,0,0
-0.0214,0,0
-0.021,0,0
-0.0206,0.00631575,0.0063273
-0.0202,0,0
-0.0198,0,0
-0.0194,0,0
-0.019,0,0
-0.0186,0.000747976,0.00215046
-0.0182,0,0
-0.0178,0,0
-0.0174,0,0
-0.017,0,0
-0.0166,0,0
-0.0162,0,0
-0.0158,0,0
-0.0154,0,0
-0.015,0,0
-0.0146,0,0
-0.0142,0,0
-0.0138,0.00617164,0.00618265
-0.0134,0,0
-0.013,0,0
-0.0126,0.00628061,0.00629202
-0.0122,0,0
-0.0118,0.000755007,0.00219201
-0.0114,0,0
-0.011,0.00632812,0.00633969
-0.0106,0.00632847,0.00634004
-0.0102,0,0
-0.0098,0,0
-0.0094,0.00618835,0.00619941
-0.009,0,0
-0.0086,0,0
-0.0082,0,0
-0.0078,0,0
-0.0074,0.00614014,0.00615103
-0.007,0,0
-0.0066,0,0
-0.0062,0,0
-0.0058,0.00613817,0.00614905
-0.0054,0.00603665,0.00604717
-0.005,0.0060371,0.00604762
-0.0046,0.00651491,0.00652716
-0.0042,0.00702771,0.00704196
-0.0038,0.0186374,0.0107805
-0.0034,0.0298727,0.0133827
-0.003,0.0482549,0.0170909
-0.0026,0.0620731,0.0201062
-0.0022,0.17942,0.0339827
-0.0018,0.267737,0.0408524
-0.0014,0.519648,0.0575005
-0.001,0.646133,0.0632722
-0.0006,0.735458,0.0696328
-0.0002,0.912939,0.0775547
0.0002,0.804156,0.075639
0.0006,0.600373,0.0640956
0.001,0.40722,0.0502508
0.0014,0.349756,0.0479944
0.0018,0.0835083,0.0232331
0.0022,0.0302358,0.0135483
0.0026,0.0433793,0.0164254
0.003,0.0185914,0.010753
0.0034,0.0260754,0.013067
0.0038,0.0185016,0.0107017
0.0042,0.0121308,0.00859281
0.0046,0.00656616,0.00657859
0.005,0,0
0.0054,0.0246281,0.0123361
0.0058,0.00595186,0.00596208
0.0062,0.00580149,0.0058112
0.0066,0,0
0.007,0,0
0.0074,0,0
0.0078,0,0
0.0082,0,0
0.0086,0,0
0.009,0,0
0.0094,0,0
0.0098,0,0
0.0102,0,0
0.0106,0,0
0.011,0,0
0.0114,0,0
0.0118,0.00613885,0.00614972
0.0122,0,0
0.0126,0.00609828,0.00610902
0.013,0.00636946,0.00638117
0.0134,0,0
0.0138,0,0
0.0142,0,0
0.0146,0,0
0.015,0.00619584,0.00620692
0.0154,0,0
0.0158,0,0
0.0162,0,0
0.0166,0,0
0.017,0,0
0.0174,0,0
0.0178,0,0
0.0182,0,0
0.0186,0,0
0.019,0,0
0.0194,0,0
0.0198,0.00616858,0.00617957
0.0202,0,0
0.0206,0,0
0.021,0,0
0.0214,0,0
0.0218,0,0
0.0222,0,0
0.0226,0,0
0.023,0,0
0.0234,0,0
0.0238,0,0
0.0242,0.00643931,0.00645127
0.0246,0,0
0.025,0,0
0.0254,0,0
0.0258,0,0
0.0262,0,0
0.0266,0,0
0.027,0,0
0.0274,0,0
0.0278,0,0
0.0282,0,0
0.0286,0,0
0.029,0,0
0.0294,0,0
0.0298,0,0
0.0302,0,0
0.0306,0,0
0.031,0,0
0.0314,0,0
0.0318,0,0
0.0322,0,0
0.0326,0,0
0.033,0,0
0.0334,0,0
0.0338,0,0
0.0342,0,0
0.0346,0,0
0.035,0,0
0.0354,0,0
0.0358,0,0
0.0362,0,0
0.0366,0,0
0.037,0,0
0.0374,0,0
0.0378,0,0
0.0382,0,0
0.0386,0,0
0.039,0,0
0.0394,0.00664683,0.00665956
0.0398,0,0
0.0402,0,0
0.0406,0,0
0.041,0.00655399,0.00656637
0.0414,0,0
0.0418,0,0
0.0422,0,0
0.0426,0,0
0.043,0,0
0.0434,0,0
0.0438,0.00645918,0.0064712
0.0442,0,0
0.0446,0,0
0.045,0,0
0.0454,0,0
0.0458,0,0
0.0462,0,0
0.0466,0,0
0.047,0,0
0.0474,0,0
0.0478,0,0
0.0482,0.00640387,0.00641568
0.0486,0,0
0.049,0,0
0.0494,0,0
0.0498,0,0
0.0502,0,0
0.0506,0,0
0.051,0,0
0.0514,0,0
0.0518,0,0
0.0522,0.00624622,0.00625744
0.0526,0,0
0.053,0,0
0.0534,0,0
0.0538,0.00613629,0.00614711
0.0542,0,0
0.0546,0,0
0.055,0,0
0.0554,0,0
0.0558,0,0
0.0562,0,0
0.0566,0,0
0.057,0,0
0.0574,0,0
0.0578,0,0
0.0582,0,0
0.0586,0,0
0.059,0,0
0.0594,0,0
0.0598,0,0
0.0602,0,0
0.0606,0,0
0.061,0,0
0.0614,0.0045072,0.00545728
0.0618,0,0
0.0622,0,0
0.0626,0,0
0.063,0,0
0.0634,0,0
0.0638,0,0
0.0642,0,0
0.0646,0,0
0.065,0,0
0.0654,0,0
0.0658,0,0
0.0662,0,0
0.0666,0,0
0.067,0,0
0.0674,0,0
0.0678,0.00633873,0.00635025
0.0682,0,0
0.0686,0,0
0.069,0,0
0.0694,0,0
0.0698,0,0
0.0702,0,0
0.0706,0,0
0.071,0,0
0.0714,0,0
0.0718,0,0
0.0722,0,0
0.0726,0,0
0.073,0,0
0.0734,0.00689776,0.00691137
0.0738,0,0
0.0742,0,0
0.0746,0,0
0.075,0,0
0.0754,0,0
0.0758,0.00629454,0.00630587
0.0762,0,0
0.0766,0,0
0.077,0,0
0.0774,0.00581657,0.00582623
0.0778,0.00581732,0.00582699
0.0782,0,0
0.0786,0,0
0.079,0.00633234,0.00634379
0.0794,0,0
0.0798,0,0
0.0802,0.00590734,0.0059173
0.0806,0,0
0.081,0,0
0.0814,0.00647887,0.00649084
0.0818,0,0
0.0822,0,0
0.0826,0,0
0.083,0,0
0.0834,0,0
0.0838,0,0
0.0842,0,0
0.0846,0,0
0.085,0.00599894,0.0060092
0.0854,0,0
0.0858,0,0
0.0862,0,0
0.0866,0,0
0.087,0,0
0.0874,0,0
0.0878,0,0
0.0882,0,0
0.0886,0,0
0.089,0,0
0.0894,0,0
0.0898,0,0
0.0902,0.00598834,0.00599854
0.0906,0,0
0.091,0,0
0.0914,0.00660546,0.00661787
0.0918,0,0
0.0922,0,0
0.0926,0.00639285,0.00640446
0.093,0,0
0.0934,0,0
0.0938,0,0
0.0942,0,0
0.0946,0,0
0.095,0,0
0.0954,0,0
0.0958,0,0
0.0962,0,0
0.0966,0.00652904,0.00654113
0.097,0,0
0.0974,0,0
0.0978,0,0
0.0982,0,0
0.0986,0,0
0.099,0,0
0.0994,0.00670433,0.00671706
0.0998,0,0
0.1002,0,0
0.1006,0,0
0.101,0,0
0.1014,0,0
0.1018,0,0
0.1022,0,0
0.1026,0,0
0.103,0.0067897,0.00680274
0.1034,0,0
0.1038,0,0
0.1042,0,0
0.1046,0,0
0.105,0,0
0.1054,0,0
0.1058,0,0
0.1062,0,0
0.1066,0,0
0.107,0,0
0.1074,0,0
0.1078,0,0
0.1082,0,0
0.1086,0,0
0.109,0,0
0.1094,0,0
0.1098,0,0
0.1102,0,0
0.1106,0,0
0.111,0,0
0.1114,0,0
0.1118,0,0
0.1122,0,0
0.1126,0,0
0.113,0,0
0.1134,0,0
0.1138,0,0
0.1142,0.00908442,0.00910763
0.1146,0,0
0.115,0,0
0.1154,0.00607634,0.0073776
0.1158,0,0
0.1162,0.0175588,0.0135732
0.1166,0,0
0.117,0,0
0.1174,0,0
0.1178,0,0
0.1182,0,0
0.1186,0.0108507,0.0108837
0.119,0,0
0.1194,0,0
0.1198,0,0
6
-0.1198,0,0
-0.1194,0,0
-0.119,0,0
-0.1186,0,0
-0.1182,0,0
-0.1178,0,0
-0.1174,0,0
-0.117,0,0
-0.1166,0,0
-0.1162,0,0
-0.1158,0,0
-0.1154,0,0
-0.115,0,0
-0.1146,0,0
-0.1142,0,0
-0.1138,0,0
-0.1134,0,0
-0.113,0,0
-0.1126,0,0
-0.1122,0,0
-0.1118,0,0
-0.1114,0,0
-0.111,0,0
-0.1106,0.00557886,0.00558941
-0.1102,0,0
-0.1098,0,0
-0.1094,0,0
-0.109,0.00448584,0.00505453
-0.1086,0,0
-0.1082,0,0
-0.1078,0,0
-0.1074,0,0
-0.107,0,0
-0.1066,0,0
-0.1062,0,0
-0.1058,0.00558286,0.00559339
-0.1054,0,0
-0.105,0,0
-0.1046,0.00590247,0.00591423
-0.1042,0,0
-0.1038,0,0
-0.1034,0,0
-0.103,0,0
-0.1026,0,0
-0.1022,0,0
-0.1018,0,0
-0.1014,0,0
-0.101,0,0
-0.1006,0,0
-0.1002,0,0
-0.0998,0,0
-0.0994,0,0
-0.099,0,0
-0.0986,0,0
-0.0982,0,0
-0.0978,0,0
-0.0974,0,0
-0.097,0,0
-0.0966,0,0
-0.0962,0,0
-0.0958,0,0
-0.0954,0,0
-0.095,0,0
-0.0946,0,0
-0.0942,0,0
-0.0938,0,0
-0.0934,0,0
-0.093,0,0
-0.0926,0,0
-0.0922,0,0
-0.0918,0,0
-0.0914,0,0
-0.091,0,0
-0.0906,0,0
-0.0902,0,0
-0.0898,0,0
-0.0894,0,0
-0.089,0,0
-0.0886,0,0
-0.0882,0,0
-0.0878,0,0
-0.0874,0.00551193,0.00552207
-0.087,0,0
-0.0866,0,0
-0.0862,0,0
-0.0858,0,0
-0.0854,0,0
-0.085,0.00590252,0.00591418
-0.0846,0,0
-0.0842,0,0
-0.0838,0,0
-0.0834,0,0
-0.083,0,0
-0.0826,0,0
-0.0822,0,0
-0.0818,0,0
-0.0814,0,0
-0.081,0,0
-0.0806,0,0
-0.0802,0,0
-0.0798,0,0
-0.0794,0,0
-0.079,0,0
-0.0786,0,0
-0.0782,0,0
-0.0778,0,0
-0.0774,0,0
-0.077,0,0
-0.0766,0,0
-0.0762,0,0
-0.0758,0,0
-0.0754,0,0
-0.075,0,0
-0.0746,0,0
-0.0742,0,0
-0.0738,0,0
-0.0734,0,0
-0.073,0,0
-0.0726,0,0
-0.0722,0,0
-0.0718,0.00586132,0.00587297
-0.0714,0,0
-0.071,0,0
-0.0706,0,0
-0.0702,0,0
-0.0698,0,0
-0.0694,0.00567191,0.00568285
-0.069,0,0
-0.0686,0,0
-0.0682,0,0
-0.0678,0,0
-0.0674,0,0
-0.067,0,0
-0.0666,0,0
-0.0662,0,0
-0.0658,0,0
-0.0654,0.0057397,0.00575093
-0.065,0,0
-0.0646,0,0
-0.0642,0,0
-0.0638,0,0
-0.0634,0,0
-0.063,0,0
-0.0626,0,0
-0.0622,0,0
-0.0618,0,0
-0.0614,0,0
-0.061,0,0
-0.0606,0,0
-0.0602,0,0
-0.0598,0,0
-0.0594,0,0
-0.059,0,0
-0.0586,0,0
-0.0582,0,0
-0.0578,0,0
-0.0574,0,0
-0.057,0,0
-0.0566,0,0
-0.0562,0,0
-0.0558,0,0
-0.0554,0,0
-0.055,0,0
-0.0546,0.00524542,0.00525489
-0.0542,0,0
-0.0538,0,0
-0.0534,0,0
-0.053,0,0
-0.0526,0,0
-0.0522,0,0
-0.0518,0,0
-0.0514,0,0
-0.051,0,0
-0.0506,0,0
-0.0502,0,0
-0.0498,0,0
-0.0494,0,0
-0.049,0,0
-0.0486,0,0
-0.0482,0.00511288,0.00512192
-0.0478,0,0
-0.0474,0,0
-0.047,0,0
-0.0466,0.00309991,0.00402262
-0.0462,0,0
-0.0458,0,0
-0.0454,0,0
-0.045,0.00524202,0.00525154
-0.0446,0,0
-0.0442,0,0
-0.0438,0,0
-0.0434,0,0
-0.043,0,0
-0.0426,0,0
-0.0422,0,0
-0.0418,0,0
-0.0414,0,0
-0.041,0,0
-0.0406,0,0
-0.0402,0,0
-0.0398,0,0
-0.0394,0,0
-0.039,0.00576352,0.00577507
-0.0386,0,0
-0.0382,0,0
-0.0378,0,0
-0.0374,0,0
-0.037,0.00510772,0.00511681
-0.0366,0,0
-0.0362,0,0
-0.0358,0,0
-0.0354,0,0
-0.035,0,0
-0.0346,0,0
-0.0342,0,0
-0.0338,0,0
-0.0334,0,0
-0.033,0,0
-0.0326,0,0
-0.0322,0,0
-0.0318,0,0
-0.0314,0,0
-0.031,0,0
-0.0306,0.0111034,0.00786659
-0.0302,0,0
-0.0298,0.00533355,0.00534349
-0.0294,0.00507467,0.00508368
-0.029,0,0
-0.0286,0,0
-0.0282,0,0
-0.0278,0,0
-0.0274,0,0
-0.027,0,0
-0.0266,0,0
-0.0262,0,0
-0.0258,0,0
-0.0254,0,0
-0.025,0.00960011,0.00701594
-0.0246,0,0
-0.0242,0,0
-0.0238,0.00522553,0.00523511
-0.0234,0,0
-0.023,0.0056965,0.00570789
-0.0226,0.00520507,0.00521458
-0.0222,0.00572597,0.00573748
-0.0218,0,0
-0.0214,0,0
-0.021,0,0
-0.0206,0,0
-0.0202,0,0
-0.0198,0,0
-0.0194,0,0
-0.019,0,0
-0.0186,0.00445691,0.00476338
-0.0182,0,0
-0.0178,0.00526065,0.00527038
-0.0174,0,0
-0.017,0,0
-0.0166,0,0
-0.0162,0,0
-0.0158,0,0
-0.0154,0,0
-0.015,0.00463498,0.00464255
-0.0146,0,0
-0.0142,0.00531158,0.00532151
-0.0138,0,0
-0.0134,0,0
-0.013,0,0
-0.0126,0,0
-0.0122,0,0
-0.0118,0,0
-0.0114,0,0
-0.011,0.00477697,0.00478501
-0.0106,0,0
-0.0102,0.00493823,0.00494683
-0.0098,0.00506995,0.00507901
-0.0094,0.00495601,0.00496467
-0.009,0.0055727,0.00558365
-0.0086,0,0
-0.0082,0,0
-0.0078,0,0
-0.0074,0,0
-0.007,0.00502416,0.00503307
-0.0066,0.00490706,0.00491556
-0.0062,0.00501953,0.00502842
-0.0058,0.0100379,0.00711042
-0.0054,0,0
-0.005,0,0
-0.0046,0,0
-0.0042,0.00574239,0.00575403
-0.0038,0.00498747,0.00499625
-0.0034,0.0247216,0.0110759
-0.003,0.0147017,0.00850293
-0.0026,0.0260784,0.0116951
-0.0022,0.104837,0.0234928
-0.0018,0.122438,0.0250452
-0.0014,0.232718,0.0347598
-0.001,0.272172,0.037112
-0.0006,0.438833,0.0485742
-0.0002,0.391717,0.0458789
0.0002,0.373693,0.0461338
0.0006,0.281963,0.0387472
0.001,0.308107,0.039544
0.0014,0.177505,0.0309623
0.0018,0.0855028,0.0214297
0.0022,0.0982814,0.0220193
0.0026,0.0252836,0.0113275
0.003,0.0404609,0.0143309
0.0034,0.0216067,0.0108241
0.0038,0.0201745,0.0101059
0.0042,0.00990135,0.00701357
0.0046,0.0107194,0.00759415
0.005,0.00505305,0.00506207
0.0054,0.0150544,0.0087071
0.0058,0.00976745,0.00691864
0.0062,0.00484701,0.0048859
0.0066,0.00473829,0.00474622
0.007,0,0
0.0074,0,0
0.0078,0,0
0.0082,0,0
0.0086,0,0
0.009,0,0
0.0094,0,0
0.0098,0,0
0.0102,0,0
0.0106,0,0
0.011,0,0
0.0114,0.00494502,0.00502803
0.0118,0,0
0.0122,0,0
0.0126,0,0
0.013,0,0
0.0134,0,0
0.0138,0.00505299,0.00506197
0.0142,0,0
0.0146,0,0
0.015,0,0
0.0154,0.0101084,0.00716044
0.0158,0,0
0.0162,0,0
0.0166,0,0
0.017,0,0
0.0174,0.00506521,0.00507419
0.0178,0,0
0.0182,0.0055443,0.00555505
0.0186,0,0
0.019,0,0
0.0194,0.00509798,0.00510706
0.0198,0,0
0.0202,0.00497379,0.00517139
0.0206,0,0
0.021,0,0
0.0214,0,0
0.0218,0,0
0.0222,0.00556757,0.00557834
0.0226,0,0
0.023,0,0
0.0234,0,0
0.0238,0,0
0.0242,0,0
0.0246,0,0
0.025,0,0
0.0254,0,0
0.0258,0,0
0.0262,0,0
0.0266,0,0
0.027,0,0
0.0274,0,0
0.0278,0,0
0.0282,0,0
0.0286,0,0
0.029,0,0
0.0294,0,0
0.0298,0.00533979,0.00534957
0.0302,0,0
0.0306,0,0
0.031,0,0
0.0314,0,0
0.0318,0,0
0.0322,0,0
0.0326,0.00500564,0.00501419
0.033,0,0
0.0334,0,0
0.0338,0,0
0.0342,0,0
0.0346,0,0
0.035,0,0
0.0354,0,0
0.0358,0,0
0.0362,0,0
0.0366,0,0
0.037,0,0
0.0374,0,0
0.0378,0,0
0.0382,0,0
0.0386,0,0
0.039,0,0
0.0394,0,0
0.0398,0,0
0.0402,0,0
0.0406,0,0
0.041,0,0
0.0414,0.00541311,0.00542297
0.0418,0,0
0.0422,0,0
0.0426,0,0
0.043,0,0
0.0434,0,0
0.0438,0,0
0.0442,0,0
0.0446,0,0
0.045,0,0
0.0454,0,0
0.0458,0,0
0.0462,0,0
0.0466,0,0
0.047,0,0
0.0474,0,0
0.0478,0,0
0.0482,0,0
0.0486,0,0
0.049,0,0
0.0494,0,0
0.0498,0,0
0.0502,0,0
0.0506,0,0
0.051,0,0
0.0514,0,0
0.0518,0,0
0.0522,0,0
0.0526,0,0
0.053,0,0
0.0534,0,0
0.0538,0,0
0.0542,0,0
0.0546,0,0
0.055,0,0
0.0554,0,0
0.0558,0,0
0.0562,0,0
0.0566,0,0
0.057,0,0
0.0574,0,0
0.0578,0.00522176,0.0052307
0.0582,0,0
0.0586,0.00544784,0.00545756
0.059,0,0
0.0594,0,0
0.0598,0,0
0.0602,0.00530234,0.00531153
0.0606,0,0
0.061,0,0
0.0614,0,0
0.0618,0,0
0.0622,0,0
0.0626,0,0
0.063,0,0
0.0634,0,0
0.0638,0,0
0.0642,0,0
0.0646,0,0
0.065,0,0
0.0654,0,0
0.0658,0,0
0.0662,0,0
0.0666,0,0
0.067,0,0
0.0674,0,0
0.0678,0,0
0.0682,0,0
0.0686,0,0
0.069,0,0
0.0694,0,0
0.0698,0,0
0.0702,0,0
0.0706,0,0
0.071,0,0
0.0714,0,0
0.0718,0,0
0.0722,0,0
0.0726,0,0
0.073,0,0
0.0734,0,0
0.0738,0,0
0.0742,0,0
0.0746,0,0
0.075,0,0
0.0754,0,0
0.0758,0,0
0.0762,0,0
0.0766,0.00513368,0.00514208
0.077,0,0
0.0774,0,0
0.0778,0,0
0.0782,0,0
0.0786,0,0
0.079,0,0
0.0794,0,0
0.0798,0,0
0.0802,0,0
0.0806,0,0
0.081,0,0
0.0814,0,0
0.0818,0,0
0.0822,0,0
0.0826,0,0
0.083,0,0
0.0834,0,0
0.0838,0,0
0.0842,0,0
0.0846,0,0
0.085,0,0
0.0854,0,0
0.0858,0,0
0.0862,0,0
0.0866,0,0
0.087,0,0
0.0874,0,0
0.0878,0,0
0.0882,0,0
0.0886,0,0
0.089,0,0
0.0894,0,0
0.0898,0,0
0.0902,0,0
0.0906,0,0
0.091,0,0
0.0914,0,0
0.0918,0,0
0.0922,0,0
0.0926,0,0
0.093,0,0
0.0934,0,0
0.0938,0,0
0.0942,0,0
0.0946,0,0
0.095,0.006324,0.00633641
0.0954,0,0
0.0958,0,0
0.0962,0.00103185,0.00249854
0.0966,0,0
0.097,0,0
0.0974,0,0
0.0978,0,0
0.0982,0,0
0.0986,0,0
0.099,0,0
0.0994,0.000878833,0.0024818
0.0998,0.00678528,0.00679948
0.1002,0.00678844,0.00680265
0.1006,0,0
0.101,0,0
0.1014,0,0
0.1018,0,0
0.1022,0,0
0.1026,0,0
0.103,0,0
0.1034,0,0
0.1038,0,0
0.1042,0,0
0.1046,0,0
0.105,0,0
0.1054,0,0
0.1058,0,0
0.1062,0,0
0.1066,0,0
0.107,0,0
0.1074,0.00727595,0.00729217
0.1078,0,0
0.1082,0,0
0.1086,0,0
0.109,0,0
0.1094,0,0
0.1098,0,0
0.1102,0,0
0.1106,0,0
0.111,0,0
0.1114,0,0
0.1118,0,0
0.1122,0,0
0.1126,0,0
0.113,0,0
0.1134,0,0
0.1138,0,0
0.1142,0.00833545,0.00835673
0.1146,0,0
0.115,0,0
0.1154,0,0
0.1158,0,0
0.1162,0.00289699,0.0051751
0.1166,0,0
0.117,0,0
0.1174,0,0
0.1178,0,0
0.1182,0,0
0.1186,0,0
0.119,0,0
0.1194,0,0
0.1198,0,0
7
-0.1198,0,0
-0.1194,0,0
-0.119,0,0
-0.1186,0,0
-0.1182,0,0
-0.1178,0,0
-0.1174,0,0
-0.117,0,0
-0.1166,0,0
-0.1162,0.00526914,0.00527876
-0.1158,0,0
-0.1154,0,0
-0.115,0.00523166,0.00524115
-0.1146,0,0
-0.1142,0,0
-0.1138,0,0
-0.1134,0,0
-0.113,0,0
-0.1126,0,0
-0.1122,0,0
-0.1118,0,0
-0.1114,0,0
-0.111,0,0
-0.1106,0,0
-0.1102,0,0
-0.1098,0,0
-0.1094,0,0
-0.109,0,0
-0.1086,0,0
-0.1082,0,0
-0.1078,0,0
-0.1074,0,0
-0.107,0,0
-0.1066,0,0
-0.1062,0,0
-0.1058,0,0
-0.1054,0,0
-0.105,0,0
-0.1046,0,0
-0.1042,0,0
-0.1038,0,0
-0.1034,0,0
-0.103,0,0
-0.1026,0,0
-0.1022,0,0
-0.1018,0,0
-0.1014,0,0
-0.101,0,0
-0.1006,0,0
-0.1002,0,0
-0.0998,0,0
-0.0994,0,0
-0.099,0,0
-0.0986,0,0
-0.0982,0,0
-0.0978,0,0
-0.0974,0,0
-0.097,0,0
-0.0966,0.00535324,0.00536333
-0.0962,0,0
-0.0958,0,0
-0.0954,0,0
-0.095,0,0
-0.0946,0,0
-0.0942,0,0
-0.0938,0,0
-0.0934,0,0
-0.093,0,0
-0.0926,0,0
-0.0922,0,0
-0.0918,0,0
-0.0914,0,0
-0.091,0,0
-0.0906,0.00507713,0.00508627
-0.0902,0,0
-0.0898,0,0
-0.0894,0,0
-0.089,0,0
-0.0886,0,0
-0.0882,0,0
-0.0878,0,0
-0.0874,0,0
-0.087,0,0
-0.0866,0,0
-0.0862,0,0
-0.0858,0,0
-0.0854,0,0
-0.085,0,0
-0.0846,0,0
-0.0842,0,0
-0.0838,0,0
-0.0834,0,0
-0.083,0,0
-0.0826,0,0
-0.0822,0,0
-0.0818,0.00593713,0.0059496
-0.0814,0,0
-0.081,0,0
-0.0806,0,0
-0.0802,0.00523833,0.00524803
-0.0798,0,0
-0.0794,0,0
-0.079,0,0
-0.0786,0,0
-0.0782,0.00510419,0.00511339
-0.0778,0.00546793,0.00547848
-0.0774,0,0
-0.077,0,0
-0.0766,0,0
-0.0762,0.00557319,0.00558414
-0.0758,0,0
-0.0754,0.0054061,0.00541641
-0.075,0,0
-0.0746,0,0
-0.0742,0,0
-0.0738,0,0
-0.0734,0,0
-0.073,0,0
-0.0726,0,0
-0.0722,0,0
-0.0718,0,0
-0.0714,0.00543678,0.00544716
-0.071,0,0
-0.0706,0,0
-0.0702,0,0
-0.0698,0,0
-0.0694,0,0
-0.069,0,0
-0.0686,0,0
-0.0682,0,0
-0.0678,0,0
-0.0674,0,0
-0.067,0,0
-0.0666,0.00517568,0.00518504
-0.0662,0,0
-0.0658,0,0
-0.0654,0,0
-0.065,0,0
-0.0646,0,0
-0.0642,0,0
-0.0638,0,0
-0.0634,0,0
-0.063,0,0
-0.0626,0,0
-0.0622,0.00577382,0.00578542
-0.0618,0,0
-0.0614,0,0
-0.061,0,0
-0.0606,0,0
-0.0602,0,0
-0.0598,0,0
-0.0594,0,0
-0.059,0,0
-0.0586,0,0
-0.0582,0,0
-0.0578,0,0
-0.0574,0,0
-0.057,0,0
-0.0566,0,0
-0.0562,0,0
-0.0558,0,0
-0.0554,0,0
-0.055,0,0
-0.0546,0,0
-0.0542,0,0
-0.0538,0,0
-0.0534,0.00537903,0.00538899
-0.053,0,0
-0.0526,0,0
-0.0522,0,0
-0.0518,0,0
-0.0514,0,0
-0.051,0,0
-0.0506,0,0
-0.0502,0,0
-0.0498,0,0
-0.0494,0,0
-0.049,0,0
-0.0486,0,0
-0.0482,0.00517199,0.00518114
-0.0478,0,0
-0.0474,0,0
-0.047,0,0
-0.0466,0.00527981,0.00528931
-0.0462,0,0
-0.0458,0,0
-0.0454,0,0
-0.045,0.00533994,0.00534964
-0.0446,0,0
-0.0442,0,0
-0.0438,0.0052012,0.00521039
-0.0434,0,0
-0.043,0,0
-0.0426,0,0
-0.0422,0.00541498,0.00542491
-0.0418,0,0
-0.0414,0,0
-0.041,0,0
-0.0406,0,0
-0.0402,0,0
-0.0398,0,0
-0.0394,0,0
-0.039,0,0
-0.0386,0,0
-0.0382,0,0
-0.0378,0,0
-0.0374,0,0
-0.037,0,0
-0.0366,0,0
-0.0362,0,0
-0.0358,0,0
-0.0354,0,0
-0.035,0.00345808,0.00441482
-0.0346,0,0
-0.0342,0,0
-0.0338,0,0
-0.0334,0,0
-0.033,0,0
-0.0326,0,0
-0.0322,0,0
-0.0318,0,0
-0.0314,0,0
-0.031,0,0
-0.0306,0,0
-0.0302,0,0
-0.0298,0,0
-0.0294,0,0
-0.029,0,0
-0.0286,0,0
-0.0282,0,0
-0.0278,0,0
-0.0274,0.00543906,0.00544882
-0.027,0,0
-0.0266,0,0
-0.0262,0,0
-0.0258,0,0
-0.0254,0,0
-0.025,0,0
-0.0246,0,0
-0.0242,0,0
-0.0238,0,0
-0.0234,0.00559955,0.00560982
-0.023,0,0
-0.0226,0,0
-0.0222,0,0
-0.0218,0,0
-0.0214,0,0
-0.021,0,0
-0.0206,0,0
-0.0202,0,0
-0.0198,0,0
-0.0194,0.00588109,0.00589232
-0.019,0,0
-0.0186,0.00548207,0.00549181
-0.0182,0,0
-0.0178,0,0
-0.0174,0,0
-0.017,0,0
-0.0166,0.00625303,0.00626565
-0.0162,0,0
-0.0158,0,0
-0.0154,0,0
-0.015,0.00549383,0.00550354
-0.0146,0,0
-0.0142,0,0
-0.0138,0,0
-0.0134,0,0
-0.013,0,0
-0.0126,0,0
-0.0122,0,0
-0.0118,0.0057332,0.00574371
-0.0114,0.00527092,0.0052798
-0.011,0.00572859,0.00573907
-0.0106,0,0
-0.0102,0,0
-0.0098,0.00546559,0.00547511
-0.0094,0,0
-0.009,0.0109884,0.00778355
-0.0086,0,0
-0.0082,0.0174385,0.0100867
-0.0078,0,0
-0.0074,0.0055396,0.00554934
-0.007,0,0
-0.0066,0,0
-0.0062,0.0102313,0.00724637
-0.0058,0.00536264,0.00537174
-0.0054,0,0
-0.005,0,0
-0.0046,0.0059529,0.00596409
-0.0042,0.00642543,0.00643846
-0.0038,0.0174275,0.00992584
-0.0034,0.0166452,0.00962747
-0.003,0.0290646,0.0126832
-0.0026,0.0781526,0.0216025
-0.0022,0.0956435,0.0236599
-0.0018,0.104461,0.0243813
-0.0014,0.251144,0.0383007
-0.001,0.336229,0.0436829
-0.0006,0.432416,0.0512401
-0.0002,0.63842,0.0622982
0.0002,0.669911,0.0658955
0.0006,0.664238,0.0638003
0.001,0.480027,0.0523856
0.0014,0.448509,0.0522372
0.0018,0.26773,0.0402613
0.0022,0.144772,0.0284486
0.0026,0.095439,0.0234121
0.003,0.0353306,0.0142491
0.0034,0.036325,0.0148621
0.0038,0.0115034,0.00814876
0.0042,0.00561379,0.00562361
0.0046,0.0298128,0.0133615
0.005,0.0060833,0.00609482
0.0054,0.0113949,0.00807168
0.0058,0.0442673,0.0156782
0.0062,0.00545232,0.00542784
0.0066,0.0280635,0.0125793
0.007,0.0174546,0.0100959
0.0074,0.0115196,0.00816018
0.0078,0.00555962,0.00556921
0.0082,0.00558335,0.00559302
0.0086,0.0118434,0.00839432
0.009,0.00599089,0.00600202
0.0094,0,0
0.0098,0,0
0.0102,0,0
0.0106,0,0
0.011,0.00543636,0.00544551
0.0114,0.00581524,0.00574204
0.0118,0,0
0.0122,0,0
0.0126,0,0
0.013,0.00594242,0.00595334
0.0134,0,0
0.0138,0,0
0.0142,0,0
0.0146,0,0
0.015,0,0
0.0154,0,0
0.0158,0,0
0.0162,0,0
0.0166,0.00583844,0.00584898
0.017,0.000258622,0.00122055
0.0174,0,0
0.0178,0,0
0.0182,0,0
0.0186,0,0
0.019,0,0
0.0194,0,0
0.0198,0,0
0.0202,0.00646206,0.00625439
0.0206,0,0
0.021,0,0
0.0214,0,0
0.0218,0,0
0.0222,0,0
0.0226,0,0
0.023,0,0
0.0234,0,0
0.0238,0,0
0.0242,0,0
0.0246,0.00610692,0.00611851
0.025,0,0
0.0254,0.00609085,0.00610239
0.0258,0,0
0.0262,0,0
0.0266,0,0
0.027,0,0
0.0274,0,0
0.0278,0.0058893,0.0059001
0.0282,0,0
0.0286,0,0
0.029,0,0
0.0294,0,0
0.0298,0,0
0.0302,0,0
0.0306,0,0
0.031,0,0
0.0314,0,0
0.0318,0,0
0.0322,0,0
0.0326,0.00517483,0.0051832
0.033,0,0
0.0334,0,0
0.0338,0,0
0.0342,0,0
0.0346,0,0
0.035,0.005455,0.00546433
0.0354,0,0
0.0358,0,0
0.0362,0,0
0.0366,0,0
0.037,0,0
0.0374,0,0
0.0378,0,0
0.0382,0,0
0.0386,0,0
0.039,0.00608642,0.00609808
0.0394,0,0
0.0398,0,0
0.0402,0.0058607,0.00587152
0.0406,0,0
0.041,0,0
0.0414,0,0
0.0418,0,0
0.0422,0,0
0.0426,0.00550832,0.0055179
0.043,0.00574989,0.00576034
0.0434,0,0
0.0438,0,0
0.0442,0,0
0.0446,0,0
0.045,0,0
0.0454,0.00572232,0.00573269
0.0458,0,0
0.0462,0,0
0.0466,0,0
0.047,0,0
0.0474,0,0
0.0478,0,0
0.0482,0,0
0.0486,0,0
0.049,0,0
0.0494,0,0
0.0498,0,0
0.0502,0,0
0.0506,0,0
0.051,0,0
0.0514,0,0
0.0518,0,0
0.0522,0,0
0.0526,0,0
0.053,0,0
0.0534,0,0
0.0538,0,0
0.0542,0,0
0.0546,0,0
0.055,0.00536778,0.00537701
0.0554,0,0
0.0558,0,0
0.0562,0,0
0.0566,0,0
0.057,0,0
0.0574,0,0
0.0578,0,0
0.0582,0.0108229,0.00766862
0.0586,0,0
0.059,0,0
0.0594,0,0
0.0598,0,0
0.0602,0,0
0.0606,0,0
0.061,0,0
0.0614,0,0
0.0618,0,0
0.0622,0,0
0.0626,0.00566486,0.00567524
0.063,0.0057337,0.00574434
0.0634,0,0
0.0638,0,0
0.0642,0,0
0.0646,0,0
0.065,0,0
0.0654,0,0
0.0658,0,0
0.0662,0,0
0.0666,0,0
0.067,0,0
0.0674,0,0
0.0678,0.00557306,0.00558319
0.0682,0,0
0.0686,0,0
0.069,0.00523237,0.00524131
0.0694,0,0
0.0698,0,0
0.0702,0,0
0.0706,0,0
0.071,0,0
0.0714,0.00507312,0.00515419
0.0718,0,0
0.0722,0.00556446,0.00557461
0.0726,0,0
0.073,0,0
0.0734,0,0
0.0738,0,0
0.0742,0,0
0.0746,0,0
0.075,0,0
0.0754,0,0
0.0758,0,0
0.0762,0,0
0.0766,0,0
0.077,0,0
0.0774,0,0
0.0778,0.00504543,0.00505382
0.0782,0,0
0.0786,0,0
0.079,0,0
0.0794,0,0
0.0798,0,0
0.0802,0,0
0.0806,0,0
0.081,0,0
0.0814,0,0
0.0818,0,0
0.0822,0,0
0.0826,0,0
0.083,0,0
0.0834,0,0
0.0838,0,0
0.0842,0,0
0.0846,0,0
0.085,0,0
0.0854,0,0
0.0858,0,0
0.0862,0,0
0.0866,0,0
0.087,0.00552061,0.0055307
0.0874,0,0
0.0878,0,0
0.0882,0,0
0.0886,0,0
0.089,0,0
0.0894,0,0
0.0898,0,0
0.0902,0,0
0.0906,0,0
0.091,0.00569995,0.00571073
0.0914,0,0
0.0918,0,0
0.0922,0,0
0.0926,0.00553961,0.00554979
0.093,0,0
0.0934,0,0
0.0938,0,0
0.0942,0,0
0.0946,0,0
0.095,0,0
0.0954,0,0
0.0958,0.00369795,0.00456932
0.0962,0.00466153,0.00512993
0.0966,0,0
0.097,0,0
0.0974,0,0
0.0978,0.0057724,0.00578347
0.0982,0,0
0.0986,0,0
0.099,0,0
0.0994,0.00566547,0.00607292
0.0998,0,0
0.1002,0,0
0.1006,0,0
0.101,0,0
0.1014,0,0
0.1018,0,0
0.1022,0,0
0.1026,0,0
0.103,0.0063485,0.00636188
0.1034,0,0
0.1038,0,0
0.1042,0,0
0.1046,0,0
0.105,0,0
0.1054,0,0
0.1058,0,0
0.1062,0.00718827,0.0072054
0.1066,0,0
0.107,0.00672662,0.00674161
0.1074,0.00714579,0.00716271
0.1078,0,0
0.1082,0,0
0.1086,0,0
0.109,0,0
0.1094,0,0
0.1098,0,0
0.1102,0,0
0.1106,0,0
0.111,0.00448001,0.00562229
0.1114,0.00770414,0.00772374
0.1118,0,0
0.1122,0,0
0.1126,0,0
0.113,0,0
0.1134,0,0
0.1138,0,0
0.1142,0,0
0.1146,0,0
0.115,0,0
0.1154,0,0
0.1158,0,0
0.1162,0,0
0.1166,0,0
0.117,0.00800158,0.00802253
0.1174,0,0
0.1178,0,0
0.1182,0,0
0.1186,0,0
0.119,0,0
0.1194,0,0
0.1198,0,0
8
-0.1198,0,0
-0.1194,0,0
-0.119,0,0
-0.1186,0,0
-0.1182,0,0
-0.1178,0.00393227,0.00393964
-0.1174,0,0
-0.117,0,0
-0.1166,0,0
-0.1162,0,0
-0.1158,0,0
-0.1154,0,0
-0.115,0.00379469,0.00380153
-0.1146,0,0
-0.1142,0.00419106,0.00419939
-0.1138,0,0
-0.1134,0,0
-0.113,0,0
-0.1126,0,0
-0.1122,0,0
-0.1118,0,0
-0.1114,0,0
-0.111,0,0
-0.1106,0,0
-0.1102,0,0
-0.1098,0,0
-0.1094,0,0
-0.109,0,0
-0.1086,0,0
-0.1082,0,0
-0.1078,0.0044054,0.00441454
-0.1074,0,0
-0.107,0,0
-0.1066,0,0
-0.1062,0.00328811,0.00366917
-0.1058,0,0
-0.1054,0,0
-0.105,0,0
-0.1046,0,0
-0.1042,0,0
-0.1038,0,0
-0.1034,0,0
-0.103,0,0
-0.1026,0,0
-0.1022,0,0
-0.1018,0,0
-0.1014,0,0
-0.101,0,0
-0.1006,0,0
-0.1002,0,0
-0.0998,0,0
-0.0994,0,0
-0.099,0,0
-0.0986,0,0
-0.0982,0,0
-0.0978,0,0
-0.0974,0,0
-0.097,0,0
-0.0966,0,0
-0.0962,0,0
-0.0958,0,0
-0.0954,0,0
-0.095,0,0
-0.0946,0.00423524,0.00424353
-0.0942,0,0
-0.0938,0,0
-0.0934,0,0
-0.093,0,0
-0.0926,0,0
-0.0922,0,0
-0.0918,0,0
-0.0914,0,0
-0.091,0,0
-0.0906,0,0
-0.0902,0,0
-0.0898,0,0
-0.0894,0,0
-0.089,0,0
-0.0886,0,0
-0.0882,0,0
-0.0878,0,0
-0.0874,0,0
-0.087,0,0
-0.0866,0,0
-0.0862,0,0
-0.0858,0,0
-0.0854,0.00197314,0.00281344
-0.085,0,0
-0.0846,0,0
-0.0842,0,0
-0.0838,0,0
-0.0834,0,0
-0.083,0,0
-0.0826,0,0
-0.0822,0.00404737,0.00405482
-0.0818,0,0
-0.0814,0.00406362,0.00407113
-0.081,0,0
-0.0806,0,0
-0.0802,0,0
-0.0798,0,0
-0.0794,0,0
-0.079,0,0
-0.0786,0,0
-0.0782,0,0
-0.0778,0,0
-0.0774,0,0
-0.077,0,0
-0.0766,0,0
-0.0762,0,0
-0.0758,0,0
-0.0754,0.00810424,0.00574589
-0.075,0.00441396,0.00442276
-0.0746,0,0
-0.0742,0,0
-0.0738,0,0
-0.0734,0,0
-0.073,0,0
-0.0726,0,0
-0.0722,0,0
-0.0718,0,0
-0.0714,0,0
-0.071,0,0
-0.0706,0,0
-0.0702,0,0
-0.0698,0,0
-0.0694,0,0
-0.069,0,0
-0.0686,0,0
-0.0682,0.00411699,0.00412461
-0.0678,0,0
-0.0674,0,0
-0.067,0,0
-0.0666,0,0
-0.0662,0.0040299,0.00403719
-0.0658,0,0
-0.0654,0,0
-0.065,0,0
-0.0646,0.00413242,0.00414008
-0.0642,0,0
-0.0638,0,0
-0.0634,0,0
-0.063,0,0
-0.0626,0,0
-0.0622,0.0044822,0.0044912
-0.0618,0.00415806,0.0041658
-0.0614,0.0041127,0.00412028
-0.061,0,0
-0.0606,0,0
-0.0602,0.0039272,0.00393411
-0.0598,0,0
-0.0594,0,0
-0.059,0,0
-0.0586,0,0
-0.0582,0,0
-0.0578,0,0
-0.0574,0,0
-0.057,0,0
-0.0566,0,0
-0.0562,0,0
-0.0558,0,0
-0.0554,0,0
-0.055,0,0
-0.0546,0,0
-0.0542,0,0
-0.0538,0,0
-0.0534,0,0
-0.053,0,0
-0.0526,0,0
-0.0522,0,0
-0.0518,0,0
-0.0514,0,0
-0.051,0,0
-0.0506,0.00433134,0.00433974
-0.0502,0.00813331,0.0057616
-0.0498,0,0
-0.0494,0,0
-0.049,0,0
-0.0486,0,0
-0.0482,0,0
-0.0478,0.00400108,0.00400824
-0.0474,0,0
-0.047,0,0
-0.0466,0,0
-0.0462,0,0
-0.0458,0,0
-0.0454,0,0
-0.045,0,0
-0.0446,0,0
-0.0442,0.00432809,0.00433647
-0.0438,0,0
-0.0434,0,0
-0.043,0,0
-0.0426,0.00394008,0.00394702
-0.0422,0,0
-0.0418,0,0
-0.0414,0,0
-0.041,0,0
-0.0406,0,0
-0.0402,0,0
-0.0398,0,0
-0.0394,0.00448641,0.0044954
-0.039,0,0
-0.0386,0,0
-0.0382,0.00386178,0.00386845
-0.0378,0.00427967,0.00428785
-0.0374,0,0
-0.037,0,0
-0.0366,0,0
-0.0362,0,0
-0.0358,0,0
-0.0354,0,0
-0.035,0.00161669,0.0026133
-0.0346,0,0
-0.0342,0,0
-0.0338,0.00413513,0.00414276
-0.0334,0,0
-0.033,0,0
-0.0326,0,0
-0.0322,0,0
-0.0318,0,0
-0.0314,0,0
-0.031,0.00436306,0.00437154
-0.0306,0.00434137,0.00434977
-0.0302,0,0
-0.0298,0,0
-0.0294,0,0
-0.029,0.00402803,0.00403526
-0.0286,0,0
-0.0282,0,0
-0.0278,0,0
-0.0274,0,0
-0.027,0,0
-0.0266,0.00490898,0.00453633
-0.0262,0,0
-0.0258,0,0
-0.0254,0.00401999,0.00402718
-0.025,0,0
-0.0246,0.00380031,0.00380674
-0.0242,0,0
-0.0238,0.00411775,0.00412529
-0.0234,0.00449092,0.00449989
-0.023,0,0
-0.0226,0.00410485,0.00411235
-0.0222,0,0
-0.0218,0,0
-0.0214,0,0
-0.021,0.00416383,0.00417154
-0.0206,0,0
-0.0202,0.00385026,0.00385685
-0.0198,0,0
-0.0194,0,0
-0.019,0.00402855,0.00403576
-0.0186,0.00399746,0.00400456
-0.0182,0.00129973,0.00228354
-0.0178,0,0
-0.0174,0,0
-0.017,0.00444437,0.00445315
-0.0166,0,0
-0.0162,0,0
-0.0158,0,0
-0.0154,0.00779241,0.00552859
-0.015,0.00367513,0.00368112
-0.0146,0.0081139,0.00574875
-0.0142,0,0
-0.0138,0,0
-0.0134,0,0
-0.013,0,0
-0.0126,0,0
-0.0122,0.00829311,0.0058749
-0.0118,0.00413554,0.00414311
-0.0114,0,0
-0.011,0,0
-0.0106,0,0
-0.0102,0.00452257,0.00453162
-0.0098,0.00393398,0.00394083
-0.0094,0,0
-0.009,0.00888802,0.00629714
-0.0086,0.00415842,0.00416607
-0.0082,0,0
-0.0078,0,0
-0.0074,0,0
-0.007,0.00793686,0.00562244
-0.0066,0,0
-0.0062,0.00734026,0.00519876
-0.0058,0,0
-0.0054,0,0
-0.005,0.00797214,0.00564707
-0.0046,0.0158546,0.00818642
-0.0042,0.0184067,0.00922205
-0.0038,0.0157213,0.00796952
-0.0034,0.0461966,0.0134947
-0.003,0.0576487,0.0151178
-0.0026,0.0815437,0.0188208
-0.0022,0.159119,0.0258045
-0.0018,0.220614,0.0299289
-0.0014,0.327788,0.0369807
-0.001,0.519388,0.0458823
-0.0006,0.769431,0.0577026
-0.0002,0.846025,0.0605838
0.0002,0.753571,0.0593272
0.0006,0.676254,0.0546637
0.001,0.375997,0.0391835
0.0014,0.362631,0.0396574
0.0018,0.252232,0.0328369
0.0022,0.0991333,0.0198658
0.0026,0.131304,0.0231644
0.003,0.0800821,0.0180918
0.0034,0.0516527,0.0149436
0.0038,0.0121636,0.00703562
0.0042,0.0122064,0.00706065
0.0046,0.0180486,0.00868062
0.005,0.0086395,0.00612063
0.0054,0.0202233,0.00906023
0.0058,0.00787362,0.00557717
0.0062,0.0347436,0.0117002
0.0066,0.00764047,0.00541168
0.007,0.023126,0.00979269
0.0074,0.0115573,0.00687791
0.0078,0.015767,0.00789716
0.0082,0.00406116,0.00406837
0.0086,0.0103452,0.00658419
0.009,0.00857921,0.00607812
0.0094,0.00420736,0.0042151
0.0098,0,0
0.0102,0.00852844,0.00604177
0.0106,0.00385028,0.00385676
0.011,0.00410757,0.00411494
0.0114,0.00399914,0.00400613
0.0118,0,0
0.0122,0,0
0.0126,0,0
0.013,0,0
0.0134,0,0
0.0138,0.00407272,0.00407996
0.0142,0.00421645,0.00422421
0.0146,0,0
0.015,0,0
0.0154,0.00410022,0.00410754
0.0158,0,0
0.0162,0.00194559,0.00284358
0.0166,0,0
0.017,0.00388972,0.00398749
0.0174,0,0
0.0178,0,0
0.0182,0,0
0.0186,0,0
0.019,0,0
0.0194,0,0
0.0198,0,0
0.0202,0,0
0.0206,0.0040221,0.00402913
0.021,0,0
0.0214,0,0
0.0218,0,0
0.0222,0,0
0.0226,0,0
0.023,0.00408203,0.00408926
0.0234,0,0
0.0238,0,0
0.0242,0,0
0.0246,0,0
0.025,0,0
0.0254,0,0
0.0258,0,0
0.0262,0,0
0.0266,0,0
0.027,0,0
0.0274,0,0
0.0278,0,0
0.0282,0,0
0.0286,0,0
0.029,0,0
0.0294,0,0
0.0298,0,0
0.0302,0,0
0.0306,0,0
0.031,0,0
0.0314,0,0
0.0318,0,0
0.0322,0,0
0.0326,0,0
0.033,0,0
0.0334,0,0
0.0338,0,0
0.0342,0,0
0.0346,0,0
0.035,0,0
0.0354,0.00452514,0.00453397
0.0358,0,0
0.0362,0,0
0.0366,0.00443085,0.00443931
0.037,0,0
0.0374,0.00482105,0.00483106
0.0378,0,0
0.0382,0,0
0.0386,0.00426102,0.00426885
0.039,0.00444483,0.00445334
0.0394,0,0
0.0398,0,0
0.0402,0.00428808,0.00429599
0.0406,0,0
0.041,0,0
0.0414,0.00441395,0.00442233
0.0418,0,0
0.0422,0,0
0.0426,0,0
0.043,0,0
0.0434,0,0
0.0438,0.00424401,0.00425175
0.0442,0,0
0.0446,0,0
0.045,0,0
0.0454,0,0
0.0458,0,0
0.0462,0,0
0.0466,0,0
0.047,0,0
0.0474,0,0
0.0478,0,0
0.0482,0,0
0.0486,0.00429825,0.00430617
0.049,0,0
0.0494,0,0
0.0498,0,0
0.0502,0,0
0.0506,0,0
0.051,0,0
0.0514,0.0041428,0.00415014
0.0518,0,0
0.0522,0.0042019,0.00420945
0.0526,0,0
0.053,0.00406328,0.00407033
0.0534,0,0
0.0538,0.00445757,0.00446605
0.0542,0.00417731,0.00418545
0.0546,0,0
0.055,0,0
0.0554,0,0
0.0558,0,0
0.0562,0,0
0.0566,0,0
0.057,0,0
0.0574,0.00180679,0.00278958
0.0578,0,0
0.0582,0,0
0.0586,0,0
0.059,0,0
0.0594,0,0
0.0598,0,0
0.0602,0,0
0.0606,0,0
0.061,0,0
0.0614,0,0
0.0618,0,0
0.0622,0,0
0.0626,0,0
0.063,0,0
0.0634,0,0
0.0638,0,0
0.0642,0,0
0.0646,0,0
0.065,0,0
0.0654,0,0
0.0658,0,0
0.0662,0,0
0.0666,0,0
0.067,0,0
0.0674,0,0
0.0678,0,0
0.0682,0,0
0.0686,0,0
0.069,0,0
0.0694,0,0
0.0698,0,0
0.0702,0,0
0.0706,0,0
0.071,0,0
0.0714,0.000114304,0.00068552
0.0718,0,0
0.0722,0,0
0.0726,0.00406647,0.00407335
0.073,0.00406875,0.00407563
0.0734,0,0
0.0738,0,0
0.0742,0,0
0.0746,0,0
0.075,0,0
0.0754,0,0
0.0758,0,0
0.0762,0,0
0.0766,0,0
0.077,0.00440474,0.00441277
0.0774,0,0
0.0778,0,0
0.0782,0,0
0.0786,0,0
0.079,0,0
0.0794,0,0
0.0798,0,0
0.0802,0,0
0.0806,0,0
0.081,0,0
0.0814,0,0
0.0818,0,0
0.0822,0.00176037,0.00284772
0.0826,0,0
0.083,0,0
0.0834,0,0
0.0838,0,0
0.0842,0,0
0.0846,0,0
0.085,0.00416833,0.00417545
0.0854,0,0
0.0858,0,0
0.0862,0,0
0.0866,0.00411362,0.00412054
0.087,0,0
0.0874,0,0
0.0878,0,0
0.0882,0,0
0.0886,0,0
0.089,0.00412223,0.00412916
0.0894,0,0
0.0898,0,0
0.0902,0,0
0.0906,0,0
0.091,0,0
0.0914,0.00463153,0.00464026
0.0918,0.00461309,0.00462174
0.0922,0,0
0.0926,0,0
0.093,0,0
0.0934,0,0
0.0938,0,0
0.0942,0,0
0.0946,0,0
0.095,0.00484028,0.00484978
0.0954,0,0
0.0958,0.00618819,0.00535061
0.0962,0,0
0.0966,0.00490523,0.00491497
0.097,0,0
0.0974,0,0
0.0978,0,0
0.0982,0,0
0.0986,0,0
0.099,0,0
0.0994,0,0
0.0998,0,0
0.1002,0,0
0.1006,0,0
0.101,0,0
0.1014,0,0
0.1018,0,0
0.1022,0,0
0.1026,0,0
0.103,0,0
0.1034,0,0
0.1038,0,0
0.1042,0,0
0.1046,0,0
0.105,0,0
0.1054,0,0
0.1058,0,0
0.1062,0,0
0.1066,0.00601442,0.00602899
0.107,0,0
0.1074,0,0
0.1078,0,0
0.1082,0,0
0.1086,0,0
0.109,0,0
0.1094,0.00611365,0.0061287
0.1098,0.00612737,0.00614248
0.1102,0,0
0.1106,0,0
0.111,0.00208586,0.00347431
0.1114,0,0
0.1118,0,0
0.1122,0,0
0.1126,0,0
0.113,0,0
0.1134,0,0
0.1138,0,0
0.1142,0,0
0.1146,0,0
0.115,0,0
0.1154,0,0
0.1158,0.00744835,0.00747069
0.1162,0,0
0.1166,0,0
0.117,0,0
0.1174,0,0
0.1178,0,0
0.1182,0.013892,0.00985066
0.1186,0,0
0.119,0,0
0.1194,0,0
0.1198,0,0
9
-0.1198,0,0
-0.1194,0.00391988,0.00392741
-0.119,0,0
-0.1186,0,0
-0.1182,0,0
-0.1178,0,0
-0.1174,0,0
-0.117,0,0
-0.1166,0.00418915,0.00419779
-0.1162,0,0
-0.1158,0,0
-0.1154,0,0
-0.115,0,0
-0.1146,0,0
-0.1142,0,0
-0.1138,0,0
-0.1134,0,0
-0.113,0,0
-0.1126,0,0
-0.1122,0,0
-0.1118,0,0
-0.1114,0,0
-0.111,0,0
-0.1106,0,0
-0.1102,0,0
-0.1098,0.00339588,0.00340162
-0.1094,0,0
-0.109,0.00373246,0.0037394
-0.1086,0,0
-0.1082,0,0
-0.1078,0,0
-0.1074,0,0
-0.107,0,0
-0.1066,0.00403737,0.00404552
-0.1062,0.00074217,0.00168892
-0.1058,0,0
-0.1054,0,0
-0.105,0.00381357,0.00382086
-0.1046,0,0
-0.1042,0,0
-0.1038,0,0
-0.1034,0,0
-0.103,0,0
-0.1026,0,0
-0.1022,0,0
-0.1018,0,0
-0.1014,0,0
-0.101,0,0
-0.1006,0,0
-0.1002,0,0
-0.0998,0,0
-0.0994,0,0
-0.099,0.00408798,0.00409644
-0.0986,0,0
-0.0982,0,0
-0.0978,0,0
-0.0974,0,0
-0.097,0,0
-0.0966,0,0
-0.0962,0,0
-0.0958,0,0
-0.0954,0,0
-0.095,0,0
-0.0946,0,0
-0.0942,0,0
-0.0938,0,0
-0.0934,0,0
-0.093,0.00360964,0.00361629
-0.0926,0.00353549,0.00354187
-0.0922,0,0
-0.0918,0,0
-0.0914,0,0
-0.091,0,0
-0.0906,0,0
-0.0902,0,0
-0.0898,0,0
-0.0894,0,0
-0.089,0,0
-0.0886,0,0
-0.0882,0,0
-0.0878,0,0
-0.0874,0.00335922,0.00336502
-0.087,0,0
-0.0866,0,0
-0.0862,0.00377945,0.0037868
-0.0858,0,0
-0.0854,0.00179483,0.00252692
-0.085,0.00383292,0.00384049
-0.0846,0.00353333,0.00353977
-0.0842,0,0
-0.0838,0.00376035,0.00376764
-0.0834,0,0
-0.083,0,0
-0.0826,0,0
-0.0822,0,0
-0.0818,0,0
-0.0814,0,0
-0.081,0,0
-0.0806,0,0
-0.0802,0,0
-0.0798,0,0
-0.0794,0,0
-0.079,0.00363073,0.00363756
-0.0786,0,0
-0.0782,0.00344995,0.00345613
-0.0778,0,0
-0.0774,0,0
-0.077,0,0
-0.0766,0.00379955,0.00380705
-0.0762,0,0
-0.0758,0,0
-0.0754,0.0036612,0.00366817
-0.075,0,0
-0.0746,0,0
-0.0742,0,0
-0.0738,0,0
-0.0734,0,0
-0.073,0,0
-0.0726,0,0
-0.0722,0.00356412,0.00357075
-0.0718,0,0
-0.0714,0,0
-0.071,0,0
-0.0706,0,0
-0.0702,0,0
-0.0698,0.00700033,0.00495998
-0.0694,0,0
-0.069,0,0
-0.0686,0,0
-0.0682,0,0
-0.0678,0,0
-0.0674,0.00347754,0.00348388
-0.067,0,0
-0.0666,0,0
-0.0662,0,0
-0.0658,0,0
-0.0654,0.00372783,0.00373512
-0.065,0.00706102,0.00500215
-0.0646,0,0
-0.0642,0,0
-0.0638,0,0
-0.0634,0,0
-0.063,0,0
-0.0626,0.00358215,0.0035889
-0.0622,0,0
-0.0618,0,0
-0.0614,0,0
-0.061,0,0
-0.0606,0,0
-0.0602,0,0
-0.0598,0,0
-0.0594,0,0
-0.059,0,0
-0.0586,0,0
-0.0582,0.00741808,0.00525565
-0.0578,0,0
-0.0574,0,0
-0.057,0,0
-0.0566,0,0
-0.0562,0,0
-0.0558,0,0
-0.0554,0,0
-0.055,0,0
-0.0546,0,0
-0.0542,0.00386731,0.00387522
-0.0538,0,0
-0.0534,0,0
-0.053,0.00340508,0.00341122
-0.0526,0,0
-0.0522,0,0
-0.0518,0,0
-0.0514,0,0
-0.051,0,0
-0.0506,0,0
-0.0502,0.0068613,0.00486051
-0.0498,0,0
-0.0494,0,0
-0.049,0,0
-0.0486,0,0
-0.0482,0,0
-0.0478,0,0
-0.0474,0,0
-0.047,0.00310287,0.00310799
-0.0466,0,0
-0.0462,0,0
-0.0458,0,0
-0.0454,0,0
-0.045,0.00681742,0.0048294
-0.0446,0.00363262,0.00363965
-0.0442,0,0
-0.0438,0.00331005,0.00331589
-0.0434,0,0
-0.043,0,0
-0.0426,0,0
-0.0422,0.00374166,0.00374914
-0.0418,0,0
-0.0414,0,0
-0.041,0.00967249,0.00559406
-0.0406,0,0
-0.0402,0,0
-0.0398,0,0
-0.0394,0,0
-0.039,0.00374046,0.00374795
-0.0386,0,0
-0.0382,0,0
-0.0378,0,0
-0.0374,0.00356048,0.00356728
-0.037,0.00364584,0.00365298
-0.0366,0,0
-0.0362,0,0
-0.0358,0,0
-0.0354,0.00703006,0.00498292
-0.035,0,0
-0.0346,0.00341258,0.00341885
-0.0342,0.00318597,0.00319144
-0.0338,0,0
-0.0334,0.00336684,0.00337295
-0.033,0,0
-0.0326,0,0
-0.0322,0.00338716,0.00339335
-0.0318,0,0
-0.0314,0,0
-0.031,0.00345296,0.00345941
-0.0306,0,0
-0.0302,0,0
-0.0298,0,0
-0.0294,0,0
-0.029,0.0063007,0.00446288
-0.0286,0.0033077,0.00331363
-0.0282,0,0
-0.0278,0,0
-0.0274,0.00977438,0.00565438
-0.027,0,0
-0.0266,0.00991228,0.00591129
-0.0262,0,0
-0.0258,0,0
-0.0254,0.00328885,0.00329474
-0.025,0,0
-0.0246,0,0
-0.0242,0,0
-0.0238,0,0
-0.0234,0,0
-0.023,0,0
-0.0226,0,0
-0.0222,0,0
-0.0218,0,0
-0.0214,0.00327898,0.00328486
-0.021,0,0
-0.0206,0.00691897,0.00490172
-0.0202,0.0064633,0.00458084
-0.0198,0,0
-0.0194,0.00348158,0.00348823
-0.019,0.00326393,0.00326977
-0.0186,0.00324828,0.00325407
-0.0182,0.00878624,0.00538291
-0.0178,0,0
-0.0174,0,0
-0.017,0,0
-0.0166,0,0
-0.0162,0,0
-0.0158,0,0
-0.0154,0,0
-0.015,0,0
-0.0146,0,0
-0.0142,0.0066448,0.0047072
-0.0138,0,0
-0.0134,0,0
-0.013,0.0034341,0.00344062
-0.0126,0.00657767,0.00465958
-0.0122,0.00664066,0.00470429
-0.0118,0,0
-0.0114,0,0
-0.011,0,0
-0.0106,0.00329598,0.00330201
-0.0102,0,0
-0.0098,0.00635307,0.00450062
-0.0094,0.00314486,0.00315035
-0.009,0.00314306,0.00314855
-0.0086,0.00991397,0.00573437
-0.0082,0.00307978,0.00308506
-0.0078,0.0123894,0.00620576
-0.0074,0.00948854,0.00548792
-0.007,0.0189302,0.00774235
-0.0066,0.0187421,0.00766489
-0.0062,0.00290158,0.00290628
-0.0058,0.0124209,0.00622272
-0.0054,0.00927248,0.00536314
-0.005,0.0124656,0.00624367
-0.0046,0.0175816,0.00770894
-0.0042,0.00362378,0.00363113
-0.0038,0.0287297,0.00959459
-0.0034,0.0254203,0.00887169
-0.003,0.0532227,0.0128795
-0.0026,0.0373477,0.0112825
-0.0022,0.0705621,0.0152933
-0.0018,0.127874,0.0202615
-0.0014,0.257081,0.0289863
-0.001,0.313007,0.0315456
-0.0006,0.434157,0.038342
-0.0002,0.517503,0.0418471
0.0002,0.576159,0.0456704
0.0006,0.369715,0.0357586
0.001,0.218609,0.026365
0.0014,0.198579,0.0259099
0.0018,0.120436,0.0200777
0.0022,0.0678474,0.0144933
0.0026,0.0604651,0.01387
0.003,0.0227045,0.00849706
0.0034,0.033626,0.0106556
0.0038,0.0127076,0.0063652
0.0042,0.0156758,0.00702364
0.0046,0.00864504,0.0053127
0.005,0.0130194,0.00652456
0.0054,0.0062713,0.00444234
0.0058,0,0
0.0062,0.0155657,0.00687201
0.0066,0.0303967,0.00963439
0.007,0.0268231,0.0092704
0.0074,0.0130546,0.00640783
0.0078,0.0152368,0.0068259
0.0082,0.0123819,0.00620235
0.0086,0.0047631,0.0038706
0.009,0.00654815,0.00463884
0.0094,0.00324243,0.00324839
0.0098,0.00642067,0.00454838
0.0102,0,0
0.0106,0.00624399,0.00442881
0.011,0,0
0.0114,0,0
0.0118,0,0
0.0122,0,0
0.0126,0,0
0.013,0,0
0.0134,0,0
0.0138,0.00311977,0.00312532
0.0142,0.00650896,0.00461107
0.0146,0,0
0.015,0,0
0.0154,0,0
0.0158,0,0
0.0162,0.00486306,0.00393849
0.0166,0,0
0.017,0,0
0.0174,0.00660867,0.00468186
0.0178,0.010001,0.00578509
0.0182,0,0
0.0186,0.00665869,0.00472035
0.019,0.00321045,0.00321634
0.0194,0,0
0.0198,0,0
0.0202,0.00652466,0.00462225
0.0206,0,0
0.021,0.00305414,0.00305949
0.0214,0.00316061,0.00316633
0.0218,0,0
0.0222,0,0
0.0226,0.00655617,0.00464463
0.023,0.00618103,0.0043784
0.0234,0,0
0.0238,0,0
0.0242,0,0
0.0246,0.00330387,0.00331014
0.025,0.00322562,0.00323159
0.0254,0,0
0.0258,0.0031804,0.00318621
0.0262,0.00321179,0.00321772
0.0266,0,0
0.027,0,0
0.0274,0.00304535,0.00305068
0.0278,0,0
0.0282,0,0
0.0286,0.00317352,0.00317931
0.029,0,0
0.0294,0,0
0.0298,0,0
0.0302,0.006401,0.00453454
0.0306,0,0
0.031,0,0
0.0314,0,0
0.0318,0.00618218,0.00437926
0.0322,0.00280539,0.00280993
0.0326,0.0029621,0.00296716
0.033,0,0
0.0334,0.00332746,0.00333385
0.0338,0.00313908,0.00314477
0.0342,0,0
0.0346,0,0
0.035,0.00295908,0.00296413
0.0354,0,0
0.0358,0.00288589,0.0028907
0.0362,0,0
0.0366,0,0
0.037,0,0
0.0374,0.00359357,0.00360104
0.0378,0,0
0.0382,0,0
0.0386,0,0
0.039,0,0
0.0394,0,0
0.0398,0,0
0.0402,0,0
0.0406,0.00320722,0.00321318
0.041,0,0
0.0414,0,0
0.0418,0.00634435,0.00449458
0.0422,0,0
0.0426,0.00311796,0.00312359
0.043,0.00626531,0.0044383
0.0434,0.00648841,0.00459663
0.0438,0.00314423,0.00314997
0.0442,0,0
0.0446,0,0
0.045,0.00319986,0.0032058
0.0454,0,0
0.0458,0.00313422,0.00313992
0.0462,0,0
0.0466,0.00600018,0.00425016
0.047,0,0
0.0474,0.00293862,0.00294364
0.0478,0,0
0.0482,0,0
0.0486,0.0031696,0.00317544
0.049,0,0
0.0494,0.00333213,0.00333858
0.0498,0,0
0.0502,0,0
0.0506,0.0031,0.00310559
0.051,0,0
0.0514,0,0
0.0518,0,0
0.0522,0,0
0.0526,0,0
0.053,0,0
0.0534,0,0
0.0538,0,0
0.0542,0.00607926,0.00430601
0.0546,0.0058293,0.00412895
0.055,0,0
0.0554,0.00305836,0.00306382
0.0558,0,0
0.0562,0.00314728,0.00315306
0.0566,0,0
0.057,0.00306691,0.00307241
0.0574,0.00180576,0.00237753
0.0578,0,0
0.0582,0,0
0.0586,0,0
0.059,0.00313109,0.00313683
0.0594,0,0
0.0598,0,0
0.0602,0.00295399,0.0029591
0.0606,0,0
0.061,0,0
0.0614,0,0
0.0618,0,0
0.0622,0.0030031,0.00300839
0.0626,0,0
0.063,0.00308929,0.00309489
0.0634,0.00315724,0.0031631
0.0638,0.00318731,0.00319328
0.0642,0,0
0.0646,0,0
0.065,0.00622096,0.00441173
0.0654,0,0
0.0658,0.00316989,0.00317581
0.0662,0.00594242,0.00420928
0.0666,0,0
0.067,0,0
0.0674,0.00307873,0.00308432
0.0678,0,0
0.0682,0.00300211,0.00300744
0.0686,0,0
0.069,0,0
0.0694,0,0
0.0698,0,0
0.0702,0,0
0.0706,0.00628899,0.00445527
0.071,0,0
0.0714,0,0
0.0718,0,0
0.0722,0,0
0.0726,0.00285404,0.00285887
0.073,0,0
0.0734,0,0
0.0738,0.00312754,0.00313334
0.0742,0.00311354,0.0031193
0.0746,0.00309317,0.00309885
0.075,0,0
0.0754,0,0
0.0758,0,0
0.0762,0,0
0.0766,0.00274615,0.00275064
0.077,0,0
0.0774,0,0
0.0778,0.00278601,0.00279063
0.0782,0.00290413,0.00290916
0.0786,0,0
0.079,0,0
0.0794,0,0
0.0798,0,0
0.0802,0.00281933,0.00282408
0.0806,0,0
0.081,0.00316099,0.00316697
0.0814,0,0
0.0818,0,0
0.0822,0.00194187,0.00247798
0.0826,0.00283677,0.00284159
0.083,0.00283991,0.00284475
0.0834,0.00293678,0.00294195
0.0838,0,0
0.0842,0.00316604,0.00317206
0.0846,0,0
0.085,0.00284272,0.00284758
0.0854,0,0
0.0858,0,0
0.0862,0,0
0.0866,0,0
0.087,0,0
0.0874,0,0
0.0878,0,0
0.0882,0,0
0.0886,0.0028323,0.00283714
0.089,0,0
0.0894,0,0
0.0898,0.00933864,0.0054041
0.0902,0,0
0.0906,0,0
0.091,0,0
0.0914,0,0
0.0918,0.00310403,0.00310985
0.0922,0.0030718,0.00307751
0.0926,0.00303806,0.00304365
0.093,0,0
0.0934,0,0
0.0938,0,0
0.0942,0.00295379,0.00295907
0.0946,0,0
0.095,0.00324058,0.00324694
0.0954,0.0021952,0.00267211
0.0958,0,0
0.0962,0,0
0.0966,0,0
0.097,0,0
0.0974,0,0
0.0978,0,0
0.0982,0.00312704,0.00313297
0.0986,0,0
0.099,0.0030628,0.00306848
0.0994,0.00626263,0.00443676
0.0998,0,0
0.1002,0,0
0.1006,0,0
0.101,0,0
0.1014,0,0
0.1018,0,0
0.1022,0,0
0.1026,0,0
0.103,0,0
0.1034,0.00362566,0.00363363
0.1038,0.00693052,0.00491092
0.1042,0,0
0.1046,0,0
0.105,0,0
0.1054,0,0
0.1058,0,0
0.1062,0.0117883,0.00682221
0.1066,0,0
0.107,0,0
0.1074,0,0
0.1078,0,0
0.1082,0.00406521,0.00407523
0.1086,0,0
0.109,0.00810304,0.00574381
0.1094,0,0
0.1098,0.00361213,0.00362005
0.1102,0,0
0.1106,0.00355056,0.00355821
0.111,0,0
0.1114,0,0
0.1118,0,0
0.1122,0,0
0.1126,0,0
0.113,0.00382781,0.00383671
0.1134,0,0
0.1138,0,0
0.1142,0,0
0.1146,0,0
0.115,0,0
0.1154,0.00863146,0.00612568
0.1158,0.00493606,0.00495086
0.1162,0,0
0.1166,0.00464038,0.00465346
0.117,0,0
0.1174,0,0
0.1178,0.00447781,0.00449
0.1182,0,0
0.1186,0,0
0.119,0.00419135,0.00420203
0.1194,0,0
0.1198,0,0
