# X , Y , E Distribution=true
1
-0.1198,0,0
-0.1194,0,0
-0.119,0,0
-0.1186,0,0
-0.1182,0,0
-0.1178,0,0
-0.1174,0,0
-0.117,0,0
-0.1166,0,0
-0.1162,0,0
-0.1158,0,0
-0.1154,0,0
-0.115,0,0
-0.1146,0,0
-0.1142,0,0
-0.1138,0,0
-0.1134,0,0
-0.113,0,0
-0.1126,0,0
-0.1122,0,0
-0.1118,0,0
-0.1114,0,0
-0.111,0,0
-0.1106,0,0
-0.1102,0,0
-0.1098,0,0
-0.1094,0,0
-0.109,0,0
-0.1086,0,0
-0.1082,0,0
-0.1078,0,0
-0.1074,0,0
-0.107,0,0
-0.1066,0,0
-0.1062,0,0
-0.1058,0,0
-0.1054,0,0
-0.105,0,0
-0.1046,0,0
-0.1042,0,0
-0.1038,0,0
-0.1034,0,0
-0.103,0,0
-0.1026,0,0
-0.1022,0,0
-0.1018,0,0
-0.1014,0,0
-0.101,0,0
-0.1006,0,0
-0.1002,0,0
-0.0998,0,0
-0.0994,0,0
-0.099,0,0
-0.0986,0,0
-0.0982,0,0
-0.0978,0,0
-0.0974,0,0
-0.097,0,0
-0.0966,0,0
-0.0962,0,0
-0.0958,0,0
-0.0954,0,0
-0.095,0,0
-0.0946,0,0
-0.0942,0,0
-0.0938,0,0
-0.0934,0,0
-0.093,0,0
-0.0926,0,0
-0.0922,0,0
-0.0918,0,0
-0.0914,0,0
-0.091,0.0085431,0.0103978
-0.0906,0,0
-0.0902,0,0
-0.0898,0,0
-0.0894,0,0
-0.089,0,0
-0.0886,0,0
-0.0882,0,0
-0.0878,0,0
-0.0874,0,0
-0.087,0.0130227,0.0130477
-0.0866,0,0
-0.0862,0,0
-0.0858,0,0
-0.0854,0,0
-0.085,0,0
-0.0846,0,0
-0.0842,0,0
-0.0838,0,0
-0.0834,0,0
-0.083,0,0
-0.0826,0,0
-0.0822,0.0129374,0.0129621
-0.0818,0,0
-0.0814,0,0
-0.081,0,0
-0.0806,0,0
-0.0802,0,0
-0.0798,0,0
-0.0794,0,0
-0.079,0,0
-0.0786,0,0
-0.0782,0,0
-0.0778,0,0
-0.0774,0,0
-0.077,0,0
-0.0766,0,0
-0.0762,0,0
-0.0758,0,0
-0.0754,0,0
-0.075,0,0
-0.0746,0,0
-0.0742,0,0
-0.0738,0,0
-0.0734,0,0
-0.073,0,0
-0.0726,0,0
-0.0722,0,0
-0.0718,0,0
-0.0714,0,0
-0.071,0,0
-0.0706,0,0
-0.0702,0,0
-0.0698,0,0
-0.0694,0,0
-0.069,0,0
-0.0686,0,0
-0.0682,0.0124581,0.0124809
-0.0678,0,0
-0.0674,0,0
-0.067,0,0
-0.0666,0,0
-0.0662,0,0
-0.0658,0,0
-0.0654,0,0
-0.065,0,0
-0.0646,0,0
-0.0642,0,0
-0.0638,0,0
-0.0634,0,0
-0.063,0,0
-0.0626,0,0
-0.0622,0,0
-0.0618,0.0134681,0.0134946
-0.0614,0,0
-0.061,0.0077323,0.0101161
-0.0606,0,0
-0.0602,0,0
-0.0598,0,0
-0.0594,0,0
-0.059,0,0
-0.0586,0,0
-0.0582,0,0
-0.0578,0,0
-0.0574,0,0
-0.057,0,0
-0.0566,0,0
-0.0562,0.0134387,0.013465
-0.0558,0,0
-0.0554,0,0
-0.055,0,0
-0.0546,0,0
-0.0542,0,0
-0.0538,0,0
-0.0534,0,0
-0.053,0.0132915,0.0133172
-0.0526,0,0
-0.0522,0,0
-0.0518,0,0
-0.0514,0,0
-0.051,0,0
-0.0506,0,0
-0.0502,0,0
-0.0498,0,0
-0.0494,0,0
-0.049,0,0
-0.0486,0,0
-0.0482,0,0
-0.0478,0,0
-0.0474,0,0
-0.047,0,0
-0.0466,0,0
-0.0462,0,0
-0.0458,0,0
-0.0454,0,0
-0.045,0.0124783,0.0125009
-0.0446,0,0
-0.0442,0,0
-0.0438,0,0
-0.0434,0,0
-0.043,0,0
-0.0426,0,0
-0.0422,0,0
-0.0418,0,0
-0.0414,0,0
-0.041,0,0
-0.0406,0,0
-0.0402,0,0
-0.0398,0,0
-0.0394,0,0
-0.039,0,0
-0.0386,0,0
-0.0382,0,0
-0.0378,0.0128626,0.0128865
-0.0374,0,0
-0.037,0,0
-0.0366,0,0
-0.0362,0,0
-0.0358,0,0
-0.0354,0,0
-0.035,0,0
-0.0346,0,0
-0.0342,0,0
-0.0338,0.0123708,0.0123929
-0.0334,0,0
-0.033,0,0
-0.0326,0,0
-0.0322,0,0
-0.0318,0,0
-0.0314,0,0
-0.031,0.0126582,0.0126813
-0.0306,0.0124998,0.0125223
-0.0302,0,0
-0.0298,0.0252152,0.0178623
-0.0294,0,0
-0.029,0,0
-0.0286,0,0
-0.0282,0.0129897,0.013014
-0.0278,0,0
-0.0274,0,0
-0.027,0,0
-0.0266,0.00175575,0.00482361
-0.0262,0,0
-0.0258,0,0
-0.0254,0,0
-0.025,0.0131038,0.0131285
-0.0246,0,0
-0.0242,0,0
-0.0238,0,0
-0.0234,0,0
-0.023,0,0
-0.0226,0,0
-0.0222,0,0
-0.0218,0,0
-0.0214,0,0
-0.021,0,0
-0.0206,0.0166586,0.0141725
-0.0202,0.0147367,0.0147678
-0.0198,0,0
-0.0194,0,0
-0.019,0,0
-0.0186,0,0
-0.0182,0.0121089,0.0121299
-0.0178,0.0116402,0.0116596
-0.0174,0,0
-0.017,0,0
-0.0166,0.0261535,0.018528
-0.0162,0,0
-0.0158,0,0
-0.0154,0,0
-0.015,0.0120936,0.0122549
-0.0146,0,0
-0.0142,0,0
-0.0138,0.00281653,0.00620537
-0.0134,0,0
-0.013,0,0
-0.0126,0.0127655,0.0127888
-0.0122,0,0
-0.0118,0,0
-0.0114,0,0
-0.011,0.00788625,0.0102176
-0.0106,0,0
-0.0102,0.011501,0.0115199
-0.0098,0,0
-0.0094,0.0326549,0.0207171
-0.009,0,0
-0.0086,0.0115682,0.0115873
-0.0082,0.013914,0.0139416
-0.0078,0,0
-0.0074,0.00235328,0.00537063
-0.007,0,0
-0.0066,0.0124586,0.0124807
-0.0062,0.0124977,0.01252
-0.0058,0,0
-0.0054,0.0122565,0.0122779
-0.005,0.0132181,0.013243
-0.0046,0.0529709,0.0275048
-0.0042,0.0290199,0.0205626
-0.0038,0.0326188,0.0203434
-0.0034,0.108717,0.0378144
-0.003,0.143172,0.0430904
-0.0026,0.228116,0.0530997
-0.0022,0.386536,0.0685563
-0.0018,0.807796,0.0979352
-0.0014,1.29226,0.126916
-0.001,1.69488,0.146304
-0.0006,2.46671,0.180237
-0.0002,2.47203,0.182663
0.0002,2.20754,0.169663
0.0006,1.48613,0.141611
0.001,0.792745,0.105598
0.0014,0.588835,0.090565
0.0018,0.270276,0.0598449
0.0022,0.0960135,0.0362721
0.0026,0.0269913,0.0187771
0.003,0,0
0.0034,0.0249294,0.017659
0.0038,0,0
0.0042,0,0
0.0046,0.00262108,0.00581606
0.005,0,0
0.0054,0,0
0.0058,0,0
0.0062,0,0
0.0066,0.0302819,0.0199897
0.007,0,0
0.0074,0,0
0.0078,0,0
0.0082,0.0117031,0.0117224
0.0086,0,0
0.009,0.00690049,0.00945203
0.0094,0,0
0.0098,0,0
0.0102,0,0
0.0106,0,0
0.011,0,0
0.0114,0,0
0.0118,0,0
0.0122,0,0
0.0126,0,0
0.013,0,0
0.0134,0,0
0.0138,0.0070581,0.00965314
0.0142,0,0
0.0146,0,0
0.015,0,0
0.0154,0,0
0.0158,0,0
0.0162,0,0
0.0166,0,0
0.017,0,0
0.0174,0,0
0.0178,0,0
0.0182,0,0
0.0186,0,0
0.019,0,0
0.0194,0,0
0.0198,0,0
0.0202,0,0
0.0206,0,0
0.021,0,0
0.0214,0.0250021,0.0177103
0.0218,0,0
0.0222,0,0
0.0226,0.0137031,0.0137294
0.023,0,0
0.0234,0,0
0.0238,0,0
0.0242,0,0
0.0246,0,0
0.025,0,0
0.0254,0,0
0.0258,0,0
0.0262,0.0134795,0.0135049
0.0266,0,0
0.027,0,0
0.0274,0,0
0.0278,0,0
0.0282,0,0
0.0286,0,0
0.029,0,0
0.0294,0,0
0.0298,0,0
0.0302,0,0
0.0306,0,0
0.031,0,0
0.0314,0,0
0.0318,0,0
0.0322,0,0
0.0326,0,0
0.033,0,0
0.0334,0,0
0.0338,0,0
0.0342,0.0121222,0.0121427
0.0346,0.0121247,0.0121452
0.035,0,0
0.0354,0,0
0.0358,0,0
0.0362,0,0
0.0366,0,0
0.037,0,0
0.0374,0,0
0.0378,0,0
0.0382,0,0
0.0386,0,0
0.039,0,0
0.0394,0,0
0.0398,0,0
0.0402,0,0
0.0406,0,0
0.041,0,0
0.0414,0,0
0.0418,0,0
0.0422,0,0
0.0426,0,0
0.043,0,0
0.0434,0.00369289,0.00688175
0.0438,0.0126823,0.0127046
0.0442,0,0
0.0446,0,0
0.045,0,0
0.0454,0,0
0.0458,0,0
0.0462,0,0
0.0466,0,0
0.047,0,0
0.0474,0,0
0.0478,0,0
0.0482,0,0
0.0486,0,0
0.049,0,0
0.0494,0,0
0.0498,0.00509392,0.00839824
0.0502,0,0
0.0506,0,0
0.051,0,0
0.0514,0,0
0.0518,0.0137159,0.0137419
0.0522,0.0135418,0.0135671
0.0526,0,0
0.053,0,0
0.0534,0,0
0.0538,0.0137197,0.0137457
0.0542,0,0
0.0546,0,0
0.055,0,0
0.0554,0.00276709,0.00610893
0.0558,0,0
0.0562,0,0
0.0566,0,0
0.057,0,0
0.0574,0,0
0.0578,0.0144394,0.0144681
0.0582,0,0
0.0586,0,0
0.059,0.0128385,0.0128612
0.0594,0.0130253,0.0130486
0.0598,0,0
0.0602,0.0141742,0.0142019
0.0606,0,0
0.061,0,0
0.0614,0,0
0.0618,0,0
0.0622,0,0
0.0626,0.0124169,0.0124381
0.063,0,0
0.0634,0,0
0.0638,0,0
0.0642,0,0
0.0646,0.0131352,0.0131589
0.065,0,0
0.0654,0,0
0.0658,0,0
0.0662,0.0136156,0.013641
0.0666,0,0
0.067,0,0
0.0674,0,0
0.0678,0,0
0.0682,0,0
0.0686,0,0
0.069,0.0272945,0.0193364
0.0694,0,0
0.0698,0,0
0.0702,0,0
0.0706,0,0
0.071,0,0
0.0714,0,0
0.0718,0,0
0.0722,0,0
0.0726,0.0132767,0.0133008
0.073,0,0
0.0734,0.00522536,0.0079494
0.0738,0,0
0.0742,0,0
0.0746,0,0
0.075,0,0
0.0754,0,0
0.0758,0,0
0.0762,0.00921672,0.010774
0.0766,0,0
0.077,0,0
0.0774,0,0
0.0778,0,0
0.0782,0,0
0.0786,0,0
0.079,0,0
0.0794,0,0
0.0798,0,0
0.0802,0,0
0.0806,0,0
0.081,0,0
0.0814,0,0
0.0818,0,0
0.0822,0,0
0.0826,0,0
0.083,0,0
0.0834,0,0
0.0838,0,0
0.0842,0,0
0.0846,0,0
0.085,0,0
0.0854,0,0
0.0858,0,0
0.0862,0,0
0.0866,0,0
0.087,0,0
0.0874,0.00918551,0.0110165
0.0878,0,0
0.0882,0.0136724,0.0136977
0.0886,0,0
0.089,0,0
0.0894,0.0139097,0.0139359
0.0898,0,0
0.0902,0,0
0.0906,0,0
0.091,0,0
0.0914,0,0
0.0918,0,0
0.0922,0,0
0.0926,0.00950385,0.0114951
0.093,0,0
0.0934,0,0
0.0938,0,0
0.0942,0,0
0.0946,0,0
0.095,0,0
0.0954,0,0
0.0958,0,0
0.0962,0,0
0.0966,0,0
0.097,0,0
0.0974,0,0
0.0978,0,0
0.0982,0.0134847,0.0135092
0.0986,0,0
0.099,0,0
0.0994,0,0
0.0998,0,0
0.1002,0,0
0.1006,0,0
0.101,0,0
0.1014,0,0
0.1018,0.0154971,0.0155294
0.1022,0.00112307,0.00398573
0.1026,0,0
0.103,0,0
0.1034,0,0
0.1038,0,0
0.1042,0,0
0.1046,0,0
0.105,0,0
0.1054,0,0
0.1058,0,0
0.1062,0.00673785,0.0103583
0.1066,0,0
0.107,0,0
0.1074,0,0
0.1078,0,0
0.1082,0,0
0.1086,0,0
0.109,0,0
0.1094,0,0
0.1098,0,0
0.1102,0,0
0.1106,0,0
0.111,0.0157445,0.0157776
0.1114,0,0
0.1118,0,0
0.1122,0,0
0.1126,0,0
0.113,0,0
0.1134,0,0
0.1138,0,0
0.1142,0,0
0.1146,0,0
0.115,0,0
0.1154,0,0
0.1158,0,0
0.1162,0,0
0.1166,0,0
0.117,0,0
0.1174,0,0
0.1178,0,0
0.1182,0.0206206,0.0206772
0.1186,0,0
0.119,0,0
0.1194,0,0
0.1198,0,0
2
-0.1198,0,0
-0.1194,0,0
-0.119,0,0
-0.1186,0.00618386,0.0061961
-0.1182,0.00566734,0.00567763
-0.1178,0,0
-0.1174,0.00604518,0.00605688
-0.117,0,0
-0.1166,0,0
-0.1162,0,0
-0.1158,0,0
-0.1154,0,0
-0.115,0,0
-0.1146,0.00616027,0.0061724
-0.1142,0,0
-0.1138,0,0
-0.1134,0,0
-0.113,0,0
-0.1126,0,0
-0.1122,0,0
-0.1118,0,0
-0.1114,0,0
-0.111,0,0
-0.1106,0,0
-0.1102,0,0
-0.1098,0,0
-0.1094,0,0
-0.109,0,0
-0.1086,0,0
-0.1082,0,0
-0.1078,0,0
-0.1074,0,0
-0.107,0,0
-0.1066,0,0
-0.1062,0,0
-0.1058,0,0
-0.1054,0,0
-0.105,0,0
-0.1046,0,0
-0.1042,0,0
-0.1038,0,0
-0.1034,0,0
-0.103,0,0
-0.1026,0.00656253,0.00657626
-0.1022,0,0
-0.1018,0,0
-0.1014,0,0
-0.101,0,0
-0.1006,0.00611215,0.00612406
-0.1002,0,0
-0.0998,0,0
-0.0994,0,0
-0.099,0,0
-0.0986,0,0
-0.0982,0,0
-0.0978,0,0
-0.0974,0,0
-0.097,0,0
-0.0966,0,0
-0.0962,0,0
-0.0958,0,0
-0.0954,0,0
-0.095,0,0
-0.0946,0,0
-0.0942,0,0
-0.0938,0,0
-0.0934,0,0
-0.093,0,0
-0.0926,0,0
-0.0922,0,0
-0.0918,0,0
-0.0914,0,0
-0.091,0,0
-0.0906,0,0
-0.0902,0,0
-0.0898,0,0
-0.0894,0,0
-0.089,0,0
-0.0886,0,0
-0.0882,0,0
-0.0878,0,0
-0.0874,0,0
-0.087,0,0
-0.0866,0,0
-0.0862,0,0
-0.0858,0,0
-0.0854,0,0
-0.085,0,0
-0.0846,0,0
-0.0842,0,0
-0.0838,0,0
-0.0834,0,0
-0.083,0,0
-0.0826,0,0
-0.0822,0,0
-0.0818,0,0
-0.0814,0.0058684,0.00587934
-0.081,0,0
-0.0806,0.00627437,0.00628687
-0.0802,0,0
-0.0798,0,0
-0.0794,0,0
-0.079,0,0
-0.0786,0,0
-0.0782,0,0
-0.0778,0,0
-0.0774,0,0
-0.077,0,0
-0.0766,0,0
-0.0762,0,0
-0.0758,0,0
-0.0754,0,0
-0.075,0,0
-0.0746,0,0
-0.0742,0,0
-0.0738,0.00547522,0.00548472
-0.0734,0,0
-0.073,0,0
-0.0726,0,0
-0.0722,0,0
-0.0718,0,0
-0.0714,0,0
-0.071,0,0
-0.0706,0,0
-0.0702,0,0
-0.0698,0,0
-0.0694,0,0
-0.069,0,0
-0.0686,0.00599437,0.00600574
-0.0682,0,0
-0.0678,0,0
-0.0674,0,0
-0.067,0,0
-0.0666,0,0
-0.0662,0,0
-0.0658,0,0
-0.0654,0,0
-0.065,0,0
-0.0646,0,0
-0.0642,0,0
-0.0638,0,0
-0.0634,0,0
-0.063,0,0
-0.0626,0,0
-0.0622,0,0
-0.0618,0,0
-0.0614,0,0
-0.061,0.00860297,0.00724993
-0.0606,0,0
-0.0602,0,0
-0.0598,0,0
-0.0594,0,0
-0.059,0,0
-0.0586,0,0
-0.0582,0,0
-0.0578,0,0
-0.0574,0,0
-0.057,0,0
-0.0566,0,0
-0.0562,0,0
-0.0558,0.00619721,0.00620934
-0.0554,0,0
-0.055,0,0
-0.0546,0,0
-0.0542,0,0
-0.0538,0,0
-0.0534,0,0
-0.053,0,0
-0.0526,0,0
-0.0522,0,0
-0.0518,0,0
-0.0514,0,0
-0.051,0,0
-0.0506,0,0
-0.0502,0,0
-0.0498,0.00587753,0.00588843
-0.0494,0,0
-0.049,0,0
-0.0486,0,0
-0.0482,0,0
-0.0478,0.00676466,0.00677907
-0.0474,0,0
-0.047,0,0
-0.0466,0,0
-0.0462,0,0
-0.0458,0,0
-0.0454,0.00592517,0.00593623
-0.045,0,0
-0.0446,0.00557092,0.00558069
-0.0442,0,0
-0.0438,0.00597767,0.00598892
-0.0434,0,0
-0.043,0,0
-0.0426,0,0
-0.0422,0.00566744,0.00567755
-0.0418,0,0
-0.0414,0,0
-0.041,0.00552218,0.00553178
-0.0406,0,0
-0.0402,0.00577096,0.00578144
-0.0398,0,0
-0.0394,0,0
-0.039,0.0054797,0.00548915
-0.0386,0,0
-0.0382,0,0
-0.0378,0,0
-0.0374,0,0
-0.037,0,0
-0.0366,0,0
-0.0362,0.00558065,0.00559044
-0.0358,0,0
-0.0354,0,0
-0.035,0,0
-0.0346,0,0
-0.0342,0,0
-0.0338,0,0
-0.0334,0,0
-0.033,0,0
-0.0326,0,0
-0.0322,0,0
-0.0318,0,0
-0.0314,0,0
-0.031,0,0
-0.0306,0,0
-0.0302,0,0
-0.0298,0.00551397,0.00552351
-0.0294,0,0
-0.029,0,0
-0.0286,0,0
-0.0282,0,0
-0.0278,0.005898,0.00590891
-0.0274,0,0
-0.027,0,0
-0.0266,0.0112464,0.00824642
-0.0262,0,0
-0.0258,0,0
-0.0254,0.00599877,0.00601005
-0.025,0.0062648,0.0062771
-0.0246,0,0
-0.0242,0.0051362,0.00514447
-0.0238,0,0
-0.0234,0,0
-0.023,0,0
-0.0226,0,0
-0.0222,0,0
-0.0218,0,0
-0.0214,0,0
-0.021,0,0
-0.0206,0.0143678,0.00890262
-0.0202,0.00550216,0.00551164
-0.0198,0,0
-0.0194,0.0058112,0.00582177
-0.019,0.000863477,0.00219475
-0.0186,0.00639204,0.00640483
-0.0182,0,0
-0.0178,0,0
-0.0174,0,0
-0.017,0,0
-0.0166,0.00584737,0.00585806
-0.0162,0,0
-0.0158,0.0120659,0.00854801
-0.0154,0,0
-0.015,0.00577852,0.00572411
-0.0146,0.0114705,0.00813694
-0.0142,0,0
-0.0138,0.00493064,0.00554701
-0.0134,0.00516524,0.00517359
-0.013,0,0
-0.0126,0,0
-0.0122,0,0
-0.0118,0,0
-0.0114,0.00643079,0.00644371
-0.011,0.0114289,0.00829921
-0.0106,0,0
-0.0102,0,0
-0.0098,0,0
-0.0094,0.00847418,0.00692149
-0.009,0.00555873,0.00556839
-0.0086,0,0
-0.0082,0,0
-0.0078,0.00624266,0.00625483
-0.0074,0.0100055,0.0074555
-0.007,0.00595585,0.00596693
-0.0066,0,0
-0.0062,0,0
-0.0058,0.0110073,0.0077967
-0.0054,0.00558172,0.00559145
-0.005,0.00558227,0.005592
-0.0046,0.014433,0.00961079
-0.0042,0.0190427,0.0110345
-0.0038,0.048412,0.0167156
-0.0034,0.0607579,0.0190786
-0.003,0.0503384,0.0170257
-0.0026,0.110684,0.0249578
-0.0022,0.141195,0.0279698
-0.0018,0.30138,0.0402716
-0.0014,0.583455,0.0574373
-0.001,0.856124,0.0701027
-0.0006,1.1563,0.083315
-0.0002,1.29293,0.0890308
0.0002,1.36074,0.0897866
0.0006,1.09172,0.0818323
0.001,0.747459,0.0691435
0.0014,0.475302,0.0547737
0.0018,0.182632,0.03314
0.0022,0.084191,0.0228353
0.0026,0.0202691,0.0110318
0.003,0.0233191,0.0116922
0.0034,0.0168978,0.00977339
0.0038,0.00630891,0.00632131
0.0042,0,0
0.0046,0.0104822,0.00783555
0.005,0,0
0.0054,0,0
0.0058,0,0
0.0062,0.00606555,0.00607701
0.0066,0.00416685,0.0050018
0.007,0.00613367,0.00614538
0.0074,0,0
0.0078,0,0
0.0082,0.00472968,0.0050189
0.0086,0,0
0.009,0.00272048,0.00399643
0.0094,0.00571059,0.00572074
0.0098,0.00556584,0.00557548
0.0102,0,0
0.0106,0,0
0.011,0,0
0.0114,0,0
0.0118,0,0
0.0122,0,0
0.0126,0,0
0.013,0,0
0.0134,0.00609863,0.0061102
0.0138,0.00275955,0.00406125
0.0142,0,0
0.0146,0.00611567,0.0061273
0.015,0,0
0.0154,0.005965,0.00597606
0.0158,0,0
0.0162,0,0
0.0166,0.00628203,0.00629429
0.017,0,0
0.0174,0.00560349,0.00566384
0.0178,0,0
0.0182,0,0
0.0186,0,0
0.019,0,0
0.0194,0,0
0.0198,0.00575374,0.00576402
0.0202,0,0
0.0206,0.00629705,0.00630936
0.021,0.00611796,0.00612958
0.0214,0,0
0.0218,0,0
0.0222,0,0
0.0226,0.00618636,0.00619824
0.023,0,0
0.0234,0,0
0.0238,0,0
0.0242,0,0
0.0246,0.00606782,0.00607924
0.025,0,0
0.0254,0.00600589,0.00601708
0.0258,0,0
0.0262,0,0
0.0266,0.0056605,0.00567043
0.027,0,0
0.0274,0,0
0.0278,0,0
0.0282,0,0
0.0286,0.00578358,0.00579395
0.029,0,0
0.0294,0.00341165,0.00460996
0.0298,0,0
0.0302,0,0
0.0306,0,0
0.031,0,0
0.0314,0,0
0.0318,0,0
0.0322,0,0
0.0326,0,0
0.033,0,0
0.0334,0,0
0.0338,0,0
0.0342,0,0
0.0346,0,0
0.035,0,0
0.0354,0,0
0.0358,0,0
0.0362,0,0
0.0366,0,0
0.037,0,0
0.0374,0,0
0.0378,0,0
0.0382,0,0
0.0386,0,0
0.039,0,0
0.0394,0,0
0.0398,0,0
0.0402,0,0
0.0406,0,0
0.041,0,0
0.0414,0,0
0.0418,0,0
0.0422,0,0
0.0426,0,0
0.043,0,0
0.0434,0.00407625,0.00484271
0.0438,0,0
0.0442,0,0
0.0446,0,0
0.045,0,0
0.0454,0,0
0.0458,0,0
0.0462,0,0
0.0466,0,0
0.047,0,0
0.0474,0,0
0.0478,0,0
0.0482,0,0
0.0486,0,0
0.049,0,0
0.0494,0,0
0.0498,0.00389633,0.00491554
0.0502,0,0
0.0506,0.00589232,0.00590303
0.051,0,0
0.0514,0.0122792,0.00869919
0.0518,0,0
0.0522,0.00606156,0.00607288
0.0526,0,0
0.053,0,0
0.0534,0,0
0.0538,0,0
0.0542,0,0
0.0546,0,0
0.055,0,0
0.0554,0.00477191,0.00536495
0.0558,0,0
0.0562,0.00623447,0.00624644
0.0566,0,0
0.057,0,0
0.0574,0,0
0.0578,0.00645337,0.00646618
0.0582,0,0
0.0586,0,0
0.059,0.0057359,0.00574603
0.0594,0,0
0.0598,0,0
0.0602,0,0
0.0606,0,0
0.061,0.00634468,0.00635706
0.0614,0.00554547,0.00555493
0.0618,0,0
0.0622,0.00636859,0.00638106
0.0626,0,0
0.063,0,0
0.0634,0,0
0.0638,0,0
0.0642,0,0
0.0646,0,0
0.065,0,0
0.0654,0,0
0.0658,0,0
0.0662,0,0
0.0666,0,0
0.067,0,0
0.0674,0,0
0.0678,0,0
0.0682,0,0
0.0686,0.00345323,0.00456398
0.069,0,0
0.0694,0.00593256,0.00594336
0.0698,0,0
0.0702,0,0
0.0706,0,0
0.071,0,0
0.0714,0,0
0.0718,0,0
0.0722,0,0
0.0726,0,0
0.073,0.00581844,0.00582883
0.0734,0.00303788,0.00404282
0.0738,0,0
0.0742,0,0
0.0746,0.00563224,0.00564196
0.075,0,0
0.0754,0,0
0.0758,0,0
0.0762,0.00706162,0.0062876
0.0766,0,0
0.077,0,0
0.0774,0,0
0.0778,0,0
0.0782,0,0
0.0786,0,0
0.079,0,0
0.0794,0,0
0.0798,0,0
0.0802,0,0
0.0806,0,0
0.081,0,0
0.0814,0.00556135,0.00557082
0.0818,0,0
0.0822,0,0
0.0826,0.00572117,0.00573119
0.083,0,0
0.0834,0,0
0.0838,0,0
0.0842,0,0
0.0846,0,0
0.085,0,0
0.0854,0,0
0.0858,0,0
0.0862,0,0
0.0866,0.00560177,0.00561136
0.087,0,0
0.0874,0,0
0.0878,0,0
0.0882,0,0
0.0886,0,0
0.089,0,0
0.0894,0,0
0.0898,0,0
0.0902,0,0
0.0906,0,0
0.091,0,0
0.0914,0,0
0.0918,0,0
0.0922,0,0
0.0926,0.00805222,0.007038
0.093,0,0
0.0934,0,0
0.0938,0,0
0.0942,0,0
0.0946,0,0
0.095,0,0
0.0954,0,0
0.0958,0,0
0.0962,0,0
0.0966,0,0
0.097,0,0
0.0974,0,0
0.0978,0,0
0.0982,0,0
0.0986,0,0
0.099,0,0
0.0994,0,0
0.0998,0.00619339,0.00620508
0.1002,0,0
0.1006,0,0
0.101,0,0
0.1014,0,0
0.1018,0,0
0.1022,0.00572182,0.00597572
0.1026,0,0
0.103,0,0
0.1034,0,0
0.1038,0,0
0.1042,0,0
0.1046,0,0
0.105,0,0
0.1054,0,0
0.1058,0,0
0.1062,0.00401919,0.00531126
0.1066,0,0
0.107,0,0
0.1074,0,0
0.1078,0,0
0.1082,0,0
0.1086,0,0
0.109,0,0
0.1094,0,0
0.1098,0,0
0.1102,0,0
0.1106,0.0080075,0.00802697
0.111,0,0
0.1114,0,0
0.1118,0,0
0.1122,0,0
0.1126,0,0
0.113,0,0
0.1134,0,0
0.1138,0,0
0.1142,0,0
0.1146,0.0146824,0.0112509
0.115,0,0
0.1154,0.00936513,0.00939172
0.1158,0,0
0.1162,0,0
0.1166,0,0
0.117,0.00603437,0.00759017
0.1174,0,0
0.1178,0,0
0.1182,0,0
0.1186,0,0
0.119,0,0
0.1194,0,0
0.1198,0,0
3
-0.1198,0,0
-0.1194,0,0
-0.119,0,0
-0.1186,0,0
-0.1182,0,0
-0.1178,0,0
-0.1174,0,0
-0.117,0,0
-0.1166,0,0
-0.1162,0,0
-0.1158,0,0
-0.1154,0,0
-0.115,0,0
-0.1146,0,0
-0.1142,0,0
-0.1138,0,0
-0.1134,0,0
-0.113,0,0
-0.1126,0,0
-0.1122,0,0
-0.1118,0,0
-0.1114,0,0
-0.111,0,0
-0.1106,0.0063635,0.00637591
-0.1102,0,0
-0.1098,0,0
-0.1094,0,0
-0.109,0,0
-0.1086,0,0
-0.1082,0,0
-0.1078,0,0
-0.1074,0,0
-0.107,0,0
-0.1066,0,0
-0.1062,0,0
-0.1058,0,0
-0.1054,0,0
-0.105,0,0
-0.1046,0,0
-0.1042,0,0
-0.1038,0,0
-0.1034,0,0
-0.103,0,0
-0.1026,0,0
-0.1022,0,0
-0.1018,0,0
-0.1014,0,0
-0.101,0,0
-0.1006,0,0
-0.1002,0,0
-0.0998,0,0
-0.0994,0,0
-0.099,0,0
-0.0986,0,0
-0.0982,0,0
-0.0978,0,0
-0.0974,0,0
-0.097,0,0
-0.0966,0,0
-0.0962,0,0
-0.0958,0,0
-0.0954,0,0
-0.095,0,0
-0.0946,0,0
-0.0942,0,0
-0.0938,0,0
-0.0934,0.00627724,0.00628923
-0.093,0,0
-0.0926,0,0
-0.0922,0,0
-0.0918,0,0
-0.0914,0,0
-0.091,0,0
-0.0906,0,0
-0.0902,0,0
-0.0898,0,0
-0.0894,0,0
-0.089,0,0
-0.0886,0,0
-0.0882,0,0
-0.0878,0,0
-0.0874,0.00647896,0.0064917
-0.087,0,0
-0.0866,0,0
-0.0862,0,0
-0.0858,0,0
-0.0854,0,0
-0.085,0,0
-0.0846,0,0
-0.0842,0,0
-0.0838,0,0
-0.0834,0,0
-0.083,0.00595143,0.00596216
-0.0826,0,0
-0.0822,0,0
-0.0818,0,0
-0.0814,0,0
-0.081,0,0
-0.0806,0,0
-0.0802,0,0
-0.0798,0,0
-0.0794,0,0
-0.079,0.00559252,0.00560198
-0.0786,0.00586663,0.00587703
-0.0782,0,0
-0.0778,0,0
-0.0774,0,0
-0.077,0,0
-0.0766,0,0
-0.0762,0,0
-0.0758,0,0
-0.0754,0,0
-0.075,0,0
-0.0746,0,0
-0.0742,0,0
-0.0738,0,0
-0.0734,0.00575715,0.00576714
-0.073,0,0
-0.0726,0,0
-0.0722,0.0123669,0.00893572
-0.0718,0,0
-0.0714,0,0
-0.071,0,0
-0.0706,0,0
-0.0702,0,0
-0.0698,0,0
-0.0694,0,0
-0.069,0.00633959,0.00635168
-0.0686,0,0
-0.0682,0,0
-0.0678,0,0
-0.0674,0,0
-0.067,0,0
-0.0666,0,0
-0.0662,0.00572043,0.00573026
-0.0658,0,0
-0.0654,0,0
-0.065,0,0
-0.0646,0,0
-0.0642,0,0
-0.0638,0,0
-0.0634,0,0
-0.063,0,0
-0.0626,0,0
-0.0622,0,0
-0.0618,0,0
-0.0614,0,0
-0.061,0,0
-0.0606,0,0
-0.0602,0.00582956,0.00583974
-0.0598,0,0
-0.0594,0.00644354,0.00645597
-0.059,0,0
-0.0586,0,0
-0.0582,0,0
-0.0578,0,0
-0.0574,0,0
-0.057,0.00628011,0.00629191
-0.0566,0,0
-0.0562,0,0
-0.0558,0,0
-0.0554,0,0
-0.055,0.00399918,0.00514332
-0.0546,0,0
-0.0542,0.0123348,0.00873914
-0.0538,0,0
-0.0534,0.00630648,0.00631835
-0.053,0,0
-0.0526,0.00575468,0.00576456
-0.0522,0,0
-0.0518,0,0
-0.0514,0,0
-0.051,0.000413767,0.00158972
-0.0506,0,0
-0.0502,0,0
-0.0498,0,0
-0.0494,0,0
-0.049,0,0
-0.0486,0,0
-0.0482,0,0
-0.0478,0,0
-0.0474,0,0
-0.047,0,0
-0.0466,0,0
-0.0462,0.00579635,0.00580635
-0.0458,0,0
-0.0454,0,0
-0.045,0,0
-0.0446,0,0
-0.0442,0.00633276,0.00634468
-0.0438,0.00612193,0.00613307
-0.0434,0,0
-0.043,0,0
-0.0426,0,0
-0.0422,0.00280569,0.0041448
-0.0418,0,0
-0.0414,0,0
-0.041,0.00621353,0.00622498
-0.0406,0,0
-0.0402,0,0
-0.0398,0,0
-0.0394,0,0
-0.039,0.0060556,0.00606647
-0.0386,0.0124416,0.00881427
-0.0382,0,0
-0.0378,0,0
-0.0374,0,0
-0.037,0,0
-0.0366,0,0
-0.0362,0,0
-0.0358,0.0127631,0.00905371
-0.0354,0,0
-0.035,0,0
-0.0346,0.00590964,0.00591997
-0.0342,0,0
-0.0338,0,0
-0.0334,0,0
-0.033,0,0
-0.0326,0,0
-0.0322,0,0
-0.0318,0,0
-0.0314,0,0
-0.031,0,0
-0.0306,0,0
-0.0302,0,0
-0.0298,0.00614068,0.00615182
-0.0294,0,0
-0.029,0.00607092,0.0060818
-0.0286,0.00642781,0.00644001
-0.0282,0.00632758,0.00633939
-0.0278,0,0
-0.0274,0.00604998,0.00606078
-0.027,0,0
-0.0266,0,0
-0.0262,0,0
-0.0258,0.00570832,0.00576517
-0.0254,0,0
-0.025,0,0
-0.0246,0,0
-0.0242,0,0
-0.0238,0.00634836,0.00636023
-0.0234,0,0
-0.023,0,0
-0.0226,0,0
-0.0222,0,0
-0.0218,0,0
-0.0214,0,0
-0.021,0,0
-0.0206,0.00585201,0.00586208
-0.0202,0.00586048,0.00587058
-0.0198,0,0
-0.0194,0,0
-0.019,0.005003,0.00545307
-0.0186,0,0
-0.0182,0.00542386,0.00609076
-0.0178,0,0
-0.0174,0,0
-0.017,0,0
-0.0166,0.00116999,0.00273462
-0.0162,0,0
-0.0158,0,0
-0.0154,0.00639666,0.00640867
-0.015,0,0
-0.0146,0,0
-0.0142,0,0
-0.0138,0,0
-0.0134,0,0
-0.013,0,0
-0.0126,0.00635831,0.00637016
-0.0122,0,0
-0.0118,0,0
-0.0114,0.00639603,0.00640801
-0.011,0.00962016,0.00787358
-0.0106,0.00645825,0.00647047
-0.0102,0.0055984,0.00560758
-0.0098,0.00645546,0.00646766
-0.0094,0,0
-0.009,0.00593527,0.00594558
-0.0086,0,0
-0.0082,0,0
-0.0078,0,0
-0.0074,0.00588734,0.00589747
-0.007,0.0127237,0.00901374
-0.0066,0,0
-0.0062,0.00608165,0.00609247
-0.0058,0.0090025,0.00730148
-0.0054,0,0
-0.005,0,0
-0.0046,0,0
-0.0042,0,0
-0.0038,0.0124671,0.00883163
-0.0034,0.0218239,0.0117155
-0.003,0.0403926,0.0156748
-0.0026,0.0813304,0.0220932
-0.0022,0.149527,0.0296814
-0.0018,0.289201,0.0408925
-0.0014,0.494716,0.054662
-0.001,0.733533,0.0671029
-0.0006,1.25294,0.0896579
-0.0002,1.04319,0.0826868
0.0002,0.946052,0.0774205
0.0006,0.744199,0.0699104
0.001,0.511978,0.0591787
0.0014,0.342208,0.0480856
0.0018,0.141447,0.0301022
0.0022,0.07913,0.0226109
0.0026,0.0161025,0.0101413
0.003,0.0130169,0.00897558
0.0034,0.00596596,0.00597632
0.0038,0,0
0.0042,0.000795098,0.00223347
0.0046,0,0
0.005,0,0
0.0054,0.00231021,0.0039335
0.0058,0.00621912,0.00623036
0.0062,0.00649685,0.00650912
0.0066,0,0
0.007,0,0
0.0074,0.0120406,0.00852889
0.0078,0,0
0.0082,0.000619952,0.00188095
0.0086,0.00544969,0.00545832
0.009,0,0
0.0094,0,0
0.0098,0.000862353,0.00227221
0.0102,0,0
0.0106,0,0
0.011,0.00612198,0.00613285
0.0114,0,0
0.0118,0,0
0.0122,0,0
0.0126,0,0
0.013,0,0
0.0134,0.00654237,0.00655478
0.0138,0,0
0.0142,0,0
0.0146,0,0
0.015,0,0
0.0154,0,0
0.0158,0.00540738,0.00541585
0.0162,0,0
0.0166,0,0
0.017,0,0
0.0174,0.000108557,0.000816814
0.0178,0.0117273,0.00830655
0.0182,0,0
0.0186,0,0
0.019,0,0
0.0194,0,0
0.0198,0,0
0.0202,0,0
0.0206,0,0
0.021,0,0
0.0214,0,0
0.0218,0.00275583,0.00405327
0.0222,0,0
0.0226,0,0
0.023,0,0
0.0234,0,0
0.0238,0,0
0.0242,0,0
0.0246,0,0
0.025,0,0
0.0254,0,0
0.0258,0,0
0.0262,0,0
0.0266,0,0
0.027,0,0
0.0274,0,0
0.0278,0,0
0.0282,0,0
0.0286,0,0
0.029,0,0
0.0294,0.00300509,0.00448732
0.0298,0,0
0.0302,0,0
0.0306,0,0
0.031,0,0
0.0314,0,0
0.0318,0.00443053,0.00535264
0.0322,0.00553192,0.00606462
0.0326,0,0
0.033,0,0
0.0334,0,0
0.0338,0.00631107,0.00632252
0.0342,0,0
0.0346,0.00650848,0.00652066
0.035,0,0
0.0354,0,0
0.0358,0,0
0.0362,0.00618018,0.00619115
0.0366,0,0
0.037,0,0
0.0374,0,0
0.0378,0,0
0.0382,0,0
0.0386,0,0
0.039,0,0
0.0394,0,0
0.0398,0,0
0.0402,0,0
0.0406,0,0
0.041,0.00590783,0.00591784
0.0414,0,0
0.0418,0.00255924,0.00414884
0.0422,0,0
0.0426,0,0
0.043,0,0
0.0434,0,0
0.0438,0,0
0.0442,0.00661247,0.006625
0.0446,0,0
0.045,0,0
0.0454,0,0
0.0458,0,0
0.0462,0.0127311,0.00901865
0.0466,0,0
0.047,0,0
0.0474,0,0
0.0478,0,0
0.0482,0,0
0.0486,0,0
0.049,0,0
0.0494,0,0
0.0498,0,0
0.0502,0,0
0.0506,0,0
0.051,0,0
0.0514,0,0
0.0518,0,0
0.0522,0,0
0.0526,0.00668126,0.00669401
0.053,0,0
0.0534,0.00656587,0.00657819
0.0538,0,0
0.0542,0,0
0.0546,0,0
0.055,0,0
0.0554,0,0
0.0558,0,0
0.0562,0,0
0.0566,0,0
0.057,0,0
0.0574,0,0
0.0578,0,0
0.0582,0,0
0.0586,0,0
0.059,0.00655369,0.00656593
0.0594,0,0
0.0598,0,0
0.0602,0,0
0.0606,0,0
0.061,0,0
0.0614,0,0
0.0618,0,0
0.0622,0,0
0.0626,0,0
0.063,0,0
0.0634,0,0
0.0638,0.00588849,0.00589836
0.0642,0,0
0.0646,0,0
0.065,0,0
0.0654,0,0
0.0658,0,0
0.0662,0,0
0.0666,0,0
0.067,0,0
0.0674,0,0
0.0678,0,0
0.0682,0,0
0.0686,0.0027619,0.00424237
0.069,0.00654899,0.00656118
0.0694,0,0
0.0698,0,0
0.0702,0.00660552,0.00661791
0.0706,0.0017791,0.00343468
0.071,0,0
0.0714,0,0
0.0718,0,0
0.0722,0,0
0.0726,0,0
0.073,0,0
0.0734,0,0
0.0738,0,0
0.0742,0,0
0.0746,0,0
0.075,0,0
0.0754,0,0
0.0758,0,0
0.0762,0.00641054,0.00642219
0.0766,0,0
0.077,0,0
0.0774,0,0
0.0778,0,0
0.0782,0,0
0.0786,0,0
0.079,0.00609925,0.00610979
0.0794,0,0
0.0798,0,0
0.0802,0,0
0.0806,0,0
0.081,0,0
0.0814,0,0
0.0818,0,0
0.0822,0,0
0.0826,0,0
0.083,0.00638566,0.0063972
0.0834,0,0
0.0838,0,0
0.0842,0,0
0.0846,0,0
0.085,0,0
0.0854,0,0
0.0858,0,0
0.0862,0,0
0.0866,0,0
0.087,0,0
0.0874,0,0
0.0878,0,0
0.0882,0,0
0.0886,0,0
0.089,0,0
0.0894,0,0
0.0898,0,0
0.0902,0,0
0.0906,0,0
0.091,0,0
0.0914,0.00677798,0.00679095
0.0918,0,0
0.0922,0,0
0.0926,0,0
0.093,0,0
0.0934,0,0
0.0938,0,0
0.0942,0,0
0.0946,0,0
0.095,0,0
0.0954,0,0
0.0958,0,0
0.0962,0,0
0.0966,0,0
0.097,0,0
0.0974,0,0
0.0978,0,0
0.0982,0,0
0.0986,0,0
0.099,0,0
0.0994,0,0
0.0998,0,0
0.1002,0,0
0.1006,0,0
0.101,0,0
0.1014,0,0
0.1018,0,0
0.1022,0,0
0.1026,0,0
0.103,0,0
0.1034,0,0
0.1038,0,0
0.1042,0,0
0.1046,0,0
0.105,0,0
0.1054,0,0
0.1058,0,0
0.1062,0,0
0.1066,0,0
0.107,0,0
0.1074,0,0
0.1078,0,0
0.1082,0,0
0.1086,0,0
0.109,0.00857579,0.00859647
0.1094,0,0
0.1098,0,0
0.1102,0,0
0.1106,0,0
0.111,0,0
0.1114,0,0
0.1118,0,0
0.1122,0,0
0.1126,0,0
0.113,0,0
0.1134,0,0
0.1138,0,0
0.1142,0,0
0.1146,0.00266941,0.00498621
0.115,0,0
0.1154,0,0
0.1158,0,0
0.1162,0,0
0.1166,0,0
0.117,0.00373473,0.00620553
0.1174,0.0110236,0.0110577
0.1178,0,0
0.1182,0,0
0.1186,0.00963922,0.00966529
0.119,0,0
0.1194,0,0
0.1198,0,0
4
-0.1198,0,0
-0.1194,0,0
-0.119,0.0059582,0.00596908
-0.1186,0,0
-0.1182,0,0
-0.1178,0,0
-0.1174,0,0
-0.117,0,0
-0.1166,0,0
-0.1162,0,0
-0.1158,0,0
-0.1154,0,0
-0.115,0,0
-0.1146,0,0
-0.1142,0.00660558,0.00661891
-0.1138,0,0
-0.1134,0,0
-0.113,0,0
-0.1126,0,0
-0.1122,0,0
-0.1118,0.00617562,0.00618726
-0.1114,0,0
-0.111,0,0
-0.1106,0,0
-0.1102,0,0
-0.1098,0,0
-0.1094,0,0
-0.109,0,0
-0.1086,0,0
-0.1082,0,0
-0.1078,0,0
-0.1074,0,0
-0.107,0,0
-0.1066,0.00614312,0.00615461
-0.1062,0,0
-0.1058,0,0
-0.1054,0,0
-0.105,0,0
-0.1046,0,0
-0.1042,0,0
-0.1038,0,0
-0.1034,0.00622165,0.00623341
-0.103,0,0
-0.1026,0,0
-0.1022,0,0
-0.1018,0,0
-0.1014,0,0
-0.101,0.00633712,0.00634931
-0.1006,0,0
-0.1002,0,0
-0.0998,0,0
-0.0994,0,0
-0.099,0,0
-0.0986,0,0
-0.0982,0,0
-0.0978,0,0
-0.0974,0,0
-0.097,0,0
-0.0966,0,0
-0.0962,0.00637681,0.00638912
-0.0958,0,0
-0.0954,0,0
-0.095,0,0
-0.0946,0,0
-0.0942,0,0
-0.0938,0.00693961,0.00695418
-0.0934,0,0
-0.093,0,0
-0.0926,0,0
-0.0922,0,0
-0.0918,0,0
-0.0914,0,0
-0.091,0,0
-0.0906,0,0
-0.0902,0,0
-0.0898,0,0
-0.0894,0,0
-0.089,0,0
-0.0886,0,0
-0.0882,0,0
-0.0878,0,0
-0.0874,0,0
-0.087,0.00637558,0.00638784
-0.0866,0,0
-0.0862,0,0
-0.0858,0,0
-0.0854,0,0
-0.085,0,0
-0.0846,0,0
-0.0842,0,0
-0.0838,0,0
-0.0834,0,0
-0.083,0,0
-0.0826,0,0
-0.0822,0,0
-0.0818,0,0
-0.0814,0.00636064,0.00637281
-0.081,0,0
-0.0806,0,0
-0.0802,0,0
-0.0798,0,0
-0.0794,0,0
-0.079,0,0
-0.0786,0.00589718,0.00590764
-0.0782,0,0
-0.0778,0,0
-0.0774,0,0
-0.077,0,0
-0.0766,0,0
-0.0762,0,0
-0.0758,0,0
-0.0754,0,0
-0.075,0,0
-0.0746,0,0
-0.0742,0,0
-0.0738,0,0
-0.0734,0,0
-0.073,0,0
-0.0726,0,0
-0.0722,0.000501643,0.00181127
-0.0718,0,0
-0.0714,0,0
-0.071,0.00623284,0.00624449
-0.0706,0,0
-0.0702,0,0
-0.0698,0,0
-0.0694,0,0
-0.069,0.0063627,0.00637483
-0.0686,0,0
-0.0682,0,0
-0.0678,0,0
-0.0674,0,0
-0.067,0,0
-0.0666,0,0
-0.0662,0,0
-0.0658,0,0
-0.0654,0.00627697,0.00628876
-0.065,0,0
-0.0646,0,0
-0.0642,0,0
-0.0638,0,0
-0.0634,0.00612414,0.00613536
-0.063,0.005861,0.00587127
-0.0626,0,0
-0.0622,0,0
-0.0618,0,0
-0.0614,0,0
-0.061,0,0
-0.0606,0,0
-0.0602,0,0
-0.0598,0,0
-0.0594,0,0
-0.059,0,0
-0.0586,0.0022386,0.00384876
-0.0582,0.00574177,0.00575162
-0.0578,0,0
-0.0574,0,0
-0.057,0.00628831,0.00630011
-0.0566,0,0
-0.0562,0,0
-0.0558,0,0
-0.0554,0,0
-0.055,0.00259287,0.00414398
-0.0546,0,0
-0.0542,0,0
-0.0538,0.00626926,0.00628098
-0.0534,0,0
-0.053,0,0
-0.0526,0,0
-0.0522,0,0
-0.0518,0,0
-0.0514,0,0
-0.051,0.00567381,0.00588778
-0.0506,0,0
-0.0502,0,0
-0.0498,0,0
-0.0494,0,0
-0.049,0,0
-0.0486,0,0
-0.0482,0,0
-0.0478,0,0
-0.0474,0,0
-0.047,0,0
-0.0466,0,0
-0.0462,0,0
-0.0458,0,0
-0.0454,0,0
-0.045,0,0
-0.0446,0,0
-0.0442,0,0
-0.0438,0.00611252,0.00612364
-0.0434,0,0
-0.043,0,0
-0.0426,0,0
-0.0422,0.00928534,0.00749568
-0.0418,0.00579591,0.0058059
-0.0414,0,0
-0.041,0,0
-0.0406,0.00584298,0.00585314
-0.0402,0,0
-0.0398,0,0
-0.0394,0,0
-0.039,0.00579716,0.00580716
-0.0386,0,0
-0.0382,0,0
-0.0378,0,0
-0.0374,0,0
-0.037,0.00626753,0.0062792
-0.0366,0,0
-0.0362,0,0
-0.0358,0,0
-0.0354,0,0
-0.035,0,0
-0.0346,0,0
-0.0342,0,0
-0.0338,0,0
-0.0334,0,0
-0.033,0,0
-0.0326,0,0
-0.0322,0,0
-0.0318,0,0
-0.0314,0,0
-0.031,0,0
-0.0306,0,0
-0.0302,0,0
-0.0298,0,0
-0.0294,0,0
-0.029,0,0
-0.0286,0,0
-0.0282,0.00629237,0.00630412
-0.0278,0,0
-0.0274,0,0
-0.027,0,0
-0.0266,0,0
-0.0262,0,0
-0.0258,9.37959e-05,0.000736685
-0.0254,0.00634052,0.00635244
-0.025,0,0
-0.0246,0.00565705,0.00566654
-0.0242,0,0
-0.0238,0,0
-0.0234,0,0
-0.023,0,0
-0.0226,0,0
-0.0222,0,0
-0.0218,0,0
-0.0214,0.00664465,0.00665774
-0.021,0,0
-0.0206,0,0
-0.0202,0,0
-0.0198,0,0
-0.0194,0,0
-0.019,0,0
-0.0186,0,0
-0.0182,0.00812599,0.00742102
-0.0178,0,0
-0.0174,0,0
-0.017,0,0
-0.0166,0.00514716,0.00570772
-0.0162,0,0
-0.0158,0,0
-0.0154,0,0
-0.015,0,0
-0.0146,0.00637267,0.00638471
-0.0142,0,0
-0.0138,0,0
-0.0134,0,0
-0.013,0,0
-0.0126,0,0
-0.0122,0.00607254,0.00608347
-0.0118,0,0
-0.0114,0,0
-0.011,0,0
-0.0106,0,0
-0.0102,0,0
-0.0098,0,0
-0.0094,0,0
-0.009,0,0
-0.0086,0,0
-0.0082,0,0
-0.0078,0.0131521,0.00931806
-0.0074,0,0
-0.007,0,0
-0.0066,0.00597616,0.00598675
-0.0062,0.00599361,0.00600427
-0.0058,0.0027491,0.00399767
-0.0054,0,0
-0.005,0,0
-0.0046,0.0139485,0.0098835
-0.0042,0.0139002,0.00984921
-0.0038,0.0121367,0.00859793
-0.0034,0.0316287,0.014184
-0.003,0.0184683,0.0106927
-0.0026,0.0510484,0.0173506
-0.0022,0.123262,0.0266301
-0.0018,0.164655,0.0305721
-0.0014,0.361838,0.0462887
-0.001,0.672187,0.0636776
-0.0006,0.964853,0.0780141
-0.0002,0.95858,0.078475
0.0002,0.861387,0.0732085
0.0006,0.571937,0.060635
0.001,0.476244,0.0565844
0.0014,0.345924,0.0478579
0.0018,0.141378,0.0297775
0.0022,0.0585596,0.0193074
0.0026,0.0311658,0.0139703
0.003,0.0228695,0.0116258
0.0034,0.00584863,0.00585879
0.0038,0.0132397,0.0093803
0.0042,0.024123,0.0122812
0.0046,0.0122508,0.00867837
0.005,0,0
0.0054,0.00427098,0.00529264
0.0058,0.00367171,0.00473678
0.0062,0,0
0.0066,0,0
0.007,0,0
0.0074,0.0176682,0.0102186
0.0078,0,0
0.0082,0.00532812,0.00533656
0.0086,0.00532794,0.00533637
0.009,0,0
0.0094,0,0
0.0098,0.00498681,0.00540099
0.0102,0.0126726,0.00898429
0.0106,0.0127182,0.00901016
0.011,0,0
0.0114,0,0
0.0118,0.00638704,0.00639916
0.0122,0,0
0.0126,0,0
0.013,0,0
0.0134,0,0
0.0138,0,0
0.0142,0.00622647,0.006238
0.0146,0,0
0.015,0,0
0.0154,0,0
0.0158,0,0
0.0162,0.0112392,0.00796063
0.0166,0,0
0.017,0.00649288,0.00650542
0.0174,0,0
0.0178,0,0
0.0182,0,0
0.0186,0,0
0.019,0,0
0.0194,0,0
0.0198,0,0
0.0202,0,0
0.0206,0.00375568,0.00497781
0.021,0,0
0.0214,0,0
0.0218,0.00886227,0.00716266
0.0222,0,0
0.0226,0.00645219,0.00646458
0.023,0,0
0.0234,0,0
0.0238,0,0
0.0242,0.0172821,0.009995
0.0246,0,0
0.025,0.00575953,0.0057694
0.0254,0.00608738,0.00609841
0.0258,0,0
0.0262,0,0
0.0266,0,0
0.027,0.00414305,0.00520518
0.0274,0,0
0.0278,0,0
0.0282,0,0
0.0286,0,0
0.029,0,0
0.0294,0,0
0.0298,0,0
0.0302,0.00579707,0.00580708
0.0306,0.0123315,0.00873574
0.031,0.0059917,0.00600239
0.0314,0,0
0.0318,0.0019448,0.00348639
0.0322,0.00105468,0.00260308
0.0326,0,0
0.033,0.00591583,0.00592625
0.0334,0,0
0.0338,0,0
0.0342,0,0
0.0346,0,0
0.035,0,0
0.0354,0.0124457,0.00881677
0.0358,0.00592652,0.00593698
0.0362,0,0
0.0366,0.0116939,0.00828324
0.037,0,0
0.0374,0,0
0.0378,0,0
0.0382,0,0
0.0386,0,0
0.039,0,0
0.0394,0,0
0.0398,0,0
0.0402,0,0
0.0406,0,0
0.041,0.00573715,0.00574696
0.0414,0,0
0.0418,0.00398425,0.0050778
0.0422,0,0
0.0426,0,0
0.043,0,0
0.0434,0.00594206,0.00595259
0.0438,0,0
0.0442,0,0
0.0446,0.0117235,0.00830427
0.045,0,0
0.0454,0,0
0.0458,0,0
0.0462,0.0061131,0.00612424
0.0466,0,0
0.047,0,0
0.0474,0,0
0.0478,0,0
0.0482,0,0
0.0486,0,0
0.049,0.0062175,0.00622902
0.0494,0.00600918,0.00601995
0.0498,0.00638982,0.006402
0.0502,0,0
0.0506,0,0
0.051,0,0
0.0514,0,0
0.0518,0,0
0.0522,0,0
0.0526,0,0
0.053,0.00613523,0.00614645
0.0534,0,0
0.0538,0,0
0.0542,0,0
0.0546,0,0
0.055,0,0
0.0554,0,0
0.0558,0,0
0.0562,0,0
0.0566,0,0
0.057,0,0
0.0574,0.00607149,0.00608249
0.0578,0,0
0.0582,0,0
0.0586,0.00591713,0.00592757
0.059,0,0
0.0594,0,0
0.0598,0,0
0.0602,0,0
0.0606,0,0
0.061,0.00654146,0.00655423
0.0614,0,0
0.0618,0,0
0.0622,0,0
0.0626,0,0
0.063,0,0
0.0634,0,0
0.0638,0,0
0.0642,0,0
0.0646,0,0
0.065,0,0
0.0654,0,0
0.0658,0.00552847,0.00553759
0.0662,0,0
0.0666,0,0
0.067,0,0
0.0674,0,0
0.0678,0,0
0.0682,0,0
0.0686,0,0
0.069,0,0
0.0694,0,0
0.0698,0,0
0.0702,0,0
0.0706,0.00459394,0.00538435
0.071,0,0
0.0714,0,0
0.0718,0,0
0.0722,0,0
0.0726,0.00597911,0.00598978
0.073,0,0
0.0734,0,0
0.0738,0.00550998,0.00551904
0.0742,0,0
0.0746,0,0
0.075,0,0
0.0754,0,0
0.0758,0,0
0.0762,0,0
0.0766,0,0
0.077,0,0
0.0774,0,0
0.0778,0,0
0.0782,0,0
0.0786,0.00542024,0.00542901
0.079,0,0
0.0794,0,0
0.0798,0,0
0.0802,0,0
0.0806,0,0
0.081,0,0
0.0814,0,0
0.0818,0,0
0.0822,0,0
0.0826,0,0
0.083,0,0
0.0834,0,0
0.0838,0,0
0.0842,0,0
0.0846,0.00594116,0.0059517
0.085,0,0
0.0854,0,0
0.0858,0,0
0.0862,0,0
0.0866,0,0
0.087,0,0
0.0874,0,0
0.0878,0,0
0.0882,0.00628767,0.00629947
0.0886,0,0
0.089,0,0
0.0894,0,0
0.0898,0,0
0.0902,0,0
0.0906,0,0
0.091,0,0
0.0914,0,0
0.0918,0,0
0.0922,0,0
0.0926,0,0
0.093,0,0
0.0934,0,0
0.0938,0,0
0.0942,0,0
0.0946,0,0
0.095,0,0
0.0954,0,0
0.0958,0,0
0.0962,0,0
0.0966,0,0
0.097,0,0
0.0974,0,0
0.0978,0,0
0.0982,0,0
0.0986,0,0
0.099,0,0
0.0994,0,0
0.0998,0,0
0.1002,0,0
0.1006,0,0
0.101,0,0
0.1014,0,0
0.1018,0,0
0.1022,0,0
0.1026,0,0
0.103,0,0
0.1034,0,0
0.1038,0,0
0.1042,0,0
0.1046,0,0
0.105,0,0
0.1054,0,0
0.1058,0,0
0.1062,0,0
0.1066,0.00755683,0.00757384
0.107,0,0
0.1074,0,0
0.1078,0.00707276,0.00708767
0.1082,0,0
0.1086,0,0
0.109,0.00809373,0.00811324
0.1094,0,0
0.1098,0,0
0.1102,0,0
0.1106,0,0
0.111,0,0
0.1114,0,0
0.1118,0,0
0.1122,0,0
0.1126,0,0
0.113,0,0
0.1134,0,0
0.1138,0,0
0.1142,0,0
0.1146,0,0
0.115,0,0
0.1154,0,0
0.1158,0,0
0.1162,0,0
0.1166,0,0
0.117,0,0
0.1174,0,0
0.1178,0,0
0.1182,0,0
0.1186,0,0
0.119,0,0
0.1194,0,0
0.1198,0,0
5
-0.1198,0,0
-0.1194,0,0
-0.119,0,0
-0.1186,0.00651708,0.00652998
-0.1182,0.00597344,0.00598429
-0.1178,0,0
-0.1174,0,0
-0.117,0,0
-0.1166,0,0
-0.1162,0,0
-0.1158,0,0
-0.1154,0.00598661,0.00599748
-0.115,0,0
-0.1146,0,0
-0.1142,0,0
-0.1138,0.00710376,0.00711905
-0.1134,0.00710572,0.00712101
-0.113,0,0
-0.1126,0,0
-0.1122,0,0
-0.1118,0,0
-0.1114,0,0
-0.111,0,0
-0.1106,0,0
-0.1102,0,0
-0.1098,0,0
-0.1094,0,0
-0.109,0,0
-0.1086,0,0
-0.1082,0,0
-0.1078,0,0
-0.1074,0,0
-0.107,0,0
-0.1066,0,0
-0.1062,0,0
-0.1058,0,0
-0.1054,0,0
-0.105,0,0
-0.1046,0.00610357,0.00611479
-0.1042,0.00642592,0.00643834
-0.1038,0,0
-0.1034,0,0
-0.103,0,0
-0.1026,0,0
-0.1022,0,0
-0.1018,0,0
-0.1014,0,0
-0.101,0,0
-0.1006,0,0
-0.1002,0.0061913,0.0062028
-0.0998,0,0
-0.0994,0,0
-0.099,0,0
-0.0986,0,0
-0.0982,0,0
-0.0978,0.00617113,0.00618253
-0.0974,0,0
-0.097,0,0
-0.0966,0,0
-0.0962,0,0
-0.0958,0,0
-0.0954,0,0
-0.095,0,0
-0.0946,0,0
-0.0942,0,0
-0.0938,0,0
-0.0934,0,0
-0.093,0,0
-0.0926,0,0
-0.0922,0,0
-0.0918,0,0
-0.0914,0,0
-0.091,0,0
-0.0906,0,0
-0.0902,0,0
-0.0898,0,0
-0.0894,0,0
-0.089,0,0
-0.0886,0,0
-0.0882,0,0
-0.0878,0,0
-0.0874,0,0
-0.087,0.00655158,0.00656435
-0.0866,0,0
-0.0862,0,0
-0.0858,0,0
-0.0854,0.0126896,0.00899404
-0.085,0,0
-0.0846,0,0
-0.0842,0,0
-0.0838,0,0
-0.0834,0,0
-0.083,0,0
-0.0826,0,0
-0.0822,0,0
-0.0818,0.00667383,0.00668704
-0.0814,0,0
-0.081,0,0
-0.0806,0,0
-0.0802,0,0
-0.0798,0,0
-0.0794,0,0
-0.079,0,0
-0.0786,0,0
-0.0782,0,0
-0.0778,0,0
-0.0774,0,0
-0.077,0,0
-0.0766,0,0
-0.0762,0,0
-0.0758,0,0
-0.0754,0,0
-0.075,0,0
-0.0746,0,0
-0.0742,0,0
-0.0738,0,0
-0.0734,0,0
-0.073,0,0
-0.0726,0,0
-0.0722,0,0
-0.0718,0,0
-0.0714,0,0
-0.071,0,0
-0.0706,0,0
-0.0702,0,0
-0.0698,0,0
-0.0694,0,0
-0.069,0,0
-0.0686,0,0
-0.0682,0,0
-0.0678,0,0
-0.0674,0,0
-0.067,0,0
-0.0666,0,0
-0.0662,0,0
-0.0658,0.00605233,0.00606311
-0.0654,0,0
-0.065,0,0
-0.0646,0,0
-0.0642,0,0
-0.0638,0,0
-0.0634,0,0
-0.063,0,0
-0.0626,0,0
-0.0622,0,0
-0.0618,0,0
-0.0614,0,0
-0.061,0,0
-0.0606,0,0
-0.0602,0,0
-0.0598,0,0
-0.0594,0,0
-0.059,0.00320648,0.00456222
-0.0586,0.00443528,0.00546871
-0.0582,0,0
-0.0578,0,0
-0.0574,0,0
-0.057,0.00641162,0.00642367
-0.0566,0,0
-0.0562,0,0
-0.0558,0.0066827,0.00669578
-0.0554,0,0
-0.055,0,0
-0.0546,0,0
-0.0542,0,0
-0.0538,0,0
-0.0534,0.00620323,0.00621449
-0.053,0.00660713,0.0066199
-0.0526,0,0
-0.0522,0,0
-0.0518,0,0
-0.0514,0,0
-0.051,0,0
-0.0506,0,0
-0.0502,0,0
-0.0498,0,0
-0.0494,0,0
-0.049,0,0
-0.0486,0,0
-0.0482,0,0
-0.0478,0,0
-0.0474,0,0
-0.047,0,0
-0.0466,0,0
-0.0462,0,0
-0.0458,0,0
-0.0454,0,0
-0.045,0,0
-0.0446,0,0
-0.0442,0,0
-0.0438,0,0
-0.0434,0,0
-0.043,0,0
-0.0426,0,0
-0.0422,0.00621917,0.00623044
-0.0418,0,0
-0.0414,0,0
-0.041,0,0
-0.0406,0,0
-0.0402,0,0
-0.0398,0,0
-0.0394,0.00605693,0.00606761
-0.039,0,0
-0.0386,0.00617098,0.00618206
-0.0382,0,0
-0.0378,0,0
-0.0374,0.00640371,0.00641564
-0.037,0.00640435,0.00641628
-0.0366,0,0
-0.0362,0,0
-0.0358,0,0
-0.0354,0,0
-0.035,0,0
-0.0346,0.01242,0.0088024
-0.0342,0.00196258,0.00355143
-0.0338,0.00613594,0.00614688
-0.0334,0,0
-0.033,0,0
-0.0326,0,0
-0.0322,0,0
-0.0318,0,0
-0.0314,0,0
-0.031,0,0
-0.0306,0,0
-0.0302,0,0
-0.0298,0.00624842,0.00625975
-0.0294,0.00596333,0.00597365
-0.029,0,0
-0.0286,0,0
-0.0282,0,0
-0.0278,0,0
-0.0274,0.00658284,0.00659541
-0.027,0,0
-0.0266,0,0
-0.0262,0,0
-0.0258,0,0
-0.0254,0,0
-0.025,0,0
-0.0246,0,0
-0.0242,0,0
-0.0238,0.000792851,0.00210207
-0.0234,0,0
-0.023,0.00622543,0.00623666
-0.0226,0,0
-0.0222,0,0
-0.0218,0,0
-0.0214,0.00680235,0.00681575
-0.021,0,0
-0.0206,0,0
-0.0202,0,0
-0.0198,0,0
-0.0194,0,0
-0.019,0.00601187,0.00602234
-0.0186,0,0
-0.0182,0.0119689,0.00847799
-0.0178,0,0
-0.0174,0,0
-0.017,0,0
-0.0166,0,0
-0.0162,0.00691618,0.00693002
-0.0158,0.00652435,0.00653667
-0.0154,0.00648722,0.00649939
-0.015,0,0
-0.0146,0,0
-0.0142,0,0
-0.0138,0,0
-0.0134,0,0
-0.013,0.00605228,0.00606287
-0.0126,0.00644407,0.00645608
-0.0122,0,0
-0.0118,0,0
-0.0114,0.00695408,0.00696806
-0.011,0,0
-0.0106,0,0
-0.0102,0,0
-0.0098,0,0
-0.0094,0,0
-0.009,0,0
-0.0086,0,0
-0.0082,0,0
-0.0078,0,0
-0.0074,0,0
-0.007,0,0
-0.0066,0,0
-0.0062,0,0
-0.0058,0,0
-0.0054,0.00598499,0.00599533
-0.005,0.0260371,0.0130431
-0.0046,0,0
-0.0042,0.0142864,0.0101228
-0.0038,0.00616893,0.00617991
-0.0034,0.0134517,0.00953024
-0.003,0.0741661,0.0214563
-0.0026,0.0846505,0.0226642
-0.0022,0.112679,0.025884
-0.0018,0.264922,0.0393366
-0.0014,0.407461,0.0497647
-0.001,0.648495,0.063437
-0.0006,0.767514,0.0705268
-0.0002,0.777298,0.0716701
0.0002,0.79799,0.0714716
0.0006,0.61186,0.0636818
0.001,0.403854,0.052837
0.0014,0.289142,0.0444164
0.0018,0.110515,0.0266975
0.0022,0.109245,0.0267622
0.0026,0.0826804,0.0229855
0.003,0.0197266,0.0114108
0.0034,0.0183492,0.0106126
0.0038,0,0
0.0042,0,0
0.0046,0.0126109,0.0089335
0.005,0,0
0.0054,0.00672558,0.00673863
0.0058,0.00248826,0.00395642
0.0062,0,0
0.0066,0,0
0.007,0.00661956,0.0066322
0.0074,0.00606382,0.00607443
0.0078,0,0
0.0082,0,0
0.0086,0.00585895,0.00586885
0.009,0,0
0.0094,0,0
0.0098,0.0120047,0.00850332
0.0102,0,0
0.0106,0,0
0.011,0,0
0.0114,0.00644958,0.00646158
0.0118,0.00657753,0.00659001
0.0122,0,0
0.0126,0,0
0.013,0,0
0.0134,0.00657134,0.0065838
0.0138,0,0
0.0142,0,0
0.0146,0,0
0.015,0.00624159,0.00625284
0.0154,0,0
0.0158,0,0
0.0162,0,0
0.0166,0,0
0.017,0.0134555,0.00953313
0.0174,0.00614169,0.00615258
0.0178,0,0
0.0182,0,0
0.0186,0,0
0.019,0,0
0.0194,0,0
0.0198,0,0
0.0202,0,0
0.0206,0.00948519,0.00795193
0.021,0,0
0.0214,0,0
0.0218,0.00594879,0.005959
0.0222,0,0
0.0226,0,0
0.023,0,0
0.0234,0,0
0.0238,0,0
0.0242,0.00594171,0.0059519
0.0246,0,0
0.025,0,0
0.0254,0,0
0.0258,0,0
0.0262,0,0
0.0266,0.0182514,0.010556
0.027,0.00916881,0.00786586
0.0274,0,0
0.0278,0,0
0.0282,0,0
0.0286,0,0
0.029,0,0
0.0294,0,0
0.0298,0,0
0.0302,0,0
0.0306,0,0
0.031,0,0
0.0314,0,0
0.0318,0,0
0.0322,0.00660947,0.00662207
0.0326,0,0
0.033,0,0
0.0334,0,0
0.0338,0,0
0.0342,0.00585345,0.00586333
0.0346,0,0
0.035,0,0
0.0354,0.0064294,0.00644131
0.0358,0,0
0.0362,0,0
0.0366,0,0
0.037,0,0
0.0374,0,0
0.0378,0,0
0.0382,0,0
0.0386,0,0
0.039,0,0
0.0394,0.0062131,0.00622423
0.0398,0,0
0.0402,0,0
0.0406,0,0
0.041,0,0
0.0414,0,0
0.0418,0,0
0.0422,0.00645616,0.00646817
0.0426,0,0
0.043,0,0
0.0434,0,0
0.0438,0,0
0.0442,0.00610166,0.00611238
0.0446,0,0
0.045,0,0
0.0454,0,0
0.0458,0,0
0.0462,0,0
0.0466,0,0
0.047,0,0
0.0474,0,0
0.0478,0,0
0.0482,0.00575985,0.0057694
0.0486,0,0
0.049,0,0
0.0494,0,0
0.0498,0,0
0.0502,0,0
0.0506,0,0
0.051,0,0
0.0514,0.00658121,0.00659366
0.0518,0,0
0.0522,0,0
0.0526,0,0
0.053,0.00636436,0.00637601
0.0534,0,0
0.0538,0,0
0.0542,0,0
0.0546,0.00668157,0.00669441
0.055,0.0116345,0.00824064
0.0554,0.00619567,0.0062067
0.0558,0,0
0.0562,0,0
0.0566,0.006795,0.00680827
0.057,0,0
0.0574,0.00630514,0.00631656
0.0578,0,0
0.0582,0,0
0.0586,0,0
0.059,0,0
0.0594,0,0
0.0598,0,0
0.0602,0,0
0.0606,0,0
0.061,0,0
0.0614,0,0
0.0618,0,0
0.0622,0,0
0.0626,0,0
0.063,0,0
0.0634,0,0
0.0638,0,0
0.0642,0,0
0.0646,0,0
0.065,0.00632994,0.00634143
0.0654,0,0
0.0658,0,0
0.0662,0,0
0.0666,0,0
0.067,0,0
0.0674,0,0
0.0678,0,0
0.0682,0,0
0.0686,0,0
0.069,0,0
0.0694,0,0
0.0698,0,0
0.0702,0.00638008,0.00639173
0.0706,0,0
0.071,0.00632542,0.00633688
0.0714,0,0
0.0718,0,0
0.0722,0,0
0.0726,0,0
0.073,0,0
0.0734,0,0
0.0738,0,0
0.0742,0,0
0.0746,0,0
0.075,0.00597951,0.00598973
0.0754,0,0
0.0758,0,0
0.0762,0,0
0.0766,0,0
0.077,0,0
0.0774,0,0
0.0778,0,0
0.0782,0,0
0.0786,0,0
0.079,0,0
0.0794,0,0
0.0798,0,0
0.0802,0,0
0.0806,0,0
0.081,0,0
0.0814,0,0
0.0818,0,0
0.0822,0,0
0.0826,0,0
0.083,0,0
0.0834,0,0
0.0838,0,0
0.0842,0,0
0.0846,0,0
0.085,0,0
0.0854,0,0
0.0858,0,0
0.0862,0,0
0.0866,0,0
0.087,0,0
0.0874,0.00246623,0.00398599
0.0878,0,0
0.0882,0,0
0.0886,0,0
0.089,0,0
0.0894,0,0
0.0898,0,0
0.0902,0,0
0.0906,0,0
0.091,0,0
0.0914,0,0
0.0918,0,0
0.0922,0,0
0.0926,0,0
0.093,0,0
0.0934,0,0
0.0938,0,0
0.0942,0,0
0.0946,0,0
0.095,0,0
0.0954,0,0
0.0958,0,0
0.0962,0,0
0.0966,0,0
0.097,0,0
0.0974,0,0
0.0978,0,0
0.0982,0,0
0.0986,0,0
0.099,0,0
0.0994,0,0
0.0998,0,0
0.1002,0,0
0.1006,0,0
0.101,0,0
0.1014,0,0
0.1018,0,0
0.1022,0,0
0.1026,0,0
0.103,0,0
0.1034,0,0
0.1038,0,0
0.1042,0,0
0.1046,0,0
0.105,0,0
0.1054,0,0
0.1058,0,0
0.1062,0,0
0.1066,0,0
0.107,0,0
0.1074,0,0
0.1078,0,0
0.1082,0,0
0.1086,0,0
0.109,0,0
0.1094,0,0
0.1098,0,0
0.1102,0,0
0.1106,0,0
0.111,0,0
0.1114,0,0
0.1118,0.00934896,0.00937356
0.1122,0,0
0.1126,0,0
0.113,0,0
0.1134,0,0
0.1138,0.0106089,0.0106406
0.1142,0.0102139,0.0102432
0.1146,0,0
0.115,0,0
0.1154,0,0
0.1158,0,0
0.1162,0.0102757,0.0103053
0.1166,0,0
0.117,0,0
0.1174,0,0
0.1178,0,0
0.1182,0,0
0.1186,0,0
0.119,0.0108424,0.0108754
0.1194,0,0
0.1198,0,0
6
-0.1198,0,0
-0.1194,0,0
-0.119,0,0
-0.1186,0,0
-0.1182,0,0
-0.1178,0,0
-0.1174,0,0
-0.117,0,0
-0.1166,0,0
-0.1162,0,0
-0.1158,0,0
-0.1154,0,0
-0.115,0,0
-0.1146,0,0
-0.1142,0,0
-0.1138,0,0
-0.1134,0,0
-0.113,0,0
-0.1126,0,0
-0.1122,0,0
-0.1118,0,0
-0.1114,0,0
-0.111,0,0
-0.1106,0,0
-0.1102,0,0
-0.1098,0,0
-0.1094,0,0
-0.109,0,0
-0.1086,0,0
-0.1082,0,0
-0.1078,0,0
-0.1074,0,0
-0.107,0,0
-0.1066,0,0
-0.1062,0,0
-0.1058,0,0
-0.1054,0,0
-0.105,0,0
-0.1046,0,0
-0.1042,0,0
-0.1038,0,0
-0.1034,0,0
-0.103,0,0
-0.1026,0,0
-0.1022,0,0
-0.1018,0,0
-0.1014,0,0
-0.101,0.00571623,0.00572723
-0.1006,0,0
-0.1002,0,0
-0.0998,0,0
-0.0994,0,0
-0.099,0,0
-0.0986,0,0
-0.0982,0,0
-0.0978,0,0
-0.0974,0,0
-0.097,0,0
-0.0966,0,0
-0.0962,0,0
-0.0958,0,0
-0.0954,0,0
-0.095,0,0
-0.0946,0,0
-0.0942,0,0
-0.0938,0,0
-0.0934,0.00571258,0.00572349
-0.093,0,0
-0.0926,0,0
-0.0922,0,0
-0.0918,0,0
-0.0914,0,0
-0.091,0,0
-0.0906,0,0
-0.0902,0,0
-0.0898,0,0
-0.0894,0,0
-0.089,0.00559641,0.00560685
-0.0886,0,0
-0.0882,0,0
-0.0878,0,0
-0.0874,0,0
-0.087,0,0
-0.0866,0,0
-0.0862,0,0
-0.0858,0,0
-0.0854,0,0
-0.085,0,0
-0.0846,0,0
-0.0842,0,0
-0.0838,0,0
-0.0834,0,0
-0.083,0,0
-0.0826,0,0
-0.0822,0,0
-0.0818,0,0
-0.0814,0,0
-0.081,0,0
-0.0806,0,0
-0.0802,0,0
-0.0798,0,0
-0.0794,0,0
-0.079,0,0
-0.0786,0,0
-0.0782,0,0
-0.0778,0,0
-0.0774,0,0
-0.077,0,0
-0.0766,0.00548526,0.00549542
-0.0762,0,0
-0.0758,0,0
-0.0754,0,0
-0.075,0,0
-0.0746,0.00541166,0.00542157
-0.0742,0,0
-0.0738,0,0
-0.0734,0.00559026,0.00560084
-0.073,0,0
-0.0726,0,0
-0.0722,0,0
-0.0718,0.0105622,0.00748197
-0.0714,0,0
-0.071,0,0
-0.0706,0,0
-0.0702,0,0
-0.0698,0,0
-0.0694,0,0
-0.069,0,0
-0.0686,0,0
-0.0682,0,0
-0.0678,0,0
-0.0674,0,0
-0.067,0,0
-0.0666,0,0
-0.0662,0,0
-0.0658,0,0
-0.0654,0,0
-0.065,0,0
-0.0646,0,0
-0.0642,0,0
-0.0638,0,0
-0.0634,0,0
-0.063,0,0
-0.0626,0,0
-0.0622,0,0
-0.0618,0,0
-0.0614,0,0
-0.061,0.00535283,0.00536264
-0.0606,0,0
-0.0602,0,0
-0.0598,0,0
-0.0594,0,0
-0.059,0.00278715,0.00393279
-0.0586,0,0
-0.0582,0,0
-0.0578,0,0
-0.0574,0,0
-0.057,0,0
-0.0566,0,0
-0.0562,0,0
-0.0558,0,0
-0.0554,0,0
-0.055,0,0
-0.0546,0,0
-0.0542,0.00526859,0.00527814
-0.0538,0.00543078,0.00544094
-0.0534,0,0
-0.053,0,0
-0.0526,0,0
-0.0522,0,0
-0.0518,0,0
-0.0514,0,0
-0.051,0,0
-0.0506,0.00570723,0.00571847
-0.0502,0,0
-0.0498,0,0
-0.0494,0,0
-0.049,0,0
-0.0486,0,0
-0.0482,0,0
-0.0478,0,0
-0.0474,0,0
-0.047,0,0
-0.0466,0,0
-0.0462,0.0102598,0.00727078
-0.0458,0,0
-0.0454,0,0
-0.045,0,0
-0.0446,0,0
-0.0442,0,0
-0.0438,0,0
-0.0434,0,0
-0.043,0,0
-0.0426,0,0
-0.0422,0,0
-0.0418,0,0
-0.0414,0,0
-0.041,0,0
-0.0406,0.0105735,0.00750152
-0.0402,0,0
-0.0398,0,0
-0.0394,0,0
-0.039,0,0
-0.0386,0,0
-0.0382,0,0
-0.0378,0,0
-0.0374,0,0
-0.037,0,0
-0.0366,0,0
-0.0362,0,0
-0.0358,0,0
-0.0354,0,0
-0.035,0,0
-0.0346,0,0
-0.0342,0.0036977,0.00444859
-0.0338,0,0
-0.0334,0,0
-0.033,0,0
-0.0326,0,0
-0.0322,0,0
-0.0318,0,0
-0.0314,0,0
-0.031,0,0
-0.0306,0,0
-0.0302,0.00498016,0.00498884
-0.0298,0,0
-0.0294,0,0
-0.029,0,0
-0.0286,0,0
-0.0282,0.00533399,0.00534395
-0.0278,0.00528456,0.00529434
-0.0274,0.0101924,0.00722
-0.027,0.00541385,0.00542412
-0.0266,0,0
-0.0262,0,0
-0.0258,0,0
-0.0254,0,0
-0.025,0,0
-0.0246,0,0
-0.0242,0,0
-0.0238,0.00393442,0.00425616
-0.0234,0,0
-0.023,0.00514031,0.00514958
-0.0226,0.00516586,0.00517523
-0.0222,0,0
-0.0218,0,0
-0.0214,0,0
-0.021,0.00492057,0.00492907
-0.0206,0,0
-0.0202,0,0
-0.0198,0,0
-0.0194,0,0
-0.019,0,0
-0.0186,0,0
-0.0182,0,0
-0.0178,0,0
-0.0174,0.0050429,0.00505184
-0.017,0,0
-0.0166,0,0
-0.0162,0.00568688,0.00569825
-0.0158,0,0
-0.0154,0,0
-0.015,0,0
-0.0146,0.00482536,0.00483356
-0.0142,0,0
-0.0138,0,0
-0.0134,0.00458564,0.00459305
-0.013,0.00516969,0.0051791
-0.0126,0,0
-0.0122,0,0
-0.0118,0,0
-0.0114,0,0
-0.011,0.00533311,0.00534313
-0.0106,0,0
-0.0102,0,0
-0.0098,0.00469606,0.00470384
-0.0094,0,0
-0.009,0,0
-0.0086,0.00466911,0.0046768
-0.0082,0,0
-0.0078,0,0
-0.0074,0,0
-0.007,0.00526958,0.00527938
-0.0066,0,0
-0.0062,0.00486723,0.0048756
-0.0058,0.00486669,0.00487505
-0.0054,0,0
-0.005,0.0106412,0.0075386
-0.0046,0.0117152,0.00830102
-0.0042,0.00583691,0.00584894
-0.0038,0.00515236,0.00516174
-0.0034,0.0100791,0.00713966
-0.003,0.015022,0.00868834
-0.0026,0.0246728,0.0110533
-0.0022,0.0763771,0.0191475
-0.0018,0.0708895,0.0183603
-0.0014,0.190068,0.0307776
-0.001,0.31267,0.0397918
-0.0006,0.400809,0.0460757
-0.0002,0.290856,0.039643
0.0002,0.395857,0.0454665
0.0006,0.249869,0.0369343
0.001,0.269736,0.0390147
0.0014,0.220692,0.0349734
0.0018,0.106286,0.0238186
0.0022,0.0731249,0.0195964
0.0026,0.0617747,0.0178737
0.003,0.0205571,0.0103074
0.0034,0.00998268,0.00707129
0.0038,0.0163808,0.00947902
0.0042,0,0
0.0046,0.0154353,0.00892779
0.005,0.0102873,0.00728744
0.0054,0,0
0.0058,0.0158102,0.00914699
0.0062,0.00534653,0.00535663
0.0066,0,0
0.007,0,0
0.0074,0,0
0.0078,0,0
0.0082,0,0
0.0086,0,0
0.009,0,0
0.0094,0.00503661,0.00504556
0.0098,0,0
0.0102,0.00554045,0.00555127
0.0106,0,0
0.011,0,0
0.0114,0,0
0.0118,0,0
0.0122,0.00549736,0.005508
0.0126,0,0
0.013,0,0
0.0134,0.00538892,0.00539914
0.0138,0,0
0.0142,0,0
0.0146,0,0
0.015,0,0
0.0154,0,0
0.0158,0,0
0.0162,0,0
0.0166,0,0
0.017,0,0
0.0174,0,0
0.0178,0,0
0.0182,0,0
0.0186,0.00598407,0.00599659
0.019,0,0
0.0194,0.0111919,0.00792932
0.0198,0,0
0.0202,0,0
0.0206,0,0
0.021,0,0
0.0214,0,0
0.0218,0,0
0.0222,0,0
0.0226,0,0
0.023,0.00464998,0.00479335
0.0234,0,0
0.0238,0,0
0.0242,0.00494988,0.00495836
0.0246,0,0
0.025,0,0
0.0254,0,0
0.0258,0,0
0.0262,0,0
0.0266,0,0
0.027,0,0
0.0274,0,0
0.0278,0,0
0.0282,0,0
0.0286,0.00502192,0.00503059
0.029,0,0
0.0294,0,0
0.0298,0,0
0.0302,0,0
0.0306,0,0
0.031,0,0
0.0314,0,0
0.0318,0,0
0.0322,0,0
0.0326,0,0
0.033,0.00505994,0.00506867
0.0334,0.00351117,0.00426157
0.0338,0,0
0.0342,0,0
0.0346,0,0
0.035,0,0
0.0354,0,0
0.0358,0,0
0.0362,0,0
0.0366,0,0
0.037,0,0
0.0374,0,0
0.0378,0,0
0.0382,0,0
0.0386,0,0
0.039,0,0
0.0394,0.0062137,0.00622673
0.0398,0,0
0.0402,0,0
0.0406,0,0
0.041,0,0
0.0414,0,0
0.0418,0,0
0.0422,0,0
0.0426,0,0
0.043,0,0
0.0434,0,0
0.0438,0,0
0.0442,0,0
0.0446,0,0
0.045,0,0
0.0454,0,0
0.0458,0,0
0.0462,0,0
0.0466,0.0102465,0.00725777
0.047,0,0
0.0474,0,0
0.0478,0,0
0.0482,0.00497968,0.00498793
0.0486,0,0
0.049,0,0
0.0494,0,0
0.0498,0,0
0.0502,0,0
0.0506,0,0
0.051,0.00548285,0.00549281
0.0514,0,0
0.0518,0,0
0.0522,0,0
0.0526,0,0
0.053,0,0
0.0534,0,0
0.0538,0,0
0.0542,0.00571677,0.00572754
0.0546,0,0
0.055,0.00507741,0.0050859
0.0554,0,0
0.0558,0,0
0.0562,0,0
0.0566,0,0
0.057,0,0
0.0574,0,0
0.0578,0,0
0.0582,0,0
0.0586,0,0
0.059,0,0
0.0594,0,0
0.0598,0,0
0.0602,0,0
0.0606,0,0
0.061,0,0
0.0614,0,0
0.0618,0,0
0.0622,0,0
0.0626,0,0
0.063,0.00516934,0.00517803
0.0634,0,0
0.0638,0,0
0.0642,0,0
0.0646,0,0
0.065,0,0
0.0654,0,0
0.0658,0,0
0.0662,0,0
0.0666,0,0
0.067,0,0
0.0674,0.00568953,0.00569998
0.0678,0,0
0.0682,0,0
0.0686,0.00572215,0.00573271
0.069,0,0
0.0694,0,0
0.0698,0,0
0.0702,0,0
0.0706,0,0
0.071,0,0
0.0714,0,0
0.0718,0,0
0.0722,0,0
0.0726,0,0
0.073,0,0
0.0734,0,0
0.0738,0,0
0.0742,0.00538095,0.00539021
0.0746,0,0
0.075,0.00535256,0.00536171
0.0754,0,0
0.0758,0,0
0.0762,0,0
0.0766,0,0
0.077,0,0
0.0774,0,0
0.0778,0,0
0.0782,0,0
0.0786,0,0
0.079,0,0
0.0794,0,0
0.0798,0,0
0.0802,0,0
0.0806,0,0
0.081,0,0
0.0814,0,0
0.0818,0.00633683,0.00634952
0.0822,0,0
0.0826,0,0
0.083,0.00572355,0.00573389
0.0834,0,0
0.0838,0,0
0.0842,0,0
0.0846,0,0
0.085,0,0
0.0854,0.00582476,0.00583544
0.0858,0,0
0.0862,0,0
0.0866,0,0
0.087,0,0
0.0874,0.0094104,0.00741669
0.0878,0,0
0.0882,0,0
0.0886,0,0
0.089,0,0
0.0894,0,0
0.0898,0,0
0.0902,0,0
0.0906,0.000633559,0.00190627
0.091,0,0
0.0914,0.00613333,0.00614507
0.0918,0,0
0.0922,0,0
0.0926,0,0
0.093,0,0
0.0934,0.00115235,0.00257097
0.0938,0,0
0.0942,0.00586496,0.00587565
0.0946,0,0
0.095,0,0
0.0954,0,0
0.0958,0,0
0.0962,0,0
0.0966,0,0
0.097,0,0
0.0974,0.00654767,0.00656093
0.0978,0,0
0.0982,0,0
0.0986,0,0
0.099,0,0
0.0994,0,0
0.0998,0,0
0.1002,0,0
0.1006,0,0
0.101,0,0
0.1014,0,0
0.1018,0,0
0.1022,0,0
0.1026,0,0
0.103,0,0
0.1034,0,0
0.1038,0,0
0.1042,0,0
0.1046,0,0
0.105,0,0
0.1054,0,0
0.1058,7.48945e-08,2.2827e-05
0.1062,0,0
0.1066,0,0
0.107,0,0
0.1074,0.0074427,0.00745967
0.1078,0,0
0.1082,0.00716894,0.00718468
0.1086,0,0
0.109,0,0
0.1094,0,0
0.1098,0,0
0.1102,0,0
0.1106,0.00794253,0.00796184
0.111,0,0
0.1114,0,0
0.1118,0,0
0.1122,0,0
0.1126,0,0
0.113,0,0
0.1134,0,0
0.1138,0.00973849,0.00976753
0.1142,0,0
0.1146,0,0
0.115,0,0
0.1154,0,0
0.1158,0,0
0.1162,0,0
0.1166,0,0
0.117,0,0
0.1174,0,0
0.1178,0,0
0.1182,0.00893085,0.00895535
0.1186,0,0
0.119,0,0
0.1194,0,0
0.1198,0,0
7
-0.1198,0,0
-0.1194,0,0
-0.119,0,0
-0.1186,0,0
-0.1182,0,0
-0.1178,0,0
-0.1174,0,0
-0.117,0,0
-0.1166,0,0
-0.1162,0,0
-0.1158,0,0
-0.1154,0.00523795,0.00524746
-0.115,0,0
-0.1146,0,0
-0.1142,0.00581989,0.00583164
-0.1138,0,0
-0.1134,0,0
-0.113,0,0
-0.1126,0,0
-0.1122,0,0
-0.1118,0,0
-0.1114,0,0
-0.111,0,0
-0.1106,0.0112093,0.00794162
-0.1102,0,0
-0.1098,0,0
-0.1094,0,0
-0.109,0,0
-0.1086,0,0
-0.1082,0.00570417,0.0057155
-0.1078,0,0
-0.1074,0,0
-0.107,0,0
-0.1066,0,0
-0.1062,0,0
-0.1058,0,0
-0.1054,0.00569388,0.0057052
-0.105,0,0
-0.1046,0,0
-0.1042,0,0
-0.1038,0.00522038,0.00522992
-0.1034,0,0
-0.103,0,0
-0.1026,0,0
-0.1022,0,0
-0.1018,0,0
-0.1014,0,0
-0.101,0.00548529,0.00549584
-0.1006,0,0
-0.1002,0,0
-0.0998,0,0
-0.0994,0,0
-0.099,0,0
-0.0986,0,0
-0.0982,0,0
-0.0978,0,0
-0.0974,0,0
-0.097,0,0
-0.0966,0,0
-0.0962,0,0
-0.0958,0.00563018,0.00564136
-0.0954,0,0
-0.095,0,0
-0.0946,0,0
-0.0942,0,0
-0.0938,0,0
-0.0934,0,0
-0.093,0,0
-0.0926,0,0
-0.0922,0,0
-0.0918,0,0
-0.0914,0,0
-0.091,0,0
-0.0906,0,0
-0.0902,0,0
-0.0898,0,0
-0.0894,0,0
-0.089,0,0
-0.0886,0,0
-0.0882,0,0
-0.0878,0,0
-0.0874,0,0
-0.087,0,0
-0.0866,0,0
-0.0862,0,0
-0.0858,0,0
-0.0854,0,0
-0.085,0,0
-0.0846,0.00542223,0.00543264
-0.0842,0,0
-0.0838,0,0
-0.0834,0,0
-0.083,0.00560837,0.00561949
-0.0826,0,0
-0.0822,0,0
-0.0818,0,0
-0.0814,0,0
-0.081,0,0
-0.0806,0,0
-0.0802,0,0
-0.0798,0,0
-0.0794,0,0
-0.079,0,0
-0.0786,0,0
-0.0782,0.0056026,0.00561368
-0.0778,0,0
-0.0774,0,0
-0.077,0.00520099,0.00521053
-0.0766,0,0
-0.0762,0.00548699,0.00549761
-0.0758,0,0
-0.0754,0,0
-0.075,0,0
-0.0746,0,0
-0.0742,0,0
-0.0738,0,0
-0.0734,0,0
-0.073,0,0
-0.0726,0,0
-0.0722,0,0
-0.0718,0,0
-0.0714,0,0
-0.071,0,0
-0.0706,0,0
-0.0702,0,0
-0.0698,0,0
-0.0694,0,0
-0.069,0,0
-0.0686,0,0
-0.0682,0,0
-0.0678,0,0
-0.0674,0,0
-0.067,0,0
-0.0666,0,0
-0.0662,0,0
-0.0658,0,0
-0.0654,0,0
-0.065,0,0
-0.0646,0,0
-0.0642,0,0
-0.0638,0,0
-0.0634,0,0
-0.063,0,0
-0.0626,0.00575975,0.0057713
-0.0622,0,0
-0.0618,0,0
-0.0614,0,0
-0.061,0,0
-0.0606,0,0
-0.0602,0,0
-0.0598,0.00536954,0.00537954
-0.0594,0,0
-0.059,0,0
-0.0586,0.00512897,0.00513809
-0.0582,0,0
-0.0578,0,0
-0.0574,0.0061748,0.006188
-0.057,0,0
-0.0566,0,0
-0.0562,0,0
-0.0558,0,0
-0.0554,0,0
-0.055,0,0
-0.0546,0,0
-0.0542,0.00542512,0.00543527
-0.0538,0,0
-0.0534,0,0
-0.053,0,0
-0.0526,0,0
-0.0522,0,0
-0.0518,0.00487641,0.00488459
-0.0514,0,0
-0.051,0,0
-0.0506,0,0
-0.0502,0.00531791,0.00532761
-0.0498,0,0
-0.0494,0,0
-0.049,0,0
-0.0486,0,0
-0.0482,0,0
-0.0478,0.00624038,0.00625368
-0.0474,0.0058257,0.00583728
-0.047,0,0
-0.0466,0.00512823,0.0051372
-0.0462,0,0
-0.0458,0.00272522,0.00383882
-0.0454,0,0
-0.045,0,0
-0.0446,0,0
-0.0442,0.00553953,0.00554996
-0.0438,0.00535732,0.00536707
-0.0434,0,0
-0.043,0,0
-0.0426,0,0
-0.0422,0.00484593,0.00506102
-0.0418,0.00509378,0.00510257
-0.0414,0,0
-0.041,0,0
-0.0406,0,0
-0.0402,0,0
-0.0398,0,0
-0.0394,0,0
-0.039,0.00511535,0.00512417
-0.0386,0,0
-0.0382,0,0
-0.0378,0,0
-0.0374,0.0059323,0.00594412
-0.037,0,0
-0.0366,0,0
-0.0362,0,0
-0.0358,0,0
-0.0354,0,0
-0.035,0,0
-0.0346,0,0
-0.0342,0,0
-0.0338,0,0
-0.0334,0,0
-0.033,0,0
-0.0326,0,0
-0.0322,0,0
-0.0318,0,0
-0.0314,0,0
-0.031,0,0
-0.0306,0,0
-0.0302,0,0
-0.0298,0.0052211,0.00523014
-0.0294,0,0
-0.029,0.00541529,0.005425
-0.0286,0,0
-0.0282,0,0
-0.0278,0,0
-0.0274,0.00308525,0.00409243
-0.027,0.00575158,0.00576248
-0.0266,0,0
-0.0262,0.00519656,0.00520545
-0.0258,0,0
-0.0254,0,0
-0.025,0,0
-0.0246,0,0
-0.0242,0,0
-0.0238,0,0
-0.0234,0,0
-0.023,0,0
-0.0226,0,0
-0.0222,0,0
-0.0218,0,0
-0.0214,0,0
-0.021,0,0
-0.0206,0,0
-0.0202,0,0
-0.0198,0,0
-0.0194,0,0
-0.019,0,0
-0.0186,0,0
-0.0182,0,0
-0.0178,0,0
-0.0174,0,0
-0.017,0,0
-0.0166,0,0
-0.0162,0,0
-0.0158,0,0
-0.0154,0,0
-0.015,0.0107764,0.0076348
-0.0146,0.000797296,0.0021688
-0.0142,0,0
-0.0138,0,0
-0.0134,0.00545736,0.00546691
-0.013,0,0
-0.0126,0,0
-0.0122,0,0
-0.0118,0,0
-0.0114,0,0
-0.011,0,0
-0.0106,0.005927,0.00593821
-0.0102,0.0114056,0.00766969
-0.0098,0,0
-0.0094,0,0
-0.009,0.00545851,0.00546799
-0.0086,0,0
-0.0082,0.00613675,0.00614871
-0.0078,0.00614087,0.00615284
-0.0074,0,0
-0.007,0.0058655,0.00587641
-0.0066,0.00586933,0.00588024
-0.0062,0.00561276,0.00562274
-0.0058,0,0
-0.0054,0.00550958,0.00551918
-0.005,0.00305407,0.00426891
-0.0046,0.0130987,0.00928133
-0.0042,0.020376,0.0115598
-0.0038,0.0119433,0.00822952
-0.0034,0.00564712,0.00565717
-0.003,0.0414855,0.0157259
-0.0026,0.0443146,0.0156954
-0.0022,0.0781647,0.0207169
-0.0018,0.128138,0.0262039
-0.0014,0.337448,0.0433853
-0.001,0.36315,0.0454896
-0.0006,0.481508,0.0535528
-0.0002,0.632547,0.0620782
0.0002,0.579063,0.058396
0.0006,0.634634,0.0622302
0.001,0.533802,0.0583214
0.0014,0.376463,0.0485559
0.0018,0.307114,0.0428151
0.0022,0.16357,0.0313579
0.0026,0.114713,0.0261034
0.003,0.038335,0.0148411
0.0034,0.0235102,0.0117261
0.0038,0.0185658,0.0107434
0.0042,0,0
0.0046,0.0116717,0.00826814
0.005,0.0116752,0.00827062
0.0054,0.0303549,0.0136084
0.0058,0.0294953,0.0131786
0.0062,0.019609,0.0109295
0.0066,0.0119495,0.00846525
0.007,0,0
0.0074,0,0
0.0078,0,0
0.0082,0.00510106,0.00510913
0.0086,0,0
0.009,0,0
0.0094,0.00587292,0.00588361
0.0098,0.0111784,0.00791804
0.0102,0,0
0.0106,0.0122023,0.00864465
0.011,0,0
0.0114,0,0
0.0118,0,0
0.0122,0,0
0.0126,0,0
0.013,0,0
0.0134,0,0
0.0138,0.00598782,0.00599891
0.0142,0,0
0.0146,0,0
0.015,0,0
0.0154,0,0
0.0158,0.00506524,0.00507317
0.0162,0,0
0.0166,0,0
0.017,0,0
0.0174,0,0
0.0178,0.00548599,0.00549529
0.0182,0.00597859,0.00598964
0.0186,0,0
0.019,0,0
0.0194,0,0
0.0198,0.00576944,0.00577974
0.0202,0,0
0.0206,0.00631014,0.00632247
0.021,0,0
0.0214,0.0113066,0.00800897
0.0218,0,0
0.0222,0,0
0.0226,0,0
0.023,0.000306767,0.00130194
0.0234,0,0
0.0238,0,0
0.0242,0,0
0.0246,0,0
0.025,0,0
0.0254,0,0
0.0258,0,0
0.0262,0,0
0.0266,0.0112802,0.0079903
0.027,0,0
0.0274,0,0
0.0278,0.0115979,0.00821579
0.0282,0,0
0.0286,0,0
0.029,0,0
0.0294,0,0
0.0298,0.00616303,0.00617488
0.0302,0,0
0.0306,0,0
0.031,0,0
0.0314,0,0
0.0318,0,0
0.0322,0,0
0.0326,0,0
0.033,0,0
0.0334,0.0017902,0.00317628
0.0338,0,0
0.0342,0,0
0.0346,0.00538577,0.00539486
0.035,0,0
0.0354,0,0
0.0358,0,0
0.0362,0,0
0.0366,0.00554796,0.00555762
0.037,0,0
0.0374,0.00581827,0.0058289
0.0378,0,0
0.0382,0.00601685,0.00602823
0.0386,0,0
0.039,0,0
0.0394,0,0
0.0398,0,0
0.0402,0,0
0.0406,0,0
0.041,0.00542166,0.00543093
0.0414,0,0
0.0418,0,0
0.0422,0,0
0.0426,0.00600855,0.00601995
0.043,0.00603142,0.00604291
0.0434,0,0
0.0438,0,0
0.0442,0,0
0.0446,0,0
0.045,0,0
0.0454,0,0
0.0458,0.00589722,0.00590824
0.0462,0.00518322,0.00519175
0.0466,0.00538971,0.00539893
0.047,0.00600061,0.00601204
0.0474,0,0
0.0478,0,0
0.0482,0,0
0.0486,0,0
0.049,0,0
0.0494,0,0
0.0498,0.00598379,0.00599519
0.0502,0,0
0.0506,0,0
0.051,0,0
0.0514,0,0
0.0518,0,0
0.0522,0,0
0.0526,0,0
0.053,0,0
0.0534,0,0
0.0538,0,0
0.0542,0,0
0.0546,0,0
0.055,0,0
0.0554,0,0
0.0558,0,0
0.0562,0,0
0.0566,0,0
0.057,0,0
0.0574,0.00563556,0.00564577
0.0578,0,0
0.0582,0,0
0.0586,0,0
0.059,0,0
0.0594,0,0
0.0598,0,0
0.0602,0,0
0.0606,0,0
0.061,0,0
0.0614,0,0
0.0618,0,0
0.0622,0,0
0.0626,0,0
0.063,0,0
0.0634,0,0
0.0638,0,0
0.0642,0,0
0.0646,0,0
0.065,0.00559104,0.00560119
0.0654,0,0
0.0658,0,0
0.0662,0,0
0.0666,0,0
0.067,0,0
0.0674,0,0
0.0678,0,0
0.0682,0,0
0.0686,0,0
0.069,0,0
0.0694,0,0
0.0698,0,0
0.0702,0,0
0.0706,0,0
0.071,0.00553299,0.00554301
0.0714,0,0
0.0718,0,0
0.0722,0,0
0.0726,0,0
0.073,0,0
0.0734,0,0
0.0738,0,0
0.0742,0,0
0.0746,0.00523857,0.00524758
0.075,0.00520294,0.00521183
0.0754,0,0
0.0758,0,0
0.0762,0,0
0.0766,0,0
0.077,0,0
0.0774,0,0
0.0778,0,0
0.0782,0,0
0.0786,0,0
0.079,0,0
0.0794,0,0
0.0798,0,0
0.0802,0,0
0.0806,0,0
0.081,0,0
0.0814,0,0
0.0818,0,0
0.0822,0,0
0.0826,0.00529807,0.00530735
0.083,0,0
0.0834,0,0
0.0838,0.00528724,0.00529649
0.0842,0,0
0.0846,0.00545255,0.00546239
0.085,0,0
0.0854,0,0
0.0858,0,0
0.0862,0,0
0.0866,0,0
0.087,0,0
0.0874,0,0
0.0878,0,0
0.0882,0,0
0.0886,0,0
0.089,0,0
0.0894,0.00536307,0.00537261
0.0898,0,0
0.0902,0,0
0.0906,0.00478583,0.00508447
0.091,0,0
0.0914,0,0
0.0918,0,0
0.0922,0,0
0.0926,0,0
0.093,0,0
0.0934,0.0042774,0.00479561
0.0938,0,0
0.0942,0,0
0.0946,0,0
0.095,0.00556794,0.00557823
0.0954,0,0
0.0958,0,0
0.0962,0.00570159,0.00571239
0.0966,0,0
0.097,0,0
0.0974,0,0
0.0978,0,0
0.0982,0,0
0.0986,0,0
0.099,0.00329263,0.00430054
0.0994,0,0
0.0998,0,0
0.1002,0,0
0.1006,0,0
0.101,0,0
0.1014,0,0
0.1018,0.00569745,0.00570823
0.1022,0,0
0.1026,0,0
0.103,0.00327299,0.00455545
0.1034,0,0
0.1038,0,0
0.1042,0,0
0.1046,0.00696254,0.00697863
0.105,0,0
0.1054,0,0
0.1058,0.00640604,0.00641969
0.1062,0,0
0.1066,0.00678953,0.00680482
0.107,0,0
0.1074,0,0
0.1078,0,0
0.1082,0,0
0.1086,0,0
0.109,0,0
0.1094,0,0
0.1098,0,0
0.1102,0.00753178,0.00755053
0.1106,0,0
0.111,0,0
0.1114,0,0
0.1118,0,0
0.1122,0,0
0.1126,0,0
0.113,0,0
0.1134,0,0
0.1138,0,0
0.1142,0.00873375,0.00875882
0.1146,0,0
0.115,0,0
0.1154,0.00865326,0.00867783
0.1158,0.00791744,0.007938
0.1162,0,0
0.1166,0,0
0.117,0,0
0.1174,0,0
0.1178,0,0
0.1182,0,0
0.1186,0.00828827,0.00831068
0.119,0,0
0.1194,0,0
0.1198,0,0
8
-0.1198,0,0
-0.1194,0,0
-0.119,0,0
-0.1186,0,0
-0.1182,0,0
-0.1178,0,0
-0.1174,0,0
-0.117,0.0115126,0.00665899
-0.1166,0,0
-0.1162,0,0
-0.1158,0,0
-0.1154,0,0
-0.115,0,0
-0.1146,0,0
-0.1142,0,0
-0.1138,0.0042551,0.00426369
-0.1134,0,0
-0.113,0,0
-0.1126,0,0
-0.1122,0,0
-0.1118,0,0
-0.1114,0,0
-0.111,0,0
-0.1106,0,0
-0.1102,0.00406506,0.00407286
-0.1098,0,0
-0.1094,0,0
-0.109,0,0
-0.1086,0,0
-0.1082,0,0
-0.1078,0,0
-0.1074,0,0
-0.107,0,0
-0.1066,0,0
-0.1062,0,0
-0.1058,0,0
-0.1054,0,0
-0.105,0.00402771,0.00403531
-0.1046,0,0
-0.1042,0,0
-0.1038,0,0
-0.1034,0,0
-0.103,0,0
-0.1026,0,0
-0.1022,0,0
-0.1018,0,0
-0.1014,0,0
-0.101,0,0
-0.1006,0,0
-0.1002,0,0
-0.0998,0,0
-0.0994,0,0
-0.099,0,0
-0.0986,0,0
-0.0982,0,0
-0.0978,0,0
-0.0974,0,0
-0.097,0,0
-0.0966,0,0
-0.0962,0,0
-0.0958,0,0
-0.0954,0,0
-0.095,0.00437496,0.00438381
-0.0946,0,0
-0.0942,0,0
-0.0938,0.00396293,0.00397018
-0.0934,0,0
-0.093,0,0
-0.0926,0.0042445,0.0042528
-0.0922,0,0
-0.0918,0,0
-0.0914,0,0
-0.091,0.00385433,0.00386116
-0.0906,0.00398565,0.00399295
-0.0902,0,0
-0.0898,0,0
-0.0894,0,0
-0.089,0,0
-0.0886,0,0
-0.0882,0,0
-0.0878,0.00407832,0.00408594
-0.0874,0,0
-0.087,0,0
-0.0866,0,0
-0.0862,0,0
-0.0858,0,0
-0.0854,0.00400112,0.00400843
-0.085,0,0
-0.0846,0,0
-0.0842,0,0
-0.0838,0,0
-0.0834,0.00393565,0.0039427
-0.083,0,0
-0.0826,0,0
-0.0822,0,0
-0.0818,0,0
-0.0814,0,0
-0.081,0,0
-0.0806,0,0
-0.0802,0,0
-0.0798,0,0
-0.0794,0,0
-0.079,0,0
-0.0786,0,0
-0.0782,0,0
-0.0778,0.00416599,0.00417385
-0.0774,0.0041004,0.00410801
-0.077,0,0
-0.0766,0,0
-0.0762,0,0
-0.0758,0,0
-0.0754,0,0
-0.075,0.00409294,0.00410051
-0.0746,0,0
-0.0742,0,0
-0.0738,0,0
-0.0734,0,0
-0.073,0,0
-0.0726,0,0
-0.0722,0,0
-0.0718,0.0042651,0.00427329
-0.0714,0,0
-0.071,0,0
-0.0706,0,0
-0.0702,0,0
-0.0698,0,0
-0.0694,0.00438914,0.0043978
-0.069,0,0
-0.0686,0,0
-0.0682,0.00405671,0.00406411
-0.0678,0,0
-0.0674,0,0
-0.067,0,0
-0.0666,0,0
-0.0662,0,0
-0.0658,0.00396338,0.00397043
-0.0654,0,0
-0.065,0,0
-0.0646,0,0
-0.0642,0,0
-0.0638,0.00836133,0.00592508
-0.0634,0,0
-0.063,0,0
-0.0626,0.00447249,0.00448146
-0.0622,0,0
-0.0618,0,0
-0.0614,0,0
-0.061,0,0
-0.0606,0.00389593,0.00390273
-0.0602,0,0
-0.0598,0,0
-0.0594,0.00430591,0.00431422
-0.059,0,0
-0.0586,0,0
-0.0582,0,0
-0.0578,0,0
-0.0574,0,0
-0.057,0,0
-0.0566,0,0
-0.0562,0,0
-0.0558,0.00408355,0.00409101
-0.0554,0,0
-0.055,0,0
-0.0546,0,0
-0.0542,0,0
-0.0538,0,0
-0.0534,0,0
-0.053,0,0
-0.0526,0,0
-0.0522,0,0
-0.0518,0,0
-0.0514,0,0
-0.051,0,0
-0.0506,0.00439984,0.00440851
-0.0502,0.00407179,0.00407921
-0.0498,0,0
-0.0494,0,0
-0.049,0,0
-0.0486,0.00402789,0.00403515
-0.0482,0,0
-0.0478,0,0
-0.0474,0.00382909,0.0041328
-0.047,0,0
-0.0466,0,0
-0.0462,0,0
-0.0458,0.00202606,0.00288741
-0.0454,0,0
-0.045,0,0
-0.0446,0,0
-0.0442,0,0
-0.0438,0.00827255,0.00586126
-0.0434,0,0
-0.043,0,0
-0.0426,0.00405034,0.00405767
-0.0422,0.000318769,0.00112959
-0.0418,0,0
-0.0414,0,0
-0.041,0,0
-0.0406,0,0
-0.0402,0.00406104,0.00406841
-0.0398,0,0
-0.0394,0,0
-0.039,0,0
-0.0386,0,0
-0.0382,0,0
-0.0378,0,0
-0.0374,0,0
-0.037,0,0
-0.0366,0,0
-0.0362,0,0
-0.0358,0,0
-0.0354,0.00411414,0.00412169
-0.035,0,0
-0.0346,0,0
-0.0342,0,0
-0.0338,0,0
-0.0334,0,0
-0.033,0,0
-0.0326,0,0
-0.0322,0.00417414,0.00418191
-0.0318,0.00366249,0.00366847
-0.0314,0.00791561,0.00565747
-0.031,0.00408469,0.00409213
-0.0306,0,0
-0.0302,0,0
-0.0298,0.00388149,0.0038882
-0.0294,0,0
-0.029,0,0
-0.0286,0,0
-0.0282,0,0
-0.0278,0.00415199,0.00415967
-0.0274,0.00172068,0.00262986
-0.027,0,0
-0.0266,0,0
-0.0262,0,0
-0.0258,0.00393274,0.00393963
-0.0254,0.00422317,0.00423111
-0.025,0.00441056,0.00441922
-0.0246,0,0
-0.0242,0,0
-0.0238,0,0
-0.0234,0.00384066,0.00384722
-0.023,0.00384084,0.0038474
-0.0226,0,0
-0.0222,0,0
-0.0218,0,0
-0.0214,0,0
-0.021,0,0
-0.0206,0.00386939,0.00387604
-0.0202,0,0
-0.0198,0,0
-0.0194,0,0
-0.019,0,0
-0.0186,0.00410905,0.00411655
-0.0182,0.00450238,0.00451139
-0.0178,0,0
-0.0174,0,0
-0.017,0,0
-0.0166,0,0
-0.0162,0,0
-0.0158,0,0
-0.0154,0.00422598,0.00423391
-0.015,0.00398081,0.00398784
-0.0146,0.00367819,0.00396379
-0.0142,0,0
-0.0138,0,0
-0.0134,0.00728165,0.00515723
-0.013,0,0
-0.0126,0,0
-0.0122,0,0
-0.0118,0,0
-0.0114,0,0
-0.011,0,0
-0.0106,0,0
-0.0102,0.00289192,0.00327718
-0.0098,0.00374158,0.00374778
-0.0094,0,0
-0.009,0,0
-0.0086,0.00372494,0.00373107
-0.0082,0,0
-0.0078,0,0
-0.0074,0,0
-0.007,0.00389768,0.00390438
-0.0066,0.0208642,0.00934968
-0.0062,0.00389289,0.00389958
-0.0058,0.00780932,0.00553156
-0.0054,0.0118166,0.00683426
-0.005,0.0337375,0.0118629
-0.0046,0.0183381,0.00919525
-0.0042,0.0245327,0.0106901
-0.0038,0.0324816,0.0115879
-0.0034,0.0232638,0.00999603
-0.003,0.0478231,0.0140084
-0.0026,0.0953879,0.0194869
-0.0022,0.141565,0.0234118
-0.0018,0.206,0.0280853
-0.0014,0.271759,0.0330025
-0.001,0.447354,0.0426629
-0.0006,0.669381,0.0532742
-0.0002,0.759882,0.0575308
0.0002,0.690957,0.0538699
0.0006,0.592233,0.0508849
0.001,0.38284,0.0416558
0.0014,0.375744,0.0409931
0.0018,0.279843,0.03448
0.0022,0.112644,0.0218835
0.0026,0.133457,0.0236764
0.003,0.0635435,0.0161801
0.0034,0.0547718,0.0148653
0.0038,0.0279375,0.0111161
0.0042,0.0168562,0.00844409
0.0046,0.0165854,0.00830779
0.005,0.0218422,0.00953269
0.0054,0.0132783,0.0076811
0.0058,0.0163835,0.00823667
0.0062,0.0204492,0.00938209
0.0066,0.0104034,0.00665685
0.007,0.00525269,0.00479474
0.0074,0.008473,0.00582826
0.0078,0.0105045,0.00656295
0.0082,0,0
0.0086,0,0
0.009,0,0
0.0094,0.00406237,0.00406959
0.0098,0,0
0.0102,0,0
0.0106,0.00446977,0.0044785
0.011,0.00432324,0.00433141
0.0114,0.00425919,0.00426711
0.0118,0.00424022,0.00424807
0.0122,0,0
0.0126,0,0
0.013,0,0
0.0134,0,0
0.0138,0,0
0.0142,0,0
0.0146,0.00435807,0.00436635
0.015,0,0
0.0154,0,0
0.0158,0.00359181,0.00359744
0.0162,0,0
0.0166,0.00447958,0.00448832
0.017,0,0
0.0174,0.00406865,0.00407586
0.0178,0,0
0.0182,0.0127428,0.00737066
0.0186,0,0
0.019,0,0
0.0194,0.00878006,0.00622194
0.0198,0,0
0.0202,0.0044945,0.00450328
0.0206,0,0
0.021,0,0
0.0214,0.00407673,0.00408395
0.0218,0,0
0.0222,0,0
0.0226,0,0
0.023,0,0
0.0234,0,0
0.0238,0.00421281,0.00422051
0.0242,0,0
0.0246,0,0
0.025,0.00395021,0.00395698
0.0254,0,0
0.0258,0,0
0.0262,0,0
0.0266,0.00404816,0.00405526
0.027,0,0
0.0274,0,0
0.0278,0,0
0.0282,0,0
0.0286,0,0
0.029,0,0
0.0294,0,0
0.0298,0,0
0.0302,0,0
0.0306,0,0
0.031,0,0
0.0314,0,0
0.0318,0.00423463,0.00424238
0.0322,0,0
0.0326,0,0
0.033,0,0
0.0334,0,0
0.0338,0,0
0.0342,0.00781488,0.00553529
0.0346,0,0
0.035,0,0
0.0354,0,0
0.0358,0,0
0.0362,0,0
0.0366,0,0
0.037,0,0
0.0374,0.00423891,0.00424666
0.0378,0.00437147,0.00437971
0.0382,0.00417074,0.00417824
0.0386,0.00438958,0.00439788
0.039,0,0
0.0394,0.00415583,0.00416327
0.0398,0,0
0.0402,0,0
0.0406,0.00393578,0.00394245
0.041,0,0
0.0414,0,0
0.0418,0,0
0.0422,0.00432274,0.00433077
0.0426,0,0
0.043,0,0
0.0434,0,0
0.0438,0.00408768,0.00409486
0.0442,0,0
0.0446,0,0
0.045,0,0
0.0454,0,0
0.0458,0,0
0.0462,0,0
0.0466,0,0
0.047,0,0
0.0474,0,0
0.0478,0,0
0.0482,0,0
0.0486,0,0
0.049,0.00432507,0.00433308
0.0494,0,0
0.0498,0,0
0.0502,0,0
0.0506,0,0
0.051,0,0
0.0514,0.00884895,0.00626901
0.0518,0,0
0.0522,0,0
0.0526,0.00446572,0.00447424
0.053,0,0
0.0534,0,0
0.0538,0,0
0.0542,0,0
0.0546,0,0
0.055,0,0
0.0554,0.00434368,0.00435171
0.0558,0,0
0.0562,0,0
0.0566,0,0
0.057,0,0
0.0574,0.00425997,0.00426768
0.0578,0,0
0.0582,0,0
0.0586,0,0
0.059,0.00415948,0.00416682
0.0594,0.00422125,0.0042288
0.0598,0.00459389,0.00460283
0.0602,0,0
0.0606,0.00460797,0.00461696
0.061,0,0
0.0614,0,0
0.0618,0,0
0.0622,0,0
0.0626,0,0
0.063,0,0
0.0634,0,0
0.0638,0,0
0.0642,0,0
0.0646,0,0
0.065,0,0
0.0654,0,0
0.0658,0,0
0.0662,0,0
0.0666,0,0
0.067,0,0
0.0674,0,0
0.0678,0,0
0.0682,0,0
0.0686,0,0
0.069,0,0
0.0694,0,0
0.0698,0.00435707,0.004365
0.0702,0,0
0.0706,0,0
0.071,0,0
0.0714,0,0
0.0718,0,0
0.0722,0,0
0.0726,0,0
0.073,0.00428856,0.00429621
0.0734,0,0
0.0738,0.00395638,0.00396289
0.0742,0,0
0.0746,0,0
0.075,0,0
0.0754,0.00601648,0.00509916
0.0758,0,0
0.0762,0.00412621,0.00413326
0.0766,0.00446679,0.00447506
0.077,0,0
0.0774,0,0
0.0778,0.00434743,0.00435524
0.0782,0.00437419,0.0043821
0.0786,0,0
0.079,0,0
0.0794,0.00451512,0.00452353
0.0798,0,0
0.0802,0,0
0.0806,0,0
0.081,0,0
0.0814,0.00427923,0.00428677
0.0818,0,0
0.0822,0,0
0.0826,0,0
0.083,0,0
0.0834,0.00425534,0.00426278
0.0838,0,0
0.0842,0,0
0.0846,0,0
0.085,0,0
0.0854,0,0
0.0858,0,0
0.0862,0,0
0.0866,0,0
0.087,0,0
0.0874,0,0
0.0878,0,0
0.0882,0,0
0.0886,0.00381921,0.00430012
0.089,0.00435511,0.00436285
0.0894,0,0
0.0898,0,0
0.0902,0,0
0.0906,0,0
0.091,0,0
0.0914,0,0
0.0918,0,0
0.0922,0.00442034,0.00442829
0.0926,0,0
0.093,0,0
0.0934,0.00437727,0.00438505
0.0938,0,0
0.0942,0,0
0.0946,0.00453754,0.00454589
0.095,0,0
0.0954,0,0
0.0958,0,0
0.0962,0,0
0.0966,0,0
0.097,0,0
0.0974,0,0
0.0978,0,0
0.0982,0,0
0.0986,0,0
0.099,0.0018929,0.00295585
0.0994,0,0
0.0998,0,0
0.1002,0,0
0.1006,0.004796,0.00480529
0.101,0,0
0.1014,0,0
0.1018,0,0
0.1022,0,0
0.1026,0,0
0.103,0.0127664,0.00812093
0.1034,0,0
0.1038,0,0
0.1042,0,0
0.1046,0,0
0.105,0,0
0.1054,0,0
0.1058,0,0
0.1062,0.0052719,0.0052831
0.1066,0,0
0.107,0.00558606,0.00559863
0.1074,0,0
0.1078,0,0
0.1082,0,0
0.1086,0,0
0.109,0,0
0.1094,0.0065241,0.00654124
0.1098,0,0
0.1102,0,0
0.1106,0,0
0.111,0,0
0.1114,0.00596123,0.00597553
0.1118,0,0
0.1122,0.00631709,0.00633316
0.1126,0,0
0.113,0,0
0.1134,0,0
0.1138,0,0
0.1142,0,0
0.1146,0,0
0.115,0,0
0.1154,0,0
0.1158,0.0128904,0.00913859
0.1162,0,0
0.1166,0.00714133,0.00716187
0.117,0,0
0.1174,0,0
0.1178,0,0
0.1182,0.00680998,0.00682866
0.1186,0,0
0.119,0.007292,0.00731342
0.1194,0,0
0.1198,0,0
9
-0.1198,0,0
-0.1194,0,0
-0.119,0,0
-0.1186,0,0
-0.1182,0,0
-0.1178,0,0
-0.1174,0,0
-0.117,0,0
-0.1166,0,0
-0.1162,0,0
-0.1158,0,0
-0.1154,0,0
-0.115,0,0
-0.1146,0,0
-0.1142,0,0
-0.1138,0,0
-0.1134,0,0
-0.113,0,0
-0.1126,0,0
-0.1122,0,0
-0.1118,0,0
-0.1114,0,0
-0.111,0,0
-0.1106,0,0
-0.1102,0.00386043,0.00386784
-0.1098,0,0
-0.1094,0.00373121,0.00373814
-0.109,0,0
-0.1086,0,0
-0.1082,0.00398389,0.0039918
-0.1078,0,0
-0.1074,0,0
-0.107,0,0
-0.1066,0,0
-0.1062,0,0
-0.1058,0,0
-0.1054,0,0
-0.105,0,0
-0.1046,0,0
-0.1042,0,0
-0.1038,0,0
-0.1034,0,0
-0.103,0.00365966,0.00366639
-0.1026,0,0
-0.1022,0,0
-0.1018,0,0
-0.1014,0,0
-0.101,0,0
-0.1006,0,0
-0.1002,0,0
-0.0998,0,0
-0.0994,0.00397529,0.00398328
-0.099,0,0
-0.0986,0.00371086,0.00371783
-0.0982,0,0
-0.0978,0,0
-0.0974,0,0
-0.097,0,0
-0.0966,0,0
-0.0962,0.00379812,0.00380545
-0.0958,0,0
-0.0954,0.00732301,0.0051878
-0.095,0,0
-0.0946,0.00369043,0.00369737
-0.0942,0,0
-0.0938,0,0
-0.0934,0,0
-0.093,0.00393664,0.00394455
-0.0926,0,0
-0.0922,0.0041212,0.00412987
-0.0918,0,0
-0.0914,0,0
-0.091,0,0
-0.0906,0,0
-0.0902,0,0
-0.0898,0,0
-0.0894,0,0
-0.089,0,0
-0.0886,0,0
-0.0882,0,0
-0.0878,0,0
-0.0874,0,0
-0.087,0.0037891,0.00379648
-0.0866,0,0
-0.0862,0,0
-0.0858,0,0
-0.0854,0,0
-0.085,0,0
-0.0846,0,0
-0.0842,0,0
-0.0838,0,0
-0.0834,0,0
-0.083,0.00384194,0.00384956
-0.0826,0,0
-0.0822,0,0
-0.0818,0,0
-0.0814,0,0
-0.081,0,0
-0.0806,0,0
-0.0802,0,0
-0.0798,0,0
-0.0794,0,0
-0.079,0,0
-0.0786,0,0
-0.0782,0,0
-0.0778,0,0
-0.0774,0,0
-0.077,0,0
-0.0766,0,0
-0.0762,0,0
-0.0758,0,0
-0.0754,0,0
-0.075,0,0
-0.0746,0,0
-0.0742,0,0
-0.0738,0,0
-0.0734,0,0
-0.073,0.00358298,0.00358967
-0.0726,0,0
-0.0722,0.00368113,0.0036882
-0.0718,0,0
-0.0714,0.00357759,0.00358427
-0.071,0,0
-0.0706,0,0
-0.0702,0,0
-0.0698,0.00377432,0.00378177
-0.0694,0,0
-0.069,0,0
-0.0686,0,0
-0.0682,0,0
-0.0678,0,0
-0.0674,0,0
-0.067,0.0035783,0.00358501
-0.0666,0,0
-0.0662,0.00347379,0.00348012
-0.0658,0,0
-0.0654,0.00357793,0.00358465
-0.065,0.00355031,0.00355692
-0.0646,0,0
-0.0642,0,0
-0.0638,0,0
-0.0634,0,0
-0.063,0.00333173,0.00333757
-0.0626,0,0
-0.0622,0,0
-0.0618,0,0
-0.0614,0,0
-0.061,0.00365076,0.00365778
-0.0606,0,0
-0.0602,0.00309355,0.00309859
-0.0598,0,0
-0.0594,0,0
-0.059,0,0
-0.0586,0,0
-0.0582,0,0
-0.0578,0.00352209,0.00352864
-0.0574,0,0
-0.057,0.00355391,0.00356058
-0.0566,0,0
-0.0562,0,0
-0.0558,0,0
-0.0554,0.0035294,0.00353598
-0.055,0,0
-0.0546,0,0
-0.0542,0.00342553,0.00343174
-0.0538,0.00342612,0.00343234
-0.0534,0.0071084,0.00503587
-0.053,0,0
-0.0526,0,0
-0.0522,0,0
-0.0518,0,0
-0.0514,0,0
-0.051,0.00342066,0.00342687
-0.0506,0,0
-0.0502,0,0
-0.0498,0,0
-0.0494,0,0
-0.049,0.0066185,0.00468865
-0.0486,0.00339415,0.00340027
-0.0482,0,0
-0.0478,0,0
-0.0474,0.000516698,0.00139287
-0.047,0,0
-0.0466,0,0
-0.0462,0,0
-0.0458,0,0
-0.0454,0,0
-0.045,0.00339156,0.00339768
-0.0446,0,0
-0.0442,0,0
-0.0438,0.00340933,0.00341553
-0.0434,0.00354876,0.00355548
-0.043,0,0
-0.0426,0.00339134,0.00339748
-0.0422,0,0
-0.0418,0.00322485,0.00323041
-0.0414,0,0
-0.041,0.00324781,0.00325345
-0.0406,0,0
-0.0402,0,0
-0.0398,0,0
-0.0394,0,0
-0.039,0,0
-0.0386,0.00347459,0.00348106
-0.0382,0,0
-0.0378,0,0
-0.0374,0.00346807,0.00347452
-0.037,0,0
-0.0366,0,0
-0.0362,0.00369261,0.00369994
-0.0358,0.00369102,0.00369834
-0.0354,0,0
-0.035,0.00311855,0.00312379
-0.0346,0,0
-0.0342,0,0
-0.0338,0.00330669,0.00331258
-0.0334,0.00341946,0.00342576
-0.033,0,0
-0.0326,0.00331873,0.00332467
-0.0322,0.00676524,0.00479339
-0.0318,0,0
-0.0314,0.000114508,0.000613523
-0.031,0,0
-0.0306,0.00338034,0.00338652
-0.0302,0,0
-0.0298,0,0
-0.0294,0.00319369,0.00319921
-0.029,0,0
-0.0286,0.00699606,0.00495635
-0.0282,0,0
-0.0278,0,0
-0.0274,0,0
-0.027,0,0
-0.0266,0.00348834,0.00349495
-0.0262,0,0
-0.0258,0,0
-0.0254,0,0
-0.025,0.0108183,0.00625822
-0.0246,0.00307921,0.00308437
-0.0242,0.00590611,0.00418297
-0.0238,0,0
-0.0234,0.00313269,0.00313804
-0.023,0,0
-0.0226,0,0
-0.0222,0,0
-0.0218,0.0108095,0.00625326
-0.0214,0.00360147,0.00360856
-0.021,0.00315758,0.00316303
-0.0206,0.00314259,0.00314799
-0.0202,0,0
-0.0198,0.00730539,0.00517603
-0.0194,0.00331779,0.00332382
-0.019,0,0
-0.0186,0.00697205,0.00494459
-0.0182,0.00315355,0.00315901
-0.0178,0,0
-0.0174,0.00645172,0.00457015
-0.017,0.00331718,0.00332323
-0.0166,0,0
-0.0162,0.00339416,0.0034005
-0.0158,0,0
-0.0154,0,0
-0.015,0.00320422,0.00320988
-0.0146,0,0
-0.0142,0.00333773,0.00334388
-0.0138,0,0
-0.0134,0.0121757,0.00610302
-0.013,0,0
-0.0126,0.00336708,0.00337335
-0.0122,0.00325127,0.00325712
-0.0118,0.0101696,0.00588243
-0.0114,0,0
-0.011,0,0
-0.0106,0,0
-0.0102,0,0
-0.0098,0,0
-0.0094,0.00316663,0.0031722
-0.009,0.00624526,0.00442374
-0.0086,0.0180825,0.00739694
-0.0082,0.00355776,0.0035648
-0.0078,0.0101205,0.00586236
-0.0074,0.00926529,0.00535853
-0.007,0.00308669,0.003092
-0.0066,0.0193703,0.00792427
-0.0062,0.0158121,0.00708455
-0.0058,0.0153972,0.00689771
-0.0054,0.00930047,0.00537898
-0.005,0.00789517,0.00515181
-0.0046,0.00738295,0.00523132
-0.0042,0.0157774,0.00739553
-0.0038,0.0192873,0.0078887
-0.0034,0.0117379,0.00624375
-0.003,0.0267697,0.00932337
-0.0026,0.0466077,0.0120744
-0.0022,0.0735895,0.0150498
-0.0018,0.131369,0.0198408
-0.0014,0.241191,0.0275171
-0.001,0.243235,0.0278362
-0.0006,0.401266,0.0365244
-0.0002,0.499887,0.0412606
0.0002,0.477402,0.0395822
0.0006,0.290939,0.0314076
0.001,0.306755,0.032951
0.0014,0.164834,0.0240354
0.0018,0.0968319,0.0179666
0.0022,0.0669735,0.0150146
0.0026,0.0582801,0.0138957
0.003,0.0278897,0.00943578
0.0034,0.0391658,0.0111835
0.0038,0.0332331,0.010719
0.0042,0.00658076,0.00466195
0.0046,0.0064349,0.00455844
0.005,0.0184266,0.0077113
0.0054,0.00319797,0.00320375
0.0058,0.0322519,0.0102193
0.0062,0.0133508,0.00668801
0.0066,0.0248098,0.00904694
0.007,0.0159838,0.00731367
0.0074,0.0246128,0.00878804
0.0078,0.0232939,0.00858146
0.0082,0.0115345,0.0057777
0.0086,0.00875184,0.00506364
0.009,0.0091674,0.00530532
0.0094,0,0
0.0098,0.00305036,0.00305564
0.0102,0,0
0.0106,0.00332549,0.00333177
0.011,0.00644918,0.00457082
0.0114,0.00981978,0.00568001
0.0118,0.0065935,0.0046714
0.0122,0.00325561,0.00326163
0.0126,0.00665611,0.00471667
0.013,0,0
0.0134,0.00332935,0.00333566
0.0138,0.00649953,0.00460437
0.0142,0.00324758,0.00325359
0.0146,0,0
0.015,0.00315833,0.00316401
0.0154,0,0
0.0158,0.00548788,0.0038866
0.0162,0,0
0.0166,0.00319836,0.0032042
0.017,0.010215,0.00590921
0.0174,0.0031018,0.00310729
0.0178,0,0
0.0182,0,0
0.0186,0.00342353,0.00343023
0.019,0.00341574,0.00342241
0.0194,0,0
0.0198,0,0
0.0202,0,0
0.0206,0,0
0.021,0.00309341,0.00309888
0.0214,0.00305813,0.00306349
0.0218,0.0089833,0.00519542
0.0222,0.00595288,0.00421651
0.0226,0.00334718,0.0033536
0.023,0,0
0.0234,0,0
0.0238,0.00318647,0.00319229
0.0242,0.00298589,0.002991
0.0246,0.00327731,0.00328348
0.025,0.00298384,0.00298896
0.0254,0.0032416,0.00324763
0.0258,0,0
0.0262,0,0
0.0266,0.00642439,0.0045568
0.027,0,0
0.0274,0.00319297,0.00319884
0.0278,0,0
0.0282,0.00311406,0.00311964
0.0286,0,0
0.029,0,0
0.0294,0.00333813,0.00334455
0.0298,0,0
0.0302,0,0
0.0306,0.00636981,0.00451241
0.031,0.00309433,0.00309985
0.0314,0.00329102,0.00329726
0.0318,0.0063893,0.00452633
0.0322,0.00330361,0.0033099
0.0326,0,0
0.033,0.00299163,0.00299679
0.0334,0.0030447,0.00305005
0.0338,0,0
0.0342,0,0
0.0346,0.00292132,0.00292625
0.035,0,0
0.0354,0,0
0.0358,0,0
0.0362,0,0
0.0366,0,0
0.037,0.00962076,0.00556486
0.0374,0.00315972,0.0031655
0.0378,0,0
0.0382,0,0
0.0386,0.00326836,0.00327454
0.039,0.0103882,0.00601295
0.0394,0,0
0.0398,0.00288768,0.0028925
0.0402,0.00302349,0.00302878
0.0406,0,0
0.041,0,0
0.0414,0,0
0.0418,0.00320256,0.0032085
0.0422,0,0
0.0426,0,0
0.043,0,0
0.0434,0,0
0.0438,0,0
0.0442,0,0
0.0446,0,0
0.045,0.00301686,0.00302214
0.0454,0.00310459,0.00311018
0.0458,0,0
0.0462,0,0
0.0466,0.00294341,0.00294844
0.047,0,0
0.0474,0,0
0.0478,0.00316008,0.00316588
0.0482,0,0
0.0486,0,0
0.049,0,0
0.0494,0,0
0.0498,0.00982397,0.00568269
0.0502,0.0063176,0.00447543
0.0506,0.00312124,0.00312691
0.051,0,0
0.0514,0,0
0.0518,0.00324897,0.00325512
0.0522,0,0
0.0526,0.00327383,0.00328008
0.053,0,0
0.0534,0.0031261,0.00313179
0.0538,0.00312525,0.00313095
0.0542,0.00647122,0.00458449
0.0546,0.00329013,0.00329645
0.055,0,0
0.0554,0.00316897,0.00317484
0.0558,0,0
0.0562,0,0
0.0566,0,0
0.057,0.00309518,0.00310078
0.0574,0,0
0.0578,0,0
0.0582,0,0
0.0586,0.00611387,0.0043309
0.059,0.00318919,0.00319514
0.0594,0,0
0.0598,0.00626561,0.00443859
0.0602,0.00332197,0.00332844
0.0606,0,0
0.061,0,0
0.0614,0,0
0.0618,0,0
0.0622,0.0100032,0.00578667
0.0626,0.00580056,0.0041086
0.063,0,0
0.0634,0,0
0.0638,0,0
0.0642,0,0
0.0646,0,0
0.065,0,0
0.0654,0,0
0.0658,0,0
0.0662,0.00288154,0.00288643
0.0666,0.00286689,0.00287173
0.067,0.00308509,0.0030907
0.0674,0.00311446,0.00312018
0.0678,0.00600635,0.00425466
0.0682,0,0
0.0686,0.00312304,0.0031288
0.069,0,0
0.0694,0,0
0.0698,0,0
0.0702,0.0031708,0.00317675
0.0706,0,0
0.071,0,0
0.0714,0,0
0.0718,0,0
0.0722,0,0
0.0726,0,0
0.073,0.0028189,0.00282361
0.0734,0.00326634,0.00327267
0.0738,0,0
0.0742,0.00554917,0.00393032
0.0746,0,0
0.075,0.00287488,0.0028798
0.0754,0.00172956,0.0022332
0.0758,0,0
0.0762,0,0
0.0766,0,0
0.077,0.00612143,0.0043364
0.0774,0.00298513,0.00299044
0.0778,0,0
0.0782,0,0
0.0786,0,0
0.079,0.00289312,0.00289812
0.0794,0.00311938,0.00312519
0.0798,0.00297992,0.00298523
0.0802,0,0
0.0806,0,0
0.081,0.00568785,0.00402877
0.0814,0.00588528,0.00416886
0.0818,0,0
0.0822,0.00316721,0.00317321
0.0826,0.00291945,0.00292456
0.083,0,0
0.0834,0.0029755,0.00298082
0.0838,0.0031941,0.00320022
0.0842,0,0
0.0846,0,0
0.085,0.0061734,0.00438579
0.0854,0,0
0.0858,0,0
0.0862,0.0027671,0.00277171
0.0866,0.00584773,0.00414386
0.087,0,0
0.0874,0,0
0.0878,0.00306932,0.003075
0.0882,0.0063758,0.00451838
0.0886,0.000679114,0.00149178
0.089,0,0
0.0894,0.00294447,0.0029497
0.0898,0.00284792,0.00285281
0.0902,0.00238128,0.0027461
0.0906,0,0
0.091,0.00303864,0.00304422
0.0914,0,0
0.0918,0,0
0.0922,0.008917,0.0051575
0.0926,0,0
0.093,0,0
0.0934,0,0
0.0938,0.00304877,0.00305439
0.0942,0.00601979,0.00426439
0.0946,0,0
0.095,0,0
0.0954,0.00297641,0.00298178
0.0958,0,0
0.0962,0,0
0.0966,0,0
0.097,0,0
0.0974,0.00334172,0.00334848
0.0978,0.00326806,0.00327453
0.0982,0.0029941,0.00299953
0.0986,0,0
0.099,0,0
0.0994,0,0
0.0998,0.00311146,0.00311733
0.1002,0,0
0.1006,0,0
0.101,0,0
0.1014,0,0
0.1018,0,0
0.1022,0.00312126,0.00312717
0.1026,0,0
0.103,0,0
0.1034,0.00325771,0.00326414
0.1038,0.010209,0.00590907
0.1042,0,0
0.1046,0,0
0.105,0.00355536,0.00356302
0.1054,0,0
0.1058,0,0
0.1062,0.00347753,0.00348486
0.1066,0.00371009,0.00371844
0.107,0.00379599,0.00380473
0.1074,0.00375852,0.00376709
0.1078,0,0
0.1082,0.00714983,0.00506704
0.1086,0.003531,0.00353857
0.109,0,0
0.1094,0,0
0.1098,0,0
0.1102,0.00400461,0.00401434
0.1106,0.00382294,0.00383181
0.111,0,0
0.1114,0,0
0.1118,0.00433322,0.00434462
0.1122,0,0
0.1126,0.00418818,0.00419883
0.113,0,0
0.1134,0,0
0.1138,0.00491048,0.00492512
0.1142,0,0
0.1146,0.00428054,0.00429167
0.115,0,0
0.1154,0,0
0.1158,0,0
0.1162,0,0
0.1166,0.00504086,0.00505629
0.117,0.00457241,0.00458512
0.1174,0,0
0.1178,0.00476122,0.004775
0.1182,0,0
0.1186,0.00444685,0.00445887
0.119,0.00500078,0.00501598
0.1194,0.00483202,0.00484621
0.1198,0.00512082,0.00513676
