# X , Y , E Distribution=true
1
-0.1198,0,0
-0.1194,0,0
-0.119,0,0
-0.1186,0,0
-0.1182,0,0
-0.1178,0,0
-0.1174,0,0
-0.117,0,0
-0.1166,0,0
-0.1162,0,0
-0.1158,0,0
-0.1154,0,0
-0.115,0,0
-0.1146,0,0
-0.1142,0,0
-0.1138,0,0
-0.1134,0,0
-0.113,0,0
-0.1126,0,0
-0.1122,0,0
-0.1118,0,0
-0.1114,0,0
-0.111,0,0
-0.1106,0.0121474,0.0121695
-0.1102,0,0
-0.1098,0,0
-0.1094,0,0
-0.109,0,0
-0.1086,0,0
-0.1082,0,0
-0.1078,0,0
-0.1074,0,0
-0.107,0,0
-0.1066,0,0
-0.1062,0,0
-0.1058,0,0
-0.1054,0,0
-0.105,0,0
-0.1046,0,0
-0.1042,0,0
-0.1038,0,0
-0.1034,0,0
-0.103,0,0
-0.1026,0,0
-0.1022,0,0
-0.1018,0,0
-0.1014,0,0
-0.101,0,0
-0.1006,0,0
-0.1002,0,0
-0.0998,0,0
-0.0994,0,0
-0.099,0,0
-0.0986,0,0
-0.0982,0,0
-0.0978,0,0
-0.0974,0,0
-0.097,0,0
-0.0966,0,0
-0.0962,0,0
-0.0958,0,0
-0.0954,0,0
-0.095,0,0
-0.0946,0,0
-0.0942,0,0
-0.0938,0,0
-0.0934,0,0
-0.093,0,0
-0.0926,0,0
-0.0922,0,0
-0.0918,0,0
-0.0914,0,0
-0.091,0,0
-0.0906,0,0
-0.0902,0,0
-0.0898,0,0
-0.0894,0,0
-0.089,0,0
-0.0886,0,0
-0.0882,0,0
-0.0878,0,0
-0.0874,0,0
-0.087,0,0
-0.0866,0,0
-0.0862,0,0
-0.0858,0,0
-0.0854,0,0
-0.085,0,0
-0.0846,0,0
-0.0842,0,0
-0.0838,0,0
-0.0834,0,0
-0.083,0,0
-0.0826,0.012265,0.0122872
-0.0822,0,0
-0.0818,0,0
-0.0814,0,0
-0.081,0,0
-0.0806,0,0
-0.0802,0,0
-0.0798,0,0
-0.0794,0,0
-0.079,0,0
-0.0786,0,0
-0.0782,0,0
-0.0778,0,0
-0.0774,0,0
-0.077,0,0
-0.0766,0.0134884,0.0135152
-0.0762,0.0125773,0.0126006
-0.0758,0,0
-0.0754,0,0
-0.075,0,0
-0.0746,0,0
-0.0742,0,0
-0.0738,0,0
-0.0734,0,0
-0.073,0,0
-0.0726,0,0
-0.0722,0,0
-0.0718,0,0
-0.0714,0,0
-0.071,0,0
-0.0706,0,0
-0.0702,0,0
-0.0698,0,0
-0.0694,0,0
-0.069,0,0
-0.0686,0,0
-0.0682,0,0
-0.0678,0,0
-0.0674,0,0
-0.067,0,0
-0.0666,0,0
-0.0662,0,0
-0.0658,0,0
-0.0654,0,0
-0.065,0,0
-0.0646,0,0
-0.0642,0,0
-0.0638,0,0
-0.0634,0,0
-0.063,0,0
-0.0626,0,0
-0.0622,0,0
-0.0618,0,0
-0.0614,0,0
-0.061,0,0
-0.0606,0,0
-0.0602,0,0
-0.0598,0,0
-0.0594,0,0
-0.059,0,0
-0.0586,0,0
-0.0582,0,0
-0.0578,0,0
-0.0574,0,0
-0.057,0.012049,0.0120701
-0.0566,0,0
-0.0562,0,0
-0.0558,0,0
-0.0554,0,0
-0.055,0,0
-0.0546,0,0
-0.0542,0,0
-0.0538,0,0
-0.0534,0,0
-0.053,0.00667864,0.00912615
-0.0526,0,0
-0.0522,0,0
-0.0518,0,0
-0.0514,0,0
-0.051,0,0
-0.0506,0,0
-0.0502,0,0
-0.0498,0,0
-0.0494,0,0
-0.049,0,0
-0.0486,0,0
-0.0482,0,0
-0.0478,0,0
-0.0474,0,0
-0.047,0,0
-0.0466,0,0
-0.0462,0,0
-0.0458,0,0
-0.0454,0,0
-0.045,0,0
-0.0446,0,0
-0.0442,0,0
-0.0438,0,0
-0.0434,0,0
-0.043,0,0
-0.0426,0,0
-0.0422,0,0
-0.0418,0,0
-0.0414,0,0
-0.041,0,0
-0.0406,0,0
-0.0402,0,0
-0.0398,0,0
-0.0394,0,0
-0.039,0,0
-0.0386,0,0
-0.0382,0,0
-0.0378,0,0
-0.0374,0,0
-0.037,0,0
-0.0366,0,0
-0.0362,0,0
-0.0358,0,0
-0.0354,0,0
-0.035,0,0
-0.0346,0,0
-0.0342,0,0
-0.0338,0,0
-0.0334,0,0
-0.033,0,0
-0.0326,0,0
-0.0322,0,0
-0.0318,0,0
-0.0314,0,0
-0.031,0,0
-0.0306,0,0
-0.0302,0,0
-0.0298,0.0124267,0.0124489
-0.0294,0,0
-0.029,0,0
-0.0286,0,0
-0.0282,0.0134837,0.0135098
-0.0278,0,0
-0.0274,0,0
-0.027,0,0
-0.0266,0,0
-0.0262,0.0128029,0.0128265
-0.0258,0,0
-0.0254,0,0
-0.025,0,0
-0.0246,0,0
-0.0242,0,0
-0.0238,0,0
-0.0234,0.0127189,0.0127422
-0.023,0,0
-0.0226,0,0
-0.0222,0,0
-0.0218,0,0
-0.0214,0,0
-0.021,0,0
-0.0206,0,0
-0.0202,0,0
-0.0198,0,0
-0.0194,0.0115813,0.0116005
-0.019,0,0
-0.0186,0,0
-0.0182,0,0
-0.0178,0,0
-0.0174,0,0
-0.017,0,0
-0.0166,0,0
-0.0162,0,0
-0.0158,0.0126918,0.0127148
-0.0154,0,0
-0.015,0.0146932,0.014724
-0.0146,0.00316149,0.00653236
-0.0142,0.0126212,0.012644
-0.0138,0,0
-0.0134,0,0
-0.013,0,0
-0.0126,0,0
-0.0122,0,0
-0.0118,0,0
-0.0114,0,0
-0.011,0,0
-0.0106,0,0
-0.0102,0,0
-0.0098,0.0127859,0.0128092
-0.0094,0,0
-0.009,0,0
-0.0086,0,0
-0.0082,0,0
-0.0078,0,0
-0.0074,0,0
-0.007,0,0
-0.0066,0,0
-0.0062,0,0
-0.0058,0,0
-0.0054,0,0
-0.005,0.0136548,0.0136813
-0.0046,0.0136661,0.0136927
-0.0042,0.00933234,0.0110584
-0.0038,0.103309,0.0365937
-0.0034,0.0512775,0.0256893
-0.003,0.185761,0.0478193
-0.0026,0.273832,0.0607252
-0.0022,0.55908,0.0876233
-0.0018,0.722708,0.0992582
-0.0014,1.6196,0.147736
-0.001,1.90889,0.154767
-0.0006,2.61554,0.182904
-0.0002,2.60766,0.183054
0.0002,2.1291,0.164385
0.0006,1.67223,0.149532
0.001,0.776948,0.0982274
0.0014,0.652136,0.0919501
0.0018,0.264611,0.0614762
0.0022,0.0621155,0.0278293
0.0026,0.0287271,0.018834
0.003,0.0133083,0.0133334
0.0034,0,0
0.0038,0,0
0.0042,0,0
0.0046,0,0
0.005,0.00848052,0.0102032
0.0054,0.0128144,0.0128376
0.0058,0.00507457,0.00821902
0.0062,0,0
0.0066,0,0
0.007,0,0
0.0074,0,0
0.0078,0,0
0.0082,0,0
0.0086,0,0
0.009,0,0
0.0094,0,0
0.0098,0,0
0.0102,0.00282516,0.00593693
0.0106,0,0
0.011,0,0
0.0114,0,0
0.0118,0,0
0.0122,0,0
0.0126,0,0
0.013,0,0
0.0134,0,0
0.0138,0.012514,0.0125361
0.0142,0,0
0.0146,0,0
0.015,0,0
0.0154,0,0
0.0158,0,0
0.0162,0,0
0.0166,0,0
0.017,0,0
0.0174,0,0
0.0178,0,0
0.0182,0,0
0.0186,0,0
0.019,0,0
0.0194,0,0
0.0198,0,0
0.0202,0.0119557,0.0119758
0.0206,0,0
0.021,0,0
0.0214,0,0
0.0218,0,0
0.0222,0,0
0.0226,0,0
0.023,0,0
0.0234,0,0
0.0238,0,0
0.0242,0.014818,0.0148488
0.0246,0,0
0.025,0,0
0.0254,0,0
0.0258,0,0
0.0262,0,0
0.0266,0,0
0.027,0,0
0.0274,0,0
0.0278,0,0
0.0282,0,0
0.0286,0.026002,0.0184197
0.029,0,0
0.0294,0,0
0.0298,0,0
0.0302,0,0
0.0306,0,0
0.031,0,0
0.0314,0,0
0.0318,0,0
0.0322,0,0
0.0326,0,0
0.033,0,0
0.0334,0,0
0.0338,0,0
0.0342,0,0
0.0346,0,0
0.035,0,0
0.0354,0,0
0.0358,0,0
0.0362,0,0
0.0366,0,0
0.037,0,0
0.0374,0,0
0.0378,0,0
0.0382,0,0
0.0386,0,0
0.039,0,0
0.0394,0,0
0.0398,0,0
0.0402,0,0
0.0406,0,0
0.041,0,0
0.0414,0,0
0.0418,0,0
0.0422,0,0
0.0426,0.0137001,0.0137261
0.043,0,0
0.0434,0,0
0.0438,0,0
0.0442,0,0
0.0446,0,0
0.045,0,0
0.0454,0.0128356,0.0128585
0.0458,0,0
0.0462,0,0
0.0466,0,0
0.047,0,0
0.0474,0,0
0.0478,0.0147262,0.0147562
0.0482,0.0136508,0.0136766
0.0486,0,0
0.049,0,0
0.0494,0,0
0.0498,0,0
0.0502,0,0
0.0506,0,0
0.051,0,0
0.0514,0,0
0.0518,0,0
0.0522,0,0
0.0526,0.0125704,0.0125922
0.053,0,0
0.0534,0,0
0.0538,0,0
0.0542,0,0
0.0546,0,0
0.055,0,0
0.0554,0,0
0.0558,0,0
0.0562,0,0
0.0566,0,0
0.057,0,0
0.0574,0,0
0.0578,0,0
0.0582,0,0
0.0586,0,0
0.059,0.0128279,0.0128506
0.0594,0,0
0.0598,0,0
0.0602,0,0
0.0606,0,0
0.061,0,0
0.0614,0,0
0.0618,0.0112622,0.0125159
0.0622,0,0
0.0626,0,0
0.063,0,0
0.0634,0,0
0.0638,0,0
0.0642,0,0
0.0646,0,0
0.065,0,0
0.0654,0,0
0.0658,0.0124531,0.0124744
0.0662,0,0
0.0666,0,0
0.067,0,0
0.0674,0,0
0.0678,0,0
0.0682,0,0
0.0686,0,0
0.069,0,0
0.0694,0,0
0.0698,0,0
0.0702,0,0
0.0706,0,0
0.071,0,0
0.0714,0,0
0.0718,0,0
0.0722,0,0
0.0726,0,0
0.073,0,0
0.0734,0,0
0.0738,0,0
0.0742,0,0
0.0746,0.0134516,0.0134763
0.075,0,0
0.0754,0,0
0.0758,0,0
0.0762,0,0
0.0766,0,0
0.077,0,0
0.0774,0,0
0.0778,0,0
0.0782,0,0
0.0786,0,0
0.079,0,0
0.0794,0,0
0.0798,0.00182278,0.00485409
0.0802,0,0
0.0806,0.00471781,0.00786149
0.081,0,0
0.0814,0,0
0.0818,0,0
0.0822,0,0
0.0826,0.0132205,0.0132443
0.083,0,0
0.0834,0,0
0.0838,0,0
0.0842,0,0
0.0846,0,0
0.085,0,0
0.0854,0,0
0.0858,0,0
0.0862,0,0
0.0866,0,0
0.087,0,0
0.0874,0,0
0.0878,0,0
0.0882,0,0
0.0886,0,0
0.089,0,0
0.0894,0,0
0.0898,0,0
0.0902,0,0
0.0906,0,0
0.091,0,0
0.0914,0,0
0.0918,0,0
0.0922,0,0
0.0926,0,0
0.093,0.0128,0.0128221
0.0934,0,0
0.0938,0,0
0.0942,0,0
0.0946,0,0
0.095,0,0
0.0954,0,0
0.0958,0,0
0.0962,0,0
0.0966,0,0
0.097,0,0
0.0974,0,0
0.0978,0,0
0.0982,0,0
0.0986,0.0141802,0.0142073
0.099,0.016411,0.0164473
0.0994,0,0
0.0998,0,0
0.1002,0,0
0.1006,0,0
0.101,0,0
0.1014,0,0
0.1018,0,0
0.1022,0.0156614,0.0156944
0.1026,0,0
0.103,0.00319034,0.00727367
0.1034,0,0
0.1038,0,0
0.1042,0,0
0.1046,0,0
0.105,0,0
0.1054,0,0
0.1058,0,0
0.1062,0,0
0.1066,0,0
0.107,0,0
0.1074,0,0
0.1078,0,0
0.1082,0,0
0.1086,0,0
0.109,0,0
0.1094,0,0
0.1098,0,0
0.1102,0,0
0.1106,0,0
0.111,0,0
0.1114,0,0
0.1118,0,0
0.1122,0,0
0.1126,0,0
0.113,0,0
0.1134,0,0
0.1138,0,0
0.1142,0,0
0.1146,0,0
0.115,0,0
0.1154,0,0
0.1158,0,0
0.1162,0,0
0.1166,0,0
0.117,0,0
0.1174,0,0
0.1178,0,0
0.1182,0,0
0.1186,0,0
0.119,0,0
0.1194,0,0
0.1198,0,0
2
-0.1198,0,0
-0.1194,0,0
-0.119,0,0
-0.1186,0,0
-0.1182,0,0
-0.1178,0,0
-0.1174,0,0
-0.117,0.00591045,0.00592163
-0.1166,0,0
-0.1162,0,0
-0.1158,0,0
-0.1154,0,0
-0.115,0,0
-0.1146,0,0
-0.1142,0,0
-0.1138,0,0
-0.1134,0,0
-0.113,0,0
-0.1126,0.00542904,0.00543846
-0.1122,0,0
-0.1118,0,0
-0.1114,0,0
-0.111,0,0
-0.1106,0,0
-0.1102,0,0
-0.1098,0,0
-0.1094,0,0
-0.109,0,0
-0.1086,0,0
-0.1082,0,0
-0.1078,0,0
-0.1074,0,0
-0.107,0,0
-0.1066,0,0
-0.1062,0,0
-0.1058,0,0
-0.1054,0,0
-0.105,0.00608372,0.00609553
-0.1046,0,0
-0.1042,0,0
-0.1038,0,0
-0.1034,0,0
-0.103,0,0
-0.1026,0,0
-0.1022,0,0
-0.1018,0,0
-0.1014,0,0
-0.101,0,0
-0.1006,0,0
-0.1002,0,0
-0.0998,0,0
-0.0994,0,0
-0.099,0,0
-0.0986,0,0
-0.0982,0,0
-0.0978,0.005899,0.00591009
-0.0974,0,0
-0.097,0,0
-0.0966,0,0
-0.0962,0,0
-0.0958,0,0
-0.0954,0,0
-0.095,0,0
-0.0946,0,0
-0.0942,0,0
-0.0938,0,0
-0.0934,0,0
-0.093,0,0
-0.0926,0,0
-0.0922,0,0
-0.0918,0,0
-0.0914,0,0
-0.091,0,0
-0.0906,0,0
-0.0902,0,0
-0.0898,0,0
-0.0894,0.00573922,0.0057497
-0.089,0,0
-0.0886,0,0
-0.0882,0.00629001,0.00630259
-0.0878,0.00629063,0.00630321
-0.0874,0,0
-0.087,0,0
-0.0866,0,0
-0.0862,0,0
-0.0858,0,0
-0.0854,0,0
-0.085,0,0
-0.0846,0,0
-0.0842,0,0
-0.0838,0,0
-0.0834,0,0
-0.083,0,0
-0.0826,0,0
-0.0822,0,0
-0.0818,0.00634781,0.0063606
-0.0814,0,0
-0.081,0,0
-0.0806,0,0
-0.0802,0,0
-0.0798,0,0
-0.0794,0,0
-0.079,0,0
-0.0786,0,0
-0.0782,0,0
-0.0778,0,0
-0.0774,0,0
-0.077,0,0
-0.0766,0,0
-0.0762,0,0
-0.0758,0,0
-0.0754,0,0
-0.075,0,0
-0.0746,0,0
-0.0742,0,0
-0.0738,0,0
-0.0734,0,0
-0.073,0,0
-0.0726,0,0
-0.0722,0,0
-0.0718,0,0
-0.0714,0,0
-0.071,0,0
-0.0706,0,0
-0.0702,0.00535519,0.00536428
-0.0698,0,0
-0.0694,0,0
-0.069,0,0
-0.0686,0,0
-0.0682,0,0
-0.0678,0,0
-0.0674,0,0
-0.067,0,0
-0.0666,0,0
-0.0662,0,0
-0.0658,0,0
-0.0654,0,0
-0.065,0,0
-0.0646,0.00614162,0.00615355
-0.0642,0,0
-0.0638,0,0
-0.0634,0.00594293,0.0059541
-0.063,0,0
-0.0626,0,0
-0.0622,0,0
-0.0618,0,0
-0.0614,0,0
-0.061,0,0
-0.0606,0,0
-0.0602,0,0
-0.0598,0,0
-0.0594,0,0
-0.059,0,0
-0.0586,0.00598283,0.00599414
-0.0582,0,0
-0.0578,0,0
-0.0574,0,0
-0.057,0,0
-0.0566,0,0
-0.0562,0,0
-0.0558,0,0
-0.0554,0,0
-0.055,0.00551595,0.00552556
-0.0546,0,0
-0.0542,0,0
-0.0538,0,0
-0.0534,0,0
-0.053,0.00264793,0.00390057
-0.0526,0,0
-0.0522,0,0
-0.0518,0,0
-0.0514,0,0
-0.051,0.00587497,0.00588585
-0.0506,0,0
-0.0502,0,0
-0.0498,0,0
-0.0494,0.0058168,0.00582747
-0.049,0,0
-0.0486,0,0
-0.0482,0,0
-0.0478,0,0
-0.0474,0,0
-0.047,0,0
-0.0466,0,0
-0.0462,0,0
-0.0458,0,0
-0.0454,0,0
-0.045,0,0
-0.0446,0,0
-0.0442,0,0
-0.0438,0,0
-0.0434,0,0
-0.043,0,0
-0.0426,0,0
-0.0422,0,0
-0.0418,0,0
-0.0414,0,0
-0.041,0,0
-0.0406,0.00564469,0.00581246
-0.0402,0,0
-0.0398,0.00628238,0.00629479
-0.0394,0,0
-0.039,0.0135668,0.00961363
-0.0386,0,0
-0.0382,0,0
-0.0378,0,0
-0.0374,0,0
-0.037,0,0
-0.0366,0,0
-0.0362,0,0
-0.0358,0,0
-0.0354,0,0
-0.035,0,0
-0.0346,0,0
-0.0342,0.00585305,0.00586381
-0.0338,0,0
-0.0334,0,0
-0.033,0.00629842,0.00631087
-0.0326,0,0
-0.0322,0,0
-0.0318,0,0
-0.0314,0,0
-0.031,0,0
-0.0306,0,0
-0.0302,0,0
-0.0298,0,0
-0.0294,0,0
-0.029,0,0
-0.0286,0,0
-0.0282,0,0
-0.0278,0,0
-0.0274,0.00457114,0.00511795
-0.027,0,0
-0.0266,0.00586664,0.00587744
-0.0262,0,0
-0.0258,0,0
-0.0254,0,0
-0.025,0,0
-0.0246,0,0
-0.0242,0,0
-0.0238,0.00609034,0.00610197
-0.0234,0,0
-0.023,0,0
-0.0226,0,0
-0.0222,0.005592,0.0056018
-0.0218,0,0
-0.0214,0,0
-0.021,0,0
-0.0206,0,0
-0.0202,0.00554084,0.00555046
-0.0198,0,0
-0.0194,0.00529414,0.00530291
-0.019,0.00542608,0.0054353
-0.0186,0,0
-0.0182,0,0
-0.0178,0.00628962,0.006302
-0.0174,0.00586307,0.00587383
-0.017,0.0060166,0.00602793
-0.0166,0,0
-0.0162,0,0
-0.0158,0,0
-0.0154,0.00649762,0.00651082
-0.015,0,0
-0.0146,0.00469519,0.00537889
-0.0142,0.0057613,0.00577168
-0.0138,0,0
-0.0134,0.0175585,0.010156
-0.013,0,0
-0.0126,0,0
-0.0122,0,0
-0.0118,0,0
-0.0114,0,0
-0.011,0,0
-0.0106,0,0
-0.0102,0.00565136,0.00566134
-0.0098,0,0
-0.0094,0.00613165,0.00614339
-0.009,0,0
-0.0086,0,0
-0.0082,0.00603429,0.00604567
-0.0078,0.00573216,0.00574243
-0.0074,0,0
-0.007,0.00775028,0.00689587
-0.0066,0.00622822,0.00624033
-0.0062,0.00424588,0.00497899
-0.0058,0.0117639,0.0083336
-0.0054,0.00296095,0.00412026
-0.005,0.00571351,0.0057237
-0.0046,0,0
-0.0042,0.0195249,0.0107924
-0.0038,0.0235996,0.0118217
-0.0034,0.0320095,0.0136828
-0.003,0.071174,0.0199239
-0.0026,0.106659,0.0254303
-0.0022,0.119222,0.0273367
-0.0018,0.360403,0.0473126
-0.0014,0.597968,0.060437
-0.001,1.06556,0.0780261
-0.0006,1.18411,0.0829441
-0.0002,1.62111,0.0973305
0.0002,1.17509,0.0823581
0.0006,0.888617,0.073476
0.001,0.628258,0.0596713
0.0014,0.398544,0.0482922
0.0018,0.182116,0.0344553
0.0022,0.0537558,0.0174786
0.0026,0.0419325,0.015175
0.003,0.0174526,0.0101102
0.0034,0,0
0.0038,0.00615888,0.0061707
0.0042,0.00615938,0.0061712
0.0046,0,0
0.005,0.0072582,0.00636032
0.0054,0,0
0.0058,0.00632431,0.00605344
0.0062,0,0
0.0066,0,0
0.007,0,0
0.0074,0,0
0.0078,0,0
0.0082,0,0
0.0086,0.0062536,0.00626577
0.009,0,0
0.0094,0,0
0.0098,0,0
0.0102,0.00435472,0.00496248
0.0106,0,0
0.011,0,0
0.0114,0,0
0.0118,0,0
0.0122,0.0103716,0.00773816
0.0126,0,0
0.013,0.00620833,0.00622031
0.0134,0,0
0.0138,0.0056653,0.00567528
0.0142,0,0
0.0146,0,0
0.015,0,0
0.0154,0,0
0.0158,0.00588019,0.00589094
0.0162,0,0
0.0166,0,0
0.017,0,0
0.0174,0,0
0.0178,0,0
0.0182,0,0
0.0186,0,0
0.019,0.0134446,0.00952665
0.0194,0.00583963,0.00585022
0.0198,0,0
0.0202,0,0
0.0206,0,0
0.021,0,0
0.0214,0,0
0.0218,0,0
0.0222,0,0
0.0226,0.00572905,0.00573923
0.023,0,0
0.0234,0,0
0.0238,0,0
0.0242,0,0
0.0246,0.00658481,0.00659826
0.025,0,0
0.0254,0.00551774,0.00552718
0.0258,0,0
0.0262,0,0
0.0266,0,0
0.027,0,0
0.0274,0,0
0.0278,0,0
0.0282,0,0
0.0286,0.00585765,0.00586829
0.029,0,0
0.0294,0,0
0.0298,0.00586034,0.00587098
0.0302,0,0
0.0306,0,0
0.031,0,0
0.0314,0.00403976,0.00482866
0.0318,0,0
0.0322,0,0
0.0326,0,0
0.033,0,0
0.0334,0,0
0.0338,0.00559293,0.00560261
0.0342,0.00438395,0.00514469
0.0346,0,0
0.035,0,0
0.0354,0,0
0.0358,0,0
0.0362,0,0
0.0366,0.00623067,0.00624268
0.037,0,0
0.0374,0,0
0.0378,0.00569036,0.00570037
0.0382,0,0
0.0386,0,0
0.039,0,0
0.0394,0,0
0.0398,0,0
0.0402,0.00576314,0.00577341
0.0406,0,0
0.041,0,0
0.0414,0,0
0.0418,0,0
0.0422,0,0
0.0426,0,0
0.043,0,0
0.0434,0,0
0.0438,0,0
0.0442,0,0
0.0446,0,0
0.045,0,0
0.0454,0,0
0.0458,0,0
0.0462,0,0
0.0466,0,0
0.047,0,0
0.0474,0,0
0.0478,0,0
0.0482,0,0
0.0486,0,0
0.049,0,0
0.0494,0,0
0.0498,0,0
0.0502,0,0
0.0506,0,0
0.051,0.00610007,0.00611154
0.0514,0,0
0.0518,0,0
0.0522,0,0
0.0526,0,0
0.053,0,0
0.0534,0,0
0.0538,0,0
0.0542,0,0
0.0546,0.00542429,0.00543336
0.055,0,0
0.0554,0,0
0.0558,0,0
0.0562,0,0
0.0566,0,0
0.057,0.00587414,0.00588477
0.0574,0,0
0.0578,0.00614826,0.0061599
0.0582,0,0
0.0586,0,0
0.059,0.0114618,0.00811905
0.0594,0,0
0.0598,0,0
0.0602,0,0
0.0606,0,0
0.061,0,0
0.0614,0,0
0.0618,0,0
0.0622,0,0
0.0626,0,0
0.063,0,0
0.0634,0,0
0.0638,0,0
0.0642,0,0
0.0646,0.00596251,0.00597343
0.065,0,0
0.0654,0,0
0.0658,0,0
0.0662,0,0
0.0666,0,0
0.067,0,0
0.0674,0,0
0.0678,0,0
0.0682,0.00540958,0.00541857
0.0686,0,0
0.069,0,0
0.0694,0,0
0.0698,0,0
0.0702,0,0
0.0706,0,0
0.071,0,0
0.0714,0,0
0.0718,0,0
0.0722,0,0
0.0726,0.00531754,0.00532622
0.073,0,0
0.0734,0,0
0.0738,0,0
0.0742,0,0
0.0746,0,0
0.075,0,0
0.0754,0,0
0.0758,0.00581162,0.00582197
0.0762,0,0
0.0766,0,0
0.077,0,0
0.0774,0,0
0.0778,0,0
0.0782,0,0
0.0786,0,0
0.079,0,0
0.0794,0,0
0.0798,0.00491083,0.00530941
0.0802,0,0
0.0806,0.00370085,0.00463941
0.081,0,0
0.0814,0,0
0.0818,0,0
0.0822,0.00551219,0.00552149
0.0826,0,0
0.083,0,0
0.0834,0,0
0.0838,0,0
0.0842,0,0
0.0846,0,0
0.085,0,0
0.0854,0,0
0.0858,0,0
0.0862,0,0
0.0866,0,0
0.087,0,0
0.0874,0,0
0.0878,0,0
0.0882,0,0
0.0886,0,0
0.089,0,0
0.0894,0,0
0.0898,0,0
0.0902,0,0
0.0906,0,0
0.091,0,0
0.0914,0,0
0.0918,0,0
0.0922,0,0
0.0926,0,0
0.093,0,0
0.0934,0,0
0.0938,0,0
0.0942,0,0
0.0946,0.00591923,0.00592992
0.095,0,0
0.0954,0,0
0.0958,0,0
0.0962,0,0
0.0966,0,0
0.097,0,0
0.0974,0,0
0.0978,0,0
0.0982,0,0
0.0986,0,0
0.099,0,0
0.0994,0,0
0.0998,0,0
0.1002,0.0132369,0.00937921
0.1006,0,0
0.101,0,0
0.1014,0,0
0.1018,0,0
0.1022,0,0
0.1026,0,0
0.103,0.0058755,0.00655591
0.1034,0,0
0.1038,0,0
0.1042,0,0
0.1046,0.00694226,0.00695692
0.105,0,0
0.1054,0,0
0.1058,0,0
0.1062,0,0
0.1066,0,0
0.107,0,0
0.1074,0,0
0.1078,0,0
0.1082,0,0
0.1086,0,0
0.109,0,0
0.1094,0,0
0.1098,0,0
0.1102,0,0
0.1106,0,0
0.111,0,0
0.1114,0,0
0.1118,0,0
0.1122,0,0
0.1126,0,0
0.113,0,0
0.1134,0.00852518,0.00854723
0.1138,0,0
0.1142,0,0
0.1146,0,0
0.115,0,0
0.1154,0,0
0.1158,0.00938732,0.00941403
0.1162,0,0
0.1166,0,0
0.117,0,0
0.1174,0,0
0.1178,0,0
0.1182,0,0
0.1186,0,0
0.119,0,0
0.1194,0,0
0.1198,0,0
3
-0.1198,0,0
-0.1194,0,0
-0.119,0,0
-0.1186,0,0
-0.1182,0,0
-0.1178,0,0
-0.1174,0,0
-0.117,0,0
-0.1166,0,0
-0.1162,0.00625322,0.00626522
-0.1158,0,0
-0.1154,0,0
-0.115,0,0
-0.1146,0,0
-0.1142,0,0
-0.1138,0,0
-0.1134,0,0
-0.113,0,0
-0.1126,0,0
-0.1122,0,0
-0.1118,0,0
-0.1114,0,0
-0.111,0,0
-0.1106,0,0
-0.1102,0,0
-0.1098,0,0
-0.1094,0,0
-0.109,0,0
-0.1086,0,0
-0.1082,0,0
-0.1078,0,0
-0.1074,0,0
-0.107,0,0
-0.1066,0,0
-0.1062,0,0
-0.1058,0,0
-0.1054,0,0
-0.105,0,0
-0.1046,0,0
-0.1042,0,0
-0.1038,0,0
-0.1034,0,0
-0.103,0,0
-0.1026,0,0
-0.1022,0,0
-0.1018,0,0
-0.1014,0,0
-0.101,0,0
-0.1006,0,0
-0.1002,0,0
-0.0998,0,0
-0.0994,0,0
-0.099,0,0
-0.0986,0,0
-0.0982,0,0
-0.0978,0,0
-0.0974,0,0
-0.097,0,0
-0.0966,0,0
-0.0962,0,0
-0.0958,0,0
-0.0954,0,0
-0.095,0,0
-0.0946,0,0
-0.0942,0,0
-0.0938,0,0
-0.0934,0,0
-0.093,0,0
-0.0926,0,0
-0.0922,0,0
-0.0918,0,0
-0.0914,0,0
-0.091,0,0
-0.0906,0,0
-0.0902,0,0
-0.0898,0,0
-0.0894,0,0
-0.089,0,0
-0.0886,0,0
-0.0882,0,0
-0.0878,0,0
-0.0874,0,0
-0.087,0.00596574,0.00597654
-0.0866,0,0
-0.0862,0,0
-0.0858,0.00613505,0.00614647
-0.0854,0,0
-0.085,0,0
-0.0846,0,0
-0.0842,0,0
-0.0838,0,0
-0.0834,0,0
-0.083,0,0
-0.0826,0,0
-0.0822,0,0
-0.0818,0,0
-0.0814,0,0
-0.081,0,0
-0.0806,0,0
-0.0802,0,0
-0.0798,0,0
-0.0794,0,0
-0.079,0,0
-0.0786,0,0
-0.0782,0,0
-0.0778,0,0
-0.0774,0,0
-0.077,0,0
-0.0766,0,0
-0.0762,0,0
-0.0758,0,0
-0.0754,0.00651097,0.00652376
-0.075,0,0
-0.0746,0,0
-0.0742,0,0
-0.0738,0,0
-0.0734,0,0
-0.073,0.00599211,0.00600293
-0.0726,0,0
-0.0722,0,0
-0.0718,0,0
-0.0714,0.00648799,0.00650066
-0.071,0,0
-0.0706,0,0
-0.0702,0,0
-0.0698,0,0
-0.0694,0,0
-0.069,0,0
-0.0686,0.00560918,0.00561864
-0.0682,0.00587391,0.00588428
-0.0678,0,0
-0.0674,0.00630281,0.00631475
-0.067,0,0
-0.0666,0,0
-0.0662,0,0
-0.0658,0,0
-0.0654,0,0
-0.065,0,0
-0.0646,0,0
-0.0642,0,0
-0.0638,0.0060446,0.00605556
-0.0634,0,0
-0.063,0,0
-0.0626,0,0
-0.0622,0,0
-0.0618,0,0
-0.0614,0,0
-0.061,0,0
-0.0606,0,0
-0.0602,0,0
-0.0598,0,0
-0.0594,0,0
-0.059,0,0
-0.0586,0,0
-0.0582,0,0
-0.0578,0,0
-0.0574,0,0
-0.057,0,0
-0.0566,0,0
-0.0562,0,0
-0.0558,0,0
-0.0554,0,0
-0.055,0,0
-0.0546,0,0
-0.0542,0,0
-0.0538,0,0
-0.0534,0,0
-0.053,0,0
-0.0526,0,0
-0.0522,0,0
-0.0518,0,0
-0.0514,0.00626637,0.00627808
-0.051,0,0
-0.0506,0,0
-0.0502,0,0
-0.0498,0,0
-0.0494,0,0
-0.049,0,0
-0.0486,0.00658146,0.00659436
-0.0482,0,0
-0.0478,0,0
-0.0474,0,0
-0.047,0,0
-0.0466,0,0
-0.0462,0,0
-0.0458,0,0
-0.0454,0,0
-0.045,0.00659945,0.0066124
-0.0446,0.0064236,0.00643586
-0.0442,0,0
-0.0438,0,0
-0.0434,0,0
-0.043,0,0
-0.0426,0,0
-0.0422,0,0
-0.0418,0,0
-0.0414,0,0
-0.041,0,0
-0.0406,0.0066301,0.00647207
-0.0402,0,0
-0.0398,0,0
-0.0394,0,0
-0.039,0,0
-0.0386,0,0
-0.0382,0,0
-0.0378,0,0
-0.0374,0,0
-0.037,0,0
-0.0366,0.00595368,0.00596418
-0.0362,0,0
-0.0358,0.00647731,0.00648973
-0.0354,0,0
-0.035,0,0
-0.0346,0,0
-0.0342,0.00603793,0.00604872
-0.0338,0,0
-0.0334,0,0
-0.033,0,0
-0.0326,0,0
-0.0322,0,0
-0.0318,0,0
-0.0314,0,0
-0.031,0,0
-0.0306,0,0
-0.0302,0,0
-0.0298,0,0
-0.0294,0,0
-0.029,0,0
-0.0286,0,0
-0.0282,0,0
-0.0278,0,0
-0.0274,0.00121068,0.00271602
-0.027,0.00607233,0.0060832
-0.0266,0,0
-0.0262,0,0
-0.0258,0,0
-0.0254,0.00627798,0.0062896
-0.025,0,0
-0.0246,0,0
-0.0242,0,0
-0.0238,0,0
-0.0234,0,0
-0.023,0,0
-0.0226,0.00658998,0.00660276
-0.0222,0,0
-0.0218,0.00639369,0.00640572
-0.0214,0,0
-0.021,0,0
-0.0206,0.00584562,0.00585567
-0.0202,0,0
-0.0198,0,0
-0.0194,0,0
-0.019,0,0
-0.0186,0,0
-0.0182,0,0
-0.0178,0,0
-0.0174,0.00624925,0.00626072
-0.017,0.00607364,0.00608447
-0.0166,0,0
-0.0162,0,0
-0.0158,0,0
-0.0154,0,0
-0.015,0,0
-0.0146,0,0
-0.0142,0,0
-0.0138,0,0
-0.0134,0,0
-0.013,0,0
-0.0126,0,0
-0.0122,0.00670734,0.00672052
-0.0118,0,0
-0.0114,0,0
-0.011,0,0
-0.0106,0.00622909,0.00624045
-0.0102,0,0
-0.0098,0,0
-0.0094,0,0
-0.009,0,0
-0.0086,0,0
-0.0082,0,0
-0.0078,0,0
-0.0074,0.00199372,0.0036603
-0.007,0.00477935,0.00559675
-0.0066,0,0
-0.0062,0.00167908,0.0032363
-0.0058,0,0
-0.0054,0.00294071,0.00424451
-0.005,0,0
-0.0046,0.00664989,0.0066628
-0.0042,0.0253311,0.0126892
-0.0038,0.0125506,0.00889087
-0.0034,0.0279517,0.0131937
-0.003,0.0602164,0.0190399
-0.0026,0.147781,0.0311401
-0.0022,0.128818,0.0292403
-0.0018,0.23138,0.0392082
-0.0014,0.534926,0.0592446
-0.001,0.659404,0.0635872
-0.0006,0.901306,0.0747255
-0.0002,1.01695,0.0797272
0.0002,1.09362,0.0821526
0.0006,0.961117,0.0790352
0.001,0.538355,0.0567469
0.0014,0.295105,0.042798
0.0018,0.137007,0.0310427
0.0022,0.0781954,0.0217658
0.0026,0.0117206,0.00830371
0.003,0.00573744,0.00574702
0.0034,0.0125671,0.0089066
0.0038,0.00853429,0.0075055
0.0042,0,0
0.0046,0.00612886,0.00613979
0.005,0,0
0.0054,0,0
0.0058,0.00946174,0.00770009
0.0062,0,0
0.0066,0.00192207,0.00340595
0.007,0,0
0.0074,0.00057509,0.00187302
0.0078,0,0
0.0082,0,0
0.0086,0.00670176,0.00671481
0.009,0,0
0.0094,0,0
0.0098,0,0
0.0102,0.00604113,0.00605172
0.0106,0,0
0.011,0.000497334,0.00178604
0.0114,0,0
0.0118,0,0
0.0122,0.00729527,0.00668228
0.0126,0,0
0.013,0,0
0.0134,0,0
0.0138,0.00650533,0.00651759
0.0142,0,0
0.0146,0.0133783,0.00948389
0.015,0.00609397,0.00610473
0.0154,0.00609871,0.00610948
0.0158,0,0
0.0162,0,0
0.0166,0,0
0.017,0.00636605,0.00637778
0.0174,0.00640812,0.00642
0.0178,0,0
0.0182,0,0
0.0186,0,0
0.019,0,0
0.0194,0.00627087,0.00628224
0.0198,0,0
0.0202,0,0
0.0206,0,0
0.021,0,0
0.0214,0,0
0.0218,0,0
0.0222,0,0
0.0226,0,0
0.023,0.00615632,0.00616727
0.0234,0,0
0.0238,0,0
0.0242,0,0
0.0246,0,0
0.025,0,0
0.0254,0.00593111,0.00594126
0.0258,0,0
0.0262,0,0
0.0266,0,0
0.027,0,0
0.0274,0,0
0.0278,0.00631486,0.00632636
0.0282,0,0
0.0286,0,0
0.029,0.0125169,0.0088668
0.0294,0,0
0.0298,0.000807305,0.00229997
0.0302,0.00621612,0.00622724
0.0306,0,0
0.031,0,0
0.0314,0.00803049,0.00706236
0.0318,0.00615593,0.00616684
0.0322,0,0
0.0326,0.00278508,0.00419971
0.033,0,0
0.0334,0,0
0.0338,0,0
0.0342,0.00175588,0.0033782
0.0346,0.00601446,0.00602487
0.035,0,0
0.0354,0,0
0.0358,0,0
0.0362,0,0
0.0366,0,0
0.037,0,0
0.0374,0,0
0.0378,0.0122585,0.00868338
0.0382,0,0
0.0386,0.0129157,0.00915022
0.039,0,0
0.0394,0,0
0.0398,0,0
0.0402,0,0
0.0406,0,0
0.041,0.00678838,0.0068016
0.0414,0.00633091,0.00634241
0.0418,0.0063979,0.00640964
0.0422,0,0
0.0426,0,0
0.043,0,0
0.0434,0,0
0.0438,0,0
0.0442,0,0
0.0446,0,0
0.045,0,0
0.0454,0.00514402,0.00566
0.0458,0,0
0.0462,0,0
0.0466,0.00647043,0.00648241
0.047,0.0123308,0.00873463
0.0474,0,0
0.0478,0,0
0.0482,0,0
0.0486,0.00660637,0.00661886
0.049,0,0
0.0494,0,0
0.0498,0,0
0.0502,0.00474268,0.00528895
0.0506,0,0
0.051,0.00658141,0.00659379
0.0514,0,0
0.0518,0,0
0.0522,0,0
0.0526,0,0
0.053,0,0
0.0534,0,0
0.0538,0,0
0.0542,0,0
0.0546,0,0
0.055,0,0
0.0554,0,0
0.0558,0,0
0.0562,0,0
0.0566,0,0
0.057,0.0063412,0.00635267
0.0574,0,0
0.0578,0,0
0.0582,0,0
0.0586,0,0
0.059,0.00618739,0.0061983
0.0594,0,0
0.0598,0.0124929,0.00885759
0.0602,0,0
0.0606,0,0
0.061,0,0
0.0614,0,0
0.0618,0.00616808,0.00643093
0.0622,0.00642357,0.00643532
0.0626,0.00605037,0.00606079
0.063,0,0
0.0634,0.00321024,0.00476822
0.0638,0.00630748,0.00631881
0.0642,0.00645341,0.00646526
0.0646,0,0
0.065,0,0
0.0654,0,0
0.0658,0,0
0.0662,0.00648581,0.00649778
0.0666,0,0
0.067,0,0
0.0674,0,0
0.0678,0,0
0.0682,0,0
0.0686,0,0
0.069,0,0
0.0694,0,0
0.0698,0,0
0.0702,0,0
0.0706,0.00677209,0.00678512
0.071,0,0
0.0714,0,0
0.0718,0,0
0.0722,0,0
0.0726,0,0
0.073,0,0
0.0734,0,0
0.0738,0,0
0.0742,0,0
0.0746,0,0
0.075,0,0
0.0754,0.00621713,0.0062281
0.0758,0,0
0.0762,0,0
0.0766,0,0
0.077,0.00685556,0.00686888
0.0774,0,0
0.0778,0,0
0.0782,0,0
0.0786,0,0
0.079,0,0
0.0794,0,0
0.0798,0,0
0.0802,0,0
0.0806,0,0
0.081,0,0
0.0814,0,0
0.0818,0,0
0.0822,0.00634234,0.00635372
0.0826,0,0
0.083,0,0
0.0834,0,0
0.0838,0.0010378,0.00254381
0.0842,0,0
0.0846,0,0
0.085,0,0
0.0854,0,0
0.0858,0.00648792,0.00649982
0.0862,0,0
0.0866,0,0
0.087,0,0
0.0874,0,0
0.0878,0,0
0.0882,0,0
0.0886,0,0
0.089,0,0
0.0894,0,0
0.0898,0,0
0.0902,0,0
0.0906,0,0
0.091,0,0
0.0914,0,0
0.0918,0,0
0.0922,0,0
0.0926,0,0
0.093,0,0
0.0934,0,0
0.0938,0,0
0.0942,0,0
0.0946,0,0
0.095,0,0
0.0954,0,0
0.0958,0,0
0.0962,0,0
0.0966,0.0068757,0.00688902
0.097,0,0
0.0974,0.01375,0.00974156
0.0978,0,0
0.0982,0.000275671,0.00136897
0.0986,0,0
0.099,0,0
0.0994,0,0
0.0998,0,0
0.1002,0,0
0.1006,0,0
0.101,0,0
0.1014,0,0
0.1018,0,0
0.1022,0,0
0.1026,0,0
0.103,0.00787546,0.00789292
0.1034,0.00673482,0.00674759
0.1038,0,0
0.1042,0,0
0.1046,0,0
0.105,0,0
0.1054,0,0
0.1058,0,0
0.1062,0,0
0.1066,0,0
0.107,0,0
0.1074,0.00763664,0.00765304
0.1078,0,0
0.1082,0,0
0.1086,0,0
0.109,0,0
0.1094,0,0
0.1098,0.00853243,0.00855288
0.1102,0,0
0.1106,0,0
0.111,0,0
0.1114,0,0
0.1118,0.00886779,0.00888988
0.1122,0,0
0.1126,0,0
0.113,0,0
0.1134,0,0
0.1138,0,0
0.1142,0,0
0.1146,0,0
0.115,0,0
0.1154,0,0
0.1158,0,0
0.1162,0.00948222,0.00950746
0.1166,0,0
0.117,0,0
0.1174,0,0
0.1178,0,0
0.1182,0,0
0.1186,0.010172,0.0102011
0.119,0,0
0.1194,0,0
0.1198,0,0
4
-0.1198,0,0
-0.1194,0.0063567,0.00636909
-0.119,0,0
-0.1186,0,0
-0.1182,0,0
-0.1178,0,0
-0.1174,0,0
-0.117,0,0
-0.1166,0,0
-0.1162,0,0
-0.1158,0,0
-0.1154,0,0
-0.115,0,0
-0.1146,0,0
-0.1142,0,0
-0.1138,0.00640196,0.00641448
-0.1134,0,0
-0.113,0,0
-0.1126,0.00568466,0.00569453
-0.1122,0.0063516,0.00636391
-0.1118,0,0
-0.1114,0,0
-0.111,0,0
-0.1106,0,0
-0.1102,0,0
-0.1098,0,0
-0.1094,0.0024942,0.00391659
-0.109,0,0
-0.1086,0,0
-0.1082,0,0
-0.1078,0.00697398,0.0069888
-0.1074,0,0
-0.107,0,0
-0.1066,0,0
-0.1062,0,0
-0.1058,0,0
-0.1054,0,0
-0.105,0,0
-0.1046,0,0
-0.1042,0,0
-0.1038,0,0
-0.1034,0,0
-0.103,0,0
-0.1026,0,0
-0.1022,0,0
-0.1018,0,0
-0.1014,0,0
-0.101,0,0
-0.1006,0,0
-0.1002,0,0
-0.0998,0,0
-0.0994,0,0
-0.099,0,0
-0.0986,0,0
-0.0982,0,0
-0.0978,0,0
-0.0974,0,0
-0.097,0,0
-0.0966,0,0
-0.0962,0,0
-0.0958,0,0
-0.0954,0,0
-0.095,0,0
-0.0946,0,0
-0.0942,0,0
-0.0938,0,0
-0.0934,0,0
-0.093,0,0
-0.0926,0,0
-0.0922,0,0
-0.0918,0,0
-0.0914,0,0
-0.091,0,0
-0.0906,0,0
-0.0902,0,0
-0.0898,0,0
-0.0894,0,0
-0.089,0,0
-0.0886,0,0
-0.0882,0,0
-0.0878,0,0
-0.0874,0,0
-0.087,0,0
-0.0866,0.00265204,0.00422219
-0.0862,0,0
-0.0858,0.00581068,0.00582086
-0.0854,0,0
-0.085,0,0
-0.0846,0,0
-0.0842,0,0
-0.0838,0,0
-0.0834,0.00586026,0.0058706
-0.083,0,0
-0.0826,0,0
-0.0822,0,0
-0.0818,0,0
-0.0814,0,0
-0.081,0,0
-0.0806,0,0
-0.0802,0,0
-0.0798,0,0
-0.0794,0,0
-0.079,0,0
-0.0786,0,0
-0.0782,0,0
-0.0778,0,0
-0.0774,0.00678143,0.00679525
-0.077,0,0
-0.0766,0,0
-0.0762,0,0
-0.0758,0,0
-0.0754,0,0
-0.075,0,0
-0.0746,0,0
-0.0742,0.00615947,0.00617086
-0.0738,0.000297851,0.00135706
-0.0734,0,0
-0.073,0,0
-0.0726,0,0
-0.0722,0,0
-0.0718,0.00633686,0.0063489
-0.0714,0,0
-0.071,0,0
-0.0706,0,0
-0.0702,0,0
-0.0698,0,0
-0.0694,0,0
-0.069,0,0
-0.0686,0,0
-0.0682,0.00589463,0.00590504
-0.0678,0,0
-0.0674,0,0
-0.067,0,0
-0.0666,0,0
-0.0662,0,0
-0.0658,0,0
-0.0654,0,0
-0.065,0.00599028,0.00600102
-0.0646,0,0
-0.0642,0,0
-0.0638,0.0060618,0.0060728
-0.0634,0,0
-0.063,0,0
-0.0626,0,0
-0.0622,0.0060356,0.00604649
-0.0618,0.00630957,0.00632147
-0.0614,0,0
-0.061,0,0
-0.0606,0,0
-0.0602,0.00586571,0.005876
-0.0598,0,0
-0.0594,0,0
-0.059,0,0
-0.0586,0,0
-0.0582,0,0
-0.0578,0,0
-0.0574,0,0
-0.057,0,0
-0.0566,0,0
-0.0562,0.00616743,0.00617879
-0.0558,0,0
-0.0554,0,0
-0.055,0,0
-0.0546,0,0
-0.0542,0,0
-0.0538,0,0
-0.0534,0,0
-0.053,0,0
-0.0526,0,0
-0.0522,0.00588945,0.0058998
-0.0518,0,0
-0.0514,0,0
-0.051,0,0
-0.0506,0,0
-0.0502,0,0
-0.0498,0,0
-0.0494,0,0
-0.049,0,0
-0.0486,0,0
-0.0482,0,0
-0.0478,0,0
-0.0474,0,0
-0.047,0,0
-0.0466,0,0
-0.0462,0,0
-0.0458,0.00637485,0.00638695
-0.0454,0,0
-0.045,0,0
-0.0446,0,0
-0.0442,0,0
-0.0438,0,0
-0.0434,0,0
-0.043,0,0
-0.0426,0,0
-0.0422,0,0
-0.0418,0,0
-0.0414,0,0
-0.041,0,0
-0.0406,0,0
-0.0402,0,0
-0.0398,0,0
-0.0394,0,0
-0.039,0,0
-0.0386,0,0
-0.0382,0,0
-0.0378,0.0115941,0.00821249
-0.0374,0,0
-0.037,0,0
-0.0366,0,0
-0.0362,0,0
-0.0358,0,0
-0.0354,0,0
-0.035,0,0
-0.0346,0.00603395,0.00604477
-0.0342,0,0
-0.0338,0,0
-0.0334,0,0
-0.033,0,0
-0.0326,0,0
-0.0322,0,0
-0.0318,0.00400354,0.00490832
-0.0314,0.00587578,0.00588603
-0.031,0,0
-0.0306,0,0
-0.0302,0,0
-0.0298,0,0
-0.0294,0.006023,0.00603377
-0.029,0,0
-0.0286,0,0
-0.0282,0,0
-0.0278,0,0
-0.0274,0,0
-0.027,0,0
-0.0266,0,0
-0.0262,0,0
-0.0258,0,0
-0.0254,0,0
-0.025,0,0
-0.0246,0,0
-0.0242,0,0
-0.0238,0,0
-0.0234,0.00615052,0.00616174
-0.023,0,0
-0.0226,0,0
-0.0222,0,0
-0.0218,0,0
-0.0214,0,0
-0.021,0,0
-0.0206,0,0
-0.0202,0,0
-0.0198,0,0
-0.0194,0,0
-0.019,0.00573024,0.00573998
-0.0186,0,0
-0.0182,0,0
-0.0178,0,0
-0.0174,0,0
-0.017,0,0
-0.0166,0.00601534,0.00602607
-0.0162,0,0
-0.0158,0,0
-0.0154,0.0064555,0.00646785
-0.015,0,0
-0.0146,0,0
-0.0142,0,0
-0.0138,0,0
-0.0134,0,0
-0.013,0,0
-0.0126,0,0
-0.0122,0,0
-0.0118,0.00623075,0.00624226
-0.0114,0,0
-0.011,0,0
-0.0106,0,0
-0.0102,0.00595736,0.00596788
-0.0098,0,0
-0.0094,0,0
-0.009,0,0
-0.0086,0,0
-0.0082,0,0
-0.0078,0.0120759,0.00855426
-0.0074,0.0112177,0.00861494
-0.007,0.00643687,0.00644915
-0.0066,0,0
-0.0062,0,0
-0.0058,0.00619175,0.00620312
-0.0054,0.00643173,0.006444
-0.005,0.0130873,0.00927206
-0.0046,0,0
-0.0042,0.00625324,0.00626484
-0.0038,0.00623717,0.00624871
-0.0034,0.0611753,0.0193833
-0.003,0.0411174,0.0155706
-0.0026,0.0880258,0.0237138
-0.0022,0.0965513,0.0250697
-0.0018,0.293869,0.0437539
-0.0014,0.523596,0.058232
-0.001,0.568458,0.0585184
-0.0006,0.829981,0.0711603
-0.0002,1.05924,0.080575
0.0002,0.997685,0.0777653
0.0006,0.767865,0.0700043
0.001,0.4363,0.0507875
0.0014,0.304871,0.043183
0.0018,0.169081,0.0337083
0.0022,0.0976365,0.0240931
0.0026,0.0171215,0.0099039
0.003,0.023943,0.0120147
0.0034,0.0179233,0.0103664
0.0038,0.00453733,0.00542537
0.0042,0,0
0.0046,0,0
0.005,0,0
0.0054,0,0
0.0058,0,0
0.0062,0.00588629,0.00589658
0.0066,0.00400502,0.00486378
0.007,0,0
0.0074,0.0113304,0.00822281
0.0078,0,0
0.0082,0,0
0.0086,0,0
0.009,0,0
0.0094,0,0
0.0098,0,0
0.0102,0,0
0.0106,0,0
0.011,0.00575397,0.00600296
0.0114,0,0
0.0118,0,0
0.0122,0,0
0.0126,0,0
0.013,0,0
0.0134,0,0
0.0138,0,0
0.0142,0,0
0.0146,0.0130682,0.0092531
0.015,0,0
0.0154,0,0
0.0158,0,0
0.0162,0,0
0.0166,0,0
0.017,0,0
0.0174,0,0
0.0178,0,0
0.0182,0,0
0.0186,0,0
0.019,0.00701883,0.00703348
0.0194,0.00609661,0.00610766
0.0198,0,0
0.0202,0,0
0.0206,0.00580601,0.00581604
0.021,0,0
0.0214,0.00651164,0.00652425
0.0218,0,0
0.0222,0,0
0.0226,0,0
0.023,0,0
0.0234,0.00609084,0.00610188
0.0238,0,0
0.0242,0,0
0.0246,0,0
0.025,0,0
0.0254,0,0
0.0258,0,0
0.0262,0,0
0.0266,0,0
0.027,0,0
0.0274,0,0
0.0278,0,0
0.0282,0.0126176,0.00894057
0.0286,0,0
0.029,0,0
0.0294,0,0
0.0298,0.00553402,0.00592273
0.0302,0,0
0.0306,0,0
0.031,0,0
0.0314,0,0
0.0318,0,0
0.0322,0.00561332,0.0056227
0.0326,0.00340558,0.00456478
0.033,0,0
0.0334,0.00581392,0.00582399
0.0338,0,0
0.0342,0,0
0.0346,0,0
0.035,0,0
0.0354,0,0
0.0358,0,0
0.0362,0,0
0.0366,0,0
0.037,0,0
0.0374,0,0
0.0378,0,0
0.0382,0,0
0.0386,0,0
0.039,0,0
0.0394,0,0
0.0398,0,0
0.0402,0,0
0.0406,0,0
0.041,0,0
0.0414,0,0
0.0418,0,0
0.0422,0,0
0.0426,0,0
0.043,0,0
0.0434,0,0
0.0438,0,0
0.0442,0,0
0.0446,0.00585865,0.00586888
0.045,0,0
0.0454,0.00101989,0.00247018
0.0458,0,0
0.0462,0,0
0.0466,0,0
0.047,0,0
0.0474,0.00668523,0.00669856
0.0478,0,0
0.0482,0,0
0.0486,0,0
0.049,0,0
0.0494,0,0
0.0498,0,0
0.0502,0.0010887,0.00248103
0.0506,0,0
0.051,0,0
0.0514,0,0
0.0518,0.0061808,0.0061922
0.0522,0.00262315,0.00389245
0.0526,0,0
0.053,0.00585709,0.00586732
0.0534,0,0
0.0538,0,0
0.0542,0,0
0.0546,0,0
0.055,0,0
0.0554,0,0
0.0558,0,0
0.0562,0,0
0.0566,0,0
0.057,0,0
0.0574,0,0
0.0578,0,0
0.0582,0,0
0.0586,0,0
0.059,0,0
0.0594,0,0
0.0598,0,0
0.0602,0,0
0.0606,0,0
0.061,0.00278434,0.00402001
0.0614,0,0
0.0618,0.00686409,0.00662806
0.0622,0,0
0.0626,0,0
0.063,0,0
0.0634,0.00366673,0.00497725
0.0638,0.00618599,0.00619741
0.0642,0,0
0.0646,0,0
0.065,0,0
0.0654,0,0
0.0658,0.00571723,0.00572698
0.0662,0,0
0.0666,0,0
0.067,0,0
0.0674,0.0056338,0.00564328
0.0678,0,0
0.0682,0,0
0.0686,0,0
0.069,0,0
0.0694,0,0
0.0698,0,0
0.0702,0,0
0.0706,0,0
0.071,0,0
0.0714,0,0
0.0718,0,0
0.0722,0,0
0.0726,0,0
0.073,0,0
0.0734,0.00650592,0.00651855
0.0738,0,0
0.0742,0,0
0.0746,0,0
0.075,0,0
0.0754,0,0
0.0758,0,0
0.0762,0,0
0.0766,0,0
0.077,0,0
0.0774,0.00623998,0.0062516
0.0778,0,0
0.0782,0,0
0.0786,0,0
0.079,0.00646976,0.00648225
0.0794,0,0
0.0798,0,0
0.0802,0,0
0.0806,0.00600799,0.00601876
0.081,0,0
0.0814,0,0
0.0818,0,0
0.0822,0,0
0.0826,0.00601339,0.00602419
0.083,0,0
0.0834,0,0
0.0838,0.00490537,0.00538417
0.0842,0,0
0.0846,0,0
0.085,0,0
0.0854,0,0
0.0858,0.00614604,0.00615732
0.0862,0.00614612,0.0061574
0.0866,0,0
0.087,0,0
0.0874,0,0
0.0878,0,0
0.0882,0,0
0.0886,0,0
0.089,0,0
0.0894,0,0
0.0898,0,0
0.0902,0,0
0.0906,0,0
0.091,0,0
0.0914,0,0
0.0918,0,0
0.0922,0,0
0.0926,0,0
0.093,0,0
0.0934,0.00692825,0.00694257
0.0938,0,0
0.0942,0,0
0.0946,0,0
0.095,0,0
0.0954,0,0
0.0958,0,0
0.0962,0,0
0.0966,0,0
0.097,0,0
0.0974,0,0
0.0978,0,0
0.0982,0.00613861,0.00627946
0.0986,0,0
0.099,0,0
0.0994,0,0
0.0998,0,0
0.1002,0,0
0.1006,0,0
0.101,0,0
0.1014,0,0
0.1018,0,0
0.1022,0,0
0.1026,0,0
0.103,0,0
0.1034,0,0
0.1038,0,0
0.1042,0,0
0.1046,0,0
0.105,0,0
0.1054,0,0
0.1058,0,0
0.1062,0,0
0.1066,0,0
0.107,0,0
0.1074,0,0
0.1078,0,0
0.1082,0,0
0.1086,0,0
0.109,0,0
0.1094,0,0
0.1098,0,0
0.1102,0,0
0.1106,0.00882741,0.0088506
0.111,0,0
0.1114,0,0
0.1118,0,0
0.1122,0,0
0.1126,0,0
0.113,0,0
0.1134,0,0
0.1138,0,0
0.1142,0,0
0.1146,0,0
0.115,0,0
0.1154,0,0
0.1158,0,0
0.1162,0.00894837,0.00897219
0.1166,0,0
0.117,0,0
0.1174,0,0
0.1178,0,0
0.1182,0,0
0.1186,0,0
0.119,0,0
0.1194,0,0
0.1198,0,0
5
-0.1198,0,0
-0.1194,0,0
-0.119,0,0
-0.1186,0,0
-0.1182,0,0
-0.1178,0,0
-0.1174,0,0
-0.117,0,0
-0.1166,0,0
-0.1162,0,0
-0.1158,0,0
-0.1154,0,0
-0.115,0,0
-0.1146,0,0
-0.1142,0,0
-0.1138,0,0
-0.1134,0,0
-0.113,0,0
-0.1126,0,0
-0.1122,0.0121445,0.00861648
-0.1118,0,0
-0.1114,0,0
-0.111,0,0
-0.1106,0,0
-0.1102,0,0
-0.1098,0,0
-0.1094,0.010151,0.00806041
-0.109,0,0
-0.1086,0,0
-0.1082,0,0
-0.1078,0,0
-0.1074,0,0
-0.107,0,0
-0.1066,0,0
-0.1062,0,0
-0.1058,0,0
-0.1054,0,0
-0.105,0,0
-0.1046,0,0
-0.1042,0,0
-0.1038,0,0
-0.1034,0,0
-0.103,0,0
-0.1026,0,0
-0.1022,0,0
-0.1018,0,0
-0.1014,0,0
-0.101,0,0
-0.1006,0,0
-0.1002,0,0
-0.0998,0.00612669,0.00613795
-0.0994,0,0
-0.099,0,0
-0.0986,0,0
-0.0982,0,0
-0.0978,0,0
-0.0974,0,0
-0.097,0,0
-0.0966,0,0
-0.0962,0,0
-0.0958,0,0
-0.0954,0,0
-0.095,0,0
-0.0946,0,0
-0.0942,0,0
-0.0938,0,0
-0.0934,0,0
-0.093,0,0
-0.0926,0.00687139,0.00688548
-0.0922,0,0
-0.0918,0,0
-0.0914,0,0
-0.091,0,0
-0.0906,0,0
-0.0902,0,0
-0.0898,0,0
-0.0894,0,0
-0.089,0,0
-0.0886,0,0
-0.0882,0,0
-0.0878,0,0
-0.0874,0,0
-0.087,0,0
-0.0866,0.00409978,0.00528645
-0.0862,0,0
-0.0858,0,0
-0.0854,0,0
-0.085,0,0
-0.0846,0,0
-0.0842,0,0
-0.0838,0.00629174,0.00630349
-0.0834,0,0
-0.083,0,0
-0.0826,0,0
-0.0822,0,0
-0.0818,0,0
-0.0814,0,0
-0.081,0,0
-0.0806,0,0
-0.0802,0.0069543,0.00696863
-0.0798,0,0
-0.0794,0,0
-0.079,0,0
-0.0786,0,0
-0.0782,0,0
-0.0778,0,0
-0.0774,0,0
-0.077,0,0
-0.0766,0,0
-0.0762,0,0
-0.0758,0,0
-0.0754,0,0
-0.075,0,0
-0.0746,0,0
-0.0742,0,0
-0.0738,0.00596041,0.00612125
-0.0734,0,0
-0.073,0.000823063,0.00224833
-0.0726,0,0
-0.0722,0,0
-0.0718,0,0
-0.0714,0,0
-0.071,0,0
-0.0706,0,0
-0.0702,0,0
-0.0698,0,0
-0.0694,0,0
-0.069,0,0
-0.0686,0,0
-0.0682,0,0
-0.0678,0,0
-0.0674,0,0
-0.067,0,0
-0.0666,0,0
-0.0662,0,0
-0.0658,0,0
-0.0654,0,0
-0.065,0,0
-0.0646,0,0
-0.0642,0,0
-0.0638,0,0
-0.0634,0,0
-0.063,0,0
-0.0626,0.00629853,0.00631018
-0.0622,0,0
-0.0618,0,0
-0.0614,0,0
-0.061,0,0
-0.0606,0,0
-0.0602,0,0
-0.0598,0,0
-0.0594,0,0
-0.059,0,0
-0.0586,0,0
-0.0582,0,0
-0.0578,0.000252592,0.00128984
-0.0574,0,0
-0.057,0,0
-0.0566,0,0
-0.0562,0,0
-0.0558,0,0
-0.0554,0,0
-0.055,0,0
-0.0546,0,0
-0.0542,0.00617686,0.00618802
-0.0538,0,0
-0.0534,0,0
-0.053,0,0
-0.0526,0,0
-0.0522,0,0
-0.0518,0,0
-0.0514,0,0
-0.051,0,0
-0.0506,0.00611789,0.00612883
-0.0502,0,0
-0.0498,0,0
-0.0494,0,0
-0.049,0,0
-0.0486,0.00668903,0.0067021
-0.0482,0,0
-0.0478,0,0
-0.0474,0.00713684,0.0071517
-0.047,0,0
-0.0466,0,0
-0.0462,0.00596504,0.00597542
-0.0458,0.0059777,0.00598812
-0.0454,0.00626381,0.00627525
-0.045,0.0064051,0.00641707
-0.0446,0,0
-0.0442,0,0
-0.0438,0,0
-0.0434,0,0
-0.043,0,0
-0.0426,0,0
-0.0422,0,0
-0.0418,0,0
-0.0414,0,0
-0.041,0,0
-0.0406,0,0
-0.0402,0,0
-0.0398,0,0
-0.0394,0,0
-0.039,0,0
-0.0386,0,0
-0.0382,0,0
-0.0378,0,0
-0.0374,0,0
-0.037,0,0
-0.0366,0,0
-0.0362,0,0
-0.0358,0,0
-0.0354,0,0
-0.035,0,0
-0.0346,0,0
-0.0342,0,0
-0.0338,0,0
-0.0334,0,0
-0.033,0,0
-0.0326,0,0
-0.0322,0,0
-0.0318,0.00203735,0.00354043
-0.0314,0,0
-0.031,0,0
-0.0306,0.00141285,0.00298619
-0.0302,0.0061813,0.00619239
-0.0298,0,0
-0.0294,0,0
-0.029,0,0
-0.0286,0,0
-0.0282,0,0
-0.0278,0,0
-0.0274,0,0
-0.027,0,0
-0.0266,0,0
-0.0262,0,0
-0.0258,0.00671781,0.0067309
-0.0254,0,0
-0.025,0,0
-0.0246,0,0
-0.0242,0,0
-0.0238,0,0
-0.0234,0,0
-0.023,0,0
-0.0226,0,0
-0.0222,0,0
-0.0218,0,0
-0.0214,0,0
-0.021,0,0
-0.0206,0,0
-0.0202,0,0
-0.0198,0,0
-0.0194,0,0
-0.019,0,0
-0.0186,0,0
-0.0182,0.00634794,0.00635961
-0.0178,0,0
-0.0174,0.000796521,0.00225152
-0.017,0.0065068,0.00651906
-0.0166,0,0
-0.0162,0.00621783,0.00622902
-0.0158,0.00626828,0.00627965
-0.0154,0,0
-0.015,0,0
-0.0146,0.00663824,0.00665098
-0.0142,0,0
-0.0138,0,0
-0.0134,0,0
-0.013,0,0
-0.0126,0,0
-0.0122,0,0
-0.0118,0,0
-0.0114,0,0
-0.011,0,0
-0.0106,0,0
-0.0102,0,0
-0.0098,0,0
-0.0094,0,0
-0.009,0,0
-0.0086,0,0
-0.0082,0.0261017,0.0130756
-0.0078,0,0
-0.0074,0,0
-0.007,0,0
-0.0066,0.0132207,0.00936628
-0.0062,0,0
-0.0058,0,0
-0.0054,0,0
-0.005,0,0
-0.0046,0,0
-0.0042,0.0191242,0.0110619
-0.0038,0.00641146,0.00642333
-0.0034,0.012619,0.00894046
-0.003,0.0298601,0.013377
-0.0026,0.053306,0.0188831
-0.0022,0.135317,0.0303218
-0.0018,0.348732,0.0484286
-0.0014,0.502057,0.0577064
-0.001,0.652458,0.0635407
-0.0006,0.848343,0.0729787
-0.0002,0.88488,0.0746075
0.0002,0.689615,0.0655665
0.0006,0.606708,0.0631199
0.001,0.361389,0.0467496
0.0014,0.227592,0.0380943
0.0018,0.193802,0.0365245
0.0022,0.0859921,0.0229662
0.0026,0.0354943,0.0145186
0.003,0.0246449,0.0123669
0.0034,0.0127786,0.0090589
0.0038,0.0132567,0.00939184
0.0042,0,0
0.0046,0.01218,0.0086287
0.005,0.00599722,0.0060076
0.0054,0,0
0.0058,0.00649901,0.00651119
0.0062,0,0
0.0066,0,0
0.007,0,0
0.0074,0,0
0.0078,0,0
0.0082,0.00674637,0.0067595
0.0086,0,0
0.009,0,0
0.0094,0,0
0.0098,0,0
0.0102,0,0
0.0106,0,0
0.011,0,0
0.0114,0,0
0.0118,0.00592088,0.005931
0.0122,0.00608701,0.0060977
0.0126,0,0
0.013,0,0
0.0134,0,0
0.0138,0,0
0.0142,0,0
0.0146,0,0
0.015,0,0
0.0154,0,0
0.0158,0,0
0.0162,0,0
0.0166,0.00615049,0.0061614
0.017,0,0
0.0174,0,0
0.0178,0,0
0.0182,0,0
0.0186,0,0
0.019,0,0
0.0194,0,0
0.0198,0,0
0.0202,0,0
0.0206,0,0
0.021,0,0
0.0214,0,0
0.0218,0,0
0.0222,0,0
0.0226,0,0
0.023,0,0
0.0234,0.00628139,0.00629278
0.0238,0,0
0.0242,0,0
0.0246,0,0
0.025,0,0
0.0254,0,0
0.0258,0,0
0.0262,0,0
0.0266,0,0
0.027,0,0
0.0274,0.00616671,0.00617768
0.0278,0,0
0.0282,0.00638142,0.00639317
0.0286,0.00629389,0.00630531
0.029,0,0
0.0294,0,0
0.0298,0,0
0.0302,0.00620637,0.00621748
0.0306,0,0
0.031,0,0
0.0314,0,0
0.0318,0,0
0.0322,0,0
0.0326,0.00629593,0.00630736
0.033,0,0
0.0334,0,0
0.0338,0,0
0.0342,0,0
0.0346,0,0
0.035,0,0
0.0354,0,0
0.0358,0.00662023,0.00663286
0.0362,0,0
0.0366,0,0
0.037,0,0
0.0374,0,0
0.0378,0,0
0.0382,0,0
0.0386,0,0
0.039,0,0
0.0394,0.00641444,0.0064263
0.0398,0,0
0.0402,0,0
0.0406,0,0
0.041,0,0
0.0414,0.00675845,0.00677161
0.0418,0,0
0.0422,0,0
0.0426,0,0
0.043,0,0
0.0434,0,0
0.0438,0,0
0.0442,0.00616483,0.00617578
0.0446,0,0
0.045,0,0
0.0454,0,0
0.0458,0,0
0.0462,0,0
0.0466,0.00643379,0.00644571
0.047,0,0
0.0474,0,0
0.0478,0.00707505,0.00708946
0.0482,0.00655783,0.00657021
0.0486,0,0
0.049,0,0
0.0494,0,0
0.0498,0,0
0.0502,0,0
0.0506,0,0
0.051,0,0
0.0514,0.00678397,0.00679721
0.0518,0,0
0.0522,0.00324936,0.00441192
0.0526,0,0
0.053,0,0
0.0534,0,0
0.0538,0,0
0.0542,0,0
0.0546,0.00581322,0.00582294
0.055,0,0
0.0554,0,0
0.0558,0,0
0.0562,0,0
0.0566,0,0
0.057,0,0
0.0574,0,0
0.0578,0,0
0.0582,0,0
0.0586,0,0
0.059,0,0
0.0594,0,0
0.0598,0,0
0.0602,0,0
0.0606,0,0
0.061,0.00311801,0.00433711
0.0614,0,0
0.0618,0.00624275,0.00625394
0.0622,0,0
0.0626,0,0
0.063,0,0
0.0634,0,0
0.0638,0,0
0.0642,0,0
0.0646,0,0
0.065,0,0
0.0654,0,0
0.0658,0,0
0.0662,0,0
0.0666,0,0
0.067,0,0
0.0674,0,0
0.0678,0,0
0.0682,0,0
0.0686,0,0
0.069,0,0
0.0694,0,0
0.0698,0,0
0.0702,0,0
0.0706,0.00671828,0.00673121
0.071,0,0
0.0714,0,0
0.0718,0,0
0.0722,0,0
0.0726,0,0
0.073,0,0
0.0734,0,0
0.0738,0,0
0.0742,0,0
0.0746,0,0
0.075,0,0
0.0754,0,0
0.0758,0,0
0.0762,0,0
0.0766,0.0062187,0.00622975
0.077,0,0
0.0774,0,0
0.0778,0,0
0.0782,0,0
0.0786,0,0
0.079,0,0
0.0794,0,0
0.0798,0,0
0.0802,0,0
0.0806,0,0
0.081,0,0
0.0814,0,0
0.0818,0,0
0.0822,0,0
0.0826,0,0
0.083,0,0
0.0834,0.00623811,0.00624921
0.0838,0.00616646,0.0061773
0.0842,0,0
0.0846,0,0
0.085,0,0
0.0854,0.0060301,0.00604046
0.0858,0,0
0.0862,0,0
0.0866,0,0
0.087,0.00641473,0.00642645
0.0874,0,0
0.0878,0,0
0.0882,0,0
0.0886,0,0
0.089,0,0
0.0894,0,0
0.0898,0,0
0.0902,0,0
0.0906,0,0
0.091,0,0
0.0914,0,0
0.0918,0,0
0.0922,0,0
0.0926,0,0
0.093,0,0
0.0934,0.00727932,0.00729437
0.0938,0,0
0.0942,0.00651328,0.00652532
0.0946,0,0
0.095,0,0
0.0954,0,0
0.0958,0,0
0.0962,0,0
0.0966,0,0
0.097,0,0
0.0974,0,0
0.0978,0,0
0.0982,0,0
0.0986,0,0
0.099,0,0
0.0994,0,0
0.0998,0,0
0.1002,0,0
0.1006,0,0
0.101,0,0
0.1014,0,0
0.1018,0,0
0.1022,0,0
0.1026,0,0
0.103,0,0
0.1034,0,0
0.1038,0,0
0.1042,0.00754743,0.00756353
0.1046,0,0
0.105,0,0
0.1054,0,0
0.1058,0,0
0.1062,0,0
0.1066,0,0
0.107,0,0
0.1074,0,0
0.1078,0,0
0.1082,0,0
0.1086,0,0
0.109,0.00810703,0.00812556
0.1094,0,0
0.1098,0,0
0.1102,0,0
0.1106,0,0
0.111,0,0
0.1114,0,0
0.1118,0,0
0.1122,0,0
0.1126,0,0
0.113,0,0
0.1134,0,0
0.1138,0,0
0.1142,0,0
0.1146,0,0
0.115,0,0
0.1154,0,0
0.1158,0,0
0.1162,0,0
0.1166,0,0
0.117,0,0
0.1174,0,0
0.1178,0,0
0.1182,0,0
0.1186,0,0
0.119,0,0
0.1194,0,0
0.1198,0,0
6
-0.1198,0,0
-0.1194,0,0
-0.119,0,0
-0.1186,0,0
-0.1182,0,0
-0.1178,0,0
-0.1174,0,0
-0.117,0,0
-0.1166,0,0
-0.1162,0,0
-0.1158,0,0
-0.1154,0,0
-0.115,0,0
-0.1146,0,0
-0.1142,0,0
-0.1138,0,0
-0.1134,0,0
-0.113,0,0
-0.1126,0,0
-0.1122,0,0
-0.1118,0,0
-0.1114,0,0
-0.111,0,0
-0.1106,0,0
-0.1102,0,0
-0.1098,0,0
-0.1094,0,0
-0.109,0,0
-0.1086,0,0
-0.1082,0,0
-0.1078,0,0
-0.1074,0,0
-0.107,0,0
-0.1066,0,0
-0.1062,0,0
-0.1058,0,0
-0.1054,0,0
-0.105,0,0
-0.1046,0,0
-0.1042,0,0
-0.1038,0,0
-0.1034,0,0
-0.103,0,0
-0.1026,0,0
-0.1022,0,0
-0.1018,0,0
-0.1014,0,0
-0.101,0,0
-0.1006,0,0
-0.1002,0,0
-0.0998,0,0
-0.0994,0,0
-0.099,0,0
-0.0986,0,0
-0.0982,0,0
-0.0978,0,0
-0.0974,0,0
-0.097,0,0
-0.0966,0,0
-0.0962,0.00590046,0.00591212
-0.0958,0,0
-0.0954,0,0
-0.095,0.00587709,0.00588865
-0.0946,0,0
-0.0942,0,0
-0.0938,0,0
-0.0934,0,0
-0.093,0.000267189,0.00123079
-0.0926,0,0
-0.0922,0,0
-0.0918,0,0
-0.0914,0,0
-0.091,0,0
-0.0906,0,0
-0.0902,0,0
-0.0898,0,0
-0.0894,0,0
-0.089,0,0
-0.0886,0,0
-0.0882,0,0
-0.0878,0,0
-0.0874,0,0
-0.087,0,0
-0.0866,0,0
-0.0862,0,0
-0.0858,0,0
-0.0854,0,0
-0.085,0,0
-0.0846,0,0
-0.0842,0,0
-0.0838,0,0
-0.0834,0.00526452,0.00527381
-0.083,0,0
-0.0826,0,0
-0.0822,0,0
-0.0818,0,0
-0.0814,0,0
-0.081,0,0
-0.0806,0,0
-0.0802,0,0
-0.0798,0,0
-0.0794,0,0
-0.079,0,0
-0.0786,0,0
-0.0782,0,0
-0.0778,0,0
-0.0774,0,0
-0.077,0,0
-0.0766,0,0
-0.0762,0,0
-0.0758,0,0
-0.0754,0,0
-0.075,0,0
-0.0746,0,0
-0.0742,0,0
-0.0738,0,0
-0.0734,0.00563162,0.00564236
-0.073,0.00461452,0.00496908
-0.0726,0,0
-0.0722,0,0
-0.0718,0,0
-0.0714,0,0
-0.071,0,0
-0.0706,0,0
-0.0702,0,0
-0.0698,0,0
-0.0694,0,0
-0.069,0,0
-0.0686,0,0
-0.0682,0,0
-0.0678,0,0
-0.0674,0,0
-0.067,0,0
-0.0666,0,0
-0.0662,0,0
-0.0658,0.00647873,0.00649304
-0.0654,0,0
-0.065,0,0
-0.0646,0,0
-0.0642,0,0
-0.0638,0,0
-0.0634,0,0
-0.063,0,0
-0.0626,0,0
-0.0622,0,0
-0.0618,0,0
-0.0614,0,0
-0.061,0,0
-0.0606,0,0
-0.0602,0,0
-0.0598,0,0
-0.0594,0,0
-0.059,0,0
-0.0586,0,0
-0.0582,0,0
-0.0578,0.0109102,0.00780509
-0.0574,0,0
-0.057,0,0
-0.0566,0,0
-0.0562,0,0
-0.0558,0,0
-0.0554,0.0106138,0.00751879
-0.055,0,0
-0.0546,0,0
-0.0542,0,0
-0.0538,0,0
-0.0534,0,0
-0.053,0,0
-0.0526,0,0
-0.0522,0,0
-0.0518,0,0
-0.0514,0,0
-0.051,0,0
-0.0506,0,0
-0.0502,0,0
-0.0498,0,0
-0.0494,0,0
-0.049,0,0
-0.0486,0,0
-0.0482,0,0
-0.0478,0,0
-0.0474,0,0
-0.047,0,0
-0.0466,0,0
-0.0462,0,0
-0.0458,0,0
-0.0454,0,0
-0.045,0,0
-0.0446,0,0
-0.0442,0,0
-0.0438,0,0
-0.0434,0,0
-0.043,0,0
-0.0426,0,0
-0.0422,0.00516625,0.00517552
-0.0418,0,0
-0.0414,0,0
-0.041,0,0
-0.0406,0,0
-0.0402,0,0
-0.0398,0,0
-0.0394,0,0
-0.039,0,0
-0.0386,0,0
-0.0382,0,0
-0.0378,0,0
-0.0374,0.00496571,0.0049743
-0.037,0.00537739,0.00538746
-0.0366,0.00506113,0.00507006
-0.0362,0,0
-0.0358,0,0
-0.0354,0,0
-0.035,0,0
-0.0346,0,0
-0.0342,0,0
-0.0338,0,0
-0.0334,0,0
-0.033,0.00566525,0.00567645
-0.0326,0,0
-0.0322,0,0
-0.0318,0,0
-0.0314,0,0
-0.031,0,0
-0.0306,0.00404843,0.00460611
-0.0302,0,0
-0.0298,0,0
-0.0294,0.00510948,0.00511861
-0.029,0,0
-0.0286,0,0
-0.0282,0,0
-0.0278,0,0
-0.0274,0,0
-0.027,0,0
-0.0266,0,0
-0.0262,0,0
-0.0258,0,0
-0.0254,0.00527845,0.00528821
-0.025,0,0
-0.0246,0,0
-0.0242,0,0
-0.0238,0,0
-0.0234,0,0
-0.023,0,0
-0.0226,0,0
-0.0222,0,0
-0.0218,0,0
-0.0214,0,0
-0.021,0,0
-0.0206,0,0
-0.0202,0,0
-0.0198,0.00539704,0.00540727
-0.0194,0,0
-0.019,0,0
-0.0186,0,0
-0.0182,0.00522566,0.00523526
-0.0178,0,0
-0.0174,0.0045621,0.00488775
-0.017,0,0
-0.0166,0,0
-0.0162,0,0
-0.0158,0,0
-0.0154,0,0
-0.015,0,0
-0.0146,0.00545333,0.0054638
-0.0142,0.00511741,0.00512663
-0.0138,0,0
-0.0134,0,0
-0.013,0,0
-0.0126,0,0
-0.0122,0,0
-0.0118,0,0
-0.0114,0.00491671,0.00492523
-0.011,0,0
-0.0106,0,0
-0.0102,0,0
-0.0098,0,0
-0.0094,0.00543155,0.00544195
-0.009,0,0
-0.0086,0.00521651,0.00522611
-0.0082,0,0
-0.0078,0.00507329,0.00508237
-0.0074,0,0
-0.007,0.00540777,0.00541809
-0.0066,0.00550957,0.00552028
-0.0062,0,0
-0.0058,0.0108061,0.00765564
-0.0054,0,0
-0.005,0,0
-0.0046,0.00549909,0.00550977
-0.0042,0.00525185,0.00526159
-0.0038,0.0103736,0.00734867
-0.0034,0.010308,0.0073031
-0.003,0.0292649,0.011968
-0.0026,0.0435305,0.0154202
-0.0022,0.0604517,0.0182659
-0.0018,0.12107,0.0258714
-0.0014,0.254606,0.0372183
-0.001,0.326343,0.040582
-0.0006,0.326533,0.0409061
-0.0002,0.479605,0.0495228
0.0002,0.352227,0.0421778
0.0006,0.331016,0.042105
0.001,0.227613,0.0336744
0.0014,0.213584,0.0333781
0.0018,0.0858117,0.0222142
0.0022,0.0548651,0.0165724
0.0026,0.053609,0.0161947
0.003,0.0201108,0.0100917
0.0034,0.0254843,0.011423
0.0038,0.00542897,0.00543938
0.0042,0,0
0.0046,0.00489681,0.00490528
0.005,0.014689,0.00849539
0.0054,0.0102561,0.00726534
0.0058,0.0053064,0.00531635
0.0062,0,0
0.0066,0,0
0.007,0,0
0.0074,0,0
0.0078,0,0
0.0082,0.00551375,0.00552448
0.0086,0,0
0.009,0,0
0.0094,0,0
0.0098,0,0
0.0102,0,0
0.0106,0,0
0.011,0,0
0.0114,0,0
0.0118,0,0
0.0122,0,0
0.0126,0,0
0.013,0,0
0.0134,0,0
0.0138,0,0
0.0142,0,0
0.0146,0,0
0.015,0,0
0.0154,0,0
0.0158,0,0
0.0162,0,0
0.0166,0,0
0.017,0,0
0.0174,0,0
0.0178,0,0
0.0182,0,0
0.0186,0,0
0.019,0,0
0.0194,0,0
0.0198,0,0
0.0202,0,0
0.0206,0,0
0.021,0.00460435,0.00474949
0.0214,0,0
0.0218,0,0
0.0222,0.0055492,0.0055599
0.0226,0,0
0.023,0,0
0.0234,0,0
0.0238,0,0
0.0242,0,0
0.0246,0,0
0.025,0,0
0.0254,0,0
0.0258,0,0
0.0262,0,0
0.0266,0,0
0.027,0,0
0.0274,0,0
0.0278,0,0
0.0282,0,0
0.0286,0,0
0.029,0,0
0.0294,0,0
0.0298,0,0
0.0302,0.0052212,0.00523055
0.0306,0,0
0.031,0.00520299,0.00521226
0.0314,0.00431927,0.00475055
0.0318,0,0
0.0322,0,0
0.0326,0,0
0.033,0,0
0.0334,0,0
0.0338,0.00449055,0.00496248
0.0342,0.00546735,0.00547753
0.0346,0,0
0.035,0,0
0.0354,0,0
0.0358,0,0
0.0362,0,0
0.0366,0,0
0.037,0,0
0.0374,0,0
0.0378,0,0
0.0382,0,0
0.0386,0,0
0.039,0,0
0.0394,0,0
0.0398,0,0
0.0402,0,0
0.0406,0,0
0.041,0,0
0.0414,0,0
0.0418,0,0
0.0422,0,0
0.0426,0,0
0.043,0,0
0.0434,0,0
0.0438,0,0
0.0442,0,0
0.0446,0,0
0.045,0,0
0.0454,0,0
0.0458,0,0
0.0462,0.00562083,0.00563138
0.0466,0,0
0.047,0,0
0.0474,0.00597971,0.00599162
0.0478,0,0
0.0482,0,0
0.0486,0,0
0.049,0,0
0.0494,0,0
0.0498,0,0
0.0502,0,0
0.0506,0,0
0.051,0,0
0.0514,0,0
0.0518,0.00556943,0.0055797
0.0522,0,0
0.0526,0,0
0.053,0,0
0.0534,0,0
0.0538,0,0
0.0542,0,0
0.0546,0,0
0.055,0,0
0.0554,0,0
0.0558,0,0
0.0562,0,0
0.0566,0,0
0.057,0,0
0.0574,0,0
0.0578,0,0
0.0582,0,0
0.0586,0,0
0.059,0,0
0.0594,0,0
0.0598,0,0
0.0602,0,0
0.0606,0,0
0.061,0,0
0.0614,0,0
0.0618,0,0
0.0622,0,0
0.0626,0,0
0.063,0,0
0.0634,0.0026501,0.00388655
0.0638,0,0
0.0642,0,0
0.0646,0,0
0.065,0.00510186,0.0051103
0.0654,0,0
0.0658,0,0
0.0662,0,0
0.0666,0,0
0.067,0,0
0.0674,0,0
0.0678,0,0
0.0682,0,0
0.0686,0,0
0.069,0,0
0.0694,0,0
0.0698,0,0
0.0702,0,0
0.0706,0,0
0.071,0,0
0.0714,0,0
0.0718,0,0
0.0722,0,0
0.0726,0.00508827,0.00509657
0.073,0,0
0.0734,0,0
0.0738,0,0
0.0742,0,0
0.0746,0,0
0.075,0,0
0.0754,0,0
0.0758,0,0
0.0762,0,0
0.0766,0,0
0.077,0,0
0.0774,0,0
0.0778,0,0
0.0782,0,0
0.0786,0,0
0.079,0,0
0.0794,0,0
0.0798,0,0
0.0802,0,0
0.0806,0,0
0.081,0,0
0.0814,0,0
0.0818,0,0
0.0822,0,0
0.0826,0,0
0.083,0,0
0.0834,0,0
0.0838,0,0
0.0842,0,0
0.0846,0,0
0.085,0,0
0.0854,0,0
0.0858,0,0
0.0862,0,0
0.0866,0,0
0.087,0,0
0.0874,0,0
0.0878,0,0
0.0882,0,0
0.0886,0,0
0.089,0,0
0.0894,0,0
0.0898,0,0
0.0902,0,0
0.0906,0,0
0.091,0,0
0.0914,0,0
0.0918,0,0
0.0922,0,0
0.0926,0,0
0.093,0,0
0.0934,0,0
0.0938,0,0
0.0942,0,0
0.0946,0,0
0.095,0,0
0.0954,0,0
0.0958,0.00573856,0.00574877
0.0962,0,0
0.0966,0,0
0.097,0,0
0.0974,0,0
0.0978,0,0
0.0982,0,0
0.0986,0,0
0.099,0,0
0.0994,0,0
0.0998,0,0
0.1002,0,0
0.1006,0,0
0.101,0,0
0.1014,0,0
0.1018,0,0
0.1022,0,0
0.1026,0,0
0.103,0,0
0.1034,0,0
0.1038,0,0
0.1042,0,0
0.1046,0,0
0.105,0,0
0.1054,0,0
0.1058,0,0
0.1062,0,0
0.1066,0,0
0.107,0,0
0.1074,0.00700635,0.0070214
0.1078,0.00797008,0.00798954
0.1082,0,0
0.1086,0,0
0.109,0,0
0.1094,0,0
0.1098,0,0
0.1102,0,0
0.1106,0,0
0.111,0,0
0.1114,0,0
0.1118,0,0
0.1122,0,0
0.1126,0,0
0.113,0,0
0.1134,0,0
0.1138,0,0
0.1142,0.00882056,0.00884439
0.1146,0,0
0.115,0,0
0.1154,0,0
0.1158,0,0
0.1162,0,0
0.1166,0,0
0.117,0,0
0.1174,0,0
0.1178,0,0
0.1182,0,0
0.1186,0.0185692,0.0131679
0.119,0,0
0.1194,0,0
0.1198,0,0
7
-0.1198,0.00515734,0.00516653
-0.1194,0,0
-0.119,0,0
-0.1186,0,0
-0.1182,0,0
-0.1178,0,0
-0.1174,0,0
-0.117,0,0
-0.1166,0,0
-0.1162,0,0
-0.1158,0,0
-0.1154,0,0
-0.115,0,0
-0.1146,0,0
-0.1142,0,0
-0.1138,0,0
-0.1134,0,0
-0.113,0,0
-0.1126,0,0
-0.1122,0,0
-0.1118,0,0
-0.1114,0,0
-0.111,0,0
-0.1106,0,0
-0.1102,0,0
-0.1098,0,0
-0.1094,0,0
-0.109,0,0
-0.1086,0,0
-0.1082,0,0
-0.1078,0.00566613,0.00567732
-0.1074,0,0
-0.107,0,0
-0.1066,0,0
-0.1062,0,0
-0.1058,0,0
-0.1054,0,0
-0.105,0,0
-0.1046,0,0
-0.1042,0,0
-0.1038,0,0
-0.1034,0,0
-0.103,0,0
-0.1026,0,0
-0.1022,0,0
-0.1018,0,0
-0.1014,0.00520653,0.00521603
-0.101,0,0
-0.1006,0,0
-0.1002,0,0
-0.0998,0,0
-0.0994,0,0
-0.099,0,0
-0.0986,0,0
-0.0982,0,0
-0.0978,0,0
-0.0974,0,0
-0.097,0,0
-0.0966,0,0
-0.0962,0,0
-0.0958,0,0
-0.0954,0,0
-0.095,0,0
-0.0946,0.00498762,0.0049964
-0.0942,0,0
-0.0938,0,0
-0.0934,0,0
-0.093,0.00508763,0.00522225
-0.0926,0,0
-0.0922,0,0
-0.0918,0,0
-0.0914,0,0
-0.091,0,0
-0.0906,0,0
-0.0902,0,0
-0.0898,0,0
-0.0894,0,0
-0.089,0,0
-0.0886,0,0
-0.0882,0,0
-0.0878,0,0
-0.0874,0,0
-0.087,0,0
-0.0866,0,0
-0.0862,0,0
-0.0858,0.0052517,0.00526147
-0.0854,0.00489398,0.00490247
-0.085,0,0
-0.0846,0,0
-0.0842,0,0
-0.0838,0,0
-0.0834,0,0
-0.083,0,0
-0.0826,0,0
-0.0822,0.00540045,0.00541076
-0.0818,0,0
-0.0814,0,0
-0.081,0,0
-0.0806,0,0
-0.0802,0,0
-0.0798,0,0
-0.0794,0,0
-0.079,0,0
-0.0786,0,0
-0.0782,0,0
-0.0778,0,0
-0.0774,0.00577366,0.00578542
-0.077,0,0
-0.0766,0,0
-0.0762,0,0
-0.0758,0,0
-0.0754,0,0
-0.075,0,0
-0.0746,0.00538226,0.00539247
-0.0742,0,0
-0.0738,0,0
-0.0734,0,0
-0.073,0,0
-0.0726,0,0
-0.0722,0,0
-0.0718,0.00540867,0.00541895
-0.0714,0,0
-0.071,0,0
-0.0706,0,0
-0.0702,0,0
-0.0698,0,0
-0.0694,0,0
-0.069,0,0
-0.0686,0,0
-0.0682,0,0
-0.0678,0,0
-0.0674,0,0
-0.067,0,0
-0.0666,0,0
-0.0662,0,0
-0.0658,0,0
-0.0654,0,0
-0.065,0,0
-0.0646,0,0
-0.0642,0,0
-0.0638,0,0
-0.0634,0,0
-0.063,0,0
-0.0626,0.00531142,0.00532125
-0.0622,0,0
-0.0618,0,0
-0.0614,0,0
-0.061,0,0
-0.0606,0,0
-0.0602,0,0
-0.0598,0,0
-0.0594,0.00602963,0.00604224
-0.059,0,0
-0.0586,0,0
-0.0582,0,0
-0.0578,0,0
-0.0574,0,0
-0.057,0,0
-0.0566,0,0
-0.0562,0,0
-0.0558,0,0
-0.0554,0,0
-0.055,0,0
-0.0546,0,0
-0.0542,0,0
-0.0538,0,0
-0.0534,0,0
-0.053,0,0
-0.0526,0,0
-0.0522,0,0
-0.0518,0,0
-0.0514,0,0
-0.051,0,0
-0.0506,0,0
-0.0502,0,0
-0.0498,0,0
-0.0494,0.00365529,0.00453893
-0.049,0,0
-0.0486,0,0
-0.0482,0.0052569,0.00526635
-0.0478,0,0
-0.0474,0,0
-0.047,0,0
-0.0466,0,0
-0.0462,0,0
-0.0458,0,0
-0.0454,0,0
-0.045,0,0
-0.0446,0,0
-0.0442,0,0
-0.0438,0.00601668,0.00602897
-0.0434,0,0
-0.043,0.00574845,0.00575966
-0.0426,0.00575184,0.00576305
-0.0422,0,0
-0.0418,0,0
-0.0414,0,0
-0.041,0,0
-0.0406,0,0
-0.0402,0.00547938,0.00548952
-0.0398,0,0
-0.0394,0,0
-0.039,0,0
-0.0386,0,0
-0.0382,0,0
-0.0378,0,0
-0.0374,0,0
-0.037,0,0
-0.0366,0,0
-0.0362,0,0
-0.0358,0,0
-0.0354,0,0
-0.035,0,0
-0.0346,0,0
-0.0342,0,0
-0.0338,0,0
-0.0334,0,0
-0.033,0.00593295,0.00594468
-0.0326,0,0
-0.0322,0,0
-0.0318,0,0
-0.0314,0,0
-0.031,0,0
-0.0306,0,0
-0.0302,0,0
-0.0298,0,0
-0.0294,0,0
-0.029,0,0
-0.0286,0.00136844,0.00281009
-0.0282,0,0
-0.0278,0,0
-0.0274,0,0
-0.027,0,0
-0.0266,0,0
-0.0262,0,0
-0.0258,0,0
-0.0254,0.00562993,0.00564034
-0.025,0.00563423,0.00564466
-0.0246,0,0
-0.0242,0,0
-0.0238,0.0114862,0.00813815
-0.0234,0,0
-0.023,0,0
-0.0226,0,0
-0.0222,0,0
-0.0218,0,0
-0.0214,0,0
-0.021,0,0
-0.0206,0.00528171,0.00529079
-0.0202,0,0
-0.0198,0,0
-0.0194,0,0
-0.019,0,0
-0.0186,0,0
-0.0182,0,0
-0.0178,0,0
-0.0174,0,0
-0.017,0,0
-0.0166,0,0
-0.0162,0,0
-0.0158,0.0168851,0.00976636
-0.0154,0,0
-0.015,0,0
-0.0146,0,0
-0.0142,0.00561098,0.00562109
-0.0138,0,0
-0.0134,0,0
-0.013,0,0
-0.0126,0,0
-0.0122,0,0
-0.0118,0,0
-0.0114,0,0
-0.011,0,0
-0.0106,0,0
-0.0102,0,0
-0.0098,0,0
-0.0094,0,0
-0.009,0,0
-0.0086,0.00577736,0.00578797
-0.0082,0,0
-0.0078,0.00563842,0.00564851
-0.0074,0,0
-0.007,0,0
-0.0066,0.00613718,0.00614911
-0.0062,0.00573599,0.00574641
-0.0058,0.00167336,0.00318204
-0.0054,0.0193045,0.010603
-0.005,0.00614067,0.00615258
-0.0046,0,0
-0.0042,0.00930582,0.00740871
-0.0038,0.0116733,0.00826961
-0.0034,0.0172323,0.00996833
-0.003,0.0509953,0.0168037
-0.0026,0.0569877,0.0187123
-0.0022,0.0767879,0.0219023
-0.0018,0.18082,0.0333779
-0.0014,0.28563,0.0415897
-0.001,0.430886,0.0494399
-0.0006,0.565486,0.0571376
-0.0002,0.637325,0.0607224
0.0002,0.633958,0.0603012
0.0006,0.587736,0.0596222
0.001,0.41848,0.0483495
0.0014,0.297614,0.0416484
0.0018,0.292213,0.0431032
0.0022,0.14164,0.0282717
0.0026,0.0907139,0.0222394
0.003,0.0643293,0.0194584
0.0034,0.0306149,0.0133196
0.0038,0.0189765,0.0108136
0.0042,0.0409169,0.0155024
0.0046,0.0223891,0.0112151
0.005,0.0133698,0.00863415
0.0054,0.00602437,0.00603566
0.0058,0.00374568,0.00476032
0.0062,0.0110532,0.00783046
0.0066,0.0108465,0.0079311
0.007,0.00594637,0.00595735
0.0074,0.00568817,0.00569822
0.0078,0.00547089,0.00548018
0.0082,0.00581894,0.00582944
0.0086,0,0
0.009,0.000899742,0.00231158
0.0094,0,0
0.0098,0,0
0.0102,0,0
0.0106,0,0
0.011,0.0116991,0.00828987
0.0114,0,0
0.0118,0.00567596,0.00568593
0.0122,0.00567702,0.005687
0.0126,0,0
0.013,0,0
0.0134,0,0
0.0138,0,0
0.0142,0,0
0.0146,0.00633266,0.00634505
0.015,0,0
0.0154,0,0
0.0158,0,0
0.0162,0,0
0.0166,0,0
0.017,0,0
0.0174,0,0
0.0178,0,0
0.0182,0,0
0.0186,0,0
0.019,0,0
0.0194,0,0
0.0198,0,0
0.0202,0,0
0.0206,0,0
0.021,0.000312661,0.00131194
0.0214,0,0
0.0218,0,0
0.0222,0,0
0.0226,0,0
0.023,0,0
0.0234,0,0
0.0238,0,0
0.0242,0,0
0.0246,0,0
0.025,0,0
0.0254,0,0
0.0258,0,0
0.0262,0,0
0.0266,0,0
0.027,0.00566842,0.00567842
0.0274,0,0
0.0278,0,0
0.0282,0,0
0.0286,0,0
0.029,0,0
0.0294,0,0
0.0298,0,0
0.0302,0.00573534,0.0057456
0.0306,0,0
0.031,0,0
0.0314,0.0123437,0.00839367
0.0318,0,0
0.0322,0,0
0.0326,0.0058047,0.00581524
0.033,0,0
0.0334,0,0
0.0338,0.00105915,0.00251436
0.0342,0,0
0.0346,0,0
0.035,0,0
0.0354,0,0
0.0358,0,0
0.0362,0,0
0.0366,0,0
0.037,0,0
0.0374,0,0
0.0378,0,0
0.0382,0,0
0.0386,0,0
0.039,0,0
0.0394,0,0
0.0398,0,0
0.0402,0,0
0.0406,0,0
0.041,0,0
0.0414,0.00617201,0.00618403
0.0418,0,0
0.0422,0,0
0.0426,0,0
0.043,0,0
0.0434,0,0
0.0438,0,0
0.0442,0,0
0.0446,0.00551642,0.00552605
0.045,0,0
0.0454,0,0
0.0458,0,0
0.0462,0,0
0.0466,0,0
0.047,0,0
0.0474,0,0
0.0478,0,0
0.0482,0,0
0.0486,0,0
0.049,0,0
0.0494,0,0
0.0498,0,0
0.0502,0,0
0.0506,0,0
0.051,0,0
0.0514,0,0
0.0518,0.00577551,0.00578616
0.0522,0,0
0.0526,0,0
0.053,0,0
0.0534,0,0
0.0538,0.00624827,0.00626076
0.0542,0,0
0.0546,0,0
0.055,0,0
0.0554,0,0
0.0558,0,0
0.0562,0.011987,0.00849244
0.0566,0,0
0.057,0,0
0.0574,0,0
0.0578,0.0117716,0.00833951
0.0582,0,0
0.0586,0,0
0.059,0,0
0.0594,0,0
0.0598,0,0
0.0602,0,0
0.0606,0,0
0.061,0,0
0.0614,0,0
0.0618,0,0
0.0622,0,0
0.0626,0,0
0.063,0,0
0.0634,0.00303913,0.00416912
0.0638,0,0
0.0642,0,0
0.0646,0,0
0.065,0.00509533,0.00510376
0.0654,0,0
0.0658,0,0
0.0662,0,0
0.0666,0,0
0.067,0,0
0.0674,0,0
0.0678,0,0
0.0682,0,0
0.0686,0,0
0.069,0,0
0.0694,0,0
0.0698,0,0
0.0702,0,0
0.0706,0,0
0.071,0,0
0.0714,0,0
0.0718,0,0
0.0722,0,0
0.0726,0,0
0.073,0,0
0.0734,0,0
0.0738,0,0
0.0742,0,0
0.0746,0,0
0.075,0,0
0.0754,0.00536426,0.00537372
0.0758,0,0
0.0762,0,0
0.0766,0,0
0.077,0,0
0.0774,0,0
0.0778,0,0
0.0782,0,0
0.0786,0,0
0.079,0,0
0.0794,0,0
0.0798,0,0
0.0802,0,0
0.0806,0,0
0.081,0,0
0.0814,0,0
0.0818,0,0
0.0822,0,0
0.0826,0,0
0.083,0,0
0.0834,0,0
0.0838,0,0
0.0842,0,0
0.0846,0,0
0.085,0,0
0.0854,0,0
0.0858,0,0
0.0862,0,0
0.0866,0.00518722,0.00519613
0.087,0,0
0.0874,0,0
0.0878,0,0
0.0882,0,0
0.0886,0,0
0.089,0,0
0.0894,0,0
0.0898,0,0
0.0902,0,0
0.0906,0,0
0.091,0,0
0.0914,0,0
0.0918,0,0
0.0922,0,0
0.0926,0,0
0.093,0,0
0.0934,0,0
0.0938,0,0
0.0942,0.00556894,0.00557924
0.0946,0,0
0.095,0,0
0.0954,0,0
0.0958,0,0
0.0962,0,0
0.0966,0,0
0.097,0,0
0.0974,0,0
0.0978,0,0
0.0982,0,0
0.0986,0,0
0.099,0,0
0.0994,0,0
0.0998,0,0
0.1002,0,0
0.1006,0,0
0.101,0,0
0.1014,0,0
0.1018,0,0
0.1022,0,0
0.1026,0,0
0.103,0,0
0.1034,0,0
0.1038,0,0
0.1042,0,0
0.1046,0,0
0.105,0,0
0.1054,0,0
0.1058,0,0
0.1062,0,0
0.1066,0,0
0.107,0,0
0.1074,0,0
0.1078,0,0
0.1082,0.00699837,0.00701459
0.1086,0,0
0.109,0,0
0.1094,0,0
0.1098,0.00396177,0.00531616
0.1102,0,0
0.1106,0,0
0.111,0,0
0.1114,0,0
0.1118,0,0
0.1122,0,0
0.1126,0,0
0.113,0.00781064,0.00783074
0.1134,0,0
0.1138,0,0
0.1142,0,0
0.1146,0,0
0.115,0,0
0.1154,0,0
0.1158,0,0
0.1162,0,0
0.1166,0,0
0.117,0,0
0.1174,0,0
0.1178,0.00289058,0.00518112
0.1182,0,0
0.1186,0.0087461,0.00877105
0.119,0.00965168,0.00968204
0.1194,0,0
0.1198,0,0
8
-0.1198,0.00373224,0.00373889
-0.1194,0,0
-0.119,0,0
-0.1186,0,0
-0.1182,0,0
-0.1178,0,0
-0.1174,0,0
-0.117,0,0
-0.1166,0,0
-0.1162,0,0
-0.1158,0,0
-0.1154,0,0
-0.115,0.00366306,0.00366943
-0.1146,0,0
-0.1142,0,0
-0.1138,0,0
-0.1134,0,0
-0.113,0,0
-0.1126,0,0
-0.1122,0.00409509,0.00410303
-0.1118,0,0
-0.1114,0,0
-0.111,0,0
-0.1106,0,0
-0.1102,0,0
-0.1098,0,0
-0.1094,0,0
-0.109,0,0
-0.1086,0,0
-0.1082,0,0
-0.1078,0,0
-0.1074,0,0
-0.107,0,0
-0.1066,0,0
-0.1062,0,0
-0.1058,0,0
-0.1054,0,0
-0.105,0,0
-0.1046,0,0
-0.1042,0,0
-0.1038,0,0
-0.1034,0,0
-0.103,0,0
-0.1026,0,0
-0.1022,0,0
-0.1018,0,0
-0.1014,0,0
-0.101,0,0
-0.1006,0,0
-0.1002,0,0
-0.0998,0,0
-0.0994,0,0
-0.099,0,0
-0.0986,0,0
-0.0982,0,0
-0.0978,0,0
-0.0974,0,0
-0.097,0,0
-0.0966,0,0
-0.0962,0,0
-0.0958,0,0
-0.0954,0,0
-0.095,0,0
-0.0946,0,0
-0.0942,0,0
-0.0938,0,0
-0.0934,0,0
-0.093,0,0
-0.0926,0,0
-0.0922,0,0
-0.0918,0,0
-0.0914,0,0
-0.091,0,0
-0.0906,0,0
-0.0902,0,0
-0.0898,0.00412193,0.00412973
-0.0894,0,0
-0.089,0,0
-0.0886,0,0
-0.0882,0,0
-0.0878,0,0
-0.0874,0,0
-0.087,0,0
-0.0866,0,0
-0.0862,0,0
-0.0858,0,0
-0.0854,0,0
-0.085,0,0
-0.0846,0,0
-0.0842,0,0
-0.0838,0,0
-0.0834,0,0
-0.083,0,0
-0.0826,0,0
-0.0822,0,0
-0.0818,0,0
-0.0814,0,0
-0.081,0,0
-0.0806,0,0
-0.0802,0,0
-0.0798,0.00384689,0.00385361
-0.0794,0,0
-0.079,0,0
-0.0786,0,0
-0.0782,0,0
-0.0778,0,0
-0.0774,0,0
-0.077,0,0
-0.0766,0,0
-0.0762,0,0
-0.0758,0,0
-0.0754,0,0
-0.075,0,0
-0.0746,0,0
-0.0742,0.00812674,0.00575702
-0.0738,0,0
-0.0734,0,0
-0.073,0,0
-0.0726,0.00411259,0.00412021
-0.0722,0,0
-0.0718,0,0
-0.0714,0,0
-0.071,0,0
-0.0706,0,0
-0.0702,0,0
-0.0698,0,0
-0.0694,0,0
-0.069,0,0
-0.0686,0,0
-0.0682,0,0
-0.0678,0,0
-0.0674,0,0
-0.067,0.0039464,0.00395339
-0.0666,0,0
-0.0662,0,0
-0.0658,0.00857889,0.00607788
-0.0654,0,0
-0.065,0,0
-0.0646,0.00832336,0.00590129
-0.0642,0,0
-0.0638,0,0
-0.0634,0,0
-0.063,0,0
-0.0626,0,0
-0.0622,0,0
-0.0618,0,0
-0.0614,0,0
-0.061,0,0
-0.0606,0,0
-0.0602,0,0
-0.0598,0,0
-0.0594,0,0
-0.059,0,0
-0.0586,0,0
-0.0582,0,0
-0.0578,0,0
-0.0574,0.00417058,0.00417837
-0.057,0,0
-0.0566,0,0
-0.0562,0,0
-0.0558,0,0
-0.0554,0,0
-0.055,0,0
-0.0546,0,0
-0.0542,0,0
-0.0538,0,0
-0.0534,0,0
-0.053,0.00403481,0.0040421
-0.0526,0,0
-0.0522,0,0
-0.0518,0.00398029,0.00398739
-0.0514,0,0
-0.051,0,0
-0.0506,0,0
-0.0502,0.00403892,0.00404622
-0.0498,0,0
-0.0494,0.00149837,0.00254133
-0.049,0.00437767,0.00438624
-0.0486,0,0
-0.0482,0.00401332,0.00402053
-0.0478,0.00465204,0.00466172
-0.0474,0,0
-0.047,0,0
-0.0466,0,0
-0.0462,0.00389502,0.00390181
-0.0458,0,0
-0.0454,0,0
-0.045,0,0
-0.0446,0.00438453,0.00439313
-0.0442,0.00857329,0.00607393
-0.0438,0,0
-0.0434,0,0
-0.043,0,0
-0.0426,0.00401048,0.00401768
-0.0422,0,0
-0.0418,0.00412872,0.00413634
-0.0414,0,0
-0.041,0,0
-0.0406,0,0
-0.0402,0.0041376,0.00414525
-0.0398,0,0
-0.0394,0,0
-0.039,0.00477344,0.00478362
-0.0386,0,0
-0.0382,0,0
-0.0378,0.00384212,0.00384871
-0.0374,0,0
-0.037,0,0
-0.0366,0,0
-0.0362,0,0
-0.0358,0,0
-0.0354,0,0
-0.035,0,0
-0.0346,0,0
-0.0342,0,0
-0.0338,0,0
-0.0334,0,0
-0.033,0,0
-0.0326,0,0
-0.0322,0,0
-0.0318,0,0
-0.0314,0.00391098,0.0039178
-0.031,0,0
-0.0306,0,0
-0.0302,0,0
-0.0298,0,0
-0.0294,0,0
-0.029,0,0
-0.0286,0.00751502,0.00567228
-0.0282,0.00434869,0.00435711
-0.0278,0,0
-0.0274,0,0
-0.027,0,0
-0.0266,0,0
-0.0262,0,0
-0.0258,0,0
-0.0254,0,0
-0.025,0,0
-0.0246,0,0
-0.0242,0.00434885,0.00435726
-0.0238,0.00428793,0.00429611
-0.0234,0,0
-0.023,0.00866363,0.00613805
-0.0226,0,0
-0.0222,0,0
-0.0218,0,0
-0.0214,0,0
-0.021,0,0
-0.0206,0,0
-0.0202,0.00401408,0.00402124
-0.0198,0.00426494,0.00427302
-0.0194,0.00372855,0.00373473
-0.019,0,0
-0.0186,0,0
-0.0182,0.0041341,0.00414169
-0.0178,0,0
-0.0174,0,0
-0.017,0,0
-0.0166,0.00401391,0.00402107
-0.0162,0,0
-0.0158,0,0
-0.0154,0.00457779,0.00458709
-0.015,0,0
-0.0146,0,0
-0.0142,0,0
-0.0138,0,0
-0.0134,0,0
-0.013,0.00430779,0.00431601
-0.0126,0,0
-0.0122,0.00436705,0.0043755
-0.0118,0,0
-0.0114,0,0
-0.011,0,0
-0.0106,0,0
-0.0102,0.00398866,0.0039957
-0.0098,0,0
-0.0094,0.00823337,0.00583248
-0.009,0.00433072,0.00433901
-0.0086,0,0
-0.0082,0,0
-0.0078,0.00405088,0.00405813
-0.0074,0,0
-0.007,0.0131607,0.00761349
-0.0066,0.00432307,0.00433132
-0.0062,0.00411544,0.00412291
-0.0058,0.00312305,0.00368145
-0.0054,0.00749348,0.00560197
-0.005,0.00440109,0.00440963
-0.0046,0.0132126,0.00764314
-0.0042,0.0120794,0.0071208
-0.0038,0.0209123,0.00936964
-0.0034,0.0452605,0.0136732
-0.003,0.0506766,0.014217
-0.0026,0.127183,0.0235077
-0.0022,0.195602,0.0294435
-0.0018,0.290514,0.0356994
-0.0014,0.263435,0.0338585
-0.001,0.52595,0.0461019
-0.0006,0.715421,0.0542681
-0.0002,0.669389,0.0525268
0.0002,0.748797,0.0553467
0.0006,0.665242,0.0535368
0.001,0.455151,0.0425481
0.0014,0.378443,0.0397082
0.0018,0.232667,0.0325827
0.0022,0.152325,0.024757
0.0026,0.058664,0.0151416
0.003,0.0748236,0.0176932
0.0034,0.0503588,0.014293
0.0038,0.0407003,0.0133485
0.0042,0.0125036,0.00723666
0.0046,0.00394587,0.00395269
0.005,0.0141809,0.00749327
0.0054,0.00826647,0.00585587
0.0058,0.0180572,0.00871106
0.0062,0.023392,0.00956745
0.0066,0.0329931,0.0117781
0.007,0.00052402,0.00147921
0.0074,0.0225129,0.00954611
0.0078,0.00387886,0.00388545
0.0082,0.00824982,0.00584404
0.0086,0.012874,0.00744676
0.009,0.0120415,0.00714898
0.0094,0,0
0.0098,0,0
0.0102,0,0
0.0106,0,0
0.011,0,0
0.0114,0,0
0.0118,0,0
0.0122,0,0
0.0126,0,0
0.013,0,0
0.0134,0.00418981,0.00419746
0.0138,0,0
0.0142,0.00432081,0.00432896
0.0146,0,0
0.015,0,0
0.0154,0.00405043,0.00405758
0.0158,0.00419212,0.00419977
0.0162,0,0
0.0166,0,0
0.017,0,0
0.0174,0.00417404,0.00418163
0.0178,0,0
0.0182,0,0
0.0186,0.00419472,0.00420238
0.019,0,0
0.0194,0,0
0.0198,0,0
0.0202,0.00385564,0.0038621
0.0206,0,0
0.021,0.00406217,0.00406934
0.0214,0.000150622,0.000820881
0.0218,0,0
0.0222,0,0
0.0226,0,0
0.023,0,0
0.0234,0,0
0.0238,0,0
0.0242,0,0
0.0246,0,0
0.025,0,0
0.0254,0,0
0.0258,0,0
0.0262,0.00424712,0.00425494
0.0266,0,0
0.027,0,0
0.0274,0.00410484,0.00411214
0.0278,0,0
0.0282,0,0
0.0286,0,0
0.029,0,0
0.0294,0,0
0.0298,0,0
0.0302,0.00413626,0.00414366
0.0306,0,0
0.031,0,0
0.0314,0,0
0.0318,0,0
0.0322,0,0
0.0326,0,0
0.033,0,0
0.0334,0,0
0.0338,0,0
0.0342,0,0
0.0346,0.00432196,0.00433003
0.035,0.00382498,0.00383129
0.0354,0,0
0.0358,0,0
0.0362,0,0
0.0366,0.0044685,0.00447711
0.037,0,0
0.0374,0.00401295,0.0040199
0.0378,0,0
0.0382,0,0
0.0386,0,0
0.039,0.00434635,0.00435449
0.0394,0,0
0.0398,0,0
0.0402,0,0
0.0406,0,0
0.041,0,0
0.0414,0,0
0.0418,0.00426338,0.0042712
0.0422,0,0
0.0426,0,0
0.043,0,0
0.0434,0,0
0.0438,0,0
0.0442,0,0
0.0446,0,0
0.045,0.00422765,0.00423533
0.0454,0,0
0.0458,0,0
0.0462,0,0
0.0466,0,0
0.047,0,0
0.0474,0,0
0.0478,0,0
0.0482,0,0
0.0486,0,0
0.049,0,0
0.0494,0,0
0.0498,0,0
0.0502,0,0
0.0506,0,0
0.051,0,0
0.0514,0,0
0.0518,0,0
0.0522,0,0
0.0526,0,0
0.053,0.00449014,0.00449875
0.0534,0,0
0.0538,0,0
0.0542,0,0
0.0546,0.00391808,0.00392462
0.055,0.00434958,0.00435764
0.0554,0,0
0.0558,0.00419309,0.00420058
0.0562,0.00914693,0.00648045
0.0566,0,0
0.057,0,0
0.0574,0,0
0.0578,0,0
0.0582,0,0
0.0586,0,0
0.059,0,0
0.0594,0,0
0.0598,0.00437712,0.00438524
0.0602,0,0
0.0606,0,0
0.061,0,0
0.0614,0,0
0.0618,0.00449856,0.00450711
0.0622,0,0
0.0626,0.0040783,0.00408533
0.063,0,0
0.0634,0,0
0.0638,0,0
0.0642,0,0
0.0646,0,0
0.065,0,0
0.0654,0,0
0.0658,0,0
0.0662,0,0
0.0666,0,0
0.067,0,0
0.0674,0,0
0.0678,0.0039194,0.00392584
0.0682,0,0
0.0686,0,0
0.069,0,0
0.0694,0,0
0.0698,0.00458053,0.0045893
0.0702,0.00437015,0.00437813
0.0706,0,0
0.071,0,0
0.0714,0,0
0.0718,0,0
0.0722,0,0
0.0726,0.00415798,0.00416517
0.073,0.00834603,0.00591179
0.0734,0,0
0.0738,0,0
0.0742,0,0
0.0746,0.00437959,0.00438755
0.075,0,0
0.0754,0,0
0.0758,0,0
0.0762,0,0
0.0766,0,0
0.077,0,0
0.0774,0,0
0.0778,0,0
0.0782,0,0
0.0786,0,0
0.079,0,0
0.0794,0,0
0.0798,0,0
0.0802,0,0
0.0806,0,0
0.081,0,0
0.0814,0,0
0.0818,0,0
0.0822,0.00436327,0.0043711
0.0826,0,0
0.083,0,0
0.0834,0,0
0.0838,0,0
0.0842,0,0
0.0846,0,0
0.085,0.00433209,0.00433978
0.0854,0,0
0.0858,0.0044774,0.00448561
0.0862,0,0
0.0866,0.00447313,0.00448132
0.087,0,0
0.0874,0,0
0.0878,0,0
0.0882,0,0
0.0886,0,0
0.089,0,0
0.0894,0,0
0.0898,0,0
0.0902,0.00426089,0.00426829
0.0906,0,0
0.091,0,0
0.0914,0.00201289,0.00289458
0.0918,0,0
0.0922,0,0
0.0926,0,0
0.093,0,0
0.0934,0,0
0.0938,0,0
0.0942,0,0
0.0946,0,0
0.095,0.00446671,0.0044748
0.0954,0,0
0.0958,0,0
0.0962,0.000903364,0.00202553
0.0966,0,0
0.097,0,0
0.0974,0,0
0.0978,0,0
0.0982,0,0
0.0986,0,0
0.099,0,0
0.0994,0,0
0.0998,0,0
0.1002,0,0
0.1006,0,0
0.101,0,0
0.1014,0,0
0.1018,0,0
0.1022,0,0
0.1026,0,0
0.103,0.0049535,0.0049634
0.1034,0,0
0.1038,0,0
0.1042,0,0
0.1046,0.00523672,0.00524778
0.105,0,0
0.1054,0.00596542,0.00597976
0.1058,0,0
0.1062,0,0
0.1066,0,0
0.107,0,0
0.1074,0,0
0.1078,0,0
0.1082,0,0
0.1086,0,0
0.109,0,0
0.1094,0,0
0.1098,0.00257706,0.00388529
0.1102,0,0
0.1106,0.00652494,0.00654208
0.111,0,0
0.1114,0,0
0.1118,0,0
0.1122,0,0
0.1126,0,0
0.113,0,0
0.1134,0,0
0.1138,0,0
0.1142,0,0
0.1146,0,0
0.115,0,0
0.1154,0,0
0.1158,0,0
0.1162,0.00660668,0.00662426
0.1166,0,0
0.117,0,0
0.1174,0,0
0.1178,0.00514178,0.0062228
0.1182,0,0
0.1186,0,0
0.119,0,0
0.1194,0,0
0.1198,0,0
9
-0.1198,0,0
-0.1194,0,0
-0.119,0.004019,0.00402692
-0.1186,0,0
-0.1182,0,0
-0.1178,0,0
-0.1174,0,0
-0.117,0,0
-0.1166,0,0
-0.1162,0,0
-0.1158,0,0
-0.1154,0,0
-0.115,0,0
-0.1146,0.00374512,0.00375205
-0.1142,0,0
-0.1138,0,0
-0.1134,0,0
-0.113,0,0
-0.1126,0,0
-0.1122,0,0
-0.1118,0,0
-0.1114,0,0
-0.111,0,0
-0.1106,0,0
-0.1102,0,0
-0.1098,0,0
-0.1094,0,0
-0.109,0,0
-0.1086,0,0
-0.1082,0,0
-0.1078,0,0
-0.1074,0.00426249,0.00427156
-0.107,0,0
-0.1066,0,0
-0.1062,0,0
-0.1058,0,0
-0.1054,0,0
-0.105,0,0
-0.1046,0,0
-0.1042,0.00344784,0.00345381
-0.1038,0,0
-0.1034,0,0
-0.103,0,0
-0.1026,0,0
-0.1022,0,0
-0.1018,0,0
-0.1014,0.00361896,0.00362557
-0.101,0,0
-0.1006,0,0
-0.1002,0,0
-0.0998,0,0
-0.0994,0,0
-0.099,0,0
-0.0986,0,0
-0.0982,0,0
-0.0978,0,0
-0.0974,0,0
-0.097,0.00361902,0.00362567
-0.0966,0,0
-0.0962,0,0
-0.0958,0,0
-0.0954,0,0
-0.095,0,0
-0.0946,0,0
-0.0942,0,0
-0.0938,0,0
-0.0934,0,0
-0.093,0,0
-0.0926,0,0
-0.0922,0,0
-0.0918,0,0
-0.0914,0,0
-0.091,0.00357377,0.0035803
-0.0906,0,0
-0.0902,0.00335039,0.00335614
-0.0898,0,0
-0.0894,0,0
-0.089,0,0
-0.0886,0,0
-0.0882,0,0
-0.0878,0,0
-0.0874,0,0
-0.087,0.00351958,0.00352595
-0.0866,0,0
-0.0862,0,0
-0.0858,0,0
-0.0854,0,0
-0.085,0.00384431,0.00385192
-0.0846,0,0
-0.0842,0,0
-0.0838,0,0
-0.0834,0,0
-0.083,0,0
-0.0826,0,0
-0.0822,0,0
-0.0818,0,0
-0.0814,0.00350278,0.00350912
-0.081,0,0
-0.0806,0,0
-0.0802,0,0
-0.0798,0,0
-0.0794,0,0
-0.079,0,0
-0.0786,0,0
-0.0782,0,0
-0.0778,0.00360353,0.00361027
-0.0774,0,0
-0.077,0,0
-0.0766,0,0
-0.0762,0.00355304,0.0035596
-0.0758,0,0
-0.0754,0,0
-0.075,0,0
-0.0746,0,0
-0.0742,0,0
-0.0738,0,0
-0.0734,0,0
-0.073,0,0
-0.0726,0,0
-0.0722,0,0
-0.0718,0,0
-0.0714,0,0
-0.071,0,0
-0.0706,0,0
-0.0702,0.00324272,0.00324822
-0.0698,0,0
-0.0694,0,0
-0.069,0.00314677,0.00315195
-0.0686,0,0
-0.0682,0,0
-0.0678,0,0
-0.0674,0,0
-0.067,0,0
-0.0666,0,0
-0.0662,0,0
-0.0658,0,0
-0.0654,0,0
-0.065,0.00341282,0.00341893
-0.0646,0,0
-0.0642,0,0
-0.0638,0,0
-0.0634,0,0
-0.063,0,0
-0.0626,0,0
-0.0622,0,0
-0.0618,0,0
-0.0614,0,0
-0.061,0,0
-0.0606,0,0
-0.0602,0,0
-0.0598,0,0
-0.0594,0,0
-0.059,0,0
-0.0586,0,0
-0.0582,0,0
-0.0578,0,0
-0.0574,0,0
-0.057,0,0
-0.0566,0,0
-0.0562,0.00348189,0.0034883
-0.0558,0,0
-0.0554,0,0
-0.055,0,0
-0.0546,0.00315737,0.00316265
-0.0542,0,0
-0.0538,0,0
-0.0534,0.00359627,0.00360312
-0.053,0,0
-0.0526,0,0
-0.0522,0.00662529,0.00469301
-0.0518,0,0
-0.0514,0,0
-0.051,0,0
-0.0506,0,0
-0.0502,0,0
-0.0498,0,0
-0.0494,0,0
-0.049,0,0
-0.0486,0,0
-0.0482,0,0
-0.0478,0.00349489,0.00350138
-0.0474,0,0
-0.047,0,0
-0.0466,0,0
-0.0462,0.00326843,0.00327411
-0.0458,0.00356382,0.00357058
-0.0454,0.00342865,0.00343491
-0.045,0.00350442,0.00351096
-0.0446,0,0
-0.0442,0.00361291,0.00361986
-0.0438,0.00382898,0.0038368
-0.0434,0.00333012,0.00333604
-0.043,0,0
-0.0426,0,0
-0.0422,0,0
-0.0418,0,0
-0.0414,0.00331309,0.00331896
-0.041,0.00348995,0.00349647
-0.0406,0,0
-0.0402,0,0
-0.0398,0.00368942,0.0036967
-0.0394,0,0
-0.039,0,0
-0.0386,0.00364542,0.00365254
-0.0382,0,0
-0.0378,0.00322173,0.00322729
-0.0374,0.00362559,0.00363265
-0.037,0,0
-0.0366,0,0
-0.0362,0.00718603,0.00509111
-0.0358,0,0
-0.0354,0.00712718,0.00505004
-0.035,0,0
-0.0346,0.00341362,0.00341989
-0.0342,0,0
-0.0338,0,0
-0.0334,0.00349095,0.00349752
-0.033,0,0
-0.0326,0.00339823,0.00340446
-0.0322,0,0
-0.0318,0,0
-0.0314,0,0
-0.031,0,0
-0.0306,0.00314325,0.00314859
-0.0302,0,0
-0.0298,0,0
-0.0294,0,0
-0.029,0.00334826,0.00335433
-0.0286,0,0
-0.0282,0,0
-0.0278,0,0
-0.0274,0.00329778,0.00330368
-0.027,0,0
-0.0266,0,0
-0.0262,0.00676119,0.00478967
-0.0258,0,0
-0.0254,0.00339878,0.00340506
-0.025,0,0
-0.0246,0.00335488,0.00336101
-0.0242,0,0
-0.0238,0,0
-0.0234,0,0
-0.023,0.00350959,0.00351631
-0.0226,0.00710245,0.00503193
-0.0222,0,0
-0.0218,0.00344065,0.00344712
-0.0214,0,0
-0.021,0.00340294,0.00340927
-0.0206,0.00313921,0.00314461
-0.0202,0,0
-0.0198,0.010085,0.00583832
-0.0194,0.00302251,0.00302752
-0.019,0,0
-0.0186,0,0
-0.0182,0,0
-0.0178,0,0
-0.0174,0,0
-0.017,0.00342258,0.00342902
-0.0166,0,0
-0.0162,0,0
-0.0158,0,0
-0.0154,0,0
-0.015,0.00346891,0.00347554
-0.0146,0,0
-0.0142,0,0
-0.0138,0,0
-0.0134,0.00676748,0.0047954
-0.013,0,0
-0.0126,0.00355134,0.00355831
-0.0122,0,0
-0.0118,0,0
-0.0114,0,0
-0.011,0.00624963,0.00442681
-0.0106,0,0
-0.0102,0.00638077,0.0045199
-0.0098,0.00639635,0.00453094
-0.0094,0,0
-0.009,0.00330288,0.00330894
-0.0086,0.00990924,0.00573163
-0.0082,0.00338539,0.00339177
-0.0078,0.0192823,0.00788609
-0.0074,0,0
-0.007,0.0103448,0.00598442
-0.0066,0.0208463,0.00852723
-0.0062,0.00325347,0.00325938
-0.0058,0.00341501,0.00342152
-0.0054,0.0191524,0.00792255
-0.005,0.0205446,0.00840736
-0.0046,0.0104146,0.00602454
-0.0042,0.00831605,0.00523999
-0.0038,0.0229671,0.00869683
-0.0034,0.019393,0.00793247
-0.003,0.028032,0.00936199
-0.0026,0.0522728,0.0134014
-0.0022,0.0985617,0.0185562
-0.0018,0.144786,0.0223979
-0.0014,0.252129,0.029234
-0.001,0.378548,0.0346462
-0.0006,0.548593,0.0420267
-0.0002,0.523854,0.041106
0.0002,0.46577,0.0385548
0.0006,0.41663,0.0374374
0.001,0.217601,0.0262158
0.0014,0.201959,0.0256466
0.0018,0.159879,0.0238266
0.0022,0.0713005,0.0149559
0.0026,0.0582054,0.0132998
0.003,0.0385604,0.0111691
0.0034,0.0195969,0.00786234
0.0038,0.0290675,0.00994486
0.0042,0.00995143,0.00575962
0.0046,0.00621822,0.00440517
0.005,0.00918195,0.00531038
0.0054,0.00640855,0.00453974
0.0058,0.0326755,0.0103307
0.0062,0.0151299,0.00677892
0.0066,0.0169338,0.00741062
0.007,0.0222063,0.00848547
0.0074,0.0137758,0.00656513
0.0078,0.00618216,0.00438117
0.0082,0.00318458,0.00319033
0.0086,0.00686365,0.00486278
0.009,0.00323386,0.00323979
0.0094,0,0
0.0098,0,0
0.0102,0,0
0.0106,0,0
0.011,0,0
0.0114,0.00313077,0.00313634
0.0118,0,0
0.0122,0,0
0.0126,0.00321205,0.00321792
0.013,0.00688244,0.00487616
0.0134,0.00665086,0.00471459
0.0138,0,0
0.0142,0,0
0.0146,0,0
0.015,0.00959267,0.00555415
0.0154,0,0
0.0158,0,0
0.0162,0,0
0.0166,0,0
0.017,0.00318293,0.00318871
0.0174,0.00324544,0.00325145
0.0178,0,0
0.0182,0.00622515,0.0044112
0.0186,0.00638603,0.00452385
0.019,0.00299707,0.0030022
0.0194,0.00364836,0.00365597
0.0198,0,0
0.0202,0.00292906,0.00293397
0.0206,0,0
0.021,0.00308307,0.00308851
0.0214,0.00664694,0.00474951
0.0218,0.00333613,0.0033425
0.0222,0,0
0.0226,0.00309975,0.00310526
0.023,0.00309886,0.00310437
0.0234,0.00312292,0.00312851
0.0238,0,0
0.0242,0,0
0.0246,0.00355659,0.00356385
0.025,0,0
0.0254,0.00319779,0.00320367
0.0258,0.00604582,0.00428296
0.0262,0.00320354,0.00320944
0.0266,0,0
0.027,0,0
0.0274,0,0
0.0278,0,0
0.0282,0,0
0.0286,0,0
0.029,0.00313036,0.003136
0.0294,0.00313091,0.00313656
0.0298,0.00315156,0.00315728
0.0302,0,0
0.0306,0,0
0.031,0,0
0.0314,0.00308909,0.00309459
0.0318,0,0
0.0322,0.00318677,0.00319263
0.0326,0,0
0.033,0.00323387,0.00323991
0.0334,0,0
0.0338,0.00322458,0.00323058
0.0342,0,0
0.0346,0,0
0.035,0,0
0.0354,0,0
0.0358,0.00330146,0.00330776
0.0362,0,0
0.0366,0,0
0.037,0,0
0.0374,0,0
0.0378,0.00304178,0.00304713
0.0382,0,0
0.0386,0.00323534,0.00324139
0.039,0,0
0.0394,0,0
0.0398,0,0
0.0402,0.00307538,0.00308086
0.0406,0,0
0.041,0,0
0.0414,0.00335897,0.0033655
0.0418,0,0
0.0422,0,0
0.0426,0,0
0.043,0,0
0.0434,0.00309979,0.00310536
0.0438,0.00309917,0.00310474
0.0442,0.00617965,0.00437773
0.0446,0.00601704,0.00426212
0.045,0.00312857,0.00313425
0.0454,0.00306044,0.00306588
0.0458,0.00295032,0.00295537
0.0462,0,0
0.0466,0,0
0.047,0.00607389,0.00430247
0.0474,0,0
0.0478,0.00324717,0.00325329
0.0482,0,0
0.0486,0.00324976,0.00325589
0.049,0,0
0.0494,0.00315748,0.00316328
0.0498,0,0
0.0502,0,0
0.0506,0.00917373,0.00531017
0.051,0,0
0.0514,0,0
0.0518,0.00632809,0.00448288
0.0522,0.00294593,0.00295098
0.0526,0,0
0.053,0.00628536,0.00445744
0.0534,0.00299515,0.00300038
0.0538,0,0
0.0542,0.0033027,0.00330907
0.0546,0,0
0.055,0.00317556,0.00318144
0.0554,0.00305793,0.00306339
0.0558,0,0
0.0562,0,0
0.0566,0,0
0.057,0,0
0.0574,0,0
0.0578,0,0
0.0582,0,0
0.0586,0,0
0.059,0,0
0.0594,0,0
0.0598,0,0
0.0602,0,0
0.0606,0,0
0.061,0.00284799,0.00285274
0.0614,0,0
0.0618,0.00305137,0.00305684
0.0622,0,0
0.0626,0.00293212,0.00293717
0.063,0.00341626,0.00342311
0.0634,0,0
0.0638,0,0
0.0642,0,0
0.0646,0,0
0.065,0,0
0.0654,0,0
0.0658,0,0
0.0662,0,0
0.0666,0,0
0.067,0,0
0.0674,0.00320823,0.0032143
0.0678,0,0
0.0682,0,0
0.0686,0,0
0.069,0,0
0.0694,0,0
0.0698,0.00282404,0.00282875
0.0702,0,0
0.0706,0,0
0.071,0,0
0.0714,0,0
0.0718,0.00295455,0.00295972
0.0722,0,0
0.0726,0,0
0.073,0,0
0.0734,0,0
0.0738,0,0
0.0742,0.00292303,0.0029281
0.0746,0.00305942,0.00306498
0.075,0,0
0.0754,0,0
0.0758,0,0
0.0762,0,0
0.0766,0.00298328,0.00298858
0.077,0,0
0.0774,0,0
0.0778,0.0120538,0.00605313
0.0782,0,0
0.0786,0.00315307,0.003159
0.079,0.00323362,0.00323986
0.0794,0,0
0.0798,0.0029302,0.00293533
0.0802,0,0
0.0806,0.00296542,0.00297068
0.081,0,0
0.0814,0,0
0.0818,0,0
0.0822,0.00281432,0.00281906
0.0826,0.00299352,0.00299889
0.083,0.00296448,0.00296975
0.0834,0.00296317,0.00296844
0.0838,0,0
0.0842,0.00577698,0.0040952
0.0846,0.00290139,0.00290645
0.085,0,0
0.0854,0,0
0.0858,0,0
0.0862,0,0
0.0866,0.00303965,0.00304521
0.087,0,0
0.0874,0.00320215,0.00320832
0.0878,0,0
0.0882,0,0
0.0886,0,0
0.089,0.0032368,0.00324312
0.0894,0,0
0.0898,0,0
0.0902,0,0
0.0906,0,0
0.091,0,0
0.0914,0.00143799,0.00200759
0.0918,0,0
0.0922,0,0
0.0926,0,0
0.093,0.00285543,0.00286037
0.0934,0,0
0.0938,0,0
0.0942,0,0
0.0946,0,0
0.095,0,0
0.0954,0,0
0.0958,0,0
0.0962,0.00242113,0.00271125
0.0966,0.0030246,0.00303015
0.097,0,0
0.0974,0,0
0.0978,0,0
0.0982,0,0
0.0986,0,0
0.099,0,0
0.0994,0.00354648,0.00355411
0.0998,0,0
0.1002,0,0
0.1006,0.00339265,0.00339963
0.101,0,0
0.1014,0.00331699,0.00332366
0.1018,0.00346909,0.00347639
0.1022,0,0
0.1026,0.00341329,0.00342035
0.103,0.0069507,0.00493188
0.1034,0,0
0.1038,0,0
0.1042,0,0
0.1046,0,0
0.105,0,0
0.1054,0,0
0.1058,0,0
0.1062,0,0
0.1066,0.00724119,0.00513154
0.107,0,0
0.1074,0,0
0.1078,0,0
0.1082,0,0
0.1086,0.00360899,0.00361689
0.109,0,0
0.1094,0,0
0.1098,0,0
0.1102,0,0
0.1106,0,0
0.111,0,0
0.1114,0.00856048,0.00607063
0.1118,0.00410116,0.00411137
0.1122,0.00424013,0.00425105
0.1126,0.00423986,0.00425078
0.113,0,0
0.1134,0.00849315,0.00602108
0.1138,0.00414168,0.0041521
0.1142,0,0
0.1146,0.00927644,0.00657792
0.115,0.0102578,0.00727597
0.1154,0,0
0.1158,0.00468212,0.00469543
0.1162,0,0
0.1166,0.00413623,0.00414662
0.117,0,0
0.1174,0.00485682,0.00487115
0.1178,0,0
0.1182,0,0
0.1186,0,0
0.119,0,0
0.1194,0.00517419,0.00519046
0.1198,0,0
