# X , Y , E Distribution=true
1
-0.1198,0,0
-0.1194,0,0
-0.119,0,0
-0.1186,0,0
-0.1182,0,0
-0.1178,0,0
-0.1174,0.00653616,0.00868308
-0.117,0,0
-0.1166,0,0
-0.1162,0,0
-0.1158,0,0
-0.1154,0,0
-0.115,0,0
-0.1146,0,0
-0.1142,0,0
-0.1138,0,0
-0.1134,0,0
-0.113,0,0
-0.1126,0.0128373,0.0128619
-0.1122,0.0128398,0.0128645
-0.1118,0,0
-0.1114,0,0
-0.111,0,0
-0.1106,0,0
-0.1102,0,0
-0.1098,0,0
-0.1094,0,0
-0.109,0.00188679,0.00493821
-0.1086,0,0
-0.1082,0,0
-0.1078,0,0
-0.1074,0,0
-0.107,0,0
-0.1066,0,0
-0.1062,0,0
-0.1058,0,0
-0.1054,0,0
-0.105,0,0
-0.1046,0,0
-0.1042,0,0
-0.1038,0,0
-0.1034,0,0
-0.103,0,0
-0.1026,0,0
-0.1022,0,0
-0.1018,0,0
-0.1014,0,0
-0.101,0,0
-0.1006,0,0
-0.1002,0,0
-0.0998,0,0
-0.0994,0,0
-0.099,0,0
-0.0986,0,0
-0.0982,0,0
-0.0978,0,0
-0.0974,0,0
-0.097,0,0
-0.0966,0,0
-0.0962,0,0
-0.0958,0,0
-0.0954,0,0
-0.095,0,0
-0.0946,0,0
-0.0942,0,0
-0.0938,0,0
-0.0934,0,0
-0.093,0,0
-0.0926,0,0
-0.0922,0,0
-0.0918,0,0
-0.0914,0,0
-0.091,0,0
-0.0906,0.0120522,0.0120737
-0.0902,0,0
-0.0898,0,0
-0.0894,0,0
-0.089,0,0
-0.0886,0,0
-0.0882,0,0
-0.0878,0,0
-0.0874,0,0
-0.087,0,0
-0.0866,0,0
-0.0862,0,0
-0.0858,0,0
-0.0854,0,0
-0.085,0,0
-0.0846,0,0
-0.0842,0,0
-0.0838,0,0
-0.0834,0,0
-0.083,0,0
-0.0826,0,0
-0.0822,0,0
-0.0818,0,0
-0.0814,0,0
-0.081,0,0
-0.0806,0,0
-0.0802,0,0
-0.0798,0,0
-0.0794,0,0
-0.079,0,0
-0.0786,0,0
-0.0782,0,0
-0.0778,0,0
-0.0774,0,0
-0.077,0,0
-0.0766,0,0
-0.0762,0,0
-0.0758,0,0
-0.0754,0,0
-0.075,0,0
-0.0746,0,0
-0.0742,0,0
-0.0738,0,0
-0.0734,0,0
-0.073,0,0
-0.0726,0,0
-0.0722,0,0
-0.0718,0,0
-0.0714,0,0
-0.071,0,0
-0.0706,0,0
-0.0702,0,0
-0.0698,0,0
-0.0694,0,0
-0.069,0,0
-0.0686,0.0129306,0.0129551
-0.0682,0,0
-0.0678,0,0
-0.0674,0,0
-0.067,0,0
-0.0666,0.0121086,0.0121301
-0.0662,0,0
-0.0658,0,0
-0.0654,0.0135731,0.0136001
-0.065,0,0
-0.0646,0,0
-0.0642,0,0
-0.0638,0,0
-0.0634,0,0
-0.063,0,0
-0.0626,0.0108621,0.0118699
-0.0622,0,0
-0.0618,0,0
-0.0614,0,0
-0.061,0,0
-0.0606,0,0
-0.0602,0,0
-0.0598,0,0
-0.0594,0,0
-0.059,0,0
-0.0586,0,0
-0.0582,0,0
-0.0578,0,0
-0.0574,0,0
-0.057,0,0
-0.0566,0,0
-0.0562,0,0
-0.0558,0,0
-0.0554,0,0
-0.055,0,0
-0.0546,0,0
-0.0542,0,0
-0.0538,0,0
-0.0534,0.0122747,0.0122966
-0.053,0,0
-0.0526,0,0
-0.0522,0,0
-0.0518,0,0
-0.0514,0,0
-0.051,0,0
-0.0506,0,0
-0.0502,0,0
-0.0498,0,0
-0.0494,0,0
-0.049,0,0
-0.0486,0,0
-0.0482,0,0
-0.0478,0,0
-0.0474,0,0
-0.047,0,0
-0.0466,0,0
-0.0462,0,0
-0.0458,0,0
-0.0454,0,0
-0.045,0,0
-0.0446,0,0
-0.0442,0,0
-0.0438,0,0
-0.0434,0,0
-0.043,0,0
-0.0426,0,0
-0.0422,0,0
-0.0418,0.0254409,0.0180256
-0.0414,0,0
-0.041,0,0
-0.0406,0.0127502,0.0127738
-0.0402,0.0127427,0.0127662
-0.0398,0,0
-0.0394,0,0
-0.039,0,0
-0.0386,0,0
-0.0382,0,0
-0.0378,0,0
-0.0374,0,0
-0.037,0.00202022,0.00497508
-0.0366,0,0
-0.0362,0,0
-0.0358,0,0
-0.0354,0,0
-0.035,0,0
-0.0346,0,0
-0.0342,0.0102709,0.0116372
-0.0338,0,0
-0.0334,0,0
-0.033,0,0
-0.0326,0.00458169,0.00748286
-0.0322,0,0
-0.0318,0,0
-0.0314,0,0
-0.031,0,0
-0.0306,0,0
-0.0302,0,0
-0.0298,0,0
-0.0294,0,0
-0.029,0,0
-0.0286,0,0
-0.0282,0,0
-0.0278,0,0
-0.0274,0.00696903,0.0095183
-0.027,0,0
-0.0266,0.0277882,0.0196886
-0.0262,0,0
-0.0258,0.0645236,0.0295341
-0.0254,0,0
-0.025,0.0120149,0.0125384
-0.0246,0,0
-0.0242,0,0
-0.0238,0,0
-0.0234,0,0
-0.023,0,0
-0.0226,0,0
-0.0222,0,0
-0.0218,0,0
-0.0214,0,0
-0.021,0,0
-0.0206,0.00338016,0.00664133
-0.0202,0,0
-0.0198,0,0
-0.0194,0,0
-0.019,0,0
-0.0186,0.0256776,0.0181944
-0.0182,0,0
-0.0178,0.0129086,0.0129325
-0.0174,0,0
-0.017,0,0
-0.0166,0.012221,0.0122423
-0.0162,0,0
-0.0158,0,0
-0.0154,0,0
-0.015,0.0103424,0.0111807
-0.0146,0,0
-0.0142,0,0
-0.0138,0.0130854,0.0131099
-0.0134,0.0141296,0.0141581
-0.013,0,0
-0.0126,0,0
-0.0122,0,0
-0.0118,0,0
-0.0114,0.013089,0.0131134
-0.011,0,0
-0.0106,0.00902348,0.0104795
-0.0102,0.0194723,0.0154406
-0.0098,0.0120766,0.0120975
-0.0094,0.0132103,0.0132352
-0.009,0,0
-0.0086,0.0126705,0.0126934
-0.0082,0.0133259,0.0133512
-0.0078,0,0
-0.0074,0,0
-0.007,0.0119971,0.0120176
-0.0066,0.0398546,0.0218882
-0.0062,0.0130533,0.0130776
-0.0058,0.0179099,0.0155522
-0.0054,0.0184398,0.0158561
-0.005,0.0276831,0.0196135
-0.0046,0.0822305,0.0336367
-0.0042,0.028636,0.0198788
-0.0038,0.120735,0.0415831
-0.0034,0.106897,0.0385541
-0.003,0.194257,0.0502527
-0.0026,0.241207,0.0533751
-0.0022,0.462768,0.0759032
-0.0018,0.745392,0.100393
-0.0014,1.15155,0.120915
-0.001,1.58357,0.142933
-0.0006,2.2609,0.177141
-0.0002,2.21576,0.16714
0.0002,2.02423,0.158941
0.0006,1.57475,0.139536
0.001,0.746473,0.0966722
0.0014,0.462629,0.0762951
0.0018,0.215868,0.0548262
0.0022,0.0931729,0.0356036
0.0026,0.0254905,0.0180572
0.003,0.0539447,0.0268723
0.0034,0.0131711,0.0131956
0.0038,0,0
0.0042,0.011818,0.0118378
0.0046,0,0
0.005,0.0243707,0.017566
0.0054,0.0127844,0.0128411
0.0058,0.0129638,0.0130276
0.0062,0,0
0.0066,0.00393583,0.00732495
0.007,0.0115565,0.0115754
0.0074,0.0136425,0.0136688
0.0078,0.0132671,0.013292
0.0082,0,0
0.0086,0,0
0.009,0.000223629,0.00169854
0.0094,0,0
0.0098,0.0131553,0.0131797
0.0102,0.00743104,0.00990656
0.0106,0.00862261,0.0103546
0.011,0.00618523,0.0090995
0.0114,0.012664,0.0126867
0.0118,0,0
0.0122,0,0
0.0126,0.0136658,0.0136921
0.013,0,0
0.0134,0,0
0.0138,0.0142713,0.0136417
0.0142,0.0127952,0.0128183
0.0146,0.0149097,0.014941
0.015,0.00583879,0.00937639
0.0154,0,0
0.0158,0,0
0.0162,0,0
0.0166,0.0261912,0.0185542
0.017,0,0
0.0174,0,0
0.0178,0,0
0.0182,0.0245039,0.0173569
0.0186,0,0
0.019,0,0
0.0194,0.010608,0.0112076
0.0198,0,0
0.0202,0.0133125,0.0133374
0.0206,0,0
0.021,0,0
0.0214,0,0
0.0218,0,0
0.0222,0,0
0.0226,0.0130869,0.0131109
0.023,0,0
0.0234,0,0
0.0238,0.0139374,0.0139646
0.0242,0,0
0.0246,0,0
0.025,0.0131796,0.0132039
0.0254,0,0
0.0258,0,0
0.0262,0,0
0.0266,0,0
0.027,0,0
0.0274,0,0
0.0278,0,0
0.0282,0,0
0.0286,0,0
0.029,0,0
0.0294,0,0
0.0298,0.0130917,0.0131157
0.0302,0.0126052,0.0126274
0.0306,0.012925,0.0129483
0.031,0,0
0.0314,0,0
0.0318,0,0
0.0322,0,0
0.0326,0,0
0.033,0,0
0.0334,0,0
0.0338,0,0
0.0342,0.0128616,0.0128846
0.0346,0.0263497,0.0186667
0.035,0,0
0.0354,0.0129834,0.0130068
0.0358,0,0
0.0362,0,0
0.0366,0,0
0.037,0,0
0.0374,0,0
0.0378,0,0
0.0382,0,0
0.0386,0,0
0.039,0,0
0.0394,0,0
0.0398,0,0
0.0402,0,0
0.0406,0,0
0.041,0,0
0.0414,0,0
0.0418,0,0
0.0422,0,0
0.0426,0,0
0.043,0.0131051,0.0131289
0.0434,0,0
0.0438,0,0
0.0442,0.0119983,0.0120183
0.0446,0,0
0.045,0,0
0.0454,0,0
0.0458,0,0
0.0462,0.00374919,0.00707694
0.0466,0,0
0.047,0,0
0.0474,0,0
0.0478,0,0
0.0482,0,0
0.0486,0,0
0.049,0.0117298,0.0117488
0.0494,0,0
0.0498,0,0
0.0502,0,0
0.0506,0.0126281,0.0126502
0.051,0,0
0.0514,0,0
0.0518,0,0
0.0522,0,0
0.0526,0,0
0.053,0,0
0.0534,0,0
0.0538,0,0
0.0542,0,0
0.0546,0,0
0.055,0,0
0.0554,0,0
0.0558,0,0
0.0562,0,0
0.0566,0,0
0.057,0,0
0.0574,0,0
0.0578,0,0
0.0582,0.0123757,0.012473
0.0586,0,0
0.059,0,0
0.0594,0,0
0.0598,0,0
0.0602,0,0
0.0606,0,0
0.061,0,0
0.0614,0,0
0.0618,0,0
0.0622,0,0
0.0626,0.013176,0.0131998
0.063,0,0
0.0634,0.0134296,0.0134543
0.0638,0,0
0.0642,0,0
0.0646,0,0
0.065,0,0
0.0654,0,0
0.0658,0,0
0.0662,0,0
0.0666,0,0
0.067,0,0
0.0674,0,0
0.0678,0,0
0.0682,0,0
0.0686,0,0
0.069,0,0
0.0694,0,0
0.0698,0,0
0.0702,0.000153548,0.00143085
0.0706,0.0134659,0.0134907
0.071,0,0
0.0714,0,0
0.0718,0,0
0.0722,0,0
0.0726,0.0135245,0.0135495
0.073,0,0
0.0734,0,0
0.0738,0,0
0.0742,0,0
0.0746,0,0
0.075,0,0
0.0754,0,0
0.0758,0,0
0.0762,0,0
0.0766,0,0
0.077,0,0
0.0774,0,0
0.0778,0.00495453,0.00824456
0.0782,0,0
0.0786,0,0
0.079,0.0130766,0.0130999
0.0794,0,0
0.0798,0,0
0.0802,0,0
0.0806,0,0
0.081,0,0
0.0814,0,0
0.0818,0,0
0.0822,0.00638227,0.00912665
0.0826,0,0
0.083,0,0
0.0834,0,0
0.0838,0,0
0.0842,0,0
0.0846,0,0
0.085,0,0
0.0854,0,0
0.0858,0.0133841,0.0134084
0.0862,0,0
0.0866,0,0
0.087,0,0
0.0874,0,0
0.0878,0,0
0.0882,0,0
0.0886,0,0
0.089,0,0
0.0894,0,0
0.0898,0,0
0.0902,0,0
0.0906,0,0
0.091,0.0137643,0.0137899
0.0914,0,0
0.0918,0,0
0.0922,0,0
0.0926,0,0
0.093,0,0
0.0934,0,0
0.0938,0,0
0.0942,0,0
0.0946,0,0
0.095,0,0
0.0954,0,0
0.0958,0,0
0.0962,0,0
0.0966,0,0
0.097,0,0
0.0974,0,0
0.0978,0,0
0.0982,0,0
0.0986,0,0
0.099,0,0
0.0994,0,0
0.0998,0,0
0.1002,0,0
0.1006,0,0
0.101,0,0
0.1014,0,0
0.1018,0,0
0.1022,0,0
0.1026,0,0
0.103,0.0168508,0.016889
0.1034,0,0
0.1038,0,0
0.1042,0.0157392,0.0157724
0.1046,0,0
0.105,0,0
0.1054,0,0
0.1058,0.00779829,0.0116459
0.1062,0,0
0.1066,0,0
0.107,0,0
0.1074,0.0179373,0.0179804
0.1078,0,0
0.1082,0,0
0.1086,0,0
0.109,0.0188338,0.0188814
0.1094,0,0
0.1098,0,0
0.1102,0,0
0.1106,0,0
0.111,0,0
0.1114,0,0
0.1118,0,0
0.1122,0.0188144,0.0188618
0.1126,0,0
0.113,0,0
0.1134,0.0182025,0.0182468
0.1138,0,0
0.1142,0,0
0.1146,0,0
0.115,0,0
0.1154,0,0
0.1158,0,0
0.1162,0,0
0.1166,0,0
0.117,0,0
0.1174,0,0
0.1178,0,0
0.1182,0,0
0.1186,0,0
0.119,0,0
0.1194,0,0
0.1198,0,0
2
-0.1198,0,0
-0.1194,0,0
-0.119,0,0
-0.1186,0,0
-0.1182,0,0
-0.1178,0,0
-0.1174,0.00231999,0.00353821
-0.117,0,0
-0.1166,0,0
-0.1162,0,0
-0.1158,0,0
-0.1154,0,0
-0.115,0,0
-0.1146,0,0
-0.1142,0,0
-0.1138,0,0
-0.1134,0.0110976,0.00786171
-0.113,0,0
-0.1126,0,0
-0.1122,0,0
-0.1118,0,0
-0.1114,0,0
-0.111,0,0
-0.1106,0,0
-0.1102,0,0
-0.1098,0,0
-0.1094,0,0
-0.109,0.00513061,0.00556432
-0.1086,0,0
-0.1082,0,0
-0.1078,0,0
-0.1074,0,0
-0.107,0,0
-0.1066,0,0
-0.1062,0,0
-0.1058,0.00637048,0.00638344
-0.1054,0.00637097,0.00638392
-0.105,0,0
-0.1046,0,0
-0.1042,0,0
-0.1038,0,0
-0.1034,0,0
-0.103,0,0
-0.1026,0,0
-0.1022,0.00602245,0.00603401
-0.1018,0,0
-0.1014,0.00594934,0.00596063
-0.101,0,0
-0.1006,0,0
-0.1002,0,0
-0.0998,0,0
-0.0994,0,0
-0.099,0,0
-0.0986,0,0
-0.0982,0,0
-0.0978,0,0
-0.0974,0,0
-0.097,0,0
-0.0966,0,0
-0.0962,0,0
-0.0958,0,0
-0.0954,0,0
-0.095,0.00582109,0.00583188
-0.0946,0,0
-0.0942,0,0
-0.0938,0,0
-0.0934,0,0
-0.093,0,0
-0.0926,0,0
-0.0922,0.00571797,0.00572837
-0.0918,0,0
-0.0914,0.00608167,0.00609344
-0.091,0,0
-0.0906,0,0
-0.0902,0,0
-0.0898,0,0
-0.0894,0,0
-0.089,0,0
-0.0886,0.0062721,0.00628461
-0.0882,0,0
-0.0878,0,0
-0.0874,0,0
-0.087,0,0
-0.0866,0,0
-0.0862,0,0
-0.0858,0,0
-0.0854,0.00620725,0.00621949
-0.085,0.00620756,0.00621981
-0.0846,0,0
-0.0842,0,0
-0.0838,0,0
-0.0834,0,0
-0.083,0,0
-0.0826,0.00599487,0.00600628
-0.0822,0,0
-0.0818,0,0
-0.0814,0,0
-0.081,0,0
-0.0806,0,0
-0.0802,0,0
-0.0798,0,0
-0.0794,0.00586621,0.00587713
-0.079,0,0
-0.0786,0.00570256,0.00571288
-0.0782,0.0119468,0.00846373
-0.0778,0,0
-0.0774,0.00591647,0.00592758
-0.077,0.005917,0.00592811
-0.0766,0,0
-0.0762,0,0
-0.0758,0,0
-0.0754,0,0
-0.075,0,0
-0.0746,0,0
-0.0742,0,0
-0.0738,0,0
-0.0734,0,0
-0.073,0.00645136,0.00646455
-0.0726,0,0
-0.0722,0,0
-0.0718,0,0
-0.0714,0,0
-0.071,0.0103537,0.00792911
-0.0706,0,0
-0.0702,0,0
-0.0698,0,0
-0.0694,0,0
-0.069,0,0
-0.0686,0,0
-0.0682,0.00582482,0.00583556
-0.0678,0,0
-0.0674,0,0
-0.067,0,0
-0.0666,0,0
-0.0662,0.00549285,0.0055024
-0.0658,0,0
-0.0654,0,0
-0.065,0,0
-0.0646,0,0
-0.0642,0,0
-0.0638,0,0
-0.0634,0,0
-0.063,0,0
-0.0626,0.00691942,0.00643822
-0.0622,0.00603347,0.00604498
-0.0618,0,0
-0.0614,0.0118733,0.00841143
-0.061,0,0
-0.0606,0.00584865,0.00585946
-0.0602,0,0
-0.0598,0,0
-0.0594,0.00646526,0.00647847
-0.059,0,0
-0.0586,0,0
-0.0582,0.0109418,0.00775043
-0.0578,0,0
-0.0574,0,0
-0.057,0,0
-0.0566,0,0
-0.0562,0,0
-0.0558,0,0
-0.0554,0.00578345,0.00579401
-0.055,0,0
-0.0546,0,0
-0.0542,0,0
-0.0538,0,0
-0.0534,0,0
-0.053,0,0
-0.0526,0,0
-0.0522,0,0
-0.0518,0.00580922,0.00581987
-0.0514,0,0
-0.051,0.00550695,0.00551652
-0.0506,0.00596187,0.00597308
-0.0502,0.00553547,0.00554513
-0.0498,0.00592193,0.00577604
-0.0494,0,0
-0.049,0,0
-0.0486,0,0
-0.0482,0.00575823,0.00576868
-0.0478,0.0061564,0.00616834
-0.0474,0,0
-0.047,0,0
-0.0466,0,0
-0.0462,0.0116263,0.00823612
-0.0458,0,0
-0.0454,0,0
-0.045,0.00606679,0.00607838
-0.0446,0.00577359,0.00578409
-0.0442,0,0
-0.0438,0,0
-0.0434,0,0
-0.043,0,0
-0.0426,0,0
-0.0422,0,0
-0.0418,0,0
-0.0414,0.0106017,0.0078156
-0.041,0,0
-0.0406,0.00585786,0.00586866
-0.0402,0,0
-0.0398,0,0
-0.0394,0.0113332,0.00803768
-0.039,0.00605353,0.00606505
-0.0386,0.00588313,0.00589401
-0.0382,0,0
-0.0378,0.00613851,0.00615036
-0.0374,0,0
-0.037,0.0102825,0.00760506
-0.0366,0,0
-0.0362,0,0
-0.0358,0.00585275,0.00586351
-0.0354,0,0
-0.035,0,0
-0.0346,0,0
-0.0342,0.0013142,0.00281958
-0.0338,0,0
-0.0334,0,0
-0.033,0,0
-0.0326,0.00348405,0.00441904
-0.0322,0,0
-0.0318,0.00576467,0.00577511
-0.0314,0,0
-0.031,0,0
-0.0306,0,0
-0.0302,0.00608361,0.00609523
-0.0298,0.0123506,0.00875016
-0.0294,0.00617568,0.00618764
-0.029,0,0
-0.0286,0.00618505,0.00619705
-0.0282,0,0
-0.0278,0,0
-0.0274,0.00892997,0.0074012
-0.027,0.00618984,0.00620186
-0.0266,0,0
-0.0262,0,0
-0.0258,0.0044863,0.00528057
-0.0254,0.00606894,0.00608049
-0.025,0.00613713,0.00614894
-0.0246,0.00541263,0.00542181
-0.0242,0,0
-0.0238,0.00569324,0.0057034
-0.0234,0.00579604,0.00580657
-0.023,0.00629257,0.00630498
-0.0226,0,0
-0.0222,0,0
-0.0218,0.00572516,0.00573543
-0.0214,0.0123551,0.00875331
-0.021,0,0
-0.0206,0.00439921,0.00512351
-0.0202,0.0116655,0.00826542
-0.0198,0,0
-0.0194,0.00619002,0.00620202
-0.019,0,0
-0.0186,0,0
-0.0182,0,0
-0.0178,0,0
-0.0174,0.0117577,0.00833146
-0.017,0,0
-0.0166,0,0
-0.0162,0.00312455,0.00420552
-0.0158,0.00604689,0.00605833
-0.0154,0.0186793,0.0108068
-0.015,0.00687318,0.00644895
-0.0146,0.00550042,0.00550988
-0.0142,0,0
-0.0138,0.00597298,0.00598414
-0.0134,0,0
-0.013,0,0
-0.0126,0,0
-0.0122,0.00562055,0.00563043
-0.0118,0,0
-0.0114,0.00596875,0.00597989
-0.011,0,0
-0.0106,0.0126544,0.00844088
-0.0102,0.0247379,0.0118088
-0.0098,0,0
-0.0094,0.0120458,0.00853369
-0.009,0.00602329,0.00603463
-0.0086,0.00577541,0.00578583
-0.0082,0.0303687,0.0136072
-0.0078,0,0
-0.0074,0.00589697,0.00590783
-0.007,0.0286244,0.012833
-0.0066,0.0145931,0.00894077
-0.0062,0.0215365,0.0111427
-0.0058,0.00742155,0.00665548
-0.0054,0.0207977,0.0113634
-0.005,0.0220153,0.011803
-0.0046,0.00630344,0.00631584
-0.0042,0.0593256,0.0188872
-0.0038,0.0423389,0.0165984
-0.0034,0.0705341,0.0211245
-0.003,0.083163,0.022367
-0.0026,0.0825584,0.0211256
-0.0022,0.241863,0.0371214
-0.0018,0.313153,0.0435367
-0.0014,0.476522,0.0524234
-0.001,0.743936,0.0660701
-0.0006,1.08359,0.0826516
-0.0002,1.00178,0.0757409
0.0002,0.966242,0.0740725
0.0006,0.892136,0.0708566
0.001,0.488425,0.0527301
0.0014,0.398932,0.0477744
0.0018,0.162326,0.0320849
0.0022,0.112168,0.0263617
0.0026,0.0546028,0.017934
0.003,0.0538662,0.0180999
0.0034,0.0239335,0.0119891
0.0038,0.0368171,0.0150832
0.0042,0.0269573,0.0120762
0.0046,0,0
0.005,0.0120465,0.00839328
0.0054,0.00564613,0.00564138
0.0058,0.0237093,0.0118675
0.0062,0.0244083,0.0122292
0.0066,0.0163833,0.00997383
0.007,0.010488,0.00742824
0.0074,0,0
0.0078,0.00601848,0.00602976
0.0082,0.0129754,0.00884161
0.0086,0.00549566,0.00550506
0.009,0.0112234,0.00798842
0.0094,0,0
0.0098,0.0117177,0.00830082
0.0102,0.00722477,0.00645973
0.0106,0.0185552,0.0102258
0.011,0.00324064,0.00443377
0.0114,0.0235631,0.0118072
0.0118,0.00605686,0.00606827
0.0122,0,0
0.0126,0.0119507,0.0084716
0.013,0.00583041,0.00584099
0.0134,0.00240241,0.00363576
0.0138,0.0149566,0.0093967
0.0142,0.00469778,0.00522566
0.0146,0.00704102,0.00690758
0.015,0.0041432,0.00531342
0.0154,0.00596741,0.00597848
0.0158,0.0117131,0.0082975
0.0162,0.0110522,0.00784884
0.0166,0,0
0.017,0,0
0.0174,0,0
0.0178,0,0
0.0182,0,0
0.0186,0.00539242,0.00540145
0.019,0.00533296,0.00534179
0.0194,0.00622789,0.00594631
0.0198,0,0
0.0202,0.00601481,0.00602604
0.0206,0.00581557,0.00625103
0.021,0.0124318,0.00883356
0.0214,0,0
0.0218,0,0
0.0222,0,0
0.0226,0.00592989,0.0059408
0.023,0,0
0.0234,0,0
0.0238,0,0
0.0242,0,0
0.0246,0.00556733,0.00557695
0.025,0,0
0.0254,0,0
0.0258,0,0
0.0262,0.00568628,0.0056963
0.0266,0,0
0.027,0,0
0.0274,0,0
0.0278,0,0
0.0282,0,0
0.0286,0,0
0.029,0,0
0.0294,0,0
0.0298,0,0
0.0302,0,0
0.0306,0,0
0.031,0,0
0.0314,0,0
0.0318,0,0
0.0322,0,0
0.0326,0,0
0.033,0,0
0.0334,0,0
0.0338,0.00557364,0.00558326
0.0342,0.0057842,0.00579456
0.0346,0,0
0.035,0,0
0.0354,0,0
0.0358,0.00352973,0.00463701
0.0362,0,0
0.0366,0,0
0.037,0,0
0.0374,0,0
0.0378,0,0
0.0382,0,0
0.0386,0,0
0.039,0,0
0.0394,0,0
0.0398,0,0
0.0402,0.0114783,0.00813079
0.0406,0,0
0.041,0,0
0.0414,0.0057706,0.00578089
0.0418,0,0
0.0422,0.00580176,0.00581216
0.0426,0,0
0.043,0.00560381,0.00561352
0.0434,0,0
0.0438,0,0
0.0442,0.00593779,0.00594868
0.0446,0,0
0.045,0,0
0.0454,0,0
0.0458,0,0
0.0462,0.0102524,0.00783563
0.0466,0,0
0.047,0,0
0.0474,0,0
0.0478,0,0
0.0482,0,0
0.0486,0,0
0.049,0,0
0.0494,0.0059788,0.00598983
0.0498,0.0063126,0.00632489
0.0502,0,0
0.0506,0.0113092,0.00801075
0.051,0,0
0.0514,0,0
0.0518,0.00573357,0.00574371
0.0522,0,0
0.0526,0,0
0.053,0,0
0.0534,0.00601043,0.00602156
0.0538,0,0
0.0542,0,0
0.0546,0,0
0.055,0,0
0.0554,0,0
0.0558,0,0
0.0562,0,0
0.0566,0,0
0.057,0,0
0.0574,0,0
0.0578,0,0
0.0582,6.79717e-05,0.00061793
0.0586,0,0
0.059,0,0
0.0594,0,0
0.0598,0,0
0.0602,0,0
0.0606,0.000732825,0.00201234
0.061,0,0
0.0614,0,0
0.0618,0,0
0.0622,0,0
0.0626,0,0
0.063,0.00547357,0.00548279
0.0634,0.00588242,0.00589306
0.0638,0.0061659,0.00617758
0.0642,0,0
0.0646,0.00614108,0.00615267
0.065,0,0
0.0654,0,0
0.0658,0,0
0.0662,0,0
0.0666,0,0
0.067,0.00573002,0.0057401
0.0674,0,0
0.0678,0,0
0.0682,0,0
0.0686,0.00575513,0.0057653
0.069,0,0
0.0694,0,0
0.0698,0,0
0.0702,0.00584765,0.00589242
0.0706,0.00537103,0.00568517
0.071,0,0
0.0714,0,0
0.0718,0,0
0.0722,0,0
0.0726,0,0
0.073,0,0
0.0734,0,0
0.0738,0,0
0.0742,0,0
0.0746,0,0
0.075,0,0
0.0754,0,0
0.0758,0,0
0.0762,0,0
0.0766,0.00577945,0.00578968
0.077,0,0
0.0774,0,0
0.0778,0.00387186,0.00485824
0.0782,0,0
0.0786,0,0
0.079,0,0
0.0794,0.00580824,0.00581857
0.0798,0,0
0.0802,0.00603687,0.00604803
0.0806,0,0
0.081,0,0
0.0814,0,0
0.0818,0,0
0.0822,0.00293901,0.00412574
0.0826,0.00572859,0.00573864
0.083,0,0
0.0834,0,0
0.0838,0,0
0.0842,0.00576731,0.00577749
0.0846,0,0
0.085,0,0
0.0854,0,0
0.0858,0,0
0.0862,0,0
0.0866,0,0
0.087,0,0
0.0874,0,0
0.0878,0,0
0.0882,0,0
0.0886,0,0
0.089,0,0
0.0894,0,0
0.0898,0,0
0.0902,0,0
0.0906,0,0
0.091,0,0
0.0914,0.00538652,0.00539539
0.0918,0,0
0.0922,0.00602276,0.00603383
0.0926,0,0
0.093,0,0
0.0934,0,0
0.0938,0,0
0.0942,0,0
0.0946,0,0
0.095,0,0
0.0954,0,0
0.0958,0,0
0.0962,0,0
0.0966,0,0
0.097,0,0
0.0974,0,0
0.0978,0,0
0.0982,0.00610717,0.00611854
0.0986,0.003915,0.00503637
0.099,0,0
0.0994,0,0
0.0998,0,0
0.1002,0,0
0.1006,0.0067179,0.00673165
0.101,0,0
0.1014,0,0
0.1018,0,0
0.1022,0,0
0.1026,0,0
0.103,0,0
0.1034,0,0
0.1038,0,0
0.1042,0,0
0.1046,0,0
0.105,0,0
0.1054,0,0
0.1058,0.00419345,0.00566998
0.1062,0.00708619,0.00710146
0.1066,0,0
0.107,0,0
0.1074,0,0
0.1078,0,0
0.1082,0,0
0.1086,0,0
0.109,0,0
0.1094,0,0
0.1098,0,0
0.1102,0,0
0.1106,0,0
0.111,0,0
0.1114,0,0
0.1118,0,0
0.1122,0.00827877,0.00829957
0.1126,0,0
0.113,0,0
0.1134,0,0
0.1138,0,0
0.1142,0,0
0.1146,0,0
0.115,0,0
0.1154,0,0
0.1158,0,0
0.1162,0,0
0.1166,0,0
0.117,0,0
0.1174,0,0
0.1178,0,0
0.1182,0,0
0.1186,0,0
0.119,0,0
0.1194,0,0
0.1198,0,0
3
-0.1198,0,0
-0.1194,0,0
-0.119,0,0
-0.1186,0.00608453,0.00609591
-0.1182,0,0
-0.1178,0,0
-0.1174,0.000817727,0.00221722
-0.117,0,0
-0.1166,0,0
-0.1162,0,0
-0.1158,0,0
-0.1154,0,0
-0.115,0,0
-0.1146,0,0
-0.1142,0,0
-0.1138,0,0
-0.1134,0.00585682,0.00586734
-0.113,0,0
-0.1126,0,0
-0.1122,0,0
-0.1118,0,0
-0.1114,0,0
-0.111,0,0
-0.1106,0,0
-0.1102,0,0
-0.1098,0,0
-0.1094,0,0
-0.109,0,0
-0.1086,0,0
-0.1082,0,0
-0.1078,0,0
-0.1074,0,0
-0.107,0,0
-0.1066,0,0
-0.1062,0,0
-0.1058,0,0
-0.1054,0,0
-0.105,0,0
-0.1046,0,0
-0.1042,0,0
-0.1038,0,0
-0.1034,0,0
-0.103,0,0
-0.1026,0,0
-0.1022,0,0
-0.1018,0,0
-0.1014,0,0
-0.101,0,0
-0.1006,0,0
-0.1002,0,0
-0.0998,0,0
-0.0994,0,0
-0.099,0,0
-0.0986,0,0
-0.0982,0,0
-0.0978,0,0
-0.0974,0,0
-0.097,0,0
-0.0966,0,0
-0.0962,0,0
-0.0958,0,0
-0.0954,0,0
-0.095,0,0
-0.0946,0,0
-0.0942,0,0
-0.0938,0,0
-0.0934,0,0
-0.093,0,0
-0.0926,0,0
-0.0922,0,0
-0.0918,0,0
-0.0914,0,0
-0.091,0,0
-0.0906,0.00659544,0.00660866
-0.0902,0,0
-0.0898,0,0
-0.0894,0,0
-0.089,0,0
-0.0886,0,0
-0.0882,0.00587926,0.00588975
-0.0878,0,0
-0.0874,0,0
-0.087,0,0
-0.0866,0,0
-0.0862,0,0
-0.0858,0,0
-0.0854,0,0
-0.085,0.00631973,0.00633184
-0.0846,0,0
-0.0842,0.0122059,0.00864757
-0.0838,0.00618107,0.00619264
-0.0834,0.0123769,0.00877278
-0.083,0,0
-0.0826,0,0
-0.0822,0.006373,0.00638529
-0.0818,0,0
-0.0814,0,0
-0.081,0.00573437,0.00574432
-0.0806,0,0
-0.0802,0,0
-0.0798,0,0
-0.0794,0,0
-0.079,0,0
-0.0786,0,0
-0.0782,0,0
-0.0778,0.00847536,0.00711625
-0.0774,0.0060625,0.0060736
-0.077,0,0
-0.0766,0,0
-0.0762,0,0
-0.0758,0.00668041,0.00669388
-0.0754,0,0
-0.075,0,0
-0.0746,0.00619289,0.00620446
-0.0742,0,0
-0.0738,0.0066151,0.00662829
-0.0734,0.0169933,0.0103764
-0.073,0,0
-0.0726,0,0
-0.0722,0,0
-0.0718,0,0
-0.0714,0,0
-0.071,0.00176432,0.00329923
-0.0706,0,0
-0.0702,0.00633784,0.00634993
-0.0698,0,0
-0.0694,0.0064847,0.00649735
-0.069,0.012291,0.00870712
-0.0686,0,0
-0.0682,0,0
-0.0678,0,0
-0.0674,0,0
-0.067,0.00610811,0.00611932
-0.0666,0,0
-0.0662,0,0
-0.0658,0,0
-0.0654,0,0
-0.065,0,0
-0.0646,0,0
-0.0642,0,0
-0.0638,0,0
-0.0634,0,0
-0.063,0.00613718,0.00614848
-0.0626,0.00629326,0.00630513
-0.0622,0,0
-0.0618,0,0
-0.0614,0.000458064,0.00169681
-0.061,0.00567121,0.00601913
-0.0606,0,0
-0.0602,0,0
-0.0598,0.00587671,0.00588706
-0.0594,0.00526814,0.00566408
-0.059,0,0
-0.0586,0,0
-0.0582,0,0
-0.0578,0.00300915,0.00424394
-0.0574,0,0
-0.057,0,0
-0.0566,0,0
-0.0562,0,0
-0.0558,0,0
-0.0554,0.00610959,0.00612074
-0.055,0.00611072,0.00612188
-0.0546,0,0
-0.0542,0,0
-0.0538,0.0063861,0.00639828
-0.0534,0,0
-0.053,0,0
-0.0526,0,0
-0.0522,0,0
-0.0518,0,0
-0.0514,0,0
-0.051,0,0
-0.0506,0.0121315,0.00860056
-0.0502,0,0
-0.0498,0.0108734,0.00780974
-0.0494,0,0
-0.049,0,0
-0.0486,0,0
-0.0482,0,0
-0.0478,0,0
-0.0474,0,0
-0.047,0,0
-0.0466,0,0
-0.0462,0.0061559,0.00616718
-0.0458,0,0
-0.0454,0,0
-0.045,0,0
-0.0446,0,0
-0.0442,0.00585995,0.00587016
-0.0438,0.00582057,0.00583064
-0.0434,0,0
-0.043,0,0
-0.0426,0,0
-0.0422,0,0
-0.0418,0,0
-0.0414,0.00701961,0.00654821
-0.041,0.00438998,0.00531
-0.0406,0,0
-0.0402,0,0
-0.0398,0,0
-0.0394,0.00571675,0.00572644
-0.039,0.00642108,0.00643331
-0.0386,0,0
-0.0382,0.00613873,0.0061499
-0.0378,0,0
-0.0374,0,0
-0.037,0.00659738,0.00661027
-0.0366,0,0
-0.0362,0,0
-0.0358,0,0
-0.0354,0,0
-0.035,0,0
-0.0346,0.00645044,0.00646276
-0.0342,0,0
-0.0338,0,0
-0.0334,0,0
-0.033,0.00593125,0.00594165
-0.0326,0,0
-0.0322,0.00454239,0.00523839
-0.0318,0,0
-0.0314,0,0
-0.031,0.00598865,0.00599925
-0.0306,0,0
-0.0302,0,0
-0.0298,0,0
-0.0294,0.00656419,0.00657691
-0.029,0,0
-0.0286,0,0
-0.0282,0.00589974,0.00591001
-0.0278,0.00630752,0.00631925
-0.0274,0,0
-0.027,0,0
-0.0266,0.0135356,0.00959025
-0.0262,0.00220628,0.00386893
-0.0258,0.00318374,0.00458792
-0.0254,0,0
-0.025,0.0130584,0.00925148
-0.0246,0.00567899,0.0056885
-0.0242,0,0
-0.0238,0,0
-0.0234,0.00616915,0.00618036
-0.023,0,0
-0.0226,0,0
-0.0222,0,0
-0.0218,0,0
-0.0214,0.00657819,0.00659092
-0.021,0.00599849,0.00600907
-0.0206,0.0100717,0.00799443
-0.0202,0,0
-0.0198,0,0
-0.0194,0.00858559,0.00753902
-0.019,0.0120839,0.00857354
-0.0186,0.00638439,0.00639637
-0.0182,0.00205275,0.00348462
-0.0178,0.0188592,0.0109085
-0.0174,0.00640863,0.00642069
-0.017,0,0
-0.0166,0.0064341,0.00644626
-0.0162,0.00268241,0.00402343
-0.0158,0,0
-0.0154,0.00649931,0.0065117
-0.015,0,0
-0.0146,0,0
-0.0142,0.00675586,0.00676925
-0.0138,0.00637164,0.00638354
-0.0134,0.00627098,0.00628251
-0.013,0.00679304,0.00680657
-0.0126,0,0
-0.0122,0,0
-0.0118,0.00627176,0.00628328
-0.0114,0,0
-0.011,0,0
-0.0106,0.00834122,0.00706238
-0.0102,0.0119923,0.00849477
-0.0098,0.0117568,0.00832764
-0.0094,0.0192117,0.0111129
-0.009,0.0128622,0.00911207
-0.0086,0.0123899,0.00877699
-0.0082,0.0299712,0.0139244
-0.0078,0.0188977,0.0108762
-0.0074,0,0
-0.007,0.0193176,0.0109284
-0.0066,0.00583948,0.00584945
-0.0062,0.0190527,0.0105948
-0.0058,0.0351348,0.0149687
-0.0054,0.0317394,0.0145102
-0.005,0.0277707,0.0136527
-0.0046,0.00666831,0.0066813
-0.0042,0.0301834,0.0139554
-0.0038,0.0279254,0.0139912
-0.0034,0.0592776,0.0200162
-0.003,0.0454784,0.0169694
-0.0026,0.118101,0.0262111
-0.0022,0.168673,0.0322569
-0.0018,0.216273,0.0376594
-0.0014,0.338438,0.0456981
-0.001,0.555887,0.0590378
-0.0006,0.79318,0.0730875
-0.0002,0.613995,0.0613149
0.0002,0.738018,0.066924
0.0006,0.546328,0.0572967
0.001,0.41686,0.0503968
0.0014,0.263908,0.0403128
0.0018,0.14228,0.0310675
0.0022,0.0842634,0.0234863
0.0026,0.0753208,0.0220819
0.003,0.0466883,0.0174415
0.0034,0.0518383,0.0182708
0.0038,0.0066584,0.00651541
0.0042,0.0173041,0.0100075
0.0046,0.0358467,0.014661
0.005,0,0
0.0054,0.0125858,0.00883286
0.0058,0.0253545,0.0127007
0.0062,0.0126843,0.00898574
0.0066,0.00909983,0.00756132
0.007,0.0062611,0.00627249
0.0074,0.00561861,0.00562778
0.0078,0.00663751,0.00665031
0.0082,0.0219772,0.0119106
0.0086,0.00588958,0.00589965
0.009,0.0121376,0.00860145
0.0094,0.00751836,0.00686525
0.0098,0.0188409,0.0108977
0.0102,0.0169331,0.0102394
0.0106,0.0302545,0.0135548
0.011,0.00622601,0.00614149
0.0114,0.00615254,0.00616353
0.0118,0.0064955,0.00650774
0.0122,0.0131326,0.00930441
0.0126,0,0
0.013,0,0
0.0134,0.00918793,0.00736433
0.0138,0.0126214,0.00894103
0.0142,0.0044992,0.00521252
0.0146,0.00692705,0.00709719
0.015,0,0
0.0154,0,0
0.0158,0,0
0.0162,0,0
0.0166,0.00630558,0.00631709
0.017,0,0
0.0174,0.0133712,0.00947409
0.0178,0.00612647,0.00613733
0.0182,0,0
0.0186,0,0
0.019,0,0
0.0194,0.00610864,0.00611943
0.0198,0,0
0.0202,0.00645995,0.00647202
0.0206,0.000940591,0.0026054
0.021,0.0061657,0.00617668
0.0214,0,0
0.0218,0.00761855,0.00708337
0.0222,0,0
0.0226,0,0
0.023,0,0
0.0234,0,0
0.0238,0,0
0.0242,0,0
0.0246,0,0
0.025,0,0
0.0254,0.012783,0.0090556
0.0258,0,0
0.0262,0,0
0.0266,0,0
0.027,0.00589222,0.00590224
0.0274,0.0185912,0.0107531
0.0278,0.013177,0.00933526
0.0282,0.00635283,0.00636446
0.0286,0.00626288,0.00627418
0.029,0.00630488,0.00631634
0.0294,0,0
0.0298,0.00181314,0.00333315
0.0302,0,0
0.0306,0,0
0.031,0,0
0.0314,0.00702232,0.00703651
0.0318,0,0
0.0322,0,0
0.0326,0.00659751,0.00661004
0.033,0.00659842,0.00661095
0.0334,0.00605545,0.006066
0.0338,0,0
0.0342,0,0
0.0346,0,0
0.035,0,0
0.0354,0,0
0.0358,0.00273406,0.00423482
0.0362,0,0
0.0366,0,0
0.037,0,0
0.0374,0,0
0.0378,0,0
0.0382,0,0
0.0386,0,0
0.039,0,0
0.0394,0,0
0.0398,0.00643626,0.00644815
0.0402,0.0061838,0.00619478
0.0406,0,0
0.041,0,0
0.0414,0,0
0.0418,0,0
0.0422,0.00625283,0.00626404
0.0426,0,0
0.043,0,0
0.0434,0.00633885,0.00635037
0.0438,0,0
0.0442,0,0
0.0446,0.00640053,0.00641227
0.045,0,0
0.0454,0.00157782,0.00326669
0.0458,0,0
0.0462,0,0
0.0466,0.0191858,0.0110973
0.047,0,0
0.0474,0,0
0.0478,0,0
0.0482,0,0
0.0486,0,0
0.049,0,0
0.0494,0,0
0.0498,0,0
0.0502,0,0
0.0506,0,0
0.051,0,0
0.0514,0.00645445,0.00646635
0.0518,0,0
0.0522,0,0
0.0526,0,0
0.053,0,0
0.0534,0,0
0.0538,0,0
0.0542,0,0
0.0546,0.00676049,0.00677354
0.055,0.00646666,0.00647859
0.0554,0,0
0.0558,0,0
0.0562,0,0
0.0566,0,0
0.057,0,0
0.0574,0,0
0.0578,0,0
0.0582,0,0
0.0586,0,0
0.059,0,0
0.0594,0.00611172,0.00612236
0.0598,0,0
0.0602,0.00638282,0.00639443
0.0606,0.00515536,0.00554627
0.061,0,0
0.0614,0,0
0.0618,0,0
0.0622,0,0
0.0626,0,0
0.063,0,0
0.0634,0.00635318,0.00636468
0.0638,0,0
0.0642,0,0
0.0646,0,0
0.065,0,0
0.0654,0,0
0.0658,0,0
0.0662,0,0
0.0666,0,0
0.067,0,0
0.0674,0,0
0.0678,0,0
0.0682,0,0
0.0686,0.00613572,0.00614642
0.069,0.00631906,0.00633041
0.0694,0,0
0.0698,0,0
0.0702,0,0
0.0706,0.00067481,0.00209461
0.071,0,0
0.0714,0.00646214,0.006474
0.0718,0,0
0.0722,0.00675615,0.0067691
0.0726,0,0
0.073,0,0
0.0734,0,0
0.0738,0,0
0.0742,0,0
0.0746,0,0
0.075,0,0
0.0754,0.00337918,0.00464185
0.0758,0.00666702,0.00667963
0.0762,0.00678274,0.00679578
0.0766,0.00624682,0.00625789
0.077,0,0
0.0774,0,0
0.0778,0.0117916,0.00835191
0.0782,0,0
0.0786,0,0
0.079,0.00627887,0.00629004
0.0794,0,0
0.0798,0,0
0.0802,0,0
0.0806,0,0
0.081,0,0
0.0814,0,0
0.0818,0,0
0.0822,0,0
0.0826,0,0
0.083,0,0
0.0834,0,0
0.0838,0,0
0.0842,0,0
0.0846,0,0
0.085,0,0
0.0854,0,0
0.0858,0.00594643,0.00595643
0.0862,0,0
0.0866,0,0
0.087,0,0
0.0874,0,0
0.0878,0,0
0.0882,0,0
0.0886,0,0
0.089,0,0
0.0894,0,0
0.0898,0.0128556,0.00910681
0.0902,0,0
0.0906,0.00724786,0.00726269
0.091,0,0
0.0914,0,0
0.0918,0,0
0.0922,0,0
0.0926,0,0
0.093,0,0
0.0934,0,0
0.0938,0,0
0.0942,0,0
0.0946,0,0
0.095,0,0
0.0954,0,0
0.0958,0,0
0.0962,0,0
0.0966,0,0
0.097,0,0
0.0974,0,0
0.0978,0,0
0.0982,0,0
0.0986,0.00274543,0.004386
0.099,0,0
0.0994,0,0
0.0998,0,0
0.1002,0,0
0.1006,0,0
0.101,0.00758671,0.00760292
0.1014,0,0
0.1018,0.00022261,0.00130587
0.1022,0,0
0.1026,0,0
0.103,0,0
0.1034,0.000654427,0.0021807
0.1038,0,0
0.1042,0,0
0.1046,0,0
0.105,0,0
0.1054,0,0
0.1058,0,0
0.1062,0,0
0.1066,0,0
0.107,0,0
0.1074,0,0
0.1078,0,0
0.1082,0,0
0.1086,0,0
0.109,0,0
0.1094,0,0
0.1098,0,0
0.1102,0,0
0.1106,0,0
0.111,0,0
0.1114,0,0
0.1118,0,0
0.1122,0.00894637,0.00896885
0.1126,0.00859784,0.0086186
0.113,0,0
0.1134,0,0
0.1138,0,0
0.1142,0,0
0.1146,0.0095555,0.00958113
0.115,0,0
0.1154,0,0
0.1158,0,0
0.1162,0,0
0.1166,0,0
0.117,0,0
0.1174,0,0
0.1178,0.0101555,0.0101844
0.1182,0,0
0.1186,0.0118919,0.0119315
0.119,0,0
0.1194,0,0
0.1198,0,0
4
-0.1198,0,0
-0.1194,0,0
-0.119,0.00613217,0.0061437
-0.1186,0,0
-0.1182,0,0
-0.1178,0.00163255,0.0030345
-0.1174,0.00518784,0.00559317
-0.117,0.00596542,0.00597631
-0.1166,0,0
-0.1162,0,0
-0.1158,0,0
-0.1154,0,0
-0.115,0,0
-0.1146,0,0
-0.1142,0,0
-0.1138,0,0
-0.1134,0,0
-0.113,0,0
-0.1126,0,0
-0.1122,0,0
-0.1118,0,0
-0.1114,0,0
-0.111,0,0
-0.1106,0.00101467,0.00256499
-0.1102,0,0
-0.1098,0,0
-0.1094,0,0
-0.109,0,0
-0.1086,0,0
-0.1082,0,0
-0.1078,0,0
-0.1074,0.00612524,0.00613666
-0.107,0,0
-0.1066,0.00663767,0.00665108
-0.1062,0,0
-0.1058,0,0
-0.1054,0,0
-0.105,0,0
-0.1046,0.00674522,0.00675906
-0.1042,0,0
-0.1038,0,0
-0.1034,0.00630003,0.00631209
-0.103,0,0
-0.1026,0,0
-0.1022,0,0
-0.1018,0,0
-0.1014,0,0
-0.101,0.00632069,0.00633282
-0.1006,0,0
-0.1002,0,0
-0.0998,0,0
-0.0994,0,0
-0.099,0,0
-0.0986,0,0
-0.0982,0,0
-0.0978,0,0
-0.0974,0.0059401,0.00595079
-0.097,0,0
-0.0966,0,0
-0.0962,0,0
-0.0958,0,0
-0.0954,0,0
-0.095,0,0
-0.0946,0,0
-0.0942,0,0
-0.0938,0,0
-0.0934,0.00615779,0.00616926
-0.093,0,0
-0.0926,0.0123596,0.00875843
-0.0922,0,0
-0.0918,0,0
-0.0914,0,0
-0.091,0,0
-0.0906,0,0
-0.0902,0.00627144,0.00628332
-0.0898,0.00627243,0.00628431
-0.0894,0,0
-0.089,0,0
-0.0886,0.00611114,0.00612241
-0.0882,0,0
-0.0878,0,0
-0.0874,0,0
-0.087,0,0
-0.0866,0,0
-0.0862,0,0
-0.0858,0,0
-0.0854,0.0137267,0.00972633
-0.085,0,0
-0.0846,0.00644401,0.00645652
-0.0842,0,0
-0.0838,0,0
-0.0834,0,0
-0.083,0,0
-0.0826,0,0
-0.0822,0,0
-0.0818,0.00598393,0.00599471
-0.0814,0,0
-0.081,0.0115328,0.00816908
-0.0806,0,0
-0.0802,0,0
-0.0798,0,0
-0.0794,0,0
-0.079,0,0
-0.0786,0,0
-0.0782,0.00594006,0.00595067
-0.0778,0.0034244,0.0045185
-0.0774,0.00609273,0.00610388
-0.077,0,0
-0.0766,0.0063365,0.00634856
-0.0762,0,0
-0.0758,0.00645513,0.00646765
-0.0754,0,0
-0.075,0,0
-0.0746,0.00669135,0.0067048
-0.0742,0.00657621,0.00658919
-0.0738,0,0
-0.0734,0.00829034,0.00726332
-0.073,0,0
-0.0726,0.00699009,0.00659899
-0.0722,0.00624752,0.00625923
-0.0718,0,0
-0.0714,0,0
-0.071,0,0
-0.0706,0.00617189,0.00618331
-0.0702,0,0
-0.0698,0.00588219,0.00589257
-0.0694,0.0123917,0.0087898
-0.069,0,0
-0.0686,0,0
-0.0682,0,0
-0.0678,0,0
-0.0674,0.00635098,0.00636306
-0.067,0.0122565,0.00868255
-0.0666,0,0
-0.0662,0,0
-0.0658,0,0
-0.0654,0,0
-0.065,0.00726257,0.00727835
-0.0646,0.00645954,0.00647202
-0.0642,0.00646044,0.00647293
-0.0638,0.00584526,0.00585548
-0.0634,0,0
-0.063,0.00615345,0.00616478
-0.0626,0,0
-0.0622,0,0
-0.0618,0,0
-0.0614,0.00581832,0.0060549
-0.061,0.000694564,0.00210897
-0.0606,0,0
-0.0602,0,0
-0.0598,0,0
-0.0594,0.000801249,0.00221125
-0.059,0,0
-0.0586,0.000538384,0.00186095
-0.0582,0.00578653,0.00579653
-0.0578,0.00893516,0.00731964
-0.0574,0,0
-0.057,0,0
-0.0566,0,0
-0.0562,0,0
-0.0558,0,0
-0.0554,0.00611764,0.00612881
-0.055,0,0
-0.0546,0,0
-0.0542,0,0
-0.0538,0,0
-0.0534,0,0
-0.053,0,0
-0.0526,0,0
-0.0522,0,0
-0.0518,0,0
-0.0514,0,0
-0.051,0,0
-0.0506,0.000577904,0.00191282
-0.0502,0.00630799,0.00631985
-0.0498,0,0
-0.0494,0,0
-0.049,0,0
-0.0486,0,0
-0.0482,0,0
-0.0478,0.00650576,0.00651837
-0.0474,0,0
-0.047,0,0
-0.0466,0.0128604,0.00911114
-0.0462,0,0
-0.0458,0.00635614,0.00636816
-0.0454,0,0
-0.045,0,0
-0.0446,0,0
-0.0442,0,0
-0.0438,0.00583405,0.00584418
-0.0434,0,0
-0.043,0,0
-0.0426,0,0
-0.0422,0,0
-0.0418,0,0
-0.0414,0.00607409,0.00608506
-0.041,0.00838923,0.0073327
-0.0406,0,0
-0.0402,0.00619364,0.00620504
-0.0398,0,0
-0.0394,0.00570253,0.0057122
-0.039,0,0
-0.0386,0.0061212,0.00613234
-0.0382,0,0
-0.0378,0,0
-0.0374,0.00649424,0.00650677
-0.037,0,0
-0.0366,0,0
-0.0362,0.00568623,0.00569584
-0.0358,0,0
-0.0354,0,0
-0.035,0,0
-0.0346,0.00642659,0.00643886
-0.0342,0.00637441,0.00638648
-0.0338,0.00637084,0.0063829
-0.0334,0,0
-0.033,0,0
-0.0326,0.00573137,0.00574113
-0.0322,0.0014708,0.00297433
-0.0318,0.00599397,0.00600464
-0.0314,0,0
-0.031,0,0
-0.0306,0.00643318,0.00644546
-0.0302,0.00643335,0.00644563
-0.0298,0,0
-0.0294,0.00648078,0.00651814
-0.029,0,0
-0.0286,0,0
-0.0282,0.00586702,0.00587723
-0.0278,0,0
-0.0274,0.00654354,0.00655625
-0.027,0.0065584,0.00657116
-0.0266,0,0
-0.0262,0.00452345,0.00552281
-0.0258,0.00654444,0.00655715
-0.0254,0,0
-0.025,0,0
-0.0246,0.0112823,0.00799118
-0.0242,0,0
-0.0238,0.00592654,0.00593696
-0.0234,0,0
-0.023,0.00664903,0.00666214
-0.0226,0.00608313,0.0062553
-0.0222,0,0
-0.0218,0.00616289,0.00617416
-0.0214,0.00652632,0.00653895
-0.021,0.00595,0.0059605
-0.0206,0.00255511,0.00401312
-0.0202,0.0181256,0.0104836
-0.0198,0.00550465,0.00551364
-0.0194,0.0166061,0.0101617
-0.019,0,0
-0.0186,0.00606569,0.0060766
-0.0182,0.00380704,0.00472379
-0.0178,0.00584102,0.00585114
-0.0174,0,0
-0.017,0.0127196,0.00901111
-0.0166,0.00589278,0.00590307
-0.0162,0,0
-0.0158,0.0127646,0.00904303
-0.0154,0.00793811,0.00727492
-0.015,0.00643267,0.00644493
-0.0146,0.00654271,0.00655539
-0.0142,0,0
-0.0138,0.0189058,0.0109357
-0.0134,0,0
-0.013,0,0
-0.0126,0,0
-0.0122,0.00592758,0.005938
-0.0118,0,0
-0.0114,0,0
-0.011,0.0123126,0.00872448
-0.0106,0.00944071,0.00747772
-0.0102,0.00583101,0.00584109
-0.0098,0.00588782,0.00585911
-0.0094,0.00627015,0.0062818
-0.009,0.00634706,0.006359
-0.0086,0.0121708,0.00862162
-0.0082,0.0255433,0.0127337
-0.0078,0.0060873,0.00620574
-0.0074,0.0186331,0.0107777
-0.007,0.0235203,0.0119992
-0.0066,0,0
-0.0062,0.0115721,0.00819677
-0.0058,0.0185949,0.0109604
-0.0054,0.0161198,0.0102634
-0.005,0.0154396,0.0100852
-0.0046,0.0394637,0.0161427
-0.0042,0.0520285,0.0180984
-0.0038,0.0341792,0.0153174
-0.0034,0.0550442,0.019164
-0.003,0.0466699,0.0170471
-0.0026,0.0485133,0.0165621
-0.0022,0.12996,0.0280708
-0.0018,0.202799,0.0362793
-0.0014,0.278256,0.0410454
-0.001,0.475011,0.0541102
-0.0006,0.610457,0.0636909
-0.0002,0.605185,0.060338
0.0002,0.585954,0.0589828
0.0006,0.402858,0.048725
0.001,0.341482,0.045164
0.0014,0.192471,0.0341852
0.0018,0.135868,0.0300503
0.0022,0.0947745,0.024532
0.0026,0.0753021,0.0217896
0.003,0.055948,0.0188834
0.0034,0.0248501,0.0125788
0.0038,0.0255055,0.0128828
0.0042,0.0112621,0.00797683
0.0046,0,0
0.005,0.0181225,0.0104836
0.0054,0.0354243,0.0145378
0.0058,0.0207212,0.0113602
0.0062,0,0
0.0066,0.00334748,0.0045369
0.007,0.00549678,0.00550576
0.0074,0,0
0.0078,0.00649201,0.00650453
0.0082,0.0150233,0.0096946
0.0086,0.0175512,0.0101534
0.009,0.0057575,0.00576735
0.0094,0.0170429,0.0102103
0.0098,0.0186277,0.010775
0.0102,0.0187363,0.0108376
0.0106,0.00602614,0.00603693
0.011,0.0183342,0.0106671
0.0114,0.00921852,0.00759001
0.0118,0.0126789,0.00898223
0.0122,0.00633745,0.00634938
0.0126,0.031487,0.0141165
0.013,0,0
0.0134,0.00634844,0.00604489
0.0138,0.00615228,0.00616354
0.0142,0.002557,0.00385706
0.0146,0,0
0.015,0.00705628,0.00707108
0.0154,0,0
0.0158,0.0061218,0.00613294
0.0162,0.00536057,0.00536912
0.0166,0,0
0.017,0.00613803,0.00614923
0.0174,0.00641702,0.00642926
0.0178,0.00596022,0.00597078
0.0182,0.0119514,0.00846598
0.0186,0.0115691,0.00819471
0.019,0.00556831,0.00557754
0.0194,0,0
0.0198,0.00601928,0.00603006
0.0202,0,0
0.0206,0,0
0.021,0.00698273,0.00699723
0.0214,0.0121174,0.00858379
0.0218,0.00534386,0.00584588
0.0222,0.00143211,0.00295632
0.0226,0,0
0.023,0,0
0.0234,0,0
0.0238,0.0065571,0.0065699
0.0242,0,0
0.0246,0.00580268,0.0058127
0.025,0.0129209,0.0091618
0.0254,0,0
0.0258,0,0
0.0262,0,0
0.0266,0.00628688,0.00629865
0.027,0,0
0.0274,0.00602776,0.00603858
0.0278,0.0060277,0.00603852
0.0282,0,0
0.0286,0,0
0.029,0,0
0.0294,0.000616046,0.00196693
0.0298,0.0100596,0.007722
0.0302,0.0113714,0.00805444
0.0306,0.00605462,0.00606554
0.031,0,0
0.0314,0,0
0.0318,0.00682825,0.00684214
0.0322,0,0
0.0326,0.00637437,0.00638647
0.033,0.00669841,0.00671177
0.0334,0,0
0.0338,0,0
0.0342,0,0
0.0346,0,0
0.035,0,0
0.0354,0.00630462,0.00631646
0.0358,0.00630424,0.00631607
0.0362,0,0
0.0366,0,0
0.037,0.00531209,0.0053205
0.0374,0,0
0.0378,0.0135389,0.00959278
0.0382,0.00675855,0.00677216
0.0386,0,0
0.039,0,0
0.0394,0,0
0.0398,0,0
0.0402,0,0
0.0406,0,0
0.041,0,0
0.0414,0,0
0.0418,0,0
0.0422,0,0
0.0426,0,0
0.043,0,0
0.0434,0.00625912,0.0062708
0.0438,0,0
0.0442,0.00557621,0.00558548
0.0446,0.0061505,0.00616177
0.045,0,0
0.0454,0.00495655,0.00567487
0.0458,0,0
0.0462,0,0
0.0466,0,0
0.047,0,0
0.0474,0.00573462,0.00574443
0.0478,0,0
0.0482,0.00605655,0.00606749
0.0486,0,0
0.049,0,0
0.0494,0,0
0.0498,0.0125318,0.00888577
0.0502,0,0
0.0506,0,0
0.051,0,0
0.0514,0,0
0.0518,0,0
0.0522,0,0
0.0526,0,0
0.053,0,0
0.0534,0,0
0.0538,0,0
0.0542,0,0
0.0546,0.00658139,0.00659431
0.055,0.00629227,0.00630408
0.0554,0,0
0.0558,0,0
0.0562,0,0
0.0566,0,0
0.057,0,0
0.0574,0,0
0.0578,0,0
0.0582,0.00594652,0.00595707
0.0586,0,0
0.059,0,0
0.0594,0,0
0.0598,0,0
0.0602,0,0
0.0606,0,0
0.061,0,0
0.0614,0,0
0.0618,0,0
0.0622,0,0
0.0626,0,0
0.063,0,0
0.0634,0,0
0.0638,0,0
0.0642,0,0
0.0646,0,0
0.065,0,0
0.0654,0,0
0.0658,0,0
0.0662,0,0
0.0666,0,0
0.067,0.00589791,0.0059083
0.0674,0.0122038,0.00864513
0.0678,0,0
0.0682,0.00626413,0.00627584
0.0686,0.0118421,0.00838844
0.069,0,0
0.0694,0,0
0.0698,0,0
0.0702,0,0
0.0706,0,0
0.071,0,0
0.0714,0,0
0.0718,0.00636114,0.00637322
0.0722,0.00636109,0.00637317
0.0726,0.00618482,0.00619624
0.073,0,0
0.0734,0,0
0.0738,0,0
0.0742,0,0
0.0746,0,0
0.075,0.00603712,0.006048
0.0754,0.0117249,0.00839138
0.0758,0,0
0.0762,0,0
0.0766,0,0
0.077,0.00578364,0.00579362
0.0774,0,0
0.0778,0,0
0.0782,0,0
0.0786,0,0
0.079,0,0
0.0794,0.00595872,0.00596932
0.0798,0.00557513,0.00558442
0.0802,0,0
0.0806,0,0
0.081,0,0
0.0814,0.0125054,0.00885983
0.0818,0,0
0.0822,0,0
0.0826,0,0
0.083,0,0
0.0834,0,0
0.0838,0,0
0.0842,0,0
0.0846,0,0
0.085,0,0
0.0854,0,0
0.0858,0,0
0.0862,0,0
0.0866,0,0
0.087,0,0
0.0874,0.00609642,0.00610751
0.0878,0,0
0.0882,0,0
0.0886,0.00584721,0.00585742
0.089,0,0
0.0894,0,0
0.0898,0,0
0.0902,0.0120945,0.00856768
0.0906,0,0
0.091,0,0
0.0914,0,0
0.0918,0,0
0.0922,0,0
0.0926,0,0
0.093,0,0
0.0934,0.00596486,0.00597548
0.0938,0,0
0.0942,0,0
0.0946,0,0
0.095,0,0
0.0954,0.0066396,0.00665275
0.0958,0,0
0.0962,0,0
0.0966,0,0
0.097,0,0
0.0974,0,0
0.0978,0,0
0.0982,0,0
0.0986,0,0
0.099,0.0134218,0.00951111
0.0994,0,0
0.0998,0.00676593,0.00677959
0.1002,0,0
0.1006,0,0
0.101,0,0
0.1014,0,0
0.1018,0.0069933,0.00711287
0.1022,0,0
0.1026,0,0
0.103,0,0
0.1034,0.0138061,0.0100262
0.1038,0,0
0.1042,0,0
0.1046,0,0
0.105,0.00686997,0.00688404
0.1054,0,0
0.1058,0,0
0.1062,0,0
0.1066,0,0
0.107,0,0
0.1074,0.00806423,0.00808361
0.1078,0,0
0.1082,0,0
0.1086,0.0086764,0.00869882
0.109,0,0
0.1094,0,0
0.1098,0,0
0.1102,0,0
0.1106,0,0
0.111,0,0
0.1114,0,0
0.1118,0,0
0.1122,0.00811344,0.00813303
0.1126,0,0
0.113,0.00823691,0.0082571
0.1134,0,0
0.1138,0,0
0.1142,0,0
0.1146,0,0
0.115,0,0
0.1154,0,0
0.1158,0,0
0.1162,0,0
0.1166,0.0110403,0.0110765
0.117,0,0
0.1174,0,0
0.1178,0,0
0.1182,0,0
0.1186,0,0
0.119,0,0
0.1194,0,0
0.1198,0,0
5
-0.1198,0,0
-0.1194,0,0
-0.119,0,0
-0.1186,0,0
-0.1182,0,0
-0.1178,0.0040221,0.00478304
-0.1174,0,0
-0.117,0,0
-0.1166,0.00601677,0.00602776
-0.1162,0,0
-0.1158,0,0
-0.1154,0,0
-0.115,0,0
-0.1146,0,0
-0.1142,0,0
-0.1138,0,0
-0.1134,0.00593042,0.00594108
-0.113,0,0
-0.1126,0,0
-0.1122,0,0
-0.1118,0,0
-0.1114,0,0
-0.111,0,0
-0.1106,0.00549418,0.00599612
-0.1102,0,0
-0.1098,0,0
-0.1094,0,0
-0.109,0,0
-0.1086,0,0
-0.1082,0,0
-0.1078,0,0
-0.1074,0,0
-0.107,0,0
-0.1066,0,0
-0.1062,0,0
-0.1058,0,0
-0.1054,0,0
-0.105,0,0
-0.1046,0,0
-0.1042,0,0
-0.1038,0,0
-0.1034,0,0
-0.103,0,0
-0.1026,0.00636868,0.00638087
-0.1022,0,0
-0.1018,0,0
-0.1014,0,0
-0.101,0,0
-0.1006,0,0
-0.1002,0.0117692,0.00833678
-0.0998,0,0
-0.0994,0,0
-0.099,0,0
-0.0986,0,0
-0.0982,0,0
-0.0978,0,0
-0.0974,0,0
-0.097,0,0
-0.0966,0,0
-0.0962,0,0
-0.0958,0.00666579,0.00667908
-0.0954,0,0
-0.095,0.00620152,0.00621301
-0.0946,0,0
-0.0942,0.00969728,0.00771035
-0.0938,0,0
-0.0934,0,0
-0.093,0.00641529,0.00642758
-0.0926,0,0
-0.0922,0,0
-0.0918,0,0
-0.0914,0,0
-0.091,0.00597866,0.00598932
-0.0906,0,0
-0.0902,0,0
-0.0898,0,0
-0.0894,0,0
-0.089,0,0
-0.0886,0,0
-0.0882,0,0
-0.0878,0,0
-0.0874,0,0
-0.087,0,0
-0.0866,0,0
-0.0862,0.00630431,0.00631612
-0.0858,0,0
-0.0854,0,0
-0.085,0,0
-0.0846,0,0
-0.0842,0,0
-0.0838,0,0
-0.0834,0,0
-0.083,0,0
-0.0826,0,0
-0.0822,0.00650521,0.00651777
-0.0818,0,0
-0.0814,0,0
-0.081,0,0
-0.0806,0,0
-0.0802,0,0
-0.0798,0.00628613,0.00629784
-0.0794,0,0
-0.079,0,0
-0.0786,0,0
-0.0782,0,0
-0.0778,0.00609704,0.00610804
-0.0774,0,0
-0.077,0,0
-0.0766,0,0
-0.0762,0,0
-0.0758,0.0065606,0.00657332
-0.0754,0,0
-0.075,0.0136019,0.00963737
-0.0746,0,0
-0.0742,0,0
-0.0738,0.00675524,0.00676872
-0.0734,0,0
-0.073,0,0
-0.0726,0.0118781,0.00869364
-0.0722,0,0
-0.0718,0,0
-0.0714,0,0
-0.071,0,0
-0.0706,0.00606842,0.00607928
-0.0702,0,0
-0.0698,0,0
-0.0694,0,0
-0.069,0,0
-0.0686,0,0
-0.0682,0,0
-0.0678,0,0
-0.0674,0,0
-0.067,0,0
-0.0666,0,0
-0.0662,0,0
-0.0658,0,0
-0.0654,0,0
-0.065,0.00739418,0.00741025
-0.0646,0,0
-0.0642,0,0
-0.0638,0.00595198,0.00596239
-0.0634,0,0
-0.063,0,0
-0.0626,0,0
-0.0622,0,0
-0.0618,0,0
-0.0614,0,0
-0.061,0,0
-0.0606,0,0
-0.0602,0,0
-0.0598,0.00600071,0.00601127
-0.0594,0,0
-0.059,0,0
-0.0586,0.0059812,0.00626146
-0.0582,0,0
-0.0578,0,0
-0.0574,0,0
-0.057,0,0
-0.0566,0,0
-0.0562,0,0
-0.0558,0,0
-0.0554,0,0
-0.055,0.00623792,0.00624931
-0.0546,0,0
-0.0542,0,0
-0.0538,0,0
-0.0534,0,0
-0.053,0,0
-0.0526,0,0
-0.0522,0.00643072,0.00644281
-0.0518,0.0059126,0.00592282
-0.0514,0.00591357,0.0059238
-0.051,0.005943,0.00595332
-0.0506,0.00584493,0.00614414
-0.0502,0,0
-0.0498,0,0
-0.0494,0,0
-0.049,0,0
-0.0486,0,0
-0.0482,0,0
-0.0478,0,0
-0.0474,0.00663985,0.00665272
-0.047,0.00623344,0.00624477
-0.0466,0,0
-0.0462,0.00648725,0.00649952
-0.0458,0,0
-0.0454,0,0
-0.045,0,0
-0.0446,0,0
-0.0442,0,0
-0.0438,0,0
-0.0434,0,0
-0.043,0.00101845,0.0026545
-0.0426,0,0
-0.0422,0,0
-0.0418,0.0128621,0.00911192
-0.0414,0.00652073,0.00653311
-0.041,0.0088413,0.00762967
-0.0406,0.00633049,0.00634216
-0.0402,0,0
-0.0398,0,0
-0.0394,0,0
-0.039,0,0
-0.0386,0,0
-0.0382,0,0
-0.0378,0.00640434,0.00641627
-0.0374,0.0134399,0.00952206
-0.037,0.00672063,0.00673376
-0.0366,0.00628021,0.00629168
-0.0362,0,0
-0.0358,0,0
-0.0354,0,0
-0.035,0,0
-0.0346,0,0
-0.0342,0,0
-0.0338,0,0
-0.0334,0,0
-0.033,0,0
-0.0326,0,0
-0.0322,0.00585997,0.00586994
-0.0318,0,0
-0.0314,0,0
-0.031,0.00609481,0.00610559
-0.0306,0.00609519,0.00610598
-0.0302,0,0
-0.0298,0,0
-0.0294,0.0134076,0.00948105
-0.029,0.00673257,0.00674572
-0.0286,0.00668881,0.00670179
-0.0282,0,0
-0.0278,0,0
-0.0274,0.00733121,0.00688968
-0.027,0,0
-0.0266,0,0
-0.0262,0.0137418,0.0097363
-0.0258,0.00669587,0.00670887
-0.0254,0,0
-0.025,0,0
-0.0246,0,0
-0.0242,0.00615678,0.00616777
-0.0238,0,0
-0.0234,0,0
-0.023,0.0136109,0.00964336
-0.0226,0.000332496,0.00147956
-0.0222,0,0
-0.0218,0.0185749,0.0107435
-0.0214,0,0
-0.021,0.0121838,0.00863045
-0.0206,0,0
-0.0202,0.0128602,0.00911047
-0.0198,0.00618681,0.00619789
-0.0194,0.00669466,0.00670763
-0.019,0.00647934,0.0064915
-0.0186,0.0126919,0.00899305
-0.0182,0,0
-0.0178,0,0
-0.0174,0.00621345,0.00622463
-0.017,0,0
-0.0166,0.00603697,0.00604751
-0.0162,0,0
-0.0158,0.00610033,0.0061111
-0.0154,0.0054756,0.0061161
-0.015,0,0
-0.0146,0,0
-0.0142,0,0
-0.0138,0,0
-0.0134,0.00697349,0.00698755
-0.013,0.0138595,0.00982001
-0.0126,0.0199469,0.0115385
-0.0122,0,0
-0.0118,0.0127102,0.00900401
-0.0114,0,0
-0.011,0.0126282,0.00894809
-0.0106,0.0121529,0.00860961
-0.0102,0.00607425,0.00608491
-0.0098,0.0187339,0.010867
-0.0094,0.00643358,0.00644554
-0.009,0,0
-0.0086,0.00630199,0.00631346
-0.0082,0.0216315,0.0119155
-0.0078,0.0184161,0.0106593
-0.0074,0.00597326,0.00598356
-0.007,0.0064348,0.00641781
-0.0066,0.0118019,0.00835946
-0.0062,0.0123733,0.00877169
-0.0058,0.0257226,0.0128852
-0.0054,0.0601945,0.0201039
-0.005,0.0136325,0.00965863
-0.0046,0.0266566,0.0133572
-0.0042,0.0128254,0.00908576
-0.0038,0,0
-0.0034,0.0592618,0.0201131
-0.003,0.0561042,0.0187437
-0.0026,0.0754127,0.0209549
-0.0022,0.128277,0.0286192
-0.0018,0.224901,0.0387086
-0.0014,0.325634,0.045094
-0.001,0.350888,0.0471826
-0.0006,0.564583,0.0620068
-0.0002,0.553288,0.0585193
0.0002,0.389515,0.0487943
0.0006,0.339644,0.0452606
0.001,0.254807,0.0396067
0.0014,0.137095,0.029304
0.0018,0.0957462,0.025566
0.0022,0.0720488,0.0217776
0.0026,0.0724594,0.0218955
0.003,0.0132987,0.00929715
0.0034,0.0517112,0.0183171
0.0038,0.0125904,0.00894712
0.0042,0.00586215,0.00587207
0.0046,0,0
0.005,0,0
0.0054,0.0248132,0.0124322
0.0058,0.0106077,0.00824682
0.0062,0,0
0.0066,0,0
0.007,0.00630723,0.00631871
0.0074,0,0
0.0078,0.0131777,0.00933677
0.0082,0,0
0.0086,0.0121428,0.00860369
0.009,0.0122159,0.00865694
0.0094,0.00627577,0.00628713
0.0098,0.0126368,0.00895191
0.0102,0,0
0.0106,0.0181653,0.0105061
0.011,0.01211,0.00857808
0.0114,0.0155777,0.00983349
0.0118,0.0130543,0.00924818
0.0122,0.00652709,0.00653938
0.0126,0,0
0.013,0.0062093,0.00622042
0.0134,0.0111866,0.0081439
0.0138,0.0126748,0.00897882
0.0142,0,0
0.0146,0,0
0.015,0.0145392,0.0103023
0.0154,0,0
0.0158,0.00630726,0.00631874
0.0162,0.00552378,0.00553258
0.0166,0.0190287,0.0110065
0.017,0.0199186,0.0115286
0.0174,0.0200223,0.0115832
0.0178,0.00614297,0.00615386
0.0182,0.00615897,0.00616992
0.0186,0.00580414,0.00581386
0.019,0,0
0.0194,0,0
0.0198,0,0
0.0202,0,0
0.0206,0.0143982,0.0102022
0.021,0.00719913,0.00721408
0.0214,0.00624681,0.00625807
0.0218,0,0
0.0222,0.0110634,0.00834384
0.0226,0.00635403,0.00636568
0.023,0,0
0.0234,0,0
0.0238,0,0
0.0242,0,0
0.0246,0.00598509,0.00599543
0.025,0,0
0.0254,0,0
0.0258,0.0111323,0.00788829
0.0262,0,0
0.0266,0.0043101,0.00504671
0.027,0,0
0.0274,0,0
0.0278,0,0
0.0282,0,0
0.0286,0,0
0.029,0,0
0.0294,0.0122806,0.00892229
0.0298,0,0
0.0302,0,0
0.0306,0,0
0.031,0.00643945,0.00645141
0.0314,0,0
0.0318,0,0
0.0322,0,0
0.0326,0,0
0.033,0,0
0.0334,0,0
0.0338,0,0
0.0342,0,0
0.0346,0,0
0.035,0.00640097,0.00641279
0.0354,0,0
0.0358,0.0104215,0.00814711
0.0362,0.00608112,0.00609179
0.0366,0,0
0.037,0,0
0.0374,0,0
0.0378,0.00699736,0.00701147
0.0382,0,0
0.0386,0,0
0.039,0.00653303,0.00654533
0.0394,0,0
0.0398,0,0
0.0402,0,0
0.0406,0.0058452,0.00585504
0.041,0,0
0.0414,0,0
0.0418,0,0
0.0422,0,0
0.0426,0,0
0.043,0,0
0.0434,0,0
0.0438,0.00647726,0.00648934
0.0442,0,0
0.0446,0.00636624,0.00637791
0.045,0.00611558,0.00612635
0.0454,0,0
0.0458,0,0
0.0462,0,0
0.0466,0,0
0.047,0,0
0.0474,0.0118805,0.00841516
0.0478,0.0067609,0.00677405
0.0482,0.00627462,0.00628595
0.0486,0.00639806,0.00640984
0.049,0,0
0.0494,0,0
0.0498,0,0
0.0502,0.00606121,0.00607178
0.0506,0,0
0.051,0,0
0.0514,0.00652977,0.00654203
0.0518,0.00641291,0.00642473
0.0522,0,0
0.0526,0.00611785,0.00612861
0.053,0,0
0.0534,0,0
0.0538,0,0
0.0542,0,0
0.0546,0,0
0.055,0.00642106,0.00643291
0.0554,0,0
0.0558,0,0
0.0562,0,0
0.0566,0,0
0.057,0,0
0.0574,0.00634954,0.00636112
0.0578,0,0
0.0582,0,0
0.0586,0,0
0.059,0,0
0.0594,0,0
0.0598,0,0
0.0602,0,0
0.0606,0.00587346,0.00588337
0.061,0,0
0.0614,0,0
0.0618,0,0
0.0622,0,0
0.0626,0,0
0.063,0,0
0.0634,0,0
0.0638,0,0
0.0642,0,0
0.0646,0,0
0.065,0,0
0.0654,0,0
0.0658,0,0
0.0662,0,0
0.0666,0.0061403,0.00615111
0.067,0.00614101,0.00615182
0.0674,0,0
0.0678,0.00654901,0.0065613
0.0682,0.00616748,0.00617838
0.0686,0,0
0.069,0.0123571,0.00875419
0.0694,0,0
0.0698,0,0
0.0702,0,0
0.0706,0,0
0.071,0,0
0.0714,0,0
0.0718,0,0
0.0722,0,0
0.0726,0,0
0.073,0,0
0.0734,0,0
0.0738,0,0
0.0742,0.00591006,0.00592005
0.0746,0.00616434,0.00617521
0.075,0.00409774,0.00509093
0.0754,0.00320611,0.00450338
0.0758,0,0
0.0762,0,0
0.0766,0,0
0.077,0,0
0.0774,0,0
0.0778,0,0
0.0782,0,0
0.0786,0.00593732,0.00594739
0.079,0,0
0.0794,0,0
0.0798,0,0
0.0802,0,0
0.0806,0,0
0.081,0,0
0.0814,0,0
0.0818,0,0
0.0822,0,0
0.0826,0,0
0.083,0.00628649,0.00629776
0.0834,0,0
0.0838,0,0
0.0842,0,0
0.0846,0,0
0.085,0,0
0.0854,0,0
0.0858,0,0
0.0862,0,0
0.0866,0,0
0.087,0,0
0.0874,0.0125536,0.00889414
0.0878,0,0
0.0882,0,0
0.0886,0,0
0.089,0,0
0.0894,0,0
0.0898,0.00638336,0.00639495
0.0902,0,0
0.0906,0,0
0.091,0,0
0.0914,0,0
0.0918,0.00681995,0.00683317
0.0922,0.00714926,0.00716378
0.0926,0.00647227,0.00648417
0.093,0,0
0.0934,0,0
0.0938,0,0
0.0942,0,0
0.0946,0,0
0.095,0,0
0.0954,0.00637759,0.00638913
0.0958,0.0063787,0.00639025
0.0962,0,0
0.0966,0,0
0.097,0,0
0.0974,0.00652806,0.00654015
0.0978,0,0
0.0982,0,0
0.0986,0,0
0.099,0,0
0.0994,0,0
0.0998,0,0
0.1002,0,0
0.1006,0,0
0.101,0,0
0.1014,0,0
0.1018,0,0
0.1022,0,0
0.1026,0,0
0.103,0,0
0.1034,0,0
0.1038,0,0
0.1042,0.00747351,0.0074893
0.1046,0.00724628,0.00726112
0.105,0,0
0.1054,0,0
0.1058,0,0
0.1062,0,0
0.1066,0,0
0.107,0,0
0.1074,0.0085152,0.00853566
0.1078,0,0
0.1082,0,0
0.1086,0.00916536,0.00918904
0.109,0,0
0.1094,0,0
0.1098,0,0
0.1102,0,0
0.1106,0,0
0.111,0,0
0.1114,0,0
0.1118,0,0
0.1122,0,0
0.1126,0.00854142,0.00856196
0.113,0,0
0.1134,0,0
0.1138,0,0
0.1142,0,0
0.1146,0,0
0.115,0,0
0.1154,0,0
0.1158,0,0
0.1162,0,0
0.1166,0,0
0.117,0,0
0.1174,0,0
0.1178,0,0
0.1182,0,0
0.1186,0,0
0.119,0,0
0.1194,0,0
0.1198,0,0
6
-0.1198,0,0
-0.1194,0,0
-0.119,0,0
-0.1186,0,0
-0.1182,0,0
-0.1178,0,0
-0.1174,0.00539273,0.00540265
-0.117,0,0
-0.1166,0,0
-0.1162,0,0
-0.1158,0,0
-0.1154,0,0
-0.115,0,0
-0.1146,0.00579779,0.00580922
-0.1142,0,0
-0.1138,0,0
-0.1134,0,0
-0.113,0,0
-0.1126,0.00564719,0.00565802
-0.1122,0,0
-0.1118,0,0
-0.1114,0,0
-0.111,0,0
-0.1106,0,0
-0.1102,0,0
-0.1098,0,0
-0.1094,0,0
-0.109,0,0
-0.1086,0,0
-0.1082,0,0
-0.1078,0,0
-0.1074,0,0
-0.107,0,0
-0.1066,0,0
-0.1062,0,0
-0.1058,0,0
-0.1054,0,0
-0.105,0,0
-0.1046,0,0
-0.1042,0,0
-0.1038,0,0
-0.1034,0,0
-0.103,0,0
-0.1026,0.00567891,0.00568978
-0.1022,0,0
-0.1018,0.000731109,0.00198355
-0.1014,0,0
-0.101,0,0
-0.1006,0,0
-0.1002,0.00524906,0.00525832
-0.0998,0,0
-0.0994,0.00523069,0.00523989
-0.099,0,0
-0.0986,0,0
-0.0982,0,0
-0.0978,0,0
-0.0974,0,0
-0.097,0,0
-0.0966,0,0
-0.0962,0,0
-0.0958,0,0
-0.0954,0,0
-0.095,0,0
-0.0946,0,0
-0.0942,0.00211634,0.00331136
-0.0938,0,0
-0.0934,0,0
-0.093,0,0
-0.0926,0.00020516,0.00108585
-0.0922,0,0
-0.0918,0,0
-0.0914,0,0
-0.091,0,0
-0.0906,0,0
-0.0902,0,0
-0.0898,0,0
-0.0894,0,0
-0.089,0,0
-0.0886,0,0
-0.0882,0,0
-0.0878,0,0
-0.0874,0,0
-0.087,0,0
-0.0866,0,0
-0.0862,0,0
-0.0858,0,0
-0.0854,0,0
-0.085,0,0
-0.0846,0,0
-0.0842,0,0
-0.0838,0,0
-0.0834,0,0
-0.083,0,0
-0.0826,0,0
-0.0822,0,0
-0.0818,0,0
-0.0814,0,0
-0.081,0,0
-0.0806,0,0
-0.0802,0.00633874,0.00635225
-0.0798,0,0
-0.0794,0,0
-0.079,0,0
-0.0786,0,0
-0.0782,0,0
-0.0778,0.00529617,0.00530563
-0.0774,0,0
-0.077,0,0
-0.0766,0,0
-0.0762,0,0
-0.0758,0,0
-0.0754,0.00547746,0.0054876
-0.075,0.00594247,0.00595441
-0.0746,0,0
-0.0742,0,0
-0.0738,0,0
-0.0734,0,0
-0.073,0,0
-0.0726,0,0
-0.0722,0,0
-0.0718,0,0
-0.0714,0,0
-0.071,0,0
-0.0706,0,0
-0.0702,0.0112335,0.00795843
-0.0698,0,0
-0.0694,0,0
-0.069,0,0
-0.0686,0,0
-0.0682,0,0
-0.0678,0,0
-0.0674,0,0
-0.067,0,0
-0.0666,0,0
-0.0662,0,0
-0.0658,0,0
-0.0654,0,0
-0.065,0,0
-0.0646,0,0
-0.0642,0,0
-0.0638,0,0
-0.0634,0,0
-0.063,0,0
-0.0626,0,0
-0.0622,0,0
-0.0618,0,0
-0.0614,0,0
-0.061,0,0
-0.0606,0,0
-0.0602,0,0
-0.0598,0,0
-0.0594,0,0
-0.059,0.00595665,0.00596882
-0.0586,0.00557958,0.00559026
-0.0582,0,0
-0.0578,0,0
-0.0574,0,0
-0.057,0,0
-0.0566,0,0
-0.0562,0,0
-0.0558,0.00565509,0.00566609
-0.0554,0,0
-0.055,0,0
-0.0546,0.0112026,0.00793673
-0.0542,0,0
-0.0538,0,0
-0.0534,0.00518114,0.00519039
-0.053,0,0
-0.0526,0,0
-0.0522,0,0
-0.0518,0,0
-0.0514,0,0
-0.051,0,0
-0.0506,0,0
-0.0502,0,0
-0.0498,0,0
-0.0494,0,0
-0.049,0,0
-0.0486,0.00540264,0.00541273
-0.0482,0,0
-0.0478,0,0
-0.0474,0,0
-0.047,0,0
-0.0466,0,0
-0.0462,0,0
-0.0458,0,0
-0.0454,0,0
-0.045,0,0
-0.0446,0.00502414,0.00503289
-0.0442,0,0
-0.0438,0,0
-0.0434,0.00496662,0.00497517
-0.043,0.0102108,0.00752493
-0.0426,0,0
-0.0422,0,0
-0.0418,0,0
-0.0414,0,0
-0.041,0.00364075,0.00451792
-0.0406,0.00530272,0.00531249
-0.0402,0,0
-0.0398,0,0
-0.0394,0,0
-0.039,0,0
-0.0386,0,0
-0.0382,0.0052271,0.00523661
-0.0378,0,0
-0.0374,0.016836,0.00973931
-0.037,0,0
-0.0366,0,0
-0.0362,0,0
-0.0358,0.00527661,0.00528632
-0.0354,0,0
-0.035,0.00523697,0.00524653
-0.0346,0.0054722,0.00548264
-0.0342,0,0
-0.0338,0,0
-0.0334,0,0
-0.033,0,0
-0.0326,0,0
-0.0322,0,0
-0.0318,0.00518062,0.00519
-0.0314,0.00513514,0.00514435
-0.031,0,0
-0.0306,0,0
-0.0302,0,0
-0.0298,0.00557468,0.00558555
-0.0294,0,0
-0.029,0,0
-0.0286,0,0
-0.0282,0.00554371,0.00555447
-0.0278,0,0
-0.0274,0.00478583,0.00516095
-0.027,0,0
-0.0266,0.0113933,0.00807239
-0.0262,0.0112263,0.00795447
-0.0258,0,0
-0.0254,0,0
-0.025,0.00533665,0.00534663
-0.0246,0.00954263,0.00675896
-0.0242,0.00992529,0.00703271
-0.0238,0,0
-0.0234,0,0
-0.023,0.00561888,0.00562996
-0.0226,0,0
-0.0222,0,0
-0.0218,0.0103135,0.00730629
-0.0214,0.00551071,0.00552137
-0.021,0.0050235,0.00503236
-0.0206,0,0
-0.0202,0,0
-0.0198,0.00464461,0.00465219
-0.0194,0.00551534,0.00552603
-0.019,0,0
-0.0186,0.0051151,0.0051243
-0.0182,0,0
-0.0178,0.00525023,0.00525992
-0.0174,0,0
-0.017,0.00536897,0.00537911
-0.0166,0.00496514,0.00497381
-0.0162,0,0
-0.0158,0,0
-0.0154,0,0
-0.015,0.00541661,0.00542694
-0.0146,0,0
-0.0142,0,0
-0.0138,0,0
-0.0134,0,0
-0.013,0,0
-0.0126,0.00545603,0.00546652
-0.0122,0,0
-0.0118,0,0
-0.0114,0,0
-0.011,0,0
-0.0106,0.00490288,0.00491135
-0.0102,0.0099559,0.00705226
-0.0098,0,0
-0.0094,0,0
-0.009,0.00516106,0.00517046
-0.0086,0,0
-0.0082,0,0
-0.0078,0,0
-0.0074,0.0104369,0.00739359
-0.007,0.0103887,0.00737611
-0.0066,0.00482714,0.00483536
-0.0062,0,0
-0.0058,0.0212444,0.0106437
-0.0054,0,0
-0.005,0.00557163,0.00558259
-0.0046,0.0110293,0.0078141
-0.0042,0,0
-0.0038,0.0115409,0.00817729
-0.0034,0.0280019,0.012548
-0.003,0.0155937,0.00902821
-0.0026,0.0235611,0.0105545
-0.0022,0.045121,0.0151011
-0.0018,0.0795882,0.0206246
-0.0014,0.147006,0.02735
-0.001,0.175514,0.0301574
-0.0006,0.166269,0.0304316
-0.0002,0.241334,0.0349019
0.0002,0.207318,0.0320612
0.0006,0.217093,0.0327957
0.001,0.189964,0.0308659
0.0014,0.145604,0.027052
0.0018,0.133846,0.0273403
0.0022,0.112475,0.024605
0.0026,0.0479275,0.016013
0.003,0.0212755,0.0106587
0.0034,0.0211092,0.0105744
0.0038,0.0244678,0.0109857
0.0042,0.0189237,0.00947775
0.0046,0.0196195,0.0098278
0.005,0.00514234,0.00515168
0.0054,0.0198013,0.00991803
0.0058,0.0052159,0.00522551
0.0062,0,0
0.0066,0.0108651,0.0076975
0.007,0.00462276,0.00463031
0.0074,0,0
0.0078,0,0
0.0082,0,0
0.0086,0.00507993,0.00508904
0.009,0,0
0.0094,0.00516714,0.00517656
0.0098,0.00526059,0.00527035
0.0102,0,0
0.0106,0,0
0.011,0,0
0.0114,0,0
0.0118,0.00534724,0.00535731
0.0122,0.00534739,0.00535746
0.0126,0.0105553,0.0074824
0.013,0.0102414,0.00725497
0.0134,0.00484543,0.0048537
0.0138,0,0
0.0142,0,0
0.0146,0.00596825,0.00598076
0.015,0,0
0.0154,0,0
0.0158,0,0
0.0162,0.00454256,0.0045498
0.0166,0.00513547,0.00517931
0.017,0,0
0.0174,0,0
0.0178,0,0
0.0182,0.00507934,0.00508836
0.0186,0,0
0.019,0,0
0.0194,0.00505892,0.00506786
0.0198,0,0
0.0202,0.0056707,0.00568191
0.0206,0,0
0.021,0.00975103,0.00740801
0.0214,0.00517996,0.00518929
0.0218,0,0
0.0222,0,0
0.0226,0.00527932,0.00528899
0.023,0,0
0.0234,0,0
0.0238,0,0
0.0242,0,0
0.0246,0,0
0.025,0,0
0.0254,0,0
0.0258,0.00413606,0.00446056
0.0262,0,0
0.0266,0.00674629,0.00600621
0.027,0,0
0.0274,0.0051411,0.00515021
0.0278,0.00521244,0.00522179
0.0282,0,0
0.0286,0,0
0.029,0,0
0.0294,0.0047182,0.00506916
0.0298,0.0106497,0.00754424
0.0302,0,0
0.0306,0,0
0.031,0,0
0.0314,0,0
0.0318,0,0
0.0322,0,0
0.0326,0.0111719,0.0079149
0.033,0,0
0.0334,0,0
0.0338,0,0
0.0342,0,0
0.0346,0,0
0.035,0.00531132,0.00532092
0.0354,0,0
0.0358,0.0019735,0.00330932
0.0362,0,0
0.0366,0,0
0.037,0,0
0.0374,0,0
0.0378,0,0
0.0382,0,0
0.0386,0,0
0.039,0,0
0.0394,0,0
0.0398,0,0
0.0402,0,0
0.0406,0.0086235,0.00657554
0.041,0,0
0.0414,0,0
0.0418,0.00532154,0.00533106
0.0422,0,0
0.0426,0,0
0.043,0,0
0.0434,0,0
0.0438,0,0
0.0442,0,0
0.0446,0,0
0.045,0,0
0.0454,0.00576962,0.00578075
0.0458,0,0
0.0462,0,0
0.0466,0.00546779,0.00547777
0.047,0,0
0.0474,0,0
0.0478,0,0
0.0482,0.00550195,0.00551203
0.0486,0.00300185,0.00408358
0.049,0,0
0.0494,0,0
0.0498,0,0
0.0502,0,0
0.0506,0,0
0.051,0,0
0.0514,0,0
0.0518,0,0
0.0522,0,0
0.0526,0,0
0.053,0,0
0.0534,0.0053726,0.00538213
0.0538,0,0
0.0542,0,0
0.0546,0,0
0.055,0,0
0.0554,0,0
0.0558,0.00520666,0.00521557
0.0562,0,0
0.0566,0,0
0.057,0,0
0.0574,0,0
0.0578,0,0
0.0582,0,0
0.0586,0,0
0.059,0,0
0.0594,0,0
0.0598,0,0
0.0602,0,0
0.0606,0,0
0.061,0.00234093,0.00348416
0.0614,0,0
0.0618,0,0
0.0622,0,0
0.0626,0,0
0.063,0,0
0.0634,0,0
0.0638,0,0
0.0642,0,0
0.0646,0.00581755,0.00582853
0.065,0.00586003,0.00587116
0.0654,0,0
0.0658,0,0
0.0662,0,0
0.0666,0,0
0.067,0,0
0.0674,0,0
0.0678,0,0
0.0682,0,0
0.0686,0,0
0.069,0,0
0.0694,0.00557524,0.00558525
0.0698,0,0
0.0702,0,0
0.0706,0.0057227,0.00573323
0.071,0,0
0.0714,0.00571462,0.00572511
0.0718,0,0
0.0722,0,0
0.0726,0,0
0.073,0,0
0.0734,0.00592308,0.00593431
0.0738,0,0
0.0742,0,0
0.0746,0,0
0.075,0.00755839,0.00651745
0.0754,0,0
0.0758,0,0
0.0762,0,0
0.0766,0,0
0.077,0.00542111,0.00543047
0.0774,0,0
0.0778,0,0
0.0782,0,0
0.0786,0,0
0.079,0.00560203,0.005612
0.0794,0,0
0.0798,0.0104943,0.00743295
0.0802,0,0
0.0806,0,0
0.081,0.00600512,0.00601654
0.0814,0,0
0.0818,0,0
0.0822,0,0
0.0826,0,0
0.083,0,0
0.0834,0,0
0.0838,0,0
0.0842,0,0
0.0846,0,0
0.085,0.0055265,0.00553612
0.0854,0.00557687,0.00558666
0.0858,0,0
0.0862,0,0
0.0866,0,0
0.087,0,0
0.0874,0,0
0.0878,0,0
0.0882,0,0
0.0886,0,0
0.089,0,0
0.0894,0,0
0.0898,0,0
0.0902,0,0
0.0906,0,0
0.091,0,0
0.0914,0,0
0.0918,0,0
0.0922,0,0
0.0926,0,0
0.093,0,0
0.0934,0,0
0.0938,0,0
0.0942,0,0
0.0946,0,0
0.095,0.00638022,0.00639285
0.0954,0.00638378,0.00639642
0.0958,0,0
0.0962,0,0
0.0966,0,0
0.097,0,0
0.0974,0,0
0.0978,0,0
0.0982,0,0
0.0986,0,0
0.099,0,0
0.0994,0.0131945,0.00934895
0.0998,0,0
0.1002,0,0
0.1006,0,0
0.101,0,0
0.1014,0,0
0.1018,0,0
0.1022,0,0
0.1026,0,0
0.103,0,0
0.1034,0,0
0.1038,0,0
0.1042,0,0
0.1046,0,0
0.105,0,0
0.1054,0,0
0.1058,0,0
0.1062,0,0
0.1066,0,0
0.107,0,0
0.1074,0,0
0.1078,0,0
0.1082,0,0
0.1086,0,0
0.109,0.000340459,0.00165734
0.1094,0,0
0.1098,0.000281082,0.00149743
0.1102,0,0
0.1106,0,0
0.111,0,0
0.1114,0,0
0.1118,0,0
0.1122,0,0
0.1126,0,0
0.113,0,0
0.1134,0,0
0.1138,0,0
0.1142,0,0
0.1146,0,0
0.115,0,0
0.1154,0,0
0.1158,0,0
0.1162,0,0
0.1166,0,0
0.117,0,0
0.1174,0,0
0.1178,0,0
0.1182,0,0
0.1186,0,0
0.119,0,0
0.1194,0.00949443,0.00952214
0.1198,0,0
7
-0.1198,0.00514614,0.00515529
-0.1194,0,0
-0.119,0,0
-0.1186,0,0
-0.1182,0,0
-0.1178,0.00497438,0.00498295
-0.1174,0,0
-0.117,0,0
-0.1166,0,0
-0.1162,0.005469,0.00547936
-0.1158,0,0
-0.1154,0,0
-0.115,0,0
-0.1146,0,0
-0.1142,0,0
-0.1138,0,0
-0.1134,0,0
-0.113,0,0
-0.1126,0,0
-0.1122,0,0
-0.1118,0,0
-0.1114,0.00538557,0.00539565
-0.111,0,0
-0.1106,0,0
-0.1102,0,0
-0.1098,0,0
-0.1094,0.0052665,0.00527616
-0.109,0,0
-0.1086,0,0
-0.1082,0,0
-0.1078,0,0
-0.1074,0,0
-0.107,0,0
-0.1066,0,0
-0.1062,0,0
-0.1058,0.00582415,0.00583599
-0.1054,0,0
-0.105,0,0
-0.1046,0,0
-0.1042,0,0
-0.1038,0,0
-0.1034,0,0
-0.103,0,0
-0.1026,0,0
-0.1022,0,0
-0.1018,0.00445032,0.00479739
-0.1014,0,0
-0.101,0,0
-0.1006,0,0
-0.1002,0,0
-0.0998,0,0
-0.0994,0,0
-0.099,0,0
-0.0986,0,0
-0.0982,0,0
-0.0978,0,0
-0.0974,0,0
-0.097,0.010728,0.00760964
-0.0966,0,0
-0.0962,0,0
-0.0958,0,0
-0.0954,0,0
-0.095,0.00536048,0.00537062
-0.0946,0,0
-0.0942,0,0
-0.0938,0,0
-0.0934,0,0
-0.093,0,0
-0.0926,0.00521497,0.00532115
-0.0922,0,0
-0.0918,0,0
-0.0914,0.00545136,0.00546188
-0.091,0,0
-0.0906,0.0056558,0.00566713
-0.0902,0,0
-0.0898,0,0
-0.0894,0,0
-0.089,0,0
-0.0886,0,0
-0.0882,0,0
-0.0878,0,0
-0.0874,0.00534343,0.00535355
-0.087,0.00530392,0.00531389
-0.0866,0,0
-0.0862,0.00541937,0.00542977
-0.0858,0,0
-0.0854,0.00556943,0.00558042
-0.085,0,0
-0.0846,0,0
-0.0842,0,0
-0.0838,0,0
-0.0834,0,0
-0.083,0.00566845,0.00567981
-0.0826,0,0
-0.0822,0,0
-0.0818,0,0
-0.0814,0,0
-0.081,0,0
-0.0806,0.00490814,0.00491666
-0.0802,0,0
-0.0798,0.00603277,0.00604563
-0.0794,0,0
-0.079,0,0
-0.0786,0,0
-0.0782,0.00505647,0.0050655
-0.0778,0,0
-0.0774,0,0
-0.077,0,0
-0.0766,0,0
-0.0762,0,0
-0.0758,0.00571776,0.00572928
-0.0754,0,0
-0.075,0,0
-0.0746,0.0159073,0.00920126
-0.0742,0,0
-0.0738,0,0
-0.0734,0,0
-0.073,0,0
-0.0726,0,0
-0.0722,0,0
-0.0718,0,0
-0.0714,0.00514836,0.00515768
-0.071,0,0
-0.0706,0,0
-0.0702,0,0
-0.0698,0,0
-0.0694,0,0
-0.069,0.00527297,0.00528271
-0.0686,0,0
-0.0682,0,0
-0.0678,0,0
-0.0674,0.00543535,0.00544568
-0.067,0,0
-0.0666,0,0
-0.0662,0,0
-0.0658,0,0
-0.0654,0,0
-0.065,0,0
-0.0646,0,0
-0.0642,0,0
-0.0638,0,0
-0.0634,0,0
-0.063,0,0
-0.0626,0,0
-0.0622,0,0
-0.0618,0,0
-0.0614,0.00510044,0.00519733
-0.061,0,0
-0.0606,0,0
-0.0602,0,0
-0.0598,0,0
-0.0594,0,0
-0.059,0,0
-0.0586,0,0
-0.0582,0,0
-0.0578,0,0
-0.0574,0,0
-0.057,0,0
-0.0566,0,0
-0.0562,0,0
-0.0558,0.0112573,0.00797564
-0.0554,0.00528821,0.00529786
-0.055,0,0
-0.0546,0.005589,0.00559977
-0.0542,0,0
-0.0538,0.0112968,0.00800521
-0.0534,0,0
-0.053,0.00462731,0.00480863
-0.0526,0,0
-0.0522,0.00539192,0.00540192
-0.0518,0.00533295,0.00534272
-0.0514,0,0
-0.051,0,0
-0.0506,0,0
-0.0502,0,0
-0.0498,0,0
-0.0494,0,0
-0.049,0,0
-0.0486,0,0
-0.0482,0.0053092,0.00531884
-0.0478,0,0
-0.0474,0.00457208,0.00510379
-0.047,0,0
-0.0466,0,0
-0.0462,0,0
-0.0458,0.00555576,0.00556627
-0.0454,0.0054184,0.00542839
-0.045,0.00534475,0.00535447
-0.0446,0,0
-0.0442,0,0
-0.0438,0,0
-0.0434,0,0
-0.043,0,0
-0.0426,0,0
-0.0422,0,0
-0.0418,0.0053376,0.00534724
-0.0414,0,0
-0.041,0,0
-0.0406,0.00545597,0.00546602
-0.0402,0,0
-0.0398,0.00502558,0.0050341
-0.0394,0,0
-0.039,0,0
-0.0386,0.00565488,0.00566564
-0.0382,0.00207931,0.00335946
-0.0378,0,0
-0.0374,0.0024693,0.00379732
-0.037,0,0
-0.0366,0,0
-0.0362,0,0
-0.0358,0.00578189,0.00579309
-0.0354,0,0
-0.035,0,0
-0.0346,0,0
-0.0342,0.00566265,0.00567336
-0.0338,0.00280342,0.0038836
-0.0334,0.0050573,0.00534714
-0.033,0,0
-0.0326,0,0
-0.0322,0.00511168,0.00512038
-0.0318,0,0
-0.0314,0,0
-0.031,0,0
-0.0306,0,0
-0.0302,0,0
-0.0298,0.0058824,0.00589387
-0.0294,0,0
-0.029,0.0142731,0.00908934
-0.0286,0,0
-0.0282,0,0
-0.0278,0.00563596,0.00564645
-0.0274,0,0
-0.027,0.00302047,0.00423026
-0.0266,0,0
-0.0262,0.00862863,0.00724101
-0.0258,0,0
-0.0254,0,0
-0.025,0.0058586,0.00586987
-0.0246,0.0050987,0.00510723
-0.0242,0,0
-0.0238,0,0
-0.0234,0.00554904,0.00555912
-0.023,0,0
-0.0226,0.00132841,0.0027309
-0.0222,0.00559812,0.00560835
-0.0218,0,0
-0.0214,0.00593547,0.00594696
-0.021,0,0
-0.0206,0,0
-0.0202,0.00550809,0.00551796
-0.0198,0,0
-0.0194,0,0
-0.019,0,0
-0.0186,0,0
-0.0182,0,0
-0.0178,0.00570559,0.00571612
-0.0174,0.00556197,0.00557197
-0.017,0,0
-0.0166,0.00541246,0.00542192
-0.0162,0,0
-0.0158,0.0034991,0.00454129
-0.0154,0.00592315,0.00593444
-0.015,0,0
-0.0146,0.00535295,0.00536216
-0.0142,0.00616815,0.00618037
-0.0138,0.00582117,0.00583205
-0.0134,0.0114653,0.0081221
-0.013,0.00193804,0.00347705
-0.0126,0,0
-0.0122,0.0169921,0.00983737
-0.0118,0.00810206,0.00683572
-0.0114,0.0116793,0.00827396
-0.011,0,0
-0.0106,0.010836,0.00767546
-0.0102,0.025915,0.0119661
-0.0098,0.0162012,0.00936991
-0.0094,0.00591045,0.00592157
-0.009,0.00591444,0.00592557
-0.0086,0.00572593,0.00573635
-0.0082,0.00597084,0.00598216
-0.0078,0.0172048,0.00995828
-0.0074,0.0162269,0.00961864
-0.007,0.0111908,0.00793293
-0.0066,0.0107732,0.00763082
-0.0062,0,0
-0.0058,0.0238364,0.0119079
-0.0054,0.0122076,0.00864874
-0.005,0.00622499,0.00623723
-0.0046,0,0
-0.0042,0.0175896,0.0101742
-0.0038,0.0244172,0.0125212
-0.0034,0.0499803,0.0176766
-0.003,0.0457338,0.0162066
-0.0026,0.0317268,0.0129741
-0.0022,0.0669524,0.0193975
-0.0018,0.118146,0.0266596
-0.0014,0.238996,0.0370543
-0.001,0.259686,0.0388769
-0.0006,0.302945,0.0436397
-0.0002,0.39183,0.047214
0.0002,0.334567,0.0433416
0.0006,0.406337,0.0476881
0.001,0.282472,0.0399861
0.0014,0.188696,0.032923
0.0018,0.180867,0.0337685
0.0022,0.199513,0.0348536
0.0026,0.0789252,0.0217782
0.003,0.0815013,0.0221645
0.0034,0.0614464,0.0191981
0.0038,0.0217396,0.0114967
0.0042,0.01079,0.00764265
0.0046,0.0174839,0.00982039
0.005,0.011672,0.00826838
0.0054,0.0286214,0.0128261
0.0058,0.0236974,0.0118706
0.0062,0.023963,0.0120057
0.0066,0.0178845,0.0103481
0.007,0.0153522,0.00899718
0.0074,0.0124109,0.00879274
0.0078,0,0
0.0082,0,0
0.0086,0.00578066,0.00579103
0.009,0,0
0.0094,0.00584193,0.00585251
0.0098,0,0
0.0102,0.00578026,0.00579061
0.0106,0.0153405,0.00939249
0.011,0.00607197,0.00608338
0.0114,0,0
0.0118,0.00608787,0.00609934
0.0122,0.0121745,0.00862494
0.0126,0.0124442,0.00881637
0.013,0.0117237,0.00830498
0.0134,0.00027902,0.00124241
0.0138,0.00591459,0.0059254
0.0142,0,0
0.0146,0.00678546,0.00679969
0.015,0,0
0.0154,0.00599963,0.00601075
0.0158,0.00588803,0.00589875
0.0162,0,0
0.0166,7.8311e-05,0.000681228
0.017,0,0
0.0174,0.00617157,0.00618335
0.0178,0,0
0.0182,0.0111238,0.00787927
0.0186,0.0109734,0.0077733
0.019,0.00541162,0.00542069
0.0194,0.0057061,0.00571618
0.0198,0.00578214,0.0057925
0.0202,0,0
0.0206,0.00638216,0.00639478
0.021,0.00819957,0.0073573
0.0214,0.00808534,0.00685807
0.0218,0,0
0.0222,0.011666,0.00826403
0.0226,0.0059092,0.00592003
0.023,0.00559243,0.00560214
0.0234,0.0111813,0.00792014
0.0238,0.00628393,0.00629619
0.0242,0.00555962,0.00556922
0.0246,0.00555789,0.00556748
0.025,0.00593316,0.0059441
0.0254,0,0
0.0258,0.00605651,0.00568843
0.0262,0.00566751,0.0056775
0.0266,0,0
0.027,0.0054581,0.00546738
0.0274,0,0
0.0278,0,0
0.0282,0,0
0.0286,0,0
0.029,0,0
0.0294,0.00805179,0.00693672
0.0298,0,0
0.0302,0,0
0.0306,0,0
0.031,0,0
0.0314,0.0059939,0.00600512
0.0318,0,0
0.0322,0,0
0.0326,0,0
0.033,0.0063754,0.00638812
0.0334,0,0
0.0338,0,0
0.0342,0,0
0.0346,0.00581541,0.005826
0.035,0,0
0.0354,0.00555965,0.00556934
0.0358,0,0
0.0362,0.00558591,0.0055957
0.0366,0,0
0.037,0,0
0.0374,0.0054829,0.00549235
0.0378,0.00641624,0.00642917
0.0382,0,0
0.0386,0,0
0.039,0.011613,0.00823046
0.0394,0,0
0.0398,0.00601072,0.0060221
0.0402,0,0
0.0406,0.00146546,0.00280281
0.041,0,0
0.0414,0,0
0.0418,0,0
0.0422,0.00567801,0.00568819
0.0426,0,0
0.043,0.00547869,0.00548817
0.0434,0,0
0.0438,0,0
0.0442,0,0
0.0446,0,0
0.045,0,0
0.0454,0,0
0.0458,0,0
0.0462,0,0
0.0466,0,0
0.047,0,0
0.0474,0.0115125,0.00817257
0.0478,0,0
0.0482,0,0
0.0486,0.0141192,0.00902331
0.049,0,0
0.0494,0,0
0.0498,0.00611412,0.00612602
0.0502,0,0
0.0506,0.00547099,0.00548053
0.051,0,0
0.0514,0,0
0.0518,0,0
0.0522,0,0
0.0526,0,0
0.053,0,0
0.0534,0.00554636,0.0055562
0.0538,0,0
0.0542,0.00613255,0.00614459
0.0546,0,0
0.055,0,0
0.0554,0,0
0.0558,0.00533904,0.00534819
0.0562,0.00586671,0.00587776
0.0566,0,0
0.057,0,0
0.0574,0,0
0.0578,0.00569047,0.00570088
0.0582,0,0
0.0586,0,0
0.059,0,0
0.0594,0.00540571,0.00541513
0.0598,0,0
0.0602,0,0
0.0606,0.00522443,0.00523324
0.061,0.013218,0.00829638
0.0614,0.0155664,0.00900326
0.0618,0,0
0.0622,0.00581534,0.00582628
0.0626,0.00558753,0.00559764
0.063,0.00558572,0.00559582
0.0634,0.00568697,0.00569745
0.0638,0,0
0.0642,0,0
0.0646,0,0
0.065,0,0
0.0654,0.00598189,0.00599351
0.0658,0,0
0.0662,0.00547025,0.00547998
0.0666,0,0
0.067,0,0
0.0674,0,0
0.0678,0,0
0.0682,0,0
0.0686,0,0
0.069,0,0
0.0694,0.00545817,0.0054679
0.0698,0,0
0.0702,0,0
0.0706,0,0
0.071,0,0
0.0714,0,0
0.0718,0.00572321,0.00573394
0.0722,0,0
0.0726,0,0
0.073,0,0
0.0734,0,0
0.0738,0.00593383,0.00594539
0.0742,0,0
0.0746,0,0
0.075,0,0
0.0754,0.00538693,0.00539647
0.0758,0,0
0.0762,0,0
0.0766,0,0
0.077,0,0
0.0774,0,0
0.0778,0,0
0.0782,0,0
0.0786,0,0
0.079,0,0
0.0794,0,0
0.0798,0.00504562,0.00505402
0.0802,0,0
0.0806,0.00576159,0.00577255
0.081,0,0
0.0814,0,0
0.0818,0,0
0.0822,0,0
0.0826,0,0
0.083,0.00542348,0.0054332
0.0834,0.00554274,0.00555289
0.0838,0,0
0.0842,0,0
0.0846,0,0
0.085,0,0
0.0854,0,0
0.0858,0,0
0.0862,0.0050509,0.00505935
0.0866,0,0
0.087,0,0
0.0874,0,0
0.0878,0,0
0.0882,0,0
0.0886,0,0
0.089,0,0
0.0894,0.00551112,0.00552119
0.0898,0.00547561,0.00548555
0.0902,0,0
0.0906,0.0115794,0.00822154
0.091,0,0
0.0914,0,0
0.0918,0,0
0.0922,0.00612131,0.00613374
0.0926,0,0
0.093,0,0
0.0934,0,0
0.0938,0,0
0.0942,0,0
0.0946,0,0
0.095,0,0
0.0954,0,0
0.0958,0,0
0.0962,0,0
0.0966,0.00522885,0.00523793
0.097,0.00569963,0.00571043
0.0974,0,0
0.0978,0,0
0.0982,0,0
0.0986,0,0
0.099,0.00591869,0.00593033
0.0994,0,0
0.0998,0.00612766,0.00614014
0.1002,0,0
0.1006,0,0
0.101,0.00446226,0.00536808
0.1014,0.00623309,0.006246
0.1018,0,0
0.1022,0,0
0.1026,0.00623895,0.00625188
0.103,0,0
0.1034,0,0
0.1038,0.00660742,0.00662191
0.1042,0,0
0.1046,0,0
0.105,0,0
0.1054,0,0
0.1058,0,0
0.1062,0,0
0.1066,0,0
0.107,0.00680922,0.00682459
0.1074,0,0
0.1078,0,0
0.1082,0,0
0.1086,0,0
0.109,0.00711324,0.00728691
0.1094,0.00332567,0.00509761
0.1098,0.00708893,0.00723541
0.1102,0,0
0.1106,0,0
0.111,0,0
0.1114,0,0
0.1118,0,0
0.1122,0,0
0.1126,0,0
0.113,0,0
0.1134,0,0
0.1138,0.015113,0.010716
0.1142,0,0
0.1146,0,0
0.115,0,0
0.1154,0,0
0.1158,0.0080828,0.00810423
0.1162,0,0
0.1166,0,0
0.117,0,0
0.1174,0,0
0.1178,0.00872003,0.00874487
0.1182,0,0
0.1186,0.0102248,0.0102589
0.119,0,0
0.1194,0,0
0.1198,0.00896751,0.00899369
8
-0.1198,0.00372392,0.00373054
-0.1194,0,0
-0.119,0,0
-0.1186,0.00412717,0.00413529
-0.1182,0.00381836,0.0038253
-0.1178,0,0
-0.1174,0,0
-0.117,0,0
-0.1166,0,0
-0.1162,0,0
-0.1158,0,0
-0.1154,0.00419144,0.00419978
-0.115,0,0
-0.1146,0,0
-0.1142,0,0
-0.1138,0,0
-0.1134,0,0
-0.113,0.00239853,0.00311667
-0.1126,0.00809739,0.00573671
-0.1122,0,0
-0.1118,0.00360673,0.00361288
-0.1114,0,0
-0.111,0,0
-0.1106,0,0
-0.1102,0.00817948,0.00579564
-0.1098,0,0
-0.1094,0,0
-0.109,0.00817698,0.0057932
-0.1086,0.00418558,0.00419383
-0.1082,0,0
-0.1078,0,0
-0.1074,0.011773,0.00681043
-0.107,0,0
-0.1066,0.00429767,0.00430635
-0.1062,0.00583678,0.00481926
-0.1058,0,0
-0.1054,0.00413375,0.00414177
-0.105,0,0
-0.1046,0,0
-0.1042,0,0
-0.1038,0,0
-0.1034,0,0
-0.103,0,0
-0.1026,0,0
-0.1022,0,0
-0.1018,0,0
-0.1014,0.00075717,0.00176244
-0.101,0,0
-0.1006,0.00389199,0.00389905
-0.1002,0,0
-0.0998,0.0115007,0.00665219
-0.0994,0,0
-0.099,0.00392109,0.00392823
-0.0986,0,0
-0.0982,0,0
-0.0978,0.00389916,0.00390622
-0.0974,0,0
-0.097,0,0
-0.0966,0,0
-0.0962,0.00396363,0.0039709
-0.0958,0,0
-0.0954,0,0
-0.095,0.0038483,0.00397488
-0.0946,0,0
-0.0942,0.00374052,0.00374698
-0.0938,0,0
-0.0934,0,0
-0.093,0,0
-0.0926,0,0
-0.0922,0,0
-0.0918,0.00419221,0.0042003
-0.0914,0,0
-0.091,0,0
-0.0906,0,0
-0.0902,0.00431986,0.00432843
-0.0898,0,0
-0.0894,0,0
-0.089,0,0
-0.0886,0,0
-0.0882,0,0
-0.0878,0,0
-0.0874,0,0
-0.087,0,0
-0.0866,0,0
-0.0862,0,0
-0.0858,0,0
-0.0854,0,0
-0.085,0,0
-0.0846,0,0
-0.0842,0,0
-0.0838,0,0
-0.0834,0.00398116,0.00398838
-0.083,0,0
-0.0826,0,0
-0.0822,0,0
-0.0818,0,0
-0.0814,0,0
-0.081,0,0
-0.0806,0,0
-0.0802,0,0
-0.0798,0,0
-0.0794,0,0
-0.079,0,0
-0.0786,0.00399316,0.00400038
-0.0782,0,0
-0.0778,0.00398389,0.00399107
-0.0774,0,0
-0.077,0,0
-0.0766,0.00420934,0.00421735
-0.0762,0,0
-0.0758,0,0
-0.0754,0,0
-0.075,0,0
-0.0746,0.00850904,0.00603069
-0.0742,0.00423033,0.00423841
-0.0738,0.00441964,0.00442845
-0.0734,0,0
-0.073,0,0
-0.0726,0.00414856,0.00415631
-0.0722,0,0
-0.0718,0,0
-0.0714,0,0
-0.071,0,0
-0.0706,0,0
-0.0702,0.00423794,0.00424602
-0.0698,0,0
-0.0694,0,0
-0.069,0,0
-0.0686,0.00842056,0.00596551
-0.0682,0,0
-0.0678,0.00811521,0.00574879
-0.0674,0,0
-0.067,0,0
-0.0666,0,0
-0.0662,0,0
-0.0658,0.00441962,0.00442839
-0.0654,0.00484168,0.0048522
-0.065,0.00456255,0.00457189
-0.0646,0.00430704,0.00431536
-0.0642,0.00868019,0.00614978
-0.0638,0,0
-0.0634,0.00421554,0.00422351
-0.063,0,0
-0.0626,0,0
-0.0622,0,0
-0.0618,0,0
-0.0614,0.000136738,0.000749547
-0.061,0,0
-0.0606,0,0
-0.0602,0.00454425,0.0045535
-0.0598,0.00392741,0.00393432
-0.0594,0.00405484,0.0040622
-0.059,0.00854497,0.00605377
-0.0586,0.00427779,0.00428598
-0.0582,0,0
-0.0578,0,0
-0.0574,0.00415044,0.00415815
-0.057,0,0
-0.0566,0,0
-0.0562,0,0
-0.0558,0.00409636,0.00410388
-0.0554,0,0
-0.055,0.00434151,0.00434995
-0.0546,0,0
-0.0542,0,0
-0.0538,0.00425915,0.00426727
-0.0534,0.00398641,0.00399352
-0.053,0.00409946,0.00396839
-0.0526,0,0
-0.0522,0,0
-0.0518,0,0
-0.0514,0.00753409,0.00540234
-0.051,0,0
-0.0506,0.0041988,0.00420669
-0.0502,0,0
-0.0498,0,0
-0.0494,0,0
-0.049,0,0
-0.0486,0,0
-0.0482,0,0
-0.0478,0,0
-0.0474,0.000841402,0.00191206
-0.047,0.00406277,0.00407015
-0.0466,0,0
-0.0462,0.00422772,0.00423572
-0.0458,0,0
-0.0454,0,0
-0.045,0.00406285,0.00407023
-0.0446,0.00406309,0.00407048
-0.0442,0.00389221,0.00389899
-0.0438,0,0
-0.0434,0.0038513,0.00385794
-0.043,0,0
-0.0426,0,0
-0.0422,0.00437712,0.00438568
-0.0418,0,0
-0.0414,0,0
-0.041,0,0
-0.0406,0.00412252,0.00413012
-0.0402,0.00816108,0.00578156
-0.0398,0,0
-0.0394,0,0
-0.039,0.00426002,0.00426813
-0.0386,0,0
-0.0382,0.00657875,0.00518534
-0.0378,0,0
-0.0374,0.0112681,0.00703512
-0.037,0,0
-0.0366,0,0
-0.0362,0,0
-0.0358,0.00411929,0.00412686
-0.0354,0,0
-0.035,0.00409117,0.00409864
-0.0346,0.00427633,0.00428449
-0.0342,0.00424159,0.00424962
-0.0338,0.00191314,0.00277487
-0.0334,0.0130626,0.00743052
-0.033,0.00815803,0.00578295
-0.0326,0,0
-0.0322,0.00398882,0.00399592
-0.0318,0,0
-0.0314,0,0
-0.031,0,0
-0.0306,0,0
-0.0302,0.00391851,0.00392535
-0.0298,0,0
-0.0294,0.00434734,0.00435576
-0.029,0.00641434,0.00520612
-0.0286,0,0
-0.0282,0,0
-0.0278,0.00396412,0.00397112
-0.0274,0,0
-0.027,0.0108659,0.00690192
-0.0266,0,0
-0.0262,0.00256875,0.00339624
-0.0258,0.00427228,0.00428041
-0.0254,0.00840232,0.00595246
-0.025,0,0
-0.0246,0.00381069,0.00381716
-0.0242,0,0
-0.0238,0,0
-0.0234,0.00408088,0.00408829
-0.023,0.0044302,0.00443893
-0.0226,0.00313232,0.00359365
-0.0222,0.00821397,0.00581877
-0.0218,0,0
-0.0214,0,0
-0.021,0.00396624,0.00397324
-0.0206,0.00417674,0.00418449
-0.0202,0.00821524,0.00582076
-0.0198,0,0
-0.0194,0.00435939,0.00436783
-0.019,0,0
-0.0186,0,0
-0.0182,0.00389595,0.00390269
-0.0178,0,0
-0.0174,0,0
-0.017,0.0100042,0.00652675
-0.0166,0.00393222,0.00393909
-0.0162,0,0
-0.0158,0.0102407,0.00661724
-0.0154,0,0
-0.015,0.0042946,0.00430279
-0.0146,0.00436866,0.00437713
-0.0142,0.00446333,0.00447217
-0.0138,0.016839,0.00843525
-0.0134,0,0
-0.013,0.0120656,0.0073738
-0.0126,0.00867006,0.00614245
-0.0122,0.00396329,0.00397025
-0.0118,0.00659055,0.00523624
-0.0114,0.00842208,0.00596642
-0.011,0,0
-0.0106,0.00390318,0.00390993
-0.0102,0.00512726,0.00451662
-0.0098,0.00777458,0.00550692
-0.0094,0.00420072,0.00420853
-0.009,0,0
-0.0086,0.0123134,0.00712214
-0.0082,0.0171658,0.0085992
-0.0078,0.00390353,0.00391027
-0.0074,0.000587392,0.00156765
-0.007,0.00649213,0.00501763
-0.0066,0.011584,0.00669948
-0.0062,0.0183212,0.00853345
-0.0058,0.0377669,0.0126288
-0.0054,0.0306365,0.011602
-0.005,0.0178454,0.00894031
-0.0046,0.0177154,0.00887512
-0.0042,0.0344421,0.0122116
-0.0038,0.0284185,0.0114544
-0.0034,0.0566621,0.0158891
-0.003,0.0746658,0.0176468
-0.0026,0.0643764,0.0156403
-0.0022,0.132575,0.0231708
-0.0018,0.1713,0.0273961
-0.0014,0.241358,0.0314351
-0.001,0.319822,0.0364593
-0.0006,0.39622,0.0421403
-0.0002,0.460036,0.0432156
0.0002,0.513108,0.0452035
0.0006,0.420197,0.0409144
0.001,0.322904,0.0360955
0.0014,0.294769,0.0346656
0.0018,0.226697,0.0319362
0.0022,0.151731,0.0256275
0.0026,0.107355,0.0214055
0.003,0.0917251,0.0198555
0.0034,0.0594656,0.015957
0.0038,0.0358237,0.0123648
0.0042,0.0152897,0.00765781
0.0046,0.0150867,0.00773466
0.005,0.0371306,0.0123528
0.0054,0.02394,0.00979065
0.0058,0.0183754,0.00880607
0.0062,0.0343479,0.0121692
0.0066,0.0227269,0.00983566
0.007,0.0143834,0.00752602
0.0074,0.00440027,0.00440874
0.0078,0.00427917,0.00428718
0.0082,0.0211002,0.00945991
0.0086,0.00781713,0.005537
0.009,0.00829232,0.0058742
0.0094,0.00828668,0.00587019
0.0098,0.00416871,0.0041763
0.0102,0,0
0.0106,0.00132115,0.00233045
0.011,0.00860328,0.00609488
0.0114,0,0
0.0118,0.00631591,0.00522884
0.0122,0.0116933,0.00713492
0.0126,0.00410321,0.00411056
0.013,0,0
0.0134,0.00761479,0.00546322
0.0138,0.00419049,0.00419815
0.0142,0.00807732,0.00572298
0.0146,0,0
0.015,0.00967225,0.00685374
0.0154,0,0
0.0158,0,0
0.0162,0.00365689,0.00366272
0.0166,0.00418864,0.00419628
0.017,0.00869123,0.00616127
0.0174,0,0
0.0178,0,0
0.0182,0,0
0.0186,0.00395215,0.00395895
0.019,0.00765336,0.00542084
0.0194,0.00380607,0.00381237
0.0198,0,0
0.0202,0.00429308,0.00430109
0.0206,0.0047768,0.00478671
0.021,0,0
0.0214,0.00248005,0.00319408
0.0218,0,0
0.0222,0,0
0.0226,0.00422013,0.00422787
0.023,0.00823225,0.005834
0.0234,0,0
0.0238,0,0
0.0242,0,0
0.0246,0.00397895,0.00398582
0.025,0.00424958,0.00425741
0.0254,0,0
0.0258,0.00740453,0.00524679
0.0262,0.00788464,0.00558757
0.0266,0.0100908,0.00661188
0.027,0,0
0.0274,0.00408631,0.00409355
0.0278,0.00414109,0.00414852
0.0282,0.0086098,0.00610044
0.0286,0,0
0.029,0,0
0.0294,0.00328294,0.0037287
0.0298,0,0
0.0302,0,0
0.0306,0.00416638,0.00417389
0.031,0,0
0.0314,0,0
0.0318,0.00470203,0.00471159
0.0322,0.00443317,0.00444166
0.0326,0,0
0.033,0,0
0.0334,0.00806223,0.00571079
0.0338,0.00399435,0.00400124
0.0342,0.00421905,0.00422674
0.0346,0.00421986,0.00422755
0.035,0,0
0.0354,0.0040389,0.00404594
0.0358,0.0087027,0.0061653
0.0362,0,0
0.0366,0,0
0.037,0.00366909,0.0036749
0.0374,0.00798956,0.00565921
0.0378,0.00467744,0.00468687
0.0382,0.0046709,0.0046803
0.0386,0.00445812,0.00446668
0.039,0.00436914,0.00437736
0.0394,0.008657,0.00613313
0.0398,0.00428795,0.00429586
0.0402,0,0
0.0406,0,0
0.041,0.00765394,0.00542108
0.0414,0.00414387,0.00415125
0.0418,0,0
0.0422,0,0
0.0426,0.00785693,0.00556508
0.043,0.00402575,0.00403272
0.0434,0,0
0.0438,0.00433963,0.00434772
0.0442,0,0
0.0446,0.0124009,0.00717985
0.045,0,0
0.0454,0,0
0.0458,0,0
0.0462,0,0
0.0466,0,0
0.047,0.00797484,0.00564872
0.0474,0.00398454,0.00399135
0.0478,0,0
0.0482,0.00421034,0.00421794
0.0486,0,0
0.049,0,0
0.0494,0,0
0.0498,0.0227243,0.0101825
0.0502,0.00418005,0.00418753
0.0506,0,0
0.051,0,0
0.0514,0,0
0.0518,0,0
0.0522,0.00424071,0.00424839
0.0526,0,0
0.053,0,0
0.0534,0.00415405,0.00416141
0.0538,0,0
0.0542,0,0
0.0546,0,0
0.055,0.00432909,0.00433707
0.0554,0,0
0.0558,0,0
0.0562,0.00442202,0.00443034
0.0566,0.00421077,0.00421831
0.057,0,0
0.0574,0,0
0.0578,0,0
0.0582,0,0
0.0586,0,0
0.059,0,0
0.0594,0,0
0.0598,0.00430786,0.00431573
0.0602,0.00429164,0.00429944
0.0606,0.00398094,0.00398765
0.061,0,0
0.0614,0.00392225,0.00392875
0.0618,0.00404361,0.00405053
0.0622,0.00445009,0.00445846
0.0626,0,0
0.063,0.00797192,0.00564649
0.0634,0,0
0.0638,0.00449422,0.00450274
0.0642,0.00426326,0.00427092
0.0646,0,0
0.065,0,0
0.0654,0.00461756,0.00462653
0.0658,0,0
0.0662,0.00423256,0.00424009
0.0666,0.00419043,0.0041978
0.067,0.008491,0.00601475
0.0674,0,0
0.0678,0.00336163,0.00388626
0.0682,0,0
0.0686,0.00421972,0.00422717
0.069,0.00416697,0.00417424
0.0694,0,0
0.0698,0,0
0.0702,0,0
0.0706,0,0
0.071,0,0
0.0714,0,0
0.0718,0,0
0.0722,0.00455754,0.00456619
0.0726,0.004434,0.00444218
0.073,0,0
0.0734,0,0
0.0738,0.00468534,0.00469446
0.0742,0,0
0.0746,0,0
0.075,0,0
0.0754,0,0
0.0758,0.00427088,0.00427844
0.0762,0.00464066,0.00464958
0.0766,0.00844411,0.00598183
0.077,0,0
0.0774,0,0
0.0778,0,0
0.0782,0,0
0.0786,0.00880215,0.00623538
0.079,0,0
0.0794,0.00430925,0.00431691
0.0798,0.00447994,0.00448822
0.0802,0.00448196,0.00449024
0.0806,0,0
0.081,0.00458437,0.00459302
0.0814,0,0
0.0818,0.00431649,0.00432415
0.0822,0,0
0.0826,0,0
0.083,0,0
0.0834,0,0
0.0838,0,0
0.0842,0,0
0.0846,0,0
0.085,0,0
0.0854,0,0
0.0858,0.00442814,0.00443617
0.0862,0,0
0.0866,0,0
0.087,0.00462592,0.00463468
0.0874,0,0
0.0878,0,0
0.0882,0,0
0.0886,0,0
0.089,0.00854899,0.0060556
0.0894,0.00442824,0.00443624
0.0898,0,0
0.0902,0,0
0.0906,0,0
0.091,0.00456748,0.00457597
0.0914,0.0040394,0.00404605
0.0918,0,0
0.0922,0.000488135,0.00156439
0.0926,0,0
0.093,0.00869,0.00616066
0.0934,0.00438089,0.00438869
0.0938,0.00469928,0.00470825
0.0942,0.00447674,0.00448487
0.0946,0,0
0.095,0,0
0.0954,0.00488511,0.00489478
0.0958,0.00433124,0.00433885
0.0962,0.00928814,0.00659496
0.0966,0,0
0.097,0,0
0.0974,0,0
0.0978,0,0
0.0982,0,0
0.0986,0,0
0.099,0,0
0.0994,0,0
0.0998,0,0
0.1002,0,0
0.1006,0,0
0.101,0.00161893,0.00293261
0.1014,0,0
0.1018,0,0
0.1022,0,0
0.1026,0,0
0.103,0,0
0.1034,0,0
0.1038,0,0
0.1042,0,0
0.1046,0,0
0.105,0,0
0.1054,0,0
0.1058,0,0
0.1062,0,0
0.1066,0.00543943,0.00545135
0.107,0,0
0.1074,0,0
0.1078,0,0
0.1082,0,0
0.1086,0,0
0.109,0,0
0.1094,0.00365358,0.00484245
0.1098,0.00638542,0.00640184
0.1102,0,0
0.1106,0,0
0.111,0.00581561,0.00582923
0.1114,0,0
0.1118,0,0
0.1122,0,0
0.1126,0,0
0.113,0,0
0.1134,0,0
0.1138,0,0
0.1142,0,0
0.1146,0,0
0.115,0,0
0.1154,0,0
0.1158,0,0
0.1162,0,0
0.1166,0,0
0.117,0,0
0.1174,0,0
0.1178,0,0
0.1182,0,0
0.1186,0.00827825,0.00830585
0.119,0,0
0.1194,0,0
0.1198,0.00764207,0.0076656
9
-0.1198,0,0
-0.1194,0,0
-0.119,0,0
-0.1186,0,0
-0.1182,0,0
-0.1178,0,0
-0.1174,0,0
-0.117,0,0
-0.1166,0,0
-0.1162,0,0
-0.1158,0,0
-0.1154,0,0
-0.115,0,0
-0.1146,0,0
-0.1142,0,0
-0.1138,0,0
-0.1134,0.00362882,0.00363533
-0.113,0.00547826,0.00462994
-0.1126,0,0
-0.1122,0,0
-0.1118,0,0
-0.1114,0,0
-0.111,0,0
-0.1106,0,0
-0.1102,0,0
-0.1098,0,0
-0.1094,0,0
-0.109,0,0
-0.1086,0,0
-0.1082,0,0
-0.1078,0.0037363,0.00374326
-0.1074,0,0
-0.107,0,0
-0.1066,0,0
-0.1062,0.00200774,0.00277017
-0.1058,0,0
-0.1054,0,0
-0.105,0,0
-0.1046,0,0
-0.1042,0,0
-0.1038,0,0
-0.1034,0,0
-0.103,0,0
-0.1026,0,0
-0.1022,0,0
-0.1018,0,0
-0.1014,0.00308078,0.00341965
-0.101,0.00758077,0.00537069
-0.1006,0,0
-0.1002,0.00698629,0.00494878
-0.0998,0,0
-0.0994,0,0
-0.099,0,0
-0.0986,0,0
-0.0982,0.00363916,0.00364587
-0.0978,0,0
-0.0974,0,0
-0.097,0,0
-0.0966,0,0
-0.0962,0,0
-0.0958,0,0
-0.0954,0,0
-0.095,0.00385969,0.0037574
-0.0946,0.00369736,0.00370433
-0.0942,0,0
-0.0938,0.00368731,0.00369424
-0.0934,0.00364892,0.00365571
-0.093,0,0
-0.0926,0.00357014,0.00357665
-0.0922,0,0
-0.0918,0,0
-0.0914,0.00377287,0.00378015
-0.091,0,0
-0.0906,0,0
-0.0902,0,0
-0.0898,0,0
-0.0894,0,0
-0.089,0.00380552,0.00381295
-0.0886,0,0
-0.0882,0,0
-0.0878,0,0
-0.0874,0,0
-0.087,0,0
-0.0866,0.0037323,0.00373947
-0.0862,0,0
-0.0858,0,0
-0.0854,0,0
-0.085,0,0
-0.0846,0,0
-0.0842,0.00363021,0.00363701
-0.0838,0,0
-0.0834,0.00351416,0.00352053
-0.083,0.00366744,0.00367438
-0.0826,0,0
-0.0822,0,0
-0.0818,0.00360308,0.00360979
-0.0814,0,0
-0.081,0.00335215,0.00335797
-0.0806,0,0
-0.0802,0,0
-0.0798,0.00770675,0.00547294
-0.0794,0,0
-0.079,0,0
-0.0786,0,0
-0.0782,0.00344026,0.0034464
-0.0778,0,0
-0.0774,0.00352466,0.00353111
-0.077,0,0
-0.0766,0,0
-0.0762,0,0
-0.0758,0.00372655,0.00373377
-0.0754,0,0
-0.075,0,0
-0.0746,0.00717178,0.00508069
-0.0742,0,0
-0.0738,0.00366329,0.00367028
-0.0734,0,0
-0.073,0,0
-0.0726,0.00356659,0.00357322
-0.0722,0,0
-0.0718,0,0
-0.0714,0.0034619,0.00346816
-0.071,0.0035409,0.00354745
-0.0706,0,0
-0.0702,0,0
-0.0698,0,0
-0.0694,0,0
-0.069,0.00353045,0.00353697
-0.0686,0,0
-0.0682,0,0
-0.0678,0,0
-0.0674,0,0
-0.067,0,0
-0.0666,0.00675271,0.00478335
-0.0662,0.00365584,0.00366285
-0.0658,0.00335127,0.00335717
-0.0654,0,0
-0.065,0.00389855,0.00390653
-0.0646,0,0
-0.0642,0,0
-0.0638,0.00672306,0.0047626
-0.0634,0.0033961,0.00340217
-0.063,0.00359427,0.00360106
-0.0626,0,0
-0.0622,0,0
-0.0618,0,0
-0.0614,0.0069672,0.0049356
-0.061,0,0
-0.0606,0,0
-0.0602,0.0070687,0.00500764
-0.0598,0,0
-0.0594,0,0
-0.059,0.003871,0.00387891
-0.0586,0,0
-0.0582,0,0
-0.0578,0,0
-0.0574,0,0
-0.057,0.00393617,0.00394435
-0.0566,0,0
-0.0562,0.0036604,0.00366748
-0.0558,0,0
-0.0554,0,0
-0.055,0,0
-0.0546,0.0110356,0.00638449
-0.0542,0,0
-0.0538,0.00734948,0.00520805
-0.0534,0,0
-0.053,0.00331395,0.00331977
-0.0526,0.00349761,0.00350409
-0.0522,0.00354651,0.00355317
-0.0518,0.00325958,0.00326522
-0.0514,0.000157617,0.000717929
-0.051,0.00322279,0.0032283
-0.0506,0.00681578,0.00483201
-0.0502,0.0035421,0.00354875
-0.0498,0,0
-0.0494,0,0
-0.049,0.00728288,0.00515974
-0.0486,0,0
-0.0482,0,0
-0.0478,0.0072893,0.0051643
-0.0474,0.00315888,0.00316419
-0.047,0.0102561,0.00593215
-0.0466,0.00703878,0.00498773
-0.0462,0,0
-0.0458,0,0
-0.0454,0.00692432,0.00490527
-0.045,0.00358526,0.0035921
-0.0446,0.00326673,0.00327242
-0.0442,0,0
-0.0438,0.0032417,0.0032473
-0.0434,0.00666117,0.00472078
-0.043,0,0
-0.0426,0.00366479,0.00367196
-0.0422,0,0
-0.0418,0.00337936,0.00338546
-0.0414,0.00692862,0.00490989
-0.041,0,0
-0.0406,0.00344347,0.00344981
-0.0402,0.00343963,0.00344597
-0.0398,0,0
-0.0394,0,0
-0.039,0,0
-0.0386,0,0
-0.0382,0.00686308,0.0048622
-0.0378,0,0
-0.0374,0.00363945,0.00364656
-0.037,0.0065591,0.00464616
-0.0366,0.00339747,0.00340367
-0.0362,0.00314187,0.00314718
-0.0358,0.00683847,0.00484443
-0.0354,0,0
-0.035,0.00339231,0.0033985
-0.0346,0.00351476,0.00352141
-0.0342,0.0105374,0.00609531
-0.0338,0,0
-0.0334,0.003484,0.00349054
-0.033,0.00325056,0.00325626
-0.0326,0,0
-0.0322,0.00315095,0.00315631
-0.0318,0.00334986,0.00335592
-0.0314,0.00682232,0.00483476
-0.031,0.00990775,0.00573059
-0.0306,0,0
-0.0302,0,0
-0.0298,0,0
-0.0294,0.0072108,0.00510876
-0.029,0,0
-0.0286,0,0
-0.0282,0.00641737,0.00454567
-0.0278,0,0
-0.0274,0.00342672,0.00343309
-0.027,0,0
-0.0266,0,0
-0.0262,0,0
-0.0258,0,0
-0.0254,0,0
-0.025,0.00696792,0.0049369
-0.0246,0.00307043,0.00307557
-0.0242,0.00311223,0.00311751
-0.0238,0.00327141,0.00327724
-0.0234,0.00322088,0.00322653
-0.023,0.00361152,0.00361863
-0.0226,0.00682557,0.00483631
-0.0222,0.00334401,0.00335012
-0.0218,0.00328032,0.0032862
-0.0214,0.00353732,0.00354416
-0.021,0,0
-0.0206,0.00339215,0.00339845
-0.0202,0.0100662,0.00582339
-0.0198,0.00922257,0.00533896
-0.0194,0,0
-0.019,0,0
-0.0186,0,0
-0.0182,0.00327372,0.00327961
-0.0178,0,0
-0.0174,0.00327036,0.00327624
-0.017,0.00219486,0.00274521
-0.0166,0.00343135,0.00343783
-0.0162,0.00958155,0.00554171
-0.0158,0.00343351,0.00344
-0.0154,0.0107117,0.00619661
-0.015,0.00345692,0.0034635
-0.0146,0.0035139,0.00352071
-0.0142,0,0
-0.0138,0.00338098,0.00338729
-0.0134,0,0
-0.013,0.010892,0.00630124
-0.0126,0.00694768,0.00492219
-0.0122,0.0095208,0.0055065
-0.0118,0.00663275,0.00469868
-0.0114,0.00336602,0.0033723
-0.011,0.0067301,0.00476778
-0.0106,0.00311504,0.00312042
-0.0102,0.0125981,0.00631025
-0.0098,0.0131353,0.00658324
-0.0094,0.0067297,0.00476761
-0.009,0.0100407,0.00580851
-0.0086,0.00327165,0.0032776
-0.0082,0.0236853,0.00897047
-0.0078,0.0229671,0.0087022
-0.0074,0.0161022,0.00721777
-0.007,0.0137056,0.00661043
-0.0066,0.00916594,0.00530099
-0.0062,0.0134282,0.00643523
-0.0058,0.0167511,0.00750633
-0.0054,0.0172705,0.00773852
-0.005,0.0348542,0.011044
-0.0046,0.0207503,0.00848937
-0.0042,0.0102547,0.0059383
-0.0038,0.0144654,0.00724785
-0.0034,0.0251994,0.00940666
-0.003,0.0421872,0.0117312
-0.0026,0.0327356,0.00988701
-0.0022,0.0669851,0.0146819
-0.0018,0.0772335,0.0162172
-0.0014,0.147201,0.0217307
-0.001,0.272185,0.0297624
-0.0006,0.295243,0.0321645
-0.0002,0.253145,0.028339
0.0002,0.246294,0.0278179
0.0006,0.279284,0.0294754
0.001,0.171392,0.0232432
0.0014,0.120884,0.0195589
0.0018,0.0964807,0.0184026
0.0022,0.0963335,0.0179843
0.0026,0.0615211,0.0143256
0.003,0.0232559,0.00880691
0.0034,0.0623602,0.0144212
0.0038,0.0408151,0.0114102
0.0042,0.0267774,0.00894103
0.0046,0.0123712,0.00619644
0.005,0.00928077,0.00543325
0.0054,0.0125386,0.00628206
0.0058,0.0313766,0.0101299
0.0062,0.0265972,0.00942317
0.0066,0.0247241,0.00896441
0.007,0.0157096,0.00677262
0.0074,0.0305166,0.0101922
0.0078,0.0264452,0.00936739
0.0082,0.0196914,0.00805934
0.0086,0.00301591,0.00302106
0.009,0.00959187,0.00554792
0.0094,0.0127887,0.00640601
0.0098,0.00647923,0.00459012
0.0102,0.00968683,0.00560374
0.0106,0.00937802,0.00542439
0.011,0.00307388,0.00307924
0.0114,0.00644559,0.00456762
0.0118,0.00508581,0.00411202
0.0122,0.00102711,0.00186761
0.0126,0.00338181,0.00338831
0.013,0.00318452,0.00319029
0.0134,0,0
0.0138,0.00641982,0.0045478
0.0142,0.00631935,0.00447651
0.0146,0.00302328,0.00302849
0.015,0.00369847,0.00370626
0.0154,0.00694853,0.0049333
0.0158,0.00917221,0.00531478
0.0162,0.0032243,0.00323023
0.0166,0.00319647,0.0032023
0.017,0,0
0.0174,0.00677219,0.00479838
0.0178,0.00310146,0.00310695
0.0182,0.00310845,0.00311397
0.0186,0,0
0.019,0,0
0.0194,0,0
0.0198,0,0
0.0202,0.0130464,0.00653539
0.0206,0.00690492,0.00489217
0.021,0,0
0.0214,0.00310948,0.00311502
0.0218,0,0
0.0222,0.00315524,0.00316094
0.0226,0.00960142,0.00555358
0.023,0.00944009,0.00546214
0.0234,0.00602556,0.00426812
0.0238,0.00300035,0.00300552
0.0242,0.00346693,0.00347383
0.0246,0,0
0.025,0.0066942,0.00474662
0.0254,0,0
0.0258,0.00288141,0.00288618
0.0262,0.00613389,0.00434496
0.0266,0.00215458,0.00265289
0.027,0.00295387,0.00295888
0.0274,0.00311882,0.00312441
0.0278,0.0064182,0.00454858
0.0282,0.00318073,0.00318655
0.0286,0.00317992,0.00318574
0.029,0,0
0.0294,0.00317151,0.0031773
0.0298,0.00317073,0.00317652
0.0302,0.0088125,0.00509652
0.0306,0,0
0.031,0,0
0.0314,0.0102575,0.00593762
0.0318,0,0
0.0322,0,0
0.0326,0,0
0.033,0.00345602,0.00346291
0.0334,0.00301704,0.00302229
0.0338,0.00608901,0.00431389
0.0342,0.00315497,0.00316072
0.0346,0.00319432,0.00320021
0.035,0,0
0.0354,0.00603292,0.00427336
0.0358,0,0
0.0362,0,0
0.0366,0,0
0.037,0.0087735,0.00509517
0.0374,0,0
0.0378,0,0
0.0382,0.003479,0.003486
0.0386,0.00663835,0.00470304
0.039,0.00306014,0.00306556
0.0394,0.00650211,0.00460634
0.0398,0.0031887,0.00319459
0.0402,0.00306252,0.00306795
0.0406,0,0
0.041,0,0
0.0414,0,0
0.0418,0.00308724,0.00309276
0.0422,0,0
0.0426,0.00600474,0.00425526
0.043,0,0
0.0434,0.00956234,0.00553147
0.0438,0.00321498,0.00322097
0.0442,0,0
0.0446,0,0
0.045,0.00606653,0.00429724
0.0454,0,0
0.0458,0,0
0.0462,0.00294705,0.00295209
0.0466,0.00945311,0.00546781
0.047,0.00589065,0.00417245
0.0474,0.00294214,0.00294717
0.0478,0,0
0.0482,0.0126016,0.00631237
0.0486,0,0
0.049,0.00316577,0.00317159
0.0494,0.00874345,0.00506639
0.0498,0,0
0.0502,0.00307583,0.00308133
0.0506,0,0
0.051,0.00600053,0.00425043
0.0514,0.00316655,0.00317238
0.0518,0,0
0.0522,0,0
0.0526,0,0
0.053,0,0
0.0534,0.00621671,0.00440488
0.0538,0,0
0.0542,0.00650159,0.00460884
0.0546,0,0
0.055,0.00632154,0.00447826
0.0554,0.00586382,0.00415345
0.0558,0.002931,0.00293602
0.0562,0,0
0.0566,0.00306189,0.00306736
0.057,0.00306091,0.00306639
0.0574,0.00311822,0.00312391
0.0578,0,0
0.0582,0,0
0.0586,0,0
0.059,0,0
0.0594,0.00297299,0.00297817
0.0598,0,0
0.0602,0.00310182,0.00310746
0.0606,0.0028886,0.0028935
0.061,0,0
0.0614,0.00291343,0.00291841
0.0618,0,0
0.0622,0.00320231,0.00320833
0.0626,0.00286419,0.002869
0.063,0.00307684,0.00308241
0.0634,0.00620896,0.00439861
0.0638,0,0
0.0642,0.00305402,0.0030595
0.0646,0.00320665,0.00321269
0.065,0.00645392,0.00457228
0.0654,0.00329862,0.00330502
0.0658,0.00586199,0.00415319
0.0662,0.00301766,0.00302303
0.0666,0,0
0.067,0.00604187,0.00427986
0.0674,0,0
0.0678,0.00396982,0.00355886
0.0682,0.0063306,0.00448478
0.0686,0,0
0.069,0,0
0.0694,0,0
0.0698,0.00301396,0.00301933
0.0702,0.0061368,0.00434725
0.0706,0.00310797,0.00311368
0.071,0.00610124,0.00432202
0.0714,0.00316418,0.00317011
0.0718,0,0
0.0722,0.00323465,0.00324085
0.0726,0.00622365,0.00440891
0.073,0.0031106,0.00311634
0.0734,0,0
0.0738,0.00327914,0.00328552
0.0742,0,0
0.0746,0.00296549,0.00297071
0.075,0,0
0.0754,0,0
0.0758,0.00317657,0.00318257
0.0762,0,0
0.0766,0,0
0.077,0.00300803,0.00301342
0.0774,0,0
0.0778,0.0031193,0.0031251
0.0782,0.00568298,0.00402529
0.0786,0,0
0.079,0.00297836,0.00298366
0.0794,0.00297693,0.00298222
0.0798,0.00278411,0.00278874
0.0802,0,0
0.0806,0.00305095,0.00305652
0.081,0,0
0.0814,0,0
0.0818,0,0
0.0822,0.00294663,0.00295183
0.0826,0,0
0.083,0.00298798,0.00299334
0.0834,0.00610595,0.00432547
0.0838,0,0
0.0842,0,0
0.0846,0,0
0.085,0.00578685,0.00409904
0.0854,0,0
0.0858,0,0
0.0862,0.00558459,0.00395554
0.0866,0.00869395,0.00503721
0.087,0,0
0.0874,0.00603665,0.00427632
0.0878,0.00303473,0.00304028
0.0882,0,0
0.0886,0.00307168,0.00307737
0.089,0,0
0.0894,0,0
0.0898,0,0
0.0902,0.00296898,0.00297431
0.0906,0.00338635,0.00339328
0.091,0.00307762,0.00308334
0.0914,0,0
0.0918,0,0
0.0922,0.00302931,0.00319567
0.0926,0.00303833,0.00304391
0.093,0,0
0.0934,0,0
0.0938,0.00315155,0.00315756
0.0942,0,0
0.0946,0.00300007,0.00300552
0.095,0.00299984,0.00300529
0.0954,0.00298626,0.00299166
0.0958,0.00289675,0.00290183
0.0962,0,0
0.0966,0,0
0.097,0.00312321,0.00312912
0.0974,0,0
0.0978,0.00915214,0.00529399
0.0982,0.00627564,0.00444704
0.0986,0.00320573,0.00321196
0.099,0.00335775,0.00336458
0.0994,0.00335793,0.00336476
0.0998,0,0
0.1002,0.00662851,0.00469648
0.1006,0.00337419,0.00338109
0.101,0.00352329,0.00353082
0.1014,0.00341527,0.00342234
0.1018,0.00323432,0.00324066
0.1022,0.00323422,0.00324056
0.1026,0,0
0.103,0,0
0.1034,0.00391716,0.00363438
0.1038,0.00361731,0.00362524
0.1042,0,0
0.1046,0.00708701,0.00502204
0.105,0.00338054,0.00338747
0.1054,0.0141184,0.00707648
0.1058,0.00740421,0.00525024
0.1062,0,0
0.1066,0,0
0.107,0.00372004,0.00372844
0.1074,0.0118756,0.00687283
0.1078,0.00363699,0.00364501
0.1082,0.00425741,0.0042684
0.1086,0.00425703,0.00426802
0.109,0.00405008,0.00406003
0.1094,0,0
0.1098,0.00423637,0.00424726
0.1102,0,0
0.1106,0.00437461,0.00438623
0.111,0,0
0.1114,0,0
0.1118,0,0
0.1122,0.00413691,0.0041473
0.1126,0.00397514,0.00398474
0.113,0,0
0.1134,0,0
0.1138,0,0
0.1142,0.00419702,0.00420772
0.1146,0,0
0.115,0,0
0.1154,0,0
0.1158,0,0
0.1162,0,0
0.1166,0.00438773,0.00439943
0.117,0,0
0.1174,0.00486101,0.00487537
0.1178,0,0
0.1182,0,0
0.1186,0,0
0.119,0,0
0.1194,0.00953623,0.00676284
0.1198,0.0050646,0.00508019
