# X , Y , E Distribution=true
1
-0.1198,0,0
-0.1194,0,0
-0.119,0,0
-0.1186,0,0
-0.1182,0,0
-0.1178,0,0
-0.1174,0,0
-0.117,0,0
-0.1166,0,0
-0.1162,0,0
-0.1158,0,0
-0.1154,0,0
-0.115,0,0
-0.1146,0,0
-0.1142,0,0
-0.1138,0,0
-0.1134,0,0
-0.113,0.0128018,0.0128263
-0.1126,0,0
-0.1122,0,0
-0.1118,0,0
-0.1114,0,0
-0.111,0,0
-0.1106,0,0
-0.1102,0,0
-0.1098,0.0125822,0.0126059
-0.1094,0,0
-0.109,0,0
-0.1086,0,0
-0.1082,0,0
-0.1078,0,0
-0.1074,0,0
-0.107,0,0
-0.1066,0,0
-0.1062,0,0
-0.1058,0,0
-0.1054,0,0
-0.105,0,0
-0.1046,0,0
-0.1042,0,0
-0.1038,0,0
-0.1034,0,0
-0.103,0,0
-0.1026,0,0
-0.1022,0,0
-0.1018,0,0
-0.1014,0,0
-0.101,0,0
-0.1006,0.0126979,0.0127219
-0.1002,0,0
-0.0998,0,0
-0.0994,0,0
-0.099,0,0
-0.0986,0,0
-0.0982,0,0
-0.0978,0,0
-0.0974,0,0
-0.097,0,0
-0.0966,0,0
-0.0962,0,0
-0.0958,0,0
-0.0954,0,0
-0.095,0,0
-0.0946,0,0
-0.0942,0,0
-0.0938,0,0
-0.0934,0,0
-0.093,0,0
-0.0926,0,0
-0.0922,0,0
-0.0918,0,0
-0.0914,0,0
-0.091,0,0
-0.0906,0,0
-0.0902,0,0
-0.0898,0,0
-0.0894,0,0
-0.089,0,0
-0.0886,0,0
-0.0882,0,0
-0.0878,0,0
-0.0874,0.0132116,0.0132374
-0.087,0,0
-0.0866,0,0
-0.0862,0,0
-0.0858,0,0
-0.0854,0,0
-0.085,0,0
-0.0846,0,0
-0.0842,0,0
-0.0838,0,0
-0.0834,0,0
-0.083,0,0
-0.0826,0,0
-0.0822,0,0
-0.0818,0,0
-0.0814,0,0
-0.081,0,0
-0.0806,0,0
-0.0802,0,0
-0.0798,0,0
-0.0794,0,0
-0.079,0,0
-0.0786,0,0
-0.0782,0,0
-0.0778,0,0
-0.0774,0,0
-0.077,0,0
-0.0766,0,0
-0.0762,0,0
-0.0758,0.0125512,0.0125744
-0.0754,0,0
-0.075,0,0
-0.0746,0,0
-0.0742,0,0
-0.0738,0,0
-0.0734,0,0
-0.073,0,0
-0.0726,0,0
-0.0722,0,0
-0.0718,0,0
-0.0714,0,0
-0.071,0,0
-0.0706,0,0
-0.0702,0,0
-0.0698,0,0
-0.0694,0,0
-0.069,0,0
-0.0686,0,0
-0.0682,0,0
-0.0678,0,0
-0.0674,0.00615995,0.00907389
-0.067,0,0
-0.0666,0,0
-0.0662,0,0
-0.0658,0,0
-0.0654,0,0
-0.065,0,0
-0.0646,0,0
-0.0642,0,0
-0.0638,0,0
-0.0634,0,0
-0.063,0,0
-0.0626,0,0
-0.0622,0,0
-0.0618,0.0130723,0.0130973
-0.0614,0,0
-0.061,0,0
-0.0606,0,0
-0.0602,0,0
-0.0598,0,0
-0.0594,0,0
-0.059,0,0
-0.0586,0,0
-0.0582,0,0
-0.0578,0,0
-0.0574,0,0
-0.057,0,0
-0.0566,0,0
-0.0562,0,0
-0.0558,0,0
-0.0554,0,0
-0.055,0,0
-0.0546,0,0
-0.0542,0,0
-0.0538,0,0
-0.0534,0,0
-0.053,0,0
-0.0526,0,0
-0.0522,0,0
-0.0518,0,0
-0.0514,0,0
-0.051,0,0
-0.0506,0.0122791,0.012301
-0.0502,0,0
-0.0498,0,0
-0.0494,0.0132097,0.013235
-0.049,0,0
-0.0486,0,0
-0.0482,0,0
-0.0478,0,0
-0.0474,0,0
-0.047,0,0
-0.0466,0,0
-0.0462,0,0
-0.0458,0,0
-0.0454,0,0
-0.045,0,0
-0.0446,0,0
-0.0442,0,0
-0.0438,0,0
-0.0434,0,0
-0.043,0,0
-0.0426,0,0
-0.0422,0,0
-0.0418,0,0
-0.0414,0,0
-0.041,0,0
-0.0406,0,0
-0.0402,0,0
-0.0398,0,0
-0.0394,0,0
-0.039,0,0
-0.0386,0,0
-0.0382,0,0
-0.0378,0,0
-0.0374,0,0
-0.037,0,0
-0.0366,0,0
-0.0362,0,0
-0.0358,0,0
-0.0354,0,0
-0.035,0,0
-0.0346,0,0
-0.0342,0,0
-0.0338,0,0
-0.0334,0,0
-0.033,0,0
-0.0326,0,0
-0.0322,0,0
-0.0318,0,0
-0.0314,0,0
-0.031,0,0
-0.0306,0.0127961,0.0128197
-0.0302,0,0
-0.0298,0,0
-0.0294,0,0
-0.029,0,0
-0.0286,0,0
-0.0282,0,0
-0.0278,0,0
-0.0274,0,0
-0.027,0,0
-0.0266,0,0
-0.0262,0,0
-0.0258,0,0
-0.0254,0,0
-0.025,0,0
-0.0246,0.0123042,0.012326
-0.0242,0,0
-0.0238,0,0
-0.0234,0,0
-0.023,0,0
-0.0226,0.0246499,0.017461
-0.0222,0,0
-0.0218,0,0
-0.0214,0,0
-0.021,0,0
-0.0206,0,0
-0.0202,0,0
-0.0198,0.00856644,0.011086
-0.0194,0,0
-0.019,0,0
-0.0186,0,0
-0.0182,0.0119102,0.0119305
-0.0178,0.0119124,0.0119328
-0.0174,0,0
-0.017,0,0
-0.0166,0,0
-0.0162,0,0
-0.0158,0,0
-0.0154,0,0
-0.015,0,0
-0.0146,0,0
-0.0142,0,0
-0.0138,0,0
-0.0134,0.0139701,0.013998
-0.013,0,0
-0.0126,0,0
-0.0122,0,0
-0.0118,0,0
-0.0114,0.00869608,0.0108338
-0.011,0,0
-0.0106,0.00438744,0.00751206
-0.0102,0,0
-0.0098,0,0
-0.0094,0.0118646,0.0118847
-0.009,0.0136661,0.0136928
-0.0086,0,0
-0.0082,0.00775383,0.0102534
-0.0078,0,0
-0.0074,0,0
-0.007,0.0140412,0.0140692
-0.0066,0.0134408,0.0134665
-0.0062,0.0122788,0.0122307
-0.0058,0.0127823,0.0128056
-0.0054,0.0129058,0.0129295
-0.005,0,0
-0.0046,0.0272494,0.0193057
-0.0042,0.0220934,0.0166267
-0.0038,0.0635353,0.0286451
-0.0034,0.105858,0.036219
-0.003,0.124111,0.0393231
-0.0026,0.298502,0.0609445
-0.0022,0.412044,0.0729337
-0.0018,0.618361,0.0899095
-0.0014,1.44801,0.139418
-0.001,2.12239,0.169544
-0.0006,2.36375,0.174981
-0.0002,2.61486,0.18859
0.0002,2.16383,0.170086
0.0006,1.49434,0.140761
0.001,0.901646,0.108083
0.0014,0.701608,0.0945837
0.0018,0.298014,0.0615456
0.0022,0.0951863,0.0358767
0.0026,0.0201538,0.0161417
0.003,0.00435705,0.00755628
0.0034,0.0130534,0.0130776
0.0038,0.0119837,0.012004
0.0042,0,0
0.0046,0.0269581,0.0190987
0.005,0,0
0.0054,0.0262556,0.0186066
0.0058,0,0
0.0062,0.0135581,0.0139266
0.0066,0,0
0.007,0,0
0.0074,0,0
0.0078,0.0130752,0.0130993
0.0082,0,0
0.0086,0,0
0.009,0,0
0.0094,0.0137806,0.0138074
0.0098,0,0
0.0102,0.000695677,0.00289915
0.0106,0,0
0.011,0.0121044,0.0121251
0.0114,0,0
0.0118,0.012989,0.0130128
0.0122,0,0
0.0126,0,0
0.013,0,0
0.0134,0,0
0.0138,0,0
0.0142,0,0
0.0146,0.0130124,0.0130362
0.015,0,0
0.0154,0,0
0.0158,0,0
0.0162,0,0
0.0166,0,0
0.017,0,0
0.0174,0,0
0.0178,0.0129875,0.0130112
0.0182,0,0
0.0186,0,0
0.019,0,0
0.0194,0.0120383,0.0120587
0.0198,0,0
0.0202,0,0
0.0206,0,0
0.021,0,0
0.0214,0,0
0.0218,0.01267,0.0126925
0.0222,0,0
0.0226,0,0
0.023,0,0
0.0234,0,0
0.0238,0,0
0.0242,0,0
0.0246,0,0
0.025,0,0
0.0254,0,0
0.0258,0,0
0.0262,0.0133893,0.0134144
0.0266,0,0
0.027,0,0
0.0274,0,0
0.0278,0,0
0.0282,0.0138979,0.0139249
0.0286,0,0
0.029,0,0
0.0294,0,0
0.0298,0,0
0.0302,0,0
0.0306,0,0
0.031,0,0
0.0314,0,0
0.0318,0,0
0.0322,0,0
0.0326,0,0
0.033,0,0
0.0334,0,0
0.0338,0,0
0.0342,0,0
0.0346,0,0
0.035,0,0
0.0354,0,0
0.0358,0,0
0.0362,0,0
0.0366,0,0
0.037,0,0
0.0374,0,0
0.0378,0,0
0.0382,0.0110467,0.0110637
0.0386,0,0
0.039,0,0
0.0394,0.0132197,0.013244
0.0398,0,0
0.0402,0.0130824,0.0131061
0.0406,0,0
0.041,0,0
0.0414,0,0
0.0418,0,0
0.0422,0,0
0.0426,0,0
0.043,0,0
0.0434,0.0134002,0.0134252
0.0438,0,0
0.0442,0,0
0.0446,0,0
0.045,0,0
0.0454,0,0
0.0458,0,0
0.0462,0,0
0.0466,0,0
0.047,0,0
0.0474,0,0
0.0478,0,0
0.0482,0,0
0.0486,0,0
0.049,0,0
0.0494,0,0
0.0498,0,0
0.0502,0.0128076,0.0128303
0.0506,0,0
0.051,0,0
0.0514,0,0
0.0518,0,0
0.0522,0,0
0.0526,0,0
0.053,0,0
0.0534,0,0
0.0538,0,0
0.0542,0,0
0.0546,0,0
0.055,0,0
0.0554,0,0
0.0558,0,0
0.0562,0,0
0.0566,0,0
0.057,0,0
0.0574,0,0
0.0578,0,0
0.0582,0,0
0.0586,0,0
0.059,0,0
0.0594,0,0
0.0598,0,0
0.0602,0,0
0.0606,0,0
0.061,0,0
0.0614,0,0
0.0618,0,0
0.0622,0,0
0.0626,0,0
0.063,0,0
0.0634,0,0
0.0638,0,0
0.0642,0,0
0.0646,0,0
0.065,0.0122862,0.0123069
0.0654,0,0
0.0658,0,0
0.0662,0,0
0.0666,0,0
0.067,0,0
0.0674,0,0
0.0678,0,0
0.0682,0,0
0.0686,0,0
0.069,0,0
0.0694,0,0
0.0698,0,0
0.0702,0,0
0.0706,0,0
0.071,0,0
0.0714,0.0127398,0.012762
0.0718,0,0
0.0722,0,0
0.0726,0,0
0.073,0,0
0.0734,0,0
0.0738,0,0
0.0742,0,0
0.0746,0,0
0.075,0,0
0.0754,0,0
0.0758,0,0
0.0762,0,0
0.0766,0,0
0.077,0,0
0.0774,0,0
0.0778,0,0
0.0782,0,0
0.0786,0,0
0.079,0,0
0.0794,0,0
0.0798,0,0
0.0802,0,0
0.0806,0,0
0.081,0,0
0.0814,0,0
0.0818,0,0
0.0822,0,0
0.0826,0,0
0.083,0,0
0.0834,0,0
0.0838,0,0
0.0842,0,0
0.0846,0,0
0.085,0,0
0.0854,0,0
0.0858,0,0
0.0862,0,0
0.0866,0,0
0.087,0,0
0.0874,0,0
0.0878,0,0
0.0882,0,0
0.0886,0,0
0.089,0,0
0.0894,0,0
0.0898,0,0
0.0902,0,0
0.0906,0,0
0.091,0,0
0.0914,0,0
0.0918,0,0
0.0922,0.012563,0.0125844
0.0926,0,0
0.093,0,0
0.0934,0,0
0.0938,0,0
0.0942,0,0
0.0946,0,0
0.095,0,0
0.0954,0,0
0.0958,0,0
0.0962,0,0
0.0966,0,0
0.097,0.0161052,0.0161402
0.0974,0,0
0.0978,0,0
0.0982,0.0134923,0.0135169
0.0986,0,0
0.099,0,0
0.0994,0,0
0.0998,0,0
0.1002,0,0
0.1006,0,0
0.101,0,0
0.1014,0,0
0.1018,0,0
0.1022,0,0
0.1026,0,0
0.103,0,0
0.1034,0,0
0.1038,0,0
0.1042,0,0
0.1046,0,0
0.105,0.0152627,0.0157266
0.1054,0,0
0.1058,0,0
0.1062,0,0
0.1066,0,0
0.107,0,0
0.1074,0,0
0.1078,0,0
0.1082,0,0
0.1086,0,0
0.109,0,0
0.1094,0,0
0.1098,0,0
0.1102,0,0
0.1106,0,0
0.111,0,0
0.1114,0,0
0.1118,0,0
0.1122,0,0
0.1126,0,0
0.113,0,0
0.1134,0.0171687,0.0172081
0.1138,0.0183958,0.018441
0.1142,0,0
0.1146,0,0
0.115,0,0
0.1154,0,0
0.1158,0,0
0.1162,0,0
0.1166,0,0
0.117,0,0
0.1174,0,0
0.1178,0,0
0.1182,0.0209002,0.0209584
0.1186,0.0169483,0.0189644
0.119,0,0
0.1194,0,0
0.1198,0,0
2
-0.1198,0,0
-0.1194,0,0
-0.119,0,0
-0.1186,0,0
-0.1182,0,0
-0.1178,0,0
-0.1174,0,0
-0.117,0,0
-0.1166,0,0
-0.1162,0,0
-0.1158,0.00578267,0.00579338
-0.1154,0,0
-0.115,0,0
-0.1146,0,0
-0.1142,0,0
-0.1138,0,0
-0.1134,0,0
-0.113,0,0
-0.1126,0,0
-0.1122,0,0
-0.1118,0,0
-0.1114,0,0
-0.111,0,0
-0.1106,0,0
-0.1102,0,0
-0.1098,0,0
-0.1094,0,0
-0.109,0,0
-0.1086,0,0
-0.1082,0,0
-0.1078,0.00584927,0.0058602
-0.1074,0,0
-0.107,0,0
-0.1066,0,0
-0.1062,0,0
-0.1058,0,0
-0.1054,0,0
-0.105,0,0
-0.1046,0,0
-0.1042,0,0
-0.1038,0,0
-0.1034,0,0
-0.103,0,0
-0.1026,0,0
-0.1022,0,0
-0.1018,0,0
-0.1014,0,0
-0.101,0,0
-0.1006,0,0
-0.1002,0,0
-0.0998,0,0
-0.0994,0,0
-0.099,0,0
-0.0986,0,0
-0.0982,0,0
-0.0978,0,0
-0.0974,0,0
-0.097,0,0
-0.0966,0,0
-0.0962,0,0
-0.0958,0,0
-0.0954,0,0
-0.095,0,0
-0.0946,0,0
-0.0942,0,0
-0.0938,0,0
-0.0934,0,0
-0.093,0,0
-0.0926,0.00593326,0.00594446
-0.0922,0,0
-0.0918,0,0
-0.0914,0,0
-0.091,0,0
-0.0906,0,0
-0.0902,0,0
-0.0898,0,0
-0.0894,0,0
-0.089,0,0
-0.0886,0.00603175,0.00604332
-0.0882,0,0
-0.0878,0,0
-0.0874,0,0
-0.087,0,0
-0.0866,0,0
-0.0862,0,0
-0.0858,0,0
-0.0854,0,0
-0.085,0,0
-0.0846,0,0
-0.0842,0,0
-0.0838,0,0
-0.0834,0,0
-0.083,0,0
-0.0826,0,0
-0.0822,0.00630202,0.00631463
-0.0818,0,0
-0.0814,0,0
-0.081,0,0
-0.0806,0,0
-0.0802,0,0
-0.0798,0,0
-0.0794,0,0
-0.079,0,0
-0.0786,0,0
-0.0782,0,0
-0.0778,0,0
-0.0774,0.00638877,0.00640172
-0.077,0,0
-0.0766,0,0
-0.0762,0,0
-0.0758,0,0
-0.0754,0,0
-0.075,0,0
-0.0746,0.00529021,0.00570892
-0.0742,0,0
-0.0738,0,0
-0.0734,0.00611859,0.00613045
-0.073,0,0
-0.0726,0,0
-0.0722,0.00642612,0.0064392
-0.0718,0,0
-0.0714,0,0
-0.071,0.00616812,0.00618017
-0.0706,0.00551627,0.00552591
-0.0702,0,0
-0.0698,0,0
-0.0694,0.00572245,0.00573282
-0.069,0,0
-0.0686,0,0
-0.0682,0,0
-0.0678,0,0
-0.0674,0.0033079,0.00452139
-0.067,0.00577719,0.00578776
-0.0666,0,0
-0.0662,0,0
-0.0658,0,0
-0.0654,0,0
-0.065,0,0
-0.0646,0,0
-0.0642,0.00575682,0.0057673
-0.0638,0,0
-0.0634,0,0
-0.063,0,0
-0.0626,0,0
-0.0622,0,0
-0.0618,0,0
-0.0614,0,0
-0.061,0,0
-0.0606,0,0
-0.0602,0.00595781,0.00596902
-0.0598,0,0
-0.0594,0.00587603,0.00588694
-0.059,0,0
-0.0586,0,0
-0.0582,0,0
-0.0578,0,0
-0.0574,0.00588317,0.0058941
-0.057,0.00557725,0.00558707
-0.0566,0,0
-0.0562,0.00590316,0.00591416
-0.0558,0,0
-0.0554,0,0
-0.055,0,0
-0.0546,0,0
-0.0542,0.00625418,0.00626652
-0.0538,0,0
-0.0534,0.00602045,0.00603189
-0.053,0,0
-0.0526,0.0060014,0.00601276
-0.0522,0,0
-0.0518,0,0
-0.0514,0,0
-0.051,0,0
-0.0506,0,0
-0.0502,0,0
-0.0498,0,0
-0.0494,0,0
-0.049,0,0
-0.0486,0,0
-0.0482,0,0
-0.0478,0.0038394,0.0048276
-0.0474,0,0
-0.047,0.00268025,0.0040328
-0.0466,0,0
-0.0462,0,0
-0.0458,0,0
-0.0454,0,0
-0.045,0,0
-0.0446,0,0
-0.0442,0,0
-0.0438,0,0
-0.0434,0,0
-0.043,0,0
-0.0426,0.00425055,0.00499829
-0.0422,0,0
-0.0418,0,0
-0.0414,0,0
-0.041,0,0
-0.0406,0,0
-0.0402,0,0
-0.0398,0,0
-0.0394,0,0
-0.039,0,0
-0.0386,0,0
-0.0382,0,0
-0.0378,0.00617963,0.00619163
-0.0374,0,0
-0.037,0,0
-0.0366,0,0
-0.0362,0,0
-0.0358,0,0
-0.0354,0,0
-0.035,0.00605154,0.00606304
-0.0346,0,0
-0.0342,0,0
-0.0338,0,0
-0.0334,0,0
-0.033,0,0
-0.0326,0,0
-0.0322,0,0
-0.0318,0,0
-0.0314,0,0
-0.031,0,0
-0.0306,0,0
-0.0302,0.00549967,0.00550916
-0.0298,0,0
-0.0294,0,0
-0.029,0,0
-0.0286,0,0
-0.0282,0,0
-0.0278,0,0
-0.0274,0,0
-0.027,0,0
-0.0266,0,0
-0.0262,0,0
-0.0258,0.00611978,0.00613152
-0.0254,0,0
-0.025,0,0
-0.0246,0.0112649,0.00797957
-0.0242,0.00586606,0.00587684
-0.0238,0,0
-0.0234,0,0
-0.023,0,0
-0.0226,0,0
-0.0222,0.00615056,0.00616241
-0.0218,0,0
-0.0214,0,0
-0.021,0.0119496,0.00846545
-0.0206,0,0
-0.0202,0,0
-0.0198,0.00261582,0.00414212
-0.0194,0,0
-0.019,0,0
-0.0186,0,0
-0.0182,0,0
-0.0178,0,0
-0.0174,0,0
-0.017,0,0
-0.0166,0,0
-0.0162,0,0
-0.0158,0,0
-0.0154,0,0
-0.015,0,0
-0.0146,0.00604162,0.00605304
-0.0142,0,0
-0.0138,0,0
-0.0134,0,0
-0.013,0,0
-0.0126,0,0
-0.0122,0,0
-0.0118,0,0
-0.0114,0.00216649,0.00365221
-0.011,0,0
-0.0106,0.00384354,0.00474823
-0.0102,0.0115531,0.00818402
-0.0098,0,0
-0.0094,0,0
-0.009,0,0
-0.0086,0.0115662,0.00819334
-0.0082,0.00840548,0.00705498
-0.0078,0.0127374,0.0090246
-0.0074,0.0063691,0.00638176
-0.007,0,0
-0.0066,0.00570532,0.00571548
-0.0062,0.0109979,0.00781237
-0.0058,0,0
-0.0054,0.00587722,0.005888
-0.005,0,0
-0.0046,0.0115766,0.00820224
-0.0042,0.0230196,0.0114638
-0.0038,0.0326561,0.01389
-0.0034,0.0203282,0.0110119
-0.003,0.0632205,0.018997
-0.0026,0.113566,0.0253818
-0.0022,0.134176,0.0281047
-0.0018,0.254224,0.0389888
-0.0014,0.599,0.0604296
-0.001,0.930711,0.0758007
-0.0006,1.35516,0.0892089
-0.0002,1.44744,0.0945815
0.0002,1.34403,0.0903298
0.0006,1.04692,0.0794366
0.001,0.772501,0.0672811
0.0014,0.373793,0.046533
0.0018,0.140883,0.0285079
0.0022,0.0788765,0.0218571
0.0026,0.0259357,0.0123383
0.003,0.030083,0.0139793
0.0034,0,0
0.0038,0.00593019,0.00594115
0.0042,0.00544368,0.00545291
0.0046,0.0119555,0.00847201
0.005,0.017949,0.0102245
0.0054,0.00580251,0.005813
0.0058,0,0
0.0062,0,0
0.0066,0,0
0.007,0,0
0.0074,0.0124023,0.00879898
0.0078,0,0
0.0082,0,0
0.0086,0,0
0.009,0,0
0.0094,0,0
0.0098,0.00585754,0.00586822
0.0102,0.00514246,0.00530677
0.0106,0,0
0.011,0.00548528,0.00549464
0.0114,0.00569997,0.00571007
0.0118,0.00588462,0.00589539
0.0122,0,0
0.0126,0,0
0.013,0,0
0.0134,0.0115105,0.00815374
0.0138,0,0
0.0142,0,0
0.0146,0,0
0.015,0,0
0.0154,0,0
0.0158,0.00327767,0.00435887
0.0162,0,0
0.0166,0,0
0.017,0.00585484,0.0058655
0.0174,0,0
0.0178,0,0
0.0182,0.00627564,0.00628787
0.0186,0,0
0.019,0,0
0.0194,0,0
0.0198,0,0
0.0202,0,0
0.0206,0,0
0.021,0,0
0.0214,0.00572071,0.00573087
0.0218,0,0
0.0222,0,0
0.0226,0,0
0.023,0,0
0.0234,0,0
0.0238,0,0
0.0242,0.00608318,0.00609466
0.0246,0,0
0.025,0,0
0.0254,0,0
0.0258,0,0
0.0262,0,0
0.0266,0,0
0.027,0.00648276,0.00649579
0.0274,0.00648327,0.0064963
0.0278,0,0
0.0282,0,0
0.0286,0.006053,0.00606435
0.029,0,0
0.0294,0,0
0.0298,0,0
0.0302,0.00590062,0.0059114
0.0306,0.0059193,0.00593016
0.031,0,0
0.0314,0,0
0.0318,0.00670926,0.00672319
0.0322,0,0
0.0326,0,0
0.033,0,0
0.0334,0.00562417,0.00563396
0.0338,0,0
0.0342,0,0
0.0346,0,0
0.035,0,0
0.0354,0,0
0.0358,0,0
0.0362,0,0
0.0366,0.00601501,0.0060262
0.037,0,0
0.0374,0,0
0.0378,0.00630003,0.00631231
0.0382,0.0052384,0.00524689
0.0386,0,0
0.039,0,0
0.0394,0,0
0.0398,0.00607161,0.00608301
0.0402,0,0
0.0406,0,0
0.041,0,0
0.0414,0.00529127,0.00529992
0.0418,0.011489,0.00813841
0.0422,0,0
0.0426,0,0
0.043,0.0054013,0.00541032
0.0434,0,0
0.0438,0.0051326,0.00514074
0.0442,0,0
0.0446,0,0
0.045,0,0
0.0454,0,0
0.0458,0,0
0.0462,0,0
0.0466,0,0
0.047,0,0
0.0474,0,0
0.0478,0,0
0.0482,0,0
0.0486,0,0
0.049,0.00555056,0.00556006
0.0494,0.00555126,0.00556077
0.0498,0,0
0.0502,0,0
0.0506,0,0
0.051,0,0
0.0514,0,0
0.0518,0,0
0.0522,0,0
0.0526,0,0
0.053,0.00591064,0.00592141
0.0534,0,0
0.0538,0,0
0.0542,0,0
0.0546,0,0
0.055,0,0
0.0554,0.005832,0.00584247
0.0558,0,0
0.0562,0.00553815,0.0055476
0.0566,0,0
0.057,0,0
0.0574,0.00592671,0.00593753
0.0578,0,0
0.0582,0,0
0.0586,0.0116133,0.00822652
0.059,0,0
0.0594,0,0
0.0598,0,0
0.0602,0.0116834,0.00827629
0.0606,0.00562379,0.00563352
0.061,0,0
0.0614,0,0
0.0618,0,0
0.0622,0,0
0.0626,0,0
0.063,0,0
0.0634,0,0
0.0638,0,0
0.0642,0,0
0.0646,0,0
0.065,0.00547952,0.00548875
0.0654,0,0
0.0658,0,0
0.0662,0,0
0.0666,0,0
0.067,0,0
0.0674,0,0
0.0678,0,0
0.0682,0,0
0.0686,0,0
0.069,0,0
0.0694,0,0
0.0698,0,0
0.0702,0,0
0.0706,0,0
0.071,0,0
0.0714,0,0
0.0718,0,0
0.0722,0,0
0.0726,0,0
0.073,0,0
0.0734,0,0
0.0738,0.00551249,0.00552181
0.0742,0,0
0.0746,0,0
0.075,0,0
0.0754,0,0
0.0758,0,0
0.0762,0.00558336,0.00559291
0.0766,0,0
0.077,0.00527159,0.00528011
0.0774,0.00527217,0.00528069
0.0778,0,0
0.0782,0,0
0.0786,0,0
0.079,0,0
0.0794,0,0
0.0798,0.00597405,0.00598498
0.0802,0,0
0.0806,0,0
0.081,0,0
0.0814,0,0
0.0818,0,0
0.0822,0,0
0.0826,0,0
0.083,0,0
0.0834,0,0
0.0838,0,0
0.0842,0,0
0.0846,0,0
0.085,0,0
0.0854,0,0
0.0858,0,0
0.0862,0,0
0.0866,0,0
0.087,0,0
0.0874,0,0
0.0878,0,0
0.0882,0,0
0.0886,0,0
0.089,0,0
0.0894,0,0
0.0898,0,0
0.0902,0,0
0.0906,0,0
0.091,0,0
0.0914,0,0
0.0918,0,0
0.0922,0,0
0.0926,0,0
0.093,0,0
0.0934,0,0
0.0938,0,0
0.0942,0,0
0.0946,0,0
0.095,0,0
0.0954,0,0
0.0958,0.00580756,0.00581785
0.0962,0,0
0.0966,0,0
0.097,0.0071162,0.00713164
0.0974,0,0
0.0978,0,0
0.0982,0,0
0.0986,0,0
0.099,0,0
0.0994,0,0
0.0998,0,0
0.1002,0,0
0.1006,0,0
0.101,0,0
0.1014,0,0
0.1018,0,0
0.1022,0,0
0.1026,0,0
0.103,0,0
0.1034,0,0
0.1038,0,0
0.1042,0,0
0.1046,0.00697293,0.00698773
0.105,0.000384419,0.00165725
0.1054,0,0
0.1058,0,0
0.1062,0,0
0.1066,0,0
0.107,0,0
0.1074,0,0
0.1078,0,0
0.1082,0,0
0.1086,0,0
0.109,0,0
0.1094,0,0
0.1098,0,0
0.1102,0,0
0.1106,0,0
0.111,0,0
0.1114,0.00844266,0.0084643
0.1118,0,0
0.1122,0,0
0.1126,0,0
0.113,0,0
0.1134,0,0
0.1138,0,0
0.1142,0,0
0.1146,0,0
0.115,0,0
0.1154,0,0
0.1158,0.00872565,0.00874873
0.1162,0,0
0.1166,0,0
0.117,0,0
0.1174,0,0
0.1178,0,0
0.1182,0,0
0.1186,0,0
0.119,0.0294344,0.0170453
0.1194,0,0
0.1198,0,0
3
-0.1198,0,0
-0.1194,0.0067467,0.00676069
-0.119,0,0
-0.1186,0,0
-0.1182,0,0
-0.1178,0,0
-0.1174,0,0
-0.117,0,0
-0.1166,0,0
-0.1162,0,0
-0.1158,0,0
-0.1154,0,0
-0.115,0,0
-0.1146,0,0
-0.1142,0,0
-0.1138,0,0
-0.1134,0,0
-0.113,0,0
-0.1126,0,0
-0.1122,0,0
-0.1118,0,0
-0.1114,0,0
-0.111,0,0
-0.1106,0,0
-0.1102,0,0
-0.1098,0,0
-0.1094,0,0
-0.109,0,0
-0.1086,0,0
-0.1082,0,0
-0.1078,0,0
-0.1074,0,0
-0.107,0,0
-0.1066,0,0
-0.1062,0,0
-0.1058,0,0
-0.1054,0,0
-0.105,0,0
-0.1046,0,0
-0.1042,0,0
-0.1038,0,0
-0.1034,0,0
-0.103,0,0
-0.1026,0,0
-0.1022,0,0
-0.1018,0.00614074,0.00615226
-0.1014,0,0
-0.101,0.00493193,0.00557826
-0.1006,0,0
-0.1002,0,0
-0.0998,0,0
-0.0994,0,0
-0.099,0,0
-0.0986,0,0
-0.0982,0,0
-0.0978,0,0
-0.0974,0,0
-0.097,0,0
-0.0966,0,0
-0.0962,0,0
-0.0958,0,0
-0.0954,0,0
-0.095,0,0
-0.0946,0,0
-0.0942,0,0
-0.0938,0,0
-0.0934,0,0
-0.093,0,0
-0.0926,0,0
-0.0922,0,0
-0.0918,0,0
-0.0914,0,0
-0.091,0,0
-0.0906,0,0
-0.0902,0,0
-0.0898,0,0
-0.0894,0,0
-0.089,0,0
-0.0886,0,0
-0.0882,0,0
-0.0878,0,0
-0.0874,0,0
-0.087,0,0
-0.0866,0.00664708,0.00666048
-0.0862,0,0
-0.0858,0,0
-0.0854,0,0
-0.085,0,0
-0.0846,0,0
-0.0842,0,0
-0.0838,0.0062027,0.00621436
-0.0834,0,0
-0.083,0,0
-0.0826,0,0
-0.0822,0,0
-0.0818,0,0
-0.0814,0,0
-0.081,0,0
-0.0806,0,0
-0.0802,0,0
-0.0798,0,0
-0.0794,0,0
-0.079,0,0
-0.0786,0,0
-0.0782,0,0
-0.0778,0,0
-0.0774,0,0
-0.077,0,0
-0.0766,0,0
-0.0762,0.00602783,0.0060388
-0.0758,0,0
-0.0754,0,0
-0.075,0,0
-0.0746,0.000889926,0.00240059
-0.0742,0.00629404,0.00630599
-0.0738,0.00613229,0.00614363
-0.0734,0,0
-0.073,0,0
-0.0726,0,0
-0.0722,0.00683807,0.00685216
-0.0718,0,0
-0.0714,0,0
-0.071,0,0
-0.0706,0,0
-0.0702,0,0
-0.0698,0,0
-0.0694,0,0
-0.069,0,0
-0.0686,0,0
-0.0682,0,0
-0.0678,0,0
-0.0674,0,0
-0.067,0,0
-0.0666,0.00651955,0.00653231
-0.0662,0,0
-0.0658,0,0
-0.0654,0,0
-0.065,0,0
-0.0646,0,0
-0.0642,0,0
-0.0638,0,0
-0.0634,0,0
-0.063,0,0
-0.0626,0,0
-0.0622,0,0
-0.0618,0,0
-0.0614,0,0
-0.061,0,0
-0.0606,0,0
-0.0602,0,0
-0.0598,0,0
-0.0594,0,0
-0.059,0,0
-0.0586,0,0
-0.0582,0,0
-0.0578,0,0
-0.0574,0,0
-0.057,0.00588939,0.00589977
-0.0566,0,0
-0.0562,0,0
-0.0558,0,0
-0.0554,0,0
-0.055,0,0
-0.0546,0,0
-0.0542,0,0
-0.0538,0,0
-0.0534,0,0
-0.053,0,0
-0.0526,0,0
-0.0522,0.00654679,0.00655958
-0.0518,0,0
-0.0514,0,0
-0.051,0,0
-0.0506,0,0
-0.0502,0,0
-0.0498,0,0
-0.0494,0,0
-0.049,0,0
-0.0486,0.00358255,0.00487428
-0.0482,0,0
-0.0478,0.00233694,0.00387506
-0.0474,0.00644016,0.00645251
-0.047,0.00356235,0.00478397
-0.0466,0.00639115,0.0064033
-0.0462,0,0
-0.0458,0,0
-0.0454,0,0
-0.045,0,0
-0.0446,0,0
-0.0442,0,0
-0.0438,0,0
-0.0434,0,0
-0.043,0,0
-0.0426,0.00170157,0.00325577
-0.0422,0,0
-0.0418,0,0
-0.0414,0,0
-0.041,0.0068998,0.00691393
-0.0406,0,0
-0.0402,0.00474077,0.00534794
-0.0398,0,0
-0.0394,0,0
-0.039,0,0
-0.0386,0,0
-0.0382,0,0
-0.0378,0,0
-0.0374,0,0
-0.037,0,0
-0.0366,0,0
-0.0362,0.00632894,0.00634081
-0.0358,0,0
-0.0354,0,0
-0.035,0,0
-0.0346,0,0
-0.0342,0,0
-0.0338,0,0
-0.0334,0,0
-0.033,0,0
-0.0326,0,0
-0.0322,0,0
-0.0318,0,0
-0.0314,0.00633887,0.00635075
-0.031,0,0
-0.0306,0,0
-0.0302,0,0
-0.0298,0,0
-0.0294,0,0
-0.029,0,0
-0.0286,0,0
-0.0282,0,0
-0.0278,0,0
-0.0274,0,0
-0.027,0,0
-0.0266,0,0
-0.0262,0,0
-0.0258,0,0
-0.0254,0,0
-0.025,0,0
-0.0246,0,0
-0.0242,0,0
-0.0238,0,0
-0.0234,0,0
-0.023,0,0
-0.0226,0,0
-0.0222,0,0
-0.0218,0,0
-0.0214,0,0
-0.021,0,0
-0.0206,0,0
-0.0202,0,0
-0.0198,0,0
-0.0194,0,0
-0.019,0,0
-0.0186,0.00328512,0.0047356
-0.0182,0,0
-0.0178,0,0
-0.0174,0,0
-0.017,0,0
-0.0166,0,0
-0.0162,0,0
-0.0158,0,0
-0.0154,0,0
-0.015,0,0
-0.0146,0.012887,0.00912974
-0.0142,0,0
-0.0138,0.00649145,0.0065038
-0.0134,0,0
-0.013,0.00573436,0.005744
-0.0126,0,0
-0.0122,0,0
-0.0118,0,0
-0.0114,0,0
-0.011,0.00642908,0.00644119
-0.0106,0.00082384,0.00227108
-0.0102,0.00616633,0.00617746
-0.0098,0.00608113,0.00609196
-0.0094,0.00577512,0.00578488
-0.009,0,0
-0.0086,0,0
-0.0082,0.00617613,0.00618729
-0.0078,0,0
-0.0074,0.00683251,0.00684616
-0.007,0.00654013,0.00655264
-0.0066,0,0
-0.0062,0,0
-0.0058,0,0
-0.0054,0.0125599,0.0088975
-0.005,0.0143842,0.00978342
-0.0046,0.00630593,0.00631754
-0.0042,0.0166826,0.0101104
-0.0038,0.0156017,0.0098649
-0.0034,0.026811,0.012733
-0.003,0.0469122,0.0169045
-0.0026,0.0668331,0.0201133
-0.0022,0.115603,0.0270472
-0.0018,0.269408,0.0416186
-0.0014,0.489663,0.0565742
-0.001,0.728088,0.0690552
-0.0006,0.973359,0.0782314
-0.0002,1.05458,0.0834865
0.0002,0.863214,0.0748393
0.0006,0.969125,0.0790657
0.001,0.708177,0.0666663
0.0014,0.321224,0.044621
0.0018,0.153215,0.0307233
0.0022,0.0502963,0.0179978
0.0026,0.0189123,0.0109397
0.003,0.0207628,0.0120322
0.0034,0.00666093,0.00667385
0.0038,0.007056,0.00670548
0.0042,0.00655266,0.00656515
0.0046,0,0
0.005,0.0119161,0.00864456
0.0054,0,0
0.0058,0.00665207,0.00666494
0.0062,0,0
0.0066,0,0
0.007,0,0
0.0074,0,0
0.0078,0,0
0.0082,0,0
0.0086,0.00627653,0.00628797
0.009,0,0
0.0094,0,0
0.0098,0,0
0.0102,0.00596694,0.00597727
0.0106,0,0
0.011,0,0
0.0114,0.00611199,0.00612283
0.0118,0.00631085,0.0063224
0.0122,0,0
0.0126,0,0
0.013,0,0
0.0134,0,0
0.0138,0,0
0.0142,0,0
0.0146,0,0
0.015,0,0
0.0154,0,0
0.0158,0.00268137,0.00408436
0.0162,0,0
0.0166,0,0
0.017,0,0
0.0174,0,0
0.0178,0,0
0.0182,0,0
0.0186,0,0
0.019,0,0
0.0194,0,0
0.0198,0,0
0.0202,0,0
0.0206,0,0
0.021,0,0
0.0214,0,0
0.0218,0,0
0.0222,0,0
0.0226,0,0
0.023,0,0
0.0234,0,0
0.0238,0,0
0.0242,0,0
0.0246,0,0
0.025,0,0
0.0254,0,0
0.0258,0,0
0.0262,0,0
0.0266,0,0
0.027,0,0
0.0274,0.0065606,0.00657301
0.0278,0.0129073,0.0091451
0.0282,0,0
0.0286,0,0
0.029,0,0
0.0294,0,0
0.0298,0.00618742,0.00619844
0.0302,0,0
0.0306,0,0
0.031,0,0
0.0314,0,0
0.0318,0,0
0.0322,0,0
0.0326,0,0
0.033,0,0
0.0334,0.00511333,0.0055734
0.0338,0,0
0.0342,0,0
0.0346,0.00594835,0.00595852
0.035,0,0
0.0354,0,0
0.0358,0.00643666,0.00644857
0.0362,0,0
0.0366,0,0
0.037,0,0
0.0374,0,0
0.0378,0,0
0.0382,0,0
0.0386,0,0
0.039,0.00326924,0.00434671
0.0394,0,0
0.0398,0,0
0.0402,0,0
0.0406,0,0
0.041,0,0
0.0414,0.00570223,0.00571156
0.0418,0,0
0.0422,0,0
0.0426,0,0
0.043,0,0
0.0434,0,0
0.0438,0,0
0.0442,0,0
0.0446,0,0
0.045,0,0
0.0454,0,0
0.0458,0,0
0.0462,0,0
0.0466,0,0
0.047,0,0
0.0474,0,0
0.0478,0,0
0.0482,0,0
0.0486,0,0
0.049,0,0
0.0494,0,0
0.0498,0,0
0.0502,0,0
0.0506,0,0
0.051,0,0
0.0514,0,0
0.0518,0.00628726,0.00629856
0.0522,0,0
0.0526,0,0
0.053,0,0
0.0534,0,0
0.0538,0,0
0.0542,0,0
0.0546,0.00634964,0.00636115
0.055,0.0037229,0.0047611
0.0554,0,0
0.0558,0,0
0.0562,0,0
0.0566,0,0
0.057,0,0
0.0574,0.00639794,0.00640962
0.0578,0,0
0.0582,0,0
0.0586,0,0
0.059,0,0
0.0594,0.00620308,0.00621405
0.0598,0,0
0.0602,0,0
0.0606,0,0
0.061,0,0
0.0614,0,0
0.0618,0,0
0.0622,0.00618516,0.00619605
0.0626,0.00621276,0.00622375
0.063,0,0
0.0634,0,0
0.0638,0.00639647,0.00640812
0.0642,0,0
0.0646,0,0
0.065,0,0
0.0654,0,0
0.0658,0,0
0.0662,0,0
0.0666,0,0
0.067,0,0
0.0674,0,0
0.0678,0,0
0.0682,0,0
0.0686,0,0
0.069,0,0
0.0694,0,0
0.0698,0.00605893,0.00606936
0.0702,0,0
0.0706,0,0
0.071,0,0
0.0714,0,0
0.0718,0,0
0.0722,0,0
0.0726,0,0
0.073,0,0
0.0734,0,0
0.0738,0,0
0.0742,0,0
0.0746,0,0
0.075,0,0
0.0754,0,0
0.0758,0,0
0.0762,0,0
0.0766,0,0
0.077,0,0
0.0774,0,0
0.0778,0,0
0.0782,0,0
0.0786,0,0
0.079,0,0
0.0794,0,0
0.0798,0,0
0.0802,0,0
0.0806,0,0
0.081,0.00590166,0.00591153
0.0814,0.00615737,0.00616811
0.0818,0,0
0.0822,0,0
0.0826,0,0
0.083,0,0
0.0834,0,0
0.0838,0,0
0.0842,0,0
0.0846,0,0
0.085,0,0
0.0854,0,0
0.0858,0,0
0.0862,0,0
0.0866,0,0
0.087,0,0
0.0874,0.00660061,0.00661293
0.0878,0,0
0.0882,0,0
0.0886,0.00109095,0.00255216
0.089,0,0
0.0894,0.00575896,0.00576833
0.0898,0,0
0.0902,0,0
0.0906,0,0
0.091,0,0
0.0914,0,0
0.0918,0,0
0.0922,0,0
0.0926,0,0
0.093,0,0
0.0934,0,0
0.0938,0.00594787,0.00636392
0.0942,0.00624872,0.00625974
0.0946,0,0
0.095,0,0
0.0954,0,0
0.0958,0,0
0.0962,0,0
0.0966,0,0
0.097,0,0
0.0974,0,0
0.0978,0,0
0.0982,0,0
0.0986,0,0
0.099,0,0
0.0994,0,0
0.0998,0,0
0.1002,0,0
0.1006,0,0
0.101,0,0
0.1014,0,0
0.1018,0,0
0.1022,0,0
0.1026,0,0
0.103,0,0
0.1034,0.000777198,0.00241938
0.1038,0,0
0.1042,0,0
0.1046,0,0
0.105,0,0
0.1054,0,0
0.1058,0,0
0.1062,0.00846357,0.00848371
0.1066,0,0
0.107,0,0
0.1074,0,0
0.1078,0,0
0.1082,0,0
0.1086,0,0
0.109,0.00818899,0.00820784
0.1094,0,0
0.1098,0,0
0.1102,0,0
0.1106,0,0
0.111,0,0
0.1114,0,0
0.1118,0.00885042,0.00887242
0.1122,0,0
0.1126,0,0
0.113,0,0
0.1134,0,0
0.1138,0,0
0.1142,0,0
0.1146,0,0
0.115,0,0
0.1154,0,0
0.1158,0,0
0.1162,0,0
0.1166,0,0
0.117,0,0
0.1174,0,0
0.1178,0,0
0.1182,0,0
0.1186,0,0
0.119,0,0
0.1194,0,0
0.1198,0.01064,0.0106717
4
-0.1198,0,0
-0.1194,0,0
-0.119,0,0
-0.1186,0,0
-0.1182,0,0
-0.1178,0,0
-0.1174,0,0
-0.117,0,0
-0.1166,0,0
-0.1162,0,0
-0.1158,0,0
-0.1154,0,0
-0.115,0,0
-0.1146,0.00597514,0.00598605
-0.1142,0,0
-0.1138,0,0
-0.1134,0,0
-0.113,0,0
-0.1126,0,0
-0.1122,0,0
-0.1118,0,0
-0.1114,0,0
-0.111,0,0
-0.1106,0,0
-0.1102,0,0
-0.1098,0,0
-0.1094,0,0
-0.109,0.00606404,0.00607525
-0.1086,0,0
-0.1082,0,0
-0.1078,0,0
-0.1074,0,0
-0.107,0.00687476,0.00688915
-0.1066,0,0
-0.1062,0,0
-0.1058,0,0
-0.1054,0,0
-0.105,0,0
-0.1046,0,0
-0.1042,0,0
-0.1038,0,0
-0.1034,0,0
-0.103,0,0
-0.1026,0.00622126,0.00623302
-0.1022,0,0
-0.1018,0,0
-0.1014,0,0
-0.101,0.00136048,0.00293762
-0.1006,0,0
-0.1002,0,0
-0.0998,0.00669623,0.00670983
-0.0994,0,0
-0.099,0,0
-0.0986,0,0
-0.0982,0,0
-0.0978,0,0
-0.0974,0,0
-0.097,0,0
-0.0966,0,0
-0.0962,0,0
-0.0958,0,0
-0.0954,0,0
-0.095,0,0
-0.0946,0,0
-0.0942,0,0
-0.0938,0,0
-0.0934,0,0
-0.093,0,0
-0.0926,0,0
-0.0922,0,0
-0.0918,0,0
-0.0914,0.00616817,0.00617967
-0.091,0,0
-0.0906,0,0
-0.0902,0,0
-0.0898,0,0
-0.0894,0.00229689,0.00370149
-0.089,0,0
-0.0886,0,0
-0.0882,0,0
-0.0878,0,0
-0.0874,0,0
-0.087,0,0
-0.0866,0,0
-0.0862,0,0
-0.0858,0,0
-0.0854,0,0
-0.085,0,0
-0.0846,0,0
-0.0842,0,0
-0.0838,0,0
-0.0834,0,0
-0.083,0,0
-0.0826,0,0
-0.0822,0.00664845,0.00666176
-0.0818,0,0
-0.0814,0,0
-0.081,0,0
-0.0806,0,0
-0.0802,0,0
-0.0798,0,0
-0.0794,0,0
-0.079,0.00597942,0.00599017
-0.0786,0,0
-0.0782,0,0
-0.0778,0,0
-0.0774,0,0
-0.077,0,0
-0.0766,0,0
-0.0762,0.00605707,0.00606809
-0.0758,0,0
-0.0754,0,0
-0.075,0,0
-0.0746,0,0
-0.0742,0,0
-0.0738,0.00615928,0.00617067
-0.0734,0,0
-0.073,0,0
-0.0726,0,0
-0.0722,0,0
-0.0718,0,0
-0.0714,0,0
-0.071,0,0
-0.0706,0,0
-0.0702,0,0
-0.0698,0,0
-0.0694,0.00135424,0.00286647
-0.069,0,0
-0.0686,0,0
-0.0682,0,0
-0.0678,0,0
-0.0674,0.00650537,0.00651805
-0.067,0,0
-0.0666,0,0
-0.0662,0,0
-0.0658,0,0
-0.0654,0,0
-0.065,0,0
-0.0646,0,0
-0.0642,0,0
-0.0638,0,0
-0.0634,0,0
-0.063,0,0
-0.0626,0.00622745,0.00623904
-0.0622,0.00637994,0.00639211
-0.0618,0,0
-0.0614,0,0
-0.061,0.00607742,0.00608846
-0.0606,0,0
-0.0602,0,0
-0.0598,0,0
-0.0594,0,0
-0.059,0,0
-0.0586,0,0
-0.0582,0,0
-0.0578,0,0
-0.0574,0,0
-0.057,0,0
-0.0566,0,0
-0.0562,0,0
-0.0558,0.00644367,0.00645606
-0.0554,0,0
-0.055,0,0
-0.0546,0,0
-0.0542,0,0
-0.0538,0,0
-0.0534,0,0
-0.053,0,0
-0.0526,0,0
-0.0522,0,0
-0.0518,0,0
-0.0514,0,0
-0.051,0,0
-0.0506,0,0
-0.0502,0,0
-0.0498,0,0
-0.0494,0,0
-0.049,0.0069377,0.00695204
-0.0486,0.00302238,0.0044764
-0.0482,0,0
-0.0478,0,0
-0.0474,0.00643647,0.00644881
-0.047,0,0
-0.0466,0,0
-0.0462,0,0
-0.0458,0,0
-0.0454,0,0
-0.045,0,0
-0.0446,0,0
-0.0442,0,0
-0.0438,0.0121066,0.00857617
-0.0434,0.00615363,0.0061649
-0.043,0,0
-0.0426,0,0
-0.0422,0,0
-0.0418,0,0
-0.0414,0,0
-0.041,0,0
-0.0406,0.00688565,0.00689974
-0.0402,0.00126771,0.00276229
-0.0398,0,0
-0.0394,0,0
-0.039,0,0
-0.0386,0,0
-0.0382,0,0
-0.0378,0,0
-0.0374,0,0
-0.037,0,0
-0.0366,0,0
-0.0362,0,0
-0.0358,0,0
-0.0354,0,0
-0.035,0,0
-0.0346,0.0062507,0.0062623
-0.0342,0,0
-0.0338,0,0
-0.0334,0,0
-0.033,0,0
-0.0326,0,0
-0.0322,0,0
-0.0318,0,0
-0.0314,0,0
-0.031,0,0
-0.0306,0,0
-0.0302,0,0
-0.0298,0,0
-0.0294,0,0
-0.029,0,0
-0.0286,0,0
-0.0282,0.00622091,0.0062324
-0.0278,0,0
-0.0274,0,0
-0.027,0,0
-0.0266,0,0
-0.0262,0.0062645,0.00627614
-0.0258,0,0
-0.0254,0,0
-0.025,0,0
-0.0246,0,0
-0.0242,0,0
-0.0238,0,0
-0.0234,0,0
-0.023,0.00567568,0.00568523
-0.0226,0,0
-0.0222,0,0
-0.0218,0.0124708,0.0088424
-0.0214,0,0
-0.021,0,0
-0.0206,0,0
-0.0202,0.00562589,0.00563528
-0.0198,0,0
-0.0194,0,0
-0.019,0,0
-0.0186,0.00348274,0.00485407
-0.0182,0.0114945,0.00814173
-0.0178,0,0
-0.0174,0,0
-0.017,0,0
-0.0166,0,0
-0.0162,0.00614645,0.00615765
-0.0158,0,0
-0.0154,0,0
-0.015,0,0
-0.0146,0,0
-0.0142,0,0
-0.0138,0,0
-0.0134,0,0
-0.013,0,0
-0.0126,0,0
-0.0122,0,0
-0.0118,0,0
-0.0114,0,0
-0.011,0.0127246,0.00901469
-0.0106,0.0053475,0.00575044
-0.0102,0.00608952,0.00610051
-0.0098,0,0
-0.0094,0,0
-0.009,0,0
-0.0086,0,0
-0.0082,0,0
-0.0078,0,0
-0.0074,0,0
-0.007,0,0
-0.0066,0,0
-0.0062,0.0061289,0.00614004
-0.0058,0,0
-0.0054,0.00608835,0.00609934
-0.005,0.00541782,0.00595861
-0.0046,0.0183907,0.010639
-0.0042,0.0130247,0.00883535
-0.0038,0.0122762,0.00869789
-0.0034,0.0148456,0.00931887
-0.003,0.0187519,0.01058
-0.0026,0.0757232,0.0212483
-0.0022,0.123497,0.0276922
-0.0018,0.212604,0.0365815
-0.0014,0.486488,0.0560635
-0.001,0.623079,0.0634506
-0.0006,0.811406,0.0708743
-0.0002,1.14995,0.0864249
0.0002,0.880623,0.0749597
0.0006,0.72687,0.0678253
0.001,0.453043,0.0527547
0.0014,0.30783,0.0432641
0.0018,0.147556,0.0298103
0.0022,0.0827493,0.0230452
0.0026,0.0310013,0.0138903
0.003,0.020359,0.0117982
0.0034,0.0192826,0.011157
0.0038,0.0117517,0.00856706
0.0042,0.00571117,0.00572086
0.0046,0,0
0.005,0,0
0.0054,0.0189156,0.0109448
0.0058,0,0
0.0062,0,0
0.0066,0,0
0.007,0,0
0.0074,0,0
0.0078,0.00621555,0.00622703
0.0082,0,0
0.0086,0,0
0.009,0,0
0.0094,0,0
0.0098,0,0
0.0102,0.00582858,0.00583867
0.0106,0,0
0.011,0,0
0.0114,0,0
0.0118,0,0
0.0122,0,0
0.0126,0,0
0.013,0,0
0.0134,0,0
0.0138,0,0
0.0142,0,0
0.0146,0,0
0.015,0,0
0.0154,0,0
0.0158,0,0
0.0162,0.00574465,0.00575447
0.0166,0,0
0.017,0,0
0.0174,0,0
0.0178,0,0
0.0182,0.00655436,0.00656714
0.0186,0.00655393,0.0065667
0.019,0,0
0.0194,0.00567931,0.00568891
0.0198,0,0
0.0202,0,0
0.0206,0,0
0.021,0,0
0.0214,0,0
0.0218,0,0
0.0222,0,0
0.0226,0.00637772,0.00638982
0.023,0,0
0.0234,0,0
0.0238,0,0
0.0242,0,0
0.0246,0,0
0.025,0,0
0.0254,0,0
0.0258,0,0
0.0262,0,0
0.0266,0,0
0.027,0,0
0.0274,0,0
0.0278,0,0
0.0282,0,0
0.0286,0.0063012,0.00631302
0.029,0,0
0.0294,0,0
0.0298,0,0
0.0302,0,0
0.0306,0,0
0.031,0,0
0.0314,0,0
0.0318,0,0
0.0322,0,0
0.0326,0,0
0.033,0,0
0.0334,0.000908285,0.00230848
0.0338,0,0
0.0342,0,0
0.0346,0,0
0.035,0,0
0.0354,0,0
0.0358,0.00621022,0.00622171
0.0362,0.00599906,0.00600978
0.0366,0,0
0.037,0.0059829,0.00599357
0.0374,0,0
0.0378,0,0
0.0382,0,0
0.0386,0,0
0.039,0.00239979,0.00365531
0.0394,0,0
0.0398,0,0
0.0402,0,0
0.0406,0,0
0.041,0,0
0.0414,0,0
0.0418,0,0
0.0422,0,0
0.0426,0,0
0.043,0.00559888,0.00560823
0.0434,0,0
0.0438,0,0
0.0442,0,0
0.0446,0,0
0.045,0,0
0.0454,0,0
0.0458,0,0
0.0462,0,0
0.0466,0,0
0.047,0,0
0.0474,0.00610343,0.00611453
0.0478,0,0
0.0482,0,0
0.0486,0,0
0.049,0,0
0.0494,0,0
0.0498,0,0
0.0502,0,0
0.0506,0,0
0.051,0,0
0.0514,0,0
0.0518,0.00602309,0.00603391
0.0522,0.00429561,0.0050955
0.0526,0.00600532,0.00601608
0.053,0,0
0.0534,0,0
0.0538,0,0
0.0542,0,0
0.0546,0,0
0.055,0.0022436,0.00361534
0.0554,0,0
0.0558,0,0
0.0562,0,0
0.0566,0,0
0.057,0,0
0.0574,0,0
0.0578,0,0
0.0582,0,0
0.0586,0.00593446,0.00594497
0.059,0,0
0.0594,0,0
0.0598,0,0
0.0602,0,0
0.0606,0,0
0.061,0,0
0.0614,0,0
0.0618,0.00614353,0.00615479
0.0622,0.00590317,0.00591357
0.0626,0,0
0.063,0,0
0.0634,0,0
0.0638,0,0
0.0642,0,0
0.0646,0,0
0.065,0,0
0.0654,0,0
0.0658,0,0
0.0662,0,0
0.0666,0,0
0.067,0,0
0.0674,0.0061573,0.00616861
0.0678,0,0
0.0682,0,0
0.0686,0,0
0.069,0,0
0.0694,0,0
0.0698,0,0
0.0702,0,0
0.0706,0,0
0.071,0,0
0.0714,0,0
0.0718,0,0
0.0722,0,0
0.0726,0,0
0.073,0,0
0.0734,0,0
0.0738,0,0
0.0742,0,0
0.0746,0,0
0.075,0,0
0.0754,0,0
0.0758,0,0
0.0762,0.00573235,0.00574216
0.0766,0.00608158,0.00609262
0.077,0,0
0.0774,0,0
0.0778,0,0
0.0782,0,0
0.0786,0,0
0.079,0.00601043,0.00602121
0.0794,0,0
0.0798,0,0
0.0802,0,0
0.0806,0,0
0.081,0,0
0.0814,0,0
0.0818,0,0
0.0822,0,0
0.0826,0,0
0.083,0,0
0.0834,0,0
0.0838,0,0
0.0842,0,0
0.0846,0,0
0.085,0,0
0.0854,0,0
0.0858,0,0
0.0862,0,0
0.0866,0,0
0.087,0,0
0.0874,0,0
0.0878,0,0
0.0882,0.00603493,0.0060458
0.0886,0.00966591,0.00739148
0.089,0,0
0.0894,0,0
0.0898,0,0
0.0902,0,0
0.0906,0,0
0.091,0.0061572,0.00616852
0.0914,0.00645882,0.00647127
0.0918,0,0
0.0922,0,0
0.0926,0,0
0.093,0,0
0.0934,0,0
0.0938,0.000789788,0.00225504
0.0942,0,0
0.0946,0,0
0.095,0,0
0.0954,0,0
0.0958,0,0
0.0962,0,0
0.0966,0.0060128,0.00602359
0.097,0.00727365,0.00728943
0.0974,0,0
0.0978,0,0
0.0982,0,0
0.0986,0,0
0.099,0,0
0.0994,0,0
0.0998,0,0
0.1002,0,0
0.1006,0.00658363,0.00659656
0.101,0,0
0.1014,0.00702933,0.00704406
0.1018,0,0
0.1022,0,0
0.1026,0,0
0.103,0,0
0.1034,0.0134296,0.00977277
0.1038,0,0
0.1042,0,0
0.1046,0,0
0.105,0,0
0.1054,0,0
0.1058,0,0
0.1062,0,0
0.1066,0.0077522,0.00777011
0.107,0,0
0.1074,0,0
0.1078,0,0
0.1082,0,0
0.1086,0,0
0.109,0,0
0.1094,0,0
0.1098,0,0
0.1102,0,0
0.1106,0,0
0.111,0,0
0.1114,0,0
0.1118,0,0
0.1122,0,0
0.1126,0,0
0.113,0,0
0.1134,0,0
0.1138,0,0
0.1142,0,0
0.1146,0,0
0.115,0,0
0.1154,0,0
0.1158,0,0
0.1162,0,0
0.1166,0,0
0.117,0,0
0.1174,0,0
0.1178,0,0
0.1182,0,0
0.1186,0,0
0.119,0,0
0.1194,0,0
0.1198,0,0
5
-0.1198,0,0
-0.1194,0,0
-0.119,0,0
-0.1186,0,0
-0.1182,0,0
-0.1178,0,0
-0.1174,0,0
-0.117,0,0
-0.1166,0,0
-0.1162,0.012251,0.00868203
-0.1158,0,0
-0.1154,0,0
-0.115,0,0
-0.1146,0,0
-0.1142,0,0
-0.1138,0,0
-0.1134,0,0
-0.113,0,0
-0.1126,0,0
-0.1122,0,0
-0.1118,0,0
-0.1114,0.00577562,0.00608344
-0.111,0,0
-0.1106,0,0
-0.1102,0,0
-0.1098,0,0
-0.1094,0,0
-0.109,0,0
-0.1086,0,0
-0.1082,0,0
-0.1078,0,0
-0.1074,0,0
-0.107,0,0
-0.1066,0,0
-0.1062,0,0
-0.1058,0,0
-0.1054,0,0
-0.105,0,0
-0.1046,0,0
-0.1042,0,0
-0.1038,0,0
-0.1034,0.00668009,0.0066935
-0.103,0,0
-0.1026,0,0
-0.1022,0,0
-0.1018,0,0
-0.1014,0,0
-0.101,0,0
-0.1006,0,0
-0.1002,0,0
-0.0998,0,0
-0.0994,0,0
-0.099,0,0
-0.0986,0,0
-0.0982,0,0
-0.0978,0,0
-0.0974,0,0
-0.097,0,0
-0.0966,0,0
-0.0962,0,0
-0.0958,0,0
-0.0954,0,0
-0.095,0,0
-0.0946,0,0
-0.0942,0,0
-0.0938,0,0
-0.0934,0,0
-0.093,0,0
-0.0926,0,0
-0.0922,0,0
-0.0918,0,0
-0.0914,0,0
-0.091,0,0
-0.0906,0,0
-0.0902,0,0
-0.0898,0,0
-0.0894,0.00369618,0.00472719
-0.089,0,0
-0.0886,0,0
-0.0882,0,0
-0.0878,0,0
-0.0874,0,0
-0.087,0,0
-0.0866,0,0
-0.0862,0,0
-0.0858,0,0
-0.0854,0,0
-0.085,0,0
-0.0846,0,0
-0.0842,0,0
-0.0838,0,0
-0.0834,0,0
-0.083,0,0
-0.0826,0,0
-0.0822,0,0
-0.0818,0,0
-0.0814,0.00696975,0.00698415
-0.081,0,0
-0.0806,0,0
-0.0802,0,0
-0.0798,0,0
-0.0794,0,0
-0.079,0,0
-0.0786,0,0
-0.0782,0,0
-0.0778,0,0
-0.0774,0,0
-0.077,0,0
-0.0766,0,0
-0.0762,0,0
-0.0758,0,0
-0.0754,0,0
-0.075,0.00414698,0.00526941
-0.0746,0,0
-0.0742,0,0
-0.0738,0,0
-0.0734,0,0
-0.073,0,0
-0.0726,0,0
-0.0722,0,0
-0.0718,0,0
-0.0714,0,0
-0.071,0,0
-0.0706,0,0
-0.0702,0,0
-0.0698,0,0
-0.0694,0.00477337,0.00542854
-0.069,0,0
-0.0686,0,0
-0.0682,0.00706439,0.00707908
-0.0678,0,0
-0.0674,0,0
-0.067,0,0
-0.0666,0,0
-0.0662,0.00674551,0.00675889
-0.0658,0,0
-0.0654,0,0
-0.065,0,0
-0.0646,0,0
-0.0642,0.00619672,0.00620801
-0.0638,0,0
-0.0634,0,0
-0.063,0.00957169,0.00780808
-0.0626,0,0
-0.0622,0,0
-0.0618,0,0
-0.0614,0,0
-0.061,0,0
-0.0606,0,0
-0.0602,0,0
-0.0598,0,0
-0.0594,0,0
-0.059,0,0
-0.0586,0,0
-0.0582,0,0
-0.0578,0,0
-0.0574,0,0
-0.057,0,0
-0.0566,0,0
-0.0562,0,0
-0.0558,0,0
-0.0554,0,0
-0.055,0,0
-0.0546,0,0
-0.0542,0,0
-0.0538,0,0
-0.0534,0,0
-0.053,0,0
-0.0526,0,0
-0.0522,0,0
-0.0518,0,0
-0.0514,0,0
-0.051,0,0
-0.0506,0,0
-0.0502,0,0
-0.0498,0,0
-0.0494,0,0
-0.049,0,0
-0.0486,0,0
-0.0482,0,0
-0.0478,0,0
-0.0474,0,0
-0.047,0,0
-0.0466,0.00651791,0.00653031
-0.0462,0,0
-0.0458,0,0
-0.0454,0,0
-0.045,0,0
-0.0446,0,0
-0.0442,0,0
-0.0438,0,0
-0.0434,0,0
-0.043,0,0
-0.0426,0,0
-0.0422,0,0
-0.0418,0,0
-0.0414,0,0
-0.041,0.00695665,0.00697074
-0.0406,0,0
-0.0402,0,0
-0.0398,0.00632387,0.00633551
-0.0394,0,0
-0.039,0,0
-0.0386,0,0
-0.0382,0,0
-0.0378,0,0
-0.0374,0,0
-0.037,0,0
-0.0366,0,0
-0.0362,0,0
-0.0358,0,0
-0.0354,0,0
-0.035,0,0
-0.0346,0,0
-0.0342,0,0
-0.0338,0,0
-0.0334,0,0
-0.033,0,0
-0.0326,0,0
-0.0322,0,0
-0.0318,0,0
-0.0314,0.00645181,0.0064639
-0.031,0,0
-0.0306,0.0133504,0.00945849
-0.0302,0,0
-0.0298,0,0
-0.0294,0,0
-0.029,0.00637453,0.00638632
-0.0286,0,0
-0.0282,0,0
-0.0278,0,0
-0.0274,0,0
-0.027,0,0
-0.0266,0,0
-0.0262,0,0
-0.0258,0,0
-0.0254,0,0
-0.025,0.00632676,0.00633836
-0.0246,0,0
-0.0242,0,0
-0.0238,0.00695411,0.00696812
-0.0234,0,0
-0.023,0,0
-0.0226,0.00609859,0.00610937
-0.0222,0,0
-0.0218,0,0
-0.0214,0,0
-0.021,0,0
-0.0206,0,0
-0.0202,0,0
-0.0198,0,0
-0.0194,0,0
-0.019,0,0
-0.0186,0.00605453,0.00606514
-0.0182,0,0
-0.0178,0,0
-0.0174,0,0
-0.017,0,0
-0.0166,0,0
-0.0162,0,0
-0.0158,0,0
-0.0154,0,0
-0.015,0,0
-0.0146,0.00614744,0.00615838
-0.0142,0,0
-0.0138,0,0
-0.0134,0,0
-0.013,0.0117815,0.00834577
-0.0126,0.00642377,0.0064357
-0.0122,0,0
-0.0118,0.00613474,0.00614562
-0.0114,0,0
-0.011,0,0
-0.0106,0,0
-0.0102,0.0124061,0.00878842
-0.0098,0.0061601,0.00617106
-0.0094,0.00613603,0.00614691
-0.009,0,0
-0.0086,0.012991,0.00920971
-0.0082,0,0
-0.0078,0,0
-0.0074,0.013805,0.00978114
-0.007,0,0
-0.0066,0.00662165,0.00663431
-0.0062,0.0059806,0.00599093
-0.0058,0,0
-0.0054,0.0126116,0.00893428
-0.005,0.0197726,0.0114411
-0.0046,0,0
-0.0042,0.0128095,0.00888313
-0.0038,0.00619243,0.0062035
-0.0034,0.0308325,0.0138217
-0.003,0.0371051,0.0151753
-0.0026,0.0855022,0.0228929
-0.0022,0.127691,0.0284915
-0.0018,0.225278,0.0381715
-0.0014,0.462932,0.0552575
-0.001,0.707194,0.0686344
-0.0006,0.70305,0.0667896
-0.0002,0.867402,0.0761015
0.0002,0.678529,0.0667532
0.0006,0.612256,0.0631641
0.001,0.449367,0.0534183
0.0014,0.200079,0.0353996
0.0018,0.1144,0.026823
0.0022,0.0787573,0.0227418
0.0026,0.0254997,0.0127739
0.003,0.033772,0.0151629
0.0034,0.0207159,0.0119928
0.0038,0.00640506,0.00641689
0.0042,0.0117576,0.00832801
0.0046,0.00660942,0.00662202
0.005,0.0062647,0.00627602
0.0054,0,0
0.0058,0.00670491,0.00671788
0.0062,0,0
0.0066,0.00594186,0.00595205
0.007,0,0
0.0074,0.00633866,0.00635026
0.0078,0.0193105,0.0111701
0.0082,0,0
0.0086,0.0130951,0.00928292
0.009,0,0
0.0094,0,0
0.0098,0,0
0.0102,0,0
0.0106,0,0
0.011,0,0
0.0114,0,0
0.0118,0.00634302,0.00635464
0.0122,0,0
0.0126,0.0058093,0.00581905
0.013,0,0
0.0134,0,0
0.0138,0.00677144,0.00678467
0.0142,0.0127715,0.00904766
0.0146,0.00634446,0.00635608
0.015,0,0
0.0154,0,0
0.0158,0,0
0.0162,0.0059192,0.00592932
0.0166,0.00607368,0.00608432
0.017,0.00582374,0.00583353
0.0174,0,0
0.0178,0,0
0.0182,0,0
0.0186,0,0
0.019,0,0
0.0194,0,0
0.0198,0,0
0.0202,0,0
0.0206,0,0
0.021,0,0
0.0214,0.00615422,0.00616515
0.0218,0,0
0.0222,0,0
0.0226,0.00657696,0.00658944
0.023,0,0
0.0234,0,0
0.0238,0,0
0.0242,0,0
0.0246,0,0
0.025,0,0
0.0254,0,0
0.0258,0,0
0.0262,0,0
0.0266,0,0
0.027,0.00641432,0.00642619
0.0274,0,0
0.0278,0,0
0.0282,0,0
0.0286,0,0
0.029,0,0
0.0294,0,0
0.0298,0,0
0.0302,0,0
0.0306,0,0
0.031,0,0
0.0314,0,0
0.0318,0.00555346,0.00556236
0.0322,0.00677304,0.00678627
0.0326,0,0
0.033,0,0
0.0334,0,0
0.0338,0,0
0.0342,0.00635451,0.00636615
0.0346,0,0
0.035,0,0
0.0354,0,0
0.0358,0,0
0.0362,0,0
0.0366,0,0
0.037,0.00618337,0.00619439
0.0374,0,0
0.0378,0,0
0.0382,0,0
0.0386,0,0
0.039,0,0
0.0394,0,0
0.0398,0.00651485,0.00652708
0.0402,0,0
0.0406,0,0
0.041,0,0
0.0414,0,0
0.0418,0,0
0.0422,0,0
0.0426,0,0
0.043,0.00579306,0.00580273
0.0434,0,0
0.0438,0,0
0.0442,0,0
0.0446,0,0
0.045,0.00597637,0.00598665
0.0454,0.00635966,0.00637131
0.0458,0,0
0.0462,0.00562931,0.00563844
0.0466,0,0
0.047,0,0
0.0474,0,0
0.0478,0,0
0.0482,0,0
0.0486,0,0
0.049,0,0
0.0494,0,0
0.0498,0,0
0.0502,0,0
0.0506,0,0
0.051,0.00610849,0.00611923
0.0514,0.00604494,0.00605545
0.0518,0,0
0.0522,0.0017912,0.00335091
0.0526,0,0
0.053,0,0
0.0534,0,0
0.0538,0,0
0.0542,0.00638077,0.00639247
0.0546,0,0
0.055,0,0
0.0554,0,0
0.0558,0,0
0.0562,0,0
0.0566,0,0
0.057,0,0
0.0574,0,0
0.0578,0,0
0.0582,0,0
0.0586,0,0
0.059,0,0
0.0594,0,0
0.0598,0,0
0.0602,0.00602604,0.00603647
0.0606,0,0
0.061,0,0
0.0614,0.00610083,0.00611151
0.0618,0,0
0.0622,0,0
0.0626,0,0
0.063,0,0
0.0634,0,0
0.0638,0,0
0.0642,0,0
0.0646,0,0
0.065,0,0
0.0654,0,0
0.0658,0,0
0.0662,0,0
0.0666,0,0
0.067,0,0
0.0674,0,0
0.0678,0,0
0.0682,0,0
0.0686,0,0
0.069,0,0
0.0694,0.00616661,0.0061775
0.0698,0.0060111,0.00602145
0.0702,0,0
0.0706,0.00666199,0.0066747
0.071,0.00599068,0.00600095
0.0714,0,0
0.0718,0,0
0.0722,0,0
0.0726,0,0
0.073,0,0
0.0734,0,0
0.0738,0,0
0.0742,0,0
0.0746,0,0
0.075,0.00632365,0.00633509
0.0754,0,0
0.0758,0,0
0.0762,0,0
0.0766,0,0
0.077,0.00635299,0.00636452
0.0774,0,0
0.0778,0,0
0.0782,0,0
0.0786,0,0
0.079,0,0
0.0794,0,0
0.0798,0,0
0.0802,0,0
0.0806,0,0
0.081,0,0
0.0814,0,0
0.0818,0,0
0.0822,0,0
0.0826,0,0
0.083,0,0
0.0834,0,0
0.0838,0,0
0.0842,0,0
0.0846,0,0
0.085,0,0
0.0854,0,0
0.0858,0,0
0.0862,0,0
0.0866,0,0
0.087,0,0
0.0874,0,0
0.0878,0.00532312,0.00585614
0.0882,0,0
0.0886,0.000595522,0.00187892
0.089,0,0
0.0894,0,0
0.0898,0,0
0.0902,0,0
0.0906,0,0
0.091,0,0
0.0914,0,0
0.0918,0,0
0.0922,0,0
0.0926,0,0
0.093,0,0
0.0934,0,0
0.0938,0,0
0.0942,0,0
0.0946,0,0
0.095,0,0
0.0954,0,0
0.0958,0,0
0.0962,0,0
0.0966,0,0
0.097,0,0
0.0974,0,0
0.0978,0,0
0.0982,0,0
0.0986,0,0
0.099,0,0
0.0994,0,0
0.0998,0,0
0.1002,0,0
0.1006,0,0
0.101,0.00722355,0.00723832
0.1014,0,0
0.1018,0.00694392,0.00695756
0.1022,0,0
0.1026,0,0
0.103,0,0
0.1034,0,0
0.1038,0.0074683,0.00748406
0.1042,0,0
0.1046,0,0
0.105,0,0
0.1054,0,0
0.1058,0,0
0.1062,0,0
0.1066,0,0
0.107,0,0
0.1074,0,0
0.1078,0,0
0.1082,0,0
0.1086,0,0
0.109,0,0
0.1094,0,0
0.1098,0,0
0.1102,0,0
0.1106,0,0
0.111,0,0
0.1114,0,0
0.1118,0,0
0.1122,0,0
0.1126,0,0
0.113,0,0
0.1134,0.00276669,0.00475826
0.1138,0,0
0.1142,0,0
0.1146,0,0
0.115,0,0
0.1154,0.0105311,0.0105623
0.1158,0,0
0.1162,0,0
0.1166,0,0
0.117,0,0
0.1174,0,0
0.1178,0,0
0.1182,0,0
0.1186,0,0
0.119,0,0
0.1194,0.0104504,0.010481
0.1198,0,0
6
-0.1198,0,0
-0.1194,0,0
-0.119,0,0
-0.1186,0,0
-0.1182,0,0
-0.1178,0,0
-0.1174,0,0
-0.117,0,0
-0.1166,0,0
-0.1162,0,0
-0.1158,0,0
-0.1154,0,0
-0.115,0,0
-0.1146,0,0
-0.1142,0,0
-0.1138,0,0
-0.1134,0,0
-0.113,0,0
-0.1126,0,0
-0.1122,0,0
-0.1118,0,0
-0.1114,0.000541297,0.00175815
-0.111,0,0
-0.1106,0,0
-0.1102,0,0
-0.1098,0,0
-0.1094,0,0
-0.109,0,0
-0.1086,0,0
-0.1082,0,0
-0.1078,0,0
-0.1074,0,0
-0.107,0,0
-0.1066,0,0
-0.1062,0,0
-0.1058,0,0
-0.1054,0,0
-0.105,0,0
-0.1046,0,0
-0.1042,0,0
-0.1038,0,0
-0.1034,0.005956,0.00596796
-0.103,0,0
-0.1026,0,0
-0.1022,0,0
-0.1018,0,0
-0.1014,0,0
-0.101,0,0
-0.1006,0,0
-0.1002,0,0
-0.0998,0,0
-0.0994,0,0
-0.099,0,0
-0.0986,0,0
-0.0982,0,0
-0.0978,0,0
-0.0974,0,0
-0.097,0,0
-0.0966,0,0
-0.0962,0,0
-0.0958,0,0
-0.0954,0,0
-0.095,0,0
-0.0946,0,0
-0.0942,0,0
-0.0938,0,0
-0.0934,0,0
-0.093,0,0
-0.0926,0,0
-0.0922,0,0
-0.0918,0,0
-0.0914,0,0
-0.091,0,0
-0.0906,0,0
-0.0902,0,0
-0.0898,0,0
-0.0894,0,0
-0.089,0,0
-0.0886,0,0
-0.0882,0,0
-0.0878,0,0
-0.0874,0,0
-0.087,0,0
-0.0866,0,0
-0.0862,0,0
-0.0858,0,0
-0.0854,0,0
-0.085,0,0
-0.0846,0,0
-0.0842,0,0
-0.0838,0,0
-0.0834,0,0
-0.083,0,0
-0.0826,0,0
-0.0822,0,0
-0.0818,0,0
-0.0814,0,0
-0.081,0,0
-0.0806,0,0
-0.0802,0,0
-0.0798,0,0
-0.0794,0,0
-0.079,0,0
-0.0786,0,0
-0.0782,0,0
-0.0778,0,0
-0.0774,0,0
-0.077,0,0
-0.0766,0,0
-0.0762,0,0
-0.0758,0,0
-0.0754,0,0
-0.075,0.00803178,0.00685505
-0.0746,0.00575256,0.00576375
-0.0742,0,0
-0.0738,0,0
-0.0734,0,0
-0.073,0,0
-0.0726,0,0
-0.0722,0,0
-0.0718,0,0
-0.0714,0,0
-0.071,0,0
-0.0706,0,0
-0.0702,0,0
-0.0698,0,0
-0.0694,0,0
-0.069,0,0
-0.0686,0,0
-0.0682,0,0
-0.0678,0,0
-0.0674,0,0
-0.067,0,0
-0.0666,0,0
-0.0662,0,0
-0.0658,0,0
-0.0654,0,0
-0.065,0,0
-0.0646,0,0
-0.0642,0,0
-0.0638,0,0
-0.0634,0,0
-0.063,0.0027414,0.00391897
-0.0626,0,0
-0.0622,0,0
-0.0618,0,0
-0.0614,0,0
-0.061,0,0
-0.0606,0,0
-0.0602,0,0
-0.0598,0,0
-0.0594,0,0
-0.059,0,0
-0.0586,0.00553728,0.00554779
-0.0582,0,0
-0.0578,0,0
-0.0574,0.00541119,0.00542124
-0.057,0,0
-0.0566,0.00553176,0.00554227
-0.0562,0,0
-0.0558,0,0
-0.0554,0,0
-0.055,0,0
-0.0546,0,0
-0.0542,0,0
-0.0538,0,0
-0.0534,0,0
-0.053,0,0
-0.0526,0,0
-0.0522,0,0
-0.0518,0,0
-0.0514,0,0
-0.051,0,0
-0.0506,0,0
-0.0502,0,0
-0.0498,0,0
-0.0494,0,0
-0.049,0,0
-0.0486,0,0
-0.0482,0,0
-0.0478,0,0
-0.0474,0,0
-0.047,0,0
-0.0466,0,0
-0.0462,0,0
-0.0458,0,0
-0.0454,0,0
-0.045,0,0
-0.0446,0.00544849,0.00545878
-0.0442,0,0
-0.0438,0,0
-0.0434,0,0
-0.043,0,0
-0.0426,0,0
-0.0422,0,0
-0.0418,0,0
-0.0414,0,0
-0.041,0,0
-0.0406,0,0
-0.0402,0,0
-0.0398,0,0
-0.0394,0,0
-0.039,0,0
-0.0386,0,0
-0.0382,0,0
-0.0378,0,0
-0.0374,0,0
-0.037,0,0
-0.0366,0,0
-0.0362,0,0
-0.0358,0,0
-0.0354,0,0
-0.035,0,0
-0.0346,0,0
-0.0342,0,0
-0.0338,0,0
-0.0334,0,0
-0.033,0,0
-0.0326,0,0
-0.0322,0,0
-0.0318,0,0
-0.0314,0,0
-0.031,0.0052678,0.0052775
-0.0306,0,0
-0.0302,0,0
-0.0298,0,0
-0.0294,0.00505781,0.00506676
-0.029,0,0
-0.0286,0,0
-0.0282,0,0
-0.0278,0,0
-0.0274,0,0
-0.027,0,0
-0.0266,0,0
-0.0262,0,0
-0.0258,0.00547528,0.00548578
-0.0254,0,0
-0.025,0,0
-0.0246,0,0
-0.0242,0.0052426,0.00525224
-0.0238,0,0
-0.0234,0,0
-0.023,0,0
-0.0226,0,0
-0.0222,0,0
-0.0218,0,0
-0.0214,0,0
-0.021,0,0
-0.0206,0,0
-0.0202,0,0
-0.0198,0,0
-0.0194,0.00508613,0.00509522
-0.019,0,0
-0.0186,0,0
-0.0182,0,0
-0.0178,0,0
-0.0174,0,0
-0.017,0,0
-0.0166,0,0
-0.0162,0,0
-0.0158,0.00485024,0.00485852
-0.0154,0,0
-0.015,0,0
-0.0146,0,0
-0.0142,0.00534937,0.00535944
-0.0138,0,0
-0.0134,0,0
-0.013,0,0
-0.0126,0,0
-0.0122,0,0
-0.0118,0,0
-0.0114,0,0
-0.011,0,0
-0.0106,0,0
-0.0102,0.00511941,0.00512864
-0.0098,0,0
-0.0094,0,0
-0.009,0,0
-0.0086,0,0
-0.0082,0,0
-0.0078,0.00563689,0.0056481
-0.0074,0,0
-0.007,0,0
-0.0066,0,0
-0.0062,0,0
-0.0058,0,0
-0.0054,0.0154242,0.00892161
-0.005,0.00548324,0.00549385
-0.0046,0,0
-0.0042,0.0100316,0.00710598
-0.0038,0.0155597,0.00900124
-0.0034,0.0300808,0.0123092
-0.003,0.0348881,0.0132114
-0.0026,0.0348989,0.0132141
-0.0022,0.0616147,0.0178253
-0.0018,0.115183,0.0246352
-0.0014,0.260007,0.0372727
-0.001,0.372111,0.0448957
-0.0006,0.314307,0.0403265
-0.0002,0.336366,0.0428065
0.0002,0.421249,0.0474975
0.0006,0.322696,0.0413993
0.001,0.248221,0.0358626
0.0014,0.168059,0.02931
0.0018,0.142159,0.026934
0.0022,0.0588792,0.017793
0.0026,0.0673252,0.0187083
0.003,0.0275587,0.0123732
0.0034,0.0383961,0.0145407
0.0038,0.015253,0.0088292
0.0042,0.0209829,0.0105238
0.0046,0.0210764,0.0105609
0.005,0.015401,0.00890799
0.0054,0.0162575,0.0094045
0.0058,0.00569958,0.00571106
0.0062,0,0
0.0066,0,0
0.007,0,0
0.0074,0,0
0.0078,0,0
0.0082,0.0053213,0.0053313
0.0086,0,0
0.009,0,0
0.0094,0,0
0.0098,0.00516706,0.00517648
0.0102,0,0
0.0106,0.00498806,0.00499683
0.011,0,0
0.0114,0.00503096,0.00503987
0.0118,0,0
0.0122,0,0
0.0126,0,0
0.013,0,0
0.0134,0.00508585,0.00509495
0.0138,0,0
0.0142,0,0
0.0146,0,0
0.015,0,0
0.0154,0,0
0.0158,0.00511344,0.00512262
0.0162,0,0
0.0166,0,0
0.017,0,0
0.0174,0,0
0.0178,0.00520989,0.00521939
0.0182,0,0
0.0186,0,0
0.019,0,0
0.0194,0,0
0.0198,0,0
0.0202,0.00511434,0.00512346
0.0206,0,0
0.021,0,0
0.0214,0,0
0.0218,0,0
0.0222,0,0
0.0226,0,0
0.023,0,0
0.0234,0,0
0.0238,0,0
0.0242,0.00544842,0.0054587
0.0246,0,0
0.025,0,0
0.0254,0.0053733,0.00538328
0.0258,0,0
0.0262,0,0
0.0266,0,0
0.027,0,0
0.0274,0,0
0.0278,0,0
0.0282,0,0
0.0286,0,0
0.029,0,0
0.0294,0,0
0.0298,0,0
0.0302,0,0
0.0306,0.00533579,0.00534555
0.031,0,0
0.0314,0,0
0.0318,0,0
0.0322,0,0
0.0326,0,0
0.033,0,0
0.0334,0,0
0.0338,0,0
0.0342,0,0
0.0346,0,0
0.035,0,0
0.0354,0,0
0.0358,0,0
0.0362,0,0
0.0366,0,0
0.037,0,0
0.0374,0,0
0.0378,0,0
0.0382,0,0
0.0386,0,0
0.039,0.00489345,0.00490155
0.0394,0,0
0.0398,0,0
0.0402,0.00538463,0.00539441
0.0406,0,0
0.041,0,0
0.0414,0,0
0.0418,0,0
0.0422,0.00558387,0.00559434
0.0426,0,0
0.043,0,0
0.0434,0.00403065,0.00473229
0.0438,0,0
0.0442,0,0
0.0446,0,0
0.045,0,0
0.0454,0.00341611,0.00420004
0.0458,0,0
0.0462,0,0
0.0466,0.00536042,0.00537001
0.047,0,0
0.0474,0,0
0.0478,0.00549041,0.00550045
0.0482,0,0
0.0486,0,0
0.049,0,0
0.0494,0,0
0.0498,0,0
0.0502,0,0
0.0506,0,0
0.051,0,0
0.0514,0,0
0.0518,0,0
0.0522,0,0
0.0526,0,0
0.053,0.00542179,0.0054315
0.0534,0,0
0.0538,0,0
0.0542,0,0
0.0546,0,0
0.055,0,0
0.0554,0,0
0.0558,0,0
0.0562,0,0
0.0566,0,0
0.057,0,0
0.0574,0,0
0.0578,0,0
0.0582,0,0
0.0586,0,0
0.059,0,0
0.0594,0,0
0.0598,0,0
0.0602,0,0
0.0606,0,0
0.061,0,0
0.0614,0,0
0.0618,0,0
0.0622,0,0
0.0626,0,0
0.063,0,0
0.0634,0,0
0.0638,0,0
0.0642,0,0
0.0646,0,0
0.065,0,0
0.0654,0,0
0.0658,0,0
0.0662,0,0
0.0666,0,0
0.067,0,0
0.0674,0,0
0.0678,0,0
0.0682,0,0
0.0686,0,0
0.069,0,0
0.0694,0,0
0.0698,0,0
0.0702,0.00592923,0.00594054
0.0706,0,0
0.071,0,0
0.0714,0,0
0.0718,0,0
0.0722,0,0
0.0726,0,0
0.073,0,0
0.0734,0,0
0.0738,0,0
0.0742,0,0
0.0746,0,0
0.075,0,0
0.0754,0,0
0.0758,0,0
0.0762,0,0
0.0766,0,0
0.077,0,0
0.0774,0.00507497,0.00508317
0.0778,0,0
0.0782,0,0
0.0786,0,0
0.079,0,0
0.0794,0,0
0.0798,0,0
0.0802,0,0
0.0806,0,0
0.081,0,0
0.0814,0,0
0.0818,0,0
0.0822,0,0
0.0826,0,0
0.083,0,0
0.0834,0,0
0.0838,0,0
0.0842,0,0
0.0846,0,0
0.085,0,0
0.0854,0,0
0.0858,0,0
0.0862,0.00581523,0.00582585
0.0866,0.0015436,0.00294181
0.087,0,0
0.0874,0,0
0.0878,0.000994805,0.00241198
0.0882,0.00574695,0.0057573
0.0886,0,0
0.089,0,0
0.0894,0,0
0.0898,0,0
0.0902,0,0
0.0906,0,0
0.091,0,0
0.0914,0,0
0.0918,0,0
0.0922,0,0
0.0926,0,0
0.093,0,0
0.0934,0,0
0.0938,0,0
0.0942,0,0
0.0946,0,0
0.095,0.00111845,0.00257669
0.0954,0,0
0.0958,0,0
0.0962,0,0
0.0966,0,0
0.097,0.00700805,0.00702325
0.0974,0,0
0.0978,0.00035195,0.00144478
0.0982,0,0
0.0986,0.00576107,0.00577133
0.099,0,0
0.0994,0,0
0.0998,0.00655076,0.006564
0.1002,0,0
0.1006,0,0
0.101,0,0
0.1014,0,0
0.1018,0,0
0.1022,0,0
0.1026,0,0
0.103,0,0
0.1034,0,0
0.1038,0,0
0.1042,0,0
0.1046,0,0
0.105,0,0
0.1054,0,0
0.1058,0,0
0.1062,0,0
0.1066,0,0
0.107,0,0
0.1074,0,0
0.1078,0.00763462,0.00765247
0.1082,0,0
0.1086,0,0
0.109,0,0
0.1094,0,0
0.1098,0.00728342,0.00729966
0.1102,0,0
0.1106,0,0
0.111,0.00858271,0.00860526
0.1114,0,0
0.1118,0,0
0.1122,0.00796743,0.00798686
0.1126,0,0
0.113,0,0
0.1134,0.0129545,0.0100833
0.1138,0,0
0.1142,0,0
0.1146,0,0
0.115,0,0
0.1154,0,0
0.1158,0,0
0.1162,0,0
0.1166,0,0
0.117,0,0
0.1174,0,0
0.1178,0,0
0.1182,0,0
0.1186,0,0
0.119,0,0
0.1194,0,0
0.1198,0,0
7
-0.1198,0,0
-0.1194,0,0
-0.119,0,0
-0.1186,0,0
-0.1182,0,0
-0.1178,0,0
-0.1174,0,0
-0.117,0,0
-0.1166,0,0
-0.1162,0,0
-0.1158,0,0
-0.1154,0,0
-0.115,0,0
-0.1146,0,0
-0.1142,0,0
-0.1138,0,0
-0.1134,0,0
-0.113,0,0
-0.1126,0,0
-0.1122,0,0
-0.1118,0,0
-0.1114,0.00520896,0.00521839
-0.111,0,0
-0.1106,0,0
-0.1102,0,0
-0.1098,0,0
-0.1094,0,0
-0.109,0,0
-0.1086,0,0
-0.1082,0,0
-0.1078,0,0
-0.1074,0,0
-0.107,0,0
-0.1066,0,0
-0.1062,0.00532634,0.00533625
-0.1058,0,0
-0.1054,0,0
-0.105,0,0
-0.1046,0,0
-0.1042,0,0
-0.1038,0,0
-0.1034,0,0
-0.103,0,0
-0.1026,0.00539716,0.00540736
-0.1022,0,0
-0.1018,0,0
-0.1014,0,0
-0.101,0,0
-0.1006,0,0
-0.1002,0,0
-0.0998,0,0
-0.0994,0,0
-0.099,0,0
-0.0986,0,0
-0.0982,0,0
-0.0978,0,0
-0.0974,0,0
-0.097,0,0
-0.0966,0,0
-0.0962,0,0
-0.0958,0,0
-0.0954,0,0
-0.095,0,0
-0.0946,0,0
-0.0942,0,0
-0.0938,0,0
-0.0934,0,0
-0.093,0,0
-0.0926,0,0
-0.0922,0,0
-0.0918,0,0
-0.0914,0,0
-0.091,0,0
-0.0906,0,0
-0.0902,0,0
-0.0898,0,0
-0.0894,0,0
-0.089,0,0
-0.0886,0,0
-0.0882,0,0
-0.0878,0,0
-0.0874,0,0
-0.087,0.00550447,0.00551521
-0.0866,0,0
-0.0862,0,0
-0.0858,0,0
-0.0854,0,0
-0.085,0,0
-0.0846,0,0
-0.0842,0,0
-0.0838,0,0
-0.0834,0,0
-0.083,0,0
-0.0826,0,0
-0.0822,0,0
-0.0818,0,0
-0.0814,0,0
-0.081,0,0
-0.0806,0,0
-0.0802,0,0
-0.0798,0,0
-0.0794,0,0
-0.079,0.00508878,0.00509793
-0.0786,0.00513295,0.00514226
-0.0782,0.00513408,0.00514339
-0.0778,0.00487402,0.00488241
-0.0774,0,0
-0.077,0.00536699,0.00537716
-0.0766,0,0
-0.0762,0,0
-0.0758,0,0
-0.0754,0,0
-0.075,0,0
-0.0746,0,0
-0.0742,0,0
-0.0738,0,0
-0.0734,0.00551027,0.00552096
-0.073,0,0
-0.0726,0,0
-0.0722,0,0
-0.0718,0,0
-0.0714,0,0
-0.071,0.00540736,0.00541763
-0.0706,0,0
-0.0702,0,0
-0.0698,0,0
-0.0694,0,0
-0.069,0,0
-0.0686,0,0
-0.0682,0,0
-0.0678,0,0
-0.0674,0,0
-0.067,0,0
-0.0666,0,0
-0.0662,0,0
-0.0658,0.00996773,0.00706054
-0.0654,0,0
-0.065,0,0
-0.0646,0,0
-0.0642,0,0
-0.0638,0,0
-0.0634,0,0
-0.063,0,0
-0.0626,0,0
-0.0622,0,0
-0.0618,0,0
-0.0614,0,0
-0.061,0,0
-0.0606,0,0
-0.0602,0,0
-0.0598,0.00529308,0.0053028
-0.0594,0,0
-0.059,0,0
-0.0586,0,0
-0.0582,0,0
-0.0578,0,0
-0.0574,0,0
-0.057,0,0
-0.0566,0,0
-0.0562,0,0
-0.0558,0,0
-0.0554,0,0
-0.055,0,0
-0.0546,0,0
-0.0542,0,0
-0.0538,0,0
-0.0534,0,0
-0.053,0,0
-0.0526,0,0
-0.0522,0,0
-0.0518,0,0
-0.0514,0,0
-0.051,0,0
-0.0506,0,0
-0.0502,0,0
-0.0498,0,0
-0.0494,0,0
-0.049,0,0
-0.0486,0,0
-0.0482,0,0
-0.0478,0,0
-0.0474,0,0
-0.047,0,0
-0.0466,0,0
-0.0462,0,0
-0.0458,0,0
-0.0454,0,0
-0.045,0,0
-0.0446,0,0
-0.0442,0,0
-0.0438,0,0
-0.0434,0,0
-0.043,0,0
-0.0426,0,0
-0.0422,0,0
-0.0418,0,0
-0.0414,0.00528684,0.00529629
-0.041,0,0
-0.0406,0,0
-0.0402,0,0
-0.0398,0,0
-0.0394,0,0
-0.039,0.00536167,0.00537136
-0.0386,0.010537,0.00746401
-0.0382,0,0
-0.0378,0,0
-0.0374,0,0
-0.037,0.00546705,0.00547709
-0.0366,0,0
-0.0362,0,0
-0.0358,0,0
-0.0354,0,0
-0.035,0,0
-0.0346,0,0
-0.0342,0,0
-0.0338,0,0
-0.0334,0,0
-0.033,0,0
-0.0326,0,0
-0.0322,0,0
-0.0318,0,0
-0.0314,0,0
-0.031,0,0
-0.0306,0,0
-0.0302,0.00520415,0.00521313
-0.0298,0,0
-0.0294,0.00534235,0.0053518
-0.029,0,0
-0.0286,0.00541914,0.00542885
-0.0282,0,0
-0.0278,0,0
-0.0274,0,0
-0.027,0,0
-0.0266,0.00686687,0.00617167
-0.0262,0,0
-0.0258,0,0
-0.0254,0,0
-0.025,0,0
-0.0246,0,0
-0.0242,0,0
-0.0238,0,0
-0.0234,0,0
-0.023,0,0
-0.0226,0,0
-0.0222,0,0
-0.0218,0,0
-0.0214,0,0
-0.021,0,0
-0.0206,0,0
-0.0202,0,0
-0.0198,0,0
-0.0194,0,0
-0.019,0,0
-0.0186,0,0
-0.0182,0,0
-0.0178,0,0
-0.0174,0,0
-0.017,0,0
-0.0166,0,0
-0.0162,0.0056502,0.00566049
-0.0158,0,0
-0.0154,0.00533733,0.0053465
-0.015,0.00545998,0.00546957
-0.0146,0.00587977,0.00589088
-0.0142,0.0025746,0.00389961
-0.0138,0,0
-0.0134,0,0
-0.013,0,0
-0.0126,0,0
-0.0122,0,0
-0.0118,0,0
-0.0114,0,0
-0.011,0,0
-0.0106,0.00572482,0.00573528
-0.0102,0.00566184,0.00567206
-0.0098,0.00558718,0.00559712
-0.0094,0,0
-0.009,0.0061174,0.0061293
-0.0086,0.00568186,0.00569212
-0.0082,0,0
-0.0078,0,0
-0.0074,0.00626889,0.00628136
-0.007,0,0
-0.0066,0,0
-0.0062,0,0
-0.0058,0.0114867,0.00813711
-0.0054,0.007987,0.0067962
-0.005,0.0058049,0.00581555
-0.0046,0.000651299,0.00200199
-0.0042,0.00330678,0.00431566
-0.0038,0,0
-0.0034,0.0117657,0.00833505
-0.003,0.0281436,0.0126096
-0.0026,0.045168,0.0159224
-0.0022,0.0776481,0.0213016
-0.0018,0.167219,0.0315645
-0.0014,0.343353,0.0455862
-0.001,0.40897,0.0498628
-0.0006,0.453264,0.0514376
-0.0002,0.629905,0.0621787
0.0002,0.671895,0.0636924
0.0006,0.555144,0.0577138
0.001,0.549951,0.0566089
0.0014,0.347704,0.0447922
0.0018,0.229481,0.0364462
0.0022,0.124059,0.02749
0.0026,0.111814,0.0257012
0.003,0.0660283,0.0207677
0.0034,0.0394509,0.0156874
0.0038,0,0
0.0042,0,0
0.0046,0.00612062,0.00613229
0.005,0.0174461,0.0100908
0.0054,0.0360999,0.01477
0.0058,0.0189103,0.0109413
0.0062,0.0222679,0.0119068
0.0066,0.00551567,0.00552512
0.007,0.0188681,0.010461
0.0074,0,0
0.0078,0,0
0.0082,0,0
0.0086,0,0
0.009,0,0
0.0094,0,0
0.0098,0,0
0.0102,0,0
0.0106,0,0
0.011,0.011192,0.00792855
0.0114,0,0
0.0118,0.00591469,0.00592551
0.0122,0,0
0.0126,0,0
0.013,0.00530538,0.00531408
0.0134,0.00578667,0.00579702
0.0138,0,0
0.0142,0,0
0.0146,0,0
0.015,0,0
0.0154,0.00444522,0.00526988
0.0158,0,0
0.0162,0,0
0.0166,0.00588441,0.00589511
0.017,0,0
0.0174,0,0
0.0178,0,0
0.0182,0,0
0.0186,0,0
0.019,0,0
0.0194,0,0
0.0198,0,0
0.0202,0,0
0.0206,0,0
0.021,0.00597626,0.00598733
0.0214,0.0057284,0.00573857
0.0218,0,0
0.0222,0,0
0.0226,0,0
0.023,0,0
0.0234,0,0
0.0238,0,0
0.0242,0,0
0.0246,0,0
0.025,0,0
0.0254,0,0
0.0258,0,0
0.0262,0,0
0.0266,0,0
0.027,0,0
0.0274,0,0
0.0278,0,0
0.0282,0,0
0.0286,0,0
0.029,0.00591865,0.00592957
0.0294,0,0
0.0298,0,0
0.0302,0,0
0.0306,0,0
0.031,0,0
0.0314,0,0
0.0318,0,0
0.0322,0,0
0.0326,0,0
0.033,0.00607122,0.00608275
0.0334,0,0
0.0338,0,0
0.0342,0,0
0.0346,0,0
0.035,0,0
0.0354,0,0
0.0358,0,0
0.0362,0,0
0.0366,0,0
0.037,0,0
0.0374,0,0
0.0378,0,0
0.0382,0,0
0.0386,0,0
0.039,0,0
0.0394,0,0
0.0398,0,0
0.0402,0,0
0.0406,0,0
0.041,0,0
0.0414,0,0
0.0418,0.00562493,0.00563492
0.0422,0,0
0.0426,0,0
0.043,0,0
0.0434,0.00159686,0.00306835
0.0438,0,0
0.0442,0,0
0.0446,0,0
0.045,0,0
0.0454,0.00182592,0.00315458
0.0458,0,0
0.0462,0,0
0.0466,0,0
0.047,0,0
0.0474,0.00604357,0.00605517
0.0478,0,0
0.0482,0,0
0.0486,0,0
0.049,0,0
0.0494,0,0
0.0498,0,0
0.0502,0,0
0.0506,0.0102675,0.00727212
0.051,0,0
0.0514,0,0
0.0518,0,0
0.0522,0,0
0.0526,0,0
0.053,0,0
0.0534,0,0
0.0538,0,0
0.0542,0,0
0.0546,0,0
0.055,0.00532752,0.00533662
0.0554,0.00532489,0.00533398
0.0558,0.0056003,0.00561036
0.0562,0,0
0.0566,0,0
0.057,0,0
0.0574,0,0
0.0578,0,0
0.0582,0,0
0.0586,0,0
0.059,0,0
0.0594,0,0
0.0598,0.00554343,0.00555334
0.0602,0,0
0.0606,0,0
0.061,0.0060078,0.00601945
0.0614,0,0
0.0618,0,0
0.0622,0,0
0.0626,0,0
0.063,0,0
0.0634,0,0
0.0638,0.00561689,0.00562711
0.0642,0,0
0.0646,0,0
0.065,0,0
0.0654,0,0
0.0658,0,0
0.0662,0,0
0.0666,0,0
0.067,0.00519719,0.00520598
0.0674,0,0
0.0678,0.0057032,0.0057138
0.0682,0,0
0.0686,0,0
0.069,0,0
0.0694,0,0
0.0698,0,0
0.0702,0.00559825,0.00560849
0.0706,0,0
0.071,0,0
0.0714,0,0
0.0718,0.00555184,0.00556194
0.0722,0.00559089,0.00560113
0.0726,0,0
0.073,0,0
0.0734,0,0
0.0738,0,0
0.0742,0,0
0.0746,0,0
0.075,0,0
0.0754,0,0
0.0758,0,0
0.0762,0,0
0.0766,0.00523955,0.00524858
0.077,0,0
0.0774,0,0
0.0778,0,0
0.0782,0,0
0.0786,0,0
0.079,0,0
0.0794,0,0
0.0798,0,0
0.0802,0,0
0.0806,0,0
0.081,0,0
0.0814,0,0
0.0818,0,0
0.0822,0.00582106,0.00583225
0.0826,0,0
0.083,0,0
0.0834,0,0
0.0838,0.00404482,0.00454877
0.0842,0.00549748,0.00550748
0.0846,0,0
0.085,0,0
0.0854,0,0
0.0858,0.00514241,0.00515116
0.0862,0,0
0.0866,0.00383553,0.00451652
0.087,0,0
0.0874,0,0
0.0878,0,0
0.0882,0,0
0.0886,0,0
0.089,0,0
0.0894,0,0
0.0898,0,0
0.0902,0,0
0.0906,0,0
0.091,0,0
0.0914,0.00580994,0.00582113
0.0918,0,0
0.0922,0,0
0.0926,0,0
0.093,0,0
0.0934,0,0
0.0938,0,0
0.0942,0,0
0.0946,0,0
0.095,0.00998658,0.00743476
0.0954,0,0
0.0958,0,0
0.0962,0,0
0.0966,0,0
0.097,0,0
0.0974,0,0
0.0978,0.005173,0.00534404
0.0982,0,0
0.0986,0,0
0.099,0,0
0.0994,0.00567862,0.00568934
0.0998,0.00608166,0.00609395
0.1002,0,0
0.1006,0,0
0.101,0,0
0.1014,0,0
0.1018,0,0
0.1022,0,0
0.1026,0,0
0.103,0,0
0.1034,0,0
0.1038,0,0
0.1042,0,0
0.1046,0,0
0.105,0,0
0.1054,0,0
0.1058,0,0
0.1062,0,0
0.1066,0,0
0.107,0,0
0.1074,0,0
0.1078,0,0
0.1082,0,0
0.1086,0,0
0.109,0,0
0.1094,0.00673985,0.00675488
0.1098,0,0
0.1102,0,0
0.1106,0,0
0.111,0.00775918,0.00777906
0.1114,0,0
0.1118,0,0
0.1122,0,0
0.1126,0,0
0.113,0.00286153,0.00458834
0.1134,0,0
0.1138,0.00745985,0.00747817
0.1142,0.00679596,0.00754704
0.1146,0,0
0.115,0,0
0.1154,0,0
0.1158,0,0
0.1162,0,0
0.1166,0.00849656,0.00852019
0.117,0,0
0.1174,0.00800767,0.00802863
0.1178,0,0
0.1182,0.00448827,0.00622984
0.1186,0,0
0.119,0,0
0.1194,0,0
0.1198,0,0
8
-0.1198,0,0
-0.1194,0,0
-0.119,0,0
-0.1186,0,0
-0.1182,0,0
-0.1178,0,0
-0.1174,0,0
-0.117,0,0
-0.1166,0,0
-0.1162,0,0
-0.1158,0,0
-0.1154,0,0
-0.115,0,0
-0.1146,0,0
-0.1142,0,0
-0.1138,0,0
-0.1134,0,0
-0.113,0,0
-0.1126,0.00394129,0.00394864
-0.1122,0,0
-0.1118,0,0
-0.1114,0,0
-0.111,0,0
-0.1106,0,0
-0.1102,0.00383142,0.00383836
-0.1098,0,0
-0.1094,0,0
-0.109,0,0
-0.1086,0,0
-0.1082,0,0
-0.1078,0.00398351,0.00399098
-0.1074,0.00444745,0.00445676
-0.107,0,0
-0.1066,0,0
-0.1062,0,0
-0.1058,0,0
-0.1054,0,0
-0.105,0,0
-0.1046,0,0
-0.1042,0,0
-0.1038,0,0
-0.1034,0,0
-0.103,0,0
-0.1026,0,0
-0.1022,0,0
-0.1018,0.00401469,0.00402221
-0.1014,0,0
-0.101,0,0
-0.1006,0,0
-0.1002,0,0
-0.0998,0,0
-0.0994,0.00436668,0.00437555
-0.099,0,0
-0.0986,0,0
-0.0982,0,0
-0.0978,0,0
-0.0974,0,0
-0.097,0,0
-0.0966,0,0
-0.0962,0,0
-0.0958,0,0
-0.0954,0,0
-0.095,0.00438144,0.00439031
-0.0946,0,0
-0.0942,0,0
-0.0938,0,0
-0.0934,0,0
-0.093,0,0
-0.0926,0,0
-0.0922,0.00410173,0.00410948
-0.0918,0,0
-0.0914,0,0
-0.091,0,0
-0.0906,0,0
-0.0902,0,0
-0.0898,0,0
-0.0894,0,0
-0.089,0,0
-0.0886,0,0
-0.0882,0,0
-0.0878,0,0
-0.0874,0,0
-0.087,0,0
-0.0866,0,0
-0.0862,0,0
-0.0858,0,0
-0.0854,0,0
-0.085,0,0
-0.0846,0,0
-0.0842,0,0
-0.0838,0,0
-0.0834,0,0
-0.083,0,0
-0.0826,0,0
-0.0822,0,0
-0.0818,0,0
-0.0814,0,0
-0.081,0,0
-0.0806,0,0
-0.0802,0,0
-0.0798,0,0
-0.0794,0,0
-0.079,0,0
-0.0786,0,0
-0.0782,0,0
-0.0778,0,0
-0.0774,0.00447793,0.004487
-0.077,0.00418607,0.00419399
-0.0766,0,0
-0.0762,0,0
-0.0758,0,0
-0.0754,0,0
-0.075,0,0
-0.0746,0,0
-0.0742,0,0
-0.0738,0,0
-0.0734,0,0
-0.073,0,0
-0.0726,0,0
-0.0722,0,0
-0.0718,0,0
-0.0714,0,0
-0.071,0.00433865,0.00434712
-0.0706,0,0
-0.0702,0.0038977,0.00390454
-0.0698,0.00397308,0.00398018
-0.0694,0,0
-0.069,0,0
-0.0686,0,0
-0.0682,0,0
-0.0678,0,0
-0.0674,0.00433568,0.00434412
-0.067,0,0
-0.0666,0,0
-0.0662,0,0
-0.0658,0.00775654,0.00549426
-0.0654,0,0
-0.065,0,0
-0.0646,0.00418621,0.00419407
-0.0642,0,0
-0.0638,0,0
-0.0634,0,0
-0.063,0,0
-0.0626,0,0
-0.0622,0.00449398,0.00450303
-0.0618,0,0
-0.0614,0,0
-0.061,0.00405299,0.00406035
-0.0606,0,0
-0.0602,0,0
-0.0598,0,0
-0.0594,0,0
-0.059,0,0
-0.0586,0,0
-0.0582,0,0
-0.0578,0,0
-0.0574,0,0
-0.057,0,0
-0.0566,0,0
-0.0562,0.00416262,0.00417037
-0.0558,0,0
-0.0554,0,0
-0.055,0,0
-0.0546,0,0
-0.0542,0,0
-0.0538,0,0
-0.0534,0,0
-0.053,0,0
-0.0526,0,0
-0.0522,0.00456585,0.00457518
-0.0518,0,0
-0.0514,0,0
-0.051,0,0
-0.0506,0,0
-0.0502,0,0
-0.0498,0,0
-0.0494,0,0
-0.049,0.00415622,0.00416395
-0.0486,0,0
-0.0482,0,0
-0.0478,0,0
-0.0474,0,0
-0.047,0,0
-0.0466,0,0
-0.0462,0,0
-0.0458,0,0
-0.0454,0.00406018,0.00406756
-0.045,0,0
-0.0446,0,0
-0.0442,0,0
-0.0438,0,0
-0.0434,0,0
-0.043,0.00423774,0.00424577
-0.0426,0,0
-0.0422,0,0
-0.0418,0.00399901,0.00400616
-0.0414,0.0039994,0.00400655
-0.041,0,0
-0.0406,0.00417962,0.00418742
-0.0402,0,0
-0.0398,0,0
-0.0394,0,0
-0.039,0,0
-0.0386,0.00396942,0.00397646
-0.0382,0,0
-0.0378,0.00401016,0.00401735
-0.0374,0.000843108,0.00186474
-0.037,0,0
-0.0366,0,0
-0.0362,0,0
-0.0358,0,0
-0.0354,0,0
-0.035,0,0
-0.0346,0,0
-0.0342,0,0
-0.0338,0,0
-0.0334,0,0
-0.033,0.00416071,0.00416844
-0.0326,0,0
-0.0322,0,0
-0.0318,0,0
-0.0314,0,0
-0.031,0,0
-0.0306,0,0
-0.0302,0,0
-0.0298,0,0
-0.0294,0,0
-0.029,0,0
-0.0286,0,0
-0.0282,0,0
-0.0278,0,0
-0.0274,0,0
-0.027,0,0
-0.0266,0.00726713,0.00549207
-0.0262,0.00417172,0.00417947
-0.0258,0,0
-0.0254,0,0
-0.025,0,0
-0.0246,0,0
-0.0242,0,0
-0.0238,0,0
-0.0234,0,0
-0.023,0,0
-0.0226,0.0039703,0.00397731
-0.0222,0,0
-0.0218,0,0
-0.0214,0.000532636,0.00142799
-0.021,0,0
-0.0206,0,0
-0.0202,0.00798767,0.0056687
-0.0198,0,0
-0.0194,0,0
-0.019,0.00451321,0.00452225
-0.0186,0.00394301,0.00394992
-0.0182,0.00383341,0.00383994
-0.0178,0,0
-0.0174,0,0
-0.017,0,0
-0.0166,0,0
-0.0162,0,0
-0.0158,0,0
-0.0154,0,0
-0.015,0,0
-0.0146,0,0
-0.0142,0.00541058,0.0048045
-0.0138,0,0
-0.0134,0,0
-0.013,0,0
-0.0126,0,0
-0.0122,0,0
-0.0118,0,0
-0.0114,0,0
-0.011,0.00849997,0.0060217
-0.0106,0,0
-0.0102,0,0
-0.0098,0,0
-0.0094,0.00381953,0.00382598
-0.009,0,0
-0.0086,0,0
-0.0082,0,0
-0.0078,0,0
-0.0074,0.00450236,0.00451131
-0.007,0.00854649,0.00616655
-0.0066,0,0
-0.0062,0,0
-0.0058,0.00411909,0.00412657
-0.0054,0.0107793,0.00667977
-0.005,0.0254228,0.0104017
-0.0046,0.00810233,0.00590071
-0.0042,0.0217824,0.00938103
-0.0038,0.0166816,0.00835721
-0.0034,0.0325406,0.0115326
-0.003,0.0605516,0.015612
-0.0026,0.075882,0.0174753
-0.0022,0.123911,0.0226967
-0.0018,0.239746,0.0318554
-0.0014,0.351004,0.0387124
-0.001,0.487707,0.0460919
-0.0006,0.765947,0.0564827
-0.0002,0.781621,0.0585208
0.0002,0.740635,0.0564504
0.0006,0.560025,0.0489262
0.001,0.471694,0.0443039
0.0014,0.30227,0.0352484
0.0018,0.191051,0.0279039
0.0022,0.167815,0.02681
0.0026,0.0920953,0.0196724
0.003,0.109216,0.0227744
0.0034,0.0300822,0.0115123
0.0038,0.0708941,0.0172324
0.0042,0.0241565,0.00989509
0.0046,0.012636,0.0073108
0.005,0.0165333,0.00828171
0.0054,0.0130373,0.00754143
0.0058,0.00882651,0.00625336
0.0062,0.0276536,0.010883
0.0066,0.0163037,0.00817301
0.007,0.0111464,0.00675866
0.0074,0.0139226,0.00805456
0.0078,0.00430472,0.00430574
0.0082,0.00858342,0.0060808
0.0086,0.0172668,0.00865512
0.009,0,0
0.0094,0,0
0.0098,0.00388297,0.00388956
0.0102,0.00388384,0.00389044
0.0106,0.00402333,0.00403041
0.011,0,0
0.0114,0.00824673,0.00584257
0.0118,0,0
0.0122,0,0
0.0126,0.00383881,0.00384524
0.013,0,0
0.0134,0,0
0.0138,0,0
0.0142,0,0
0.0146,0.00839367,0.00594609
0.015,0,0
0.0154,0.00126073,0.00236302
0.0158,0.0041176,0.00412499
0.0162,0.00391885,0.00392554
0.0166,0,0
0.017,0,0
0.0174,0.00385812,0.0038646
0.0178,0,0
0.0182,0,0
0.0186,0,0
0.019,0.00430627,0.00431434
0.0194,0,0
0.0198,0,0
0.0202,0,0
0.0206,0,0
0.021,0.00425969,0.00426757
0.0214,0,0
0.0218,0,0
0.0222,0,0
0.0226,0,0
0.023,0.00447196,0.00448065
0.0234,0,0
0.0238,0,0
0.0242,0,0
0.0246,0,0
0.025,0,0
0.0254,0,0
0.0258,0.00404354,0.00405063
0.0262,0,0
0.0266,0,0
0.027,0,0
0.0274,0,0
0.0278,0,0
0.0282,0,0
0.0286,0,0
0.029,0,0
0.0294,0,0
0.0298,0,0
0.0302,0.00844866,0.00598503
0.0306,0,0
0.031,0,0
0.0314,0,0
0.0318,0,0
0.0322,0,0
0.0326,0.00451856,0.00452738
0.033,0,0
0.0334,0,0
0.0338,0,0
0.0342,0,0
0.0346,0,0
0.035,0,0
0.0354,0.00416649,0.00417399
0.0358,0,0
0.0362,0,0
0.0366,0,0
0.037,0,0
0.0374,0,0
0.0378,0,0
0.0382,0,0
0.0386,0,0
0.039,0,0
0.0394,0.00426092,0.00426874
0.0398,0,0
0.0402,0,0
0.0406,0,0
0.041,0,0
0.0414,0,0
0.0418,0,0
0.0422,0,0
0.0426,0,0
0.043,0,0
0.0434,0,0
0.0438,0.00462046,0.00462963
0.0442,0,0
0.0446,0,0
0.045,0,0
0.0454,0,0
0.0458,0,0
0.0462,0,0
0.0466,0.00377527,0.00378138
0.047,0.0042399,0.00424762
0.0474,0.00447221,0.00448079
0.0478,0.00426317,0.00427097
0.0482,0,0
0.0486,0,0
0.049,0,0
0.0494,0,0
0.0498,0,0
0.0502,0,0
0.0506,0,0
0.051,0,0
0.0514,0,0
0.0518,0,0
0.0522,0,0
0.0526,0.0041915,0.004199
0.053,0,0
0.0534,0,0
0.0538,0,0
0.0542,0.00429926,0.00430715
0.0546,0,0
0.055,0,0
0.0554,0,0
0.0558,0.00421715,0.00422472
0.0562,0,0
0.0566,0.00435013,0.00435818
0.057,0,0
0.0574,0,0
0.0578,0,0
0.0582,0,0
0.0586,0,0
0.059,0,0
0.0594,0,0
0.0598,0.00416984,0.00417721
0.0602,0,0
0.0606,0,0
0.061,0,0
0.0614,0,0
0.0618,0,0
0.0622,0,0
0.0626,0.000776131,0.001806
0.063,0,0
0.0634,0,0
0.0638,0.00431689,0.00432475
0.0642,0,0
0.0646,0,0
0.065,0.00799925,0.00566586
0.0654,0.0086006,0.00610122
0.0658,0,0
0.0662,0,0
0.0666,0,0
0.067,0,0
0.0674,0.00438006,0.00438811
0.0678,0.00382972,0.00383586
0.0682,0,0
0.0686,0,0
0.069,0,0
0.0694,0,0
0.0698,0,0
0.0702,0,0
0.0706,0,0
0.071,0.00411011,0.00411716
0.0714,0,0
0.0718,0.00439564,0.00440369
0.0722,0,0
0.0726,0,0
0.073,0,0
0.0734,0,0
0.0738,0.00813279,0.00576048
0.0742,0,0
0.0746,0,0
0.075,0,0
0.0754,0,0
0.0758,0,0
0.0762,0,0
0.0766,0.00416263,0.0041698
0.077,0.00390172,0.00390802
0.0774,0,0
0.0778,0,0
0.0782,0.00473349,0.00474275
0.0786,0,0
0.079,0,0
0.0794,0,0
0.0798,0,0
0.0802,0,0
0.0806,0,0
0.081,0,0
0.0814,0,0
0.0818,0.00458952,0.00459819
0.0822,0.00467418,0.00468317
0.0826,0,0
0.083,0,0
0.0834,0,0
0.0838,0.000848264,0.00186921
0.0842,0,0
0.0846,0.00443138,0.00443944
0.085,0,0
0.0854,0,0
0.0858,0,0
0.0862,0,0
0.0866,0,0
0.087,0,0
0.0874,0,0
0.0878,0,0
0.0882,0,0
0.0886,0,0
0.089,0,0
0.0894,0.00398644,0.00399293
0.0898,0.00398824,0.00399473
0.0902,0,0
0.0906,0.00430157,0.00430911
0.091,0,0
0.0914,0,0
0.0918,0,0
0.0922,0,0
0.0926,0,0
0.093,0,0
0.0934,0,0
0.0938,0,0
0.0942,0,0
0.0946,0,0
0.095,0,0
0.0954,0,0
0.0958,0,0
0.0962,0,0
0.0966,0,0
0.097,0,0
0.0974,0,0
0.0978,0,0
0.0982,0,0
0.0986,0,0
0.099,0,0
0.0994,0,0
0.0998,0,0
0.1002,0,0
0.1006,0,0
0.101,0,0
0.1014,0,0
0.1018,0,0
0.1022,0,0
0.1026,0,0
0.103,0,0
0.1034,0,0
0.1038,0,0
0.1042,0,0
0.1046,0,0
0.105,0,0
0.1054,0,0
0.1058,0.00519542,0.0052063
0.1062,0,0
0.1066,0,0
0.107,0,0
0.1074,0,0
0.1078,0,0
0.1082,0,0
0.1086,0,0
0.109,0,0
0.1094,0,0
0.1098,0.00553643,0.00554877
0.1102,0,0
0.1106,0,0
0.111,0,0
0.1114,0,0
0.1118,0,0
0.1122,0,0
0.1126,0,0
0.113,0.0036491,0.00468661
0.1134,0,0
0.1138,0,0
0.1142,0.00125689,0.0029327
0.1146,0,0
0.115,0,0
0.1154,0,0
0.1158,0,0
0.1162,0,0
0.1166,0.00690631,0.00692552
0.117,0,0
0.1174,0,0
0.1178,0,0
0.1182,0.00333084,0.00483103
0.1186,0,0
0.119,0,0
0.1194,0,0
0.1198,0,0
9
-0.1198,0,0
-0.1194,0,0
-0.119,0,0
-0.1186,0,0
-0.1182,0,0
-0.1178,0,0
-0.1174,0,0
-0.117,0,0
-0.1166,0,0
-0.1162,0,0
-0.1158,0,0
-0.1154,0,0
-0.115,0,0
-0.1146,0,0
-0.1142,0,0
-0.1138,0,0
-0.1134,0,0
-0.113,0,0
-0.1126,0,0
-0.1122,0,0
-0.1118,0,0
-0.1114,0,0
-0.111,0,0
-0.1106,0,0
-0.1102,0,0
-0.1098,0,0
-0.1094,0,0
-0.109,0,0
-0.1086,0,0
-0.1082,0,0
-0.1078,0,0
-0.1074,0,0
-0.107,0,0
-0.1066,0,0
-0.1062,0,0
-0.1058,0,0
-0.1054,0,0
-0.105,0,0
-0.1046,0,0
-0.1042,0.003828,0.00383535
-0.1038,0,0
-0.1034,0,0
-0.103,0,0
-0.1026,0,0
-0.1022,0,0
-0.1018,0,0
-0.1014,0.00380331,0.0038106
-0.101,0,0
-0.1006,0,0
-0.1002,0,0
-0.0998,0,0
-0.0994,0,0
-0.099,0,0
-0.0986,0,0
-0.0982,0.00338891,0.00339473
-0.0978,0,0
-0.0974,0,0
-0.097,0.00366001,0.00366681
-0.0966,0,0
-0.0962,0,0
-0.0958,0,0
-0.0954,0,0
-0.095,0,0
-0.0946,0,0
-0.0942,0,0
-0.0938,0,0
-0.0934,0,0
-0.093,0,0
-0.0926,0,0
-0.0922,0,0
-0.0918,0.0035492,0.00355564
-0.0914,0,0
-0.091,0,0
-0.0906,0,0
-0.0902,0,0
-0.0898,0,0
-0.0894,0,0
-0.089,0,0
-0.0886,0,0
-0.0882,0.0035874,0.00359401
-0.0878,0,0
-0.0874,0,0
-0.087,0,0
-0.0866,0,0
-0.0862,0,0
-0.0858,0,0
-0.0854,0,0
-0.085,0,0
-0.0846,0,0
-0.0842,0,0
-0.0838,0,0
-0.0834,0,0
-0.083,0,0
-0.0826,0,0
-0.0822,0.00387153,0.00387928
-0.0818,0.00393944,0.00394747
-0.0814,0.00399343,0.00400168
-0.081,0,0
-0.0806,0,0
-0.0802,0,0
-0.0798,0,0
-0.0794,0,0
-0.079,0,0
-0.0786,0,0
-0.0782,0.00349302,0.00349935
-0.0778,0,0
-0.0774,0,0
-0.077,0,0
-0.0766,0,0
-0.0762,0,0
-0.0758,0.0035438,0.00355033
-0.0754,0,0
-0.075,0.00378379,0.00379124
-0.0746,0,0
-0.0742,0,0
-0.0738,0,0
-0.0734,0.0037188,0.003726
-0.073,0,0
-0.0726,0,0
-0.0722,0,0
-0.0718,0,0
-0.0714,0,0
-0.071,0,0
-0.0706,0,0
-0.0702,0.00335441,0.00336029
-0.0698,0,0
-0.0694,0,0
-0.069,0,0
-0.0686,0,0
-0.0682,0,0
-0.0678,0,0
-0.0674,0,0
-0.067,0,0
-0.0666,0.00335415,0.00336005
-0.0662,0,0
-0.0658,0,0
-0.0654,0.00327842,0.00328406
-0.065,0.00358094,0.00358767
-0.0646,0.00357977,0.0035865
-0.0642,0.00346406,0.00347037
-0.0638,0,0
-0.0634,0.00362676,0.00363367
-0.063,0,0
-0.0626,0,0
-0.0622,0,0
-0.0618,0,0
-0.0614,0,0
-0.061,0,0
-0.0606,0,0
-0.0602,0,0
-0.0598,0,0
-0.0594,0,0
-0.059,0,0
-0.0586,0,0
-0.0582,0.00383599,0.00384376
-0.0578,0,0
-0.0574,0,0
-0.057,0,0
-0.0566,0,0
-0.0562,0,0
-0.0558,0,0
-0.0554,0.00329859,0.00330434
-0.055,0.0033446,0.00335052
-0.0546,0.00346558,0.00347193
-0.0542,0,0
-0.0538,0.00365958,0.00366667
-0.0534,0,0
-0.053,0.00368641,0.00369361
-0.0526,0,0
-0.0522,0.00368472,0.00369192
-0.0518,0,0
-0.0514,0,0
-0.051,0.00330589,0.00331168
-0.0506,0,0
-0.0502,0,0
-0.0498,0,0
-0.0494,0,0
-0.049,0,0
-0.0486,0,0
-0.0482,0,0
-0.0478,0,0
-0.0474,0,0
-0.047,0.00358002,0.00358683
-0.0466,0,0
-0.0462,0.00360406,0.00361097
-0.0458,0.00355365,0.00356037
-0.0454,0,0
-0.045,0,0
-0.0446,0,0
-0.0442,0.00336562,0.00337166
-0.0438,0,0
-0.0434,0,0
-0.043,0,0
-0.0426,0,0
-0.0422,0,0
-0.0418,0.00349932,0.00350586
-0.0414,0,0
-0.041,0,0
-0.0406,0.00349127,0.00349779
-0.0402,0,0
-0.0398,0,0
-0.0394,0,0
-0.039,0,0
-0.0386,0.0033072,0.00331306
-0.0382,0,0
-0.0378,0,0
-0.0374,0.0027169,0.00305305
-0.037,0,0
-0.0366,0.00382898,0.00383685
-0.0362,0.00348547,0.003492
-0.0358,0.00348397,0.00349049
-0.0354,0,0
-0.035,0,0
-0.0346,0,0
-0.0342,0,0
-0.0338,0,0
-0.0334,0,0
-0.033,0,0
-0.0326,0.00340018,0.00340642
-0.0322,0,0
-0.0318,0,0
-0.0314,0,0
-0.031,0,0
-0.0306,0,0
-0.0302,0.00318882,0.00319432
-0.0298,0,0
-0.0294,0.00341366,0.00341997
-0.029,0,0
-0.0286,0,0
-0.0282,0,0
-0.0278,0,0
-0.0274,0,0
-0.027,0,0
-0.0266,0.00334931,0.00335541
-0.0262,0,0
-0.0258,0.00358228,0.00358926
-0.0254,0,0
-0.025,0,0
-0.0246,0.00324035,0.00324607
-0.0242,0.00327642,0.00328227
-0.0238,0.00706581,0.0050112
-0.0234,0.003693,0.00370044
-0.023,0,0
-0.0226,0,0
-0.0222,0.00357911,0.0035861
-0.0218,0,0
-0.0214,0.00266966,0.00288298
-0.021,0.00683853,0.00484462
-0.0206,0.00304607,0.00305115
-0.0202,0,0
-0.0198,0.00373146,0.00373909
-0.0194,0.00365829,0.00366563
-0.019,0,0
-0.0186,0,0
-0.0182,0.00319079,0.00319638
-0.0178,0,0
-0.0174,0.00355353,0.00356046
-0.017,0,0
-0.0166,0,0
-0.0162,0,0
-0.0158,0,0
-0.0154,0,0
-0.015,0,0
-0.0146,0,0
-0.0142,0.000987393,0.00183872
-0.0138,0,0
-0.0134,0.00360682,0.003614
-0.013,0,0
-0.0126,0.003037,0.0030421
-0.0122,0.00328878,0.00329477
-0.0118,0.00346067,0.0034673
-0.0114,0,0
-0.011,0,0
-0.0106,0.00329148,0.00329749
-0.0102,0,0
-0.0098,0,0
-0.0094,0.00956885,0.00553438
-0.009,0.00699947,0.004959
-0.0086,0.0134887,0.00676174
-0.0082,0.0066983,0.00474757
-0.0078,0.026245,0.00931796
-0.0074,0.0179054,0.00802358
-0.007,0.0242412,0.00913389
-0.0066,0.0196231,0.00803036
-0.0062,0.0310906,0.0098501
-0.0058,0.0065078,0.00461007
-0.0054,0.00323094,0.00323677
-0.005,0.0102067,0.00590594
-0.0046,0.0232129,0.00879141
-0.0042,0.0126602,0.00634135
-0.0038,0.00981468,0.00567776
-0.0034,0.0130171,0.00652336
-0.003,0.0346007,0.0104995
-0.0026,0.0439279,0.0117611
-0.0022,0.0851634,0.0168381
-0.0018,0.154109,0.0225809
-0.0014,0.230848,0.0278685
-0.001,0.345796,0.03432
-0.0006,0.46677,0.0390832
-0.0002,0.629998,0.046451
0.0002,0.547451,0.0429254
0.0006,0.433928,0.0380586
0.001,0.273435,0.0298382
0.0014,0.184179,0.0242953
0.0018,0.0829765,0.0163001
0.0022,0.0707773,0.0154171
0.0026,0.0650112,0.0145647
0.003,0.0464572,0.0130779
0.0034,0.0273416,0.00981879
0.0038,0.03165,0.0100353
0.0042,0.00675157,0.00478319
0.0046,0.00980788,0.00567452
0.005,0.012807,0.00641511
0.0054,0.00673799,0.00477356
0.0058,0.0172374,0.00772491
0.0062,0.0136807,0.00685926
0.0066,0.0161506,0.00723956
0.007,0.0191729,0.00784371
0.0074,0.0215229,0.0088046
0.0078,0.00987627,0.00571605
0.0082,0.00662685,0.0046947
0.0086,0.00642789,0.00455349
0.009,0.00369008,0.0036978
0.0094,0.00342567,0.00343233
0.0098,0,0
0.0102,0,0
0.0106,0,0
0.011,0,0
0.0114,0,0
0.0118,0,0
0.0122,0,0
0.0126,0.00582834,0.00412833
0.013,0.00288207,0.00288679
0.0134,0.00314207,0.00314769
0.0138,0.0034296,0.0034363
0.0142,0,0
0.0146,0.00321145,0.00321732
0.015,0,0
0.0154,0,0
0.0158,0,0
0.0162,0.00913291,0.00528245
0.0166,0,0
0.017,0.00294208,0.00294703
0.0174,0.00301037,0.00301554
0.0178,0.00319146,0.00319727
0.0182,0,0
0.0186,0,0
0.019,0,0
0.0194,0.00295226,0.00295724
0.0198,0,0
0.0202,0,0
0.0206,0.0033317,0.00333806
0.021,0.00666141,0.00471931
0.0214,0.00309874,0.00310424
0.0218,0.00638922,0.00452613
0.0222,0.00330969,0.00331597
0.0226,0.00330868,0.00331495
0.023,0,0
0.0234,0.00338481,0.00339138
0.0238,0,0
0.0242,0,0
0.0246,0,0
0.025,0,0
0.0254,0.00303776,0.00304306
0.0258,0.00305157,0.00305692
0.0262,0.00651256,0.0046137
0.0266,0.0032,0.00320589
0.027,0.00321704,0.00322299
0.0274,0.00328751,0.00329372
0.0278,0.00317858,0.00318439
0.0282,0,0
0.0286,0,0
0.029,0.00320466,0.00321057
0.0294,0,0
0.0298,0,0
0.0302,0,0
0.0306,0,0
0.031,0,0
0.0314,0,0
0.0318,0.00277653,0.00278098
0.0322,0,0
0.0326,0,0
0.033,0,0
0.0334,0.00301619,0.00302144
0.0338,0.00300792,0.00301314
0.0342,0,0
0.0346,0.00296036,0.00296543
0.035,0,0
0.0354,0,0
0.0358,0,0
0.0362,0,0
0.0366,0.00319081,0.0031967
0.037,0,0
0.0374,0,0
0.0378,0,0
0.0382,0.00545131,0.00386216
0.0386,0.0028564,0.00286112
0.039,0.00285581,0.00286053
0.0394,0,0
0.0398,0,0
0.0402,0.00313441,0.0031401
0.0406,0,0
0.041,0,0
0.0414,0,0
0.0418,0,0
0.0422,0,0
0.0426,0,0
0.043,0,0
0.0434,0.00960285,0.00555451
0.0438,0.00342311,0.00342991
0.0442,0,0
0.0446,0.00306555,0.003071
0.045,0.00301194,0.00301721
0.0454,0,0
0.0458,0,0
0.0462,0.00279021,0.00279473
0.0466,0.00278972,0.00279424
0.047,0.00313191,0.00313761
0.0474,0,0
0.0478,0.00319381,0.00319973
0.0482,0,0
0.0486,0,0
0.049,0.00310323,0.00310883
0.0494,0,0
0.0498,0,0
0.0502,0.00303933,0.0030447
0.0506,0.00582895,0.00413132
0.051,0,0
0.0514,0.00597003,0.00422879
0.0518,0,0
0.0522,0,0
0.0526,0.00608645,0.00431141
0.053,0,0
0.0534,0,0
0.0538,0,0
0.0542,0,0
0.0546,0,0
0.055,0,0
0.0554,0.00292261,0.0029276
0.0558,0,0
0.0562,0,0
0.0566,0,0
0.057,0.00305042,0.00305586
0.0574,0,0
0.0578,0,0
0.0582,0,0
0.0586,0,0
0.059,0,0
0.0594,0,0
0.0598,0,0
0.0602,0,0
0.0606,0,0
0.061,0.00313208,0.00313783
0.0614,0.00330511,0.00331151
0.0618,0,0
0.0622,0,0
0.0626,0.00245268,0.0027222
0.063,0,0
0.0634,0,0
0.0638,0.00309516,0.00310079
0.0642,0,0
0.0646,0,0
0.065,0.0029989,0.00300419
0.0654,0.00290871,0.00291369
0.0658,0,0
0.0662,0.00298527,0.00299052
0.0666,0,0
0.067,0,0
0.0674,0,0
0.0678,0,0
0.0682,0,0
0.0686,0,0
0.069,0,0
0.0694,0,0
0.0698,0,0
0.0702,0.00322324,0.00322938
0.0706,0,0
0.071,0,0
0.0714,0.00587356,0.00416046
0.0718,0.00306802,0.0030736
0.0722,0.00308976,0.00309542
0.0726,0.00792744,0.0045841
0.073,0,0
0.0734,0,0
0.0738,0,0
0.0742,0.00575679,0.00407777
0.0746,0,0
0.075,0.00290496,0.00290998
0.0754,0.00311652,0.00312229
0.0758,0,0
0.0762,0,0
0.0766,0.00289416,0.00289915
0.077,0.00304597,0.00305149
0.0774,0,0
0.0778,0,0
0.0782,0,0
0.0786,0,0
0.079,0.00300408,0.00300947
0.0794,0,0
0.0798,0.00306032,0.00306592
0.0802,0.00314435,0.00315026
0.0806,0,0
0.081,0.00301081,0.00301623
0.0814,0,0
0.0818,0,0
0.0822,0.00317087,0.00317689
0.0826,0.00633885,0.00449076
0.083,0.00300656,0.00301198
0.0834,0.00275187,0.00275641
0.0838,0,0
0.0842,0,0
0.0846,0,0
0.085,0,0
0.0854,0,0
0.0858,0.00282811,0.00283293
0.0862,0,0
0.0866,0.00277223,0.00277686
0.087,0,0
0.0874,0,0
0.0878,0,0
0.0882,0.0029857,0.00299108
0.0886,0,0
0.089,0.00286464,0.00286959
0.0894,0,0
0.0898,0,0
0.0902,0,0
0.0906,0,0
0.091,0,0
0.0914,0.00318751,0.00319365
0.0918,0,0
0.0922,0,0
0.0926,0,0
0.093,0,0
0.0934,0.00169431,0.00230593
0.0938,0,0
0.0942,0.00283662,0.00284149
0.0946,0,0
0.095,0.00301616,0.00302167
0.0954,0.00294408,0.00294933
0.0958,0,0
0.0962,0,0
0.0966,0.00295906,0.00296436
0.097,0,0
0.0974,0,0
0.0978,0,0
0.0982,0.00299583,0.00300127
0.0986,0,0
0.099,0.00912414,0.00527905
0.0994,0,0
0.0998,0.0033325,0.00333923
0.1002,0,0
0.1006,0,0
0.101,0,0
0.1014,0,0
0.1018,0,0
0.1022,0,0
0.1026,0.00329648,0.00330306
0.103,0.00656884,0.00465415
0.1034,0.00696072,0.00493236
0.1038,0.00351608,0.00352358
0.1042,0.00355148,0.00355913
0.1046,0.00349707,0.00350448
0.105,0,0
0.1054,0,0
0.1058,0.00345211,0.00345934
0.1062,0.00392316,0.00393249
0.1066,0,0
0.107,0.00380578,0.00381456
0.1074,0,0
0.1078,0,0
0.1082,0,0
0.1086,0,0
0.109,0.00749534,0.00531243
0.1094,0,0
0.1098,0,0
0.1102,0.0035336,0.00354118
0.1106,0.00434379,0.00435524
0.111,0,0
0.1114,0.00422035,0.00423116
0.1118,0,0
0.1122,0,0
0.1126,0,0
0.113,0,0
0.1134,0,0
0.1138,0,0
0.1142,0,0
0.1146,0,0
0.115,0.0039794,0.00398902
0.1154,0.00435272,0.00436423
0.1158,0,0
0.1162,0,0
0.1166,0,0
0.117,0,0
0.1174,0.00441629,0.00442814
0.1178,0,0
0.1182,0.00919158,0.00651767
0.1186,0,0
0.119,0,0
0.1194,0,0
0.1198,0,0
