# X , Y , E Distribution=true
1
-0.1198,0,0
-0.1194,0,0
-0.119,0,0
-0.1186,0,0
-0.1182,0,0
-0.1178,0,0
-0.1174,0,0
-0.117,0,0
-0.1166,0,0
-0.1162,0,0
-0.1158,0,0
-0.1154,0,0
-0.115,0,0
-0.1146,0,0
-0.1142,0,0
-0.1138,0,0
-0.1134,0,0
-0.113,0,0
-0.1126,0,0
-0.1122,0,0
-0.1118,0,0
-0.1114,0,0
-0.111,0,0
-0.1106,0,0
-0.1102,0,0
-0.1098,0,0
-0.1094,0,0
-0.109,0,0
-0.1086,0,0
-0.1082,0,0
-0.1078,0,0
-0.1074,0,0
-0.107,0,0
-0.1066,0,0
-0.1062,0,0
-0.1058,0,0
-0.1054,0,0
-0.105,0,0
-0.1046,0,0
-0.1042,0,0
-0.1038,0,0
-0.1034,0,0
-0.103,0,0
-0.1026,0,0
-0.1022,0,0
-0.1018,0,0
-0.1014,0,0
-0.101,0,0
-0.1006,0,0
-0.1002,0,0
-0.0998,0,0
-0.0994,0,0
-0.099,0,0
-0.0986,0,0
-0.0982,0,0
-0.0978,0,0
-0.0974,0,0
-0.097,0,0
-0.0966,0,0
-0.0962,0,0
-0.0958,0,0
-0.0954,0,0
-0.095,0,0
-0.0946,0,0
-0.0942,0,0
-0.0938,0,0
-0.0934,0,0
-0.093,0,0
-0.0926,0,0
-0.0922,0,0
-0.0918,0,0
-0.0914,0,0
-0.091,0.00717356,0.00988571
-0.0906,0,0
-0.0902,0,0
-0.0898,0,0
-0.0894,0,0
-0.089,0,0
-0.0886,0,0
-0.0882,0,0
-0.0878,0.0185273,0.0151831
-0.0874,0,0
-0.087,0,0
-0.0866,0,0
-0.0862,0,0
-0.0858,0,0
-0.0854,0.0112122,0.0112394
-0.085,0,0
-0.0846,0,0
-0.0842,0,0
-0.0838,0,0
-0.0834,0.0126127,0.0126362
-0.083,0,0
-0.0826,0,0
-0.0822,0,0
-0.0818,0,0
-0.0814,0,0
-0.081,0,0
-0.0806,0.00317836,0.00650653
-0.0802,0,0
-0.0798,0,0
-0.0794,0,0
-0.079,0,0
-0.0786,0,0
-0.0782,0,0
-0.0778,0,0
-0.0774,0,0
-0.077,0,0
-0.0766,0,0
-0.0762,0,0
-0.0758,0,0
-0.0754,0,0
-0.075,0,0
-0.0746,0,0
-0.0742,0,0
-0.0738,0,0
-0.0734,0.012464,0.0124869
-0.073,0,0
-0.0726,0,0
-0.0722,0,0
-0.0718,0,0
-0.0714,0,0
-0.071,0,0
-0.0706,0,0
-0.0702,0,0
-0.0698,0,0
-0.0694,0,0
-0.069,0,0
-0.0686,0,0
-0.0682,0,0
-0.0678,0,0
-0.0674,0,0
-0.067,0,0
-0.0666,0,0
-0.0662,0,0
-0.0658,0,0
-0.0654,0,0
-0.065,0,0
-0.0646,0,0
-0.0642,0,0
-0.0638,0,0
-0.0634,0,0
-0.063,0,0
-0.0626,0,0
-0.0622,0,0
-0.0618,0,0
-0.0614,0,0
-0.061,0,0
-0.0606,0,0
-0.0602,0,0
-0.0598,0,0
-0.0594,0,0
-0.059,0,0
-0.0586,0,0
-0.0582,0,0
-0.0578,0,0
-0.0574,0.0122088,0.0122305
-0.057,0,0
-0.0566,0,0
-0.0562,0,0
-0.0558,0,0
-0.0554,0.0127982,0.0128221
-0.055,0,0
-0.0546,0,0
-0.0542,0,0
-0.0538,0,0
-0.0534,0,0
-0.053,0,0
-0.0526,0,0
-0.0522,0,0
-0.0518,0,0
-0.0514,0,0
-0.051,0.012757,0.0127807
-0.0506,0,0
-0.0502,0,0
-0.0498,0,0
-0.0494,0,0
-0.049,0.0121005,0.0121218
-0.0486,0,0
-0.0482,0,0
-0.0478,0,0
-0.0474,0,0
-0.047,0,0
-0.0466,0.008448,0.0104128
-0.0462,0,0
-0.0458,0,0
-0.0454,0,0
-0.045,0.0124099,0.0124323
-0.0446,0,0
-0.0442,0,0
-0.0438,0,0
-0.0434,0,0
-0.043,0,0
-0.0426,0,0
-0.0422,0,0
-0.0418,0,0
-0.0414,0,0
-0.041,0,0
-0.0406,0,0
-0.0402,0,0
-0.0398,0.0129754,0.0129997
-0.0394,0,0
-0.039,0,0
-0.0386,0,0
-0.0382,0,0
-0.0378,0.0131606,0.0131857
-0.0374,0,0
-0.037,0,0
-0.0366,0,0
-0.0362,0,0
-0.0358,0,0
-0.0354,0,0
-0.035,0,0
-0.0346,0,0
-0.0342,0,0
-0.0338,0.0117284,0.0117482
-0.0334,0,0
-0.033,0,0
-0.0326,0,0
-0.0322,0,0
-0.0318,0,0
-0.0314,0,0
-0.031,0,0
-0.0306,0,0
-0.0302,0,0
-0.0298,0,0
-0.0294,0,0
-0.029,0,0
-0.0286,0,0
-0.0282,0,0
-0.0278,0,0
-0.0274,0,0
-0.027,0,0
-0.0266,0,0
-0.0262,0,0
-0.0258,0.0130917,0.0131164
-0.0254,0,0
-0.025,0,0
-0.0246,0,0
-0.0242,0,0
-0.0238,0,0
-0.0234,0,0
-0.023,0,0
-0.0226,0,0
-0.0222,0,0
-0.0218,0,0
-0.0214,0,0
-0.021,0.0133853,0.013411
-0.0206,0,0
-0.0202,0.0127522,0.0127755
-0.0198,0,0
-0.0194,0,0
-0.019,0,0
-0.0186,0,0
-0.0182,0,0
-0.0178,0,0
-0.0174,0,0
-0.017,0,0
-0.0166,0,0
-0.0162,0,0
-0.0158,0.0110628,0.0117364
-0.0154,0.0224067,0.0170155
-0.015,0,0
-0.0146,0,0
-0.0142,0,0
-0.0138,0,0
-0.0134,0,0
-0.013,0,0
-0.0126,0.0135134,0.0135395
-0.0122,0,0
-0.0118,0,0
-0.0114,0,0
-0.011,0,0
-0.0106,0.0389759,0.0225447
-0.0102,0,0
-0.0098,0,0
-0.0094,0.0121616,0.0121827
-0.009,0.0128072,0.0128306
-0.0086,0,0
-0.0082,0,0
-0.0078,0.00409795,0.00708047
-0.0074,0,0
-0.007,0,0
-0.0066,0,0
-0.0062,0,0
-0.0058,0.0264587,0.0187445
-0.0054,0.0262868,0.0186271
-0.005,0.0390281,0.0225752
-0.0046,0,0
-0.0042,0.0273446,0.0193733
-0.0038,0.0687228,0.030805
-0.0034,0.077445,0.0332997
-0.003,0.115744,0.0390208
-0.0026,0.169302,0.0483769
-0.0022,0.453457,0.0773284
-0.0018,0.767611,0.0972195
-0.0014,1.39804,0.131682
-0.001,1.92433,0.158389
-0.0006,2.19203,0.165282
-0.0002,2.47818,0.171995
0.0002,1.84864,0.15295
0.0006,1.81142,0.156943
0.001,1.02029,0.114823
0.0014,0.480168,0.076298
0.0018,0.371857,0.0709176
0.0022,0.0864798,0.0353882
0.0026,0.0267409,0.0189481
0.003,0,0
0.0034,0.0139705,0.0139981
0.0038,0.0136073,0.0136335
0.0042,0.0124604,0.0124824
0.0046,0.0216514,0.0164559
0.005,0.0129994,0.0130233
0.0054,0.0129558,0.0129796
0.0058,0.0126161,0.0126386
0.0062,0,0
0.0066,0,0
0.007,0.0130844,0.0131086
0.0074,0,0
0.0078,0,0
0.0082,0,0
0.0086,0,0
0.009,0,0
0.0094,0,0
0.0098,0,0
0.0102,0,0
0.0106,0,0
0.011,0,0
0.0114,0.0131179,0.0131421
0.0118,0,0
0.0122,0,0
0.0126,0,0
0.013,0,0
0.0134,0,0
0.0138,0,0
0.0142,0,0
0.0146,0,0
0.015,0,0
0.0154,0,0
0.0158,0,0
0.0162,0,0
0.0166,0,0
0.017,0,0
0.0174,0,0
0.0178,0,0
0.0182,0.0246704,0.0174754
0.0186,0,0
0.019,0,0
0.0194,0,0
0.0198,0.00386759,0.00742489
0.0202,0.0135304,0.0135561
0.0206,0,0
0.021,0,0
0.0214,0,0
0.0218,0,0
0.0222,0,0
0.0226,0,0
0.023,0.0128114,0.0128345
0.0234,0,0
0.0238,0,0
0.0242,0,0
0.0246,0,0
0.025,0,0
0.0254,0,0
0.0258,0,0
0.0262,0.013336,0.0133609
0.0266,0,0
0.027,0,0
0.0274,0,0
0.0278,0,0
0.0282,0.016379,0.0145368
0.0286,0,0
0.029,0,0
0.0294,0,0
0.0298,0,0
0.0302,0,0
0.0306,0,0
0.031,0,0
0.0314,0,0
0.0318,0,0
0.0322,0,0
0.0326,0,0
0.033,0,0
0.0334,0,0
0.0338,0.0135182,0.0135437
0.0342,0,0
0.0346,0,0
0.035,0,0
0.0354,0,0
0.0358,0,0
0.0362,0,0
0.0366,0.0124105,0.012432
0.037,0,0
0.0374,0,0
0.0378,0,0
0.0382,0,0
0.0386,0.012984,0.0130075
0.039,0,0
0.0394,0,0
0.0398,0,0
0.0402,0,0
0.0406,0,0
0.041,0,0
0.0414,0,0
0.0418,0,0
0.0422,0,0
0.0426,0,0
0.043,0,0
0.0434,0,0
0.0438,0,0
0.0442,0,0
0.0446,0,0
0.045,0,0
0.0454,0.0136542,0.01368
0.0458,0,0
0.0462,0,0
0.0466,0,0
0.047,0,0
0.0474,0,0
0.0478,0,0
0.0482,0,0
0.0486,0,0
0.049,0,0
0.0494,0,0
0.0498,0,0
0.0502,0,0
0.0506,0,0
0.051,0,0
0.0514,0,0
0.0518,0,0
0.0522,0,0
0.0526,0,0
0.053,0,0
0.0534,0,0
0.0538,0,0
0.0542,0,0
0.0546,0,0
0.055,0,0
0.0554,0,0
0.0558,0,0
0.0562,0,0
0.0566,0,0
0.057,0,0
0.0574,0,0
0.0578,0,0
0.0582,0,0
0.0586,0,0
0.059,0,0
0.0594,0,0
0.0598,0,0
0.0602,0,0
0.0606,0,0
0.061,0,0
0.0614,0,0
0.0618,0,0
0.0622,0,0
0.0626,0,0
0.063,0,0
0.0634,0,0
0.0638,0,0
0.0642,0.0141871,0.0142148
0.0646,0,0
0.065,0,0
0.0654,0,0
0.0658,0,0
0.0662,0,0
0.0666,0,0
0.067,0,0
0.0674,0,0
0.0678,0,0
0.0682,0,0
0.0686,0,0
0.069,0.00848148,0.0103001
0.0694,0,0
0.0698,0,0
0.0702,0,0
0.0706,0.00566264,0.00854043
0.071,0,0
0.0714,0,0
0.0718,0,0
0.0722,0,0
0.0726,0,0
0.073,0,0
0.0734,0,0
0.0738,0,0
0.0742,0,0
0.0746,0,0
0.075,0,0
0.0754,0,0
0.0758,0,0
0.0762,0,0
0.0766,0,0
0.077,0,0
0.0774,0,0
0.0778,0,0
0.0782,0,0
0.0786,0,0
0.079,0,0
0.0794,0,0
0.0798,0,0
0.0802,0,0
0.0806,0,0
0.081,0,0
0.0814,0,0
0.0818,0,0
0.0822,0,0
0.0826,0.000544316,0.00257697
0.083,0,0
0.0834,0,0
0.0838,0,0
0.0842,0,0
0.0846,0,0
0.085,0,0
0.0854,0,0
0.0858,0,0
0.0862,0,0
0.0866,0,0
0.087,0,0
0.0874,0,0
0.0878,0,0
0.0882,0,0
0.0886,0,0
0.089,0,0
0.0894,0,0
0.0898,0,0
0.0902,0,0
0.0906,0,0
0.091,0,0
0.0914,0,0
0.0918,0,0
0.0922,0,0
0.0926,0,0
0.093,0,0
0.0934,0,0
0.0938,0,0
0.0942,0,0
0.0946,0,0
0.095,0,0
0.0954,0,0
0.0958,0,0
0.0962,0,0
0.0966,0,0
0.097,0,0
0.0974,0,0
0.0978,0,0
0.0982,0,0
0.0986,0,0
0.099,0.0145076,0.014536
0.0994,0,0
0.0998,0,0
0.1002,0,0
0.1006,0.00531149,0.00890828
0.101,0,0
0.1014,0,0
0.1018,0,0
0.1022,0,0
0.1026,0,0
0.103,0,0
0.1034,0,0
0.1038,0,0
0.1042,0,0
0.1046,0,0
0.105,0,0
0.1054,0,0
0.1058,0,0
0.1062,0,0
0.1066,0,0
0.107,0,0
0.1074,0,0
0.1078,0,0
0.1082,0,0
0.1086,0,0
0.109,0,0
0.1094,0.01101,0.0130115
0.1098,0,0
0.1102,0,0
0.1106,0,0
0.111,0.0128843,0.0160438
0.1114,0,0
0.1118,0,0
0.1122,0,0
0.1126,0,0
0.113,0,0
0.1134,0,0
0.1138,0,0
0.1142,0.000967883,0.00454758
0.1146,0,0
0.115,0,0
0.1154,0,0
0.1158,0,0
0.1162,0,0
0.1166,0,0
0.117,0,0
0.1174,0,0
0.1178,0,0
0.1182,0,0
0.1186,0,0
0.119,0,0
0.1194,0,0
0.1198,0,0
2
-0.1198,0,0
-0.1194,0,0
-0.119,0,0
-0.1186,0,0
-0.1182,0,0
-0.1178,0,0
-0.1174,0,0
-0.117,0,0
-0.1166,0,0
-0.1162,0,0
-0.1158,0,0
-0.1154,0,0
-0.115,0,0
-0.1146,0,0
-0.1142,0,0
-0.1138,0,0
-0.1134,0,0
-0.113,0,0
-0.1126,0,0
-0.1122,0,0
-0.1118,0,0
-0.1114,0,0
-0.111,0,0
-0.1106,0,0
-0.1102,0,0
-0.1098,0,0
-0.1094,0,0
-0.109,0,0
-0.1086,0,0
-0.1082,0,0
-0.1078,0,0
-0.1074,0,0
-0.107,0,0
-0.1066,0,0
-0.1062,0,0
-0.1058,0,0
-0.1054,0,0
-0.105,0,0
-0.1046,0,0
-0.1042,0,0
-0.1038,0,0
-0.1034,0,0
-0.103,0,0
-0.1026,0,0
-0.1022,0,0
-0.1018,0,0
-0.1014,0,0
-0.101,0,0
-0.1006,0,0
-0.1002,0,0
-0.0998,0.00598064,0.00599204
-0.0994,0,0
-0.099,0,0
-0.0986,0,0
-0.0982,0,0
-0.0978,0,0
-0.0974,0,0
-0.097,0,0
-0.0966,0,0
-0.0962,0,0
-0.0958,0,0
-0.0954,0,0
-0.095,0,0
-0.0946,0,0
-0.0942,0.00547173,0.00548126
-0.0938,0,0
-0.0934,0,0
-0.093,0,0
-0.0926,0,0
-0.0922,0,0
-0.0918,0,0
-0.0914,0.00553405,0.0055438
-0.091,0,0
-0.0906,0,0
-0.0902,0,0
-0.0898,0,0
-0.0894,0,0
-0.089,0,0
-0.0886,0,0
-0.0882,0,0
-0.0878,0.00274808,0.00387939
-0.0874,0,0
-0.087,0,0
-0.0866,0,0
-0.0862,0.00578327,0.0057939
-0.0858,0,0
-0.0854,0,0
-0.085,0,0
-0.0846,0,0
-0.0842,0,0
-0.0838,0,0
-0.0834,0,0
-0.083,0,0
-0.0826,0,0
-0.0822,0,0
-0.0818,0.0055479,0.00555767
-0.0814,0,0
-0.081,0,0
-0.0806,0.00467901,0.00537609
-0.0802,0,0
-0.0798,0,0
-0.0794,0,0
-0.079,0,0
-0.0786,0,0
-0.0782,0,0
-0.0778,0,0
-0.0774,0,0
-0.077,0,0
-0.0766,0,0
-0.0762,0,0
-0.0758,0,0
-0.0754,0,0
-0.075,0.00598877,0.00600014
-0.0746,0,0
-0.0742,0,0
-0.0738,0.00577068,0.00578123
-0.0734,0,0
-0.073,0,0
-0.0726,0,0
-0.0722,0,0
-0.0718,0,0
-0.0714,0,0
-0.071,0,0
-0.0706,0,0
-0.0702,0.00617422,0.00618629
-0.0698,0,0
-0.0694,0,0
-0.069,0,0
-0.0686,0,0
-0.0682,0,0
-0.0678,0,0
-0.0674,0,0
-0.067,0.00583606,0.00584684
-0.0666,0,0
-0.0662,0,0
-0.0658,0,0
-0.0654,0,0
-0.065,0,0
-0.0646,0,0
-0.0642,0,0
-0.0638,0,0
-0.0634,0,0
-0.063,0.00620004,0.00621219
-0.0626,0,0
-0.0622,0,0
-0.0618,0,0
-0.0614,0,0
-0.061,0,0
-0.0606,0,0
-0.0602,0,0
-0.0598,0,0
-0.0594,0,0
-0.059,0,0
-0.0586,0.00586994,0.00588083
-0.0582,0,0
-0.0578,0,0
-0.0574,0,0
-0.057,0.00587223,0.00588312
-0.0566,0,0
-0.0562,0,0
-0.0558,0,0
-0.0554,0,0
-0.055,0,0
-0.0546,0,0
-0.0542,0,0
-0.0538,0,0
-0.0534,0.0124001,0.00879905
-0.053,0,0
-0.0526,0,0
-0.0522,0,0
-0.0518,0,0
-0.0514,0.0058931,0.00590405
-0.051,0,0
-0.0506,0,0
-0.0502,0,0
-0.0498,0,0
-0.0494,0,0
-0.049,0,0
-0.0486,0,0
-0.0482,0,0
-0.0478,0,0
-0.0474,0,0
-0.047,0,0
-0.0466,0,0
-0.0462,0,0
-0.0458,0,0
-0.0454,0,0
-0.045,0,0
-0.0446,0,0
-0.0442,0,0
-0.0438,0,0
-0.0434,0,0
-0.043,0,0
-0.0426,0,0
-0.0422,0.0058087,0.00581932
-0.0418,0,0
-0.0414,0,0
-0.041,0,0
-0.0406,0,0
-0.0402,0.0058788,0.00588967
-0.0398,0.00596044,0.00597161
-0.0394,0,0
-0.039,0,0
-0.0386,0,0
-0.0382,0.00645602,0.00646913
-0.0378,0.00604302,0.0060545
-0.0374,0,0
-0.037,0,0
-0.0366,0.0060474,0.00605889
-0.0362,0,0
-0.0358,0,0
-0.0354,0,0
-0.035,0,0
-0.0346,0,0
-0.0342,0,0
-0.0338,0.00609882,0.00611051
-0.0334,0,0
-0.033,0,0
-0.0326,0.00581589,0.00582651
-0.0322,0,0
-0.0318,0,0
-0.0314,0,0
-0.031,0,0
-0.0306,0,0
-0.0302,0,0
-0.0298,0,0
-0.0294,0,0
-0.029,0,0
-0.0286,0,0
-0.0282,0,0
-0.0278,0,0
-0.0274,0.00584678,0.00585751
-0.027,0,0
-0.0266,0,0
-0.0262,0,0
-0.0258,0,0
-0.0254,0.00623174,0.00624391
-0.025,0,0
-0.0246,0,0
-0.0242,0.00664646,0.0066603
-0.0238,0,0
-0.0234,0.00594142,0.00595248
-0.023,0,0
-0.0226,0.00590869,0.00591963
-0.0222,0,0
-0.0218,0,0
-0.0214,0,0
-0.021,0.00612142,0.00613315
-0.0206,0,0
-0.0202,0,0
-0.0198,0,0
-0.0194,0.00570064,0.00571081
-0.019,0.00601852,0.00602986
-0.0186,0.00559314,0.00560293
-0.0182,0,0
-0.0178,0,0
-0.0174,0,0
-0.017,0,0
-0.0166,0,0
-0.0162,0,0
-0.0158,0,0
-0.0154,0.0015323,0.00301348
-0.015,0,0
-0.0146,0,0
-0.0142,0,0
-0.0138,0,0
-0.0134,0,0
-0.013,0,0
-0.0126,0,0
-0.0122,0,0
-0.0118,0.00557114,0.00558084
-0.0114,0,0
-0.011,0.0118546,0.00840178
-0.0106,0.0115014,0.00814736
-0.0102,0.00597804,0.00598921
-0.0098,0.00554441,0.00555402
-0.0094,0.00554488,0.00555448
-0.009,0.00548186,0.00549125
-0.0086,0.00515903,0.00553094
-0.0082,0,0
-0.0078,0.0036883,0.00453461
-0.0074,0.0168069,0.00972065
-0.007,0,0
-0.0066,0,0
-0.0062,0.0183003,0.0105858
-0.0058,0,0
-0.0054,3.40777e-06,0.000142056
-0.005,0.00590028,0.00591114
-0.0046,0.00610874,0.00612039
-0.0042,0.0123469,0.00874769
-0.0038,0.037073,0.0151674
-0.0034,0.0311509,0.0143072
-0.003,0.0422678,0.0160293
-0.0026,0.0489323,0.017687
-0.0022,0.166235,0.0319061
-0.0018,0.251284,0.0375161
-0.0014,0.618756,0.059053
-0.001,0.891333,0.072624
-0.0006,1.1551,0.0810873
-0.0002,1.38617,0.0866925
0.0002,1.36845,0.0887978
0.0006,0.962934,0.0771288
0.001,0.655579,0.0622419
0.0014,0.328683,0.0427384
0.0018,0.220231,0.0366886
0.0022,0.0997813,0.0253321
0.0026,0.0304916,0.0136646
0.003,0.0279127,0.012512
0.0034,0.0190386,0.0110137
0.0038,0,0
0.0042,0.012362,0.00875813
0.0046,0.0014869,0.00290595
0.005,0.00590223,0.00591308
0.0054,0.0117632,0.0083331
0.0058,0.00573547,0.00574572
0.0062,0,0
0.0066,0,0
0.007,0.00593679,0.00594776
0.0074,0.00582602,0.00583658
0.0078,0.0121136,0.0085818
0.0082,0.00579327,0.00580371
0.0086,0,0
0.009,0,0
0.0094,0,0
0.0098,0,0
0.0102,0.00569428,0.00570437
0.0106,0,0
0.011,0,0
0.0114,0,0
0.0118,0,0
0.0122,0,0
0.0126,0,0
0.013,0.00585434,0.005865
0.0134,0,0
0.0138,0,0
0.0142,0,0
0.0146,0,0
0.015,0,0
0.0154,0.00581843,0.00582895
0.0158,0.00567065,0.00568065
0.0162,0.00597269,0.00598378
0.0166,0,0
0.017,0,0
0.0174,0,0
0.0178,0,0
0.0182,0,0
0.0186,0,0
0.019,0,0
0.0194,0,0
0.0198,0.0110825,0.00844858
0.0202,0,0
0.0206,0,0
0.021,0,0
0.0214,0,0
0.0218,0,0
0.0222,0,0
0.0226,0,0
0.023,0,0
0.0234,0.00578341,0.00579379
0.0238,0,0
0.0242,0,0
0.0246,0,0
0.025,0,0
0.0254,0,0
0.0258,0,0
0.0262,0,0
0.0266,0,0
0.027,0,0
0.0274,0,0
0.0278,0,0
0.0282,0.0101673,0.00775415
0.0286,0,0
0.029,0,0
0.0294,0,0
0.0298,0,0
0.0302,0,0
0.0306,0,0
0.031,0.00615592,0.00616765
0.0314,0.006042,0.0060533
0.0318,0,0
0.0322,0.00556527,0.00557486
0.0326,0,0
0.033,0,0
0.0334,0,0
0.0338,0,0
0.0342,0,0
0.0346,0,0
0.035,0.00575706,0.00576732
0.0354,0.00556316,0.00557274
0.0358,0,0
0.0362,0,0
0.0366,0,0
0.037,0,0
0.0374,0,0
0.0378,0,0
0.0382,0,0
0.0386,0,0
0.039,0,0
0.0394,0,0
0.0398,0,0
0.0402,0,0
0.0406,0,0
0.041,0,0
0.0414,0,0
0.0418,0,0
0.0422,0,0
0.0426,0.00602525,0.00603646
0.043,0,0
0.0434,0,0
0.0438,0,0
0.0442,0,0
0.0446,0,0
0.045,0,0
0.0454,0,0
0.0458,0,0
0.0462,0.00554444,0.00555393
0.0466,0,0
0.047,0,0
0.0474,0,0
0.0478,0,0
0.0482,0,0
0.0486,0,0
0.049,0,0
0.0494,0,0
0.0498,0,0
0.0502,0,0
0.0506,0,0
0.051,0,0
0.0514,0,0
0.0518,0,0
0.0522,0,0
0.0526,0.00560013,0.00560979
0.053,0,0
0.0534,0,0
0.0538,0.00995152,0.00750406
0.0542,0,0
0.0546,0,0
0.055,0,0
0.0554,0,0
0.0558,0,0
0.0562,0,0
0.0566,0,0
0.057,0,0
0.0574,0.00580428,0.00581466
0.0578,0,0
0.0582,0,0
0.0586,0.00563109,0.00564085
0.059,0,0
0.0594,0,0
0.0598,0,0
0.0602,0.00616669,0.00617839
0.0606,0,0
0.061,0,0
0.0614,0,0
0.0618,0,0
0.0622,0.00579239,0.00580271
0.0626,0,0
0.063,0,0
0.0634,0,0
0.0638,0,0
0.0642,0,0
0.0646,0.00546057,0.00546973
0.065,0,0
0.0654,0,0
0.0658,0,0
0.0662,0,0
0.0666,0,0
0.067,0.00556121,0.00557071
0.0674,0.00569217,0.00570212
0.0678,0,0
0.0682,0,0
0.0686,0,0
0.069,0,0
0.0694,0,0
0.0698,0,0
0.0702,0.00553717,0.00554658
0.0706,0.00319381,0.00427985
0.071,0,0
0.0714,0,0
0.0718,0,0
0.0722,0,0
0.0726,0,0
0.073,0,0
0.0734,0,0
0.0738,0,0
0.0742,0,0
0.0746,0,0
0.075,0,0
0.0754,0,0
0.0758,0,0
0.0762,0,0
0.0766,0,0
0.077,0.0057173,0.00572732
0.0774,0,0
0.0778,0,0
0.0782,0,0
0.0786,0,0
0.079,0,0
0.0794,0,0
0.0798,0,0
0.0802,0,0
0.0806,0,0
0.081,0,0
0.0814,0.00592996,0.00594072
0.0818,0,0
0.0822,0,0
0.0826,0.0107216,0.00768144
0.083,0,0
0.0834,0,0
0.0838,0,0
0.0842,0.00614549,0.00615704
0.0846,0,0
0.085,0,0
0.0854,0,0
0.0858,0,0
0.0862,0,0
0.0866,0,0
0.087,0,0
0.0874,0,0
0.0878,0,0
0.0882,0.00594605,0.00595685
0.0886,0,0
0.089,0,0
0.0894,0,0
0.0898,0,0
0.0902,0,0
0.0906,0,0
0.091,0,0
0.0914,0,0
0.0918,0,0
0.0922,0,0
0.0926,0,0
0.093,0,0
0.0934,0,0
0.0938,0,0
0.0942,0,0
0.0946,0,0
0.095,0,0
0.0954,0.00570796,0.0057179
0.0958,0,0
0.0962,0.000870859,0.00224052
0.0966,0,0
0.097,0.0063596,0.00637193
0.0974,0,0
0.0978,0,0
0.0982,0,0
0.0986,0,0
0.099,0,0
0.0994,0,0
0.0998,0,0
0.1002,0,0
0.1006,0.00422405,0.00527797
0.101,0,0
0.1014,0,0
0.1018,0,0
0.1022,0,0
0.1026,0,0
0.103,0,0
0.1034,0,0
0.1038,0,0
0.1042,0,0
0.1046,0,0
0.105,0,0
0.1054,0.00770225,0.00772029
0.1058,0,0
0.1062,0,0
0.1066,0,0
0.107,0,0
0.1074,0,0
0.1078,0,0
0.1082,0,0
0.1086,0,0
0.109,0,0
0.1094,0.00189548,0.00358273
0.1098,0,0
0.1102,0,0
0.1106,0,0
0.111,0.00307603,0.00520105
0.1114,0,0
0.1118,0,0
0.1122,0,0
0.1126,0,0
0.113,0,0
0.1134,0.0183063,0.0129805
0.1138,0,0
0.1142,0.0089184,0.00915462
0.1146,0,0
0.115,0,0
0.1154,0,0
0.1158,0,0
0.1162,0,0
0.1166,0,0
0.117,0,0
0.1174,0,0
0.1178,0,0
0.1182,0,0
0.1186,0,0
0.119,0,0
0.1194,0,0
0.1198,0,0
3
-0.1198,0,0
-0.1194,0,0
-0.119,0.00604632,0.00605756
-0.1186,0.00638986,0.0064024
-0.1182,0,0
-0.1178,0.00593011,0.00594091
-0.1174,0,0
-0.117,0,0
-0.1166,0,0
-0.1162,0,0
-0.1158,0.0111732,0.00791424
-0.1154,0,0
-0.115,0.00198236,0.00352025
-0.1146,0,0
-0.1142,0,0
-0.1138,0,0
-0.1134,0,0
-0.113,0,0
-0.1126,0,0
-0.1122,0,0
-0.1118,0,0
-0.1114,0,0
-0.111,0,0
-0.1106,0,0
-0.1102,0,0
-0.1098,0,0
-0.1094,0,0
-0.109,0,0
-0.1086,0,0
-0.1082,0,0
-0.1078,0,0
-0.1074,0,0
-0.107,0,0
-0.1066,0,0
-0.1062,0,0
-0.1058,0,0
-0.1054,0,0
-0.105,0,0
-0.1046,0,0
-0.1042,0.00604621,0.00605738
-0.1038,0,0
-0.1034,0,0
-0.103,0,0
-0.1026,0,0
-0.1022,0,0
-0.1018,0,0
-0.1014,0.0129727,0.00919124
-0.101,0,0
-0.1006,0.0061762,0.00618784
-0.1002,0,0
-0.0998,0,0
-0.0994,0,0
-0.099,0,0
-0.0986,0,0
-0.0982,0,0
-0.0978,0,0
-0.0974,0,0
-0.097,0,0
-0.0966,0,0
-0.0962,0,0
-0.0958,0,0
-0.0954,0,0
-0.095,0,0
-0.0946,0,0
-0.0942,0,0
-0.0938,0.000702336,0.00200575
-0.0934,0,0
-0.093,0.00619892,0.00621061
-0.0926,0,0
-0.0922,0,0
-0.0918,0,0
-0.0914,0,0
-0.091,0,0
-0.0906,0.00623729,0.00624912
-0.0902,0,0
-0.0898,0,0
-0.0894,0.00637939,0.00639175
-0.089,0,0
-0.0886,0,0
-0.0882,0.00617717,0.00618876
-0.0878,0,0
-0.0874,0,0
-0.087,0,0
-0.0866,0,0
-0.0862,0,0
-0.0858,0,0
-0.0854,0,0
-0.085,0,0
-0.0846,0,0
-0.0842,0,0
-0.0838,0,0
-0.0834,0,0
-0.083,0,0
-0.0826,0,0
-0.0822,0,0
-0.0818,0.0058206,0.00583086
-0.0814,0,0
-0.081,0,0
-0.0806,0,0
-0.0802,0,0
-0.0798,0,0
-0.0794,0,0
-0.079,0,0
-0.0786,0,0
-0.0782,0,0
-0.0778,0,0
-0.0774,0,0
-0.077,0,0
-0.0766,0.0062385,0.00625025
-0.0762,0,0
-0.0758,0,0
-0.0754,0,0
-0.075,0,0
-0.0746,0,0
-0.0742,0,0
-0.0738,0,0
-0.0734,0,0
-0.073,0,0
-0.0726,0,0
-0.0722,0,0
-0.0718,0,0
-0.0714,0,0
-0.071,0,0
-0.0706,0,0
-0.0702,0,0
-0.0698,0.00571724,0.00572708
-0.0694,0,0
-0.069,0,0
-0.0686,0,0
-0.0682,0,0
-0.0678,0,0
-0.0674,0,0
-0.067,0,0
-0.0666,0,0
-0.0662,0,0
-0.0658,0,0
-0.0654,0,0
-0.065,0,0
-0.0646,0,0
-0.0642,0,0
-0.0638,0,0
-0.0634,0.0065361,0.00654891
-0.063,0,0
-0.0626,0.00138942,0.00294078
-0.0622,0,0
-0.0618,0.00628496,0.0062968
-0.0614,0,0
-0.061,0.00570631,0.00571607
-0.0606,0,0
-0.0602,0,0
-0.0598,0,0
-0.0594,0,0
-0.059,0,0
-0.0586,0,0
-0.0582,0,0
-0.0578,0,0
-0.0574,0,0
-0.057,0,0
-0.0566,0,0
-0.0562,0.0119759,0.00848674
-0.0558,0,0
-0.0554,0,0
-0.055,0,0
-0.0546,0,0
-0.0542,0,0
-0.0538,0,0
-0.0534,0,0
-0.053,0,0
-0.0526,0,0
-0.0522,0,0
-0.0518,0,0
-0.0514,0.00623195,0.00624353
-0.051,0,0
-0.0506,0,0
-0.0502,0,0
-0.0498,0,0
-0.0494,0,0
-0.049,0,0
-0.0486,0,0
-0.0482,0.00617037,0.00618171
-0.0478,0,0
-0.0474,0,0
-0.047,0,0
-0.0466,0,0
-0.0462,0,0
-0.0458,0,0
-0.0454,0,0
-0.045,0,0
-0.0446,0,0
-0.0442,0,0
-0.0438,0,0
-0.0434,0,0
-0.043,0,0
-0.0426,0.0060383,0.00604913
-0.0422,0,0
-0.0418,0,0
-0.0414,0,0
-0.041,0,0
-0.0406,0,0
-0.0402,0.0124682,0.0088327
-0.0398,0,0
-0.0394,0,0
-0.039,0.0115733,0.00819761
-0.0386,0,0
-0.0382,0,0
-0.0378,0,0
-0.0374,0,0
-0.037,0.00620533,0.00621673
-0.0366,0.0128355,0.00909337
-0.0362,0,0
-0.0358,0.00623896,0.00625048
-0.0354,0,0
-0.035,0,0
-0.0346,0,0
-0.0342,0,0
-0.0338,0,0
-0.0334,0,0
-0.033,0,0
-0.0326,0,0
-0.0322,0,0
-0.0318,0,0
-0.0314,0,0
-0.031,0,0
-0.0306,0,0
-0.0302,0,0
-0.0298,0,0
-0.0294,0.00490745,0.00564632
-0.029,0,0
-0.0286,0.0067511,0.00676455
-0.0282,0,0
-0.0278,0.00654066,0.00655328
-0.0274,0,0
-0.027,0,0
-0.0266,0,0
-0.0262,0,0
-0.0258,0,0
-0.0254,0,0
-0.025,0,0
-0.0246,0,0
-0.0242,0.00707233,0.00708706
-0.0238,0,0
-0.0234,0,0
-0.023,0,0
-0.0226,0.00628993,0.00630157
-0.0222,0,0
-0.0218,0,0
-0.0214,0,0
-0.021,0,0
-0.0206,0,0
-0.0202,0,0
-0.0198,0,0
-0.0194,0,0
-0.019,0.00641259,0.00642467
-0.0186,0,0
-0.0182,0,0
-0.0178,0,0
-0.0174,0,0
-0.017,0,0
-0.0166,0,0
-0.0162,0.00565545,0.00566484
-0.0158,0.00604107,0.00605178
-0.0154,0,0
-0.015,0,0
-0.0146,0,0
-0.0142,0,0
-0.0138,0.00626254,0.00627404
-0.0134,0,0
-0.013,0,0
-0.0126,0,0
-0.0122,0.0125921,0.00892954
-0.0118,0.00594498,0.00595533
-0.0114,0,0
-0.011,0.00651473,0.00652716
-0.0106,0,0
-0.0102,0,0
-0.0098,0,0
-0.0094,0,0
-0.009,0,0
-0.0086,0.000799576,0.00225002
-0.0082,0.0120349,0.00852495
-0.0078,0,0
-0.0074,0.00600846,0.00601901
-0.007,0,0
-0.0066,0,0
-0.0062,0,0
-0.0058,0.0193655,0.0112019
-0.0054,0.0149444,0.00972429
-0.005,0.00630521,0.00631682
-0.0046,0.00652841,0.00654086
-0.0042,0.0199567,0.0115444
-0.0038,0.00848433,0.0075125
-0.0034,0.0561732,0.0198328
-0.003,0.0404102,0.0162501
-0.0026,0.121304,0.0287576
-0.0022,0.124883,0.0287364
-0.0018,0.293109,0.0418909
-0.0014,0.398126,0.048994
-0.001,0.665784,0.0649583
-0.0006,0.928238,0.0750378
-0.0002,0.952635,0.0743172
0.0002,0.954197,0.0768512
0.0006,0.79581,0.0725223
0.001,0.48443,0.0553399
0.0014,0.307292,0.0424014
0.0018,0.181998,0.0344448
0.0022,0.105387,0.02705
0.0026,0.0196303,0.011357
0.003,0.012254,0.00868778
0.0034,0.028855,0.0140288
0.0038,0,0
0.0042,0,0
0.0046,0,0
0.005,0.00632034,0.00633196
0.0054,0.0125974,0.00892408
0.0058,0.0122764,0.00869622
0.0062,0,0
0.0066,0.0131079,0.00928766
0.007,0,0
0.0074,0,0
0.0078,0,0
0.0082,0,0
0.0086,0,0
0.009,0.0130443,0.00924124
0.0094,0,0
0.0098,0,0
0.0102,0,0
0.0106,0,0
0.011,8.08205e-05,0.000711712
0.0114,0,0
0.0118,0,0
0.0122,0,0
0.0126,0,0
0.013,0,0
0.0134,0,0
0.0138,0.00733601,0.0073516
0.0142,0,0
0.0146,0.00250584,0.00394093
0.015,0,0
0.0154,0.0062443,0.00625559
0.0158,0.00315495,0.00438966
0.0162,0,0
0.0166,0,0
0.017,0,0
0.0174,0,0
0.0178,0,0
0.0182,0.00594667,0.0059569
0.0186,0,0
0.019,0,0
0.0194,0,0
0.0198,0,0
0.0202,0,0
0.0206,0.0065529,0.00656531
0.021,0,0
0.0214,0,0
0.0218,0,0
0.0222,0.00630181,0.00631329
0.0226,0,0
0.023,0.00621386,0.00622501
0.0234,0,0
0.0238,0,0
0.0242,0.00626667,0.00627801
0.0246,0,0
0.025,0,0
0.0254,0,0
0.0258,0,0
0.0262,0.00225754,0.00376444
0.0266,0.00655456,0.00656695
0.027,0,0
0.0274,0,0
0.0278,0,0
0.0282,0.00641218,0.00642403
0.0286,0,0
0.029,0,0
0.0294,0,0
0.0298,0,0
0.0302,0.0119802,0.00848636
0.0306,0,0
0.031,0,0
0.0314,0,0
0.0318,0,0
0.0322,0,0
0.0326,0,0
0.033,0,0
0.0334,0,0
0.0338,0,0
0.0342,0,0
0.0346,0,0
0.035,0,0
0.0354,0,0
0.0358,0.00627809,0.00628942
0.0362,0,0
0.0366,0,0
0.037,0,0
0.0374,0.00618904,0.00620004
0.0378,0,0
0.0382,0,0
0.0386,0,0
0.039,0,0
0.0394,0,0
0.0398,0.0064127,0.0064245
0.0402,0,0
0.0406,0,0
0.041,0,0
0.0414,0,0
0.0418,0,0
0.0422,0,0
0.0426,0,0
0.043,0,0
0.0434,0,0
0.0438,0.00616649,0.00617738
0.0442,0,0
0.0446,0,0
0.045,0,0
0.0454,0,0
0.0458,0,0
0.0462,0.00647411,0.00648611
0.0466,0,0
0.047,0.00638558,0.00639725
0.0474,0.00607113,0.00608168
0.0478,0,0
0.0482,0,0
0.0486,0,0
0.049,0,0
0.0494,0,0
0.0498,0,0
0.0502,0,0
0.0506,0,0
0.051,0,0
0.0514,0.00633461,0.00634608
0.0518,0,0
0.0522,0.0124516,0.00882026
0.0526,0,0
0.053,0,0
0.0534,0,0
0.0538,0.00143125,0.00295633
0.0542,0,0
0.0546,0,0
0.055,0,0
0.0554,0,0
0.0558,0,0
0.0562,0,0
0.0566,0,0
0.057,0,0
0.0574,0.0127774,0.00905315
0.0578,0,0
0.0582,0,0
0.0586,0,0
0.059,0,0
0.0594,0,0
0.0598,0,0
0.0602,0,0
0.0606,0,0
0.061,0.00185399,0.00336231
0.0614,0.00652522,0.00653735
0.0618,0,0
0.0622,0,0
0.0626,0,0
0.063,0,0
0.0634,0,0
0.0638,0,0
0.0642,0,0
0.0646,0,0
0.065,0,0
0.0654,0,0
0.0658,0,0
0.0662,0,0
0.0666,0,0
0.067,0,0
0.0674,0,0
0.0678,0,0
0.0682,0,0
0.0686,0.00631593,0.00632727
0.069,0,0
0.0694,0,0
0.0698,0.00603212,0.00615598
0.0702,0,0
0.0706,0,0
0.071,0,0
0.0714,0,0
0.0718,0,0
0.0722,0,0
0.0726,0,0
0.073,0,0
0.0734,0,0
0.0738,0,0
0.0742,0,0
0.0746,0.00628221,0.00629341
0.075,0.00655061,0.00656278
0.0754,0,0
0.0758,0.00640762,0.00641927
0.0762,0,0
0.0766,0,0
0.077,0,0
0.0774,0,0
0.0778,0,0
0.0782,0,0
0.0786,0.00639663,0.00640822
0.079,0,0
0.0794,0,0
0.0798,0,0
0.0802,0,0
0.0806,0.00667165,0.00668425
0.081,0,0
0.0814,0,0
0.0818,0,0
0.0822,0.00600863,0.00601885
0.0826,0,0
0.083,0,0
0.0834,0,0
0.0838,0,0
0.0842,0,0
0.0846,0,0
0.085,0.00681944,0.00683259
0.0854,0,0
0.0858,0,0
0.0862,0,0
0.0866,0,0
0.087,0,0
0.0874,0,0
0.0878,0,0
0.0882,0,0
0.0886,0,0
0.089,0,0
0.0894,0,0
0.0898,0,0
0.0902,0,0
0.0906,0,0
0.091,0,0
0.0914,0,0
0.0918,0,0
0.0922,0,0
0.0926,0.00923405,0.00770956
0.093,0.00645462,0.00659524
0.0934,0.00671411,0.00672683
0.0938,0,0
0.0942,0,0
0.0946,0,0
0.095,0,0
0.0954,0,0
0.0958,0,0
0.0962,0.0115256,0.00849245
0.0966,0,0
0.097,0,0
0.0974,0,0
0.0978,0,0
0.0982,0,0
0.0986,0,0
0.099,0,0
0.0994,0,0
0.0998,0.00716689,0.00718136
0.1002,0.00713773,0.00715208
0.1006,0,0
0.101,0,0
0.1014,0,0
0.1018,0,0
0.1022,0.00733617,0.00735133
0.1026,0,0
0.103,0,0
0.1034,0,0
0.1038,0,0
0.1042,0.00766066,0.00767718
0.1046,0.00735999,0.00737524
0.105,0,0
0.1054,0,0
0.1058,0,0
0.1062,0.00841218,0.00843208
0.1066,0,0
0.107,0,0
0.1074,0,0
0.1078,0,0
0.1082,0,0
0.1086,0,0
0.109,0,0
0.1094,0,0
0.1098,0,0
0.1102,0.00895715,0.00897969
0.1106,0,0
0.111,0,0
0.1114,0,0
0.1118,0,0
0.1122,0,0
0.1126,0,0
0.113,0,0
0.1134,0,0
0.1138,0,0
0.1142,0,0
0.1146,0,0
0.115,0.00971803,0.00974454
0.1154,0,0
0.1158,0,0
0.1162,0.00995695,0.00998477
0.1166,0,0
0.117,0.0110161,0.0110502
0.1174,0,0
0.1178,0,0
0.1182,0,0
0.1186,0,0
0.119,0,0
0.1194,0,0
0.1198,0,0
4
-0.1198,0,0
-0.1194,0,0
-0.119,0,0
-0.1186,0,0
-0.1182,0,0
-0.1178,0,0
-0.1174,0,0
-0.117,0,0
-0.1166,0.00647723,0.00649007
-0.1162,0,0
-0.1158,0,0
-0.1154,0,0
-0.115,0.00425993,0.00516944
-0.1146,0,0
-0.1142,0.0060254,0.0060365
-0.1138,0,0
-0.1134,0,0
-0.113,0,0
-0.1126,0,0
-0.1122,0,0
-0.1118,0,0
-0.1114,0,0
-0.111,0,0
-0.1106,0,0
-0.1102,0,0
-0.1098,0,0
-0.1094,0,0
-0.109,0,0
-0.1086,0,0
-0.1082,0,0
-0.1078,0,0
-0.1074,0,0
-0.107,0,0
-0.1066,0,0
-0.1062,0,0
-0.1058,0,0
-0.1054,0,0
-0.105,0.00574626,0.00575631
-0.1046,0.00574733,0.00575738
-0.1042,0,0
-0.1038,0,0
-0.1034,0,0
-0.103,0,0
-0.1026,0,0
-0.1022,0,0
-0.1018,0.00592704,0.00593771
-0.1014,0,0
-0.101,0,0
-0.1006,0,0
-0.1002,0,0
-0.0998,0,0
-0.0994,0,0
-0.099,0,0
-0.0986,0,0
-0.0982,0,0
-0.0978,0,0
-0.0974,0.00314334,0.00480381
-0.097,0,0
-0.0966,0,0
-0.0962,0,0
-0.0958,0,0
-0.0954,0,0
-0.095,0,0
-0.0946,0,0
-0.0942,0,0
-0.0938,0.00503593,0.00538696
-0.0934,0.0060934,0.00610463
-0.093,0,0
-0.0926,0,0
-0.0922,0.0063168,0.00632886
-0.0918,0,0
-0.0914,0,0
-0.091,0,0
-0.0906,0,0
-0.0902,0,0
-0.0898,0,0
-0.0894,0,0
-0.089,0,0
-0.0886,0,0
-0.0882,0,0
-0.0878,0,0
-0.0874,0.00590843,0.00591896
-0.087,0,0
-0.0866,0,0
-0.0862,0,0
-0.0858,0,0
-0.0854,0,0
-0.085,0.00537709,0.00538581
-0.0846,0,0
-0.0842,0,0
-0.0838,0.00630184,0.0063138
-0.0834,0,0
-0.083,0,0
-0.0826,0.00641803,0.00643043
-0.0822,0,0
-0.0818,0,0
-0.0814,0,0
-0.081,0,0
-0.0806,0,0
-0.0802,0,0
-0.0798,0,0
-0.0794,0,0
-0.079,0.00619189,0.00620342
-0.0786,0,0
-0.0782,0,0
-0.0778,0,0
-0.0774,0,0
-0.077,0,0
-0.0766,0,0
-0.0762,0,0
-0.0758,0,0
-0.0754,0,0
-0.075,0,0
-0.0746,0,0
-0.0742,0,0
-0.0738,0,0
-0.0734,0.00629783,0.00630973
-0.073,0,0
-0.0726,0,0
-0.0722,0,0
-0.0718,0,0
-0.0714,0,0
-0.071,0.0123482,0.00875379
-0.0706,0,0
-0.0702,0,0
-0.0698,0,0
-0.0694,0,0
-0.069,0,0
-0.0686,0,0
-0.0682,0,0
-0.0678,0,0
-0.0674,0.006571,0.00658393
-0.067,0,0
-0.0666,0,0
-0.0662,0,0
-0.0658,0,0
-0.0654,0,0
-0.065,0,0
-0.0646,0,0
-0.0642,0,0
-0.0638,0,0
-0.0634,0,0
-0.063,0,0
-0.0626,0.00482462,0.00548724
-0.0622,0,0
-0.0618,0,0
-0.0614,0,0
-0.061,0,0
-0.0606,0,0
-0.0602,0,0
-0.0598,0,0
-0.0594,0,0
-0.059,0,0
-0.0586,0,0
-0.0582,0,0
-0.0578,0,0
-0.0574,0,0
-0.057,0,0
-0.0566,0,0
-0.0562,0,0
-0.0558,0,0
-0.0554,0,0
-0.055,0.00204018,0.00366125
-0.0546,0,0
-0.0542,0,0
-0.0538,0,0
-0.0534,0,0
-0.053,0,0
-0.0526,0,0
-0.0522,0,0
-0.0518,0,0
-0.0514,0,0
-0.051,0,0
-0.0506,0,0
-0.0502,0.00613,0.0061412
-0.0498,0,0
-0.0494,0,0
-0.049,0,0
-0.0486,0.00657693,0.00658982
-0.0482,0,0
-0.0478,0,0
-0.0474,0.00636711,0.00637918
-0.047,0,0
-0.0466,0.0123025,0.00871573
-0.0462,0.00638865,0.00640081
-0.0458,0,0
-0.0454,0,0
-0.045,0,0
-0.0446,0,0
-0.0442,0,0
-0.0438,0,0
-0.0434,0.012082,0.00855864
-0.043,0,0
-0.0426,0,0
-0.0422,0,0
-0.0418,0,0
-0.0414,0,0
-0.041,0,0
-0.0406,0,0
-0.0402,0,0
-0.0398,0,0
-0.0394,0,0
-0.039,0,0
-0.0386,0,0
-0.0382,0,0
-0.0378,0,0
-0.0374,0,0
-0.037,0,0
-0.0366,0,0
-0.0362,0.00573561,0.00574538
-0.0358,0.00621759,0.00622907
-0.0354,0,0
-0.035,0,0
-0.0346,0,0
-0.0342,0,0
-0.0338,0,0
-0.0334,0,0
-0.033,0,0
-0.0326,0,0
-0.0322,0,0
-0.0318,0,0
-0.0314,0,0
-0.031,0,0
-0.0306,0,0
-0.0302,0,0
-0.0298,0.00596372,0.00597427
-0.0294,0.00155622,0.00317143
-0.029,0,0
-0.0286,0,0
-0.0282,0.0128094,0.00907485
-0.0278,0,0
-0.0274,0,0
-0.027,0.00618144,0.00619277
-0.0266,0.0063399,0.00635182
-0.0262,0.00633674,0.00634865
-0.0258,0,0
-0.0254,0,0
-0.025,0,0
-0.0246,0,0
-0.0242,0,0
-0.0238,0,0
-0.0234,0,0
-0.023,0,0
-0.0226,0,0
-0.0222,0.0122831,0.00870252
-0.0218,0,0
-0.0214,0,0
-0.021,0,0
-0.0206,0,0
-0.0202,0,0
-0.0198,0.000110269,0.000807572
-0.0194,0,0
-0.019,0,0
-0.0186,0.00573538,0.00574513
-0.0182,0,0
-0.0178,0.0126203,0.00894062
-0.0174,0,0
-0.017,0,0
-0.0166,0,0
-0.0162,0,0
-0.0158,0.00598037,0.00599097
-0.0154,0,0
-0.015,0,0
-0.0146,0.00599797,0.00600863
-0.0142,0.00599797,0.00600863
-0.0138,0,0
-0.0134,0,0
-0.013,0,0
-0.0126,0.00650392,0.00651646
-0.0122,0.0130079,0.00921576
-0.0118,0,0
-0.0114,0,0
-0.011,0.0185613,0.0107405
-0.0106,0.00624658,0.00625814
-0.0102,0.00630147,0.00631324
-0.0098,0.0171337,0.00990895
-0.0094,0,0
-0.009,0.00615218,0.0061634
-0.0086,0,0
-0.0082,0.00593656,0.00594701
-0.0078,0.00687735,0.00689137
-0.0074,0.00592502,0.00593543
-0.007,0.0159507,0.00992393
-0.0066,0.0066323,0.00664534
-0.0062,0,0
-0.0058,0.0126851,0.00898664
-0.0054,0.00390901,0.00493603
-0.005,0.00628363,0.00629534
-0.0046,0.0192835,0.0111546
-0.0042,0.012991,0.00920405
-0.0038,0.0177668,0.0107987
-0.0034,0.0375161,0.016052
-0.003,0.0311092,0.0142674
-0.0026,0.0953927,0.025436
-0.0022,0.109843,0.0266361
-0.0018,0.195006,0.0338788
-0.0014,0.370382,0.046826
-0.001,0.541297,0.0580902
-0.0006,0.78898,0.0686371
-0.0002,0.988478,0.0750234
0.0002,0.840982,0.0713327
0.0006,0.729535,0.0688238
0.001,0.45913,0.0532347
0.0014,0.315128,0.0426004
0.0018,0.162974,0.0324133
0.0022,0.120424,0.0287371
0.0026,0.0190099,0.0109979
0.003,0.034561,0.0141338
0.0034,0.0183322,0.0110714
0.0038,0.00616391,0.00617519
0.0042,0.0178113,0.0103015
0.0046,0.0118736,0.00841071
0.005,0,0
0.0054,0.0123365,0.00873923
0.0058,0,0
0.0062,0,0
0.0066,0,0
0.007,0.00622311,0.00623461
0.0074,0,0
0.0078,0,0
0.0082,0,0
0.0086,0.00618842,0.0061998
0.009,0,0
0.0094,0,0
0.0098,0,0
0.0102,0,0
0.0106,0,0
0.011,0.0118789,0.0084436
0.0114,0.00622169,0.00623319
0.0118,0,0
0.0122,0,0
0.0126,0,0
0.013,0.00612522,0.00613638
0.0134,0.00611814,0.00612926
0.0138,0,0
0.0142,0,0
0.0146,0.0100047,0.00794244
0.015,0.00223757,0.00379971
0.0154,0,0
0.0158,0.00285473,0.00412076
0.0162,0,0
0.0166,0.0048809,0.00552976
0.017,0,0
0.0174,0,0
0.0178,0,0
0.0182,0.00586381,0.00587404
0.0186,0,0
0.019,0.00607622,0.0060872
0.0194,0,0
0.0198,0,0
0.0202,0.00609349,0.00610454
0.0206,0,0
0.021,0,0
0.0214,0,0
0.0218,0.00615237,0.00616363
0.0222,0,0
0.0226,0,0
0.023,0.00584417,0.00585434
0.0234,0.00603009,0.00604091
0.0238,0.00639443,0.00640659
0.0242,0.0121564,0.00861146
0.0246,0,0
0.025,0,0
0.0254,0,0
0.0258,0,0
0.0262,0.00387324,0.00485384
0.0266,0,0
0.027,0,0
0.0274,0,0
0.0278,0,0
0.0282,0,0
0.0286,0,0
0.029,0,0
0.0294,0,0
0.0298,0,0
0.0302,0,0
0.0306,0,0
0.031,0.00628532,0.00629708
0.0314,0,0
0.0318,0,0
0.0322,0,0
0.0326,0,0
0.033,0,0
0.0334,0.0066556,0.00666879
0.0338,0,0
0.0342,0.0060827,0.00609372
0.0346,0.00608249,0.00609351
0.035,0,0
0.0354,0,0
0.0358,0.00605663,0.00606755
0.0362,0,0
0.0366,0,0
0.037,0,0
0.0374,0.0059666,0.0059772
0.0378,0,0
0.0382,0,0
0.0386,0,0
0.039,0.00632134,0.00633325
0.0394,0.00635642,0.00636845
0.0398,0,0
0.0402,0,0
0.0406,0,0
0.041,0,0
0.0414,0,0
0.0418,0,0
0.0422,0,0
0.0426,0,0
0.043,0,0
0.0434,0,0
0.0438,0.00605331,0.00606423
0.0442,0,0
0.0446,0,0
0.045,0,0
0.0454,0,0
0.0458,0,0
0.0462,0,0
0.0466,0,0
0.047,0,0
0.0474,0,0
0.0478,0.00591255,0.00592297
0.0482,0,0
0.0486,0.00617391,0.00618528
0.049,0.0061504,0.00616168
0.0494,0,0
0.0498,0,0
0.0502,0,0
0.0506,0,0
0.051,0,0
0.0514,0,0
0.0518,0,0
0.0522,0,0
0.0526,0,0
0.053,0,0
0.0534,0,0
0.0538,0,0
0.0542,0,0
0.0546,0,0
0.055,0,0
0.0554,0,0
0.0558,0,0
0.0562,0,0
0.0566,0,0
0.057,0,0
0.0574,0,0
0.0578,0,0
0.0582,0,0
0.0586,0,0
0.059,0,0
0.0594,0.00600953,0.00602031
0.0598,0,0
0.0602,0,0
0.0606,0,0
0.061,0.00403171,0.00484484
0.0614,0,0
0.0618,0,0
0.0622,0,0
0.0626,0,0
0.063,0,0
0.0634,0,0
0.0638,0,0
0.0642,0,0
0.0646,0.0112481,0.00796695
0.065,0,0
0.0654,0,0
0.0658,0,0
0.0662,0,0
0.0666,0,0
0.067,0,0
0.0674,0,0
0.0678,0.00584963,0.00585985
0.0682,0,0
0.0686,0.00624643,0.00625807
0.069,0,0
0.0694,0.00609792,0.00610902
0.0698,0.000217044,0.00113933
0.0702,0,0
0.0706,0,0
0.071,0,0
0.0714,0,0
0.0718,0,0
0.0722,0,0
0.0726,0,0
0.073,0.00611302,0.00612418
0.0734,0,0
0.0738,0,0
0.0742,0,0
0.0746,0,0
0.075,0,0
0.0754,0,0
0.0758,0,0
0.0762,0,0
0.0766,0,0
0.077,0.00601742,0.00602823
0.0774,0,0
0.0778,0.00239857,0.00381075
0.0782,0,0
0.0786,0,0
0.079,0,0
0.0794,0,0
0.0798,0,0
0.0802,0,0
0.0806,0,0
0.081,0,0
0.0814,0,0
0.0818,0,0
0.0822,0,0
0.0826,0,0
0.083,0,0
0.0834,0,0
0.0838,0,0
0.0842,0,0
0.0846,0,0
0.085,0,0
0.0854,0,0
0.0858,0,0
0.0862,0,0
0.0866,0,0
0.087,0,0
0.0874,0,0
0.0878,0,0
0.0882,0,0
0.0886,0,0
0.089,0,0
0.0894,0,0
0.0898,0,0
0.0902,0,0
0.0906,0,0
0.091,0,0
0.0914,0,0
0.0918,0.00475218,0.00549645
0.0922,0,0
0.0926,0.00339842,0.00454866
0.093,0.000244799,0.00124909
0.0934,0,0
0.0938,0,0
0.0942,0,0
0.0946,0,0
0.095,0,0
0.0954,0,0
0.0958,0,0
0.0962,0,0
0.0966,0,0
0.097,0,0
0.0974,0,0
0.0978,0,0
0.0982,0,0
0.0986,0,0
0.099,0,0
0.0994,0,0
0.0998,0,0
0.1002,0,0
0.1006,0,0
0.101,0,0
0.1014,0,0
0.1018,0,0
0.1022,0,0
0.1026,0,0
0.103,0,0
0.1034,0,0
0.1038,0,0
0.1042,0,0
0.1046,0,0
0.105,0.0069492,0.00696359
0.1054,0,0
0.1058,0,0
0.1062,0,0
0.1066,0,0
0.107,0.0021084,0.00389738
0.1074,0,0
0.1078,0,0
0.1082,0,0
0.1086,0,0
0.109,0,0
0.1094,0,0
0.1098,0,0
0.1102,0,0
0.1106,0,0
0.111,0,0
0.1114,0,0
0.1118,0,0
0.1122,0,0
0.1126,0,0
0.113,0,0
0.1134,0,0
0.1138,0,0
0.1142,0,0
0.1146,0,0
0.115,0,0
0.1154,0,0
0.1158,0,0
0.1162,0,0
0.1166,0.0103949,0.010427
0.117,0,0
0.1174,0,0
0.1178,0,0
0.1182,0,0
0.1186,0,0
0.119,0,0
0.1194,0,0
0.1198,0,0
5
-0.1198,0,0
-0.1194,0,0
-0.119,0,0
-0.1186,0,0
-0.1182,0,0
-0.1178,0,0
-0.1174,0,0
-0.117,0,0
-0.1166,0,0
-0.1162,0,0
-0.1158,0,0
-0.1154,0,0
-0.115,0,0
-0.1146,0,0
-0.1142,0,0
-0.1138,0,0
-0.1134,0,0
-0.113,0,0
-0.1126,0,0
-0.1122,0,0
-0.1118,0,0
-0.1114,0,0
-0.111,0,0
-0.1106,0,0
-0.1102,0,0
-0.1098,0,0
-0.1094,0,0
-0.109,0,0
-0.1086,0,0
-0.1082,0,0
-0.1078,0,0
-0.1074,0,0
-0.107,0,0
-0.1066,0,0
-0.1062,0,0
-0.1058,0,0
-0.1054,0.00691394,0.00692833
-0.105,0.00601442,0.00602531
-0.1046,0,0
-0.1042,0,0
-0.1038,0,0
-0.1034,0,0
-0.103,0,0
-0.1026,0.00581977,0.00582995
-0.1022,0.0059056,0.00591608
-0.1018,0,0
-0.1014,0,0
-0.101,0,0
-0.1006,0,0
-0.1002,0,0
-0.0998,0,0
-0.0994,0,0
-0.099,0,0
-0.0986,0,0
-0.0982,0,0
-0.0978,0,0
-0.0974,0.00421595,0.00559682
-0.097,0,0
-0.0966,0,0
-0.0962,0,0
-0.0958,0,0
-0.0954,0,0
-0.095,0,0
-0.0946,0.00623646,0.00624808
-0.0942,0,0
-0.0938,0,0
-0.0934,0,0
-0.093,0.00630083,0.00631269
-0.0926,0,0
-0.0922,0,0
-0.0918,0,0
-0.0914,0,0
-0.091,0,0
-0.0906,0,0
-0.0902,0,0
-0.0898,0,0
-0.0894,0,0
-0.089,0,0
-0.0886,0,0
-0.0882,0,0
-0.0878,0,0
-0.0874,0,0
-0.087,0,0
-0.0866,0.0059285,0.00593896
-0.0862,0,0
-0.0858,0,0
-0.0854,0,0
-0.085,0,0
-0.0846,0,0
-0.0842,0,0
-0.0838,0,0
-0.0834,0.00626522,0.00627687
-0.083,0,0
-0.0826,0,0
-0.0822,0,0
-0.0818,0,0
-0.0814,0,0
-0.081,0,0
-0.0806,0,0
-0.0802,0,0
-0.0798,0,0
-0.0794,0,0
-0.079,0,0
-0.0786,0,0
-0.0782,0,0
-0.0778,0,0
-0.0774,0,0
-0.077,0,0
-0.0766,0,0
-0.0762,0.0062573,0.00626888
-0.0758,0,0
-0.0754,0,0
-0.075,0,0
-0.0746,0,0
-0.0742,0,0
-0.0738,0,0
-0.0734,0,0
-0.073,0,0
-0.0726,0,0
-0.0722,0,0
-0.0718,0.00616182,0.00617302
-0.0714,0,0
-0.071,0,0
-0.0706,0,0
-0.0702,0,0
-0.0698,0,0
-0.0694,0,0
-0.069,0.00588008,0.00589027
-0.0686,0,0
-0.0682,0,0
-0.0678,0,0
-0.0674,0,0
-0.067,0,0
-0.0666,0,0
-0.0662,0,0
-0.0658,0,0
-0.0654,0,0
-0.065,0,0
-0.0646,0.0060512,0.00606197
-0.0642,0,0
-0.0638,0,0
-0.0634,0,0
-0.063,0,0
-0.0626,0,0
-0.0622,0,0
-0.0618,0.00622839,0.00623978
-0.0614,0.00577449,0.00578428
-0.061,0,0
-0.0606,0,0
-0.0602,0.00602721,0.00603786
-0.0598,0,0
-0.0594,0,0
-0.059,0,0
-0.0586,0,0
-0.0582,0,0
-0.0578,0,0
-0.0574,0,0
-0.057,0,0
-0.0566,0,0
-0.0562,0,0
-0.0558,0,0
-0.0554,0,0
-0.055,0.00459265,0.00554663
-0.0546,0.00602004,0.00603065
-0.0542,0,0
-0.0538,0,0
-0.0534,0,0
-0.053,0,0
-0.0526,0,0
-0.0522,0,0
-0.0518,0,0
-0.0514,0,0
-0.051,0,0
-0.0506,0,0
-0.0502,0,0
-0.0498,0,0
-0.0494,0,0
-0.049,0,0
-0.0486,0,0
-0.0482,0,0
-0.0478,0,0
-0.0474,0,0
-0.047,0,0
-0.0466,0,0
-0.0462,0,0
-0.0458,0,0
-0.0454,0,0
-0.045,0,0
-0.0446,0,0
-0.0442,0,0
-0.0438,0.00622655,0.00623785
-0.0434,0,0
-0.043,0,0
-0.0426,0,0
-0.0422,0,0
-0.0418,0,0
-0.0414,0,0
-0.041,0.00714547,0.00716034
-0.0406,0,0
-0.0402,0,0
-0.0398,0.00644183,0.00645391
-0.0394,0,0
-0.039,0,0
-0.0386,0,0
-0.0382,0,0
-0.0378,0,0
-0.0374,0,0
-0.037,0,0
-0.0366,0,0
-0.0362,0,0
-0.0358,0,0
-0.0354,0.00621103,0.00622224
-0.035,0.0125866,0.00891639
-0.0346,0,0
-0.0342,0,0
-0.0338,0,0
-0.0334,0,0
-0.033,0,0
-0.0326,0,0
-0.0322,0,0
-0.0318,0,0
-0.0314,0,0
-0.031,0,0
-0.0306,0,0
-0.0302,0,0
-0.0298,0,0
-0.0294,0.00658446,0.00659704
-0.029,0.00717841,0.00719336
-0.0286,0,0
-0.0282,0.0135203,0.0095803
-0.0278,0,0
-0.0274,0,0
-0.027,0,0
-0.0266,0,0
-0.0262,0,0
-0.0258,0,0
-0.0254,0.0057494,0.00575899
-0.025,0,0
-0.0246,0.0129328,0.00916205
-0.0242,0,0
-0.0238,0,0
-0.0234,0.00106616,0.00264842
-0.023,0,0
-0.0226,0,0
-0.0222,0,0
-0.0218,0.00618285,0.00619393
-0.0214,0.00662518,0.00663789
-0.021,0,0
-0.0206,0,0
-0.0202,0,0
-0.0198,0.00592201,0.00598864
-0.0194,0.00616532,0.00617633
-0.019,0.00650915,0.00652141
-0.0186,0,0
-0.0182,0.00604945,0.00606005
-0.0178,0.012927,0.00915789
-0.0174,0,0
-0.017,0,0
-0.0166,0,0
-0.0162,0,0
-0.0158,0,0
-0.0154,9.24029e-06,0.000242423
-0.015,0,0
-0.0146,0,0
-0.0142,0,0
-0.0138,0.01204,0.00853865
-0.0134,0,0
-0.013,0.00650629,0.00651853
-0.0126,0.00642656,0.0064385
-0.0122,0,0
-0.0118,0.00664488,0.00665765
-0.0114,0,0
-0.011,0,0
-0.0106,0,0
-0.0102,0.00646395,0.00647603
-0.0098,0.00585935,0.00586928
-0.0094,0,0
-0.009,0,0
-0.0086,0.00638856,0.00640035
-0.0082,0,0
-0.0078,0,0
-0.0074,0.00608313,0.00609382
-0.007,0.00244592,0.00386429
-0.0066,0.0068113,0.00682469
-0.0062,0.00659678,0.00660935
-0.0058,0.0130321,0.00923247
-0.0054,0.0065695,0.00658196
-0.005,0.0128379,0.00909475
-0.0046,0.00660585,0.00661844
-0.0042,0.00673108,0.00674415
-0.0038,0.0268469,0.0134532
-0.0034,0.0130171,0.00958632
-0.003,0.113474,0.0276046
-0.0026,0.0955325,0.0255946
-0.0022,0.209775,0.0371943
-0.0018,0.227539,0.0371243
-0.0014,0.439849,0.0517809
-0.001,0.570135,0.0605494
-0.0006,0.755091,0.0680901
-0.0002,0.76786,0.0670688
0.0002,0.639368,0.0631196
0.0006,0.583093,0.0623954
0.001,0.335575,0.04606
0.0014,0.273535,0.0402077
0.0018,0.116236,0.0277105
0.0022,0.102326,0.0269397
0.0026,0.059198,0.019774
0.003,0.0247347,0.0124001
0.0034,0.0342757,0.015359
0.0038,0.0130204,0.00922709
0.0042,0.00611138,0.00612216
0.0046,0.012306,0.00871713
0.005,0.012746,0.00902934
0.0054,0.00634954,0.00636117
0.0058,0.00619182,0.00620288
0.0062,0,0
0.0066,0.0132074,0.00935815
0.007,0,0
0.0074,0.00628625,0.00629766
0.0078,0,0
0.0082,0,0
0.0086,0.0162154,0.0100852
0.009,0.00637146,0.00638317
0.0094,0.00665351,0.00666629
0.0098,0,0
0.0102,0,0
0.0106,0.00603337,0.00604388
0.011,0,0
0.0114,0,0
0.0118,0,0
0.0122,0,0
0.0126,0.00642599,0.00643791
0.013,0,0
0.0134,0,0
0.0138,0,0
0.0142,0.00736726,0.00738292
0.0146,0.0128223,0.00908847
0.015,0.00431696,0.00535695
0.0154,0,0
0.0158,0.00610717,0.00611793
0.0162,0,0
0.0166,0.00140224,0.00300871
0.017,0,0
0.0174,0,0
0.0178,0,0
0.0182,0,0
0.0186,0.00606198,0.00607259
0.019,0,0
0.0194,0,0
0.0198,0,0
0.0202,0.00657737,0.00658986
0.0206,0,0
0.021,0,0
0.0214,0,0
0.0218,0,0
0.0222,0,0
0.0226,0,0
0.023,0,0
0.0234,0,0
0.0238,0,0
0.0242,0,0
0.0246,0,0
0.025,0.0112422,0.00796779
0.0254,0,0
0.0258,0,0
0.0262,0.00625308,0.00626436
0.0266,0,0
0.027,0,0
0.0274,0,0
0.0278,0,0
0.0282,0,0
0.0286,0,0
0.029,0,0
0.0294,0.0118632,0.00840292
0.0298,0,0
0.0302,0.00591989,0.00593
0.0306,0.0122852,0.00870812
0.031,0,0
0.0314,0,0
0.0318,0,0
0.0322,0,0
0.0326,0,0
0.033,0,0
0.0334,0,0
0.0338,0,0
0.0342,0,0
0.0346,0,0
0.035,0,0
0.0354,0,0
0.0358,0,0
0.0362,0,0
0.0366,0,0
0.037,0,0
0.0374,0,0
0.0378,0,0
0.0382,0,0
0.0386,0,0
0.039,0,0
0.0394,0,0
0.0398,0,0
0.0402,0,0
0.0406,0.00612483,0.00613564
0.041,0,0
0.0414,0,0
0.0418,0,0
0.0422,0,0
0.0426,0,0
0.043,0,0
0.0434,0,0
0.0438,0,0
0.0442,0,0
0.0446,0,0
0.045,0,0
0.0454,0,0
0.0458,0,0
0.0462,0,0
0.0466,0,0
0.047,0,0
0.0474,0,0
0.0478,0,0
0.0482,0,0
0.0486,0.00639705,0.00640882
0.049,0,0
0.0494,0,0
0.0498,0,0
0.0502,0,0
0.0506,0,0
0.051,0,0
0.0514,0,0
0.0518,0,0
0.0522,0,0
0.0526,0,0
0.053,0,0
0.0534,0,0
0.0538,0,0
0.0542,0,0
0.0546,0,0
0.055,0,0
0.0554,0,0
0.0558,0,0
0.0562,0.00661864,0.00663122
0.0566,0.0063829,0.00639461
0.057,0,0
0.0574,0,0
0.0578,0,0
0.0582,0,0
0.0586,0,0
0.059,0,0
0.0594,0,0
0.0598,0,0
0.0602,0,0
0.0606,0,0
0.061,0,0
0.0614,0,0
0.0618,0,0
0.0622,0,0
0.0626,0,0
0.063,0,0
0.0634,0,0
0.0638,0,0
0.0642,0,0
0.0646,0,0
0.065,0,0
0.0654,0.00620736,0.00621841
0.0658,0.00647794,0.00648997
0.0662,0,0
0.0666,0,0
0.067,0,0
0.0674,0,0
0.0678,0,0
0.0682,0.0063003,0.00631167
0.0686,0,0
0.069,0.00595179,0.00596194
0.0694,0,0
0.0698,0,0
0.0702,0,0
0.0706,0,0
0.071,0,0
0.0714,0,0
0.0718,0.00660102,0.00661349
0.0722,0,0
0.0726,0,0
0.073,0,0
0.0734,0,0
0.0738,0,0
0.0742,0,0
0.0746,0.0062323,0.00624341
0.075,0.00645247,0.00646437
0.0754,0,0
0.0758,0,0
0.0762,0.00625754,0.00626873
0.0766,0,0
0.077,0,0
0.0774,0,0
0.0778,0.00379752,0.0049016
0.0782,0.00619187,0.00620282
0.0786,0,0
0.079,0,0
0.0794,0,0
0.0798,0,0
0.0802,0,0
0.0806,0,0
0.081,0,0
0.0814,0.00657585,0.00658818
0.0818,0,0
0.0822,0,0
0.0826,0,0
0.083,0,0
0.0834,0,0
0.0838,0,0
0.0842,0,0
0.0846,0,0
0.085,0,0
0.0854,0,0
0.0858,0,0
0.0862,0,0
0.0866,0.00647375,0.00648568
0.087,0,0
0.0874,0,0
0.0878,0.0065086,0.00652066
0.0882,0.00638429,0.0063959
0.0886,0,0
0.089,0,0
0.0894,0,0
0.0898,0,0
0.0902,0,0
0.0906,0,0
0.091,0,0
0.0914,0,0
0.0918,0.00166032,0.0033292
0.0922,0,0
0.0926,0,0
0.093,0,0
0.0934,0,0
0.0938,0,0
0.0942,0,0
0.0946,0.00609256,0.0061031
0.095,0,0
0.0954,0,0
0.0958,0.00621697,0.00622793
0.0962,0,0
0.0966,0,0
0.097,0.00683819,0.00685145
0.0974,0,0
0.0978,0,0
0.0982,0,0
0.0986,0,0
0.099,0,0
0.0994,0,0
0.0998,0,0
0.1002,0,0
0.1006,0,0
0.101,0.00693463,0.00694824
0.1014,0,0
0.1018,0,0
0.1022,0,0
0.1026,0,0
0.103,0,0
0.1034,0,0
0.1038,0,0
0.1042,0,0
0.1046,0,0
0.105,0,0
0.1054,0,0
0.1058,0,0
0.1062,0,0
0.1066,0,0
0.107,0.00534755,0.00637751
0.1074,0,0
0.1078,0,0
0.1082,0,0
0.1086,0,0
0.109,0,0
0.1094,0.00811808,0.00813666
0.1098,0,0
0.1102,0,0
0.1106,0,0
0.111,0,0
0.1114,0.00958015,0.00960599
0.1118,0,0
0.1122,0.0095202,0.0100528
0.1126,0,0
0.113,0,0
0.1134,0,0
0.1138,0,0
0.1142,0,0
0.1146,0,0
0.115,0,0
0.1154,0,0
0.1158,0,0
0.1162,0,0
0.1166,0.00995046,0.00997826
0.117,0,0
0.1174,0.00963918,0.0102162
0.1178,0,0
0.1182,0,0
0.1186,0,0
0.119,0,0
0.1194,0,0
0.1198,0,0
6
-0.1198,0,0
-0.1194,0,0
-0.119,0,0
-0.1186,0,0
-0.1182,0,0
-0.1178,0,0
-0.1174,0.0053395,0.00534922
-0.117,0,0
-0.1166,0,0
-0.1162,0.00521993,0.00522921
-0.1158,0,0
-0.1154,0,0
-0.115,0,0
-0.1146,0,0
-0.1142,0,0
-0.1138,0,0
-0.1134,0,0
-0.113,0,0
-0.1126,0,0
-0.1122,0,0
-0.1118,0,0
-0.1114,0,0
-0.111,0,0
-0.1106,0.00579694,0.00580833
-0.1102,0,0
-0.1098,0,0
-0.1094,0,0
-0.109,0,0
-0.1086,0,0
-0.1082,0,0
-0.1078,0,0
-0.1074,0,0
-0.107,0,0
-0.1066,0,0
-0.1062,0,0
-0.1058,0,0
-0.1054,0,0
-0.105,0,0
-0.1046,0,0
-0.1042,0,0
-0.1038,0,0
-0.1034,0,0
-0.103,0,0
-0.1026,0,0
-0.1022,0.00533373,0.00534331
-0.1018,0,0
-0.1014,0,0
-0.101,0,0
-0.1006,0,0
-0.1002,0,0
-0.0998,0,0
-0.0994,0,0
-0.099,0,0
-0.0986,0,0
-0.0982,0,0
-0.0978,0,0
-0.0974,0,0
-0.097,0,0
-0.0966,0,0
-0.0962,0,0
-0.0958,0,0
-0.0954,0,0
-0.095,0,0
-0.0946,0.0055894,0.00559986
-0.0942,0,0
-0.0938,0,0
-0.0934,0.00576046,0.00577155
-0.093,0,0
-0.0926,0,0
-0.0922,0,0
-0.0918,0,0
-0.0914,0,0
-0.091,0,0
-0.0906,0,0
-0.0902,0,0
-0.0898,0,0
-0.0894,0,0
-0.089,0,0
-0.0886,0,0
-0.0882,0,0
-0.0878,0,0
-0.0874,0,0
-0.087,0,0
-0.0866,0,0
-0.0862,0,0
-0.0858,0,0
-0.0854,0,0
-0.085,0,0
-0.0846,0,0
-0.0842,0,0
-0.0838,0,0
-0.0834,0,0
-0.083,0.0056362,0.00564685
-0.0826,0,0
-0.0822,0.00550005,0.0055102
-0.0818,0,0
-0.0814,0,0
-0.081,0,0
-0.0806,0,0
-0.0802,0,0
-0.0798,0,0
-0.0794,0,0
-0.079,0.00576512,0.00577631
-0.0786,0,0
-0.0782,0,0
-0.0778,0,0
-0.0774,0.00612904,0.00614171
-0.077,0.00612647,0.00613913
-0.0766,0,0
-0.0762,0,0
-0.0758,0,0
-0.0754,0,0
-0.075,0,0
-0.0746,0,0
-0.0742,0,0
-0.0738,0,0
-0.0734,0,0
-0.073,0,0
-0.0726,0,0
-0.0722,0,0
-0.0718,0.00535909,0.00536883
-0.0714,0,0
-0.071,0,0
-0.0706,0,0
-0.0702,0,0
-0.0698,0,0
-0.0694,0,0
-0.069,0,0
-0.0686,0,0
-0.0682,0,0
-0.0678,0,0
-0.0674,0.00576036,0.00577166
-0.067,0,0
-0.0666,0.00541859,0.00542859
-0.0662,0,0
-0.0658,0,0
-0.0654,0,0
-0.065,0,0
-0.0646,0,0
-0.0642,0,0
-0.0638,0,0
-0.0634,0,0
-0.063,0,0
-0.0626,0,0
-0.0622,0,0
-0.0618,0,0
-0.0614,0,0
-0.061,0,0
-0.0606,0,0
-0.0602,0,0
-0.0598,0,0
-0.0594,0,0
-0.059,0.00549108,0.00550142
-0.0586,0,0
-0.0582,0,0
-0.0578,0,0
-0.0574,0,0
-0.057,0,0
-0.0566,0,0
-0.0562,0,0
-0.0558,0,0
-0.0554,0,0
-0.055,0,0
-0.0546,0,0
-0.0542,0.00570636,0.00571757
-0.0538,0,0
-0.0534,0,0
-0.053,0,0
-0.0526,0,0
-0.0522,0,0
-0.0518,0.00540741,0.0054175
-0.0514,0,0
-0.051,0,0
-0.0506,0.00520617,0.00521552
-0.0502,0,0
-0.0498,0,0
-0.0494,0,0
-0.049,0,0
-0.0486,0,0
-0.0482,0,0
-0.0478,0,0
-0.0474,0,0
-0.047,0,0
-0.0466,0,0
-0.0462,0,0
-0.0458,0,0
-0.0454,0,0
-0.045,0.00518676,0.00519608
-0.0446,0,0
-0.0442,0.00562894,0.00563993
-0.0438,0,0
-0.0434,0,0
-0.043,0,0
-0.0426,0,0
-0.0422,0,0
-0.0418,0,0
-0.0414,0,0
-0.041,0,0
-0.0406,0,0
-0.0402,0,0
-0.0398,0,0
-0.0394,0,0
-0.039,0,0
-0.0386,0,0
-0.0382,0,0
-0.0378,0,0
-0.0374,0,0
-0.037,0,0
-0.0366,0,0
-0.0362,0,0
-0.0358,0,0
-0.0354,0,0
-0.035,0,0
-0.0346,0,0
-0.0342,0,0
-0.0338,0,0
-0.0334,0,0
-0.033,0,0
-0.0326,0.00590459,0.00591676
-0.0322,0,0
-0.0318,0,0
-0.0314,0,0
-0.031,0,0
-0.0306,0,0
-0.0302,0,0
-0.0298,0,0
-0.0294,0.0052961,0.00530591
-0.029,0,0
-0.0286,0,0
-0.0282,0,0
-0.0278,0,0
-0.0274,0,0
-0.027,0.00525351,0.00526317
-0.0266,0,0
-0.0262,0,0
-0.0258,0,0
-0.0254,0,0
-0.025,0,0
-0.0246,0.00534514,0.00535515
-0.0242,0,0
-0.0238,0,0
-0.0234,0.00453244,0.00496259
-0.023,0,0
-0.0226,0,0
-0.0222,0,0
-0.0218,0,0
-0.0214,0,0
-0.021,0.00545936,0.00546982
-0.0206,0,0
-0.0202,0,0
-0.0198,0,0
-0.0194,0,0
-0.019,0.00536082,0.00537092
-0.0186,0,0
-0.0182,0.00513922,0.0051485
-0.0178,0,0
-0.0174,0,0
-0.017,0,0
-0.0166,0,0
-0.0162,0,0
-0.0158,0,0
-0.0154,0.0104084,0.00737604
-0.015,0,0
-0.0146,0.00504953,0.0050585
-0.0142,0,0
-0.0138,0,0
-0.0134,0,0
-0.013,0,0
-0.0126,0,0
-0.0122,0,0
-0.0118,0,0
-0.0114,0,0
-0.011,0,0
-0.0106,0.00525179,0.00526151
-0.0102,0.00529732,0.00530722
-0.0098,0.00480077,0.00480889
-0.0094,0.00485551,0.00486382
-0.009,0,0
-0.0086,0,0
-0.0082,0,0
-0.0078,0,0
-0.0074,0,0
-0.007,0,0
-0.0066,0,0
-0.0062,0,0
-0.0058,0,0
-0.0054,0.0105871,0.00750105
-0.005,0,0
-0.0046,0.00539864,0.00540893
-0.0042,0,0
-0.0038,0.00570375,0.00571524
-0.0034,0.00570326,0.00571475
-0.003,0.0373939,0.0141687
-0.0026,0.0502385,0.0167871
-0.0022,0.104264,0.0233916
-0.0018,0.162555,0.0283482
-0.0014,0.223232,0.0333392
-0.001,0.232292,0.034709
-0.0006,0.243385,0.0348461
-0.0002,0.333342,0.0399174
0.0002,0.283733,0.038049
0.0006,0.266016,0.0380731
0.001,0.284486,0.038436
0.0014,0.155838,0.0275624
0.0018,0.146369,0.0282481
0.0022,0.103944,0.024558
0.0026,0.0695264,0.0193236
0.003,0.0439603,0.0146842
0.0034,0.0163671,0.00947397
0.0038,0.036248,0.0137257
0.0042,0.020413,0.0102328
0.0046,0.0250443,0.0112201
0.005,0,0
0.0054,0.00518432,0.00519381
0.0058,0.0101113,0.00716253
0.0062,0.00530451,0.00531444
0.0066,0,0
0.007,0,0
0.0074,0,0
0.0078,0,0
0.0082,0.00514721,0.00515656
0.0086,0.0072801,0.00615218
0.009,0,0
0.0094,0,0
0.0098,0,0
0.0102,0.00502374,0.00503264
0.0106,0,0
0.011,0.00494016,0.00494876
0.0114,0,0
0.0118,0,0
0.0122,0,0
0.0126,0,0
0.013,0.00517208,0.00518149
0.0134,0,0
0.0138,0,0
0.0142,0,0
0.0146,0,0
0.015,0,0
0.0154,0,0
0.0158,0,0
0.0162,0,0
0.0166,0,0
0.017,0,0
0.0174,0,0
0.0178,0,0
0.0182,0,0
0.0186,0,0
0.019,0.00500616,0.00501492
0.0194,0,0
0.0198,0,0
0.0202,0.00519837,0.00520779
0.0206,0,0
0.021,0,0
0.0214,0.00475173,0.00492098
0.0218,0.00526372,0.00527335
0.0222,0,0
0.0226,0,0
0.023,0,0
0.0234,0,0
0.0238,0,0
0.0242,0,0
0.0246,0,0
0.025,0,0
0.0254,0,0
0.0258,0,0
0.0262,0.00522638,0.00523581
0.0266,0,0
0.027,0.00528946,0.0052991
0.0274,0,0
0.0278,0,0
0.0282,0,0
0.0286,0,0
0.029,0,0
0.0294,0,0
0.0298,0,0
0.0302,0,0
0.0306,0.00535853,0.00536836
0.031,0,0
0.0314,0,0
0.0318,0,0
0.0322,0,0
0.0326,0,0
0.033,0,0
0.0334,0,0
0.0338,0,0
0.0342,0.004009,0.00459781
0.0346,0,0
0.035,0,0
0.0354,0,0
0.0358,0,0
0.0362,0,0
0.0366,0,0
0.037,0.00534909,0.00535879
0.0374,0,0
0.0378,0,0
0.0382,0,0
0.0386,0,0
0.039,0,0
0.0394,0,0
0.0398,0,0
0.0402,0.00517676,0.00518579
0.0406,0,0
0.041,0,0
0.0414,0,0
0.0418,0,0
0.0422,0,0
0.0426,0.00356163,0.0043862
0.043,0,0
0.0434,0.00526682,0.00527613
0.0438,0,0
0.0442,0,0
0.0446,0,0
0.045,0.00564975,0.00566042
0.0454,0,0
0.0458,0,0
0.0462,0,0
0.0466,0,0
0.047,0,0
0.0474,0,0
0.0478,0,0
0.0482,0,0
0.0486,0,0
0.049,0,0
0.0494,0,0
0.0498,0,0
0.0502,0,0
0.0506,0.00499917,0.00500745
0.051,0,0
0.0514,0,0
0.0518,0,0
0.0522,0,0
0.0526,0,0
0.053,0,0
0.0534,0,0
0.0538,0,0
0.0542,0,0
0.0546,0,0
0.055,0,0
0.0554,0,0
0.0558,0,0
0.0562,0,0
0.0566,0,0
0.057,0,0
0.0574,0.00544666,0.0054564
0.0578,0,0
0.0582,0.00528934,0.00529851
0.0586,0,0
0.059,0,0
0.0594,0,0
0.0598,0,0
0.0602,0,0
0.0606,0,0
0.061,0,0
0.0614,0,0
0.0618,0,0
0.0622,0,0
0.0626,0,0
0.063,0,0
0.0634,0.00264324,0.00374001
0.0638,0,0
0.0642,0,0
0.0646,0.00255219,0.00363953
0.065,0,0
0.0654,0,0
0.0658,0,0
0.0662,0,0
0.0666,0.00509719,0.00510559
0.067,0.00510026,0.00510867
0.0674,0,0
0.0678,0.00540675,0.00541619
0.0682,0,0
0.0686,0,0
0.069,0,0
0.0694,0,0
0.0698,0,0
0.0702,0,0
0.0706,0,0
0.071,0,0
0.0714,0,0
0.0718,0,0
0.0722,0.00247915,0.00382862
0.0726,0,0
0.073,0,0
0.0734,0,0
0.0738,0,0
0.0742,0,0
0.0746,0,0
0.075,0.00577595,0.0057866
0.0754,0,0
0.0758,0,0
0.0762,0,0
0.0766,0,0
0.077,0,0
0.0774,0,0
0.0778,0,0
0.0782,0,0
0.0786,0,0
0.079,0,0
0.0794,0,0
0.0798,0,0
0.0802,0,0
0.0806,0,0
0.081,0.00573262,0.00574302
0.0814,0.00592861,0.00593973
0.0818,0,0
0.0822,0,0
0.0826,0,0
0.083,0,0
0.0834,0.00144244,0.00289456
0.0838,0,0
0.0842,0,0
0.0846,0.00546243,0.00547183
0.085,0,0
0.0854,0,0
0.0858,0,0
0.0862,0,0
0.0866,0.00605588,0.0060674
0.087,0,0
0.0874,0,0
0.0878,0,0
0.0882,0,0
0.0886,0,0
0.089,0.00562388,0.00563378
0.0894,0.00619647,0.00620848
0.0898,0,0
0.0902,0,0
0.0906,0,0
0.091,0,0
0.0914,0,0
0.0918,0,0
0.0922,0,0
0.0926,0,0
0.093,0,0
0.0934,0,0
0.0938,0,0
0.0942,0.00575074,0.00576102
0.0946,0,0
0.095,0,0
0.0954,0,0
0.0958,0,0
0.0962,0,0
0.0966,0,0
0.097,0,0
0.0974,0,0
0.0978,0,0
0.0982,0,0
0.0986,0,0
0.099,0,0
0.0994,0.00626374,0.00627585
0.0998,0,0
0.1002,0,0
0.1006,0,0
0.101,0,0
0.1014,0,0
0.1018,0,0
0.1022,0,0
0.1026,0,0
0.103,0,0
0.1034,0,0
0.1038,0,0
0.1042,0.0070187,0.00703382
0.1046,0,0
0.105,0,0
0.1054,0,0
0.1058,0,0
0.1062,0,0
0.1066,0,0
0.107,0,0
0.1074,0,0
0.1078,0,0
0.1082,0,0
0.1086,0,0
0.109,0,0
0.1094,0,0
0.1098,0,0
0.1102,0,0
0.1106,0,0
0.111,0,0
0.1114,0,0
0.1118,0.000114884,0.000966461
0.1122,0.000949057,0.00304331
0.1126,0.00970016,0.00972896
0.113,0,0
0.1134,0,0
0.1138,0,0
0.1142,0,0
0.1146,0,0
0.115,0,0
0.1154,0,0
0.1158,0,0
0.1162,0,0
0.1166,0,0
0.117,0,0
0.1174,0.00102701,0.00318825
0.1178,0,0
0.1182,0,0
0.1186,0.00959074,0.009619
0.119,0.0107536,0.0107891
0.1194,0,0
0.1198,0,0
7
-0.1198,0,0
-0.1194,0,0
-0.119,0,0
-0.1186,0,0
-0.1182,0,0
-0.1178,0,0
-0.1174,0,0
-0.117,0,0
-0.1166,0,0
-0.1162,0,0
-0.1158,0,0
-0.1154,0,0
-0.115,0.0107804,0.00763913
-0.1146,0,0
-0.1142,0,0
-0.1138,0,0
-0.1134,0.00516441,0.00517367
-0.113,0,0
-0.1126,0,0
-0.1122,0,0
-0.1118,0,0
-0.1114,0,0
-0.111,0,0
-0.1106,0,0
-0.1102,0,0
-0.1098,0,0
-0.1094,0,0
-0.109,0,0
-0.1086,0,0
-0.1082,0,0
-0.1078,0,0
-0.1074,0,0
-0.107,0,0
-0.1066,0,0
-0.1062,0,0
-0.1058,0,0
-0.1054,0,0
-0.105,0,0
-0.1046,0,0
-0.1042,0,0
-0.1038,0,0
-0.1034,0,0
-0.103,0,0
-0.1026,0,0
-0.1022,0.00506437,0.00507336
-0.1018,0,0
-0.1014,0,0
-0.101,0,0
-0.1006,0,0
-0.1002,0,0
-0.0998,0,0
-0.0994,0.00491304,0.00492152
-0.099,0,0
-0.0986,0,0
-0.0982,0,0
-0.0978,0,0
-0.0974,0,0
-0.097,0,0
-0.0966,0,0
-0.0962,0,0
-0.0958,0.00525207,0.00526179
-0.0954,0,0
-0.095,0,0
-0.0946,0,0
-0.0942,0,0
-0.0938,0,0
-0.0934,0,0
-0.093,0,0
-0.0926,0,0
-0.0922,0,0
-0.0918,0,0
-0.0914,0,0
-0.091,0,0
-0.0906,0,0
-0.0902,0,0
-0.0898,0,0
-0.0894,0,0
-0.089,0,0
-0.0886,0,0
-0.0882,0,0
-0.0878,0,0
-0.0874,0,0
-0.087,0.00497342,0.00498219
-0.0866,0,0
-0.0862,0,0
-0.0858,0,0
-0.0854,0,0
-0.085,0,0
-0.0846,0,0
-0.0842,0,0
-0.0838,0,0
-0.0834,0,0
-0.083,0.00534185,0.00535195
-0.0826,0,0
-0.0822,0,0
-0.0818,0.00498121,0.00498999
-0.0814,0,0
-0.081,0,0
-0.0806,0,0
-0.0802,0,0
-0.0798,0,0
-0.0794,0,0
-0.079,0,0
-0.0786,0,0
-0.0782,0.00548427,0.00549489
-0.0778,0,0
-0.0774,0,0
-0.077,0,0
-0.0766,0,0
-0.0762,0,0
-0.0758,0,0
-0.0754,0,0
-0.075,0,0
-0.0746,0,0
-0.0742,0,0
-0.0738,0,0
-0.0734,0,0
-0.073,0,0
-0.0726,0,0
-0.0722,0,0
-0.0718,0,0
-0.0714,0,0
-0.071,0,0
-0.0706,0,0
-0.0702,0,0
-0.0698,0,0
-0.0694,0,0
-0.069,0,0
-0.0686,0,0
-0.0682,0,0
-0.0678,0,0
-0.0674,0.00560378,0.00561477
-0.067,0,0
-0.0666,0.00537576,0.00538587
-0.0662,0.0052784,0.00528814
-0.0658,0,0
-0.0654,0,0
-0.065,0,0
-0.0646,0,0
-0.0642,0,0
-0.0638,0,0
-0.0634,0,0
-0.063,0,0
-0.0626,0,0
-0.0622,0,0
-0.0618,0,0
-0.0614,0,0
-0.061,0,0
-0.0606,0,0
-0.0602,0,0
-0.0598,0,0
-0.0594,0,0
-0.059,0.00552365,0.00553423
-0.0586,0,0
-0.0582,0,0
-0.0578,0,0
-0.0574,0,0
-0.057,0,0
-0.0566,0,0
-0.0562,0,0
-0.0558,0,0
-0.0554,0,0
-0.055,0,0
-0.0546,0,0
-0.0542,0,0
-0.0538,0,0
-0.0534,0,0
-0.053,0,0
-0.0526,0,0
-0.0522,0,0
-0.0518,0,0
-0.0514,0,0
-0.051,0,0
-0.0506,0,0
-0.0502,0.00532885,0.00533858
-0.0498,0,0
-0.0494,0,0
-0.049,0,0
-0.0486,0,0
-0.0482,0,0
-0.0478,0,0
-0.0474,0,0
-0.047,0,0
-0.0466,0,0
-0.0462,0,0
-0.0458,0,0
-0.0454,0,0
-0.045,0,0
-0.0446,0,0
-0.0442,0.00604177,0.00605417
-0.0438,0,0
-0.0434,0,0
-0.043,0,0
-0.0426,0.00529145,0.00530094
-0.0422,0,0
-0.0418,0,0
-0.0414,0,0
-0.041,0,0
-0.0406,0,0
-0.0402,0,0
-0.0398,0,0
-0.0394,0,0
-0.039,0,0
-0.0386,0,0
-0.0382,0,0
-0.0378,0,0
-0.0374,0.00510544,0.00511419
-0.037,0,0
-0.0366,0,0
-0.0362,0,0
-0.0358,0,0
-0.0354,0,0
-0.035,0,0
-0.0346,0,0
-0.0342,0,0
-0.0338,0.00365033,0.00458535
-0.0334,0,0
-0.033,0.00554288,0.00555312
-0.0326,0.00258861,0.00377391
-0.0322,0,0
-0.0318,0.0101619,0.00719773
-0.0314,0,0
-0.031,0.00582128,0.00583254
-0.0306,0,0
-0.0302,0,0
-0.0298,0,0
-0.0294,0,0
-0.029,0,0
-0.0286,0,0
-0.0282,0,0
-0.0278,0,0
-0.0274,0,0
-0.027,0,0
-0.0266,0,0
-0.0262,0,0
-0.0258,0,0
-0.0254,0,0
-0.025,0,0
-0.0246,0,0
-0.0242,0.0063537,0.00636693
-0.0238,0.00565488,0.00566535
-0.0234,0,0
-0.023,0,0
-0.0226,0,0
-0.0222,0,0
-0.0218,0,0
-0.0214,0,0
-0.021,0,0
-0.0206,0,0
-0.0202,0,0
-0.0198,0,0
-0.0194,0,0
-0.019,0,0
-0.0186,0.00524568,0.0052546
-0.0182,0,0
-0.0178,0,0
-0.0174,0,0
-0.017,0,0
-0.0166,0,0
-0.0162,0,0
-0.0158,0.00515141,0.00515996
-0.0154,0,0
-0.015,0,0
-0.0146,0.0055315,0.00554134
-0.0142,0,0
-0.0138,0,0
-0.0134,0.0181408,0.0102505
-0.013,0,0
-0.0126,0.00602127,0.00603287
-0.0122,0.0110102,0.00779913
-0.0118,0.00544697,0.00545645
-0.0114,0.0180371,0.0104338
-0.011,0,0
-0.0106,0.0054615,0.0056405
-0.0102,0.00585921,0.00587015
-0.0098,0,0
-0.0094,0.00272295,0.00385593
-0.009,0,0
-0.0086,0.00573675,0.00574721
-0.0082,0.0100577,0.00747764
-0.0078,0,0
-0.0074,0,0
-0.007,0,0
-0.0066,0.00620665,0.00621885
-0.0062,0,0
-0.0058,0.00599237,0.00600373
-0.0054,0,0
-0.005,0.00635142,0.00613133
-0.0046,0.0300458,0.0134631
-0.0042,0.0245158,0.012282
-0.0038,0.0366754,0.0150048
-0.0034,0.0386364,0.0158059
-0.003,0.053636,0.0178403
-0.0026,0.0651492,0.0203879
-0.0022,0.074019,0.0210784
-0.0018,0.103599,0.0239865
-0.0014,0.298991,0.0408612
-0.001,0.314288,0.0431083
-0.0006,0.413021,0.0482713
-0.0002,0.558962,0.0548773
0.0002,0.489175,0.0528984
0.0006,0.654071,0.0634206
0.001,0.3512,0.0452984
0.0014,0.381075,0.0455978
0.0018,0.24704,0.0390196
0.0022,0.172128,0.0334424
0.0026,0.0981845,0.0245309
0.003,0.0516562,0.0172643
0.0034,0.0316871,0.014199
0.0038,0.0320193,0.0138293
0.0042,0.0174907,0.0101257
0.0046,0.00781559,0.00668506
0.005,0.0118091,0.00836566
0.0054,0.0235443,0.0117938
0.0058,0.0401604,0.0152065
0.0062,0.0120809,0.00844447
0.0066,0.00623069,0.00624275
0.007,0.0123101,0.00867726
0.0074,0,0
0.0078,0.00667195,0.00637794
0.0082,0,0
0.0086,0.00581368,0.00582416
0.009,0.0120372,0.00852843
0.0094,0,0
0.0098,0,0
0.0102,0,0
0.0106,0.00562134,0.00563112
0.011,0,0
0.0114,0,0
0.0118,0,0
0.0122,0,0
0.0126,0.00599421,0.00600532
0.013,0,0
0.0134,0,0
0.0138,0.0123629,0.00875863
0.0142,0,0
0.0146,0,0
0.015,0,0
0.0154,0.00585,0.00586058
0.0158,0.00570097,0.00571101
0.0162,0.00595582,0.00596678
0.0166,0.00593939,0.00595029
0.017,0,0
0.0174,0,0
0.0178,0,0
0.0182,0,0
0.0186,0.0113068,0.00800914
0.019,0,0
0.0194,0,0
0.0198,0,0
0.0202,0,0
0.0206,0,0
0.021,0.00583985,0.00585042
0.0214,0.000366612,0.00144823
0.0218,0,0
0.0222,0,0
0.0226,0,0
0.023,0.00560361,0.00561335
0.0234,0,0
0.0238,0,0
0.0242,0,0
0.0246,0,0
0.025,0,0
0.0254,0,0
0.0258,0.00578848,0.0057989
0.0262,0,0
0.0266,0,0
0.027,0.00585699,0.00586767
0.0274,0,0
0.0278,0,0
0.0282,0.00593089,0.00594185
0.0286,0.0170748,0.00987572
0.029,0,0
0.0294,0,0
0.0298,0,0
0.0302,0,0
0.0306,0.00546872,0.00547806
0.031,0.0122112,0.00865112
0.0314,0,0
0.0318,0,0
0.0322,0,0
0.0326,0.00569471,0.00570485
0.033,0,0
0.0334,0.0063326,0.00634514
0.0338,0,0
0.0342,0.00135401,0.00278625
0.0346,0,0
0.035,0.00568414,0.00569427
0.0354,0,0
0.0358,0,0
0.0362,0,0
0.0366,0.0054971,0.00550659
0.037,0.00546994,0.00547934
0.0374,0,0
0.0378,0,0
0.0382,0,0
0.0386,0,0
0.039,0,0
0.0394,0,0
0.0398,0.00584293,0.00585368
0.0402,0,0
0.0406,0,0
0.041,0,0
0.0414,0,0
0.0418,0,0
0.0422,0,0
0.0426,0.00765976,0.00663331
0.043,0,0
0.0434,0,0
0.0438,0.00558649,0.00559637
0.0442,0,0
0.0446,0.00520007,0.00520863
0.045,0,0
0.0454,0,0
0.0458,0,0
0.0462,0.00539722,0.00540646
0.0466,0.00539489,0.00540413
0.047,0,0
0.0474,0,0
0.0478,0,0
0.0482,0,0
0.0486,0,0
0.049,0,0
0.0494,0,0
0.0498,0.00589989,0.00591097
0.0502,0,0
0.0506,0,0
0.051,0,0
0.0514,0,0
0.0518,0,0
0.0522,0,0
0.0526,0,0
0.053,0,0
0.0534,0,0
0.0538,0,0
0.0542,0,0
0.0546,0,0
0.055,0,0
0.0554,0,0
0.0558,0,0
0.0562,0,0
0.0566,0,0
0.057,0,0
0.0574,0,0
0.0578,0,0
0.0582,0.00585671,0.00586774
0.0586,0.00538407,0.0053934
0.059,0,0
0.0594,0,0
0.0598,0,0
0.0602,0,0
0.0606,0.00536373,0.00537301
0.061,0,0
0.0614,0,0
0.0618,0,0
0.0622,0,0
0.0626,0,0
0.063,0,0
0.0634,0.00263947,0.00374369
0.0638,0,0
0.0642,0,0
0.0646,0.00262041,0.00368774
0.065,0,0
0.0654,0,0
0.0658,0,0
0.0662,0.00520966,0.00521849
0.0666,0,0
0.067,0.00524705,0.00525601
0.0674,0,0
0.0678,0,0
0.0682,0,0
0.0686,0,0
0.069,0,0
0.0694,0,0
0.0698,0,0
0.0702,0,0
0.0706,0,0
0.071,0,0
0.0714,0,0
0.0718,0.0057679,0.0057788
0.0722,0.00333875,0.00439562
0.0726,0,0
0.073,0,0
0.0734,0.00586885,0.00588015
0.0738,0,0
0.0742,0,0
0.0746,0,0
0.075,0,0
0.0754,0,0
0.0758,0,0
0.0762,0,0
0.0766,0,0
0.077,0,0
0.0774,0,0
0.0778,0.0116266,0.00825163
0.0782,0.00615711,0.00616959
0.0786,0.00549953,0.0055095
0.079,0,0
0.0794,0,0
0.0798,0,0
0.0802,0,0
0.0806,0,0
0.081,0,0
0.0814,0,0
0.0818,0,0
0.0822,0,0
0.0826,0.00499682,0.00500507
0.083,0,0
0.0834,0.00414724,0.00479513
0.0838,0.00544307,0.00545287
0.0842,0,0
0.0846,0.00520163,0.00521058
0.085,0,0
0.0854,0,0
0.0858,0.0052378,0.00524688
0.0862,0,0
0.0866,0,0
0.087,0.00432309,0.0049925
0.0874,0,0
0.0878,0,0
0.0882,0,0
0.0886,0,0
0.089,0,0
0.0894,0,0
0.0898,0,0
0.0902,0,0
0.0906,0,0
0.091,0,0
0.0914,0,0
0.0918,0,0
0.0922,0,0
0.0926,0,0
0.093,0,0
0.0934,0,0
0.0938,0,0
0.0942,0,0
0.0946,0,0
0.095,0,0
0.0954,0.00524244,0.00525156
0.0958,0.00524192,0.00525105
0.0962,0,0
0.0966,0,0
0.097,0,0
0.0974,0,0
0.0978,0,0
0.0982,0,0
0.0986,0.0058753,0.00588677
0.099,0.00335807,0.00434045
0.0994,0.00581782,0.00582907
0.0998,0,0
0.1002,0.010107,0.00783584
0.1006,0.00590648,0.00591807
0.101,0,0
0.1014,0,0
0.1018,0,0
0.1022,0,0
0.1026,0.00684751,0.00686308
0.103,0,0
0.1034,0,0
0.1038,0,0
0.1042,0,0
0.1046,0,0
0.105,0,0
0.1054,0,0
0.1058,0.0101442,0.00837079
0.1062,0,0
0.1066,0,0
0.107,0,0
0.1074,0,0
0.1078,0,0
0.1082,0.00762811,0.00764738
0.1086,0,0
0.109,0,0
0.1094,0,0
0.1098,0,0
0.1102,0,0
0.1106,0.00739486,0.00741293
0.111,0,0
0.1114,0,0
0.1118,0.007398,0.00746955
0.1122,0,0
0.1126,0,0
0.113,0,0
0.1134,0,0
0.1138,0,0
0.1142,0,0
0.1146,0,0
0.115,0,0
0.1154,0,0
0.1158,0.0162047,0.0114889
0.1162,0,0
0.1166,0,0
0.117,0,0
0.1174,0.00923986,0.00926777
0.1178,0,0
0.1182,0,0
0.1186,0,0
0.119,0,0
0.1194,0,0
0.1198,0,0
8
-0.1198,0,0
-0.1194,0,0
-0.119,0.00390726,0.00391454
-0.1186,0,0
-0.1182,0,0
-0.1178,0.00382176,0.00382872
-0.1174,0,0
-0.117,0,0
-0.1166,0,0
-0.1162,0.00351076,0.00351663
-0.1158,0.00409871,0.00410669
-0.1154,0,0
-0.115,0,0
-0.1146,0,0
-0.1142,0,0
-0.1138,0,0
-0.1134,0,0
-0.113,0,0
-0.1126,0,0
-0.1122,0,0
-0.1118,0,0
-0.1114,0,0
-0.111,0,0
-0.1106,0,0
-0.1102,0,0
-0.1098,0,0
-0.1094,0,0
-0.109,0,0
-0.1086,0,0
-0.1082,0,0
-0.1078,0,0
-0.1074,0,0
-0.107,0,0
-0.1066,0,0
-0.1062,0,0
-0.1058,0,0
-0.1054,0,0
-0.105,0,0
-0.1046,0,0
-0.1042,0.00394292,0.0039502
-0.1038,0,0
-0.1034,0,0
-0.103,0,0
-0.1026,0,0
-0.1022,0.00384577,0.00385268
-0.1018,0,0
-0.1014,0.00424247,0.00425086
-0.101,0,0
-0.1006,0,0
-0.1002,0.00404579,0.00405341
-0.0998,0,0
-0.0994,0,0
-0.099,0.00395921,0.0039665
-0.0986,0,0
-0.0982,0,0
-0.0978,0,0
-0.0974,0,0
-0.097,0,0
-0.0966,0,0
-0.0962,0.00381027,0.00381699
-0.0958,0,0
-0.0954,0,0
-0.095,0,0
-0.0946,0,0
-0.0942,0,0
-0.0938,0,0
-0.0934,0,0
-0.093,0,0
-0.0926,0,0
-0.0922,0,0
-0.0918,0.00397667,0.00398395
-0.0914,0.00382668,0.00383342
-0.091,0,0
-0.0906,0,0
-0.0902,0,0
-0.0898,0,0
-0.0894,0,0
-0.089,0,0
-0.0886,0,0
-0.0882,0,0
-0.0878,0.00757566,0.0053661
-0.0874,0,0
-0.087,0,0
-0.0866,0,0
-0.0862,0,0
-0.0858,0,0
-0.0854,0,0
-0.085,0,0
-0.0846,0,0
-0.0842,0.00406156,0.00406908
-0.0838,0,0
-0.0834,0,0
-0.083,0,0
-0.0826,0,0
-0.0822,0,0
-0.0818,0.00387307,0.00387989
-0.0814,0,0
-0.081,0,0
-0.0806,0,0
-0.0802,0,0
-0.0798,0.00451226,0.0045215
-0.0794,0,0
-0.079,0.0041067,0.00411434
-0.0786,0,0
-0.0782,0,0
-0.0778,0,0
-0.0774,0,0
-0.077,0,0
-0.0766,0,0
-0.0762,0,0
-0.0758,0,0
-0.0754,0,0
-0.075,0,0
-0.0746,0.0040513,0.00405871
-0.0742,0,0
-0.0738,0,0
-0.0734,0,0
-0.073,0,0
-0.0726,0,0
-0.0722,0,0
-0.0718,0,0
-0.0714,0,0
-0.071,0,0
-0.0706,0,0
-0.0702,0,0
-0.0698,0,0
-0.0694,0,0
-0.069,0,0
-0.0686,0,0
-0.0682,0,0
-0.0678,0,0
-0.0674,0,0
-0.067,0,0
-0.0666,0,0
-0.0662,0,0
-0.0658,0,0
-0.0654,0,0
-0.065,0,0
-0.0646,0,0
-0.0642,0,0
-0.0638,0,0
-0.0634,0,0
-0.063,0,0
-0.0626,0.00829249,0.00587458
-0.0622,0,0
-0.0618,0.00420209,0.00421
-0.0614,0,0
-0.061,0,0
-0.0606,0.00404711,0.00405445
-0.0602,0,0
-0.0598,0,0
-0.0594,0,0
-0.059,0,0
-0.0586,0,0
-0.0582,0,0
-0.0578,0,0
-0.0574,0,0
-0.057,0,0
-0.0566,0,0
-0.0562,0.00388555,0.00389231
-0.0558,0,0
-0.0554,0,0
-0.055,0.00423236,0.00424038
-0.0546,0,0
-0.0542,0,0
-0.0538,0,0
-0.0534,0,0
-0.053,0,0
-0.0526,0,0
-0.0522,0,0
-0.0518,0.0041656,0.00417337
-0.0514,0.00415133,0.00415904
-0.051,0,0
-0.0506,0,0
-0.0502,0,0
-0.0498,0,0
-0.0494,0,0
-0.049,0,0
-0.0486,0,0
-0.0482,0.00451251,0.00452162
-0.0478,0,0
-0.0474,0,0
-0.047,0,0
-0.0466,0,0
-0.0462,0,0
-0.0458,0.00424998,0.00425807
-0.0454,0,0
-0.045,0.00401648,0.0040237
-0.0446,0.00436166,0.00437017
-0.0442,0,0
-0.0438,0.00405606,0.00406342
-0.0434,0,0
-0.043,0,0
-0.0426,0.00431256,0.00432088
-0.0422,0,0
-0.0418,0,0
-0.0414,0,0
-0.041,0,0
-0.0406,0,0
-0.0402,0,0
-0.0398,0,0
-0.0394,0.00395843,0.00396543
-0.039,0,0
-0.0386,0,0
-0.0382,0,0
-0.0378,0.00908803,0.00643926
-0.0374,0,0
-0.037,0,0
-0.0366,0.00425622,0.0042643
-0.0362,0.00457315,0.00458248
-0.0358,0,0
-0.0354,0,0
-0.035,0.00409703,0.00410452
-0.0346,0,0
-0.0342,0.00429205,0.00430027
-0.0338,0.00156169,0.00259407
-0.0334,0.00364295,0.00364887
-0.033,0,0
-0.0326,0.00216044,0.00297922
-0.0322,0,0
-0.0318,0.00297662,0.00343965
-0.0314,0,0
-0.031,0,0
-0.0306,0,0
-0.0302,0,0
-0.0298,0,0
-0.0294,0.00428617,0.00429436
-0.029,0,0
-0.0286,0,0
-0.0282,0,0
-0.0278,0.00433034,0.00433869
-0.0274,0,0
-0.027,0,0
-0.0266,0.00422183,0.00422977
-0.0262,0,0
-0.0258,0,0
-0.0254,0,0
-0.025,0,0
-0.0246,0,0
-0.0242,0,0
-0.0238,0.00416181,0.00416952
-0.0234,0.00169903,0.0026976
-0.023,0.00402124,0.00402844
-0.0226,0,0
-0.0222,0.0041605,0.0041682
-0.0218,0.00398044,0.00398748
-0.0214,0,0
-0.021,0,0
-0.0206,0.00426173,0.00426981
-0.0202,0.00410622,0.00411372
-0.0198,0,0
-0.0194,0,0
-0.019,0,0
-0.0186,0,0
-0.0182,0,0
-0.0178,0,0
-0.0174,0,0
-0.017,0,0
-0.0166,0,0
-0.0162,0,0
-0.0158,0,0
-0.0154,0,0
-0.015,0,0
-0.0146,0.00405488,0.00406217
-0.0142,0,0
-0.0138,0,0
-0.0134,0.0103399,0.00658737
-0.013,0,0
-0.0126,0,0
-0.0122,0.00397271,0.00397971
-0.0118,0,0
-0.0114,0,0
-0.011,0.00811392,0.00574772
-0.0106,0.000246619,0.00101731
-0.0102,0.00421898,0.00422686
-0.0098,0.0038251,0.00383158
-0.0094,0.00195597,0.00277208
-0.009,0.00387152,0.00387815
-0.0086,0,0
-0.0082,0.00869739,0.00589493
-0.0078,0,0
-0.0074,0.00397654,0.00398353
-0.007,0.00195552,0.00279395
-0.0066,0.00166344,0.00272746
-0.0062,0.00431532,0.00432353
-0.0058,0.0085608,0.00606489
-0.0054,0.00859793,0.00609119
-0.005,0.0123532,0.00723904
-0.0046,0.0114764,0.00702891
-0.0042,0.0307072,0.0116291
-0.0038,0.0132455,0.00766461
-0.0034,0.0414379,0.0138412
-0.003,0.0801858,0.0189344
-0.0026,0.094059,0.0206586
-0.0022,0.173012,0.0275098
-0.0018,0.234368,0.0305053
-0.0014,0.284253,0.0337004
-0.001,0.564878,0.0488257
-0.0006,0.575527,0.0482309
-0.0002,0.628587,0.0491412
0.0002,0.632296,0.0508189
0.0006,0.64421,0.053136
0.001,0.485552,0.0450129
0.0014,0.289775,0.0336348
0.0018,0.178672,0.028068
0.0022,0.201725,0.0305097
0.0026,0.128014,0.0235884
0.003,0.108757,0.0208614
0.0034,0.0444486,0.0140955
0.0038,0.0261096,0.0104836
0.0042,0.0270478,0.0107091
0.0046,0.0308177,0.0111779
0.005,0.0166266,0.00832942
0.0054,0.00835693,0.00592007
0.0058,0.00964739,0.00627741
0.0062,0.0268234,0.0105735
0.0066,0.0129744,0.00750592
0.007,0.0189749,0.00901489
0.0074,0,0
0.0078,0.0263496,0.0106113
0.0082,0.00415129,0.00415883
0.0086,0.0126023,0.00728936
0.009,0.00853038,0.00604382
0.0094,0.00871866,0.00617693
0.0098,0,0
0.0102,0.00405189,0.00405906
0.0106,0,0
0.011,0,0
0.0114,0.00846229,0.00599481
0.0118,0.00442224,0.00443078
0.0122,0,0
0.0126,0,0
0.013,0.00424731,0.00425518
0.0134,0.00833226,0.00590252
0.0138,0.0043799,0.00438826
0.0142,0,0
0.0146,0,0
0.015,0,0
0.0154,0.00414708,0.00415457
0.0158,0.00808479,0.00572689
0.0162,0,0
0.0166,0.00847266,0.00600223
0.017,0,0
0.0174,0.00410967,0.00411702
0.0178,0,0
0.0182,0.00400548,0.00401247
0.0186,0,0
0.019,0,0
0.0194,0.00370171,0.00370767
0.0198,0,0
0.0202,0.00416736,0.00417491
0.0206,0,0
0.021,0,0
0.0214,0,0
0.0218,0.00421161,0.00421932
0.0222,0.00418933,0.00419695
0.0226,0.00403863,0.00404572
0.023,0,0
0.0234,0.00413206,0.00413947
0.0238,0,0
0.0242,0,0
0.0246,0.00791135,0.00560378
0.025,0.00359993,0.00360555
0.0254,0,0
0.0258,0,0
0.0262,0,0
0.0266,0.00420531,0.00421298
0.027,0,0
0.0274,0,0
0.0278,0,0
0.0282,0,0
0.0286,0,0
0.029,0.00395097,0.00395772
0.0294,0,0
0.0298,0,0
0.0302,0.00402672,0.00403374
0.0306,0.00424286,0.00425065
0.031,0.00440818,0.00441658
0.0314,0.00432703,0.00433512
0.0318,0.00409713,0.00410439
0.0322,0.00808424,0.00572697
0.0326,0,0
0.033,0,0
0.0334,0,0
0.0338,0.00435725,0.00436545
0.0342,0,0
0.0346,0,0
0.035,0,0
0.0354,0.00398848,0.00399534
0.0358,0,0
0.0362,0,0
0.0366,0,0
0.037,0,0
0.0374,0,0
0.0378,0,0
0.0382,0,0
0.0386,0.00418509,0.00419263
0.039,0,0
0.0394,0,0
0.0398,0,0
0.0402,0,0
0.0406,0,0
0.041,0,0
0.0414,0,0
0.0418,0,0
0.0422,0,0
0.0426,0,0
0.043,0,0
0.0434,0,0
0.0438,0,0
0.0442,0,0
0.0446,0,0
0.045,0,0
0.0454,0,0
0.0458,0.00418063,0.00418813
0.0462,0.0043166,0.00432459
0.0466,0,0
0.047,0,0
0.0474,0,0
0.0478,0,0
0.0482,0,0
0.0486,0,0
0.049,0,0
0.0494,0.00370327,0.00370915
0.0498,0.00423727,0.00424496
0.0502,0,0
0.0506,0.00387252,0.00387894
0.051,0,0
0.0514,0,0
0.0518,0,0
0.0522,0,0
0.0526,0,0
0.053,0,0
0.0534,0.0039011,0.0039076
0.0538,0,0
0.0542,0,0
0.0546,0,0
0.055,0.00404888,0.00405586
0.0554,0.00405056,0.00405755
0.0558,0.00432097,0.00432892
0.0562,0,0
0.0566,0,0
0.057,0,0
0.0574,0,0
0.0578,0,0
0.0582,0,0
0.0586,0,0
0.059,0.00407777,0.00408482
0.0594,0,0
0.0598,0,0
0.0602,0,0
0.0606,0,0
0.061,0,0
0.0614,0,0
0.0618,0,0
0.0622,0.0042145,0.004222
0.0626,0,0
0.063,0,0
0.0634,0.00406235,0.00406931
0.0638,0,0
0.0642,0,0
0.0646,0,0
0.065,0.00809504,0.00573382
0.0654,0.00422966,0.00423719
0.0658,0,0
0.0662,0,0
0.0666,0,0
0.067,0.00799714,0.00566523
0.0674,0.00416726,0.00417455
0.0678,0.00416977,0.00417706
0.0682,0,0
0.0686,0,0
0.069,0,0
0.0694,0,0
0.0698,0.00425495,0.00426251
0.0702,0,0
0.0706,0,0
0.071,0.00420319,0.00421056
0.0714,0.00272891,0.00358628
0.0718,0,0
0.0722,0,0
0.0726,0.00409293,0.0040999
0.073,0,0
0.0734,0,0
0.0738,0.00423907,0.00424654
0.0742,0,0
0.0746,0,0
0.075,0,0
0.0754,0.00462951,0.00463839
0.0758,0,0
0.0762,0.00431588,0.00432359
0.0766,0,0
0.077,0.00433861,0.0043464
0.0774,0,0
0.0778,0.00413096,0.0042487
0.0782,0.00427815,0.00428572
0.0786,0,0
0.079,0,0
0.0794,0,0
0.0798,0,0
0.0802,0,0
0.0806,0,0
0.081,0,0
0.0814,0.00455569,0.00456424
0.0818,0,0
0.0822,0.00413371,0.00414074
0.0826,0,0
0.083,0,0
0.0834,0,0
0.0838,0,0
0.0842,0,0
0.0846,0,0
0.085,0,0
0.0854,0,0
0.0858,0,0
0.0862,0,0
0.0866,0,0
0.087,0.0011499,0.00231655
0.0874,0,0
0.0878,0.0090639,0.00642102
0.0882,0,0
0.0886,0.00423432,0.00424164
0.089,0,0
0.0894,0,0
0.0898,0,0
0.0902,0.00428924,0.00429674
0.0906,0,0
0.091,0,0
0.0914,0,0
0.0918,0,0
0.0922,0,0
0.0926,0,0
0.093,0,0
0.0934,0,0
0.0938,0.00457043,0.00457891
0.0942,0,0
0.0946,0,0
0.095,0,0
0.0954,0,0
0.0958,0,0
0.0962,0,0
0.0966,0,0
0.097,0,0
0.0974,0.00433281,0.00434041
0.0978,0.0047409,0.00474999
0.0982,0,0
0.0986,0,0
0.099,0.00183361,0.00290743
0.0994,0,0
0.0998,0.0049951,0.00500518
0.1002,0.00661531,0.00574861
0.1006,0,0
0.101,0,0
0.1014,0.00511616,0.00512673
0.1018,0,0
0.1022,0,0
0.1026,0,0
0.103,0,0
0.1034,0,0
0.1038,0.00484897,0.00485845
0.1042,0,0
0.1046,0.0051349,0.00514553
0.105,0,0
0.1054,0,0
0.1058,0.0029688,0.00410788
0.1062,0,0
0.1066,0,0
0.107,0,0
0.1074,0,0
0.1078,0,0
0.1082,0.00627069,0.00628653
0.1086,0.00574989,0.0057632
0.109,0,0
0.1094,0,0
0.1098,0,0
0.1102,0,0
0.1106,0,0
0.111,0,0
0.1114,0.00669757,0.00671563
0.1118,0,0
0.1122,0,0
0.1126,0.00737431,0.0073962
0.113,0,0
0.1134,0,0
0.1138,0,0
0.1142,0,0
0.1146,0.0147223,0.0104411
0.115,0.00677291,0.00679138
0.1154,0,0
0.1158,0,0
0.1162,0,0
0.1166,0,0
0.117,0,0
0.1174,0.00681791,0.00683663
0.1178,0,0
0.1182,0.00689535,0.0069145
0.1186,0,0
0.119,0,0
0.1194,0,0
0.1198,0,0
9
-0.1198,0,0
-0.1194,0,0
-0.119,0,0
-0.1186,0,0
-0.1182,0,0
-0.1178,0,0
-0.1174,0,0
-0.117,0,0
-0.1166,0,0
-0.1162,0,0
-0.1158,0,0
-0.1154,0,0
-0.115,0,0
-0.1146,0.0039357,0.00394335
-0.1142,0,0
-0.1138,0,0
-0.1134,0,0
-0.113,0,0
-0.1126,0,0
-0.1122,0,0
-0.1118,0,0
-0.1114,0,0
-0.111,0,0
-0.1106,0,0
-0.1102,0,0
-0.1098,0,0
-0.1094,0,0
-0.109,0,0
-0.1086,0,0
-0.1082,0,0
-0.1078,0,0
-0.1074,0,0
-0.107,0,0
-0.1066,0,0
-0.1062,0,0
-0.1058,0,0
-0.1054,0,0
-0.105,0,0
-0.1046,0,0
-0.1042,0,0
-0.1038,0,0
-0.1034,0,0
-0.103,0.00372576,0.00373274
-0.1026,0,0
-0.1022,0,0
-0.1018,0,0
-0.1014,0,0
-0.101,0.00345949,0.00346552
-0.1006,0,0
-0.1002,0,0
-0.0998,0,0
-0.0994,0.00341,0.00341588
-0.099,0,0
-0.0986,0,0
-0.0982,0,0
-0.0978,0,0
-0.0974,0,0
-0.097,0,0
-0.0966,0,0
-0.0962,0,0
-0.0958,0,0
-0.0954,0,0
-0.095,0,0
-0.0946,0,0
-0.0942,0,0
-0.0938,0,0
-0.0934,0,0
-0.093,0,0
-0.0926,0,0
-0.0922,0,0
-0.0918,0,0
-0.0914,0,0
-0.091,0,0
-0.0906,0,0
-0.0902,0,0
-0.0898,0,0
-0.0894,0,0
-0.089,0,0
-0.0886,0,0
-0.0882,0.0036512,0.00365804
-0.0878,0.00337753,0.00338339
-0.0874,0,0
-0.087,0,0
-0.0866,0,0
-0.0862,0,0
-0.0858,0,0
-0.0854,0,0
-0.085,0,0
-0.0846,0.00327704,0.00328258
-0.0842,0,0
-0.0838,0,0
-0.0834,0,0
-0.083,0,0
-0.0826,0,0
-0.0822,0,0
-0.0818,0,0
-0.0814,0.0035513,0.00355782
-0.081,0,0
-0.0806,0,0
-0.0802,0,0
-0.0798,0,0
-0.0794,0,0
-0.079,0,0
-0.0786,0,0
-0.0782,0,0
-0.0778,0,0
-0.0774,0,0
-0.077,0,0
-0.0766,0,0
-0.0762,0,0
-0.0758,0,0
-0.0754,0.00344939,0.00345558
-0.075,0,0
-0.0746,0.00351174,0.00351816
-0.0742,0,0
-0.0738,0,0
-0.0734,0,0
-0.073,0,0
-0.0726,0,0
-0.0722,0,0
-0.0718,0,0
-0.0714,0,0
-0.071,0,0
-0.0706,0,0
-0.0702,0,0
-0.0698,0,0
-0.0694,0,0
-0.069,0,0
-0.0686,0,0
-0.0682,0.00349282,0.00349921
-0.0678,0,0
-0.0674,0,0
-0.067,0,0
-0.0666,0,0
-0.0662,0,0
-0.0658,0,0
-0.0654,0.00342013,0.00342627
-0.065,0,0
-0.0646,0,0
-0.0642,0.00351778,0.00352428
-0.0638,0,0
-0.0634,0,0
-0.063,0.00329889,0.00330461
-0.0626,0,0
-0.0622,0,0
-0.0618,0.00357727,0.00358401
-0.0614,0,0
-0.061,0,0
-0.0606,0,0
-0.0602,0.00343986,0.0034461
-0.0598,0,0
-0.0594,0,0
-0.059,0.00363012,0.00363707
-0.0586,0,0
-0.0582,0.00351181,0.00351831
-0.0578,0.00336725,0.00337324
-0.0574,0.00336624,0.00337222
-0.057,0,0
-0.0566,0,0
-0.0562,0,0
-0.0558,0.00347912,0.00348552
-0.0554,0,0
-0.055,0,0
-0.0546,0,0
-0.0542,0,0
-0.0538,0,0
-0.0534,0.00348759,0.00349403
-0.053,0.00387638,0.00388433
-0.0526,0.0068615,0.00486114
-0.0522,0.00348498,0.00349142
-0.0518,0.00350529,0.0035118
-0.0514,0.00350439,0.0035109
-0.051,0.00334359,0.00334952
-0.0506,0,0
-0.0502,0,0
-0.0498,0,0
-0.0494,0,0
-0.049,0,0
-0.0486,0,0
-0.0482,0,0
-0.0478,0.00336887,0.0033749
-0.0474,0.00356546,0.00357222
-0.047,0,0
-0.0466,0,0
-0.0462,0,0
-0.0458,0,0
-0.0454,0.00339342,0.00339955
-0.045,0.00337278,0.00337884
-0.0446,0,0
-0.0442,0,0
-0.0438,0.00384735,0.00385524
-0.0434,0,0
-0.043,0.00348802,0.00349451
-0.0426,0,0
-0.0422,0,0
-0.0418,0.00345085,0.00345721
-0.0414,0.00336768,0.00337374
-0.041,0,0
-0.0406,0.00370973,0.00371709
-0.0402,0,0
-0.0398,0.00330292,0.00330876
-0.0394,0,0
-0.039,0,0
-0.0386,0.00351979,0.00352643
-0.0382,0,0
-0.0378,0,0
-0.0374,0,0
-0.037,0,0
-0.0366,0.00379956,0.00380731
-0.0362,0.00316919,0.00317458
-0.0358,0.00343378,0.00344012
-0.0354,0,0
-0.035,0,0
-0.0346,0,0
-0.0342,0,0
-0.0338,0,0
-0.0334,0.00602814,0.00426947
-0.033,0.00382144,0.00382932
-0.0326,0,0
-0.0322,0,0
-0.0318,0.00408223,0.00365996
-0.0314,0.00723717,0.0051278
-0.031,0,0
-0.0306,0.00343315,0.00343952
-0.0302,0.0033205,0.00332646
-0.0298,0,0
-0.0294,0.00694597,0.00492138
-0.029,0.00384245,0.00385045
-0.0286,0,0
-0.0282,0.0105619,0.00610974
-0.0278,0.0032685,0.0032743
-0.0274,0,0
-0.027,0.00338657,0.0033928
-0.0266,0.00346001,0.00346651
-0.0262,0.00328533,0.0032912
-0.0258,0.0035908,0.00359782
-0.0254,0,0
-0.025,0.00617622,0.00437477
-0.0246,0.00343959,0.00344604
-0.0242,0,0
-0.0238,0.00682777,0.00483696
-0.0234,0.00209454,0.00270509
-0.023,0.00327836,0.00328422
-0.0226,0,0
-0.0222,0,0
-0.0218,0.00323894,0.00324468
-0.0214,0.003508,0.00351473
-0.021,0,0
-0.0206,0,0
-0.0202,0.00333283,0.00333891
-0.0198,0.00318758,0.00319315
-0.0194,0.0032548,0.00326061
-0.019,0.00309865,0.00310392
-0.0186,0.00619411,0.00438735
-0.0182,0,0
-0.0178,0.00340387,0.00341023
-0.0174,0,0
-0.017,0.00331768,0.00332373
-0.0166,0,0
-0.0162,0.0029636,0.00296843
-0.0158,0.00321718,0.00322288
-0.0154,0.00665017,0.004711
-0.015,0.0033489,0.00335508
-0.0146,0,0
-0.0142,0.00299884,0.00300381
-0.0138,0.00330502,0.00331106
-0.0134,0.00127073,0.0020582
-0.013,0,0
-0.0126,0,0
-0.0122,0.00636248,0.00450688
-0.0118,0,0
-0.0114,0.00690746,0.00489369
-0.011,0,0
-0.0106,0.00333692,0.00334309
-0.0102,0,0
-0.0098,0.00304766,0.00305281
-0.0094,0.00619809,0.00439033
-0.009,0.0129183,0.00647313
-0.0086,0.00663341,0.00469919
-0.0082,0.0127992,0.00641241
-0.0078,0.0265558,0.00943629
-0.0074,0.021947,0.00830988
-0.007,0.00819903,0.00519144
-0.0066,0.00573302,0.00450401
-0.0062,0.0136041,0.00681506
-0.0058,0.0134979,0.00676171
-0.0054,0.0200662,0.00820822
-0.005,0.0132933,0.00665911
-0.0046,0.0181436,0.00787851
-0.0042,0.0241244,0.0091361
-0.0038,0.0308971,0.0103204
-0.0034,0.0252818,0.00957526
-0.003,0.0269928,0.00964373
-0.0026,0.0841061,0.0172375
-0.0022,0.0893116,0.0172959
-0.0018,0.117905,0.0191518
-0.0014,0.152113,0.0218051
-0.001,0.319423,0.0323193
-0.0006,0.402302,0.0355758
-0.0002,0.319039,0.0309573
0.0002,0.344448,0.0331645
0.0006,0.349511,0.0345831
0.001,0.237813,0.0277806
0.0014,0.140537,0.020704
0.0018,0.102566,0.0188053
0.0022,0.0804859,0.0170378
0.0026,0.0580321,0.013967
0.003,0.0367315,0.0107729
0.0034,0.0240529,0.00911948
0.0038,0.0207127,0.00820927
0.0042,0.0321007,0.0103947
0.0046,0.0282293,0.00942655
0.005,0.0128972,0.00646112
0.0054,0.01614,0.00723164
0.0058,0.014609,0.00680174
0.0062,0.0242944,0.00890101
0.0066,0.0338741,0.0107338
0.007,0.0180494,0.00768962
0.0074,0.0129321,0.00647883
0.0078,0.0188769,0.00791502
0.0082,0.00638565,0.00452355
0.0086,0.00966204,0.00558881
0.009,0,0
0.0094,0.0134842,0.00675512
0.0098,0,0
0.0102,0.0031194,0.00312492
0.0106,0.00612808,0.00434075
0.011,0,0
0.0114,0.0065034,0.0046071
0.0118,0,0
0.0122,0.0033287,0.003335
0.0126,0.00334746,0.00335384
0.013,0.00639483,0.00453006
0.0134,0,0
0.0138,0,0
0.0142,0.00373028,0.0037382
0.0146,0.00335196,0.00335837
0.015,0.00344048,0.00344723
0.0154,0.00633994,0.00449112
0.0158,0.00617647,0.00437512
0.0162,0.00325142,0.00325745
0.0166,0.00321545,0.00322135
0.017,0.00319941,0.00320525
0.0174,0.00313291,0.00313852
0.0178,0.00302848,0.00303372
0.0182,0,0
0.0186,0.0121338,0.00607767
0.019,0,0
0.0194,0.00281502,0.00281955
0.0198,0.00347994,0.00348687
0.0202,0.00316597,0.0031717
0.0206,0,0
0.021,0.00315905,0.00316476
0.0214,0.00308384,0.00308929
0.0218,0.00319318,0.00319902
0.0222,0,0
0.0226,0.00305928,0.00306465
0.023,0,0
0.0234,0,0
0.0238,0.00649825,0.00460448
0.0242,0.00630077,0.00446338
0.0246,0.00298944,0.00299457
0.025,0.00585403,0.00414638
0.0254,0.00313299,0.00313862
0.0258,0.00313202,0.00313766
0.0262,0.00313796,0.00314362
0.0266,0,0
0.027,0.00316985,0.00317563
0.0274,0.00296311,0.00296816
0.0278,0.00296239,0.00296743
0.0282,0,0
0.0286,0.00311852,0.00312412
0.029,0.00306774,0.00307316
0.0294,0,0
0.0298,0,0
0.0302,0.00598659,0.00424068
0.0306,0,0
0.031,0.00661487,0.00468634
0.0314,0.00618468,0.00438643
0.0318,0.00601033,0.00425837
0.0322,0,0
0.0326,0,0
0.033,0,0
0.0334,0,0
0.0338,0.00651957,0.00461871
0.0342,0,0
0.0346,0.00308912,0.00309463
0.035,0.00308349,0.00308898
0.0354,0,0
0.0358,0,0
0.0362,0.0029847,0.00298985
0.0366,0.00298406,0.00298921
0.037,0,0
0.0374,0.00307263,0.00307809
0.0378,0.00294227,0.00294728
0.0382,0,0
0.0386,0,0
0.039,0.00617708,0.00438192
0.0394,0,0
0.0398,0.00317711,0.00318296
0.0402,0,0
0.0406,0,0
0.041,0,0
0.0414,0.0031265,0.00313216
0.0418,0.00617938,0.00437761
0.0422,0,0
0.0426,0.00320986,0.00321584
0.043,0.00311677,0.0031224
0.0434,0,0
0.0438,0,0
0.0442,0,0
0.0446,0,0
0.045,0.0032563,0.00326246
0.0454,0,0
0.0458,0,0
0.0462,0.00319086,0.00319677
0.0466,0.00598173,0.00423754
0.047,0,0
0.0474,0.00597935,0.00423538
0.0478,0,0
0.0482,0,0
0.0486,0.00315399,0.00315977
0.049,0.00545709,0.00386487
0.0494,0,0
0.0498,0,0
0.0502,0.00304441,0.0030498
0.0506,0,0
0.051,0.00606475,0.00429646
0.0514,0.00307601,0.00308151
0.0518,0,0
0.0522,0,0
0.0526,0,0
0.053,0.00285674,0.0028615
0.0534,0,0
0.0538,0,0
0.0542,0,0
0.0546,0,0
0.055,0.0031567,0.00316251
0.0554,0,0
0.0558,0.00315002,0.00315581
0.0562,0,0
0.0566,0.00313715,0.0031429
0.057,0.00303021,0.00303558
0.0574,0,0
0.0578,0,0
0.0582,0,0
0.0586,0.00878048,0.00507811
0.059,0,0
0.0594,0,0
0.0598,0,0
0.0602,0,0
0.0606,0,0
0.061,0,0
0.0614,0.00658232,0.00466339
0.0618,0,0
0.0622,0,0
0.0626,0.00289832,0.00290326
0.063,0,0
0.0634,0,0
0.0638,0,0
0.0642,0.00631287,0.00447217
0.0646,0,0
0.065,0,0
0.0654,0,0
0.0658,0.00315178,0.00315763
0.0662,0,0
0.0666,0.0055917,0.00396045
0.067,0,0
0.0674,0,0
0.0678,0,0
0.0682,0.0030562,0.00306171
0.0686,0,0
0.069,0,0
0.0694,0,0
0.0698,0.00300665,0.00301199
0.0702,0,0
0.0706,0,0
0.071,0,0
0.0714,0.00138362,0.00214242
0.0718,0.00318746,0.00319347
0.0722,0.00318619,0.0031922
0.0726,0,0
0.073,0.0030745,0.0030801
0.0734,0,0
0.0738,0,0
0.0742,0.00299937,0.00300471
0.0746,0,0
0.075,0.00310229,0.00310801
0.0754,0.003228,0.00323419
0.0758,0.00305297,0.00305851
0.0762,0.00300368,0.00300905
0.0766,0.00296174,0.00296696
0.077,0,0
0.0774,0,0
0.0778,0.00355557,0.00347585
0.0782,0.00296374,0.00296898
0.0786,0,0
0.079,0,0
0.0794,0,0
0.0798,0.00319462,0.00320072
0.0802,0,0
0.0806,0.00326444,0.00327082
0.081,0,0
0.0814,0,0
0.0818,0.00292573,0.00293086
0.0822,0,0
0.0826,0,0
0.083,0,0
0.0834,0.00299784,0.00300323
0.0838,0,0
0.0842,0.00625821,0.00443354
0.0846,0,0
0.085,0,0
0.0854,0,0
0.0858,0.00575593,0.00407711
0.0862,0.00287394,0.00287892
0.0866,0,0
0.087,0,0
0.0874,0,0
0.0878,0,0
0.0882,0,0
0.0886,0.002866,0.00287095
0.089,0,0
0.0894,0.00305876,0.00306441
0.0898,0,0
0.0902,0,0
0.0906,0,0
0.091,0,0
0.0914,0.00621967,0.00440624
0.0918,0.00312455,0.00313045
0.0922,0,0
0.0926,0,0
0.093,0,0
0.0934,0,0
0.0938,0,0
0.0942,0.00295113,0.00295641
0.0946,0,0
0.095,0.00308527,0.00309103
0.0954,0,0
0.0958,0,0
0.0962,0,0
0.0966,0,0
0.097,0.00319831,0.00320451
0.0974,0.00316445,0.00317052
0.0978,0,0
0.0982,0,0
0.0986,0,0
0.099,0,0
0.0994,0,0
0.0998,0,0
0.1002,0,0
0.1006,0.00661491,0.00468685
0.101,0,0
0.1014,0,0
0.1018,0.00340595,0.00341298
0.1022,0,0
0.1026,0,0
0.103,0,0
0.1034,0,0
0.1038,0,0
0.1042,0.00710775,0.00503677
0.1046,0,0
0.105,0,0
0.1054,0.00386139,0.00387044
0.1058,0,0
0.1062,0,0
0.1066,0,0
0.107,0,0
0.1074,0.00378097,0.00378964
0.1078,0,0
0.1082,0,0
0.1086,0,0
0.109,0,0
0.1094,0,0
0.1098,0,0
0.1102,0.00829053,0.00587704
0.1106,0.00804914,0.00570551
0.111,0,0
0.1114,0.00444162,0.0044536
0.1118,0.00840377,0.00596015
0.1122,0.00432547,0.00433683
0.1126,0,0
0.113,0,0
0.1134,0.0045591,0.00457172
0.1138,0,0
0.1142,0,0
0.1146,0.00487845,0.0048929
0.115,0,0
0.1154,0,0
0.1158,0,0
0.1162,0.00437076,0.00438237
0.1166,0,0
0.117,0.00451855,0.00453095
0.1174,0,0
0.1178,0.00488503,0.00489953
0.1182,0.00456908,0.00458177
0.1186,0,0
0.119,0,0
0.1194,0,0
0.1198,0,0
