# X , Y , E Distribution=true
1
-0.1198,0,0
-0.1194,0,0
-0.119,0,0
-0.1186,0,0
-0.1182,0,0
-0.1178,0,0
-0.1174,0,0
-0.117,0,0
-0.1166,0,0
-0.1162,0,0
-0.1158,0,0
-0.1154,0,0
-0.115,0,0
-0.1146,0,0
-0.1142,0,0
-0.1138,0,0
-0.1134,0,0
-0.113,0,0
-0.1126,0,0
-0.1122,0,0
-0.1118,0,0
-0.1114,0,0
-0.111,0,0
-0.1106,0,0
-0.1102,0,0
-0.1098,0,0
-0.1094,0,0
-0.109,0,0
-0.1086,0,0
-0.1082,0,0
-0.1078,0,0
-0.1074,0,0
-0.107,0,0
-0.1066,0,0
-0.1062,0,0
-0.1058,0,0
-0.1054,0,0
-0.105,0,0
-0.1046,0,0
-0.1042,0,0
-0.1038,0,0
-0.1034,0,0
-0.103,0,0
-0.1026,0,0
-0.1022,0,0
-0.1018,0,0
-0.1014,0,0
-0.101,0,0
-0.1006,0,0
-0.1002,0,0
-0.0998,0,0
-0.0994,0,0
-0.099,0,0
-0.0986,0.0124882,0.0125114
-0.0982,0,0
-0.0978,0,0
-0.0974,0,0
-0.097,0,0
-0.0966,0,0
-0.0962,0,0
-0.0958,0,0
-0.0954,0,0
-0.095,0,0
-0.0946,0,0
-0.0942,0,0
-0.0938,0,0
-0.0934,0,0
-0.093,0,0
-0.0926,0,0
-0.0922,0,0
-0.0918,0,0
-0.0914,0,0
-0.091,0,0
-0.0906,0,0
-0.0902,0,0
-0.0898,0,0
-0.0894,0,0
-0.089,0,0
-0.0886,0,0
-0.0882,0,0
-0.0878,0,0
-0.0874,0,0
-0.087,0,0
-0.0866,0,0
-0.0862,0,0
-0.0858,0,0
-0.0854,0,0
-0.085,0,0
-0.0846,0,0
-0.0842,0.000787183,0.00319299
-0.0838,0,0
-0.0834,0,0
-0.083,0,0
-0.0826,0,0
-0.0822,0,0
-0.0818,0,0
-0.0814,0,0
-0.081,0,0
-0.0806,0,0
-0.0802,0,0
-0.0798,0,0
-0.0794,0,0
-0.079,0,0
-0.0786,0,0
-0.0782,0,0
-0.0778,0,0
-0.0774,0.0133524,0.0133786
-0.077,0,0
-0.0766,0.00106174,0.00353288
-0.0762,0,0
-0.0758,0.0123259,0.0123482
-0.0754,0,0
-0.075,0,0
-0.0746,0.0132075,0.0132332
-0.0742,0,0
-0.0738,0,0
-0.0734,0,0
-0.073,0,0
-0.0726,0,0
-0.0722,0,0
-0.0718,0,0
-0.0714,0,0
-0.071,0,0
-0.0706,0,0
-0.0702,0,0
-0.0698,0,0
-0.0694,0,0
-0.069,0,0
-0.0686,0,0
-0.0682,0,0
-0.0678,0,0
-0.0674,0,0
-0.067,0,0
-0.0666,0,0
-0.0662,0,0
-0.0658,0,0
-0.0654,0,0
-0.065,0.0121441,0.0121657
-0.0646,0,0
-0.0642,0,0
-0.0638,0,0
-0.0634,0,0
-0.063,0,0
-0.0626,0,0
-0.0622,0.000786633,0.00312108
-0.0618,0.012341,0.0123632
-0.0614,0,0
-0.061,0,0
-0.0606,0,0
-0.0602,0,0
-0.0598,0,0
-0.0594,0,0
-0.059,0,0
-0.0586,0,0
-0.0582,0,0
-0.0578,0,0
-0.0574,0,0
-0.057,0,0
-0.0566,0,0
-0.0562,0,0
-0.0558,0,0
-0.0554,0,0
-0.055,0,0
-0.0546,0,0
-0.0542,0,0
-0.0538,0,0
-0.0534,0,0
-0.053,0,0
-0.0526,0,0
-0.0522,0,0
-0.0518,0,0
-0.0514,0,0
-0.051,0,0
-0.0506,0,0
-0.0502,0,0
-0.0498,0,0
-0.0494,0,0
-0.049,0,0
-0.0486,0,0
-0.0482,0,0
-0.0478,0,0
-0.0474,0,0
-0.047,0,0
-0.0466,0,0
-0.0462,0,0
-0.0458,0,0
-0.0454,0,0
-0.045,0,0
-0.0446,0,0
-0.0442,0,0
-0.0438,0,0
-0.0434,0,0
-0.043,0,0
-0.0426,0,0
-0.0422,0,0
-0.0418,0,0
-0.0414,0.0250788,0.0177943
-0.041,0,0
-0.0406,0,0
-0.0402,0,0
-0.0398,0.012359,0.0123811
-0.0394,0,0
-0.039,0,0
-0.0386,0,0
-0.0382,0,0
-0.0378,0.0127076,0.0127309
-0.0374,0,0
-0.037,0.0195615,0.0155251
-0.0366,0,0
-0.0362,0,0
-0.0358,0,0
-0.0354,0,0
-0.035,0,0
-0.0346,0,0
-0.0342,0,0
-0.0338,0,0
-0.0334,0.0124251,0.0124474
-0.033,0.0122444,0.012266
-0.0326,0,0
-0.0322,0.0131626,0.0131875
-0.0318,0,0
-0.0314,0,0
-0.031,0.0138987,0.0139265
-0.0306,0,0
-0.0302,0,0
-0.0298,0,0
-0.0294,0,0
-0.029,0,0
-0.0286,0,0
-0.0282,0,0
-0.0278,0,0
-0.0274,0,0
-0.027,0,0
-0.0266,0,0
-0.0262,0,0
-0.0258,0,0
-0.0254,0,0
-0.025,0,0
-0.0246,0,0
-0.0242,0,0
-0.0238,0,0
-0.0234,0,0
-0.023,0,0
-0.0226,0,0
-0.0222,0,0
-0.0218,0,0
-0.0214,0,0
-0.021,0,0
-0.0206,0.0122526,0.0122742
-0.0202,0,0
-0.0198,0,0
-0.0194,0,0
-0.019,0,0
-0.0186,0,0
-0.0182,0,0
-0.0178,0,0
-0.0174,0,0
-0.017,0,0
-0.0166,0,0
-0.0162,0,0
-0.0158,0,0
-0.0154,0,0
-0.015,0,0
-0.0146,0.0118435,0.0118636
-0.0142,0,0
-0.0138,0,0
-0.0134,0.0124443,0.0124664
-0.013,0,0
-0.0126,0,0
-0.0122,0.0252416,0.0178808
-0.0118,0,0
-0.0114,0,0
-0.011,0.0124001,0.012422
-0.0106,0,0
-0.0102,0,0
-0.0098,0.000253887,0.00181352
-0.0094,0.0183081,0.0154016
-0.009,0.0131694,0.0131942
-0.0086,0,0
-0.0082,0,0
-0.0078,0.0133719,0.0133974
-0.0074,0,0
-0.007,0.0246007,0.0174311
-0.0066,0.0116824,0.0117019
-0.0062,0.0233449,0.0165349
-0.0058,0.0395178,0.0228702
-0.0054,0.0119815,0.012002
-0.005,0,0
-0.0046,0.0185804,0.015694
-0.0042,0.0393083,0.0227372
-0.0038,0.0749666,0.0314217
-0.0034,0.0896395,0.0339794
-0.003,0.176447,0.0480918
-0.0026,0.216657,0.0534477
-0.0022,0.482413,0.0786058
-0.0018,0.809092,0.104751
-0.0014,1.30642,0.129681
-0.001,1.99127,0.163228
-0.0006,2.62739,0.190331
-0.0002,2.62304,0.189204
0.0002,1.94381,0.157075
0.0006,1.63488,0.143494
0.001,0.901207,0.108012
0.0014,0.436295,0.0744948
0.0018,0.268427,0.0579044
0.0022,0.0561045,0.0269571
0.0026,0.0537932,0.0257783
0.003,0,0
0.0034,0.0387258,0.0223995
0.0038,0.00735111,0.00928285
0.0042,0,0
0.0046,0,0
0.005,0.024793,0.0175622
0.0054,0,0
0.0058,0,0
0.0062,0.00905805,0.0107994
0.0066,0,0
0.007,0.0122351,0.0122563
0.0074,0.0125428,0.012565
0.0078,0,0
0.0082,0,0
0.0086,0.013271,0.0132959
0.009,0,0
0.0094,0,0
0.0098,0,0
0.0102,0,0
0.0106,0,0
0.011,0,0
0.0114,0,0
0.0118,0,0
0.0122,0,0
0.0126,0,0
0.013,0,0
0.0134,0,0
0.0138,0.0137132,0.0137397
0.0142,0,0
0.0146,0.0143504,0.0143794
0.015,0,0
0.0154,0,0
0.0158,0,0
0.0162,0.0139633,0.0139908
0.0166,0,0
0.017,0,0
0.0174,0,0
0.0178,0,0
0.0182,0,0
0.0186,0,0
0.019,0,0
0.0194,0,0
0.0198,0,0
0.0202,0,0
0.0206,0,0
0.021,0,0
0.0214,0,0
0.0218,0,0
0.0222,0,0
0.0226,0,0
0.023,0,0
0.0234,0,0
0.0238,0,0
0.0242,0.0120412,0.0120615
0.0246,0,0
0.025,0,0
0.0254,0,0
0.0258,0,0
0.0262,0,0
0.0266,0,0
0.027,0.0134555,0.0134808
0.0274,0,0
0.0278,0,0
0.0282,0,0
0.0286,0,0
0.029,0,0
0.0294,0,0
0.0298,0,0
0.0302,0,0
0.0306,0,0
0.031,0,0
0.0314,0,0
0.0318,0,0
0.0322,0.00711783,0.0102024
0.0326,0,0
0.033,0,0
0.0334,0,0
0.0338,0,0
0.0342,0,0
0.0346,0,0
0.035,0,0
0.0354,0,0
0.0358,0,0
0.0362,0,0
0.0366,0,0
0.037,0,0
0.0374,0,0
0.0378,0,0
0.0382,0,0
0.0386,0,0
0.039,0,0
0.0394,0,0
0.0398,0,0
0.0402,0,0
0.0406,0,0
0.041,0,0
0.0414,0,0
0.0418,0,0
0.0422,0.0124464,0.012468
0.0426,0.013578,0.0136036
0.043,0,0
0.0434,0,0
0.0438,0,0
0.0442,0,0
0.0446,0,0
0.045,0,0
0.0454,0,0
0.0458,0,0
0.0462,0,0
0.0466,0.0143829,0.0144116
0.047,0,0
0.0474,0,0
0.0478,0,0
0.0482,0,0
0.0486,0,0
0.049,0,0
0.0494,0,0
0.0498,0,0
0.0502,0,0
0.0506,0,0
0.051,0,0
0.0514,0,0
0.0518,0,0
0.0522,0,0
0.0526,0,0
0.053,0,0
0.0534,0,0
0.0538,0,0
0.0542,0,0
0.0546,0,0
0.055,0,0
0.0554,0,0
0.0558,0,0
0.0562,0,0
0.0566,0,0
0.057,0,0
0.0574,0,0
0.0578,0,0
0.0582,0,0
0.0586,0,0
0.059,0,0
0.0594,0,0
0.0598,0,0
0.0602,0,0
0.0606,0,0
0.061,0,0
0.0614,0,0
0.0618,0,0
0.0622,0,0
0.0626,0,0
0.063,0,0
0.0634,0,0
0.0638,0,0
0.0642,0,0
0.0646,0,0
0.065,0,0
0.0654,0,0
0.0658,0,0
0.0662,0,0
0.0666,0,0
0.067,0,0
0.0674,0,0
0.0678,0,0
0.0682,0,0
0.0686,0,0
0.069,0,0
0.0694,0.0137387,0.0137646
0.0698,0,0
0.0702,0,0
0.0706,0.0140966,0.0141238
0.071,0,0
0.0714,0,0
0.0718,0,0
0.0722,0,0
0.0726,0,0
0.073,0,0
0.0734,0,0
0.0738,0,0
0.0742,0,0
0.0746,0,0
0.075,0,0
0.0754,0,0
0.0758,0,0
0.0762,0,0
0.0766,0,0
0.077,0,0
0.0774,0,0
0.0778,0,0
0.0782,0,0
0.0786,0,0
0.079,0,0
0.0794,0,0
0.0798,0,0
0.0802,0,0
0.0806,0,0
0.081,0,0
0.0814,0,0
0.0818,0,0
0.0822,0,0
0.0826,0,0
0.083,0,0
0.0834,0,0
0.0838,0,0
0.0842,0,0
0.0846,0,0
0.085,0,0
0.0854,0,0
0.0858,0,0
0.0862,0,0
0.0866,0,0
0.087,0,0
0.0874,0.0126043,0.0126259
0.0878,0,0
0.0882,0,0
0.0886,0,0
0.089,0,0
0.0894,0,0
0.0898,0,0
0.0902,0,0
0.0906,0,0
0.091,0,0
0.0914,0,0
0.0918,0,0
0.0922,0,0
0.0926,0,0
0.093,0,0
0.0934,0,0
0.0938,0,0
0.0942,0,0
0.0946,0,0
0.095,0,0
0.0954,0,0
0.0958,0,0
0.0962,0,0
0.0966,0,0
0.097,0,0
0.0974,0,0
0.0978,0,0
0.0982,0.0136166,0.0136416
0.0986,0,0
0.099,0,0
0.0994,0,0
0.0998,0,0
0.1002,0,0
0.1006,0,0
0.101,0,0
0.1014,0,0
0.1018,0,0
0.1022,0,0
0.1026,0.0140946,0.0141214
0.103,0,0
0.1034,0,0
0.1038,0.016927,0.0169654
0.1042,0,0
0.1046,0,0
0.105,0,0
0.1054,0,0
0.1058,0,0
0.1062,0,0
0.1066,0,0
0.107,0,0
0.1074,0,0
0.1078,0.018112,0.018156
0.1082,0,0
0.1086,0,0
0.109,0,0
0.1094,0,0
0.1098,0,0
0.1102,0,0
0.1106,0.000353387,0.00245658
0.111,0.0195043,0.0195552
0.1114,0,0
0.1118,0,0
0.1122,0,0
0.1126,0,0
0.113,0,0
0.1134,0,0
0.1138,0,0
0.1142,0,0
0.1146,0,0
0.115,0,0
0.1154,0,0
0.1158,0,0
0.1162,0,0
0.1166,0,0
0.117,0,0
0.1174,0,0
0.1178,0,0
0.1182,0,0
0.1186,0,0
0.119,0,0
0.1194,0,0
0.1198,0,0
2
-0.1198,0,0
-0.1194,0.00610628,0.00611822
-0.119,0.00616378,0.00617594
-0.1186,0,0
-0.1182,0,0
-0.1178,0,0
-0.1174,0,0
-0.117,0,0
-0.1166,0,0
-0.1162,0,0
-0.1158,0,0
-0.1154,0.00634897,0.00636187
-0.115,0,0
-0.1146,0,0
-0.1142,0,0
-0.1138,0,0
-0.1134,0,0
-0.113,0,0
-0.1126,0,0
-0.1122,0,0
-0.1118,0,0
-0.1114,0,0
-0.111,0,0
-0.1106,0,0
-0.1102,0,0
-0.1098,0,0
-0.1094,0,0
-0.109,0,0
-0.1086,0,0
-0.1082,0,0
-0.1078,0,0
-0.1074,0,0
-0.107,0,0
-0.1066,0,0
-0.1062,0,0
-0.1058,0,0
-0.1054,0,0
-0.105,0.00597281,0.00598419
-0.1046,0,0
-0.1042,0,0
-0.1038,0,0
-0.1034,0,0
-0.103,0,0
-0.1026,0,0
-0.1022,0,0
-0.1018,0.00575354,0.0057641
-0.1014,0,0
-0.101,0,0
-0.1006,0,0
-0.1002,0,0
-0.0998,0,0
-0.0994,0,0
-0.099,0,0
-0.0986,0,0
-0.0982,0,0
-0.0978,0,0
-0.0974,0,0
-0.097,0,0
-0.0966,0,0
-0.0962,0,0
-0.0958,0,0
-0.0954,0.00566748,0.00567771
-0.095,0,0
-0.0946,0,0
-0.0942,0,0
-0.0938,0,0
-0.0934,0,0
-0.093,0,0
-0.0926,0,0
-0.0922,0,0
-0.0918,0,0
-0.0914,0,0
-0.091,0,0
-0.0906,0,0
-0.0902,0,0
-0.0898,0,0
-0.0894,0,0
-0.089,0,0
-0.0886,0,0
-0.0882,0,0
-0.0878,0,0
-0.0874,0,0
-0.087,0,0
-0.0866,0,0
-0.0862,0.00548927,0.00549885
-0.0858,0,0
-0.0854,0,0
-0.085,0.010072,0.00713339
-0.0846,0,0
-0.0842,0.0115017,0.00827586
-0.0838,0.00597144,0.00598277
-0.0834,0,0
-0.083,0,0
-0.0826,0,0
-0.0822,0,0
-0.0818,0,0
-0.0814,0,0
-0.081,0,0
-0.0806,0,0
-0.0802,0,0
-0.0798,0.00682751,0.0068423
-0.0794,0,0
-0.079,0,0
-0.0786,0,0
-0.0782,0,0
-0.0778,0,0
-0.0774,0,0
-0.077,0,0
-0.0766,0.0103641,0.00751334
-0.0762,0,0
-0.0758,0,0
-0.0754,0,0
-0.075,0,0
-0.0746,0,0
-0.0742,0.00653042,0.00654393
-0.0738,0,0
-0.0734,0,0
-0.073,0.00503314,0.00544638
-0.0726,0,0
-0.0722,0.00567711,0.00568733
-0.0718,0.00605192,0.00606353
-0.0714,0,0
-0.071,0.00571319,0.00572353
-0.0706,0,0
-0.0702,0.00553489,0.0055446
-0.0698,0.0111816,0.00792467
-0.0694,0,0
-0.069,0,0
-0.0686,0.00526033,0.00538309
-0.0682,0,0
-0.0678,0,0
-0.0674,0,0
-0.067,0,0
-0.0666,0,0
-0.0662,0,0
-0.0658,0,0
-0.0654,0,0
-0.065,0,0
-0.0646,0,0
-0.0642,0,0
-0.0638,0,0
-0.0634,0,0
-0.063,0,0
-0.0626,0.00578391,0.00579449
-0.0622,0.00533447,0.00552303
-0.0618,0,0
-0.0614,0,0
-0.061,0,0
-0.0606,0,0
-0.0602,0.00605004,0.0060616
-0.0598,0,0
-0.0594,0,0
-0.059,0,0
-0.0586,0,0
-0.0582,0,0
-0.0578,0,0
-0.0574,0,0
-0.057,0,0
-0.0566,0,0
-0.0562,0,0
-0.0558,0,0
-0.0554,0,0
-0.055,0.00479454,0.00526716
-0.0546,0.00590346,0.00591447
-0.0542,0,0
-0.0538,0,0
-0.0534,0,0
-0.053,0,0
-0.0526,0,0
-0.0522,0.00630611,0.00631866
-0.0518,0.0058783,0.0058892
-0.0514,0.00542232,0.0054316
-0.051,0,0
-0.0506,0.00584174,0.0058525
-0.0502,0,0
-0.0498,0.00555908,0.00556882
-0.0494,0,0
-0.049,0,0
-0.0486,0,0
-0.0482,0.0060469,0.00605843
-0.0478,0,0
-0.0474,0,0
-0.047,0.00559016,0.0056
-0.0466,0.00629016,0.00630262
-0.0462,0,0
-0.0458,0,0
-0.0454,0,0
-0.045,0,0
-0.0446,0.0063873,0.00640015
-0.0442,0,0
-0.0438,0,0
-0.0434,0,0
-0.043,0.00578258,0.0057931
-0.0426,0,0
-0.0422,0,0
-0.0418,0,0
-0.0414,0,0
-0.041,0.00608888,0.00610054
-0.0406,0,0
-0.0402,0.00606597,0.00607755
-0.0398,0.0110759,0.00784554
-0.0394,0,0
-0.039,0,0
-0.0386,0,0
-0.0382,0,0
-0.0378,0,0
-0.0374,0,0
-0.037,0.0113869,0.00806684
-0.0366,0,0
-0.0362,0,0
-0.0358,0,0
-0.0354,0,0
-0.035,0,0
-0.0346,0,0
-0.0342,0,0
-0.0338,0,0
-0.0334,0,0
-0.033,0,0
-0.0326,0,0
-0.0322,0,0
-0.0318,0,0
-0.0314,0.00637159,0.00638433
-0.031,0,0
-0.0306,0,0
-0.0302,0.00600565,0.00601697
-0.0298,0,0
-0.0294,0,0
-0.029,0,0
-0.0286,0,0
-0.0282,0,0
-0.0278,0.00348192,0.00462434
-0.0274,0,0
-0.027,0.00658463,0.00659823
-0.0266,0,0
-0.0262,0,0
-0.0258,0,0
-0.0254,0,0
-0.025,0,0
-0.0246,0.00611892,0.00613066
-0.0242,0,0
-0.0238,0,0
-0.0234,0.00603894,0.00605037
-0.023,0,0
-0.0226,0,0
-0.0222,0,0
-0.0218,0.00608434,0.00609593
-0.0214,0.00249145,0.00373836
-0.021,0,0
-0.0206,0,0
-0.0202,0.0113656,0.00806137
-0.0198,0,0
-0.0194,0,0
-0.019,0,0
-0.0186,0.00549984,0.00550931
-0.0182,0,0
-0.0178,0,0
-0.0174,0,0
-0.017,0.0120482,0.00853542
-0.0166,0.017683,0.0102282
-0.0162,0.00587956,0.00589038
-0.0158,0,0
-0.0154,0.000763349,0.00219032
-0.015,0,0
-0.0146,0,0
-0.0142,0.0060588,0.00607028
-0.0138,0.00587611,0.00588691
-0.0134,0,0
-0.013,0,0
-0.0126,0.00565415,0.00590004
-0.0122,0.00986397,0.00754993
-0.0118,0,0
-0.0114,0,0
-0.011,0.0113117,0.00801274
-0.0106,0,0
-0.0102,0.0016443,0.00312124
-0.0098,0.0123291,0.00879122
-0.0094,0.00342394,0.00449731
-0.009,0,0
-0.0086,0.00549154,0.00550096
-0.0082,0.0246794,0.0123639
-0.0078,0.0121876,0.00863433
-0.0074,0,0
-0.007,0.0206889,0.0107812
-0.0066,0.0212889,0.0106622
-0.0062,0.0159509,0.00922456
-0.0058,0.00586538,0.00587612
-0.0054,0.0117251,0.00832611
-0.005,0,0
-0.0046,0.0517083,0.0176887
-0.0042,0.02386,0.0119523
-0.0038,0.0233441,0.0118141
-0.0034,0.0348012,0.01425
-0.003,0.0433778,0.0160429
-0.0026,0.117744,0.0264744
-0.0022,0.218359,0.0356257
-0.0018,0.282718,0.0416234
-0.0014,0.625081,0.0604781
-0.001,0.913442,0.0744914
-0.0006,1.16265,0.085375
-0.0002,1.16861,0.0849568
0.0002,1.16694,0.082044
0.0006,0.94139,0.0734794
0.001,0.622208,0.060506
0.0014,0.35572,0.0452955
0.0018,0.185254,0.0324403
0.0022,0.0570566,0.0183198
0.0026,0.0360309,0.0140676
0.003,0.026526,0.0118835
0.0034,0.0293205,0.0131366
0.0038,0.00667895,0.00592058
0.0042,0.0121551,0.00823895
0.0046,0.0313074,0.0140285
0.005,0.0175188,0.0101463
0.0054,0,0
0.0058,0.0116151,0.00822799
0.0062,0.00171146,0.00316248
0.0066,0.011694,0.008284
0.007,0.00584745,0.00585809
0.0074,0.00569039,0.00570047
0.0078,0.00640833,0.00642111
0.0082,0.00601802,0.00602929
0.0086,0,0
0.009,0,0
0.0094,0,0
0.0098,0.00613596,0.00614768
0.0102,0.0126763,0.00898119
0.0106,0,0
0.011,0.0124815,0.00884292
0.0114,0,0
0.0118,0,0
0.0122,0.00616639,0.00617822
0.0126,0.00616698,0.0061788
0.013,0.0122173,0.00865536
0.0134,0,0
0.0138,0.00650212,0.00651526
0.0142,0.00632002,0.00633244
0.0146,0.010952,0.00845105
0.015,0,0
0.0154,0,0
0.0158,0.0057654,0.00577573
0.0162,0,0
0.0166,0,0
0.017,0,0
0.0174,0,0
0.0178,0.00642536,0.00600734
0.0182,0,0
0.0186,0,0
0.019,0.00586483,0.00587552
0.0194,0,0
0.0198,0,0
0.0202,0,0
0.0206,0,0
0.021,0,0
0.0214,0,0
0.0218,0,0
0.0222,0,0
0.0226,0,0
0.023,0.0120097,0.00850803
0.0234,0.0119722,0.00848139
0.0238,0.00581239,0.00582287
0.0242,0.00543326,0.00544242
0.0246,0,0
0.025,0,0
0.0254,0,0
0.0258,0.00552566,0.00553513
0.0262,0,0
0.0266,0.0060652,0.00607661
0.027,0,0
0.0274,0,0
0.0278,0,0
0.0282,0,0
0.0286,0,0
0.029,0,0
0.0294,0,0
0.0298,0,0
0.0302,0,0
0.0306,0,0
0.031,0,0
0.0314,0.00578033,0.00579068
0.0318,0,0
0.0322,0.00990478,0.00807333
0.0326,0.00580601,0.00581645
0.033,0,0
0.0334,0,0
0.0338,0,0
0.0342,0,0
0.0346,0,0
0.035,0,0
0.0354,0,0
0.0358,0,0
0.0362,0.00619515,0.00620703
0.0366,0,0
0.037,0,0
0.0374,0,0
0.0378,0,0
0.0382,0,0
0.0386,0,0
0.039,0.00588042,0.00589112
0.0394,0,0
0.0398,0,0
0.0402,0,0
0.0406,0,0
0.041,0,0
0.0414,0,0
0.0418,0,0
0.0422,0,0
0.0426,0,0
0.043,0,0
0.0434,0,0
0.0438,0.00598631,0.00599737
0.0442,0,0
0.0446,0,0
0.045,0,0
0.0454,0,0
0.0458,0,0
0.0462,0,0
0.0466,0,0
0.047,0.00628882,0.00630103
0.0474,0,0
0.0478,0,0
0.0482,0,0
0.0486,0,0
0.049,0,0
0.0494,0.00559218,0.00560183
0.0498,0,0
0.0502,0,0
0.0506,0,0
0.051,0,0
0.0514,0,0
0.0518,0,0
0.0522,0,0
0.0526,0,0
0.053,0,0
0.0534,0,0
0.0538,0,0
0.0542,0,0
0.0546,0,0
0.055,0,0
0.0554,0,0
0.0558,0,0
0.0562,0.00645347,0.00646629
0.0566,0,0
0.057,0,0
0.0574,0,0
0.0578,0,0
0.0582,0,0
0.0586,0,0
0.059,0.00563674,0.00564652
0.0594,0,0
0.0598,0,0
0.0602,0,0
0.0606,0,0
0.061,0,0
0.0614,0.0055072,0.00551653
0.0618,0,0
0.0622,0.00545351,0.00546266
0.0626,0,0
0.063,0,0
0.0634,0,0
0.0638,0,0
0.0642,0,0
0.0646,0,0
0.065,0,0
0.0654,0,0
0.0658,0,0
0.0662,0,0
0.0666,0,0
0.067,0,0
0.0674,0,0
0.0678,0,0
0.0682,0,0
0.0686,0,0
0.069,0,0
0.0694,0.00630765,0.00631986
0.0698,0,0
0.0702,0.00650323,0.00651621
0.0706,0,0
0.071,0.00584258,0.00585306
0.0714,0.00566331,0.00567316
0.0718,0,0
0.0722,0,0
0.0726,0,0
0.073,0.0113744,0.00805981
0.0734,0,0
0.0738,0,0
0.0742,0,0
0.0746,0,0
0.075,0,0
0.0754,0,0
0.0758,0,0
0.0762,0.00595955,0.00597044
0.0766,0.00619166,0.00620341
0.077,0,0
0.0774,0,0
0.0778,0,0
0.0782,0,0
0.0786,0,0
0.079,0,0
0.0794,0,0
0.0798,0,0
0.0802,0,0
0.0806,0,0
0.081,0,0
0.0814,0,0
0.0818,0.00570165,0.0057116
0.0822,0,0
0.0826,0,0
0.083,0,0
0.0834,0.0061705,0.00618215
0.0838,0,0
0.0842,0,0
0.0846,0,0
0.085,0.0055992,0.00560879
0.0854,0,0
0.0858,0,0
0.0862,0,0
0.0866,0,0
0.087,0,0
0.0874,0,0
0.0878,0,0
0.0882,0.00566043,0.00567022
0.0886,0.00600744,0.00601847
0.089,0,0
0.0894,0,0
0.0898,0.00452465,0.0052851
0.0902,0,0
0.0906,0,0
0.091,0,0
0.0914,0,0
0.0918,0,0
0.0922,0,0
0.0926,0,0
0.093,0,0
0.0934,0,0
0.0938,0,0
0.0942,0,0
0.0946,0,0
0.095,0,0
0.0954,0,0
0.0958,0,0
0.0962,0,0
0.0966,0,0
0.097,0.0130966,0.00927918
0.0974,0,0
0.0978,0,0
0.0982,0,0
0.0986,0,0
0.099,0,0
0.0994,0,0
0.0998,0,0
0.1002,0,0
0.1006,0,0
0.101,0,0
0.1014,0,0
0.1018,0,0
0.1022,0,0
0.1026,0,0
0.103,0,0
0.1034,0,0
0.1038,0,0
0.1042,0,0
0.1046,0,0
0.105,0,0
0.1054,0.00743417,0.00745098
0.1058,0,0
0.1062,0,0
0.1066,0,0
0.107,0,0
0.1074,0,0
0.1078,0,0
0.1082,0,0
0.1086,0,0
0.109,0,0
0.1094,0,0
0.1098,0,0
0.1102,0,0
0.1106,0.00732844,0.00742265
0.111,0,0
0.1114,0,0
0.1118,0,0
0.1122,0,0
0.1126,0,0
0.113,0,0
0.1134,0.00819813,0.00821852
0.1138,0.00781308,0.0078316
0.1142,0,0
0.1146,0,0
0.115,0,0
0.1154,0.0168186,0.0119229
0.1158,0,0
0.1162,0,0
0.1166,0,0
0.117,0,0
0.1174,0.00956253,0.00959023
0.1178,0,0
0.1182,0,0
0.1186,0,0
0.119,0,0
0.1194,0,0
0.1198,0,0
3
-0.1198,0,0
-0.1194,0,0
-0.119,0.00624911,0.00626112
-0.1186,0,0
-0.1182,0,0
-0.1178,0,0
-0.1174,0,0
-0.117,0,0
-0.1166,0,0
-0.1162,0,0
-0.1158,0,0
-0.1154,0,0
-0.115,0,0
-0.1146,0,0
-0.1142,0,0
-0.1138,0,0
-0.1134,0.00317611,0.00442449
-0.113,0,0
-0.1126,0,0
-0.1122,0,0
-0.1118,0,0
-0.1114,0,0
-0.111,0,0
-0.1106,0,0
-0.1102,0,0
-0.1098,0,0
-0.1094,0,0
-0.109,0,0
-0.1086,0,0
-0.1082,0,0
-0.1078,0,0
-0.1074,0,0
-0.107,0,0
-0.1066,0,0
-0.1062,0,0
-0.1058,0.00669614,0.00670985
-0.1054,0,0
-0.105,0,0
-0.1046,0,0
-0.1042,0,0
-0.1038,0,0
-0.1034,0,0
-0.103,0.00595149,0.00596231
-0.1026,0,0
-0.1022,0,0
-0.1018,0,0
-0.1014,0,0
-0.101,0,0
-0.1006,0,0
-0.1002,0,0
-0.0998,0,0
-0.0994,0,0
-0.099,0,0
-0.0986,0,0
-0.0982,0,0
-0.0978,0,0
-0.0974,0,0
-0.097,0,0
-0.0966,0,0
-0.0962,0,0
-0.0958,0,0
-0.0954,0,0
-0.095,0.00649599,0.00656555
-0.0946,0.0128897,0.00913232
-0.0942,0,0
-0.0938,0,0
-0.0934,0,0
-0.093,0,0
-0.0926,0,0
-0.0922,0.0061305,0.00614193
-0.0918,0,0
-0.0914,0,0
-0.091,0,0
-0.0906,0,0
-0.0902,0,0
-0.0898,0,0
-0.0894,0,0
-0.089,0,0
-0.0886,0,0
-0.0882,0,0
-0.0878,0.0112929,0.00853186
-0.0874,0.00603771,0.00604877
-0.087,0,0
-0.0866,0,0
-0.0862,0,0
-0.0858,0,0
-0.0854,0.00353379,0.00455927
-0.085,0,0
-0.0846,0,0
-0.0842,0,0
-0.0838,0,0
-0.0834,0,0
-0.083,0,0
-0.0826,0,0
-0.0822,0,0
-0.0818,0,0
-0.0814,0,0
-0.081,0.00490953,0.00554642
-0.0806,0.00633893,0.00635109
-0.0802,0,0
-0.0798,0,0
-0.0794,0,0
-0.079,0,0
-0.0786,0,0
-0.0782,0,0
-0.0778,0,0
-0.0774,0,0
-0.077,0,0
-0.0766,0,0
-0.0762,0,0
-0.0758,0,0
-0.0754,0,0
-0.075,0,0
-0.0746,0,0
-0.0742,0,0
-0.0738,0,0
-0.0734,0,0
-0.073,0.000881758,0.00233762
-0.0726,0.00596974,0.00598048
-0.0722,0.00120404,0.00268607
-0.0718,0,0
-0.0714,0,0
-0.071,0,0
-0.0706,0,0
-0.0702,0,0
-0.0698,0,0
-0.0694,0.00607347,0.00608457
-0.069,0,0
-0.0686,0.000241381,0.00118317
-0.0682,0,0
-0.0678,0.00635504,0.00636718
-0.0674,0,0
-0.067,0,0
-0.0666,0.00615496,0.00616634
-0.0662,0,0
-0.0658,0,0
-0.0654,0,0
-0.065,0,0
-0.0646,0,0
-0.0642,0,0
-0.0638,0,0
-0.0634,0,0
-0.063,0,0
-0.0626,0.00609888,0.00611003
-0.0622,0,0
-0.0618,0,0
-0.0614,0.00625472,0.00626644
-0.061,0,0
-0.0606,0,0
-0.0602,0,0
-0.0598,0,0
-0.0594,0,0
-0.059,0,0
-0.0586,0,0
-0.0582,0,0
-0.0578,0,0
-0.0574,0,0
-0.057,0.00620488,0.00621639
-0.0566,0,0
-0.0562,0,0
-0.0558,0.00631232,0.00632423
-0.0554,0.00609021,0.0061013
-0.055,0.00732408,0.00678894
-0.0546,0,0
-0.0542,0.00635275,0.00636481
-0.0538,0,0
-0.0534,0,0
-0.053,0,0
-0.0526,0,0
-0.0522,0,0
-0.0518,0,0
-0.0514,0,0
-0.051,0,0
-0.0506,0,0
-0.0502,0,0
-0.0498,0,0
-0.0494,0,0
-0.049,0,0
-0.0486,0.00636091,0.00637296
-0.0482,0,0
-0.0478,0.0057703,0.00578022
-0.0474,0,0
-0.047,0,0
-0.0466,0.00561372,0.0056231
-0.0462,0,0
-0.0458,0,0
-0.0454,0.0128224,0.00908414
-0.045,0,0
-0.0446,0.00660354,0.00661651
-0.0442,0.00667002,0.00668324
-0.0438,0,0
-0.0434,0,0
-0.043,0,0
-0.0426,0,0
-0.0422,0,0
-0.0418,0.00313361,0.00439278
-0.0414,0,0
-0.041,0,0
-0.0406,0.00625494,0.00626655
-0.0402,0.00448332,0.00538043
-0.0398,0,0
-0.0394,0,0
-0.039,0,0
-0.0386,0,0
-0.0382,0,0
-0.0378,0,0
-0.0374,0,0
-0.037,0,0
-0.0366,0,0
-0.0362,0,0
-0.0358,0.00604703,0.00605786
-0.0354,0,0
-0.035,0,0
-0.0346,0.0065673,0.00658006
-0.0342,0,0
-0.0338,0,0
-0.0334,0,0
-0.033,0,0
-0.0326,0.00640979,0.00642194
-0.0322,0,0
-0.0318,0,0
-0.0314,0.0064381,0.00645035
-0.031,0,0
-0.0306,0,0
-0.0302,0,0
-0.0298,0,0
-0.0294,0,0
-0.029,0.00611689,0.00612794
-0.0286,0,0
-0.0282,0,0
-0.0278,0.00280288,0.00427817
-0.0274,0.00627621,0.00628783
-0.027,0,0
-0.0266,0,0
-0.0262,0,0
-0.0258,0,0
-0.0254,0,0
-0.025,0.0122223,0.0086626
-0.0246,0,0
-0.0242,0,0
-0.0238,0.00621824,0.00622963
-0.0234,0,0
-0.023,0,0
-0.0226,0,0
-0.0222,0,0
-0.0218,0,0
-0.0214,0.00329912,0.00443908
-0.021,0,0
-0.0206,0,0
-0.0202,0.00574734,0.00575706
-0.0198,0,0
-0.0194,0,0
-0.019,0,0
-0.0186,0,0
-0.0182,0,0
-0.0178,0.00190651,0.00355841
-0.0174,0,0
-0.017,0,0
-0.0166,0,0
-0.0162,0.00580949,0.0058194
-0.0158,0,0
-0.0154,0.00586158,0.0062676
-0.015,0.00635127,0.00636311
-0.0146,0.00576696,0.00577671
-0.0142,0,0
-0.0138,0,0
-0.0134,0.00659638,0.00660913
-0.013,0.00627475,0.00628629
-0.0126,0.000510994,0.00183211
-0.0122,0.00176276,0.00329687
-0.0118,0.0128682,0.0091164
-0.0114,0.00656249,0.00657511
-0.011,0.0124378,0.00881089
-0.0106,0.00603729,0.00604796
-0.0102,0.00454596,0.00536196
-0.0098,0,0
-0.0094,0.00712259,0.00666869
-0.009,0.0125792,0.00891284
-0.0086,0.00586392,0.00587399
-0.0082,0,0
-0.0078,0,0
-0.0074,0.00605781,0.00606854
-0.007,0.0138187,0.00912574
-0.0066,0.00568539,0.00569484
-0.0062,0.00568028,0.00568971
-0.0058,0.0321948,0.0144329
-0.0054,0,0
-0.005,0.00570406,0.00571357
-0.0046,0.00481932,0.00558386
-0.0042,0.00637545,0.00638732
-0.0038,0.0213718,0.0116692
-0.0034,0.0340886,0.0145605
-0.003,0.064259,0.0205136
-0.0026,0.080596,0.0226664
-0.0022,0.151919,0.0305216
-0.0018,0.286241,0.0433839
-0.0014,0.335694,0.0458515
-0.001,0.682796,0.0666127
-0.0006,0.764937,0.0716199
-0.0002,1.09932,0.085376
0.0002,0.877004,0.0735301
0.0006,0.676941,0.0643614
0.001,0.48385,0.0551865
0.0014,0.250973,0.0393645
0.0018,0.239886,0.0381926
0.0022,0.059543,0.0194159
0.0026,0.0295679,0.0132763
0.003,0.0343282,0.0140416
0.0034,0.0182355,0.0105583
0.0038,0.0279748,0.0125996
0.0042,0.0235498,0.0117465
0.0046,0,0
0.005,0.0127329,0.00903307
0.0054,0.00386916,0.00492018
0.0058,0.0062202,0.00623146
0.0062,0.00642035,0.00643234
0.0066,0.00642118,0.00643317
0.007,0.0125285,0.00887511
0.0074,0,0
0.0078,0.00686616,0.00687985
0.0082,0.0124131,0.00880001
0.0086,0,0
0.009,0.00582161,0.00583145
0.0094,0,0
0.0098,0,0
0.0102,0,0
0.0106,0.006696,0.00670901
0.011,0,0
0.0114,0.0127497,0.00903211
0.0118,0,0
0.0122,0.00161314,0.00327255
0.0126,0.00668653,0.00669949
0.013,0,0
0.0134,0.00714502,0.00715981
0.0138,0,0
0.0142,0,0
0.0146,0.00218677,0.00391179
0.015,0.00452628,0.00550857
0.0154,0.00667911,0.00669203
0.0158,0.00978685,0.00805057
0.0162,0,0
0.0166,0.00723194,0.00724707
0.017,0.00981753,0.00808815
0.0174,0,0
0.0178,0.00511978,0.00555628
0.0182,0.00657719,0.0065897
0.0186,0,0
0.019,0.00647125,0.00648336
0.0194,0.00644027,0.00645227
0.0198,0,0
0.0202,0,0
0.0206,0,0
0.021,0,0
0.0214,0.0183862,0.010907
0.0218,0,0
0.0222,0,0
0.0226,0,0
0.023,0,0
0.0234,0,0
0.0238,0,0
0.0242,0.00583907,0.00584891
0.0246,0,0
0.025,0.0129428,0.00917062
0.0254,0.0063524,0.00636404
0.0258,0,0
0.0262,0,0
0.0266,0,0
0.027,0,0
0.0274,0,0
0.0278,0.0123058,0.00871698
0.0282,0,0
0.0286,0,0
0.029,0,0
0.0294,0,0
0.0298,0,0
0.0302,0,0
0.0306,0,0
0.031,0.00610705,0.00611779
0.0314,0,0
0.0318,0,0
0.0322,0.00211728,0.00367849
0.0326,0,0
0.033,0,0
0.0334,0.00669484,0.00670773
0.0338,0,0
0.0342,0,0
0.0346,0,0
0.035,0,0
0.0354,0,0
0.0358,0,0
0.0362,0,0
0.0366,0,0
0.037,0,0
0.0374,0,0
0.0378,0,0
0.0382,0,0
0.0386,0,0
0.039,0.000171243,0.00109848
0.0394,0,0
0.0398,0,0
0.0402,0,0
0.0406,0,0
0.041,0,0
0.0414,0,0
0.0418,0,0
0.0422,0,0
0.0426,0,0
0.043,0,0
0.0434,0,0
0.0438,0,0
0.0442,0.000863805,0.00228969
0.0446,0,0
0.045,0,0
0.0454,0,0
0.0458,0,0
0.0462,0.00652444,0.00653663
0.0466,0,0
0.047,0,0
0.0474,0,0
0.0478,0,0
0.0482,0,0
0.0486,0,0
0.049,0,0
0.0494,0,0
0.0498,0.00249292,0.00414867
0.0502,0,0
0.0506,0,0
0.051,0,0
0.0514,0,0
0.0518,0,0
0.0522,0,0
0.0526,0,0
0.053,0,0
0.0534,0,0
0.0538,0.00642293,0.00643471
0.0542,0.00161985,0.00318621
0.0546,0,0
0.055,0,0
0.0554,0,0
0.0558,0,0
0.0562,0,0
0.0566,0,0
0.057,0.00582063,0.0058303
0.0574,0,0
0.0578,0.00651006,0.00652215
0.0582,0,0
0.0586,0,0
0.059,0.000976967,0.00245626
0.0594,0,0
0.0598,0,0
0.0602,0,0
0.0606,0,0
0.061,0.00594648,0.00595655
0.0614,0,0
0.0618,0,0
0.0622,0,0
0.0626,0,0
0.063,0,0
0.0634,0,0
0.0638,0,0
0.0642,0,0
0.0646,0,0
0.065,0,0
0.0654,0,0
0.0658,0,0
0.0662,0.00680936,0.00682255
0.0666,0,0
0.067,0.00609729,0.00610786
0.0674,0,0
0.0678,0,0
0.0682,0,0
0.0686,0,0
0.069,0,0
0.0694,0,0
0.0698,0,0
0.0702,0.00702595,0.00703997
0.0706,0,0
0.071,0.00631298,0.0063243
0.0714,0.00586237,0.00587213
0.0718,0.00586307,0.00587283
0.0722,0,0
0.0726,0.00598156,0.00599172
0.073,0,0
0.0734,0,0
0.0738,0,0
0.0742,0,0
0.0746,0,0
0.075,0,0
0.0754,0.00619251,0.00620339
0.0758,0.00138478,0.00293362
0.0762,0,0
0.0766,0,0
0.077,0.00642236,0.00643406
0.0774,0,0
0.0778,0,0
0.0782,0,0
0.0786,0,0
0.079,0,0
0.0794,0,0
0.0798,0,0
0.0802,0,0
0.0806,0.00571377,0.00572302
0.081,0,0
0.0814,0,0
0.0818,0,0
0.0822,0,0
0.0826,0,0
0.083,0.0133429,0.00945267
0.0834,0,0
0.0838,0,0
0.0842,0,0
0.0846,0.00649978,0.00651173
0.085,0.00609908,0.00610961
0.0854,0,0
0.0858,0,0
0.0862,0.00113332,0.00276425
0.0866,0,0
0.087,0.00603958,0.00604989
0.0874,0,0
0.0878,0,0
0.0882,0,0
0.0886,0,0
0.089,0,0
0.0894,0.006651,0.0066635
0.0898,0.00840972,0.00749324
0.0902,0,0
0.0906,0,0
0.091,0,0
0.0914,0,0
0.0918,0,0
0.0922,0,0
0.0926,0,0
0.093,0,0
0.0934,0,0
0.0938,0,0
0.0942,0,0
0.0946,0.00633793,0.00634926
0.095,0,0
0.0954,0,0
0.0958,0,0
0.0962,0,0
0.0966,0,0
0.097,0,0
0.0974,0,0
0.0978,0,0
0.0982,0,0
0.0986,0.00671988,0.00673261
0.099,0,0
0.0994,0,0
0.0998,0,0
0.1002,0,0
0.1006,0,0
0.101,0,0
0.1014,0.0065397,0.00655174
0.1018,0,0
0.1022,0,0
0.1026,0,0
0.103,0,0
0.1034,0,0
0.1038,0,0
0.1042,0,0
0.1046,0,0
0.105,0.00703835,0.00705229
0.1054,0,0
0.1058,0,0
0.1062,0,0
0.1066,0,0
0.107,0,0
0.1074,0,0
0.1078,0,0
0.1082,0,0
0.1086,0.00805931,0.00807757
0.109,0,0
0.1094,0.00902941,0.00905232
0.1098,0,0
0.1102,0.00889065,0.00891286
0.1106,0,0
0.111,0,0
0.1114,0,0
0.1118,0,0
0.1122,0,0
0.1126,0,0
0.113,0,0
0.1134,0,0
0.1138,0,0
0.1142,0,0
0.1146,0,0
0.115,0,0
0.1154,0,0
0.1158,0,0
0.1162,0,0
0.1166,0,0
0.117,0,0
0.1174,0,0
0.1178,0,0
0.1182,0,0
0.1186,0,0
0.119,0,0
0.1194,0,0
0.1198,0.00784347,0.00900809
4
-0.1198,0,0
-0.1194,0,0
-0.119,0,0
-0.1186,0,0
-0.1182,0,0
-0.1178,0,0
-0.1174,0,0
-0.117,0,0
-0.1166,0,0
-0.1162,0,0
-0.1158,0,0
-0.1154,0,0
-0.115,0,0
-0.1146,0,0
-0.1142,0,0
-0.1138,0,0
-0.1134,0.00297559,0.00429069
-0.113,0,0
-0.1126,0.00594142,0.0059522
-0.1122,0,0
-0.1118,0,0
-0.1114,0,0
-0.111,0,0
-0.1106,0,0
-0.1102,0,0
-0.1098,0,0
-0.1094,0,0
-0.109,0,0
-0.1086,0,0
-0.1082,0,0
-0.1078,0,0
-0.1074,0.00583281,0.00584318
-0.107,0,0
-0.1066,0,0
-0.1062,0,0
-0.1058,0,0
-0.1054,0,0
-0.105,0,0
-0.1046,0,0
-0.1042,0,0
-0.1038,0,0
-0.1034,0,0
-0.103,0,0
-0.1026,0,0
-0.1022,0.00600475,0.0060157
-0.1018,0,0
-0.1014,0,0
-0.101,0,0
-0.1006,0,0
-0.1002,0,0
-0.0998,0,0
-0.0994,0,0
-0.099,0,0
-0.0986,0.00611437,0.00612571
-0.0982,0,0
-0.0978,0.0064682,0.00648088
-0.0974,0,0
-0.097,0.0067577,0.00677153
-0.0966,0,0
-0.0962,0,0
-0.0958,0,0
-0.0954,0,0
-0.095,0.000113915,0.000872017
-0.0946,0,0
-0.0942,0,0
-0.0938,0,0
-0.0934,0,0
-0.093,0,0
-0.0926,0,0
-0.0922,0,0
-0.0918,0,0
-0.0914,0,0
-0.091,0,0
-0.0906,0.0062004,0.00621201
-0.0902,0,0
-0.0898,0,0
-0.0894,0,0
-0.089,0,0
-0.0886,0.00590321,0.00591373
-0.0882,0,0
-0.0878,0.00801756,0.00721056
-0.0874,0,0
-0.087,0,0
-0.0866,0,0
-0.0862,0.00578735,0.00579746
-0.0858,0.00590273,0.00591324
-0.0854,0.00234149,0.00372223
-0.085,0,0
-0.0846,0,0
-0.0842,0,0
-0.0838,0,0
-0.0834,0,0
-0.083,0,0
-0.0826,0,0
-0.0822,0,0
-0.0818,0.00610178,0.00611299
-0.0814,0,0
-0.081,0.00134019,0.00290586
-0.0806,0,0
-0.0802,0,0
-0.0798,0,0
-0.0794,0,0
-0.079,0,0
-0.0786,0.00603453,0.00604548
-0.0782,0,0
-0.0778,0,0
-0.0774,0,0
-0.077,0,0
-0.0766,0,0
-0.0762,0,0
-0.0758,0,0
-0.0754,0,0
-0.075,0,0
-0.0746,0,0
-0.0742,0,0
-0.0738,0,0
-0.0734,0,0
-0.073,0,0
-0.0726,0.0059951,0.00600588
-0.0722,0.00478678,0.00536696
-0.0718,0,0
-0.0714,0.00603421,0.00604513
-0.071,0.00670587,0.00671935
-0.0706,0,0
-0.0702,0,0
-0.0698,0,0
-0.0694,0,0
-0.069,0,0
-0.0686,0,0
-0.0682,0,0
-0.0678,0,0
-0.0674,0,0
-0.067,0.00594477,0.00595536
-0.0666,0,0
-0.0662,0,0
-0.0658,0,0
-0.0654,0,0
-0.065,0,0
-0.0646,0,0
-0.0642,0,0
-0.0638,0,0
-0.0634,0,0
-0.063,0,0
-0.0626,0,0
-0.0622,0,0
-0.0618,0.00602511,0.00603596
-0.0614,0.00627058,0.00628234
-0.061,0,0
-0.0606,0,0
-0.0602,0,0
-0.0598,0,0
-0.0594,0,0
-0.059,0,0
-0.0586,0,0
-0.0582,0.00682893,0.00684286
-0.0578,0,0
-0.0574,0,0
-0.057,0.00618068,0.00619209
-0.0566,0,0
-0.0562,0.00656088,0.00657373
-0.0558,0,0
-0.0554,0,0
-0.055,0,0
-0.0546,0,0
-0.0542,0,0
-0.0538,0,0
-0.0534,0,0
-0.053,0,0
-0.0526,0,0
-0.0522,0,0
-0.0518,0,0
-0.0514,0,0
-0.051,0.0119172,0.00844757
-0.0506,0,0
-0.0502,0.00601723,0.00602802
-0.0498,0.00588144,0.00589175
-0.0494,0,0
-0.049,0.00621182,0.00622332
-0.0486,0,0
-0.0482,0,0
-0.0478,0,0
-0.0474,0,0
-0.047,0,0
-0.0466,0,0
-0.0462,0,0
-0.0458,0,0
-0.0454,0,0
-0.045,0,0
-0.0446,0,0
-0.0442,0,0
-0.0438,0,0
-0.0434,0,0
-0.043,0.00611815,0.00612928
-0.0426,0,0
-0.0422,0.00557732,0.00558658
-0.0418,0.0029961,0.00429113
-0.0414,0,0
-0.041,0,0
-0.0406,0.00601368,0.00602443
-0.0402,0.00194466,0.00353946
-0.0398,0.00585903,0.00586924
-0.0394,0,0
-0.039,0,0
-0.0386,0.001195,0.00276831
-0.0382,0,0
-0.0378,0.00636435,0.00637639
-0.0374,0,0
-0.037,0.00594515,0.00595565
-0.0366,0,0
-0.0362,0.0126395,0.00897251
-0.0358,0,0
-0.0354,0.00608719,0.0060982
-0.035,0.00649732,0.00650986
-0.0346,0,0
-0.0342,0,0
-0.0338,0,0
-0.0334,0.00602856,0.00603935
-0.033,0.00593999,0.00595047
-0.0326,0,0
-0.0322,0,0
-0.0318,0,0
-0.0314,0,0
-0.031,0.00673851,0.00675198
-0.0306,0,0
-0.0302,0,0
-0.0298,0,0
-0.0294,0.00651102,0.0065236
-0.029,0.00608467,0.00609566
-0.0286,0.00608484,0.00609583
-0.0282,0,0
-0.0278,0,0
-0.0274,0,0
-0.027,0.00624045,0.006252
-0.0266,0.00632793,0.00633981
-0.0262,0.00630594,0.00631774
-0.0258,0,0
-0.0254,0.0062663,0.00627795
-0.025,0,0
-0.0246,0.00593926,0.00594973
-0.0242,0.00617453,0.00618584
-0.0238,0.00609704,0.00610806
-0.0234,0,0
-0.023,0,0
-0.0226,0,0
-0.0222,0,0
-0.0218,0,0
-0.0214,0,0
-0.021,0.00597747,0.00598807
-0.0206,0,0
-0.0202,0,0
-0.0198,0.00630573,0.00631752
-0.0194,0,0
-0.019,0,0
-0.0186,0.0100903,0.00767495
-0.0182,0.00621838,0.00622985
-0.0178,0.0174388,0.0106134
-0.0174,0,0
-0.017,0,0
-0.0166,0,0
-0.0162,0.0119584,0.008477
-0.0158,0,0
-0.0154,0,0
-0.015,0,0
-0.0146,0.00570586,0.00571551
-0.0142,0,0
-0.0138,0,0
-0.0134,0.0119834,0.00848859
-0.013,0,0
-0.0126,0.00620409,0.0062155
-0.0122,0,0
-0.0118,0,0
-0.0114,0.0126281,0.00894946
-0.011,0.00614347,0.00615465
-0.0106,0.0121609,0.00861622
-0.0102,0,0
-0.0098,0.00691371,0.00692788
-0.0094,0.0052607,0.0057
-0.009,0.0126529,0.00896377
-0.0086,0,0
-0.0082,0.00652669,0.00653931
-0.0078,0,0
-0.0074,0.0236794,0.0118621
-0.007,0.00575815,0.00576798
-0.0066,0.0172538,0.0099851
-0.0062,0.0174318,0.00989473
-0.0058,0.0127729,0.00905392
-0.0054,0.0123412,0.00876359
-0.005,0.0172286,0.00996396
-0.0046,0.027484,0.01318
-0.0042,0.022361,0.0118398
-0.0038,0.0565203,0.018876
-0.0034,0.0276755,0.0131031
-0.003,0.0759101,0.0217782
-0.0026,0.0664204,0.0203584
-0.0022,0.163461,0.0320336
-0.0018,0.240739,0.0391379
-0.0014,0.392185,0.049103
-0.001,0.457158,0.0540603
-0.0006,0.715342,0.0685933
-0.0002,0.82431,0.0731819
0.0002,0.664217,0.0632461
0.0006,0.562708,0.0580327
0.001,0.425615,0.0512829
0.0014,0.18604,0.0335663
0.0018,0.160108,0.0308607
0.0022,0.0645702,0.0199901
0.0026,0.0713542,0.0206805
0.003,0.0446735,0.0158193
0.0034,0.0170475,0.0101002
0.0038,0.0320892,0.0133734
0.0042,0.01095,0.00827371
0.0046,0,0
0.005,0.0190396,0.0110268
0.0054,0.026689,0.0127815
0.0058,0,0
0.0062,0.00610492,0.00611599
0.0066,0,0
0.007,0,0
0.0074,0,0
0.0078,0.00671562,0.00672901
0.0082,0.00630589,0.0063177
0.0086,0.00603743,0.00604826
0.009,0.00569014,0.00569976
0.0094,0,0
0.0098,0.00617348,0.0061848
0.0102,0.00642612,0.00643839
0.0106,0.00653949,0.00655219
0.011,0,0
0.0114,0.0130554,0.00924951
0.0118,0,0
0.0122,0.00487932,0.00562218
0.0126,0,0
0.013,0,0
0.0134,0.0069673,0.00698173
0.0138,0,0
0.0142,0.0134103,0.00950239
0.0146,0,0
0.015,0.00860332,0.0074964
0.0154,0.0121935,0.00863776
0.0158,0.00309654,0.00432749
0.0162,0,0
0.0166,0.0140809,0.00997756
0.017,0.00350328,0.00486998
0.0174,0,0
0.0178,0.00648778,0.00650029
0.0182,0.00577718,0.0057871
0.0186,0,0
0.019,0.00629251,0.00630429
0.0194,0,0
0.0198,0,0
0.0202,0,0
0.0206,0.00559099,0.00560029
0.021,0.00559094,0.00560024
0.0214,0.000931138,0.00242801
0.0218,0,0
0.0222,0,0
0.0226,0,0
0.023,0,0
0.0234,0.0124356,0.00880964
0.0238,0.00619372,0.00620514
0.0242,0.00566328,0.00567283
0.0246,0,0
0.025,0,0
0.0254,0,0
0.0258,0,0
0.0262,0,0
0.0266,0.00610309,0.00611418
0.027,0.00629832,0.00631012
0.0274,0.00629791,0.00630972
0.0278,0,0
0.0282,0.00612875,0.00613993
0.0286,0,0
0.029,0,0
0.0294,0,0
0.0298,0,0
0.0302,0,0
0.0306,0,0
0.031,0,0
0.0314,0.005719,0.00572874
0.0318,0,0
0.0322,0.00410714,0.00503631
0.0326,0,0
0.033,0,0
0.0334,0,0
0.0338,0,0
0.0342,0.00583365,0.00584379
0.0346,0,0
0.035,0,0
0.0354,0,0
0.0358,0.00593383,0.00594432
0.0362,0,0
0.0366,0.00588943,0.00589976
0.037,0,0
0.0374,0,0
0.0378,0,0
0.0382,0.00582605,0.00583617
0.0386,0,0
0.039,0.0126992,0.00906426
0.0394,0,0
0.0398,0,0
0.0402,0,0
0.0406,0.0116921,0.00828199
0.041,0,0
0.0414,0,0
0.0418,0,0
0.0422,0,0
0.0426,0,0
0.043,0,0
0.0434,0,0
0.0438,0,0
0.0442,0.00498316,0.00539163
0.0446,0,0
0.045,0,0
0.0454,0,0
0.0458,0,0
0.0462,0,0
0.0466,0.00667545,0.00668874
0.047,0,0
0.0474,0.00587433,0.00588462
0.0478,0,0
0.0482,0,0
0.0486,0,0
0.049,0.00643935,0.00645172
0.0494,0,0
0.0498,0.00420344,0.00527492
0.0502,0,0
0.0506,0,0
0.051,0,0
0.0514,0,0
0.0518,0,0
0.0522,0,0
0.0526,0.00599217,0.00600288
0.053,0.00594029,0.00595082
0.0534,0,0
0.0538,0,0
0.0542,0.00442661,0.00515285
0.0546,0,0
0.055,0,0
0.0554,0.00574223,0.00575206
0.0558,0,0
0.0562,0,0
0.0566,0,0
0.057,0,0
0.0574,0,0
0.0578,0,0
0.0582,0,0
0.0586,0.00646097,0.00647343
0.059,0.0107608,0.00794425
0.0594,0,0
0.0598,0,0
0.0602,0.0127272,0.00901862
0.0606,0,0
0.061,0,0
0.0614,0,0
0.0618,0,0
0.0622,0,0
0.0626,0.0063765,0.00638864
0.063,0.00637649,0.00638863
0.0634,0,0
0.0638,0,0
0.0642,0,0
0.0646,0,0
0.065,0,0
0.0654,0.00569247,0.00570214
0.0658,0,0
0.0662,0,0
0.0666,0,0
0.067,0,0
0.0674,0,0
0.0678,0,0
0.0682,0,0
0.0686,0,0
0.069,0,0
0.0694,0.00629441,0.00630624
0.0698,0,0
0.0702,0,0
0.0706,0,0
0.071,0,0
0.0714,0,0
0.0718,0,0
0.0722,0,0
0.0726,0,0
0.073,0,0
0.0734,0,0
0.0738,0,0
0.0742,0,0
0.0746,0.0120255,0.00851873
0.075,0,0
0.0754,0,0
0.0758,0.00456814,0.00519349
0.0762,0,0
0.0766,0.00635649,0.00636855
0.077,0,0
0.0774,0,0
0.0778,0,0
0.0782,0.0118089,0.00836618
0.0786,0,0
0.079,0,0
0.0794,0,0
0.0798,0,0
0.0802,0,0
0.0806,0,0
0.081,0,0
0.0814,0,0
0.0818,0,0
0.0822,0,0
0.0826,0,0
0.083,0,0
0.0834,0,0
0.0838,0,0
0.0842,0,0
0.0846,0.00615899,0.00617031
0.085,0.00573699,0.00574681
0.0854,0,0
0.0858,0.00601663,0.00602743
0.0862,0.00528868,0.00581165
0.0866,0.0111413,0.00789121
0.087,0,0
0.0874,0,0
0.0878,0,0
0.0882,0,0
0.0886,0,0
0.089,0,0
0.0894,0,0
0.0898,0,0
0.0902,0,0
0.0906,0,0
0.091,0,0
0.0914,0.00582894,0.00583908
0.0918,0.00616652,0.00617787
0.0922,0.00644126,0.00645364
0.0926,0,0
0.093,0,0
0.0934,0,0
0.0938,0,0
0.0942,0,0
0.0946,0,0
0.095,0,0
0.0954,0.0122239,0.0086594
0.0958,0,0
0.0962,0,0
0.0966,0,0
0.097,0,0
0.0974,0.0063252,0.00633713
0.0978,0.00641705,0.00642934
0.0982,0,0
0.0986,0,0
0.099,0,0
0.0994,0,0
0.0998,0.00665985,0.00667308
0.1002,0,0
0.1006,0,0
0.101,0,0
0.1014,0,0
0.1018,0,0
0.1022,0.00690825,0.00692248
0.1026,0,0
0.103,0,0
0.1034,0,0
0.1038,0,0
0.1042,0.00776919,0.00778718
0.1046,0,0
0.105,0,0
0.1054,0,0
0.1058,0,0
0.1062,0,0
0.1066,0,0
0.107,0,0
0.1074,0.00778208,0.00780012
0.1078,0,0
0.1082,0,0
0.1086,0,0
0.109,0.0153134,0.01086
0.1094,0,0
0.1098,0,0
0.1102,0,0
0.1106,0,0
0.111,0,0
0.1114,0,0
0.1118,0,0
0.1122,0,0
0.1126,0,0
0.113,0,0
0.1134,0,0
0.1138,0.00796651,0.00798539
0.1142,0,0
0.1146,0,0
0.115,0,0
0.1154,0,0
0.1158,0,0
0.1162,0,0
0.1166,0.00954441,0.0095715
0.117,0,0
0.1174,0,0
0.1178,0,0
0.1182,0,0
0.1186,0,0
0.119,0.00998436,0.010014
0.1194,0,0
0.1198,0.00230552,0.0047447
5
-0.1198,0,0
-0.1194,0,0
-0.119,0,0
-0.1186,0,0
-0.1182,0,0
-0.1178,0,0
-0.1174,0,0
-0.117,0,0
-0.1166,0,0
-0.1162,0,0
-0.1158,0,0
-0.1154,0,0
-0.115,0.00640249,0.00641492
-0.1146,0,0
-0.1142,0,0
-0.1138,0,0
-0.1134,0,0
-0.113,0,0
-0.1126,0,0
-0.1122,0,0
-0.1118,0,0
-0.1114,0,0
-0.111,0,0
-0.1106,0,0
-0.1102,0,0
-0.1098,0,0
-0.1094,0.00635957,0.00637179
-0.109,0,0
-0.1086,0,0
-0.1082,0,0
-0.1078,0,0
-0.1074,0,0
-0.107,0,0
-0.1066,0,0
-0.1062,0,0
-0.1058,0,0
-0.1054,0,0
-0.105,0,0
-0.1046,0,0
-0.1042,0,0
-0.1038,0,0
-0.1034,0,0
-0.103,0,0
-0.1026,0,0
-0.1022,0.00582097,0.00583115
-0.1018,0,0
-0.1014,0,0
-0.101,0,0
-0.1006,0,0
-0.1002,0,0
-0.0998,0.00615029,0.00616164
-0.0994,0,0
-0.099,0,0
-0.0986,0,0
-0.0982,0,0
-0.0978,0,0
-0.0974,0,0
-0.097,0,0
-0.0966,0,0
-0.0962,0,0
-0.0958,0,0
-0.0954,0,0
-0.095,0,0
-0.0946,0,0
-0.0942,0,0
-0.0938,0,0
-0.0934,0,0
-0.093,0,0
-0.0926,0,0
-0.0922,0,0
-0.0918,0,0
-0.0914,0.00610503,0.00611615
-0.091,0,0
-0.0906,0,0
-0.0902,0,0
-0.0898,0,0
-0.0894,0.00628007,0.00629182
-0.089,0,0
-0.0886,0,0
-0.0882,0,0
-0.0878,0,0
-0.0874,0,0
-0.087,0,0
-0.0866,0,0
-0.0862,0,0
-0.0858,0,0
-0.0854,0,0
-0.085,0,0
-0.0846,0,0
-0.0842,0,0
-0.0838,0,0
-0.0834,0,0
-0.083,0,0
-0.0826,0,0
-0.0822,0,0
-0.0818,0,0
-0.0814,0,0
-0.081,0,0
-0.0806,0,0
-0.0802,0,0
-0.0798,0,0
-0.0794,0,0
-0.079,0,0
-0.0786,0,0
-0.0782,0,0
-0.0778,0,0
-0.0774,0,0
-0.077,0,0
-0.0766,0,0
-0.0762,0.00660811,0.00662102
-0.0758,0,0
-0.0754,0,0
-0.075,0,0
-0.0746,0,0
-0.0742,0,0
-0.0738,0,0
-0.0734,0,0
-0.073,0,0
-0.0726,0.00609653,0.0061075
-0.0722,0,0
-0.0718,0,0
-0.0714,0,0
-0.071,0.00613893,0.00615004
-0.0706,0,0
-0.0702,0.00581584,0.00582581
-0.0698,0,0
-0.0694,0,0
-0.069,0,0
-0.0686,0.00595918,0.00596964
-0.0682,0,0
-0.0678,0,0
-0.0674,0,0
-0.067,0,0
-0.0666,0,0
-0.0662,0.00695568,0.00696991
-0.0658,0,0
-0.0654,0,0
-0.065,0,0
-0.0646,0,0
-0.0642,0.0062575,0.00626901
-0.0638,0,0
-0.0634,0,0
-0.063,0,0
-0.0626,0,0
-0.0622,0,0
-0.0618,0,0
-0.0614,0.00638685,0.00639882
-0.061,0,0
-0.0606,0.0013156,0.00302858
-0.0602,0,0
-0.0598,0,0
-0.0594,0,0
-0.059,0,0
-0.0586,0,0
-0.0582,0,0
-0.0578,0,0
-0.0574,0.00646717,0.00647943
-0.057,0,0
-0.0566,0,0
-0.0562,0,0
-0.0558,0.00650371,0.00651609
-0.0554,0,0
-0.055,0,0
-0.0546,0,0
-0.0542,0,0
-0.0538,0,0
-0.0534,0,0
-0.053,0,0
-0.0526,0.00648144,0.00649372
-0.0522,0.00680447,0.00681801
-0.0518,0,0
-0.0514,0,0
-0.051,0,0
-0.0506,0.00615822,0.0061693
-0.0502,0,0
-0.0498,0,0
-0.0494,0,0
-0.049,0,0
-0.0486,0,0
-0.0482,0,0
-0.0478,0,0
-0.0474,0,0
-0.047,0,0
-0.0466,0,0
-0.0462,0,0
-0.0458,0.00643831,0.0064504
-0.0454,0.00653764,0.0065501
-0.045,0,0
-0.0446,0,0
-0.0442,0,0
-0.0438,0,0
-0.0434,0,0
-0.043,0,0
-0.0426,0,0
-0.0422,0,0
-0.0418,0,0
-0.0414,0.00587424,0.00588429
-0.041,0,0
-0.0406,0.00614267,0.00615366
-0.0402,0,0
-0.0398,0.00598512,0.00599554
-0.0394,0,0
-0.039,0,0
-0.0386,0.00530631,0.00589636
-0.0382,0.00630618,0.00631775
-0.0378,0,0
-0.0374,0,0
-0.037,0,0
-0.0366,0,0
-0.0362,0,0
-0.0358,0,0
-0.0354,0,0
-0.035,0,0
-0.0346,0,0
-0.0342,0,0
-0.0338,0,0
-0.0334,0,0
-0.033,0,0
-0.0326,0.00656642,0.00657894
-0.0322,0,0
-0.0318,0,0
-0.0314,0,0
-0.031,0,0
-0.0306,0.00638837,0.00640022
-0.0302,0,0
-0.0298,0,0
-0.0294,0.00610225,0.00611306
-0.029,0,0
-0.0286,0.00699647,0.00701067
-0.0282,0,0
-0.0278,0,0
-0.0274,0,0
-0.027,0,0
-0.0266,0.00647354,0.0064857
-0.0262,0,0
-0.0258,0,0
-0.0254,0,0
-0.025,0.00601239,0.00602288
-0.0246,0,0
-0.0242,0,0
-0.0238,0.0063193,0.00633088
-0.0234,0,0
-0.023,0,0
-0.0226,0,0
-0.0222,0.0126203,0.00894025
-0.0218,0,0
-0.0214,0,0
-0.021,0,0
-0.0206,0.00605977,0.00607041
-0.0202,0,0
-0.0198,0,0
-0.0194,0,0
-0.019,0.0065561,0.00656854
-0.0186,0.00755762,0.00672968
-0.0182,0.0123414,0.00874683
-0.0178,0,0
-0.0174,0,0
-0.017,0.00638229,0.00639408
-0.0166,0,0
-0.0162,0,0
-0.0158,0,0
-0.0154,0,0
-0.015,0.00630561,0.00631711
-0.0146,0,0
-0.0142,0,0
-0.0138,0.00635439,0.00636607
-0.0134,0.0061418,0.00615271
-0.013,0.013047,0.00924597
-0.0126,0,0
-0.0122,0.00622682,0.00623803
-0.0118,0,0
-0.0114,0.0129503,0.00917775
-0.011,0.0124173,0.00879713
-0.0106,0.00611652,0.00612733
-0.0102,0.00709276,0.00710729
-0.0098,0,0
-0.0094,0.00624778,0.00625905
-0.009,0,0
-0.0086,0.012431,0.00881464
-0.0082,0.00669936,0.00671233
-0.0078,0.00658993,0.00660247
-0.0074,0.00591242,0.00592252
-0.007,0.0177388,0.010259
-0.0066,0.00575547,0.00576504
-0.0062,0.0171867,0.0101458
-0.0058,0.0131217,0.0093012
-0.0054,0.0135578,0.00960561
-0.005,0.0233475,0.0116942
-0.0046,0.0124169,0.00908904
-0.0042,0.0220595,0.0119511
-0.0038,0.0449467,0.0170203
-0.0034,0.0183013,0.0105603
-0.003,0.0630782,0.0200199
-0.0026,0.0854131,0.0235013
-0.0022,0.134052,0.0293632
-0.0018,0.22088,0.0379936
-0.0014,0.420892,0.0516248
-0.001,0.480741,0.0561553
-0.0006,0.691997,0.0684786
-0.0002,0.661124,0.0666008
0.0002,0.55688,0.0588082
0.0006,0.452983,0.0527028
0.001,0.457168,0.0539244
0.0014,0.229047,0.037727
0.0018,0.13998,0.0292433
0.0022,0.0823667,0.0228882
0.0026,0.0556968,0.0186357
0.003,0.0521229,0.0174037
0.0034,0.03138,0.0138874
0.0038,0.0286596,0.0128383
0.0042,0.0176648,0.0102364
0.0046,0.00676137,0.00677455
0.005,0.0121542,0.00860942
0.0054,0.0317046,0.0142079
0.0058,0.00626936,0.0062807
0.0062,0,0
0.0066,0.0192504,0.0111356
0.007,0,0
0.0074,0.00614023,0.00615111
0.0078,0,0
0.0082,0.00649251,0.00650467
0.0086,0.00621655,0.0062277
0.009,0.0124326,0.00880696
0.0094,0.01262,0.00894021
0.0098,0.00635678,0.00636844
0.0102,0,0
0.0106,0.00683444,0.00684791
0.011,0.0067224,0.00673543
0.0114,0,0
0.0118,0.00663222,0.00664492
0.0122,0,0
0.0126,0,0
0.013,0,0
0.0134,0,0
0.0138,0.00668906,0.00670197
0.0142,0.00700569,0.00701985
0.0146,0.0136176,0.00964806
0.015,0.0206967,0.0119755
0.0154,0.00628105,0.00629244
0.0158,0,0
0.0162,0,0
0.0166,0,0
0.017,0.00650879,0.00652102
0.0174,0,0
0.0178,0,0
0.0182,0.00595424,0.00596447
0.0186,0,0
0.019,0.00648606,0.0064982
0.0194,0,0
0.0198,0.00608195,0.00609262
0.0202,0,0
0.0206,0.00614536,0.00615625
0.021,0,0
0.0214,0,0
0.0218,0,0
0.0222,0.00592821,0.00593835
0.0226,0,0
0.023,0,0
0.0234,0.0063881,0.00639987
0.0238,0,0
0.0242,0,0
0.0246,0,0
0.025,0.00635217,0.00636382
0.0254,0,0
0.0258,0.012472,0.00884494
0.0262,0,0
0.0266,0,0
0.027,0,0
0.0274,0.00641165,0.00642351
0.0278,0.00614812,0.00615903
0.0282,0.00632521,0.00633675
0.0286,0.00644265,0.00645463
0.029,0.0063184,0.00632991
0.0294,0,0
0.0298,0.0063281,0.00633965
0.0302,0,0
0.0306,0,0
0.031,0,0
0.0314,0,0
0.0318,0,0
0.0322,0,0
0.0326,0.00623518,0.00624639
0.033,0,0
0.0334,0.00667843,0.00669129
0.0338,0,0
0.0342,0,0
0.0346,0,0
0.035,0,0
0.0354,0.00613104,0.00614187
0.0358,0.0127806,0.00906145
0.0362,0.00664991,0.00666266
0.0366,0.00668858,0.00670147
0.037,0,0
0.0374,0,0
0.0378,0,0
0.0382,0,0
0.0386,0,0
0.039,0,0
0.0394,0,0
0.0398,0.00646018,0.0064722
0.0402,0.00618502,0.00619604
0.0406,0,0
0.041,0.00618338,0.00619439
0.0414,0.00618375,0.00619477
0.0418,0,0
0.0422,0,0
0.0426,0,0
0.043,0,0
0.0434,0,0
0.0438,0.0048321,0.00540116
0.0442,0,0
0.0446,0,0
0.045,0,0
0.0454,0,0
0.0458,0,0
0.0462,0,0
0.0466,0,0
0.047,0.00691354,0.0069273
0.0474,0,0
0.0478,0.00608516,0.00609582
0.0482,0.00603217,0.00604264
0.0486,0.00724414,0.00725924
0.049,0,0
0.0494,0,0
0.0498,0,0
0.0502,0,0
0.0506,0,0
0.051,0,0
0.0514,0,0
0.0518,0,0
0.0522,0,0
0.0526,0,0
0.053,0,0
0.0534,0,0
0.0538,0,0
0.0542,0,0
0.0546,0,0
0.055,0,0
0.0554,0,0
0.0558,0,0
0.0562,0.0133605,0.0094714
0.0566,0.00657588,0.0065883
0.057,0.00577808,0.00578768
0.0574,0,0
0.0578,0,0
0.0582,0.00671062,0.00672355
0.0586,0,0
0.059,0,0
0.0594,0,0
0.0598,0,0
0.0602,0,0
0.0606,0,0
0.061,0,0
0.0614,0,0
0.0618,0,0
0.0622,0.00584403,0.00585384
0.0626,0.00656889,0.00658127
0.063,0,0
0.0634,0,0
0.0638,0,0
0.0642,0,0
0.0646,0,0
0.065,0,0
0.0654,0,0
0.0658,0,0
0.0662,0,0
0.0666,0,0
0.067,0.00595849,0.00596867
0.0674,0,0
0.0678,0,0
0.0682,0.00617931,0.00619026
0.0686,0,0
0.069,0,0
0.0694,0,0
0.0698,0,0
0.0702,0,0
0.0706,0,0
0.071,0,0
0.0714,0,0
0.0718,0,0
0.0722,0,0
0.0726,0,0
0.073,0,0
0.0734,0,0
0.0738,0.00636348,0.00637506
0.0742,0,0
0.0746,0,0
0.075,0,0
0.0754,0,0
0.0758,0,0
0.0762,0,0
0.0766,0,0
0.077,0,0
0.0774,0.00584864,0.00585842
0.0778,0,0
0.0782,0,0
0.0786,0,0
0.079,0,0
0.0794,0,0
0.0798,0,0
0.0802,0,0
0.0806,0,0
0.081,0.00617967,0.00619057
0.0814,0,0
0.0818,0,0
0.0822,0,0
0.0826,0,0
0.083,0,0
0.0834,0,0
0.0838,0,0
0.0842,0,0
0.0846,0.0064511,0.00646296
0.085,0,0
0.0854,0,0
0.0858,0,0
0.0862,0,0
0.0866,0.0121176,0.00858892
0.087,0,0
0.0874,0,0
0.0878,0,0
0.0882,0,0
0.0886,0,0
0.089,0,0
0.0894,0,0
0.0898,0,0
0.0902,0,0
0.0906,0,0
0.091,0.00650837,0.00652041
0.0914,0,0
0.0918,0,0
0.0922,0,0
0.0926,0.00676575,0.00677875
0.093,0,0
0.0934,0,0
0.0938,0.00628472,0.00629594
0.0942,0,0
0.0946,0,0
0.095,0,0
0.0954,0,0
0.0958,0,0
0.0962,0,0
0.0966,0,0
0.097,0,0
0.0974,0,0
0.0978,0,0
0.0982,0,0
0.0986,0,0
0.099,0,0
0.0994,0,0
0.0998,0,0
0.1002,0,0
0.1006,0,0
0.101,0.00699382,0.00700767
0.1014,0,0
0.1018,0,0
0.1022,0,0
0.1026,0,0
0.103,0,0
0.1034,0,0
0.1038,0,0
0.1042,0,0
0.1046,0,0
0.105,0,0
0.1054,0,0
0.1058,0,0
0.1062,0.0162337,0.0115131
0.1066,0,0
0.107,0,0
0.1074,0,0
0.1078,0,0
0.1082,0,0
0.1086,0,0
0.109,0.00837994,0.00839973
0.1094,0,0
0.1098,0,0
0.1102,0,0
0.1106,0,0
0.111,0,0
0.1114,0,0
0.1118,0,0
0.1122,0.00923314,0.00925713
0.1126,0,0
0.113,0,0
0.1134,0,0
0.1138,0,0
0.1142,0.0089357,0.00895815
0.1146,0,0
0.115,0,0
0.1154,0,0
0.1158,0,0
0.1162,0,0
0.1166,0,0
0.117,0,0
0.1174,0,0
0.1178,0,0
0.1182,0,0
0.1186,0,0
0.119,0,0
0.1194,0.0104625,0.0104932
0.1198,0,0
6
-0.1198,0,0
-0.1194,0,0
-0.119,0,0
-0.1186,0,0
-0.1182,0,0
-0.1178,0,0
-0.1174,0,0
-0.117,0,0
-0.1166,0,0
-0.1162,0,0
-0.1158,0,0
-0.1154,0,0
-0.115,0,0
-0.1146,0,0
-0.1142,0,0
-0.1138,0,0
-0.1134,0,0
-0.113,0.00532751,0.00533716
-0.1126,0,0
-0.1122,0.00534305,0.00535274
-0.1118,0,0
-0.1114,0,0
-0.111,0,0
-0.1106,0,0
-0.1102,0,0
-0.1098,0,0
-0.1094,0,0
-0.109,0,0
-0.1086,0,0
-0.1082,0,0
-0.1078,0.00583843,0.00584996
-0.1074,0,0
-0.107,0,0
-0.1066,0,0
-0.1062,0,0
-0.1058,0,0
-0.1054,0,0
-0.105,0,0
-0.1046,0.00581682,0.00582824
-0.1042,0,0
-0.1038,0,0
-0.1034,0,0
-0.103,0,0
-0.1026,0,0
-0.1022,0,0
-0.1018,0,0
-0.1014,0,0
-0.101,0,0
-0.1006,0,0
-0.1002,0,0
-0.0998,0,0
-0.0994,0,0
-0.099,0,0
-0.0986,0,0
-0.0982,0.00574339,0.00575446
-0.0978,0,0
-0.0974,0,0
-0.097,0,0
-0.0966,0,0
-0.0962,0,0
-0.0958,0,0
-0.0954,0,0
-0.095,0,0
-0.0946,0,0
-0.0942,0,0
-0.0938,0,0
-0.0934,0,0
-0.093,0,0
-0.0926,0,0
-0.0922,0,0
-0.0918,0,0
-0.0914,0,0
-0.091,0,0
-0.0906,0,0
-0.0902,0,0
-0.0898,0,0
-0.0894,0,0
-0.089,0,0
-0.0886,0,0
-0.0882,0,0
-0.0878,0,0
-0.0874,0,0
-0.087,0,0
-0.0866,0,0
-0.0862,0,0
-0.0858,0,0
-0.0854,0,0
-0.085,0,0
-0.0846,0,0
-0.0842,0,0
-0.0838,0,0
-0.0834,0,0
-0.083,0,0
-0.0826,0,0
-0.0822,0,0
-0.0818,0,0
-0.0814,0,0
-0.081,0,0
-0.0806,0.00570349,0.00571442
-0.0802,0,0
-0.0798,0,0
-0.0794,0,0
-0.079,0,0
-0.0786,0,0
-0.0782,0,0
-0.0778,0,0
-0.0774,0,0
-0.077,0,0
-0.0766,0,0
-0.0762,0,0
-0.0758,0,0
-0.0754,0,0
-0.075,0,0
-0.0746,0,0
-0.0742,0.0061186,0.00613126
-0.0738,0,0
-0.0734,0,0
-0.073,0.00549357,0.00550379
-0.0726,0.00549141,0.00550163
-0.0722,0,0
-0.0718,0,0
-0.0714,0,0
-0.071,0,0
-0.0706,0,0
-0.0702,0.00516165,0.0051707
-0.0698,0,0
-0.0694,0.00531397,0.00532356
-0.069,0,0
-0.0686,0,0
-0.0682,0,0
-0.0678,0,0
-0.0674,0,0
-0.067,0,0
-0.0666,0,0
-0.0662,0,0
-0.0658,0,0
-0.0654,0,0
-0.065,0,0
-0.0646,0,0
-0.0642,0,0
-0.0638,0.00586777,0.00587952
-0.0634,0,0
-0.063,0,0
-0.0626,0,0
-0.0622,0.00556233,0.00557291
-0.0618,0,0
-0.0614,0,0
-0.061,0,0
-0.0606,0.00482118,0.00536601
-0.0602,0,0
-0.0598,0,0
-0.0594,0,0
-0.059,0,0
-0.0586,0,0
-0.0582,0,0
-0.0578,0,0
-0.0574,0,0
-0.057,0,0
-0.0566,0,0
-0.0562,0,0
-0.0558,0.00553809,0.00554864
-0.0554,0,0
-0.055,0,0
-0.0546,0,0
-0.0542,0,0
-0.0538,0,0
-0.0534,0,0
-0.053,0,0
-0.0526,0,0
-0.0522,0,0
-0.0518,0,0
-0.0514,0.0049574,0.00496587
-0.051,0,0
-0.0506,0,0
-0.0502,0,0
-0.0498,0,0
-0.0494,0,0
-0.049,0.00535561,0.00536552
-0.0486,0,0
-0.0482,0,0
-0.0478,0,0
-0.0474,0.00534367,0.00535355
-0.047,0,0
-0.0466,0,0
-0.0462,0,0
-0.0458,0,0
-0.0454,0,0
-0.045,0,0
-0.0446,0,0
-0.0442,0,0
-0.0438,0,0
-0.0434,0,0
-0.043,0,0
-0.0426,0,0
-0.0422,0,0
-0.0418,0,0
-0.0414,0,0
-0.041,0,0
-0.0406,0,0
-0.0402,0,0
-0.0398,0.00500967,0.0050184
-0.0394,0,0
-0.039,0.00521922,0.0052287
-0.0386,0,0
-0.0382,0,0
-0.0378,0,0
-0.0374,0,0
-0.037,0,0
-0.0366,0,0
-0.0362,0,0
-0.0358,0,0
-0.0354,0,0
-0.035,0.00537535,0.00538543
-0.0346,0,0
-0.0342,0.00526632,0.005276
-0.0338,0,0
-0.0334,0.00512869,0.00513787
-0.033,0,0
-0.0326,0,0
-0.0322,0,0
-0.0318,0,0
-0.0314,0,0
-0.031,0.00572291,0.00573436
-0.0306,0,0
-0.0302,0,0
-0.0298,0,0
-0.0294,0,0
-0.029,0,0
-0.0286,0,0
-0.0282,0,0
-0.0278,0,0
-0.0274,0,0
-0.027,0,0
-0.0266,0,0
-0.0262,0.00533851,0.0053485
-0.0258,0,0
-0.0254,0,0
-0.025,0,0
-0.0246,0,0
-0.0242,0,0
-0.0238,0,0
-0.0234,0,0
-0.023,0.0054406,0.00545098
-0.0226,0,0
-0.0222,0,0
-0.0218,0.00555444,0.00556527
-0.0214,0,0
-0.021,0.0100429,0.007114
-0.0206,0,0
-0.0202,0,0
-0.0198,0,0
-0.0194,0,0
-0.019,0.00489855,0.00490699
-0.0186,0,0
-0.0182,0,0
-0.0178,0,0
-0.0174,0,0
-0.017,0,0
-0.0166,0,0
-0.0162,0.00484555,0.00485381
-0.0158,0.00530402,0.00531392
-0.0154,0,0
-0.015,0.00518144,0.00519089
-0.0146,0,0
-0.0142,0,0
-0.0138,0.00521801,0.0052276
-0.0134,0,0
-0.013,0,0
-0.0126,0,0
-0.0122,0.010217,0.00723753
-0.0118,0.0053478,0.00535788
-0.0114,0,0
-0.011,0,0
-0.0106,0,0
-0.0102,0,0
-0.0098,0,0
-0.0094,0.00521351,0.0052231
-0.009,0.0106338,0.00753336
-0.0086,0,0
-0.0082,0,0
-0.0078,0,0
-0.0074,0.0145148,0.00839448
-0.007,0.00507939,0.00508849
-0.0066,0,0
-0.0062,0,0
-0.0058,0.0107292,0.0076053
-0.0054,0.011084,0.00785295
-0.005,0.00482369,0.0048319
-0.0046,0.00471784,0.0047257
-0.0042,0.00527099,0.0052808
-0.0038,0.00522458,0.00523422
-0.0034,0.00996994,0.00711024
-0.003,0.0263887,0.011837
-0.0026,0.0155787,0.0090175
-0.0022,0.0696099,0.0186516
-0.0018,0.133915,0.0268627
-0.0014,0.123666,0.0252908
-0.001,0.342081,0.0428525
-0.0006,0.285429,0.0396644
-0.0002,0.265474,0.0380152
0.0002,0.2782,0.0376005
0.0006,0.225049,0.0336251
0.001,0.274799,0.0377597
0.0014,0.182187,0.0304218
0.0018,0.154533,0.0278095
0.0022,0.0826255,0.0206958
0.0026,0.0493818,0.0156796
0.003,0.0559745,0.0161869
0.0034,0.0197908,0.00992277
0.0038,0.00459244,0.0045999
0.0042,0.00459259,0.00460004
0.0046,0.0267376,0.0119843
0.005,0.0154417,0.0089433
0.0054,0.010462,0.0074114
0.0058,0.0153702,0.00889011
0.0062,0.00513262,0.00514192
0.0066,0.00515425,0.00516363
0.007,0,0
0.0074,0,0
0.0078,0,0
0.0082,0,0
0.0086,0.00530702,0.00531696
0.009,0.00987256,0.00699621
0.0094,0.00512146,0.00513071
0.0098,0.00519979,0.00520932
0.0102,0,0
0.0106,0.00551087,0.00552157
0.011,0.00550283,0.0055135
0.0114,0,0
0.0118,0.00503374,0.00504267
0.0122,0.00544511,0.00545555
0.0126,0,0
0.013,0.00550767,0.00551835
0.0134,0,0
0.0138,0,0
0.0142,0.00558787,0.00559884
0.0146,0.0113339,0.00803101
0.015,0,0
0.0154,0,0
0.0158,0.0051662,0.00538513
0.0162,0,0
0.0166,0,0
0.017,0,0
0.0174,0,0
0.0178,0.00490749,0.00491592
0.0182,0.00543824,0.00544859
0.0186,0.00535288,0.00536289
0.019,0.00521289,0.00522238
0.0194,0.00521652,0.00522602
0.0198,0,0
0.0202,0,0
0.0206,0.0101776,0.00720942
0.021,0,0
0.0214,0,0
0.0218,0,0
0.0222,0,0
0.0226,0,0
0.023,0,0
0.0234,0,0
0.0238,0,0
0.0242,0,0
0.0246,0,0
0.025,0.00549903,0.00550949
0.0254,0,0
0.0258,0,0
0.0262,0,0
0.0266,0,0
0.027,0.0108944,0.00771796
0.0274,0,0
0.0278,0,0
0.0282,0,0
0.0286,0.00540588,0.00541593
0.029,0,0
0.0294,0,0
0.0298,0.0053202,0.00532991
0.0302,0,0
0.0306,0,0
0.031,0,0
0.0314,0,0
0.0318,0,0
0.0322,0,0
0.0326,0,0
0.033,0,0
0.0334,0,0
0.0338,0,0
0.0342,0,0
0.0346,0,0
0.035,0.00551219,0.00552252
0.0354,0,0
0.0358,0,0
0.0362,0,0
0.0366,0,0
0.037,0,0
0.0374,0,0
0.0378,0,0
0.0382,0,0
0.0386,0,0
0.039,0,0
0.0394,0,0
0.0398,0,0
0.0402,0,0
0.0406,0.00355514,0.0042943
0.041,0,0
0.0414,0,0
0.0418,0,0
0.0422,0,0
0.0426,0,0
0.043,0,0
0.0434,0.00639609,0.00640981
0.0438,0.00101735,0.00229702
0.0442,0,0
0.0446,0.0053935,0.00540324
0.045,0,0
0.0454,0,0
0.0458,0,0
0.0462,0,0
0.0466,0,0
0.047,0,0
0.0474,0,0
0.0478,0,0
0.0482,0.00521506,0.00522411
0.0486,0.00328117,0.00414506
0.049,0.00577527,0.00578636
0.0494,0,0
0.0498,0,0
0.0502,0,0
0.0506,0,0
0.051,0,0
0.0514,0,0
0.0518,0,0
0.0522,0,0
0.0526,0,0
0.053,0,0
0.0534,0,0
0.0538,0,0
0.0542,0,0
0.0546,0,0
0.055,0,0
0.0554,0,0
0.0558,0,0
0.0562,0,0
0.0566,0,0
0.057,0,0
0.0574,0,0
0.0578,0,0
0.0582,0,0
0.0586,0,0
0.059,0,0
0.0594,0,0
0.0598,0,0
0.0602,0,0
0.0606,0,0
0.061,0,0
0.0614,0,0
0.0618,0,0
0.0622,0,0
0.0626,0,0
0.063,0,0
0.0634,0,0
0.0638,0.00535661,0.00536593
0.0642,0,0
0.0646,0,0
0.065,0,0
0.0654,0,0
0.0658,0,0
0.0662,0,0
0.0666,0,0
0.067,0,0
0.0674,0,0
0.0678,0,0
0.0682,0,0
0.0686,0,0
0.069,0,0
0.0694,0,0
0.0698,0,0
0.0702,0.0124082,0.00879142
0.0706,0,0
0.071,0,0
0.0714,0,0
0.0718,0,0
0.0722,0,0
0.0726,0,0
0.073,0,0
0.0734,0,0
0.0738,0,0
0.0742,0.0021517,0.00347138
0.0746,0,0
0.075,0,0
0.0754,0,0
0.0758,0,0
0.0762,0,0
0.0766,0,0
0.077,0,0
0.0774,0,0
0.0778,0,0
0.0782,0,0
0.0786,0,0
0.079,0,0
0.0794,0,0
0.0798,0,0
0.0802,0,0
0.0806,0,0
0.081,0,0
0.0814,0,0
0.0818,0,0
0.0822,0,0
0.0826,0,0
0.083,0,0
0.0834,0,0
0.0838,0,0
0.0842,0.00581956,0.00583023
0.0846,0.00583604,0.00584676
0.085,0,0
0.0854,0.00548202,0.00549148
0.0858,0,0
0.0862,0,0
0.0866,0,0
0.087,0,0
0.0874,0,0
0.0878,0.00592214,0.00593314
0.0882,0,0
0.0886,0,0
0.089,0,0
0.0894,0,0
0.0898,0,0
0.0902,0,0
0.0906,0,0
0.091,0,0
0.0914,0,0
0.0918,0,0
0.0922,0.00538498,0.00539402
0.0926,0,0
0.093,0,0
0.0934,0.00100965,0.00248087
0.0938,0,0
0.0942,0,0
0.0946,0,0
0.095,0,0
0.0954,0.0057464,0.00575665
0.0958,0.000381211,0.00152097
0.0962,0,0
0.0966,0,0
0.097,0,0
0.0974,0,0
0.0978,0,0
0.0982,0,0
0.0986,0,0
0.099,0,0
0.0994,0,0
0.0998,0,0
0.1002,0,0
0.1006,0,0
0.101,0,0
0.1014,0.00597992,0.00599093
0.1018,0,0
0.1022,0,0
0.1026,0,0
0.103,0,0
0.1034,0,0
0.1038,0,0
0.1042,0,0
0.1046,0,0
0.105,0,0
0.1054,0,0
0.1058,0,0
0.1062,0,0
0.1066,0,0
0.107,0,0
0.1074,0,0
0.1078,0,0
0.1082,0.00010905,0.000847669
0.1086,0,0
0.109,0,0
0.1094,0,0
0.1098,0,0
0.1102,0,0
0.1106,0,0
0.111,0,0
0.1114,0,0
0.1118,0,0
0.1122,0.00848824,0.00851029
0.1126,0,0
0.113,0,0
0.1134,0,0
0.1138,0,0
0.1142,0,0
0.1146,0,0
0.115,0,0
0.1154,0,0
0.1158,0,0
0.1162,0.00935019,0.00937701
0.1166,0,0
0.117,0.00924472,0.00927096
0.1174,0,0
0.1178,0.00938474,0.00941178
0.1182,0,0
0.1186,0,0
0.119,0,0
0.1194,0,0
0.1198,0,0
7
-0.1198,0.00540958,0.00541969
-0.1194,0,0
-0.119,0,0
-0.1186,0,0
-0.1182,0,0
-0.1178,0,0
-0.1174,0,0
-0.117,0,0
-0.1166,0,0
-0.1162,0,0
-0.1158,0,0
-0.1154,0,0
-0.115,0,0
-0.1146,0,0
-0.1142,0,0
-0.1138,0,0
-0.1134,0,0
-0.113,0,0
-0.1126,0,0
-0.1122,0,0
-0.1118,0,0
-0.1114,0.00603597,0.00604863
-0.111,0,0
-0.1106,0,0
-0.1102,0,0
-0.1098,0.00516155,0.00517082
-0.1094,0,0
-0.109,0,0
-0.1086,0,0
-0.1082,0.00556899,0.0055798
-0.1078,0,0
-0.1074,0.00509376,0.00510281
-0.107,0,0
-0.1066,0,0
-0.1062,0,0
-0.1058,0,0
-0.1054,0.00545798,0.00546838
-0.105,0,0
-0.1046,0,0
-0.1042,0,0
-0.1038,0,0
-0.1034,0,0
-0.103,0,0
-0.1026,0,0
-0.1022,0.00520645,0.00521595
-0.1018,0,0
-0.1014,0,0
-0.101,0,0
-0.1006,0,0
-0.1002,0,0
-0.0998,0,0
-0.0994,0,0
-0.099,0,0
-0.0986,0.00527447,0.00528425
-0.0982,0,0
-0.0978,0,0
-0.0974,0.00586551,0.00587762
-0.097,0,0
-0.0966,0,0
-0.0962,0,0
-0.0958,0,0
-0.0954,0,0
-0.095,0,0
-0.0946,0,0
-0.0942,0,0
-0.0938,0,0
-0.0934,0.0052384,0.0052481
-0.093,0,0
-0.0926,0,0
-0.0922,0,0
-0.0918,0,0
-0.0914,0,0
-0.091,0,0
-0.0906,0,0
-0.0902,0,0
-0.0898,0,0
-0.0894,0,0
-0.089,0,0
-0.0886,0,0
-0.0882,0,0
-0.0878,0,0
-0.0874,0,0
-0.087,0,0
-0.0866,0.00531953,0.00532956
-0.0862,0,0
-0.0858,0,0
-0.0854,0.0106114,0.00752867
-0.085,0,0
-0.0846,0,0
-0.0842,0.00537473,0.00538496
-0.0838,0,0
-0.0834,0,0
-0.083,0,0
-0.0826,0,0
-0.0822,0,0
-0.0818,0,0
-0.0814,0,0
-0.081,0,0
-0.0806,0,0
-0.0802,0,0
-0.0798,0.00572741,0.00573901
-0.0794,0,0
-0.079,0.00513547,0.00514479
-0.0786,0,0
-0.0782,0.0103472,0.00732999
-0.0778,0.0051747,0.00518416
-0.0774,0,0
-0.077,0.00511993,0.00512918
-0.0766,0,0
-0.0762,0,0
-0.0758,0,0
-0.0754,0.000404056,0.00142927
-0.075,0.00518329,0.00519276
-0.0746,0.00512494,0.00513419
-0.0742,0,0
-0.0738,0,0
-0.0734,0,0
-0.073,0,0
-0.0726,0,0
-0.0722,0,0
-0.0718,0,0
-0.0714,0.0051514,0.00516072
-0.071,0,0
-0.0706,0,0
-0.0702,0,0
-0.0698,0,0
-0.0694,0,0
-0.069,0,0
-0.0686,0,0
-0.0682,0.00539362,0.00540381
-0.0678,0,0
-0.0674,0.00854401,0.0063568
-0.067,0,0
-0.0666,0.00585039,0.00586236
-0.0662,0.00550897,0.00551957
-0.0658,0,0
-0.0654,0,0
-0.065,0.0103074,0.00730226
-0.0646,0,0
-0.0642,0.00477579,0.00478375
-0.0638,0,0
-0.0634,0.00575017,0.0057617
-0.063,0,0
-0.0626,0,0
-0.0622,0,0
-0.0618,0,0
-0.0614,0,0
-0.061,0,0
-0.0606,0,0
-0.0602,0.00550507,0.00551559
-0.0598,0,0
-0.0594,0,0
-0.059,0,0
-0.0586,0,0
-0.0582,0,0
-0.0578,0,0
-0.0574,0.00533144,0.00534128
-0.057,0,0
-0.0566,0,0
-0.0562,0,0
-0.0558,0.0110242,0.00781013
-0.0554,0.00546453,0.00547484
-0.055,0,0
-0.0546,0,0
-0.0542,0,0
-0.0538,0,0
-0.0534,0,0
-0.053,0,0
-0.0526,0,0
-0.0522,0.00567156,0.00568261
-0.0518,0.0112848,0.00799778
-0.0514,0,0
-0.051,0,0
-0.0506,0,0
-0.0502,0,0
-0.0498,0,0
-0.0494,0,0
-0.049,0,0
-0.0486,0,0
-0.0482,0,0
-0.0478,0,0
-0.0474,0,0
-0.047,0,0
-0.0466,0,0
-0.0462,0,0
-0.0458,0,0
-0.0454,0,0
-0.045,0,0
-0.0446,0.0057739,0.00578523
-0.0442,0,0
-0.0438,0.00289254,0.00411756
-0.0434,0.0056197,0.00563041
-0.043,0.00318194,0.00414043
-0.0426,0,0
-0.0422,0,0
-0.0418,0.00505416,0.00506281
-0.0414,0,0
-0.041,0,0
-0.0406,0,0
-0.0402,0.00565304,0.00566382
-0.0398,0,0
-0.0394,0.00529721,0.00530668
-0.039,0,0
-0.0386,0,0
-0.0382,0.00525276,0.00526205
-0.0378,0,0
-0.0374,0,0
-0.037,0.00526148,0.00527078
-0.0366,0,0
-0.0362,0,0
-0.0358,0,0
-0.0354,0,0
-0.035,0.00349615,0.00443412
-0.0346,0.00577224,0.00578338
-0.0342,0,0
-0.0338,0,0
-0.0334,0,0
-0.033,0,0
-0.0326,0,0
-0.0322,0.0056933,0.00570409
-0.0318,0,0
-0.0314,0,0
-0.031,0.00548757,0.00549757
-0.0306,0,0
-0.0302,0,0
-0.0298,0,0
-0.0294,0,0
-0.029,0.00545594,0.0054658
-0.0286,0.00546013,0.00546999
-0.0282,0.00309641,0.00429998
-0.0278,0.00581248,0.00582363
-0.0274,0,0
-0.027,0.0056156,0.005626
-0.0266,0,0
-0.0262,0,0
-0.0258,0,0
-0.0254,0,0
-0.025,0,0
-0.0246,0,0
-0.0242,0,0
-0.0238,0,0
-0.0234,0,0
-0.023,0.00583703,0.00584817
-0.0226,0,0
-0.0222,0,0
-0.0218,0,0
-0.0214,0,0
-0.021,0,0
-0.0206,0.00539141,0.00540087
-0.0202,0.00574874,0.00575949
-0.0198,0.00564248,0.00565282
-0.0194,0,0
-0.019,0,0
-0.0186,0.00533315,0.00534237
-0.0182,0,0
-0.0178,0.00600492,0.00601659
-0.0174,0,0
-0.017,0.0173896,0.0100592
-0.0166,0,0
-0.0162,0,0
-0.0158,0,0
-0.0154,0,0
-0.015,0.00567082,0.00568116
-0.0146,0.0057964,0.0058072
-0.0142,0.0059004,0.00591158
-0.0138,0,0
-0.0134,0.00191726,0.00340673
-0.013,0.0223917,0.0115143
-0.0126,0,0
-0.0122,0.00963504,0.00737586
-0.0118,0,0
-0.0114,0.00601627,0.00602784
-0.011,0.000200884,0.00107241
-0.0106,0.00554071,0.00555051
-0.0102,0.00143044,0.00287639
-0.0098,0,0
-0.0094,0.00577582,0.00578644
-0.009,0.00567376,0.005684
-0.0086,0,0
-0.0082,0.0114896,0.00815403
-0.0078,0,0
-0.0074,0.00558241,0.0055923
-0.007,0,0
-0.0066,0.00524438,0.0052531
-0.0062,0.0104848,0.00742617
-0.0058,0.0115728,0.00819824
-0.0054,0.0185625,0.0107381
-0.005,0.0106613,0.00755185
-0.0046,0.0121125,0.00858124
-0.0042,0.0058465,0.00585729
-0.0038,0.0294171,0.0131806
-0.0034,0.0279237,0.0125266
-0.003,0.0600422,0.0185035
-0.0026,0.0472912,0.0167522
-0.0022,0.0660938,0.0195327
-0.0018,0.14834,0.0302538
-0.0014,0.180722,0.0323723
-0.001,0.300608,0.0426952
-0.0006,0.460958,0.0535603
-0.0002,0.482259,0.0545322
0.0002,0.423929,0.0491811
0.0006,0.486295,0.0526338
0.001,0.38664,0.0475978
0.0014,0.318771,0.04279
0.0018,0.201354,0.0337282
0.0022,0.116552,0.0261973
0.0026,0.119937,0.0255768
0.003,0.0585195,0.0176429
0.0034,0.0366621,0.0144396
0.0038,0.0176284,0.00965759
0.0042,0.0376253,0.0141748
0.0046,0.0184592,0.0106812
0.005,0.0287869,0.0129096
0.0054,0.0118779,0.00841449
0.0058,0.0305281,0.0133512
0.0062,0.0116631,0.00826205
0.0066,0,0
0.007,0.0284135,0.0127336
0.0074,0.00188471,0.00328491
0.0078,0.00642633,0.00643914
0.0082,0,0
0.0086,0.00578254,0.00579291
0.009,0.0224726,0.0112609
0.0094,0,0
0.0098,0.00616167,0.00617343
0.0102,0.0127322,0.00902079
0.0106,0,0
0.011,0,0
0.0114,0,0
0.0118,0.00573077,0.00574093
0.0122,0.00299172,0.0043099
0.0126,0,0
0.013,0.0125358,0.00888133
0.0134,0,0
0.0138,0.0190229,0.0110072
0.0142,0,0
0.0146,0,0
0.015,0.00625717,0.00626927
0.0154,0,0
0.0158,0.000482868,0.00175447
0.0162,0.00634981,0.00636227
0.0166,0,0
0.017,0,0
0.0174,0.00624018,0.00625222
0.0178,0.005622,0.00563178
0.0182,0,0
0.0186,0.00604885,0.00606017
0.019,0,0
0.0194,0,0
0.0198,0.0173495,0.0100388
0.0202,0,0
0.0206,0.00572345,0.0057336
0.021,0.00536703,0.00537596
0.0214,0,0
0.0218,0,0
0.0222,0,0
0.0226,0.00594248,0.00595344
0.023,0,0
0.0234,0,0
0.0238,0.00580726,0.00581773
0.0242,0,0
0.0246,0.00579097,0.00580139
0.025,0,0
0.0254,0.00589495,0.00590575
0.0258,0,0
0.0262,0.00619141,0.00620333
0.0266,0,0
0.027,0.00602282,0.00603411
0.0274,0,0
0.0278,0.00569403,0.00570413
0.0282,0,0
0.0286,0,0
0.029,0,0
0.0294,0,0
0.0298,0.0117004,0.00828857
0.0302,0.00582476,0.00583535
0.0306,0.00553416,0.00554373
0.031,0.00562893,0.00563883
0.0314,0,0
0.0318,0,0
0.0322,0,0
0.0326,0,0
0.033,0,0
0.0334,0.00615202,0.00616387
0.0338,0,0
0.0342,0.00574253,0.00575285
0.0346,0.00554485,0.00555449
0.035,0.00598109,0.0059923
0.0354,0,0
0.0358,0,0
0.0362,0,0
0.0366,0,0
0.037,0,0
0.0374,0.00482773,0.00483505
0.0378,0,0
0.0382,0,0
0.0386,0,0
0.039,0,0
0.0394,0,0
0.0398,0,0
0.0402,0,0
0.0406,0.0017256,0.00309353
0.041,0.00564938,0.00565944
0.0414,0,0
0.0418,0,0
0.0422,0,0
0.0426,0,0
0.043,0,0
0.0434,0,0
0.0438,0,0
0.0442,0,0
0.0446,0,0
0.045,0,0
0.0454,0,0
0.0458,0,0
0.0462,0,0
0.0466,0,0
0.047,0,0
0.0474,0,0
0.0478,0,0
0.0482,0.0055748,0.00558467
0.0486,0.00748618,0.00640414
0.049,0,0
0.0494,0,0
0.0498,0,0
0.0502,0,0
0.0506,0,0
0.051,0,0
0.0514,0,0
0.0518,0,0
0.0522,0,0
0.0526,0,0
0.053,0,0
0.0534,0.00535179,0.00536095
0.0538,0,0
0.0542,0,0
0.0546,0,0
0.055,0,0
0.0554,0,0
0.0558,0,0
0.0562,0,0
0.0566,0.0058848,0.00589592
0.057,0,0
0.0574,0,0
0.0578,0,0
0.0582,0,0
0.0586,0,0
0.059,0,0
0.0594,0,0
0.0598,0,0
0.0602,0,0
0.0606,0,0
0.061,0.00535082,0.00536006
0.0614,0,0
0.0618,0,0
0.0622,0,0
0.0626,0,0
0.063,0,0
0.0634,0.0059213,0.00593266
0.0638,0,0
0.0642,0,0
0.0646,0,0
0.065,0,0
0.0654,0,0
0.0658,0,0
0.0662,0.00524845,0.00525741
0.0666,0,0
0.067,0,0
0.0674,0,0
0.0678,0,0
0.0682,0,0
0.0686,0.00532909,0.00533836
0.069,0,0
0.0694,0,0
0.0698,0,0
0.0702,0,0
0.0706,0,0
0.071,0,0
0.0714,0,0
0.0718,0,0
0.0722,0,0
0.0726,0,0
0.073,0,0
0.0734,0,0
0.0738,0,0
0.0742,0.00333942,0.00426786
0.0746,0.00543293,0.00544262
0.075,0,0
0.0754,0,0
0.0758,0.00553347,0.00554354
0.0762,0,0
0.0766,0,0
0.077,0.00552914,0.00554013
0.0774,0,0
0.0778,0,0
0.0782,0.00525735,0.00526646
0.0786,0,0
0.079,0,0
0.0794,0,0
0.0798,0,0
0.0802,0,0
0.0806,0,0
0.081,0,0
0.0814,0,0
0.0818,0,0
0.0822,0.00550842,0.00551845
0.0826,0,0
0.083,0.00465351,0.00516972
0.0834,0,0
0.0838,0.0056497,0.00566026
0.0842,0,0
0.0846,0,0
0.085,0,0
0.0854,0,0
0.0858,0,0
0.0862,0,0
0.0866,0,0
0.087,0,0
0.0874,0,0
0.0878,0,0
0.0882,0,0
0.0886,0,0
0.089,0,0
0.0894,0,0
0.0898,0,0
0.0902,0,0
0.0906,0,0
0.091,0,0
0.0914,0.0104864,0.00742795
0.0918,0,0
0.0922,0.00579221,0.00580334
0.0926,0,0
0.093,0,0
0.0934,0.004746,0.00520751
0.0938,0,0
0.0942,0,0
0.0946,0,0
0.095,0.0109737,0.00777375
0.0954,0,0
0.0958,0.00528906,0.00547438
0.0962,0.00498859,0.00536734
0.0966,0.00583659,0.00584791
0.097,0.00600967,0.00602167
0.0974,0,0
0.0978,0,0
0.0982,0,0
0.0986,0,0
0.099,0,0
0.0994,0,0
0.0998,0,0
0.1002,0,0
0.1006,0.00626757,0.00628062
0.101,0.00595686,0.00596865
0.1014,0,0
0.1018,0,0
0.1022,0,0
0.1026,0,0
0.103,0,0
0.1034,0,0
0.1038,0,0
0.1042,0.00697413,0.00699028
0.1046,0,0
0.105,0,0
0.1054,0,0
0.1058,0,0
0.1062,0.00665496,0.00666965
0.1066,0,0
0.107,0.00724949,0.00726691
0.1074,0,0
0.1078,0,0
0.1082,0.00596918,0.0060315
0.1086,0,0
0.109,0,0
0.1094,0,0
0.1098,0,0
0.1102,0,0
0.1106,0,0
0.111,0,0
0.1114,0.00789448,0.00791506
0.1118,0,0
0.1122,0,0
0.1126,0,0
0.113,0,0
0.1134,0,0
0.1138,0,0
0.1142,0,0
0.1146,0,0
0.115,0,0
0.1154,0,0
0.1158,0.00875005,0.00877515
0.1162,0,0
0.1166,0,0
0.117,0,0
0.1174,0,0
0.1178,0,0
0.1182,0,0
0.1186,0,0
0.119,0,0
0.1194,0.00900609,0.00903251
0.1198,0,0
8
-0.1198,0.00391451,0.00392183
-0.1194,0,0
-0.119,0,0
-0.1186,0,0
-0.1182,0.00760132,0.00538469
-0.1178,0.00364382,0.00365015
-0.1174,0.00390211,0.00390936
-0.117,0,0
-0.1166,0,0
-0.1162,0.00419145,0.00419981
-0.1158,0.00427159,0.00428026
-0.1154,0.0040839,0.00409182
-0.115,0.00394602,0.00395341
-0.1146,0,0
-0.1142,0,0
-0.1138,0,0
-0.1134,0.00397087,0.00397834
-0.113,0,0
-0.1126,0,0
-0.1122,0,0
-0.1118,0,0
-0.1114,0,0
-0.111,0,0
-0.1106,0,0
-0.1102,0,0
-0.1098,0,0
-0.1094,0.00406952,0.00407733
-0.109,0,0
-0.1086,0,0
-0.1082,0.00406323,0.004071
-0.1078,0,0
-0.1074,0.00377421,0.00378091
-0.107,0,0
-0.1066,0,0
-0.1062,0.00435754,0.00436645
-0.1058,0,0
-0.1054,0,0
-0.105,0,0
-0.1046,0,0
-0.1042,0.00402008,0.00402765
-0.1038,0,0
-0.1034,0,0
-0.103,0,0
-0.1026,0.0087298,0.0061855
-0.1022,0,0
-0.1018,0,0
-0.1014,0,0
-0.101,0,0
-0.1006,0.00384437,0.00385126
-0.1002,0.00400391,0.00401137
-0.0998,0,0
-0.0994,0,0
-0.099,0,0
-0.0986,0.00398976,0.00399715
-0.0982,0,0
-0.0978,0,0
-0.0974,0,0
-0.097,0.00441619,0.00442523
-0.0966,0.0042558,0.00426419
-0.0962,0,0
-0.0958,0.00527578,0.00488255
-0.0954,0,0
-0.095,0,0
-0.0946,0,0
-0.0942,0,0
-0.0938,0,0
-0.0934,0,0
-0.093,0,0
-0.0926,0,0
-0.0922,0,0
-0.0918,1.40466e-05,0.000242932
-0.0914,0,0
-0.091,0.00381361,0.0038203
-0.0906,0,0
-0.0902,0,0
-0.0898,0,0
-0.0894,0,0
-0.089,0,0
-0.0886,0.0038848,0.00389172
-0.0882,0.0043277,0.00433629
-0.0878,0,0
-0.0874,0,0
-0.087,0,0
-0.0866,0,0
-0.0862,0,0
-0.0858,0,0
-0.0854,0.00388987,0.00389678
-0.085,0,0
-0.0846,0,0
-0.0842,0.00290656,0.00345607
-0.0838,0.00416071,0.0041686
-0.0834,0,0
-0.083,0,0
-0.0826,0,0
-0.0822,0,0
-0.0818,0,0
-0.0814,0,0
-0.081,0,0
-0.0806,0.00415803,0.00416588
-0.0802,0.00424475,0.00425293
-0.0798,0,0
-0.0794,0,0
-0.079,0,0
-0.0786,0,0
-0.0782,0,0
-0.0778,0,0
-0.0774,0,0
-0.077,0,0
-0.0766,0,0
-0.0762,0,0
-0.0758,0,0
-0.0754,0.0036151,0.00377611
-0.075,0,0
-0.0746,0.00399852,0.00400574
-0.0742,0,0
-0.0738,0.00449502,0.00450413
-0.0734,0,0
-0.073,0.00381487,0.00382144
-0.0726,0,0
-0.0722,0,0
-0.0718,0,0
-0.0714,0.00401766,0.00402493
-0.071,0,0
-0.0706,0,0
-0.0702,0,0
-0.0698,0,0
-0.0694,0,0
-0.069,0,0
-0.0686,0,0
-0.0682,0.00443446,0.0044433
-0.0678,0,0
-0.0674,0.000688304,0.00159223
-0.067,0,0
-0.0666,0,0
-0.0662,0,0
-0.0658,0,0
-0.0654,0,0
-0.065,0.00395484,0.00396186
-0.0646,0.00371198,0.00371817
-0.0642,0,0
-0.0638,0.00408793,0.00409543
-0.0634,0,0
-0.063,0.00411096,0.00411854
-0.0626,0.00407803,0.00408549
-0.0622,0,0
-0.0618,0.00429192,0.00437074
-0.0614,0,0
-0.061,0.00410333,0.00411087
-0.0606,0,0
-0.0602,0,0
-0.0598,0,0
-0.0594,0.0042951,0.00430337
-0.059,0,0
-0.0586,0,0
-0.0582,0.00455339,0.00456267
-0.0578,0,0
-0.0574,0,0
-0.057,0,0
-0.0566,0.00414373,0.00415141
-0.0562,0,0
-0.0558,0,0
-0.0554,0,0
-0.055,0,0
-0.0546,0,0
-0.0542,0.00434793,0.00430064
-0.0538,0,0
-0.0534,0,0
-0.053,0.00391681,0.00392368
-0.0526,0,0
-0.0522,0,0
-0.0518,0,0
-0.0514,0,0
-0.051,0.00381966,0.00382619
-0.0506,0,0
-0.0502,0.00400519,0.00401237
-0.0498,0,0
-0.0494,0,0
-0.049,0,0
-0.0486,0,0
-0.0482,0.00851344,0.00603139
-0.0478,0,0
-0.0474,0.00412963,0.00413726
-0.047,0,0
-0.0466,0,0
-0.0462,0.00885485,0.00627374
-0.0458,0.00419544,0.00420332
-0.0454,0.00425998,0.0042681
-0.045,0,0
-0.0446,0.00449484,0.00450388
-0.0442,0,0
-0.0438,0.00223552,0.00315344
-0.0434,0.00426241,0.00427054
-0.043,0.00165737,0.00260182
-0.0426,0,0
-0.0422,0,0
-0.0418,0,0
-0.0414,0,0
-0.041,0,0
-0.0406,0.00415136,0.00415907
-0.0402,0.00426882,0.00427697
-0.0398,0,0
-0.0394,0.00399567,0.00400281
-0.039,0,0
-0.0386,0,0
-0.0382,0,0
-0.0378,0.00312569,0.00358916
-0.0374,0,0
-0.037,0,0
-0.0366,0,0
-0.0362,0.0078742,0.0055777
-0.0358,0.00793288,0.00564994
-0.0354,0.00405015,0.00405747
-0.035,0.00157883,0.00257965
-0.0346,0.00432344,0.00433178
-0.0342,0,0
-0.0338,0.00391719,0.00392403
-0.0334,0,0
-0.033,0,0
-0.0326,0.00427434,0.00428249
-0.0322,0.00424801,0.00425606
-0.0318,0,0
-0.0314,0,0
-0.031,0.00448511,0.00449408
-0.0306,0.00415844,0.00416615
-0.0302,0,0
-0.0298,0.0043892,0.00439779
-0.0294,0.00433456,0.00434294
-0.029,0.00397255,0.00397958
-0.0286,0.004554,0.00456324
-0.0282,0.00642053,0.00528922
-0.0278,0.00430671,0.00431497
-0.0274,0,0
-0.027,0.00463546,0.00464503
-0.0266,0.00421383,0.00422174
-0.0262,0,0
-0.0258,0,0
-0.0254,0,0
-0.025,0,0
-0.0246,0,0
-0.0242,0,0
-0.0238,0,0
-0.0234,0,0
-0.023,0.00428978,0.00429796
-0.0226,0.00418327,0.00419106
-0.0222,0,0
-0.0218,0.00438299,0.00439153
-0.0214,0.00148589,0.00242258
-0.021,0,0
-0.0206,0.00394553,0.00395245
-0.0202,0,0
-0.0198,0,0
-0.0194,0,0
-0.019,0.00426946,0.00427756
-0.0186,0,0
-0.0182,0.00414775,0.0041554
-0.0178,0,0
-0.0174,0,0
-0.017,0.00848637,0.00601209
-0.0166,0.00414128,0.00414889
-0.0162,0.00798009,0.0056569
-0.0158,0.00420297,0.00421082
-0.0154,0,0
-0.015,0,0
-0.0146,0,0
-0.0142,0.00381079,0.00381723
-0.0138,0.00400247,0.00400957
-0.0134,0.00697594,0.00539347
-0.013,0.00498123,0.00455287
-0.0126,0.008471,0.00600247
-0.0122,0.00116708,0.00218075
-0.0118,0.00425225,0.00426026
-0.0114,0.00867557,0.00614635
-0.011,0.0124639,0.00713392
-0.0106,0.00814002,0.00576733
-0.0102,0.0160817,0.00832811
-0.0098,0,0
-0.0094,0.00748394,0.00558699
-0.009,0.00847478,0.00589138
-0.0086,0.0038793,0.00388595
-0.0082,0.00430542,0.00431361
-0.0078,0,0
-0.0074,0.00772973,0.00547508
-0.007,0.00792528,0.00561551
-0.0066,0.00752821,0.0053321
-0.0062,0.0150446,0.00753483
-0.0058,0.0124498,0.00720106
-0.0054,0.0160206,0.00804008
-0.005,0.0267007,0.0101096
-0.0046,0.0254732,0.0104316
-0.0042,0.0378298,0.0126336
-0.0038,0.0196297,0.00911169
-0.0034,0.0371032,0.0120136
-0.003,0.0363743,0.0125805
-0.0026,0.0866887,0.0191858
-0.0022,0.165891,0.0260434
-0.0018,0.186384,0.0283944
-0.0014,0.235071,0.0312105
-0.001,0.424493,0.0427768
-0.0006,0.569123,0.0502738
-0.0002,0.59002,0.0509259
0.0002,0.528921,0.0464675
0.0006,0.430462,0.0417273
0.001,0.355334,0.0385069
0.0014,0.233753,0.0309047
0.0018,0.261211,0.0324086
0.0022,0.189392,0.0281762
0.0026,0.12206,0.0223091
0.003,0.0679536,0.0160628
0.0034,0.0477865,0.0138519
0.0038,0.0137116,0.00718227
0.0042,0.0350491,0.0117844
0.0046,0.0230942,0.0100422
0.005,0.0119951,0.00693756
0.0054,0.00421624,0.00422403
0.0058,0.0113669,0.0068636
0.0062,0.0208106,0.00932444
0.0066,0.00841617,0.00596257
0.007,0.0280444,0.0106215
0.0074,0.00270912,0.00331645
0.0078,0.0339767,0.0122741
0.0082,0.00395817,0.00396502
0.0086,0,0
0.009,0,0
0.0094,0.00413107,0.00413853
0.0098,0.004194,0.00420169
0.0102,0.0132434,0.00766176
0.0106,0.00896488,0.00632483
0.011,0,0
0.0114,0.0125228,0.00724467
0.0118,0.012179,0.00704403
0.0122,0.0110349,0.0069698
0.0126,0.00883151,0.00625696
0.013,0,0
0.0134,0,0
0.0138,0.0132692,0.00767575
0.0142,0,0
0.0146,0.00925684,0.00655879
0.015,0.0047384,0.00459311
0.0154,0.00443606,0.00444464
0.0158,0.000767119,0.00177883
0.0162,0.00450335,0.00451218
0.0166,0.00480401,0.00481406
0.017,0.00431093,0.00431902
0.0174,0,0
0.0178,0.00394545,0.00395223
0.0182,0.00874011,0.00619195
0.0186,0,0
0.019,0.00240229,0.00317645
0.0194,0,0
0.0198,0,0
0.0202,0.00820123,0.0058095
0.0206,0.00382456,0.00383092
0.021,0,0
0.0214,0.0172212,0.00862686
0.0218,0,0
0.0222,0,0
0.0226,0.00424402,0.00425184
0.023,0.00857951,0.00607797
0.0234,0.00424447,0.00425229
0.0238,0,0
0.0242,0,0
0.0246,0.00438222,0.00439055
0.025,0.00422352,0.00423125
0.0254,0.00856859,0.00607077
0.0258,0.0039508,0.00395757
0.0262,0.0128343,0.00743452
0.0266,0,0
0.027,0.004325,0.00433311
0.0274,0,0
0.0278,0.00426865,0.00427654
0.0282,0.00409392,0.00410118
0.0286,0.00429055,0.00429852
0.029,0,0
0.0294,0,0
0.0298,0.00441065,0.00441906
0.0302,0,0
0.0306,0,0
0.031,0,0
0.0314,0.0120145,0.00695061
0.0318,0,0
0.0322,0,0
0.0326,0,0
0.033,0,0
0.0334,0,0
0.0338,0,0
0.0342,0.00402271,0.0040297
0.0346,0.00402347,0.00403045
0.035,0.0043426,0.00435073
0.0354,0,0
0.0358,0,0
0.0362,0,0
0.0366,0.00406686,0.004074
0.037,0.00367852,0.00368435
0.0374,0,0
0.0378,0,0
0.0382,0,0
0.0386,0,0
0.039,0,0
0.0394,0,0
0.0398,0,0
0.0402,0,0
0.0406,0.00404608,0.00405313
0.041,0,0
0.0414,0.00413922,0.00414659
0.0418,0,0
0.0422,0,0
0.0426,0.00437641,0.00438464
0.043,0,0
0.0434,0,0
0.0438,0.00403087,0.00403785
0.0442,0,0
0.0446,0,0
0.045,0,0
0.0454,0.0113376,0.00655639
0.0458,0.00398752,0.00399435
0.0462,0,0
0.0466,0,0
0.047,0,0
0.0474,0,0
0.0478,0,0
0.0482,0.00413123,0.00413855
0.0486,0,0
0.049,0,0
0.0494,0.00402547,0.00403241
0.0498,0.00458978,0.0045988
0.0502,0,0
0.0506,0,0
0.051,0,0
0.0514,0,0
0.0518,0,0
0.0522,0,0
0.0526,0.00418243,0.0041899
0.053,0.00414783,0.00415518
0.0534,0,0
0.0538,0,0
0.0542,0,0
0.0546,0,0
0.055,0,0
0.0554,0.00445554,0.00446399
0.0558,0,0
0.0562,0.0046677,0.00467697
0.0566,0,0
0.057,0,0
0.0574,0.00393435,0.00394093
0.0578,0,0
0.0582,0,0
0.0586,0,0
0.059,0,0
0.0594,0,0
0.0598,0,0
0.0602,0,0
0.0606,0,0
0.061,0.0040813,0.00408835
0.0614,0,0
0.0618,0,0
0.0622,0,0
0.0626,0,0
0.063,0,0
0.0634,0,0
0.0638,0.00281696,0.00341511
0.0642,0,0
0.0646,0,0
0.065,0.00399475,0.00400147
0.0654,0,0
0.0658,0,0
0.0662,0,0
0.0666,0,0
0.067,0,0
0.0674,0.00458518,0.004594
0.0678,0.00458802,0.00459685
0.0682,0,0
0.0686,0,0
0.069,0,0
0.0694,0,0
0.0698,0,0
0.0702,0.00461801,0.00462691
0.0706,0.00461368,0.00462256
0.071,0.00310041,0.00365646
0.0714,0.00416672,0.00417396
0.0718,0,0
0.0722,0,0
0.0726,0,0
0.073,0,0
0.0734,0,0
0.0738,0,0
0.0742,0,0
0.0746,0,0
0.075,0,0
0.0754,0,0
0.0758,0,0
0.0762,0,0
0.0766,0,0
0.077,1.46275e-06,8.03486e-05
0.0774,0.00403809,0.00404483
0.0778,0,0
0.0782,0,0
0.0786,0.00886272,0.00627837
0.079,0,0
0.0794,0,0
0.0798,0,0
0.0802,0.00867571,0.00614563
0.0806,0.00410169,0.00410862
0.081,0,0
0.0814,0,0
0.0818,0.00423965,0.00424705
0.0822,0,0
0.0826,0,0
0.083,0.000858778,0.00199144
0.0834,0,0
0.0838,0,0
0.0842,0.00446853,0.00447672
0.0846,0,0
0.085,0,0
0.0854,0.0043812,0.00438906
0.0858,0,0
0.0862,0.00463703,0.00464583
0.0866,0.00406183,0.00406858
0.087,0,0
0.0874,0.00454078,0.00454921
0.0878,0,0
0.0882,0,0
0.0886,0,0
0.089,0,0
0.0894,0,0
0.0898,0,0
0.0902,0,0
0.0906,0,0
0.091,0,0
0.0914,0,0
0.0918,0,0
0.0922,0,0
0.0926,0,0
0.093,0,0
0.0934,0.00465117,0.00465995
0.0938,0.00439401,0.00440185
0.0942,0.00878335,0.00622184
0.0946,0,0
0.095,0,0
0.0954,0,0
0.0958,0,0
0.0962,0.000626519,0.00172221
0.0966,0.00478672,0.004796
0.097,0,0
0.0974,0,0
0.0978,0,0
0.0982,0,0
0.0986,0,0
0.099,0,0
0.0994,0,0
0.0998,0,0
0.1002,0,0
0.1006,0,0
0.101,0,0
0.1014,0.00455991,0.00456831
0.1018,0,0
0.1022,0,0
0.1026,0,0
0.103,0,0
0.1034,0,0
0.1038,0,0
0.1042,0,0
0.1046,0,0
0.105,0.00480943,0.00481875
0.1054,0,0
0.1058,0,0
0.1062,0,0
0.1066,0,0
0.107,0,0
0.1074,0,0
0.1078,0,0
0.1082,0.00499001,0.00500004
0.1086,0.0056231,0.00563583
0.109,0,0
0.1094,0,0
0.1098,0.00619221,0.00620765
0.1102,0,0
0.1106,0,0
0.111,0,0
0.1114,0,0
0.1118,0.00597439,0.00598876
0.1122,0.00597424,0.00598861
0.1126,0,0
0.113,0,0
0.1134,0,0
0.1138,0,0
0.1142,0,0
0.1146,0,0
0.115,0,0
0.1154,0,0
0.1158,0.0061493,0.00616453
0.1162,0,0
0.1166,0,0
0.117,0,0
0.1174,0,0
0.1178,0,0
0.1182,0,0
0.1186,0.00711343,0.00713382
0.119,0,0
0.1194,0,0
0.1198,0,0
9
-0.1198,0,0
-0.1194,0,0
-0.119,0.00391244,0.00391995
-0.1186,0,0
-0.1182,0,0
-0.1178,0,0
-0.1174,0,0
-0.117,0,0
-0.1166,0,0
-0.1162,0,0
-0.1158,0,0
-0.1154,0,0
-0.115,0,0
-0.1146,0,0
-0.1142,0,0
-0.1138,0,0
-0.1134,0.00380442,0.00381159
-0.113,0,0
-0.1126,0,0
-0.1122,0,0
-0.1118,0.00365667,0.0036633
-0.1114,0,0
-0.111,0,0
-0.1106,0,0
-0.1102,0,0
-0.1098,0,0
-0.1094,0,0
-0.109,0,0
-0.1086,0,0
-0.1082,0.00383653,0.00384387
-0.1078,0,0
-0.1074,0,0
-0.107,0,0
-0.1066,0,0
-0.1062,0,0
-0.1058,0.00360863,0.00361514
-0.1054,0,0
-0.105,0,0
-0.1046,0,0
-0.1042,0,0
-0.1038,0,0
-0.1034,0,0
-0.103,0,0
-0.1026,0,0
-0.1022,0,0
-0.1018,0,0
-0.1014,0.0038461,0.00385355
-0.101,0,0
-0.1006,0,0
-0.1002,0,0
-0.0998,0,0
-0.0994,0,0
-0.099,0,0
-0.0986,0,0
-0.0982,0,0
-0.0978,0,0
-0.0974,0,0
-0.097,0,0
-0.0966,0,0
-0.0962,0.00413455,0.00414323
-0.0958,0.00338799,0.003732
-0.0954,0.00354627,0.00355267
-0.095,0.00395118,0.00395912
-0.0946,0,0
-0.0942,0,0
-0.0938,0,0
-0.0934,0,0
-0.093,0,0
-0.0926,0,0
-0.0922,0,0
-0.0918,0.00752416,0.00533511
-0.0914,0,0
-0.091,0,0
-0.0906,0,0
-0.0902,0,0
-0.0898,0,0
-0.0894,0,0
-0.089,0.00683861,0.00484412
-0.0886,0,0
-0.0882,0,0
-0.0878,0,0
-0.0874,0,0
-0.087,0,0
-0.0866,0.00732827,0.00519164
-0.0862,0,0
-0.0858,0.00384786,0.00385548
-0.0854,0,0
-0.085,0,0
-0.0846,0,0
-0.0842,0.00105026,0.00195367
-0.0838,0,0
-0.0834,0,0
-0.083,0,0
-0.0826,0,0
-0.0822,0.00354962,0.00355613
-0.0818,0,0
-0.0814,0,0
-0.081,0.00364906,0.00365595
-0.0806,0,0
-0.0802,0,0
-0.0798,0.00390587,0.00391377
-0.0794,0,0
-0.079,0,0
-0.0786,0.00350739,0.00351377
-0.0782,0,0
-0.0778,0,0
-0.0774,0,0
-0.077,0,0
-0.0766,0,0
-0.0762,0.00375568,0.00376301
-0.0758,0,0
-0.0754,0,0
-0.075,0,0
-0.0746,0.00346615,0.0034724
-0.0742,0,0
-0.0738,0.00389133,0.00389922
-0.0734,0.00388983,0.00389771
-0.073,0,0
-0.0726,0,0
-0.0722,0.0068842,0.00487662
-0.0718,0,0
-0.0714,0,0
-0.071,0,0
-0.0706,0.00736638,0.00521884
-0.0702,0,0
-0.0698,0,0
-0.0694,0.00694186,0.00491764
-0.069,0,0
-0.0686,0.00335043,0.00335631
-0.0682,0,0
-0.0678,0,0
-0.0674,0.0031469,0.00315209
-0.067,0,0
-0.0666,0,0
-0.0662,0.0038982,0.00390617
-0.0658,0,0
-0.0654,0.00730154,0.00517287
-0.065,0,0
-0.0646,0,0
-0.0642,0,0
-0.0638,0.00348824,0.00349463
-0.0634,0.00381024,0.00381787
-0.063,0.00350468,0.00351113
-0.0626,0,0
-0.0622,0,0
-0.0618,0.000120407,0.000675453
-0.0614,0,0
-0.061,0,0
-0.0606,0,0
-0.0602,0,0
-0.0598,0,0
-0.0594,0,0
-0.059,0,0
-0.0586,0.00390963,0.00391769
-0.0582,0,0
-0.0578,0.00327101,0.00327666
-0.0574,0,0
-0.057,0,0
-0.0566,0.00351042,0.00351693
-0.0562,0,0
-0.0558,0.00360014,0.00360699
-0.0554,0.00344007,0.00344633
-0.055,0,0
-0.0546,0,0
-0.0542,0.00349038,0.00354335
-0.0538,0.00354964,0.0035563
-0.0534,0,0
-0.053,0,0
-0.0526,0,0
-0.0522,0,0
-0.0518,0,0
-0.0514,0,0
-0.051,0.00322367,0.00322918
-0.0506,0.00339094,0.00339704
-0.0502,0,0
-0.0498,0,0
-0.0494,0,0
-0.049,0,0
-0.0486,0.00333119,0.00333708
-0.0482,0,0
-0.0478,0,0
-0.0474,0,0
-0.047,0,0
-0.0466,0,0
-0.0462,0.00372243,0.0037298
-0.0458,0.00352601,0.00353263
-0.0454,0.00352481,0.00353143
-0.045,0.00697912,0.00494416
-0.0446,0,0
-0.0442,0,0
-0.0438,0.00776909,0.00550496
-0.0434,0.00357281,0.00357962
-0.043,0.00708665,0.00502412
-0.0426,0.00367589,0.0036831
-0.0422,0,0
-0.0418,0,0
-0.0414,0,0
-0.041,0.00705005,0.00499517
-0.0406,0.00346764,0.00347407
-0.0402,0,0
-0.0398,0,0
-0.0394,0.00333266,0.00333861
-0.039,0.00338705,0.0033932
-0.0386,0.00329522,0.00330104
-0.0382,0.00658765,0.00466641
-0.0378,0.000816146,0.00167317
-0.0374,0.00352219,0.00352884
-0.037,0.00328829,0.0032941
-0.0366,0.00337307,0.00337919
-0.0362,0.00371425,0.00372166
-0.0358,0.00378436,0.00375213
-0.0354,0.0033602,0.00336627
-0.035,0,0
-0.0346,0.00358309,0.00359
-0.0342,0,0
-0.0338,0,0
-0.0334,0,0
-0.033,0,0
-0.0326,0.00704316,0.00498976
-0.0322,0.00350932,0.00351596
-0.0318,0.00357478,0.00358168
-0.0314,0,0
-0.031,0,0
-0.0306,0.00685477,0.00485604
-0.0302,0.00348227,0.00348883
-0.0298,0.00361333,0.0036204
-0.0294,0,0
-0.029,0,0
-0.0286,0,0
-0.0282,0.00362259,0.00362971
-0.0278,0.00341548,0.00342181
-0.0274,0.0034138,0.00342012
-0.027,0,0
-0.0266,0.00690656,0.00489284
-0.0262,0.0032723,0.00327812
-0.0258,0.00678648,0.00481078
-0.0254,0,0
-0.025,0.00639963,0.00453311
-0.0246,0.00323297,0.00323866
-0.0242,0.00703679,0.00498531
-0.0238,0.00335748,0.00336363
-0.0234,0.00346824,0.0034748
-0.023,0.00349706,0.00350373
-0.0226,0.00340821,0.00341455
-0.0222,0,0
-0.0218,0.00348609,0.00349273
-0.0214,0.0051932,0.00408418
-0.021,0.0032382,0.00324394
-0.0206,0.00320459,0.00321021
-0.0202,0.00341228,0.00341865
-0.0198,0,0
-0.0194,0.00338851,0.0033948
-0.019,0.00691804,0.00490108
-0.0186,0.00313626,0.00314166
-0.0182,0.00335629,0.00336247
-0.0178,0,0
-0.0174,0.00675612,0.00478617
-0.017,0,0
-0.0166,0.0033424,0.00334854
-0.0162,0.00334069,0.00334683
-0.0158,0.00338796,0.00339428
-0.0154,0.00330867,0.0033147
-0.015,0.00337751,0.0033838
-0.0146,0.0061292,0.00434133
-0.0142,0.00306289,0.00306807
-0.0138,0.00665218,0.00471245
-0.0134,0,0
-0.013,0.00332504,0.00333115
-0.0126,0,0
-0.0122,0.00325117,0.00325701
-0.0118,0.00340238,0.00340879
-0.0114,0.00346776,0.00347443
-0.011,0.0124331,0.00630633
-0.0106,0.00993298,0.00574535
-0.0102,0.00332229,0.00332841
-0.0098,0.00368947,0.00369702
-0.0094,0.0072146,0.00487421
-0.009,0.00974157,0.00570914
-0.0086,0.00924859,0.00534885
-0.0082,0,0
-0.0078,0.0197887,0.00809883
-0.0074,0.0310919,0.00985087
-0.007,0.0125522,0.006289
-0.0066,0.0151257,0.00677914
-0.0062,0.021121,0.00800156
-0.0058,0.0306295,0.0102349
-0.0054,0.0166,0.00745429
-0.005,0.014899,0.00667416
-0.0046,0.0136771,0.00685165
-0.0042,0.00994932,0.00575496
-0.0038,0.0242869,0.00898054
-0.0034,0.023322,0.00858944
-0.003,0.0332653,0.0105512
-0.0026,0.0881369,0.0171533
-0.0022,0.0578961,0.0138417
-0.0018,0.13506,0.0215565
-0.0014,0.180461,0.0242112
-0.001,0.232082,0.0279364
-0.0006,0.335295,0.0341318
-0.0002,0.346404,0.0344599
0.0002,0.339531,0.0328809
0.0006,0.274644,0.0294617
0.001,0.227903,0.0272396
0.0014,0.158144,0.0224398
0.0018,0.115794,0.0190736
0.0022,0.0808107,0.0162693
0.0026,0.0353763,0.0103925
0.003,0.029535,0.00935573
0.0034,0.0397322,0.0112458
0.0038,0.0262498,0.00876467
0.0042,0.0274667,0.00919104
0.0046,0.0327808,0.0105559
0.005,0.0224087,0.00849544
0.0054,0.016343,0.00732234
0.0058,0.0191915,0.00784914
0.0062,0.019413,0.00794063
0.0066,0.0196205,0.00802544
0.007,0.0308467,0.00977393
0.0074,0.016029,0.00719017
0.0078,0.0115449,0.00638733
0.0082,0.00635989,0.00450868
0.0086,0.0160926,0.00721167
0.009,0,0
0.0094,0,0
0.0098,0.00646076,0.00457682
0.0102,0.00672309,0.00476302
0.0106,0.00336208,0.00339739
0.011,0.0102443,0.00592606
0.0114,0.0066639,0.00472237
0.0118,0.00311794,0.00312347
0.0122,0.0100903,0.00583679
0.0126,0,0
0.013,0,0
0.0134,0.00363604,0.00364357
0.0138,0.00677597,0.00480058
0.0142,0.0069947,0.00495636
0.0146,0,0
0.015,0.0134843,0.00681508
0.0154,0,0
0.0158,0.0119733,0.00614238
0.0162,0.00687716,0.00487243
0.0166,0.00366617,0.00367383
0.017,0,0
0.0174,0.00350917,0.0035162
0.0178,0,0
0.0182,0.00901597,0.00521432
0.0186,0.00327272,0.00327884
0.019,0.00135626,0.00208185
0.0194,0.00650898,0.00461111
0.0198,0.00613228,0.00434379
0.0202,0,0
0.0206,0.00309604,0.00310152
0.021,0,0
0.0214,0,0
0.0218,0.00306179,0.00306716
0.0222,0.00596648,0.00422616
0.0226,0.00325912,0.0032652
0.023,0.00649555,0.00460163
0.0234,0.00321193,0.00321784
0.0238,0.00635267,0.00450048
0.0242,0.00293542,0.00294037
0.0246,0.00313312,0.00313876
0.025,0,0
0.0254,0,0
0.0258,0.00327897,0.00328514
0.0262,0,0
0.0266,0,0
0.027,0.00326943,0.00327557
0.0274,0.00968856,0.00560421
0.0278,0.00308195,0.00308741
0.0282,0.00316973,0.0031755
0.0286,0,0
0.029,0,0
0.0294,0.00329332,0.00329956
0.0298,0,0
0.0302,0,0
0.0306,0,0
0.031,0.0030494,0.00305476
0.0314,0,0
0.0318,0.00310398,0.00310953
0.0322,0.00351808,0.00352522
0.0326,0,0
0.033,0.00311498,0.00312058
0.0334,0,0
0.0338,0.00330454,0.00331084
0.0342,0.00300814,0.00301336
0.0346,0,0
0.035,0.0032446,0.00325068
0.0354,0.00314401,0.00314972
0.0358,0,0
0.0362,0.00333457,0.003341
0.0366,0,0
0.037,0.00274284,0.00274719
0.0374,0.00524366,0.00371345
0.0378,0.00299968,0.00300488
0.0382,0,0
0.0386,0,0
0.039,0,0
0.0394,0.00347871,0.00348571
0.0398,0.00321378,0.00321976
0.0402,0.00307613,0.00308161
0.0406,0,0
0.041,0.00294272,0.00294773
0.0414,0.00612372,0.00433784
0.0418,0,0
0.0422,0,0
0.0426,0,0
0.043,0.00342975,0.00343657
0.0434,0,0
0.0438,0,0
0.0442,0,0
0.0446,0.00311118,0.0031168
0.045,0,0
0.0454,0,0
0.0458,0.00294858,0.00295363
0.0462,0,0
0.0466,0.0068515,0.00485438
0.047,0.00334069,0.00334717
0.0474,0.006492,0.0045992
0.0478,0,0
0.0482,0,0
0.0486,0.00358516,0.00359263
0.049,0.0101869,0.00589764
0.0494,0,0
0.0498,0.00675858,0.00478844
0.0502,0,0
0.0506,0,0
0.051,0,0
0.0514,0,0
0.0518,0.00571997,0.00405137
0.0522,0.00606939,0.0042993
0.0526,0.00306607,0.00307155
0.053,0,0
0.0534,0,0
0.0538,0,0
0.0542,0.00305499,0.00306044
0.0546,0.00288996,0.00289484
0.055,0.0063599,0.00450548
0.0554,0.00325068,0.00325685
0.0558,0,0
0.0562,0,0
0.0566,0,0
0.057,0,0
0.0574,0,0
0.0578,0.00317238,0.00317827
0.0582,0,0
0.0586,0.00625408,0.00443658
0.059,0,0
0.0594,0.00308916,0.00309475
0.0598,0,0
0.0602,0.00330678,0.00331319
0.0606,0,0
0.061,0,0
0.0614,0.00903037,0.00522514
0.0618,0,0
0.0622,0.00285518,0.00285996
0.0626,0,0
0.063,0.00326343,0.00326969
0.0634,0,0
0.0638,0.000938537,0.00166919
0.0642,0.0028984,0.00290334
0.0646,0,0
0.065,0.00285647,0.00286127
0.0654,0.00288372,0.00288861
0.0658,0.00298392,0.00298916
0.0662,0.00289521,0.00290015
0.0666,0,0
0.067,0,0
0.0674,0.00325947,0.00326573
0.0678,0,0
0.0682,0,0
0.0686,0,0
0.069,0,0
0.0694,0.00317685,0.00318282
0.0698,0,0
0.0702,0,0
0.0706,0.00325363,0.00325989
0.071,0.0038702,0.00342903
0.0714,0.00293294,0.00293803
0.0718,0,0
0.0722,0,0
0.0726,0.00295416,0.00295934
0.073,0,0
0.0734,0,0
0.0738,0.00289479,0.00289976
0.0742,0,0
0.0746,0,0
0.075,0.005882,0.00416648
0.0754,0,0
0.0758,0,0
0.0762,0,0
0.0766,0,0
0.077,0,0
0.0774,0.00305363,0.00305919
0.0778,0,0
0.0782,0.0058053,0.00411208
0.0786,0.00306684,0.00307245
0.079,0.00864911,0.00500217
0.0794,0.00947981,0.00548355
0.0798,0,0
0.0802,0,0
0.0806,0,0
0.081,0,0
0.0814,0,0
0.0818,0,0
0.0822,0,0
0.0826,0,0
0.083,0.00629899,0.00446248
0.0834,0,0
0.0838,0,0
0.0842,0,0
0.0846,0,0
0.085,0,0
0.0854,0,0
0.0858,0,0
0.0862,0,0
0.0866,0,0
0.087,0,0
0.0874,0,0
0.0878,0,0
0.0882,0,0
0.0886,0.00279329,0.002798
0.089,0,0
0.0894,0,0
0.0898,0,0
0.0902,0.00334086,0.0033476
0.0906,0.00299969,0.00300512
0.091,0.00306039,0.00306605
0.0914,0,0
0.0918,0,0
0.0922,0,0
0.0926,0,0
0.093,0.00356505,0.00357274
0.0934,0,0
0.0938,0,0
0.0942,0,0
0.0946,0,0
0.095,0,0
0.0954,0,0
0.0958,0,0
0.0962,0,0
0.0966,0,0
0.097,0,0
0.0974,0.00311166,0.00311753
0.0978,0.00315672,0.00316276
0.0982,0,0
0.0986,0.00614587,0.00435446
0.099,0.00945018,0.00546691
0.0994,0.00634238,0.00449337
0.0998,0,0
0.1002,0.0032751,0.0032816
0.1006,0.00343424,0.00344139
0.101,0,0
0.1014,0,0
0.1018,0.0033963,0.00340329
0.1022,0,0
0.1026,0,0
0.103,0,0
0.1034,0.00652257,0.00462128
0.1038,0.00700619,0.00497658
0.1042,0.00381726,0.00382609
0.1046,0,0
0.105,0,0
0.1054,0,0
0.1058,0.00391544,0.00392474
0.1062,0,0
0.1066,0,0
0.107,0.00396013,0.00396964
0.1074,0,0
0.1078,0,0
0.1082,0,0
0.1086,0,0
0.109,0,0
0.1094,0.0078008,0.00554338
0.1098,0.00410829,0.00411854
0.1102,0.00411447,0.00412474
0.1106,0,0
0.111,0.00822218,0.00582848
0.1114,0,0
0.1118,0,0
0.1122,0,0
0.1126,0,0
0.113,0.00419133,0.004202
0.1134,0,0
0.1138,0.00390101,0.00391026
0.1142,0.00413496,0.00414534
0.1146,0,0
0.115,0.00394983,0.00395931
0.1154,0.00419539,0.00420609
0.1158,0.00407525,0.00408534
0.1162,0.00436751,0.0043791
0.1166,0.00466928,0.00468252
0.117,0.00466881,0.00468205
0.1174,0,0
0.1178,0,0
0.1182,0.00506359,0.00507917
0.1186,0,0
0.119,0,0
0.1194,0.00995823,0.00706285
0.1198,0,0
