# X , Y , E Distribution=true
1
-0.1198,0,0
-0.1194,0.0127819,0.0128065
-0.119,0,0
-0.1186,0,0
-0.1182,0,0
-0.1178,0,0
-0.1174,0,0
-0.117,0,0
-0.1166,0.0130889,0.0131145
-0.1162,0.0118334,0.0118544
-0.1158,0,0
-0.1154,0,0
-0.115,0,0
-0.1146,0,0
-0.1142,0,0
-0.1138,0,0
-0.1134,0.000831611,0.00325537
-0.113,0,0
-0.1126,0,0
-0.1122,0,0
-0.1118,0,0
-0.1114,0,0
-0.111,0,0
-0.1106,0,0
-0.1102,0,0
-0.1098,0,0
-0.1094,0,0
-0.109,0,0
-0.1086,0,0
-0.1082,0,0
-0.1078,0,0
-0.1074,0.013072,0.0130975
-0.107,0,0
-0.1066,0,0
-0.1062,0,0
-0.1058,0,0
-0.1054,0,0
-0.105,0,0
-0.1046,0,0
-0.1042,0,0
-0.1038,0,0
-0.1034,0,0
-0.103,0,0
-0.1026,0,0
-0.1022,0,0
-0.1018,0,0
-0.1014,0,0
-0.101,0,0
-0.1006,0,0
-0.1002,0,0
-0.0998,0,0
-0.0994,0,0
-0.099,0,0
-0.0986,0,0
-0.0982,0,0
-0.0978,0.0128939,0.0129186
-0.0974,0,0
-0.097,0,0
-0.0966,0,0
-0.0962,0,0
-0.0958,0,0
-0.0954,0,0
-0.095,0,0
-0.0946,0,0
-0.0942,0,0
-0.0938,0,0
-0.0934,0,0
-0.093,0,0
-0.0926,0,0
-0.0922,0,0
-0.0918,0,0
-0.0914,0,0
-0.091,0,0
-0.0906,0,0
-0.0902,0.0133968,0.0134233
-0.0898,0.00955783,0.0109276
-0.0894,0,0
-0.089,0,0
-0.0886,0,0
-0.0882,0.0126751,0.0126989
-0.0878,0,0
-0.0874,0,0
-0.087,0,0
-0.0866,0,0
-0.0862,0,0
-0.0858,0,0
-0.0854,0.0140809,0.0141102
-0.085,0,0
-0.0846,0,0
-0.0842,0,0
-0.0838,0,0
-0.0834,0,0
-0.083,0,0
-0.0826,0,0
-0.0822,0,0
-0.0818,0,0
-0.0814,0,0
-0.081,0,0
-0.0806,0,0
-0.0802,0,0
-0.0798,0,0
-0.0794,0,0
-0.079,0,0
-0.0786,0,0
-0.0782,0,0
-0.0778,0,0
-0.0774,0,0
-0.077,0,0
-0.0766,0,0
-0.0762,0,0
-0.0758,0.0164824,0.0148652
-0.0754,0,0
-0.075,0,0
-0.0746,0,0
-0.0742,0,0
-0.0738,0,0
-0.0734,0,0
-0.073,0,0
-0.0726,0,0
-0.0722,0,0
-0.0718,0,0
-0.0714,0,0
-0.071,0,0
-0.0706,0,0
-0.0702,0,0
-0.0698,0,0
-0.0694,0,0
-0.069,0,0
-0.0686,0,0
-0.0682,0,0
-0.0678,0,0
-0.0674,0,0
-0.067,0,0
-0.0666,0,0
-0.0662,0,0
-0.0658,0,0
-0.0654,0,0
-0.065,0,0
-0.0646,0,0
-0.0642,0,0
-0.0638,0.0127001,0.0127237
-0.0634,0,0
-0.063,0,0
-0.0626,0,0
-0.0622,0,0
-0.0618,0,0
-0.0614,0,0
-0.061,0,0
-0.0606,0,0
-0.0602,0,0
-0.0598,0,0
-0.0594,0,0
-0.059,0,0
-0.0586,0,0
-0.0582,0.0128628,0.012887
-0.0578,0,0
-0.0574,0,0
-0.057,0,0
-0.0566,0,0
-0.0562,0,0
-0.0558,0,0
-0.0554,0,0
-0.055,0,0
-0.0546,0,0
-0.0542,0,0
-0.0538,0,0
-0.0534,0,0
-0.053,0.0244796,0.0173406
-0.0526,0,0
-0.0522,0,0
-0.0518,0.0127848,0.0128086
-0.0514,0,0
-0.051,0,0
-0.0506,0,0
-0.0502,0,0
-0.0498,0,0
-0.0494,0.0135572,0.0135839
-0.049,0,0
-0.0486,0,0
-0.0482,0,0
-0.0478,0,0
-0.0474,0,0
-0.047,0,0
-0.0466,0,0
-0.0462,0,0
-0.0458,0,0
-0.0454,0.010077,0.0112474
-0.045,0,0
-0.0446,0,0
-0.0442,0,0
-0.0438,0,0
-0.0434,0,0
-0.043,0.0129599,0.0129843
-0.0426,0.0127521,0.0127756
-0.0422,0,0
-0.0418,0.0117936,0.0118138
-0.0414,0.0132986,0.0133242
-0.041,0.00776806,0.0101249
-0.0406,0,0
-0.0402,0,0
-0.0398,0.0126086,0.0126316
-0.0394,0,0
-0.039,0,0
-0.0386,0,0
-0.0382,0,0
-0.0378,0,0
-0.0374,0.0137202,0.0137474
-0.037,0,0
-0.0366,0,0
-0.0362,0,0
-0.0358,0.00198381,0.00502827
-0.0354,0,0
-0.035,0,0
-0.0346,0,0
-0.0342,0,0
-0.0338,0,0
-0.0334,0,0
-0.033,0,0
-0.0326,0,0
-0.0322,0,0
-0.0318,0,0
-0.0314,0,0
-0.031,0,0
-0.0306,0,0
-0.0302,0,0
-0.0298,0.013341,0.0133667
-0.0294,0.0130014,0.0130258
-0.029,0,0
-0.0286,0,0
-0.0282,0,0
-0.0278,0.0134176,0.0134435
-0.0274,0,0
-0.027,0.0126376,0.0126606
-0.0266,0.0126398,0.0126627
-0.0262,0,0
-0.0258,0,0
-0.0254,0,0
-0.025,0,0
-0.0246,0,0
-0.0242,0.0126376,0.0126605
-0.0238,0,0
-0.0234,0,0
-0.023,0,0
-0.0226,0,0
-0.0222,0,0
-0.0218,0,0
-0.0214,0,0
-0.021,0,0
-0.0206,0,0
-0.0202,0,0
-0.0198,0,0
-0.0194,0,0
-0.019,0.0115262,0.0115452
-0.0186,0,0
-0.0182,0,0
-0.0178,0.0127909,0.0128143
-0.0174,0,0
-0.017,0,0
-0.0166,0.0243297,0.0177787
-0.0162,0,0
-0.0158,0,0
-0.0154,0,0
-0.015,0,0
-0.0146,0.0133756,0.0134012
-0.0142,0.00468637,0.007933
-0.0138,0.00935632,0.0108155
-0.0134,0.0126851,0.0127081
-0.013,0.0126717,0.0126946
-0.0126,0.0123923,0.0124142
-0.0122,0.0128125,0.012836
-0.0118,0.0257222,0.0182243
-0.0114,0,0
-0.011,0.0123092,0.0123309
-0.0106,0.0307713,0.0201078
-0.0102,0,0
-0.0098,0.0176763,0.0151709
-0.0094,0,0
-0.009,0.000347192,0.00217863
-0.0086,0.0129033,0.012927
-0.0082,0.0124446,0.0124667
-0.0078,0.0123943,0.0124162
-0.0074,0,0
-0.007,0.0405364,0.023464
-0.0066,0.0354895,0.0221793
-0.0062,0.0299369,0.0196376
-0.0058,0.0052782,0.00799395
-0.0054,0.0498991,0.0262364
-0.005,0.0204492,0.0171732
-0.0046,0.0136508,0.0136773
-0.0042,0.0531134,0.0266245
-0.0038,0.0584131,0.0269393
-0.0034,0.0963799,0.0356492
-0.003,0.0612009,0.0274508
-0.0026,0.23675,0.0536095
-0.0022,0.379468,0.0717422
-0.0018,0.684426,0.0951614
-0.0014,1.14622,0.121759
-0.001,1.38022,0.133226
-0.0006,1.92938,0.159339
-0.0002,2.11664,0.166115
0.0002,1.78853,0.155746
0.0006,1.29135,0.130365
0.001,1.08645,0.116595
0.0014,0.346582,0.0650367
0.0018,0.281349,0.0604558
0.0022,0.0880991,0.0320047
0.0026,0.0597867,0.0285538
0.003,0.0277429,0.0193706
0.0034,0.0726349,0.0301449
0.0038,0.0169734,0.0147421
0.0042,0.014114,0.0136573
0.0046,0.0553692,0.0271986
0.005,0.0431981,0.0233126
0.0054,0.0258759,0.0183306
0.0058,0.0129182,0.0129419
0.0062,0,0
0.0066,0,0
0.007,0,0
0.0074,0.0697663,0.0312626
0.0078,0.0139481,0.0139756
0.0082,0.0139514,0.0139789
0.0086,0.0129647,0.0130717
0.009,0.0105138,0.0114468
0.0094,0.0127354,0.0127584
0.0098,0,0
0.0102,0.0133101,0.0133352
0.0106,0.0136253,0.0136515
0.011,0.0273766,0.0193958
0.0114,0.013663,0.0133272
0.0118,0,0
0.0122,0,0
0.0126,0.0139114,0.0139387
0.013,0.0143328,0.0143617
0.0134,0,0
0.0138,0.0445095,0.0235785
0.0142,0,0
0.0146,0.00839745,0.0101435
0.015,0.0123633,0.0123849
0.0154,0.0126269,0.0126494
0.0158,0.0131197,0.0131439
0.0162,0.013243,0.0132677
0.0166,0,0
0.017,0,0
0.0174,0.024778,0.0175513
0.0178,0.0138351,0.0138621
0.0182,0,0
0.0186,0,0
0.019,0,0
0.0194,0,0
0.0198,0,0
0.0202,0,0
0.0206,0.0125538,0.012576
0.021,0.0127833,0.0128062
0.0214,0,0
0.0218,0,0
0.0222,0,0
0.0226,0.0132926,0.0133174
0.023,0.013831,0.0138578
0.0234,0,0
0.0238,0,0
0.0242,0,0
0.0246,0,0
0.025,0.0162764,0.0153246
0.0254,0,0
0.0258,0,0
0.0262,0,0
0.0266,0,0
0.027,0.0120281,0.0120483
0.0274,0.0120385,0.0120588
0.0278,0,0
0.0282,0,0
0.0286,0,0
0.029,0,0
0.0294,0,0
0.0298,0,0
0.0302,0,0
0.0306,0.0125985,0.0126206
0.031,0,0
0.0314,0,0
0.0318,0.0129731,0.0129966
0.0322,0,0
0.0326,0,0
0.033,0,0
0.0334,0.0125324,0.0125543
0.0338,0,0
0.0342,0,0
0.0346,0,0
0.035,0,0
0.0354,0.0131107,0.0131347
0.0358,0,0
0.0362,0,0
0.0366,0.00550292,0.00869205
0.037,0,0
0.0374,0,0
0.0378,0,0
0.0382,0.0236813,0.0167729
0.0386,0,0
0.039,0.0145069,0.0145362
0.0394,0,0
0.0398,0,0
0.0402,0,0
0.0406,0,0
0.041,0,0
0.0414,0,0
0.0418,0,0
0.0422,0,0
0.0426,0.0131041,0.0131279
0.043,0.0126938,0.0127162
0.0434,0,0
0.0438,0,0
0.0442,0,0
0.0446,0,0
0.045,0,0
0.0454,0,0
0.0458,0,0
0.0462,0,0
0.0466,0.0126412,0.0126634
0.047,0,0
0.0474,0,0
0.0478,0,0
0.0482,0,0
0.0486,0,0
0.049,0,0
0.0494,0.0142366,0.0142646
0.0498,0,0
0.0502,0,0
0.0506,0.00556792,0.00841933
0.051,0,0
0.0514,0,0
0.0518,0,0
0.0522,0,0
0.0526,0,0
0.053,0,0
0.0534,0.0138945,0.0139212
0.0538,0,0
0.0542,0,0
0.0546,0,0
0.055,0,0
0.0554,0,0
0.0558,0,0
0.0562,0,0
0.0566,0,0
0.057,0,0
0.0574,0.0127132,0.0127354
0.0578,0,0
0.0582,0,0
0.0586,0,0
0.059,0,0
0.0594,0,0
0.0598,0,0
0.0602,0,0
0.0606,0,0
0.061,0,0
0.0614,0,0
0.0618,0,0
0.0622,0,0
0.0626,0,0
0.063,0,0
0.0634,0,0
0.0638,0,0
0.0642,0,0
0.0646,0,0
0.065,0,0
0.0654,0,0
0.0658,0,0
0.0662,0,0
0.0666,0,0
0.067,0.012196,0.0122164
0.0674,0.0130853,0.0131088
0.0678,0,0
0.0682,0,0
0.0686,0,0
0.069,0,0
0.0694,0,0
0.0698,0.0134206,0.0134453
0.0702,0,0
0.0706,0,0
0.071,0.0124777,0.012499
0.0714,0,0
0.0718,0,0
0.0722,0,0
0.0726,0,0
0.073,0,0
0.0734,0,0
0.0738,0,0
0.0742,0,0
0.0746,0,0
0.075,0.0133071,0.0133313
0.0754,0,0
0.0758,0.0127461,0.0127682
0.0762,0.0133166,0.0133408
0.0766,0,0
0.077,0,0
0.0774,0,0
0.0778,0,0
0.0782,0,0
0.0786,0,0
0.079,0,0
0.0794,0.0133264,0.0133506
0.0798,0,0
0.0802,0,0
0.0806,0,0
0.081,0,0
0.0814,0.0017918,0.00484644
0.0818,0.0130653,0.0130885
0.0822,0,0
0.0826,0,0
0.083,0,0
0.0834,0,0
0.0838,0,0
0.0842,0,0
0.0846,0,0
0.085,0,0
0.0854,0,0
0.0858,0,0
0.0862,0,0
0.0866,0.0130705,0.0130936
0.087,0,0
0.0874,0,0
0.0878,0,0
0.0882,0,0
0.0886,0,0
0.089,0,0
0.0894,0,0
0.0898,0,0
0.0902,0,0
0.0906,0,0
0.091,0,0
0.0914,0,0
0.0918,0,0
0.0922,0,0
0.0926,0,0
0.093,0,0
0.0934,0,0
0.0938,0,0
0.0942,0,0
0.0946,0,0
0.095,0,0
0.0954,0.0138397,0.0138656
0.0958,0,0
0.0962,0,0
0.0966,0,0
0.097,0,0
0.0974,0,0
0.0978,0,0
0.0982,0,0
0.0986,0,0
0.099,0,0
0.0994,0,0
0.0998,0,0
0.1002,0.0100713,0.0116286
0.1006,0.0149448,0.0149749
0.101,0,0
0.1014,0,0
0.1018,0,0
0.1022,0,0
0.1026,0.0143402,0.0143679
0.103,0.00060403,0.0029419
0.1034,0,0
0.1038,0,0
0.1042,0,0
0.1046,0,0
0.105,0,0
0.1054,0,0
0.1058,0,0
0.1062,0,0
0.1066,0,0
0.107,0,0
0.1074,0,0
0.1078,0,0
0.1082,0,0
0.1086,0,0
0.109,0,0
0.1094,0,0
0.1098,0,0
0.1102,0,0
0.1106,0,0
0.111,0,0
0.1114,0,0
0.1118,0,0
0.1122,0,0
0.1126,0,0
0.113,0,0
0.1134,0,0
0.1138,0,0
0.1142,0,0
0.1146,0,0
0.115,0,0
0.1154,0,0
0.1158,0,0
0.1162,0,0
0.1166,0,0
0.117,0,0
0.1174,0,0
0.1178,0,0
0.1182,0,0
0.1186,0,0
0.119,0,0
0.1194,0.0233353,0.0234078
0.1198,0,0
2
-0.1198,0,0
-0.1194,0,0
-0.119,0,0
-0.1186,0,0
-0.1182,0.0062542,0.00626673
-0.1178,0.00547082,0.00586139
-0.1174,0,0
-0.117,0,0
-0.1166,0,0
-0.1162,0,0
-0.1158,0,0
-0.1154,0,0
-0.115,0,0
-0.1146,0.0056333,0.00564346
-0.1142,0,0
-0.1138,0,0
-0.1134,0.0114782,0.0082683
-0.113,0,0
-0.1126,0,0
-0.1122,0,0
-0.1118,0,0
-0.1114,0,0
-0.111,0,0
-0.1106,0,0
-0.1102,0,0
-0.1098,0,0
-0.1094,0,0
-0.109,0,0
-0.1086,0,0
-0.1082,0,0
-0.1078,0,0
-0.1074,0.00603982,0.00605147
-0.107,0,0
-0.1066,0,0
-0.1062,0.00578116,0.00579183
-0.1058,0,0
-0.1054,0,0
-0.105,0,0
-0.1046,0,0
-0.1042,0,0
-0.1038,0,0
-0.1034,0,0
-0.103,0,0
-0.1026,0,0
-0.1022,0,0
-0.1018,0,0
-0.1014,0.0051651,0.00517361
-0.101,0,0
-0.1006,0,0
-0.1002,0,0
-0.0998,0,0
-0.0994,0,0
-0.099,0,0
-0.0986,0,0
-0.0982,0,0
-0.0978,0,0
-0.0974,0.00586342,0.00587438
-0.097,0,0
-0.0966,0,0
-0.0962,0,0
-0.0958,0,0
-0.0954,0,0
-0.095,0,0
-0.0946,0,0
-0.0942,0,0
-0.0938,0,0
-0.0934,0.00564474,0.00565489
-0.093,0,0
-0.0926,0,0
-0.0922,0,0
-0.0918,0,0
-0.0914,0,0
-0.091,0,0
-0.0906,0,0
-0.0902,0,0
-0.0898,0.0130533,0.00875381
-0.0894,0,0
-0.089,0,0
-0.0886,0,0
-0.0882,0,0
-0.0878,0,0
-0.0874,0,0
-0.087,0,0
-0.0866,0,0
-0.0862,0,0
-0.0858,0,0
-0.0854,0,0
-0.085,0,0
-0.0846,0.00573271,0.00574315
-0.0842,0,0
-0.0838,0.00551812,0.00552779
-0.0834,0,0
-0.083,0,0
-0.0826,0,0
-0.0822,0.00557666,0.00558654
-0.0818,0,0
-0.0814,0,0
-0.081,0,0
-0.0806,0.00569566,0.00570596
-0.0802,0,0
-0.0798,0,0
-0.0794,0,0
-0.079,0,0
-0.0786,0.00552791,0.00553761
-0.0782,0,0
-0.0778,0,0
-0.0774,0,0
-0.077,0,0
-0.0766,0,0
-0.0762,0,0
-0.0758,0.00473705,0.00542395
-0.0754,0,0
-0.075,0,0
-0.0746,0,0
-0.0742,0.00546408,0.00547355
-0.0738,0,0
-0.0734,0,0
-0.073,0,0
-0.0726,0,0
-0.0722,0,0
-0.0718,0.00567505,0.00568526
-0.0714,0.00587946,0.00589041
-0.071,0,0
-0.0706,0,0
-0.0702,0,0
-0.0698,0,0
-0.0694,0,0
-0.069,0,0
-0.0686,0,0
-0.0682,0,0
-0.0678,0.00581692,0.00582763
-0.0674,0,0
-0.067,0.0112129,0.00794282
-0.0666,0.00590231,0.00591333
-0.0662,0.00662677,0.00664066
-0.0658,0,0
-0.0654,0,0
-0.065,0.00585705,0.00586791
-0.0646,0,0
-0.0642,0.00611128,0.00612309
-0.0638,0,0
-0.0634,0.00561189,0.00562185
-0.063,0.00556122,0.005571
-0.0626,0.00551656,0.00552618
-0.0622,0,0
-0.0618,0,0
-0.0614,0.00599742,0.00600879
-0.061,0.0056657,0.00567584
-0.0606,0.00572844,0.00573881
-0.0602,0.00550403,0.0055136
-0.0598,0,0
-0.0594,0,0
-0.059,0.00573628,0.00574667
-0.0586,0,0
-0.0582,0,0
-0.0578,0,0
-0.0574,0,0
-0.057,0,0
-0.0566,0,0
-0.0562,0,0
-0.0558,0,0
-0.0554,0,0
-0.055,0.00611597,0.00612777
-0.0546,0.00617616,0.0061882
-0.0542,0,0
-0.0538,0,0
-0.0534,0,0
-0.053,0,0
-0.0526,0,0
-0.0522,0.00588837,0.00589931
-0.0518,0.00588873,0.00589967
-0.0514,0,0
-0.051,0,0
-0.0506,0.00565687,0.00566696
-0.0502,0,0
-0.0498,0,0
-0.0494,0,0
-0.049,0,0
-0.0486,0,0
-0.0482,0,0
-0.0478,0,0
-0.0474,0.00627728,0.00628969
-0.047,0,0
-0.0466,0.00555291,0.00556263
-0.0462,0.00609986,0.00611158
-0.0458,0,0
-0.0454,0.00475138,0.00523773
-0.045,0,0
-0.0446,0,0
-0.0442,0,0
-0.0438,0,0
-0.0434,0,0
-0.043,0,0
-0.0426,0,0
-0.0422,0,0
-0.0418,0,0
-0.0414,0,0
-0.041,0,0
-0.0406,0,0
-0.0402,0,0
-0.0398,0,0
-0.0394,0.00567876,0.0056889
-0.039,0.00577562,0.00578611
-0.0386,0.0096496,0.00757926
-0.0382,0.00603371,0.00604516
-0.0378,0,0
-0.0374,0,0
-0.037,0.00566116,0.00567124
-0.0366,0.00586501,0.00587582
-0.0362,0,0
-0.0358,0.0107457,0.0079282
-0.0354,0.0057822,0.00579271
-0.035,0,0
-0.0346,0.00554213,0.00555178
-0.0342,0.0061628,0.00617473
-0.0338,0.00554109,0.00555073
-0.0334,0,0
-0.033,0,0
-0.0326,0,0
-0.0322,0.0058954,0.00590631
-0.0318,0.00589602,0.00590693
-0.0314,0,0
-0.031,0.00819748,0.00717872
-0.0306,0.00625855,0.00627085
-0.0302,0.00582675,0.00583741
-0.0298,0,0
-0.0294,0,0
-0.029,0.0061009,0.00611257
-0.0286,0,0
-0.0282,0.00567779,0.00568791
-0.0278,0.00598937,0.00600062
-0.0274,0,0
-0.027,0,0
-0.0266,0.00621209,0.00622419
-0.0262,0.01168,0.00828037
-0.0258,0.00624067,0.00625288
-0.0254,0.0111487,0.0083579
-0.025,0,0
-0.0246,0.0057842,0.00579469
-0.0242,0.0148718,0.0092753
-0.0238,0.00573136,0.00574165
-0.0234,0.00574339,0.00575373
-0.023,0,0
-0.0226,0.00942592,0.00752503
-0.0222,0.0124037,0.00879179
-0.0218,0.00638931,0.0064021
-0.0214,0.00593633,0.00594737
-0.021,0.0116904,0.00828154
-0.0206,0.002004,0.00335688
-0.0202,0.0200974,0.0116299
-0.0198,0.0132155,0.0093641
-0.0194,0.0161277,0.00932702
-0.019,0.00526819,0.00527688
-0.0186,0.017346,0.0100329
-0.0182,0.00576388,0.00577428
-0.0178,0.00906796,0.00727542
-0.0174,0.00609763,0.00610927
-0.017,0.0123472,0.00874767
-0.0166,0.000711375,0.00205463
-0.0162,0,0
-0.0158,0.0179053,0.0100876
-0.0154,0.023797,0.0119207
-0.015,0.00934583,0.00756475
-0.0146,0.00610641,0.00611807
-0.0142,0.0219088,0.0114911
-0.0138,0.00141567,0.00284229
-0.0134,0.0119818,0.00848827
-0.013,0.0119827,0.00848892
-0.0126,0.0114377,0.0081027
-0.0122,0.0116915,0.00828229
-0.0118,0.0238519,0.0119483
-0.0114,0,0
-0.011,0.0112128,0.00794256
-0.0106,0.0130804,0.00885343
-0.0102,0.0106156,0.00751884
-0.0098,0.0212555,0.0111654
-0.0094,0.019053,0.0110221
-0.009,0.0060498,0.00614031
-0.0086,0.01727,0.0101864
-0.0082,0.00567208,0.00568213
-0.0078,0.00564829,0.00565825
-0.0074,0.00550094,0.00551039
-0.007,0.0121572,0.00861916
-0.0066,0.00899419,0.00753743
-0.0062,0.021089,0.0110361
-0.0058,0.0140818,0.00881189
-0.0054,0.0180399,0.0104463
-0.005,0.03634,0.015421
-0.0046,0.043505,0.0164755
-0.0042,0.0298488,0.0133852
-0.0038,0.0275353,0.0124983
-0.0034,0.0344042,0.0141948
-0.003,0.0332868,0.0136272
-0.0026,0.121054,0.0257669
-0.0022,0.140747,0.029435
-0.0018,0.300687,0.042529
-0.0014,0.348577,0.0453416
-0.001,0.688808,0.0634181
-0.0006,0.85797,0.0716017
-0.0002,0.960489,0.0755504
0.0002,0.815853,0.0709076
0.0006,0.706845,0.0649988
0.001,0.475249,0.0520821
0.0014,0.246449,0.0369048
0.0018,0.204571,0.0348032
0.0022,0.0761895,0.0201884
0.0026,0.0705358,0.0209427
0.003,0.0282174,0.012728
0.0034,0.0271041,0.0123977
0.0038,0.00408908,0.00501214
0.0042,0.0289481,0.0130691
0.0046,0.0284836,0.0131582
0.005,0.0145383,0.00911304
0.0054,0.0291861,0.0130773
0.0058,0.0144402,0.00923062
0.0062,0.0238769,0.0118547
0.0066,0.0173311,0.0100244
0.007,0.0109106,0.00772805
0.0074,0.00633056,0.00634303
0.0078,0.0237629,0.0119035
0.0082,0,0
0.0086,0.00603024,0.00600356
0.009,0.020406,0.0107386
0.0094,0.00577398,0.00578435
0.0098,0.0183231,0.0105994
0.0102,0.0114728,0.00812701
0.0106,0.00617508,0.00618694
0.011,0.00622999,0.00624206
0.0114,0.0114152,0.00819978
0.0118,0.00759013,0.00667262
0.0122,0,0
0.0126,0.0127803,0.00905966
0.013,0,0
0.0134,0.0119542,0.00846865
0.0138,0.00238867,0.00367518
0.0142,0.00528356,0.00529224
0.0146,0.0128469,0.00846329
0.015,0.00559495,0.00560468
0.0154,0.00571374,0.00572389
0.0158,0.00593571,0.00594666
0.0162,0,0
0.0166,0,0
0.017,0.00603069,0.00604198
0.0174,0.00603115,0.00604245
0.0178,0.010341,0.00782372
0.0182,0,0
0.0186,0.00922495,0.00777878
0.019,0,0
0.0194,0.00539016,0.00539918
0.0198,0,0
0.0202,0,0
0.0206,0.00447758,0.00504799
0.021,0,0
0.0214,0.00625444,0.00626658
0.0218,0.0123931,0.00878051
0.0222,0.0061205,0.00613212
0.0226,0,0
0.023,0.0122445,0.00867634
0.0234,0.00624354,0.00625563
0.0238,0.00567949,0.00568949
0.0242,0.0122236,0.00865983
0.0246,0,0
0.025,0.00476904,0.00513924
0.0254,0.0110393,0.00781932
0.0258,0.00538837,0.00539737
0.0262,0,0
0.0266,0,0
0.027,0.00542588,0.00543501
0.0274,0,0
0.0278,0.0056923,0.00570234
0.0282,0,0
0.0286,0.00574814,0.00575838
0.029,0,0
0.0294,0.00600996,0.00602115
0.0298,0,0
0.0302,0,0
0.0306,0,0
0.031,0,0
0.0314,0.00546212,0.00547137
0.0318,0,0
0.0322,0.00597379,0.00598484
0.0326,0,0
0.033,0,0
0.0334,0,0
0.0338,0,0
0.0342,0,0
0.0346,0,0
0.035,0,0
0.0354,0.00588462,0.00589534
0.0358,0.00581164,0.00582209
0.0362,0,0
0.0366,0.00367389,0.00476128
0.037,0.0054824,0.0054917
0.0374,0.0111325,0.00788636
0.0378,0.0059364,0.0059473
0.0382,0.00508928,0.00533896
0.0386,0.00614189,0.00615356
0.039,0,0
0.0394,0.00651614,0.00652926
0.0398,0.00598975,0.00600084
0.0402,0,0
0.0406,0.00612614,0.00613774
0.041,0,0
0.0414,0,0
0.0418,0.00574323,0.00575343
0.0422,0.00791683,0.00651981
0.0426,0,0
0.043,0,0
0.0434,0,0
0.0438,0,0
0.0442,0,0
0.0446,0,0
0.045,0.00600821,0.00601936
0.0454,0,0
0.0458,0,0
0.0462,0.00606455,0.0060759
0.0466,0,0
0.047,0,0
0.0474,0,0
0.0478,0,0
0.0482,0,0
0.0486,0.00583932,0.00584984
0.049,0,0
0.0494,0,0
0.0498,0.00578413,0.00579445
0.0502,0.00354666,0.00443179
0.0506,0.0149861,0.0093875
0.051,0,0
0.0514,0,0
0.0518,0,0
0.0522,0,0
0.0526,0.00583052,0.00584099
0.053,0.00585848,0.00586905
0.0534,0.00621749,0.0062294
0.0538,0,0
0.0542,0,0
0.0546,0.00626485,0.00627694
0.055,0.0116698,0.00826976
0.0554,0,0
0.0558,0.00591115,0.00592191
0.0562,0,0
0.0566,0,0
0.057,0,0
0.0574,0,0
0.0578,0,0
0.0582,0,0
0.0586,0,0
0.059,0.005942,0.00595287
0.0594,0,0
0.0598,0,0
0.0602,0,0
0.0606,0,0
0.061,0,0
0.0614,0,0
0.0618,0,0
0.0622,0,0
0.0626,0,0
0.063,0.011493,0.00851112
0.0634,0.00588404,0.00589469
0.0638,0,0
0.0642,0.00596368,0.00597461
0.0646,0,0
0.065,0,0
0.0654,0,0
0.0658,0.00590595,0.00591667
0.0662,0.00661224,0.00617831
0.0666,0,0
0.067,0,0
0.0674,0,0
0.0678,0,0
0.0682,0,0
0.0686,0,0
0.069,0,0
0.0694,0.0118518,0.00839603
0.0698,0,0
0.0702,0,0
0.0706,0,0
0.071,0,0
0.0714,0.005691,0.00570094
0.0718,0,0
0.0722,0,0
0.0726,0,0
0.073,0,0
0.0734,0,0
0.0738,0,0
0.0742,0,0
0.0746,0,0
0.075,0,0
0.0754,0.00576709,0.00577729
0.0758,0.0056665,0.00567634
0.0762,0.00591968,0.00593042
0.0766,0,0
0.077,0.00570734,0.00571732
0.0774,0,0
0.0778,0,0
0.0782,0,0
0.0786,0,0
0.079,0,0
0.0794,0,0
0.0798,0,0
0.0802,0,0
0.0806,0.00570053,0.00571048
0.081,0,0
0.0814,0.0111645,0.00819877
0.0818,0.00579865,0.00580894
0.0822,0,0
0.0826,0,0
0.083,0,0
0.0834,0,0
0.0838,0,0
0.0842,0,0
0.0846,0,0
0.085,0,0
0.0854,0,0
0.0858,0,0
0.0862,0,0
0.0866,0,0
0.087,0,0
0.0874,0,0
0.0878,0,0
0.0882,0.00605046,0.00606164
0.0886,0,0
0.089,0.0118053,0.00836984
0.0894,0.00549243,0.00550165
0.0898,0.00549311,0.00550233
0.0902,0.00638068,0.00639312
0.0906,0.0067076,0.00672134
0.091,0,0
0.0914,0.00600813,0.00601915
0.0918,0,0
0.0922,0.018328,0.0106018
0.0926,0.00583524,0.00584563
0.093,0.00590766,0.00591831
0.0934,0,0
0.0938,0,0
0.0942,0.00629287,0.00630495
0.0946,0,0
0.095,0,0
0.0954,0,0
0.0958,0,0
0.0962,0.0064022,0.00651907
0.0966,0,0
0.097,0,0
0.0974,0,0
0.0978,0.00497628,0.00529945
0.0982,0.00614272,0.00615422
0.0986,0.00635234,0.00636464
0.099,0,0
0.0994,0,0
0.0998,0.00590529,0.00591592
0.1002,0.00145992,0.00294163
0.1006,0,0
0.101,0,0
0.1014,0,0
0.1018,0,0
0.1022,0,0
0.1026,0.00653046,0.00654344
0.103,0.0123259,0.00882634
0.1034,0,0
0.1038,0,0
0.1042,0,0
0.1046,0,0
0.105,0,0
0.1054,0.00739945,0.0074161
0.1058,0,0
0.1062,0,0
0.1066,0.00738753,0.00740413
0.107,0,0
0.1074,0,0
0.1078,0,0
0.1082,0,0
0.1086,0,0
0.109,0,0
0.1094,0.00749115,0.0075082
0.1098,0,0
0.1102,0,0
0.1106,0,0
0.111,0,0
0.1114,0.00811664,0.00813664
0.1118,0,0
0.1122,0,0
0.1126,0,0
0.113,0,0
0.1134,0,0
0.1138,0,0
0.1142,0.00820964,0.00823008
0.1146,0,0
0.115,0,0
0.1154,0,0
0.1158,0.00858339,0.00860572
0.1162,0,0
0.1166,0,0
0.117,0,0
0.1174,0,0
0.1178,0.00973155,0.00976024
0.1182,0,0
0.1186,0,0
0.119,0,0
0.1194,0,0
0.1198,0,0
3
-0.1198,0,0
-0.1194,0,0
-0.119,0.00406419,0.00505527
-0.1186,0,0
-0.1182,0,0
-0.1178,0.000817096,0.00231259
-0.1174,0,0
-0.117,0,0
-0.1166,0,0
-0.1162,0.00604552,0.00605674
-0.1158,0,0
-0.1154,0.00603986,0.00605106
-0.115,0,0
-0.1146,0.00186768,0.00345334
-0.1142,0.00640974,0.00642234
-0.1138,0,0
-0.1134,0.00618789,0.00619963
-0.113,0,0
-0.1126,0,0
-0.1122,0,0
-0.1118,0,0
-0.1114,0,0
-0.111,0,0
-0.1106,0,0
-0.1102,0,0
-0.1098,0,0
-0.1094,0,0
-0.109,0,0
-0.1086,0,0
-0.1082,0,0
-0.1078,0,0
-0.1074,0.00636856,0.00638097
-0.107,0,0
-0.1066,0,0
-0.1062,0,0
-0.1058,0.00724549,0.00668984
-0.1054,0,0
-0.105,0,0
-0.1046,0,0
-0.1042,0,0
-0.1038,0,0
-0.1034,0,0
-0.103,0.00592991,0.00594065
-0.1026,0,0
-0.1022,0,0
-0.1018,0,0
-0.1014,0,0
-0.101,0,0
-0.1006,0,0
-0.1002,0.00707032,0.00708556
-0.0998,0,0
-0.0994,0,0
-0.099,0,0
-0.0986,0,0
-0.0982,0,0
-0.0978,0,0
-0.0974,0.0122616,0.00868651
-0.097,0,0
-0.0966,0,0
-0.0962,0,0
-0.0958,0.00162088,0.00302626
-0.0954,0.00671515,0.00672888
-0.095,0,0
-0.0946,0.006298,0.00631007
-0.0942,0.00631005,0.00632217
-0.0938,0,0
-0.0934,0,0
-0.093,0,0
-0.0926,0.00561538,0.00562497
-0.0922,0,0
-0.0918,0.00616977,0.00618135
-0.0914,0,0
-0.091,0,0
-0.0906,0,0
-0.0902,0,0
-0.0898,0.00605808,0.00606923
-0.0894,0,0
-0.089,0.0061116,0.00612295
-0.0886,0,0
-0.0882,0,0
-0.0878,0.00522272,0.00578577
-0.0874,0,0
-0.087,0,0
-0.0866,0,0
-0.0862,0,0
-0.0858,0,0
-0.0854,0,0
-0.085,0,0
-0.0846,0,0
-0.0842,0,0
-0.0838,0,0
-0.0834,0,0
-0.083,0,0
-0.0826,0,0
-0.0822,0,0
-0.0818,0,0
-0.0814,0.00198675,0.00352264
-0.081,0,0
-0.0806,0,0
-0.0802,0,0
-0.0798,0.00605657,0.00606767
-0.0794,0,0
-0.079,0.00237042,0.00395861
-0.0786,0.00588175,0.0058922
-0.0782,0,0
-0.0778,0,0
-0.0774,0,0
-0.077,0,0
-0.0766,0,0
-0.0762,0,0
-0.0758,0,0
-0.0754,0,0
-0.075,0,0
-0.0746,0.0130701,0.00927581
-0.0742,0.000628114,0.00190273
-0.0738,0,0
-0.0734,0.000761143,0.00206964
-0.073,0.00660773,0.00662088
-0.0726,0,0
-0.0722,0,0
-0.0718,0,0
-0.0714,0.00618511,0.00619663
-0.071,0.00616729,0.00617874
-0.0706,0,0
-0.0702,0,0
-0.0698,0.00654382,0.0065567
-0.0694,0.00629316,0.00630507
-0.069,0,0
-0.0686,0.00594753,0.00595817
-0.0682,0,0
-0.0678,0,0
-0.0674,0,0
-0.067,0,0
-0.0666,0,0
-0.0662,0.00698104,0.00699568
-0.0658,0.00602416,0.00603506
-0.0654,0,0
-0.065,0,0
-0.0646,0.00667536,0.00668873
-0.0642,0,0
-0.0638,0.00658794,0.00660096
-0.0634,0,0
-0.063,0,0
-0.0626,0,0
-0.0622,0,0
-0.0618,0,0
-0.0614,0,0
-0.061,0,0
-0.0606,0,0
-0.0602,0,0
-0.0598,0.005893,0.0059034
-0.0594,0,0
-0.059,0,0
-0.0586,0,0
-0.0582,0,0
-0.0578,0,0
-0.0574,0,0
-0.057,0,0
-0.0566,0.00633488,0.00634688
-0.0562,0.0059132,0.00592366
-0.0558,0,0
-0.0554,0,0
-0.055,0.000775406,0.00221878
-0.0546,0,0
-0.0542,0,0
-0.0538,0,0
-0.0534,0,0
-0.053,0.00596131,0.00597192
-0.0526,0.00566444,0.00567402
-0.0522,0.0113311,0.00802588
-0.0518,0.00643788,0.00645025
-0.0514,0,0
-0.051,0,0
-0.0506,0.00598337,0.00599405
-0.0502,0.00555479,0.00556399
-0.0498,0,0
-0.0494,0,0
-0.049,0,0
-0.0486,0,0
-0.0482,0,0
-0.0478,0,0
-0.0474,0.000454827,0.00177329
-0.047,0,0
-0.0466,0,0
-0.0462,0.00645952,0.00647194
-0.0458,0.0178005,0.0102953
-0.0454,0.00224533,0.00370562
-0.045,0,0
-0.0446,0,0
-0.0442,0.00474116,0.00534028
-0.0438,0.00597454,0.00598515
-0.0434,0,0
-0.043,0,0
-0.0426,0.00232145,0.00396193
-0.0422,0,0
-0.0418,0.00574543,0.00575523
-0.0414,0.00647846,0.00649092
-0.041,0.00357624,0.00479506
-0.0406,0.00647429,0.00648673
-0.0402,0,0
-0.0398,0,0
-0.0394,0.00614557,0.00615677
-0.039,0.00850392,0.00723971
-0.0386,0.0023468,0.00384966
-0.0382,0.00640089,0.00641303
-0.0378,0,0
-0.0374,0.00121756,0.00281021
-0.037,0.0101045,0.00780511
-0.0366,0,0
-0.0362,0,0
-0.0358,0.00667383,0.00668701
-0.0354,0,0
-0.035,0,0
-0.0346,0,0
-0.0342,0.00654338,0.00655604
-0.0338,0.00588379,0.00589403
-0.0334,0.0126419,0.0089621
-0.033,0.00655607,0.00656878
-0.0326,0,0
-0.0322,0,0
-0.0318,0,0
-0.0314,0.0124747,0.00885821
-0.031,0.0046061,0.0055524
-0.0306,0,0
-0.0302,0,0
-0.0298,0.012997,0.00920791
-0.0294,0.0189991,0.0109897
-0.029,0.0065484,0.00656105
-0.0286,0,0
-0.0282,0,0
-0.0278,0.0196073,0.0113421
-0.0274,0,0
-0.027,0.0026539,0.00406127
-0.0266,0,0
-0.0262,0,0
-0.0258,0.00645209,0.00646436
-0.0254,0.00750575,0.0068294
-0.025,0.013214,0.00936191
-0.0246,0.00615453,0.00616569
-0.0242,0.00258424,0.00399565
-0.0238,0,0
-0.0234,0.00474461,0.00539516
-0.023,0,0
-0.0226,0.0154271,0.00992522
-0.0222,0,0
-0.0218,0,0
-0.0214,0,0
-0.021,0.000426464,0.0016323
-0.0206,0.00811935,0.00697314
-0.0202,0.0073311,0.00734689
-0.0198,0.00592847,0.0059388
-0.0194,0.00572727,0.00573691
-0.019,0.0112264,0.00795139
-0.0186,0.0162919,0.00976568
-0.0182,0,0
-0.0178,0.0088512,0.00738727
-0.0174,0.00649907,0.00651147
-0.017,0.00763949,0.00696337
-0.0166,0.00676074,0.00654063
-0.0162,0,0
-0.0158,0.0269535,0.0128943
-0.0154,0.00634224,0.00635404
-0.015,0.00931708,0.00770577
-0.0146,0.0065859,0.00659862
-0.0142,0.0128247,0.00908668
-0.0138,0,0
-0.0134,0.0249199,0.0124842
-0.013,0,0
-0.0126,0.00617037,0.00618152
-0.0122,0,0
-0.0118,0.00615916,0.00617027
-0.0114,0.00771855,0.00688862
-0.011,0,0
-0.0106,0.0102675,0.00800738
-0.0102,0.00566582,0.00567522
-0.0098,0.0109667,0.00828644
-0.0094,0.0126853,0.00898653
-0.009,0.0200379,0.0115922
-0.0086,0.000749025,0.00223265
-0.0082,0,0
-0.0078,0.00603253,0.00604318
-0.0074,0.0124858,0.0088449
-0.007,0,0
-0.0066,1.64651e-05,0.000333091
-0.0062,0,0
-0.0058,0.0179553,0.0103884
-0.0054,0.0124271,0.00880326
-0.005,0.0483671,0.0183191
-0.0046,0.0269168,0.0134883
-0.0042,0.0405265,0.0162796
-0.0038,0.0309934,0.0137099
-0.0034,0.0283396,0.0130342
-0.003,0.037203,0.0152054
-0.0026,0.0577432,0.0183847
-0.0022,0.091127,0.0246266
-0.0018,0.146923,0.0307168
-0.0014,0.236521,0.0385203
-0.001,0.400445,0.0499951
-0.0006,0.632563,0.063524
-0.0002,0.658011,0.0645857
0.0002,0.660002,0.0659609
0.0006,0.529497,0.0583343
0.001,0.382875,0.0482828
0.0014,0.215073,0.0357671
0.0018,0.0788181,0.0225333
0.0022,0.065405,0.0190855
0.0026,0.0270863,0.013348
0.003,0.0346176,0.0149795
0.0034,0.0193781,0.0108459
0.0038,0.019183,0.0111028
0.0042,0.00608023,0.00609099
0.0046,0.046342,0.0173816
0.005,0.0182856,0.010576
0.0054,0.0125798,0.00891152
0.0058,0.00973707,0.00785125
0.0062,0.0120856,0.00871892
0.0066,0.00615497,0.00616598
0.007,0.0116883,0.00827895
0.0074,0.0237946,0.0127287
0.0078,0.00636538,0.00637716
0.0082,0.0195418,0.0113086
0.0086,0.00615971,0.00617073
0.009,0.0152677,0.00961606
0.0094,0.0241808,0.0122552
0.0098,0,0
0.0102,0.0190851,0.0110423
0.0106,0.0260125,0.0130373
0.011,0,0
0.0114,0,0
0.0118,0.0101926,0.00782949
0.0122,0.00634659,0.00635827
0.0126,0.00697245,0.0069809
0.013,0.0133777,0.00948578
0.0134,0.00495284,0.00564779
0.0138,0.0181366,0.0104896
0.0142,0.0175275,0.010139
0.0146,0.00775593,0.00682593
0.015,0.00894588,0.00734162
0.0154,0.00613195,0.00614284
0.0158,0,0
0.0162,0,0
0.0166,0.0129588,0.00918465
0.017,0.00667627,0.00668917
0.0174,0.0212191,0.0113167
0.0178,0.0104302,0.00814156
0.0182,0.000415232,0.00167332
0.0186,0.0110992,0.00882856
0.019,0.013791,0.00977167
0.0194,0.00578837,0.00579807
0.0198,0.00631863,0.00633017
0.0202,0,0
0.0206,0.00737316,0.00671341
0.021,0,0
0.0214,0,0
0.0218,0.0133139,0.00943293
0.0222,0,0
0.0226,0.00644768,0.00645968
0.023,0,0
0.0234,0.0061028,0.00611356
0.0238,0,0
0.0242,0.00656887,0.00658132
0.0246,0.0127469,0.00902999
0.025,0.0201034,0.0116677
0.0254,0.0183936,0.0106496
0.0258,0.00652805,0.00654034
0.0262,0.00636596,0.00637765
0.0266,0.00593374,0.0059439
0.027,0.00583018,0.00583999
0.0274,0,0
0.0278,0.00630383,0.00631529
0.0282,0,0
0.0286,0,0
0.029,0,0
0.0294,0,0
0.0298,0,0
0.0302,0,0
0.0306,0,0
0.031,0.00600475,0.00601513
0.0314,0,0
0.0318,0.00628323,0.0062946
0.0322,0.0065455,0.00655783
0.0326,0.00635138,0.00636299
0.033,0.00637267,0.00638436
0.0334,0,0
0.0338,0,0
0.0342,0.00646329,0.0064753
0.0346,0.00643745,0.00644937
0.035,0,0
0.0354,0.00633639,0.00634793
0.0358,0,0
0.0362,0.00673855,0.0067516
0.0366,0,0
0.037,0,0
0.0374,0,0
0.0378,0,0
0.0382,0.00053029,0.00178864
0.0386,0,0
0.039,0.00661731,0.00662988
0.0394,0,0
0.0398,0,0
0.0402,0.0123672,0.00876046
0.0406,0.00660107,0.00661357
0.041,0,0
0.0414,0.00618862,0.00619961
0.0418,0.00612313,0.00613388
0.0422,0.00300298,0.00416863
0.0426,0,0
0.043,0,0
0.0434,0.0182493,0.0107469
0.0438,0,0
0.0442,0,0
0.0446,0,0
0.045,0,0
0.0454,0,0
0.0458,0.00619674,0.00620774
0.0462,0,0
0.0466,0.00846426,0.00720445
0.047,0,0
0.0474,0,0
0.0478,0,0
0.0482,0.0066413,0.00665391
0.0486,0.00594865,0.00595877
0.049,0,0
0.0494,0,0
0.0498,0.00688009,0.00689362
0.0502,0.00808218,0.00694893
0.0506,0.00612882,0.00613955
0.051,0,0
0.0514,0,0
0.0518,0,0
0.0522,0.00608939,0.00609999
0.0526,0.00629177,0.00630308
0.053,0.00640623,0.00641795
0.0534,0.0067095,0.00672236
0.0538,0.00626199,0.00627318
0.0542,0,0
0.0546,0,0
0.055,0,0
0.0554,0,0
0.0558,0.000728691,0.00216014
0.0562,0,0
0.0566,0.0176783,0.0102238
0.057,0,0
0.0574,0,0
0.0578,0,0
0.0582,0.00631333,0.0063247
0.0586,0,0
0.059,0,0
0.0594,0.0060825,0.00609304
0.0598,0,0
0.0602,0,0
0.0606,0,0
0.061,0,0
0.0614,0.0123731,0.00876634
0.0618,0.0127166,0.00900855
0.0622,0,0
0.0626,0,0
0.063,0.00793019,0.0073472
0.0634,0.00635505,0.00636655
0.0638,0,0
0.0642,0.00644141,0.00645321
0.0646,0,0
0.065,0,0
0.0654,0.0104603,0.00788771
0.0658,0,0
0.0662,0.00511771,0.00555921
0.0666,0,0
0.067,0,0
0.0674,0,0
0.0678,0,0
0.0682,0.0062907,0.00630195
0.0686,0.00636887,0.0063804
0.069,0,0
0.0694,0,0
0.0698,0,0
0.0702,0,0
0.0706,0,0
0.071,0,0
0.0714,0,0
0.0718,0.00635639,0.00636787
0.0722,0,0
0.0726,0,0
0.073,0.0125788,0.00891043
0.0734,0,0
0.0738,0,0
0.0742,0,0
0.0746,0,0
0.075,0,0
0.0754,0,0
0.0758,0.00612443,0.00613507
0.0762,0,0
0.0766,0,0
0.077,0.00621484,0.00622579
0.0774,0,0
0.0778,0.00582884,0.00583847
0.0782,0.00582948,0.00583911
0.0786,0.00690727,0.00692079
0.079,0,0
0.0794,0,0
0.0798,0.00599349,0.00600367
0.0802,0,0
0.0806,0.0115387,0.00817248
0.081,0,0
0.0814,0,0
0.0818,0.00610103,0.00611157
0.0822,0,0
0.0826,0,0
0.083,0,0
0.0834,0,0
0.0838,0.00618288,0.00619369
0.0842,0,0
0.0846,0,0
0.085,0.0059338,0.00594377
0.0854,0,0
0.0858,0,0
0.0862,0,0
0.0866,0.00613967,0.00615033
0.087,0,0
0.0874,0.00625301,0.00626407
0.0878,0.00695083,0.00696448
0.0882,0,0
0.0886,0,0
0.089,0,0
0.0894,0,0
0.0898,0,0
0.0902,0,0
0.0906,0,0
0.091,0,0
0.0914,0,0
0.0918,0,0
0.0922,0,0
0.0926,0,0
0.093,0,0
0.0934,0,0
0.0938,0,0
0.0942,0.00680624,0.00681931
0.0946,0,0
0.095,0.00616395,0.00617466
0.0954,0.00661682,0.00662917
0.0958,0.00571232,0.00612195
0.0962,0.000226259,0.00127451
0.0966,0,0
0.097,0,0
0.0974,0,0
0.0978,0.000700824,0.00206822
0.0982,0,0
0.0986,0,0
0.099,0,0
0.0994,0,0
0.0998,0.00638634,0.00639783
0.1002,0,0
0.1006,0.00713417,0.00714851
0.101,0.00692775,0.00694126
0.1014,0,0
0.1018,0.00684718,0.00686038
0.1022,0,0
0.1026,0,0
0.103,0,0
0.1034,0,0
0.1038,0,0
0.1042,0,0
0.1046,0,0
0.105,0,0
0.1054,0,0
0.1058,0,0
0.1062,0,0
0.1066,0,0
0.107,0.00779915,0.00781625
0.1074,0,0
0.1078,0,0
0.1082,0,0
0.1086,0,0
0.109,0,0
0.1094,0,0
0.1098,0,0
0.1102,0,0
0.1106,0.00859123,0.00861197
0.111,0,0
0.1114,0.00877211,0.00879372
0.1118,0,0
0.1122,0,0
0.1126,0.00888848,0.00891067
0.113,0.00971519,0.00974169
0.1134,0,0
0.1138,0,0
0.1142,0,0
0.1146,0.0098768,0.00990418
0.115,0,0
0.1154,0,0
0.1158,0,0
0.1162,0,0
0.1166,0.00954992,0.00957552
0.117,0,0
0.1174,0,0
0.1178,0,0
0.1182,0,0
0.1186,0,0
0.119,0,0
0.1194,0.0221272,0.0156948
0.1198,0,0
4
-0.1198,0,0
-0.1194,0,0
-0.119,0.00220569,0.00372922
-0.1186,0.00629989,0.00631205
-0.1182,0,0
-0.1178,0.00684938,0.00686375
-0.1174,0,0
-0.117,0.00599765,0.00600866
-0.1166,0,0
-0.1162,0,0
-0.1158,0,0
-0.1154,0,0
-0.115,0,0
-0.1146,0.00450882,0.00537523
-0.1142,0.00236113,0.00389017
-0.1138,0,0
-0.1134,0,0
-0.113,0.00643225,0.00644488
-0.1126,0.00619409,0.00620581
-0.1122,0,0
-0.1118,0,0
-0.1114,0,0
-0.111,0,0
-0.1106,0,0
-0.1102,0,0
-0.1098,0,0
-0.1094,0,0
-0.109,0,0
-0.1086,0,0
-0.1082,0,0
-0.1078,0,0
-0.1074,0,0
-0.107,0,0
-0.1066,0,0
-0.1062,0,0
-0.1058,0.00749529,0.00680774
-0.1054,0.00856112,0.00727118
-0.105,0,0
-0.1046,0.00648648,0.00649927
-0.1042,0.00952616,0.00783477
-0.1038,0,0
-0.1034,0.00595964,0.00597044
-0.103,0,0
-0.1026,0,0
-0.1022,0,0
-0.1018,0,0
-0.1014,0.00542572,0.00543466
-0.101,0,0
-0.1006,0,0
-0.1002,0,0
-0.0998,0,0
-0.0994,0,0
-0.099,0,0
-0.0986,0,0
-0.0982,0,0
-0.0978,0,0
-0.0974,0,0
-0.097,0.00584849,0.00585885
-0.0966,0,0
-0.0962,0,0
-0.0958,0.015362,0.00934412
-0.0954,0,0
-0.095,0,0
-0.0946,0,0
-0.0942,0.00634787,0.00636006
-0.0938,0,0
-0.0934,0.00594199,0.00595267
-0.093,0,0
-0.0926,0,0
-0.0922,0,0
-0.0918,0,0
-0.0914,0,0
-0.091,0.00862663,0.00700501
-0.0906,0.0119823,0.00848815
-0.0902,0,0
-0.0898,0,0
-0.0894,0,0
-0.089,0,0
-0.0886,0,0
-0.0882,0.00620616,0.00621778
-0.0878,0.00116903,0.00274556
-0.0874,0,0
-0.087,0,0
-0.0866,0,0
-0.0862,0.0061248,0.00613611
-0.0858,0,0
-0.0854,0.00584549,0.00585579
-0.085,0,0
-0.0846,0.00565971,0.00566937
-0.0842,0,0
-0.0838,0,0
-0.0834,0,0
-0.083,0,0
-0.0826,0.00760986,0.00660243
-0.0822,0.00588356,0.00589398
-0.0818,0.0115445,0.00817741
-0.0814,0.0105165,0.00812724
-0.081,0,0
-0.0806,0.00601024,0.00602111
-0.0802,0.00656532,0.00657828
-0.0798,0.00608901,0.00610016
-0.0794,0.00583912,0.00584937
-0.079,0.0108553,0.00849346
-0.0786,0,0
-0.0782,0,0
-0.0778,0,0
-0.0774,0,0
-0.077,0.00619767,0.00620921
-0.0766,0,0
-0.0762,0,0
-0.0758,0,0
-0.0754,0,0
-0.075,0,0
-0.0746,0.00618489,0.00619638
-0.0742,0.00513885,0.00545462
-0.0738,0,0
-0.0734,0.00486872,0.00524588
-0.073,0,0
-0.0726,0,0
-0.0722,0.00599757,0.00600836
-0.0718,0,0
-0.0714,0,0
-0.071,0.00619185,0.00620335
-0.0706,0,0
-0.0702,0.00637229,0.00638446
-0.0698,0,0
-0.0694,0,0
-0.069,0,0
-0.0686,0,0
-0.0682,0.00614578,0.00615709
-0.0678,0.00608303,0.00609412
-0.0674,0.00579385,0.0058039
-0.067,0,0
-0.0666,0,0
-0.0662,0,0
-0.0658,0,0
-0.0654,0.00583978,0.00584999
-0.065,0,0
-0.0646,0,0
-0.0642,0,0
-0.0638,0,0
-0.0634,0,0
-0.063,0,0
-0.0626,0.0174982,0.0101203
-0.0622,0,0
-0.0618,0,0
-0.0614,0,0
-0.061,0,0
-0.0606,0,0
-0.0602,0.00938279,0.00748882
-0.0598,0,0
-0.0594,0.00614724,0.00615853
-0.059,0.00606658,0.00607758
-0.0586,0,0
-0.0582,0,0
-0.0578,0.00545005,0.00545893
-0.0574,0,0
-0.057,0,0
-0.0566,0,0
-0.0562,0,0
-0.0558,0,0
-0.0554,0,0
-0.055,0.00555646,0.00594316
-0.0546,0,0
-0.0542,0.00586259,0.00587285
-0.0538,0.00586225,0.0058725
-0.0534,0,0
-0.053,0,0
-0.0526,0.00596671,0.00597732
-0.0522,0,0
-0.0518,0.00644086,0.00645323
-0.0514,0,0
-0.051,0.00657862,0.00659152
-0.0506,0,0
-0.0502,0.0117942,0.00835541
-0.0498,0,0
-0.0494,0.00578423,0.0057942
-0.049,0.0196821,0.0113858
-0.0486,0.00126684,0.002747
-0.0482,0,0
-0.0478,0,0
-0.0474,0.0199501,0.0116724
-0.047,0,0
-0.0466,0,0
-0.0462,0.00645366,0.00646607
-0.0458,0,0
-0.0454,0.00608681,0.00609784
-0.045,0.0125512,0.00889163
-0.0446,0.00625391,0.00626556
-0.0442,0.00761414,0.00693965
-0.0438,0,0
-0.0434,0.00588361,0.00589392
-0.043,0.00121947,0.00277767
-0.0426,0.00440545,0.00545302
-0.0422,0.00632851,0.00634042
-0.0418,0,0
-0.0414,0,0
-0.041,0.00282267,0.00425549
-0.0406,0.00645987,0.00647228
-0.0402,0,0
-0.0398,0,0
-0.0394,0,0
-0.039,0.00375926,0.00480146
-0.0386,0.00707641,0.00667567
-0.0382,0.00638275,0.00639486
-0.0378,0,0
-0.0374,0.0116701,0.00868722
-0.037,0.00190475,0.00338353
-0.0366,0.0124086,0.00879038
-0.0362,0.0130186,0.00923642
-0.0358,0,0
-0.0354,0,0
-0.035,0,0
-0.0346,0,0
-0.0342,0,0
-0.0338,0,0
-0.0334,0.012591,0.00892605
-0.033,0,0
-0.0326,0.00633958,0.00635151
-0.0322,0.00623501,0.00624656
-0.0318,0.00017594,0.00104935
-0.0314,0.00578226,0.00579218
-0.031,0,0
-0.0306,0,0
-0.0302,0,0
-0.0298,0,0
-0.0294,0,0
-0.029,0,0
-0.0286,0.00628026,0.00629197
-0.0282,0.000807512,0.00226549
-0.0278,0,0
-0.0274,0.00649913,0.00651166
-0.027,0.0157872,0.00986319
-0.0266,0,0
-0.0262,0,0
-0.0258,0,0
-0.0254,0,0
-0.025,0.00656362,0.0065764
-0.0246,0,0
-0.0242,0.00669288,0.00640821
-0.0238,0.00596766,0.00597822
-0.0234,0.00742789,0.00672644
-0.023,0,0
-0.0226,0.00037514,0.00154696
-0.0222,0.00635522,0.0063672
-0.0218,0,0
-0.0214,0.00627138,0.00628304
-0.021,0.00575186,0.00597054
-0.0206,0.00758712,0.00671313
-0.0202,0.00697899,0.00699343
-0.0198,0,0
-0.0194,0.00567789,0.00568745
-0.019,0,0
-0.0186,0.00671208,0.0061323
-0.0182,0,0
-0.0178,0,0
-0.0174,0.0128753,0.00912159
-0.017,0.0112226,0.00839925
-0.0166,0.0118791,0.00864149
-0.0162,0.00613564,0.0061468
-0.0158,0.0146505,0.00937448
-0.0154,0.0062835,0.00629521
-0.015,0.0127996,0.00906937
-0.0146,0.00651632,0.00652891
-0.0142,0.0124866,0.00884569
-0.0138,0,0
-0.0134,0,0
-0.013,0,0
-0.0126,0.0119287,0.00844978
-0.0122,0,0
-0.0118,0.00628856,0.00630028
-0.0114,0.0223055,0.0115555
-0.011,0,0
-0.0106,0.00834919,0.0072066
-0.0102,0,0
-0.0098,0.00149104,0.00303601
-0.0094,0,0
-0.009,0,0
-0.0086,0.0127385,0.00902783
-0.0082,0.0119512,0.00846578
-0.0078,0.0236442,0.0118437
-0.0074,0.0119502,0.00846895
-0.007,0.00615591,0.00616715
-0.0066,0.0198626,0.011495
-0.0062,0.00615492,0.00616616
-0.0058,0.00578471,0.00579464
-0.0054,0.00674645,0.00675994
-0.005,0.0275318,0.0137941
-0.0046,0.0196194,0.0113493
-0.0042,0.0239703,0.0123714
-0.0038,0.017722,0.01025
-0.0034,0.0380252,0.0155613
-0.003,0.0291277,0.0131027
-0.0026,0.0303354,0.0136208
-0.0022,0.097451,0.0252155
-0.0018,0.189323,0.0345731
-0.0014,0.280572,0.0416796
-0.001,0.363785,0.047253
-0.0006,0.55547,0.0590482
-0.0002,0.498278,0.0557037
0.0002,0.491764,0.0564221
0.0006,0.367714,0.0481825
0.001,0.248474,0.0385436
0.0014,0.182209,0.0326087
0.0018,0.139341,0.0296351
0.0022,0.0442557,0.0155386
0.0026,0.0505173,0.0179289
0.003,0.0277282,0.0129261
0.0034,0.0119336,0.00845346
0.0038,0.0128437,0.00909918
0.0042,0.00629482,0.00630658
0.0046,0.0126837,0.00898586
0.005,0.00638856,0.00640067
0.0054,0.00617569,0.00618701
0.0058,0.000372682,0.00151981
0.0062,0.00612182,0.00613295
0.0066,0.0180712,0.0104521
0.007,0,0
0.0074,0.0165314,0.0104936
0.0078,0,0
0.0082,0.00623938,0.00625095
0.0086,0.00623906,0.00625062
0.009,0.00589932,0.00590966
0.0094,0.0066089,0.00633351
0.0098,0.00643613,0.00644844
0.0102,0.0126358,0.00895165
0.0106,0,0
0.011,0.00646535,0.00647777
0.0114,0.0119933,0.00849821
0.0118,0.0120426,0.00853417
0.0122,0.00619305,0.00620444
0.0126,0.00679116,0.00680487
0.013,0.00679082,0.00680452
0.0134,0.013574,0.00911417
0.0138,0.00552598,0.00553506
0.0142,0,0
0.0146,0.00407089,0.00485866
0.015,0.0151559,0.00958464
0.0154,0.00597306,0.00598367
0.0158,0.00620408,0.00621553
0.0162,0.0116643,0.00856166
0.0166,0.0122345,0.00866687
0.017,0.0191,0.0110495
0.0174,0.00861476,0.00711293
0.0178,0.00369205,0.0047779
0.0182,0.0257309,0.0129913
0.0186,0.00689582,0.00690996
0.019,0.00677375,0.0067874
0.0194,0.0180286,0.0104698
0.0198,0,0
0.0202,0.00617326,0.0061846
0.0206,0,0
0.021,0.00597742,0.00598805
0.0214,0.0065255,0.00653817
0.0218,0.00652529,0.00653796
0.0222,0.00638421,0.00639633
0.0226,0.00570079,0.00571046
0.023,0,0
0.0234,0.0118427,0.00838881
0.0238,0,0
0.0242,0.00620845,0.00621992
0.0246,0.0130508,0.00925924
0.025,0,0
0.0254,0.0120788,0.00856613
0.0258,0,0
0.0262,0,0
0.0266,0.00574914,0.00575898
0.027,0,0
0.0274,0,0
0.0278,0.00592724,0.0059377
0.0282,0,0
0.0286,0,0
0.029,0,0
0.0294,0,0
0.0298,0.00591497,0.00592538
0.0302,0,0
0.0306,0.0118033,0.00836091
0.031,0,0
0.0314,0,0
0.0318,0,0
0.0322,0.00632512,0.00633704
0.0326,0,0
0.033,0,0
0.0334,0,0
0.0338,0,0
0.0342,0,0
0.0346,0,0
0.035,0,0
0.0354,0,0
0.0358,0,0
0.0362,0.0128846,0.00912864
0.0366,0,0
0.037,0.00569339,0.00570305
0.0374,0,0
0.0378,0,0
0.0382,0.00552212,0.00553121
0.0386,0,0
0.039,0,0
0.0394,0.0124306,0.00880606
0.0398,0.00576205,0.00577194
0.0402,0.00635514,0.00636717
0.0406,0.0127099,0.00900431
0.041,0,0
0.0414,0,0
0.0418,0,0
0.0422,0,0
0.0426,0,0
0.043,0.00582584,0.00583595
0.0434,0.00060509,0.00189332
0.0438,0,0
0.0442,0,0
0.0446,0.00593426,0.00594476
0.045,0,0
0.0454,0.00615132,0.00616259
0.0458,0,0
0.0462,0,0
0.0466,0.015342,0.00950425
0.047,0,0
0.0474,0.0113316,0.00802623
0.0478,0,0
0.0482,0,0
0.0486,0.00570641,0.00571613
0.049,0,0
0.0494,0,0
0.0498,0,0
0.0502,0,0
0.0506,0,0
0.051,0,0
0.0514,0.00578187,0.00579184
0.0518,0,0
0.0522,0,0
0.0526,0,0
0.053,0,0
0.0534,0,0
0.0538,0,0
0.0542,0,0
0.0546,0,0
0.055,0,0
0.0554,0.00586048,0.00587072
0.0558,0.00540586,0.00575425
0.0562,0.00612161,0.00613279
0.0566,0,0
0.057,0.00599131,0.00600201
0.0574,0.00586429,0.00587455
0.0578,0.0124302,0.00880576
0.0582,0,0
0.0586,0.00586499,0.00587525
0.059,0.00596464,0.00597525
0.0594,0,0
0.0598,0,0
0.0602,0,0
0.0606,0.00690399,0.00691821
0.061,0,0
0.0614,0,0
0.0618,0.012138,0.00859861
0.0622,0,0
0.0626,0.00632085,0.00633277
0.063,0,0
0.0634,0.012404,0.00878724
0.0638,0,0
0.0642,0,0
0.0646,0.00614307,0.00615433
0.065,0,0
0.0654,0.00133009,0.00274618
0.0658,0,0
0.0662,0,0
0.0666,0,0
0.067,0.00559526,0.00560461
0.0674,0,0
0.0678,0,0
0.0682,0,0
0.0686,0,0
0.069,0,0
0.0694,0,0
0.0698,0,0
0.0702,0.00584269,0.00585288
0.0706,0.00594772,0.00595828
0.071,0.0114235,0.00809145
0.0714,0.00604702,0.00605793
0.0718,0,0
0.0722,0.0117886,0.00835047
0.0726,0,0
0.073,0,0
0.0734,0,0
0.0738,0.00598809,0.00599879
0.0742,0,0
0.0746,0,0
0.075,0,0
0.0754,0.0059224,0.00593287
0.0758,0,0
0.0762,0,0
0.0766,0.0116589,0.00825907
0.077,0.00585861,0.00586886
0.0774,0,0
0.0778,0.0121296,0.00859247
0.0782,0,0
0.0786,0.00645127,0.00646369
0.079,0.0064951,0.00650769
0.0794,0,0
0.0798,0.0043067,0.00495715
0.0802,0.00559376,0.0056031
0.0806,0.00584609,0.0058563
0.081,0,0
0.0814,0,0
0.0818,0,0
0.0822,0,0
0.0826,0,0
0.083,0.00572163,0.00573141
0.0834,0.00614362,0.00615489
0.0838,0.00653572,0.00654847
0.0842,0.00570011,0.00574565
0.0846,0.00592809,0.00593858
0.085,0,0
0.0854,0,0
0.0858,0,0
0.0862,0,0
0.0866,0,0
0.087,0,0
0.0874,0,0
0.0878,0,0
0.0882,0,0
0.0886,0,0
0.089,0,0
0.0894,0,0
0.0898,0.00630672,0.00631859
0.0902,0,0
0.0906,0,0
0.091,0.0125591,0.00893611
0.0914,0.00600715,0.00601792
0.0918,0,0
0.0922,0,0
0.0926,0,0
0.093,0,0
0.0934,0,0
0.0938,0,0
0.0942,0,0
0.0946,0,0
0.095,0,0
0.0954,0.00617901,0.0061904
0.0958,0.000779374,0.00219852
0.0962,0,0
0.0966,0,0
0.097,0,0
0.0974,0.00590291,0.00591331
0.0978,0,0
0.0982,0.00627732,0.00628907
0.0986,0,0
0.099,0,0
0.0994,0.00622686,0.00623842
0.0998,0.00611926,0.00613043
0.1002,0,0
0.1006,0,0
0.101,0.00654316,0.00655593
0.1014,0,0
0.1018,0,0
0.1022,0,0
0.1026,0,0
0.103,0,0
0.1034,0,0
0.1038,0,0
0.1042,0,0
0.1046,0,0
0.105,0.00751548,0.00753231
0.1054,0.00717228,0.00729932
0.1058,0.00739646,0.00741276
0.1062,0,0
0.1066,0,0
0.107,0,0
0.1074,0,0
0.1078,0,0
0.1082,0,0
0.1086,0,0
0.109,0,0
0.1094,0,0
0.1098,0,0
0.1102,0,0
0.1106,0,0
0.111,0,0
0.1114,0.00827837,0.00829877
0.1118,0,0
0.1122,0,0
0.1126,0.00876664,0.00878951
0.113,0,0
0.1134,0,0
0.1138,0.00879197,0.00881497
0.1142,0,0
0.1146,0.00907881,0.00910333
0.115,0.00932073,0.00934657
0.1154,0,0
0.1158,0.008749,0.00877177
0.1162,0,0
0.1166,0,0
0.117,0,0
0.1174,0,0
0.1178,0,0
0.1182,0,0
0.1186,0,0
0.119,0,0
0.1194,0,0
0.1198,0,0
5
-0.1198,0,0
-0.1194,0,0
-0.119,0,0
-0.1186,0,0
-0.1182,0,0
-0.1178,0,0
-0.1174,0,0
-0.117,0,0
-0.1166,0,0
-0.1162,0.00611652,0.00612787
-0.1158,0,0
-0.1154,0,0
-0.115,0,0
-0.1146,0,0
-0.1142,0.00405775,0.00512155
-0.1138,0,0
-0.1134,0,0
-0.113,0,0
-0.1126,0.012497,0.00885343
-0.1122,0,0
-0.1118,0,0
-0.1114,0,0
-0.111,0.00608757,0.00609877
-0.1106,0,0
-0.1102,0,0
-0.1098,0,0
-0.1094,0,0
-0.109,0,0
-0.1086,0,0
-0.1082,0,0
-0.1078,0.00572544,0.00573533
-0.1074,0.00646189,0.00647449
-0.107,0.00646379,0.00647639
-0.1066,0,0
-0.1062,0.00617212,0.00618359
-0.1058,0.00373999,0.00481412
-0.1054,0.00373102,0.0047921
-0.105,0,0
-0.1046,0,0
-0.1042,0.00983341,0.00800245
-0.1038,0,0
-0.1034,0,0
-0.103,0,0
-0.1026,0.00540965,0.00541844
-0.1022,0,0
-0.1018,0.0125477,0.00888932
-0.1014,0,0
-0.101,0,0
-0.1006,0.00637032,0.00638249
-0.1002,0.00719086,0.00720637
-0.0998,0,0
-0.0994,0,0
-0.099,0,0
-0.0986,0,0
-0.0982,0,0
-0.0978,0,0
-0.0974,0,0
-0.097,0,0
-0.0966,0,0
-0.0962,0,0
-0.0958,0,0
-0.0954,0.00703992,0.00705473
-0.095,0,0
-0.0946,0,0
-0.0942,0.00642762,0.00643996
-0.0938,0,0
-0.0934,0,0
-0.093,0,0
-0.0926,0,0
-0.0922,0,0
-0.0918,0,0
-0.0914,0,0
-0.091,0.00274676,0.0039788
-0.0906,0,0
-0.0902,0.00664756,0.00666073
-0.0898,0,0
-0.0894,0.00651893,0.00653159
-0.089,0,0
-0.0886,0.0062902,0.00630198
-0.0882,0,0
-0.0878,0,0
-0.0874,0,0
-0.087,0,0
-0.0866,0,0
-0.0862,0,0
-0.0858,0,0
-0.0854,0,0
-0.085,0,0
-0.0846,0,0
-0.0842,0.00613482,0.00614599
-0.0838,0.00595271,0.00596323
-0.0834,0,0
-0.083,0,0
-0.0826,0.00389407,0.00477649
-0.0822,0.00597177,0.00598235
-0.0818,0,0
-0.0814,0,0
-0.081,0,0
-0.0806,0.00363928,0.00472104
-0.0802,0,0
-0.0798,0,0
-0.0794,0,0
-0.079,0,0
-0.0786,0,0
-0.0782,0,0
-0.0778,0,0
-0.0774,0.00711326,0.00682074
-0.077,0,0
-0.0766,0,0
-0.0762,0.0065442,0.00655686
-0.0758,0,0
-0.0754,0,0
-0.075,0,0
-0.0746,0,0
-0.0742,0,0
-0.0738,0,0
-0.0734,0,0
-0.073,0,0
-0.0726,0,0
-0.0722,0,0
-0.0718,0,0
-0.0714,0.00629723,0.00630892
-0.071,0,0
-0.0706,0,0
-0.0702,0,0
-0.0698,0,0
-0.0694,0,0
-0.069,0.00655367,0.00656632
-0.0686,0.0062034,0.00621473
-0.0682,0,0
-0.0678,0.00619087,0.00620215
-0.0674,0,0
-0.067,0,0
-0.0666,0,0
-0.0662,0,0
-0.0658,0.00254777,0.00396608
-0.0654,0,0
-0.065,0,0
-0.0646,0,0
-0.0642,0,0
-0.0638,0.00631535,0.00632707
-0.0634,0,0
-0.063,0.00268699,0.00401806
-0.0626,0,0
-0.0622,0.00615835,0.00616948
-0.0618,0.00640626,0.00641831
-0.0614,0,0
-0.061,0,0
-0.0606,0,0
-0.0602,0.00251513,0.00386853
-0.0598,0,0
-0.0594,0,0
-0.059,0,0
-0.0586,0.00618266,0.00619387
-0.0582,0,0
-0.0578,0.00555442,0.00556346
-0.0574,0,0
-0.057,0.00610592,0.00611685
-0.0566,0.00646757,0.00647983
-0.0562,0,0
-0.0558,0.00623849,0.00624989
-0.0554,0.0126948,0.00899462
-0.055,0.00659603,0.00660876
-0.0546,0.00597694,0.0059874
-0.0542,0.0125257,0.00887329
-0.0538,0,0
-0.0534,0,0
-0.053,0,0
-0.0526,0,0
-0.0522,0,0
-0.0518,0,0
-0.0514,0.00772664,0.00734811
-0.051,0,0
-0.0506,0,0
-0.0502,0,0
-0.0498,0,0
-0.0494,0.00673747,0.00675073
-0.049,0,0
-0.0486,0.00476391,0.005381
-0.0482,0,0
-0.0478,0,0
-0.0474,0,0
-0.047,0,0
-0.0466,0.00599675,0.00600725
-0.0462,0,0
-0.0458,0,0
-0.0454,0.0183169,0.010595
-0.045,0,0
-0.0446,0.00638489,0.00639678
-0.0442,0.00611137,0.00612225
-0.0438,0,0
-0.0434,0.0124441,0.00882055
-0.043,0.00519158,0.00579164
-0.0426,0.00870138,0.00774466
-0.0422,0,0
-0.0418,0.00585654,0.00586653
-0.0414,0,0
-0.041,0,0
-0.0406,0,0
-0.0402,0,0
-0.0398,0,0
-0.0394,0,0
-0.039,0,0
-0.0386,0.0120011,0.00878745
-0.0382,0,0
-0.0378,0.00658166,0.00659426
-0.0374,0,0
-0.037,0.00611955,0.00613045
-0.0366,0,0
-0.0362,0.00629981,0.00631135
-0.0358,0,0
-0.0354,0.00166316,0.00323019
-0.035,0,0
-0.0346,0,0
-0.0342,0.0128912,0.00913776
-0.0338,0,0
-0.0334,0,0
-0.033,0.00648061,0.00649281
-0.0326,0,0
-0.0322,0,0
-0.0318,0.0260021,0.0130735
-0.0314,0.005912,0.00592215
-0.031,0.00678504,0.00679841
-0.0306,0.00676761,0.0067809
-0.0302,0,0
-0.0298,0,0
-0.0294,0,0
-0.029,0.00659761,0.00661024
-0.0286,0,0
-0.0282,0.00565073,0.00606099
-0.0278,0,0
-0.0274,0,0
-0.027,0,0
-0.0266,0,0
-0.0262,0.00655918,0.00657165
-0.0258,0,0
-0.0254,0,0
-0.025,0,0
-0.0246,0,0
-0.0242,0.00566314,0.00596303
-0.0238,0.0184131,0.01065
-0.0234,0,0
-0.023,0,0
-0.0226,0.00612096,0.00632192
-0.0222,0.00690945,0.00692328
-0.0218,0,0
-0.0214,0,0
-0.021,0.00632183,0.00633341
-0.0206,0.0135036,0.00961762
-0.0202,0,0
-0.0198,0.00733324,0.00676648
-0.0194,0.0056972,0.0057066
-0.019,0,0
-0.0186,0,0
-0.0182,0.0062538,0.00626513
-0.0178,0.00632103,0.00633259
-0.0174,0.00659417,0.00660675
-0.017,0.0196397,0.0113996
-0.0166,0.000198073,0.00112942
-0.0162,0.00639449,0.00640632
-0.0158,0.00612427,0.00613512
-0.0154,0,0
-0.015,0,0
-0.0146,0,0
-0.0142,0.0130029,0.00921292
-0.0138,0.00614913,0.00616007
-0.0134,0,0
-0.013,0,0
-0.0126,0.0062538,0.0062651
-0.0122,0.012642,0.00895562
-0.0118,0.0382757,0.0156568
-0.0114,0,0
-0.011,0.00607126,0.00608191
-0.0106,0,0
-0.0102,0,0
-0.0098,0.0189575,0.0109651
-0.0094,0.00642446,0.00643639
-0.009,0,0
-0.0086,0.00635975,0.00637144
-0.0082,0.00613348,0.00614434
-0.0078,0,0
-0.0074,0,0
-0.007,0.00632138,0.00633292
-0.0066,0,0
-0.0062,0.00594221,0.0059524
-0.0058,0.0059428,0.005953
-0.0054,0,0
-0.005,0.00707292,0.00708735
-0.0046,0.00672104,0.00673407
-0.0042,0.0194762,0.0112745
-0.0038,0.006131,0.00614184
-0.0034,0.0126527,0.00897219
-0.003,0.0190969,0.0110623
-0.0026,0.0474848,0.0167882
-0.0022,0.154162,0.0322128
-0.0018,0.136093,0.0297559
-0.0014,0.267369,0.0413391
-0.001,0.309534,0.0442136
-0.0006,0.481599,0.0557655
-0.0002,0.309669,0.0444989
0.0002,0.46362,0.0555622
0.0006,0.342549,0.0471666
0.001,0.23971,0.0384407
0.0014,0.252407,0.0390005
0.0018,0.106945,0.026467
0.0022,0.0454448,0.0161324
0.0026,0.0255817,0.012835
0.003,0.0370809,0.0151654
0.0034,0.0122076,0.00864731
0.0038,0.0132208,0.00936633
0.0042,0.0129596,0.00918095
0.0046,0.00657671,0.00658919
0.005,0.0061458,0.0061567
0.0054,0.00634123,0.00635283
0.0058,0.0123309,0.00887014
0.0062,0.00633007,0.00634163
0.0066,0,0
0.007,0.0117745,0.00834003
0.0074,0.00683074,0.0068442
0.0078,0,0
0.0082,0.00642416,0.00643607
0.0086,0.0186014,0.0107588
0.009,0.00607415,0.0060848
0.0094,0.0185289,0.0107175
0.0098,0.00662739,0.00664006
0.0102,0.00650584,0.00651806
0.0106,0.00618569,0.00619673
0.011,0.0133161,0.00943401
0.0114,0.00671657,0.00672959
0.0118,0.0060239,0.00603438
0.0122,0.00637807,0.00638981
0.0126,0.00699465,0.00700877
0.013,0,0
0.0134,0.00644056,0.00645253
0.0138,0,0
0.0142,0.00569201,0.00570136
0.0146,0.00595333,0.00596356
0.015,0.00627011,0.00628145
0.0154,0.006154,0.00616493
0.0158,0.0127848,0.00905691
0.0162,0.0136386,0.00934755
0.0166,0,0
0.017,0,0
0.0174,0,0
0.0178,0.0190471,0.011017
0.0182,0,0
0.0186,0.00710764,0.00712222
0.019,0,0
0.0194,0,0
0.0198,0,0
0.0202,0.00636381,0.0063755
0.0206,0,0
0.021,0.00616271,0.00617367
0.0214,0.00621177,0.0062229
0.0218,0,0
0.0222,0.0131663,0.00932766
0.0226,0,0
0.023,0.006714,0.00672701
0.0234,0,0
0.0238,0,0
0.0242,0,0
0.0246,0,0
0.025,0,0
0.0254,0.0130538,0.00924783
0.0258,0,0
0.0262,0,0
0.0266,0,0
0.027,0,0
0.0274,0,0
0.0278,0.00611665,0.00612744
0.0282,0.0126544,0.00896436
0.0286,0,0
0.029,0,0
0.0294,0,0
0.0298,0.00610595,0.0061167
0.0302,0,0
0.0306,0,0
0.031,0,0
0.0314,0,0
0.0318,0,0
0.0322,0,0
0.0326,0.00653182,0.00654412
0.033,0,0
0.0334,0,0
0.0338,0.00605368,0.00606425
0.0342,0,0
0.0346,0.0066047,0.00661728
0.035,0.00632733,0.00633887
0.0354,0,0
0.0358,0,0
0.0362,0.00671696,0.00672997
0.0366,0,0
0.037,0.00643254,0.00644446
0.0374,0,0
0.0378,0.00637092,0.00638262
0.0382,0,0
0.0386,0.0122339,0.00879276
0.039,0.00659123,0.00660375
0.0394,0.00699199,0.00700608
0.0398,0,0
0.0402,0,0
0.0406,0.0065729,0.00658534
0.041,0,0
0.0414,0,0
0.0418,0,0
0.0422,0,0
0.0426,0,0
0.043,0.004881,0.00543375
0.0434,0,0
0.0438,0,0
0.0442,0.00631464,0.00632613
0.0446,0,0
0.045,0,0
0.0454,0,0
0.0458,0,0
0.0462,0,0
0.0466,0,0
0.047,0,0
0.0474,0.00586901,0.00587892
0.0478,0,0
0.0482,0,0
0.0486,0.0121731,0.00862635
0.049,0,0
0.0494,0,0
0.0498,0.00620049,0.00621155
0.0502,0,0
0.0506,0.00655813,0.0065705
0.051,0.00636233,0.00637398
0.0514,0,0
0.0518,0,0
0.0522,0,0
0.0526,0,0
0.053,0.012642,0.00895569
0.0534,0,0
0.0538,0.00621886,0.00622998
0.0542,0.00672019,0.00673318
0.0546,0.00671435,0.00672731
0.055,0,0
0.0554,0,0
0.0558,0.00650577,0.00651793
0.0562,0,0
0.0566,0,0
0.057,0.00622055,0.00623167
0.0574,0,0
0.0578,0,0
0.0582,0.0121835,0.00863015
0.0586,0,0
0.059,0.00636751,0.00637916
0.0594,0,0
0.0598,0.00606005,0.0060706
0.0602,0.012121,0.00858577
0.0606,0,0
0.061,0,0
0.0614,0,0
0.0618,0,0
0.0622,0.00635528,0.00636687
0.0626,0,0
0.063,0,0
0.0634,0,0
0.0638,0,0
0.0642,0,0
0.0646,0,0
0.065,0.00672026,0.00673321
0.0654,0.00588141,0.00589133
0.0658,0,0
0.0662,0,0
0.0666,0,0
0.067,0,0
0.0674,0,0
0.0678,0,0
0.0682,0,0
0.0686,0,0
0.069,0,0
0.0694,0.00640557,0.00641732
0.0698,0,0
0.0702,0,0
0.0706,0,0
0.071,0,0
0.0714,0.00610007,0.00611072
0.0718,0,0
0.0722,0.0061634,0.00617427
0.0726,0,0
0.073,0,0
0.0734,0,0
0.0738,0,0
0.0742,0,0
0.0746,0,0
0.075,0,0
0.0754,0,0
0.0758,0,0
0.0762,0,0
0.0766,0.00601335,0.00602369
0.077,0,0
0.0774,0,0
0.0778,0,0
0.0782,0,0
0.0786,0,0
0.079,0,0
0.0794,0,0
0.0798,0.00144295,0.00293427
0.0802,0,0
0.0806,0,0
0.081,0,0
0.0814,0.0124417,0.00881325
0.0818,0.00605391,0.00606437
0.0822,0,0
0.0826,0,0
0.083,0,0
0.0834,0.00643273,0.00644453
0.0838,0.00684393,0.00685728
0.0842,7.49059e-05,0.000674038
0.0846,0,0
0.085,0,0
0.0854,0.00580696,0.00581657
0.0858,0,0
0.0862,0,0
0.0866,0,0
0.087,0,0
0.0874,0,0
0.0878,0,0
0.0882,0,0
0.0886,0,0
0.089,0,0
0.0894,0,0
0.0898,0.00661757,0.00663003
0.0902,0,0
0.0906,0,0
0.091,0,0
0.0914,0.00630653,0.00631784
0.0918,0,0
0.0922,0,0
0.0926,0,0
0.093,0,0
0.0934,0.00634914,0.00636059
0.0938,0,0
0.0942,0,0
0.0946,0,0
0.095,0,0
0.0954,0,0
0.0958,0,0
0.0962,0,0
0.0966,0,0
0.097,0,0
0.0974,0.0061927,0.00621274
0.0978,0,0
0.0982,0,0
0.0986,0,0
0.099,0,0
0.0994,0,0
0.0998,0,0
0.1002,0.00635457,0.00636601
0.1006,0,0
0.101,0,0
0.1014,0.00680906,0.00682218
0.1018,0.00681449,0.00682763
0.1022,0,0
0.1026,0,0
0.103,0,0
0.1034,0,0
0.1038,0,0
0.1042,0,0
0.1046,0,0
0.105,0,0
0.1054,0.000236017,0.00136012
0.1058,0,0
0.1062,0,0
0.1066,0,0
0.107,0,0
0.1074,0,0
0.1078,0,0
0.1082,0,0
0.1086,0,0
0.109,0.00831841,0.00833792
0.1094,0,0
0.1098,0.0080753,0.00809368
0.1102,0,0
0.1106,0,0
0.111,0,0
0.1114,0,0
0.1118,0,0
0.1122,0,0
0.1126,0,0
0.113,0,0
0.1134,0,0
0.1138,0,0
0.1142,0,0
0.1146,0.00885773,0.00887979
0.115,0,0
0.1154,0,0
0.1158,0,0
0.1162,0,0
0.1166,0,0
0.117,0,0
0.1174,0,0
0.1178,0,0
0.1182,0,0
0.1186,0,0
0.119,0,0
0.1194,0,0
0.1198,0,0
6
-0.1198,0,0
-0.1194,0,0
-0.119,0,0
-0.1186,0.00565144,0.00566235
-0.1182,0,0
-0.1178,0,0
-0.1174,0,0
-0.117,0,0
-0.1166,0,0
-0.1162,0,0
-0.1158,0,0
-0.1154,0,0
-0.115,0,0
-0.1146,0,0
-0.1142,0.00156188,0.00299935
-0.1138,0,0
-0.1134,0.0111657,0.00791031
-0.113,0.00582902,0.00584056
-0.1126,0.00578413,0.00579549
-0.1122,0,0
-0.1118,0,0
-0.1114,0,0
-0.111,0,0
-0.1106,0,0
-0.1102,0,0
-0.1098,0,0
-0.1094,0,0
-0.109,0.00115268,0.00244451
-0.1086,0,0
-0.1082,0,0
-0.1078,0,0
-0.1074,0,0
-0.107,0,0
-0.1066,0,0
-0.1062,0,0
-0.1058,0,0
-0.1054,0,0
-0.105,0,0
-0.1046,0,0
-0.1042,0,0
-0.1038,0,0
-0.1034,0,0
-0.103,0,0
-0.1026,0,0
-0.1022,0,0
-0.1018,0,0
-0.1014,0.00489338,0.00490144
-0.101,0.00585607,0.00586761
-0.1006,0,0
-0.1002,0,0
-0.0998,0,0
-0.0994,0,0
-0.099,0,0
-0.0986,0,0
-0.0982,0,0
-0.0978,0,0
-0.0974,0,0
-0.097,0,0
-0.0966,0,0
-0.0962,0.000398747,0.00145068
-0.0958,0.00511885,0.00512763
-0.0954,0,0
-0.095,0,0
-0.0946,0,0
-0.0942,0.00574021,0.00575123
-0.0938,0,0
-0.0934,0,0
-0.093,0,0
-0.0926,0,0
-0.0922,0,0
-0.0918,0,0
-0.0914,0.00513182,0.00514061
-0.091,0,0
-0.0906,0,0
-0.0902,0,0
-0.0898,0,0
-0.0894,0,0
-0.089,0,0
-0.0886,0,0
-0.0882,0,0
-0.0878,0,0
-0.0874,0,0
-0.087,0,0
-0.0866,0.0105781,0.00749308
-0.0862,0,0
-0.0858,0,0
-0.0854,0,0
-0.085,0,0
-0.0846,0,0
-0.0842,0.00543821,0.00544812
-0.0838,0,0
-0.0834,0,0
-0.083,0,0
-0.0826,0,0
-0.0822,0,0
-0.0818,0,0
-0.0814,0,0
-0.081,0,0
-0.0806,0.00217083,0.00342314
-0.0802,0,0
-0.0798,0,0
-0.0794,0,0
-0.079,0,0
-0.0786,0,0
-0.0782,0,0
-0.0778,0,0
-0.0774,0.0051891,0.00545555
-0.077,0,0
-0.0766,0,0
-0.0762,0,0
-0.0758,0,0
-0.0754,0,0
-0.075,0.00521318,0.00522237
-0.0746,0,0
-0.0742,0,0
-0.0738,0,0
-0.0734,0.00499327,0.00500171
-0.073,0.00587916,0.00589086
-0.0726,0.00530994,0.00531949
-0.0722,0,0
-0.0718,0,0
-0.0714,0,0
-0.071,0,0
-0.0706,0,0
-0.0702,0,0
-0.0698,0,0
-0.0694,0.00595213,0.00596417
-0.069,0,0
-0.0686,0,0
-0.0682,0,0
-0.0678,0,0
-0.0674,0,0
-0.067,0,0
-0.0666,0,0
-0.0662,0,0
-0.0658,0.00310831,0.00406836
-0.0654,0,0
-0.065,0.00543056,0.00544062
-0.0646,0,0
-0.0642,0.00566128,0.00567222
-0.0638,0,0
-0.0634,0,0
-0.063,0.00283609,0.00382663
-0.0626,0,0
-0.0622,0,0
-0.0618,0,0
-0.0614,0,0
-0.061,0.00523066,0.00524003
-0.0606,0,0
-0.0602,0.00507696,0.00508579
-0.0598,0,0
-0.0594,0,0
-0.059,0.00535558,0.00536542
-0.0586,0,0
-0.0582,0,0
-0.0578,0,0
-0.0574,0.0049666,0.00497507
-0.057,0,0
-0.0566,0,0
-0.0562,0,0
-0.0558,0.00514151,0.0051506
-0.0554,0,0
-0.055,0.00561166,0.00562249
-0.0546,0,0
-0.0542,0,0
-0.0538,0,0
-0.0534,0,0
-0.053,0.00501654,0.00502522
-0.0526,0,0
-0.0522,0,0
-0.0518,0,0
-0.0514,0.00496281,0.00527228
-0.051,0,0
-0.0506,0.0056809,0.00569204
-0.0502,0,0
-0.0498,0,0
-0.0494,0,0
-0.049,0,0
-0.0486,0,0
-0.0482,0,0
-0.0478,0.0059255,0.00593764
-0.0474,0.0057173,0.00572861
-0.047,0,0
-0.0466,0,0
-0.0462,0.00554934,0.00556
-0.0458,0.00524313,0.00525265
-0.0454,0.00522998,0.00523945
-0.045,0.00539059,0.00540066
-0.0446,0,0
-0.0442,0.00513765,0.0051468
-0.0438,0,0
-0.0434,0.00504623,0.00505507
-0.043,0,0
-0.0426,0.00422162,0.00494206
-0.0422,0,0
-0.0418,0,0
-0.0414,0.0110075,0.00779849
-0.041,0,0
-0.0406,0.00552717,0.00553778
-0.0402,0.00565592,0.00566704
-0.0398,0,0
-0.0394,0,0
-0.039,0.00522103,0.00523051
-0.0386,0,0
-0.0382,0,0
-0.0378,0,0
-0.0374,0,0
-0.037,0,0
-0.0366,0,0
-0.0362,0,0
-0.0358,0,0
-0.0354,0.00382463,0.00447248
-0.035,0,0
-0.0346,0,0
-0.0342,0,0
-0.0338,0,0
-0.0334,0,0
-0.033,0,0
-0.0326,0,0
-0.0322,0,0
-0.0318,0.00548693,0.00549745
-0.0314,0,0
-0.031,0.00562043,0.00563146
-0.0306,0,0
-0.0302,0,0
-0.0298,0,0
-0.0294,0,0
-0.029,0,0
-0.0286,0,0
-0.0282,0,0
-0.0278,0,0
-0.0274,0.00524151,0.00525113
-0.027,0.0103669,0.00734385
-0.0266,0,0
-0.0262,0.00502486,0.00503371
-0.0258,0,0
-0.0254,0,0
-0.025,0,0
-0.0246,0.00540866,0.00541892
-0.0242,0,0
-0.0238,0,0
-0.0234,0,0
-0.023,0,0
-0.0226,0,0
-0.0222,0,0
-0.0218,0,0
-0.0214,0.004969,0.00497767
-0.021,0,0
-0.0206,0,0
-0.0202,0,0
-0.0198,0.00480562,0.00533064
-0.0194,0.00478984,0.0047979
-0.019,0,0
-0.0186,0,0
-0.0182,0,0
-0.0178,0,0
-0.0174,0.00542604,0.00543639
-0.017,0.000106403,0.000765935
-0.0166,0.0105537,0.00747646
-0.0162,0,0
-0.0158,0,0
-0.0154,0.00529151,0.00530136
-0.015,0,0
-0.0146,0,0
-0.0142,0,0
-0.0138,0.00504929,0.00505827
-0.0134,0.00513976,0.00514906
-0.013,0,0
-0.0126,0.0100354,0.00710868
-0.0122,0.00518588,0.00519535
-0.0118,0,0
-0.0114,0.00497822,0.00498695
-0.011,0.00496331,0.00497199
-0.0106,0,0
-0.0102,0,0
-0.0098,0,0
-0.0094,0.00562595,0.00563711
-0.009,0,0
-0.0086,0,0
-0.0082,0.00502138,0.00503028
-0.0078,0.00499958,0.0050084
-0.0074,0,0
-0.007,0,0
-0.0066,0.00558386,0.00559486
-0.0062,0,0
-0.0058,0.00971865,0.00688393
-0.0054,0.00514124,0.00515057
-0.005,0.0231254,0.0115864
-0.0046,0.00578066,0.00579246
-0.0042,0.0109046,0.00772556
-0.0038,0,0
-0.0034,0.00493645,0.00494506
-0.003,0.0245984,0.0110331
-0.0026,0.0288169,0.0118121
-0.0022,0.0495542,0.0165504
-0.0018,0.100424,0.0230836
-0.0014,0.124498,0.0254785
-0.001,0.144442,0.0272753
-0.0006,0.236154,0.0352735
-0.0002,0.170945,0.0298179
0.0002,0.249047,0.0367957
0.0006,0.198402,0.0322635
0.001,0.145099,0.0269958
0.0014,0.122782,0.0246131
0.0018,0.140549,0.026747
0.0022,0.0502436,0.0152056
0.0026,0.0501922,0.0167856
0.003,0.0100474,0.00713107
0.0034,0.0300735,0.0122996
0.0038,0,0
0.0042,0.020589,0.0103172
0.0046,0.0107367,0.0076064
0.005,0.010386,0.00736177
0.0054,0.0103542,0.00733496
0.0058,0.0103272,0.00731944
0.0062,0,0
0.0066,0.0102126,0.00723467
0.007,0,0
0.0074,0.00558114,0.00559213
0.0078,0,0
0.0082,0,0
0.0086,0,0
0.009,0,0
0.0094,0.0101851,0.00721491
0.0098,0,0
0.0102,0,0
0.0106,0.00544872,0.00545919
0.011,0.0054979,0.00550855
0.0114,0,0
0.0118,0,0
0.0122,0.00522528,0.0052349
0.0126,0,0
0.013,0.00573392,0.00574549
0.0134,0,0
0.0138,0,0
0.0142,0,0
0.0146,0.00488763,0.00489602
0.015,0,0
0.0154,0,0
0.0158,0.00525461,0.0052643
0.0162,0,0
0.0166,0,0
0.017,0,0
0.0174,0,0
0.0178,0,0
0.0182,0,0
0.0186,0,0
0.019,0,0
0.0194,0,0
0.0198,0.00479704,0.00480507
0.0202,0,0
0.0206,0,0
0.021,0,0
0.0214,0,0
0.0218,0,0
0.0222,0,0
0.0226,0.00488421,0.00489249
0.023,0,0
0.0234,0,0
0.0238,0.00494721,0.00514515
0.0242,0,0
0.0246,0,0
0.025,0,0
0.0254,0,0
0.0258,0,0
0.0262,0,0
0.0266,0,0
0.027,0,0
0.0274,0,0
0.0278,0.00512585,0.0051349
0.0282,0,0
0.0286,0.00518233,0.00519156
0.029,0,0
0.0294,0,0
0.0298,0.0108712,0.00771345
0.0302,0,0
0.0306,0,0
0.031,0.00504885,0.00505758
0.0314,0,0
0.0318,0.00971805,0.0072197
0.0322,0,0
0.0326,0,0
0.033,0,0
0.0334,0,0
0.0338,0.00545363,0.00546376
0.0342,0,0
0.0346,0,0
0.035,0,0
0.0354,0,0
0.0358,0,0
0.0362,0,0
0.0366,0.0110725,0.00784481
0.037,0,0
0.0374,0,0
0.0378,0,0
0.0382,0,0
0.0386,0.000295601,0.00129108
0.039,0,0
0.0394,0,0
0.0398,0,0
0.0402,0,0
0.0406,0,0
0.041,0.00525151,0.0052608
0.0414,0.0158014,0.00913915
0.0418,0.00522001,0.00522918
0.0422,0,0
0.0426,0,0
0.043,0.000984281,0.00226024
0.0434,0,0
0.0438,0.00564083,0.00565149
0.0442,0,0
0.0446,0,0
0.045,0,0
0.0454,0.00548323,0.00549328
0.0458,0,0
0.0462,0,0
0.0466,0,0
0.047,0.00328034,0.0041307
0.0474,0,0
0.0478,0,0
0.0482,0.00373383,0.00462496
0.0486,0,0
0.049,0,0
0.0494,0,0
0.0498,0.010746,0.00761213
0.0502,0.00512989,0.00513862
0.0506,0,0
0.051,0,0
0.0514,0,0
0.0518,0,0
0.0522,0,0
0.0526,0,0
0.053,0.00546536,0.00547523
0.0534,0.00580348,0.0058146
0.0538,0.00580702,0.00581814
0.0542,0,0
0.0546,0,0
0.055,0,0
0.0554,0,0
0.0558,0,0
0.0562,0,0
0.0566,0.0102347,0.00724917
0.057,0,0
0.0574,0.00533219,0.00534152
0.0578,0.00549012,0.0055
0.0582,0.00549354,0.00550342
0.0586,0,0
0.059,0,0
0.0594,0,0
0.0598,0,0
0.0602,0,0
0.0606,0.00976566,0.00786598
0.061,0.00529126,0.00530039
0.0614,0.00529455,0.00530369
0.0618,0,0
0.0622,0,0
0.0626,0,0
0.063,0,0
0.0634,0,0
0.0638,0,0
0.0642,0.00540912,0.00541862
0.0646,0,0
0.065,0.00295139,0.00419611
0.0654,0,0
0.0658,0.0112065,0.0079386
0.0662,0,0
0.0666,0,0
0.067,0.00516531,0.00517393
0.0674,0.00516849,0.00517712
0.0678,0.00563324,0.00564349
0.0682,0,0
0.0686,0,0
0.069,0,0
0.0694,0,0
0.0698,0,0
0.0702,0,0
0.0706,0,0
0.071,0,0
0.0714,0.00964669,0.00732606
0.0718,0,0
0.0722,0,0
0.0726,0,0
0.073,0,0
0.0734,0,0
0.0738,0,0
0.0742,0,0
0.0746,0.00529213,0.00530108
0.075,0,0
0.0754,0,0
0.0758,0.00544391,0.00545337
0.0762,0,0
0.0766,0,0
0.077,0,0
0.0774,0,0
0.0778,0,0
0.0782,0,0
0.0786,0,0
0.079,0,0
0.0794,0,0
0.0798,0,0
0.0802,0,0
0.0806,0,0
0.081,0.00595689,0.00596812
0.0814,0,0
0.0818,0.00546027,0.0054697
0.0822,0,0
0.0826,0,0
0.083,0,0
0.0834,0,0
0.0838,0,0
0.0842,0,0
0.0846,0,0
0.085,0,0
0.0854,0,0
0.0858,0,0
0.0862,0,0
0.0866,0,0
0.087,0,0
0.0874,0,0
0.0878,0,0
0.0882,0,0
0.0886,0,0
0.089,0,0
0.0894,0.0108897,0.00771422
0.0898,0,0
0.0902,0,0
0.0906,0,0
0.091,0.001185,0.00254404
0.0914,0.00574495,0.00575524
0.0918,0,0
0.0922,0.0128079,0.00879581
0.0926,0,0
0.093,0,0
0.0934,0,0
0.0938,0.00542876,0.00543792
0.0942,0,0
0.0946,0,0
0.095,0,0
0.0954,0,0
0.0958,0,0
0.0962,0,0
0.0966,0,0
0.097,0,0
0.0974,1.67102e-05,0.000308892
0.0978,0,0
0.0982,0,0
0.0986,0,0
0.099,0,0
0.0994,0.0119295,0.00845128
0.0998,0,0
0.1002,0,0
0.1006,0,0
0.101,0,0
0.1014,0.00625659,0.00626864
0.1018,0,0
0.1022,0,0
0.1026,0.0127248,0.0090166
0.103,0,0
0.1034,0,0
0.1038,0,0
0.1042,0.00697402,0.00698896
0.1046,0,0
0.105,0,0
0.1054,0,0
0.1058,0.0073528,0.00736938
0.1062,0,0
0.1066,0,0
0.107,0,0
0.1074,0,0
0.1078,0,0
0.1082,0.00766238,0.00768036
0.1086,0,0
0.109,0,0
0.1094,0,0
0.1098,0.00717308,0.00718883
0.1102,0,0
0.1106,0,0
0.111,0.0080415,0.00806129
0.1114,0.0158447,0.0112325
0.1118,0,0
0.1122,0.00815405,0.0081744
0.1126,0,0
0.113,0.00851999,0.00854221
0.1134,0,0
0.1138,0,0
0.1142,0,0
0.1146,0,0
0.115,0,0
0.1154,0,0
0.1158,0,0
0.1162,0,0
0.1166,0,0
0.117,0.00983805,0.00986776
0.1174,0,0
0.1178,0,0
0.1182,0,0
0.1186,0,0
0.119,0.0294481,0.0170567
0.1194,0,0
0.1198,0,0
7
-0.1198,0,0
-0.1194,0,0
-0.119,0,0
-0.1186,0,0
-0.1182,0,0
-0.1178,0,0
-0.1174,0,0
-0.117,0,0
-0.1166,0,0
-0.1162,0,0
-0.1158,0,0
-0.1154,0.00516655,0.0051758
-0.115,0.00532022,0.00533003
-0.1146,0.00562669,0.00563767
-0.1142,0.00409385,0.00480818
-0.1138,0,0
-0.1134,0,0
-0.113,0,0
-0.1126,0,0
-0.1122,0,0
-0.1118,0.00486778,0.00487602
-0.1114,0,0
-0.111,0,0
-0.1106,0,0
-0.1102,0,0
-0.1098,0,0
-0.1094,0,0
-0.109,0.00390338,0.00443634
-0.1086,0,0
-0.1082,0,0
-0.1078,0,0
-0.1074,0,0
-0.107,0,0
-0.1066,0.00528951,0.00529928
-0.1062,0.00528761,0.00529737
-0.1058,0,0
-0.1054,0,0
-0.105,0,0
-0.1046,0,0
-0.1042,0.00564088,0.00565201
-0.1038,0.00556697,0.00557781
-0.1034,0,0
-0.103,0,0
-0.1026,0,0
-0.1022,0,0
-0.1018,0,0
-0.1014,0.0156851,0.00910469
-0.101,0,0
-0.1006,0.00544885,0.00545927
-0.1002,0,0
-0.0998,0,0
-0.0994,0,0
-0.099,0,0
-0.0986,0,0
-0.0982,0,0
-0.0978,0,0
-0.0974,0,0
-0.097,0.00503294,0.00504186
-0.0966,0.00530974,0.00531967
-0.0962,0.00462352,0.00481792
-0.0958,0,0
-0.0954,0.00596989,0.00598245
-0.095,0,0
-0.0946,0.00575519,0.00576687
-0.0942,0,0
-0.0938,0,0
-0.0934,0,0
-0.093,0,0
-0.0926,0,0
-0.0922,0.00527355,0.00528339
-0.0918,0,0
-0.0914,0,0
-0.091,0.00483462,0.0048429
-0.0906,0,0
-0.0902,0.0053167,0.00532672
-0.0898,0,0
-0.0894,0,0
-0.089,0.0104659,0.00741423
-0.0886,0,0
-0.0882,0,0
-0.0878,0.00546511,0.0054757
-0.0874,0,0
-0.087,0,0
-0.0866,0,0
-0.0862,0,0
-0.0858,0,0
-0.0854,0,0
-0.085,0,0
-0.0846,0,0
-0.0842,0,0
-0.0838,0,0
-0.0834,0.0102721,0.0072767
-0.083,0,0
-0.0826,0,0
-0.0822,0,0
-0.0818,0,0
-0.0814,0,0
-0.081,0,0
-0.0806,0.00511498,0.00512423
-0.0802,0.00558754,0.00559857
-0.0798,0,0
-0.0794,0.00496928,0.004978
-0.079,0,0
-0.0786,0,0
-0.0782,0,0
-0.0778,0,0
-0.0774,0,0
-0.077,0.00527738,0.00528721
-0.0766,0,0
-0.0762,0,0
-0.0758,0,0
-0.0754,0,0
-0.075,0,0
-0.0746,0,0
-0.0742,0,0
-0.0738,0,0
-0.0734,0,0
-0.073,0,0
-0.0726,0,0
-0.0722,0,0
-0.0718,0.00511601,0.00512521
-0.0714,0,0
-0.071,0.00528735,0.00529717
-0.0706,0,0
-0.0702,0,0
-0.0698,0.0112262,0.0079538
-0.0694,0,0
-0.069,0,0
-0.0686,0,0
-0.0682,0,0
-0.0678,0,0
-0.0674,0.00495842,0.00496702
-0.067,0,0
-0.0666,0,0
-0.0662,0,0
-0.0658,0,0
-0.0654,0,0
-0.065,0.00530731,0.00531714
-0.0646,0,0
-0.0642,0.00554096,0.00555167
-0.0638,0.00566836,0.00567956
-0.0634,0,0
-0.063,0,0
-0.0626,0.005009,0.00501774
-0.0622,0,0
-0.0618,0,0
-0.0614,0,0
-0.061,0.00515172,0.00516094
-0.0606,0.00521075,0.00522018
-0.0602,0.00518986,0.00519921
-0.0598,0,0
-0.0594,0,0
-0.059,0,0
-0.0586,0,0
-0.0582,0,0
-0.0578,0,0
-0.0574,0,0
-0.057,0.00516998,0.00517922
-0.0566,0,0
-0.0562,0.00516723,0.00517646
-0.0558,0,0
-0.0554,0.00529004,0.0052997
-0.055,0,0
-0.0546,0,0
-0.0542,0,0
-0.0538,0,0
-0.0534,0,0
-0.053,0,0
-0.0526,0,0
-0.0522,0,0
-0.0518,0.0167669,0.00969902
-0.0514,0,0
-0.051,0,0
-0.0506,0,0
-0.0502,0,0
-0.0498,0.00503043,0.0050391
-0.0494,0,0
-0.049,0,0
-0.0486,0.00415262,0.00464158
-0.0482,0.00515069,0.00515976
-0.0478,0,0
-0.0474,0.00600263,0.00601493
-0.047,0,0
-0.0466,0.0051304,0.00513938
-0.0462,0,0
-0.0458,0.0051812,0.00519035
-0.0454,0,0
-0.045,0.00549149,0.00550175
-0.0446,0,0
-0.0442,0,0
-0.0438,0,0
-0.0434,0,0
-0.043,0,0
-0.0426,0.00544399,0.00545403
-0.0422,0,0
-0.0418,0.00503953,0.00504813
-0.0414,0,0
-0.041,0,0
-0.0406,0,0
-0.0402,0,0
-0.0398,0,0
-0.0394,0,0
-0.039,0,0
-0.0386,0,0
-0.0382,0,0
-0.0378,0,0
-0.0374,0.00589424,0.00590591
-0.037,0,0
-0.0366,0,0
-0.0362,0,0
-0.0358,0,0
-0.0354,0.00542661,0.00543647
-0.035,0.00538152,0.00539121
-0.0346,0,0
-0.0342,0,0
-0.0338,0,0
-0.0334,0,0
-0.033,0.00581509,0.00582636
-0.0326,0,0
-0.0322,0.0055606,0.00557089
-0.0318,0,0
-0.0314,0.0051634,0.00517226
-0.031,0,0
-0.0306,0,0
-0.0302,0,0
-0.0298,0,0
-0.0294,0.00583677,0.00584806
-0.029,0,0
-0.0286,0,0
-0.0282,0.0113257,0.00802356
-0.0278,0,0
-0.0274,0,0
-0.027,0.00550697,0.00551697
-0.0266,0.00129729,0.00277521
-0.0262,0.0057778,0.00578878
-0.0258,0,0
-0.0254,0,0
-0.025,0,0
-0.0246,0.00577976,0.00579073
-0.0242,0.00547885,0.00548869
-0.0238,0.00548316,0.00549301
-0.0234,0,0
-0.023,0,0
-0.0226,0.00572145,0.00573214
-0.0222,0.00577091,0.00578179
-0.0218,0,0
-0.0214,0.00535187,0.00536121
-0.021,0.00497158,0.00529562
-0.0206,0,0
-0.0202,0.00636245,0.00637561
-0.0198,0,0
-0.0194,0,0
-0.019,0,0
-0.0186,0.0111695,0.00791233
-0.0182,0,0
-0.0178,0.00919222,0.00722233
-0.0174,0.00590271,0.00591397
-0.017,0,0
-0.0166,0.00247684,0.00378159
-0.0162,0.0057374,0.00574801
-0.0158,0,0
-0.0154,0.0115657,0.00819344
-0.015,0,0
-0.0146,0.0059428,0.00595415
-0.0142,0.00594726,0.00595862
-0.0138,0,0
-0.0134,0,0
-0.013,0,0
-0.0126,0.00552175,0.00553152
-0.0122,0,0
-0.0118,0.0056432,0.00565339
-0.0114,0.0056471,0.00565729
-0.011,0.0123875,0.00825397
-0.0106,0,0
-0.0102,0,0
-0.0098,0,0
-0.0094,0.00583022,0.00584104
-0.009,0,0
-0.0086,0,0
-0.0082,0.00555252,0.00556232
-0.0078,0,0
-0.0074,0.011506,0.00815084
-0.007,0,0
-0.0066,0,0
-0.0062,0.00541774,0.00542703
-0.0058,0.0108424,0.00767994
-0.0054,0,0
-0.005,0.00633078,0.00634344
-0.0046,0.00614159,0.0061535
-0.0042,0.0153263,0.00968825
-0.0038,0.00560882,0.00561874
-0.0034,0.0140278,0.00891154
-0.003,0.0216961,0.0113229
-0.0026,0.0372585,0.0142354
-0.0022,0.0669203,0.0203449
-0.0018,0.0713296,0.0206308
-0.0014,0.16962,0.0316231
-0.001,0.263698,0.0391087
-0.0006,0.297739,0.0420367
-0.0002,0.332243,0.044235
0.0002,0.362486,0.0471295
0.0006,0.247905,0.038312
0.001,0.291463,0.040654
0.0014,0.238329,0.036303
0.0018,0.162257,0.0313114
0.0022,0.0544575,0.0171286
0.0026,0.0661986,0.0204344
0.003,0.0586946,0.0186142
0.0034,0.0309726,0.0132511
0.0038,0.0181338,0.01043
0.0042,0.0227044,0.0113724
0.0046,0.0120904,0.00856554
0.005,0.011787,0.00835482
0.0054,0.0233464,0.0116956
0.0058,0.00590749,0.00591245
0.0062,0.0234676,0.0117553
0.0066,0.00585029,0.00586093
0.007,0.0011992,0.00256497
0.0074,0,0
0.0078,0,0
0.0082,0.00634791,0.00636041
0.0086,0.00597544,0.00598651
0.009,0,0
0.0094,0,0
0.0098,0,0
0.0102,0,0
0.0106,0.00539219,0.00579474
0.011,0,0
0.0114,0,0
0.0118,0.0224682,0.0112537
0.0122,0.00594842,0.00595936
0.0126,0,0
0.013,0.00652548,0.00653865
0.0134,0.00600994,0.0060211
0.0138,0,0
0.0142,0,0
0.0146,0,0
0.015,0,0
0.0154,0.00574484,0.00575504
0.0158,0,0
0.0162,0.00602222,0.00603343
0.0166,0,0
0.017,0.0125,0.00885592
0.0174,0.00605979,0.00607115
0.0178,0.00592399,0.00593484
0.0182,0,0
0.0186,0,0
0.019,0.00193492,0.00355633
0.0194,0,0
0.0198,0.00540553,0.00541458
0.0202,0,0
0.0206,0.00568265,0.00569265
0.021,0,0
0.0214,0,0
0.0218,0.00614406,0.00615576
0.0222,0.00612413,0.00613576
0.0226,0,0
0.023,0.0122427,0.00867508
0.0234,0,0
0.0238,0.000428663,0.00160002
0.0242,0,0
0.0246,0,0
0.025,0,0
0.0254,0.00605702,0.00606842
0.0258,0.00537287,0.00538185
0.0262,0.00590215,0.00591299
0.0266,0,0
0.027,0,0
0.0274,0,0
0.0278,0,0
0.0282,0,0
0.0286,0.00585579,0.00586648
0.029,0,0
0.0294,0.00597094,0.00598206
0.0298,0,0
0.0302,0,0
0.0306,0,0
0.031,0,0
0.0314,0.00578791,0.00579837
0.0318,0.00699227,0.0064453
0.0322,0.00591708,0.00592803
0.0326,0,0
0.033,0,0
0.0334,0.00582955,0.00584019
0.0338,0.00593585,0.00594688
0.0342,0,0
0.0346,0.00607705,0.00608862
0.035,0,0
0.0354,0,0
0.0358,0.00573265,0.00574296
0.0362,0.00606061,0.00607213
0.0366,0,0
0.037,0.00540056,0.00540972
0.0374,0,0
0.0378,0,0
0.0382,0.0104642,0.00741152
0.0386,0,0
0.039,0,0
0.0394,0,0
0.0398,0,0
0.0402,0.00563109,0.00564108
0.0406,0,0
0.041,0,0
0.0414,0.00560641,0.00561633
0.0418,0,0
0.0422,0.00523754,0.00524621
0.0426,0,0
0.043,0,0
0.0434,0,0
0.0438,0.00546008,0.00546951
0.0442,0.00545774,0.00546716
0.0446,0.00558784,0.00559773
0.045,0,0
0.0454,0.00578709,0.0057977
0.0458,0.00559772,0.00560765
0.0462,0.00590377,0.00591482
0.0466,0,0
0.047,0.00199995,0.00330627
0.0474,0,0
0.0478,0.0165972,0.0096151
0.0482,0.0080443,0.00694753
0.0486,0,0
0.049,0,0
0.0494,0,0
0.0498,0,0
0.0502,0,0
0.0506,0,0
0.051,0,0
0.0514,0,0
0.0518,0,0
0.0522,0,0
0.0526,0,0
0.053,0,0
0.0534,0,0
0.0538,0,0
0.0542,0,0
0.0546,0,0
0.055,0.00576282,0.00577346
0.0554,0.00545286,0.00546239
0.0558,0,0
0.0562,0,0
0.0566,0,0
0.057,0,0
0.0574,0,0
0.0578,0,0
0.0582,0,0
0.0586,0.0108716,0.00770083
0.059,0,0
0.0594,0,0
0.0598,0,0
0.0602,0.00539447,0.00540386
0.0606,0.00288677,0.00430119
0.061,0.00588497,0.00589616
0.0614,0,0
0.0618,0,0
0.0622,0,0
0.0626,0,0
0.063,0.00596235,0.00597386
0.0634,0.00571273,0.0057233
0.0638,0.0109989,0.00779216
0.0642,0,0
0.0646,0,0
0.065,0.00892344,0.00729182
0.0654,0,0
0.0658,0,0
0.0662,0,0
0.0666,0,0
0.067,0.00561256,0.00562282
0.0674,0,0
0.0678,0.00558116,0.00559131
0.0682,0.00548352,0.00549333
0.0686,0,0
0.069,0,0
0.0694,0,0
0.0698,0,0
0.0702,0,0
0.0706,0,0
0.071,0,0
0.0714,0.0067167,0.00599539
0.0718,0,0
0.0722,0,0
0.0726,0,0
0.073,0,0
0.0734,0,0
0.0738,0,0
0.0742,0.00491889,0.00492683
0.0746,0,0
0.075,0.00552055,0.00553057
0.0754,0.00537785,0.00538736
0.0758,0.00528188,0.00529106
0.0762,0,0
0.0766,0.00522252,0.0052315
0.077,0.00535203,0.00536146
0.0774,0.0108095,0.00765828
0.0778,0.00501531,0.0050236
0.0782,0,0
0.0786,0,0
0.079,0,0
0.0794,0,0
0.0798,0.00506244,0.0050709
0.0802,0,0
0.0806,0,0
0.081,0,0
0.0814,0,0
0.0818,0,0
0.0822,0,0
0.0826,0,0
0.083,0,0
0.0834,0,0
0.0838,0,0
0.0842,0,0
0.0846,0,0
0.085,0.0050722,0.00508072
0.0854,0.00520233,0.00521128
0.0858,0,0
0.0862,0,0
0.0866,0,0
0.087,0.00533604,0.00534547
0.0874,0.00524036,0.00524946
0.0878,0,0
0.0882,0,0
0.0886,0,0
0.089,0.0169938,0.00982982
0.0894,0.00521598,0.005225
0.0898,0,0
0.0902,0,0
0.0906,0,0
0.091,0.00400755,0.00453868
0.0914,0,0
0.0918,0,0
0.0922,0.0105787,0.0077469
0.0926,0,0
0.093,0.00543243,0.00544222
0.0934,0.00543179,0.00544158
0.0938,0,0
0.0942,0,0
0.0946,0,0
0.095,0,0
0.0954,0,0
0.0958,0,0
0.0962,0,0
0.0966,0,0
0.097,0,0
0.0974,0,0
0.0978,0,0
0.0982,0,0
0.0986,0,0
0.099,0,0
0.0994,0,0
0.0998,0,0
0.1002,0,0
0.1006,0,0
0.101,0,0
0.1014,0,0
0.1018,0,0
0.1022,0,0
0.1026,0,0
0.103,0.00537667,0.00558049
0.1034,0,0
0.1038,0,0
0.1042,0,0
0.1046,0,0
0.105,0.0067814,0.00679666
0.1054,0,0
0.1058,0,0
0.1062,0.0136008,0.00963893
0.1066,0,0
0.107,0,0
0.1074,0.00767068,0.00769018
0.1078,0.0069415,0.00695747
0.1082,0,0
0.1086,0,0
0.109,0.00454765,0.00597516
0.1094,0,0
0.1098,0,0
0.1102,0,0
0.1106,0.00730414,0.00732177
0.111,0,0
0.1114,0,0
0.1118,0.00723073,0.00724799
0.1122,0,0
0.1126,0,0
0.113,0,0
0.1134,0,0
0.1138,0,0
0.1142,0,0
0.1146,0,0
0.115,0.00409634,0.00603428
0.1154,0,0
0.1158,0,0
0.1162,0,0
0.1166,0.00818458,0.00820652
0.117,0,0
0.1174,0,0
0.1178,0,0
0.1182,0,0
0.1186,0,0
0.119,0.00951832,0.00954785
0.1194,0,0
0.1198,0.00408921,0.00637932
8
-0.1198,0.00799722,0.00566569
-0.1194,0,0
-0.119,0,0
-0.1186,0,0
-0.1182,0,0
-0.1178,0,0
-0.1174,0,0
-0.117,0.00385559,0.00386267
-0.1166,0.00389896,0.00390619
-0.1162,0,0
-0.1158,0.00372396,0.00373055
-0.1154,0,0
-0.115,0.00390112,0.00390835
-0.1146,0,0
-0.1142,0,0
-0.1138,0,0
-0.1134,0.00225003,0.00300616
-0.113,0,0
-0.1126,0,0
-0.1122,0,0
-0.1118,0,0
-0.1114,0.00389064,0.0038978
-0.111,0,0
-0.1106,0,0
-0.1102,0,0
-0.1098,0,0
-0.1094,0.00376829,0.00377499
-0.109,0.00407084,0.00407865
-0.1086,0,0
-0.1082,0,0
-0.1078,0,0
-0.1074,0,0
-0.107,0,0
-0.1066,0,0
-0.1062,0,0
-0.1058,0.00796625,0.00564363
-0.1054,0,0
-0.105,0.00444671,0.00445598
-0.1046,0,0
-0.1042,0,0
-0.1038,0,0
-0.1034,0,0
-0.103,0.00409825,0.00410611
-0.1026,0.00365696,0.00366321
-0.1022,0,0
-0.1018,0,0
-0.1014,0.00352988,0.0035357
-0.101,0.00434098,0.00434976
-0.1006,0,0
-0.1002,0,0
-0.0998,0.00401125,0.00401873
-0.0994,0.00429724,0.00430583
-0.099,0,0
-0.0986,0.00436828,0.00437714
-0.0982,0.00412046,0.00412834
-0.0978,0,0
-0.0974,0.000522294,0.00145313
-0.097,0,0
-0.0966,0,0
-0.0962,0.00392299,0.00393012
-0.0958,0,0
-0.0954,0,0
-0.095,0.00237946,0.00314722
-0.0946,0,0
-0.0942,0,0
-0.0938,0,0
-0.0934,0,0
-0.093,0.00370131,0.00370762
-0.0926,0,0
-0.0922,0.00404995,0.0040575
-0.0918,0,0
-0.0914,0.00404789,0.00405543
-0.091,0,0
-0.0906,0,0
-0.0902,0.00431118,0.00431972
-0.0898,0.00400685,0.00401423
-0.0894,0,0
-0.089,0,0
-0.0886,0.00408339,0.00409103
-0.0882,0,0
-0.0878,0,0
-0.0874,0,0
-0.087,0,0
-0.0866,0,0
-0.0862,0,0
-0.0858,0.00388934,0.00389625
-0.0854,0.00771275,0.00546336
-0.085,0,0
-0.0846,0.00399109,0.00399836
-0.0842,0,0
-0.0838,0,0
-0.0834,0,0
-0.083,0,0
-0.0826,0.00376507,0.00377152
-0.0822,0,0
-0.0818,0,0
-0.0814,0.00887835,0.00629061
-0.081,0,0
-0.0806,0,0
-0.0802,0,0
-0.0798,0.00398521,0.00404829
-0.0794,0.00387127,0.00387807
-0.079,0.0016862,0.00257573
-0.0786,0,0
-0.0782,0,0
-0.0778,0,0
-0.0774,0,0
-0.077,0,0
-0.0766,0,0
-0.0762,0.00406121,0.00406867
-0.0758,0,0
-0.0754,0,0
-0.075,0,0
-0.0746,0,0
-0.0742,0,0
-0.0738,0.0076768,0.00543772
-0.0734,0,0
-0.073,0.00441581,0.0044246
-0.0726,0,0
-0.0722,0,0
-0.0718,0,0
-0.0714,0.00825713,0.00584955
-0.071,0.00412333,0.00413099
-0.0706,0,0
-0.0702,0.00424435,0.00425246
-0.0698,0,0
-0.0694,0.00841598,0.00596227
-0.069,0.00429109,0.00429937
-0.0686,0.00397729,0.0039844
-0.0682,0,0
-0.0678,0,0
-0.0674,0,0
-0.067,0.00789842,0.00559494
-0.0666,0.00432184,0.00433023
-0.0662,0.00432279,0.00433117
-0.0658,0.00466962,0.0046794
-0.0654,0.00389329,0.00390009
-0.065,0.00405388,0.00406125
-0.0646,0,0
-0.0642,0,0
-0.0638,0.00440511,0.00441381
-0.0634,0.00395624,0.00396326
-0.063,0,0
-0.0626,0,0
-0.0622,0.004194,0.00420188
-0.0618,0,0
-0.0614,0.0043727,0.00438126
-0.061,0.00399544,0.0040026
-0.0606,0,0
-0.0602,0,0
-0.0598,0,0
-0.0594,0,0
-0.059,0.00819906,0.00580826
-0.0586,0.00404564,0.00405297
-0.0582,0,0
-0.0578,0.00769394,0.00545822
-0.0574,0.0078683,0.00557642
-0.057,0,0
-0.0566,0,0
-0.0562,0.00394767,0.00395464
-0.0558,0,0
-0.0554,0,0
-0.055,0,0
-0.0546,0,0
-0.0542,0,0
-0.0538,0.00409294,0.00410043
-0.0534,0.00410743,0.00411498
-0.053,0,0
-0.0526,0,0
-0.0522,0.00377571,0.00378209
-0.0518,0.0171577,0.00859534
-0.0514,0,0
-0.051,0.00456863,0.00457797
-0.0506,0,0
-0.0502,0.00398389,0.003991
-0.0498,0.00177067,0.00262104
-0.0494,0.00439422,0.00440287
-0.049,0.00435117,0.00435964
-0.0486,0.00472629,0.00432797
-0.0482,0,0
-0.0478,0.00387235,0.00387906
-0.0474,0.00899635,0.0063752
-0.047,0,0
-0.0466,0,0
-0.0462,0,0
-0.0458,0.00405756,0.00406493
-0.0454,0.00809758,0.00573623
-0.045,0.0125228,0.00724355
-0.0446,0,0
-0.0442,0.00398125,0.00398835
-0.0438,0.00396791,0.00397495
-0.0434,0,0
-0.043,0,0
-0.0426,0,0
-0.0422,0.00894456,0.00633742
-0.0418,0.0076286,0.00540344
-0.0414,0,0
-0.041,0.00404966,0.00405699
-0.0406,0,0
-0.0402,0,0
-0.0398,0.00807203,0.00571837
-0.0394,0.00407759,0.00408502
-0.039,0.00406435,0.00407173
-0.0386,0.00417386,0.00418165
-0.0382,0,0
-0.0378,0.00831681,0.00589456
-0.0374,0,0
-0.037,0.00796869,0.00564475
-0.0366,0,0
-0.0362,0.00456017,0.00456945
-0.0358,0.00410193,0.00410944
-0.0354,0,0
-0.035,0,0
-0.0346,0.00795505,0.00563612
-0.0342,0.00433752,0.00434592
-0.0338,0.00390005,0.00390683
-0.0334,0,0
-0.033,0,0
-0.0326,0,0
-0.0322,0.00849181,0.00601756
-0.0318,0.0124435,0.00720704
-0.0314,0,0
-0.031,0.00441663,0.00442532
-0.0306,0.00837068,0.00593827
-0.0302,0,0
-0.0298,0.0086085,0.00609881
-0.0294,0.00665511,0.00532638
-0.029,0.00429479,0.00430301
-0.0286,0,0
-0.0282,0,0
-0.0278,0,0
-0.0274,0,0
-0.027,0.00407481,0.0040822
-0.0266,0.00341379,0.00387131
-0.0262,0,0
-0.0258,0,0
-0.0254,0,0
-0.025,0,0
-0.0246,0,0
-0.0242,0.00403485,0.00404209
-0.0238,0.00961429,0.00622078
-0.0234,0,0
-0.023,0.00425431,0.00426236
-0.0226,0.00420193,0.00420979
-0.0222,0.00449824,0.00450723
-0.0218,0,0
-0.0214,0.00810235,0.00574248
-0.021,0.00459093,0.00435491
-0.0206,0,0
-0.0202,0.0046531,0.00466272
-0.0198,0.00391946,0.00392629
-0.0194,0,0
-0.019,0,0
-0.0186,0.00372442,0.00373058
-0.0182,0,0
-0.0178,0.00154035,0.00252278
-0.0174,0,0
-0.017,0.00434849,0.00435689
-0.0166,0.00237969,0.00315943
-0.0162,0.00416526,0.00417296
-0.0158,0.00797837,0.00565156
-0.0154,0.00419026,0.00419806
-0.015,0,0
-0.0146,0,0
-0.0142,0.00430351,0.00431173
-0.0138,0.00400747,0.00401459
-0.0134,0,0
-0.013,0.00422356,0.00423147
-0.0126,0,0
-0.0122,0.00412214,0.00412967
-0.0118,0,0
-0.0114,0,0
-0.011,0.00292172,0.00340302
-0.0106,0.00523624,0.00470548
-0.0102,0,0
-0.0098,0.00825071,0.00584479
-0.0094,0,0
-0.009,0.00543902,0.00490366
-0.0086,0,0
-0.0082,0.0040077,0.00401479
-0.0078,0.00399182,0.00399886
-0.0074,0.0119091,0.00689067
-0.007,0,0
-0.0066,0.00888735,0.00629664
-0.0062,0.00413536,0.0041429
-0.0058,0.00388811,0.00389478
-0.0054,0.0082303,0.00583027
-0.005,0.00925867,0.00656023
-0.0046,0.0131999,0.00763578
-0.0042,0.0108692,0.00690441
-0.0038,0.0215612,0.00929123
-0.0034,0.0191545,0.00904243
-0.003,0.0536101,0.0145585
-0.0026,0.0785984,0.0174754
-0.0022,0.119082,0.022908
-0.0018,0.158269,0.025944
-0.0014,0.279645,0.0342687
-0.001,0.335823,0.0373132
-0.0006,0.390991,0.0406871
-0.0002,0.478055,0.0447919
0.0002,0.411734,0.0424102
0.0006,0.398364,0.0410331
0.001,0.256543,0.032168
0.0014,0.236947,0.030708
0.0018,0.223682,0.0309051
0.0022,0.1371,0.0226633
0.0026,0.0917247,0.0198903
0.003,0.0566904,0.015698
0.0034,0.0371126,0.0122282
0.0038,0.0254453,0.0104776
0.0042,0.0165882,0.0083124
0.0046,0.0108453,0.00684247
0.005,0.01674,0.00839024
0.0054,0.016702,0.00836632
0.0058,0.00836895,0.0059286
0.0062,0.00725167,0.00550225
0.0066,0.0187173,0.00879015
0.007,0.0226232,0.00942755
0.0074,0.0135015,0.0078105
0.0078,0.00422404,0.00423185
0.0082,0.0132341,0.00765861
0.0086,0.00832326,0.00589709
0.009,0,0
0.0094,0.00821504,0.00581936
0.0098,0.00866457,0.00613866
0.0102,0.00816399,0.00578312
0.0106,0.000574758,0.00159237
0.011,0.0044344,0.00444299
0.0114,0,0
0.0118,0.0119374,0.00690405
0.0122,0.0042138,0.00422155
0.0126,0.00462219,0.00463151
0.013,0.0042598,0.00426772
0.0134,0,0
0.0138,0.016058,0.00804309
0.0142,0.00752908,0.00533262
0.0146,0,0
0.015,0.0121235,0.00701309
0.0154,0.0123713,0.00715572
0.0158,0.00846274,0.0059951
0.0162,0,0
0.0166,0,0
0.017,0,0
0.0174,0.00399582,0.00400278
0.0178,0,0
0.0182,0.00892575,0.00632373
0.0186,0.00471138,0.00472104
0.019,0.00778801,0.00598044
0.0194,0,0
0.0198,0,0
0.0202,0.00404768,0.0040548
0.0206,0,0
0.021,0.00408985,0.00409712
0.0214,0.00412327,0.00413066
0.0218,0.00876699,0.00621101
0.0222,0,0
0.0226,0.00819075,0.0058084
0.023,0.00428732,0.0042953
0.0234,0.00405756,0.0040647
0.0238,0,0
0.0242,0.00862381,0.00610988
0.0246,0,0
0.025,0,0
0.0254,0.00434068,0.00434885
0.0258,0.00385243,0.00385886
0.0262,0,0
0.0266,0.00267366,0.00325407
0.027,0,0
0.0274,0,0
0.0278,0.00419338,0.004201
0.0282,0.00842613,0.00596905
0.0286,0.00411295,0.00412027
0.029,0.00428996,0.00429793
0.0294,0.00454692,0.00455587
0.0298,0,0
0.0302,0.00871377,0.00618672
0.0306,0,0
0.031,0,0
0.0314,0.00391183,0.00391844
0.0318,0.00418168,0.00418924
0.0322,0,0
0.0326,0,0
0.033,0,0
0.0334,0,0
0.0338,0.00404034,0.0040474
0.0342,0.00430304,0.00431104
0.0346,0,0
0.035,0.00422531,0.00423301
0.0354,0.00421908,0.00422676
0.0358,0.00416719,0.00417468
0.0362,0,0
0.0366,0.00440876,0.00441714
0.037,0.00429889,0.00430686
0.0374,0.00405273,0.00405981
0.0378,0,0
0.0382,0,0
0.0386,0,0
0.039,0,0
0.0394,0,0
0.0398,0.00828567,0.00587353
0.0402,0.0122267,0.00707235
0.0406,0.00471005,0.00471959
0.041,0,0
0.0414,0,0
0.0418,0,0
0.0422,0,0
0.0426,0,0
0.043,0,0
0.0434,0,0
0.0438,0.00401716,0.0040241
0.0442,0,0
0.0446,0.00823261,0.00583163
0.045,0,0
0.0454,0.0042689,0.00427673
0.0458,0,0
0.0462,0,0
0.0466,0.00407473,0.00408185
0.047,0.00402804,0.00403501
0.0474,0,0
0.0478,0,0
0.0482,0,0
0.0486,0,0
0.049,0,0
0.0494,0.00409436,0.00410154
0.0498,0,0
0.0502,0.0119244,0.00689627
0.0506,0,0
0.051,0,0
0.0514,0,0
0.0518,0,0
0.0522,0,0
0.0526,0,0
0.053,0,0
0.0534,0.00422841,0.00423604
0.0538,0.00418873,0.00419622
0.0542,0,0
0.0546,0,0
0.055,0.00433162,0.00433962
0.0554,0.00854421,0.00605267
0.0558,0.0043894,0.00439761
0.0562,0.00868009,0.00614953
0.0566,0,0
0.057,0,0
0.0574,0.00822898,0.00582895
0.0578,0.0043627,0.00437078
0.0582,0.00411903,0.00412623
0.0586,0,0
0.059,0.004193,0.00420046
0.0594,0,0
0.0598,0,0
0.0602,0.00410615,0.00411329
0.0606,0.00486341,0.00487342
0.061,0.00897759,0.00636018
0.0614,0.00424958,0.00425721
0.0618,0.00425168,0.00425933
0.0622,0.00463034,0.0046394
0.0626,0.00446488,0.0044733
0.063,0,0
0.0634,0,0
0.0638,0.00416387,0.00417118
0.0642,0,0
0.0646,0.00448139,0.00448985
0.065,0,0
0.0654,0,0
0.0658,0,0
0.0662,0,0
0.0666,0,0
0.067,0.00397779,0.00398443
0.0674,0,0
0.0678,0,0
0.0682,0,0
0.0686,0,0
0.069,0,0
0.0694,0,0
0.0698,0.00834347,0.00591001
0.0702,0,0
0.0706,0.00400628,0.00401298
0.071,0,0
0.0714,0.00418698,0.00419428
0.0718,0,0
0.0722,0,0
0.0726,0,0
0.073,0,0
0.0734,0.00441964,0.00442776
0.0738,0,0
0.0742,0,0
0.0746,0.0131056,0.00758024
0.075,0.00451785,0.00452632
0.0754,0,0
0.0758,0,0
0.0762,0,0
0.0766,0,0
0.077,0.00425531,0.0042628
0.0774,0,0
0.0778,0,0
0.0782,0,0
0.0786,0.00932159,0.00660406
0.079,0,0
0.0794,0.00439106,0.00439902
0.0798,0.00411454,0.00412152
0.0802,0,0
0.0806,0,0
0.081,0,0
0.0814,0,0
0.0818,0.00419573,0.00420298
0.0822,0,0
0.0826,0.00442983,0.0044379
0.083,0,0
0.0834,0.0047486,0.00475785
0.0838,0,0
0.0842,0,0
0.0846,0,0
0.085,0,0
0.0854,0.0080722,0.00571736
0.0858,0,0
0.0862,0,0
0.0866,0,0
0.087,0,0
0.0874,0,0
0.0878,0.00480499,0.00481442
0.0882,0.0045249,0.00453326
0.0886,0,0
0.089,0,0
0.0894,0,0
0.0898,0.00922884,0.00653807
0.0902,0,0
0.0906,0,0
0.091,0,0
0.0914,0,0
0.0918,0,0
0.0922,0,0
0.0926,0.00125354,0.0023475
0.093,0,0
0.0934,0.00415532,0.00416233
0.0938,0.00430342,0.00431094
0.0942,0,0
0.0946,0.00937267,0.00664009
0.095,0,0
0.0954,0,0
0.0958,0.00454773,0.00455611
0.0962,0.00497594,0.00498597
0.0966,0,0
0.097,0,0
0.0974,0.00869852,0.00616162
0.0978,0.00423625,0.00424351
0.0982,0,0
0.0986,0,0
0.099,0,0
0.0994,0,0
0.0998,0.00445126,0.00445927
0.1002,0,0
0.1006,0.00497359,0.00498358
0.101,0.00965978,0.00684383
0.1014,0,0
0.1018,0,0
0.1022,0.00984967,0.00697862
0.1026,0.00477137,0.00478056
0.103,0.000323652,0.00124214
0.1034,0,0
0.1038,0,0
0.1042,0,0
0.1046,0,0
0.105,0,0
0.1054,0.00546615,0.00547819
0.1058,0,0
0.1062,0,0
0.1066,0.00557285,0.00558537
0.107,0,0
0.1074,0,0
0.1078,0,0
0.1082,0,0
0.1086,0,0
0.109,0.00268079,0.00415843
0.1094,0,0
0.1098,0,0
0.1102,0.00594145,0.00595567
0.1106,0.00599333,0.00600779
0.111,0,0
0.1114,0,0
0.1118,0,0
0.1122,0.0123792,0.00877589
0.1126,0,0
0.113,0,0
0.1134,0,0
0.1138,0.00634646,0.00636267
0.1142,0,0
0.1146,0,0
0.115,0.0176343,0.0111054
0.1154,0,0
0.1158,0.00646029,0.0064771
0.1162,0,0
0.1166,0,0
0.117,0,0
0.1174,0,0
0.1178,0,0
0.1182,0.00749035,0.00751295
0.1186,0.00763597,0.00765946
0.119,0,0
0.1194,0,0
0.1198,0.00468378,0.00613582
9
-0.1198,0,0
-0.1194,0,0
-0.119,0,0
-0.1186,0,0
-0.1182,0.0040749,0.00408306
-0.1178,0,0
-0.1174,0,0
-0.117,0,0
-0.1166,0.0079552,0.0056362
-0.1162,0,0
-0.1158,0,0
-0.1154,0,0
-0.115,0,0
-0.1146,0,0
-0.1142,0.00394721,0.00395491
-0.1138,0,0
-0.1134,0.0016778,0.00254093
-0.113,0,0
-0.1126,0.00396418,0.00397197
-0.1122,0,0
-0.1118,0,0
-0.1114,0.00766578,0.0054338
-0.111,0.00360021,0.00360665
-0.1106,0.0114596,0.00662875
-0.1102,0,0
-0.1098,0,0
-0.1094,0,0
-0.109,0,0
-0.1086,0,0
-0.1082,0,0
-0.1078,0,0
-0.1074,0,0
-0.107,0,0
-0.1066,0,0
-0.1062,0,0
-0.1058,0,0
-0.1054,0.00368408,0.00369088
-0.105,0,0
-0.1046,0,0
-0.1042,0,0
-0.1038,0,0
-0.1034,0.00373532,0.00374233
-0.103,0,0
-0.1026,0.0032291,0.00323434
-0.1022,0,0
-0.1018,0,0
-0.1014,0,0
-0.101,0,0
-0.1006,0.00378509,0.00379233
-0.1002,0,0
-0.0998,0,0
-0.0994,0.00400877,0.0040169
-0.099,0,0
-0.0986,0.00400589,0.00401401
-0.0982,0.00399258,0.00400066
-0.0978,0.00377198,0.0037792
-0.0974,0.00320362,0.0034404
-0.097,0.00348873,0.00349491
-0.0966,0,0
-0.0962,0,0
-0.0958,0.00337112,0.0033769
-0.0954,0.00413559,0.00414429
-0.095,0.00160436,0.00246224
-0.0946,0,0
-0.0942,0,0
-0.0938,0,0
-0.0934,0,0
-0.093,0,0
-0.0926,0.00334312,0.00334883
-0.0922,0,0
-0.0918,0,0
-0.0914,0,0
-0.091,0,0
-0.0906,0,0
-0.0902,0.00754533,0.00534734
-0.0898,0.00367698,0.00368391
-0.0894,0.00757245,0.00536493
-0.089,0,0
-0.0886,0.00359306,0.00359968
-0.0882,0,0
-0.0878,0.0037714,0.00377871
-0.0874,0,0
-0.087,0.00364728,0.00365412
-0.0866,0,0
-0.0862,0.00358776,0.00359438
-0.0858,0,0
-0.0854,0,0
-0.085,0.00403111,0.00403948
-0.0846,0.00330727,0.00331291
-0.0842,0.0069297,0.00490971
-0.0838,0.00342414,0.00343019
-0.0834,0.00352042,0.00352681
-0.083,0,0
-0.0826,0,0
-0.0822,0.00685204,0.00485371
-0.0818,0,0
-0.0814,0,0
-0.081,0,0
-0.0806,0,0
-0.0802,0,0
-0.0798,0.00363213,0.00359008
-0.0794,0,0
-0.079,0.00195321,0.00259189
-0.0786,0,0
-0.0782,0,0
-0.0778,0,0
-0.0774,0,0
-0.077,0,0
-0.0766,0,0
-0.0762,0,0
-0.0758,0,0
-0.0754,0,0
-0.075,0.00338491,0.00339088
-0.0746,0.00356506,0.00357167
-0.0742,0,0
-0.0738,0,0
-0.0734,0,0
-0.073,0,0
-0.0726,0.00357152,0.00357818
-0.0722,0.00681384,0.00482669
-0.0718,0,0
-0.0714,0,0
-0.071,0.00355287,0.00355947
-0.0706,0,0
-0.0702,0.00365281,0.00365978
-0.0698,0.00386656,0.00387438
-0.0694,0.00386521,0.00387303
-0.069,0,0
-0.0686,0,0
-0.0682,0.00341369,0.00341979
-0.0678,0.00351334,0.00351981
-0.0674,0,0
-0.067,0,0
-0.0666,0,0
-0.0662,0.00399545,0.00400382
-0.0658,0,0
-0.0654,0,0
-0.065,0,0
-0.0646,0,0
-0.0642,0,0
-0.0638,0,0
-0.0634,0,0
-0.063,0,0
-0.0626,0.00994275,0.00575047
-0.0622,0,0
-0.0618,0.00357073,0.00357744
-0.0614,0,0
-0.061,0.0033984,0.00340448
-0.0606,0,0
-0.0602,0,0
-0.0598,0,0
-0.0594,0,0
-0.059,0.0104407,0.006039
-0.0586,0,0
-0.0582,0.00671058,0.00476155
-0.0578,0.00344283,0.00344909
-0.0574,0,0
-0.057,0.00338463,0.00339068
-0.0566,0.00358336,0.00359014
-0.0562,0.00675524,0.00478521
-0.0558,0,0
-0.0554,0,0
-0.055,0,0
-0.0546,0,0
-0.0542,0.00346101,0.00346735
-0.0538,0.00330202,0.00330779
-0.0534,0,0
-0.053,0.00335811,0.00336408
-0.0526,0,0
-0.0522,0.00988146,0.00572089
-0.0518,0,0
-0.0514,0,0
-0.051,0.00385572,0.00386361
-0.0506,0.00336174,0.00336774
-0.0502,0.00311956,0.00312472
-0.0498,0.00176768,0.00240513
-0.0494,0,0
-0.049,0,0
-0.0486,0,0
-0.0482,0,0
-0.0478,0.00652177,0.00461958
-0.0474,0,0
-0.047,0.00725981,0.0051449
-0.0466,0,0
-0.0462,0.00341122,0.00341741
-0.0458,0.00331369,0.00331954
-0.0454,0,0
-0.045,0.00350518,0.00351172
-0.0446,0.00704391,0.00499034
-0.0442,0,0
-0.0438,0,0
-0.0434,0,0
-0.043,0,0
-0.0426,0,0
-0.0422,0.00704609,0.00499172
-0.0418,0,0
-0.0414,0,0
-0.041,0,0
-0.0406,0,0
-0.0402,0.00367227,0.00367949
-0.0398,0.00340136,0.00340755
-0.0394,0.00340104,0.00340724
-0.039,0,0
-0.0386,0,0
-0.0382,0,0
-0.0378,0.0035665,0.00357332
-0.0374,0,0
-0.037,0,0
-0.0366,0.00685994,0.00485966
-0.0362,0,0
-0.0358,0.00367336,0.00368061
-0.0354,0.00337617,0.0033823
-0.035,0.00334444,0.00335046
-0.0346,0,0
-0.0342,0,0
-0.0338,0.0068194,0.00483778
-0.0334,0,0
-0.033,0,0
-0.0326,0,0
-0.0322,0,0
-0.0318,0.00354789,0.00355469
-0.0314,0,0
-0.031,0,0
-0.0306,0.00689877,0.00489407
-0.0302,0,0
-0.0298,0.00354336,0.00355015
-0.0294,0.0015431,0.00235087
-0.029,0.00356599,0.00357288
-0.0286,0,0
-0.0282,0,0
-0.0278,0,0
-0.0274,0,0
-0.027,0,0
-0.0266,0.0035838,0.00359078
-0.0262,0.00349708,0.00350372
-0.0258,0.00359621,0.00360325
-0.0254,0,0
-0.025,0.00357448,0.00358143
-0.0246,0.00348063,0.00348723
-0.0242,0,0
-0.0238,0.00527841,0.0041769
-0.0234,0.00324319,0.00324893
-0.023,0,0
-0.0226,0,0
-0.0222,0.00732536,0.00519018
-0.0218,0,0
-0.0214,0.00318967,0.00319523
-0.021,0.0033451,0.00335122
-0.0206,0,0
-0.0202,0,0
-0.0198,0.00377478,0.00378258
-0.0194,0.00306926,0.00307442
-0.019,0.00601197,0.00425812
-0.0186,0.0032972,0.00330316
-0.0182,0,0
-0.0178,0,0
-0.0174,0.0104124,0.00602308
-0.017,0.00351194,0.00351872
-0.0166,0,0
-0.0162,0,0
-0.0158,0,0
-0.0154,0.00337527,0.00338154
-0.015,0,0
-0.0146,0,0
-0.0142,0,0
-0.0138,0.00649555,0.00460148
-0.0134,0.00338907,0.00339541
-0.013,0.00338724,0.00339358
-0.0126,0,0
-0.0122,0,0
-0.0118,0,0
-0.0114,0.00316584,0.00317139
-0.011,0.00947409,0.00547946
-0.0106,0.00254557,0.00293108
-0.0102,0,0
-0.0098,0.00328687,0.00329287
-0.0094,0.00713996,0.00505873
-0.009,0.0132712,0.00685356
-0.0086,0.00660346,0.00467793
-0.0082,0.00953296,0.00551362
-0.0078,0.00950063,0.00549488
-0.0074,0.0156039,0.00699261
-0.007,0.00680727,0.00482618
-0.0066,0.0141127,0.00707029
-0.0062,0.0194197,0.00794447
-0.0058,0.0187852,0.00768528
-0.0054,0.0204852,0.00838902
-0.005,0.0144591,0.00724453
-0.0046,0.0138702,0.00694857
-0.0042,0.0275242,0.00975008
-0.0038,0.0175612,0.00743719
-0.0034,0.0266509,0.00944702
-0.003,0.0209306,0.00813167
-0.0026,0.0390014,0.0109085
-0.0022,0.0479101,0.0128321
-0.0018,0.0553635,0.0135982
-0.0014,0.125051,0.0202745
-0.001,0.213224,0.0262882
-0.0006,0.270423,0.0299391
-0.0002,0.244245,0.0282747
0.0002,0.258393,0.0297071
0.0006,0.215732,0.0267792
0.001,0.168343,0.0230495
0.0014,0.116226,0.0189206
0.0018,0.0801116,0.0161066
0.0022,0.0399462,0.0107487
0.0026,0.0441228,0.0122852
0.003,0.0391771,0.0114214
0.0034,0.0352475,0.0105167
0.0038,0.0170049,0.00759091
0.0042,0.0160156,0.00717801
0.0046,0.00827124,0.00526425
0.005,0.00627287,0.00444345
0.0054,0.00971354,0.0056184
0.0058,0.00648437,0.00459355
0.0062,0.00403774,0.00360841
0.0066,0.023748,0.0087171
0.007,0.0271525,0.00906765
0.0074,0.0299177,0.0100086
0.0078,0.0100013,0.00578781
0.0082,0.0102174,0.00591281
0.0086,0.00326789,0.00327394
0.009,0.00926642,0.00535935
0.0094,0,0
0.0098,0.00336792,0.00337435
0.0102,0.00660999,0.00468275
0.0106,0,0
0.011,0.00678988,0.00481048
0.0114,0.00321068,0.00321654
0.0118,0.00305608,0.00306139
0.0122,0,0
0.0126,0.0104314,0.00603512
0.013,0.00708977,0.00502334
0.0134,0.00326316,0.00326922
0.0138,0.00307492,0.00308031
0.0142,0.00288214,0.00288687
0.0146,0,0
0.015,0.00317261,0.00317835
0.0154,0.00311294,0.00311846
0.0158,0.00323255,0.00323851
0.0162,0.00644775,0.00456795
0.0166,0,0
0.017,0.00666325,0.00472116
0.0174,0,0
0.0178,0,0
0.0182,0,0
0.0186,0.00358634,0.00359369
0.019,0.0138726,0.00695035
0.0194,0.00292511,0.00293001
0.0198,0,0
0.0202,0,0
0.0206,0,0
0.021,0,0
0.0214,0.00625567,0.00443135
0.0218,0,0
0.0222,0,0
0.0226,0.00620433,0.00439974
0.023,0.00337672,0.00338326
0.0234,0.00921151,0.00532765
0.0238,0,0
0.0242,0,0
0.0246,0.00356012,0.00356739
0.025,0,0
0.0254,0.00625642,0.00443697
0.0258,0.00290733,0.00291219
0.0262,0,0
0.0266,0.000960044,0.00169315
0.027,0.00292263,0.00292754
0.0274,0.00306693,0.00307233
0.0278,0.00315748,0.00316321
0.0282,0,0
0.0286,0.00317014,0.00317592
0.029,0.00645144,0.00457033
0.0294,0,0
0.0298,0.00305657,0.00306195
0.0302,0,0
0.0306,0,0
0.031,0.00599674,0.00424766
0.0314,0.00586761,0.00415605
0.0318,0,0
0.0322,0,0
0.0326,0,0
0.033,0.00635243,0.00450008
0.0334,0,0
0.0338,0,0
0.0342,0,0
0.0346,0.0130921,0.00655893
0.035,0.00631393,0.00447277
0.0354,0,0
0.0358,0.00311107,0.00311666
0.0362,0.00328946,0.00329572
0.0366,0,0
0.037,0,0
0.0374,0.00302069,0.00302597
0.0378,0,0
0.0382,0.00284268,0.00284735
0.0386,0.00298208,0.00298722
0.039,0,0
0.0394,0.00667722,0.00473486
0.0398,0,0
0.0402,0.00306241,0.00306784
0.0406,0.00326804,0.00327422
0.041,0,0
0.0414,0.00306188,0.00306731
0.0418,0,0
0.0422,0,0
0.0426,0.00612655,0.00434094
0.043,0.00598662,0.00424053
0.0434,0.00303292,0.00303825
0.0438,0.00325915,0.00326531
0.0442,0.00297563,0.00298076
0.0446,0.00304722,0.00305261
0.045,0,0
0.0454,0.00631572,0.00447408
0.0458,0.00942,0.00545257
0.0462,0,0
0.0466,0.00602167,0.00426541
0.047,0,0
0.0474,0.00290693,0.00291184
0.0478,0,0
0.0482,0.00619494,0.00439507
0.0486,0,0
0.049,0,0
0.0494,0,0
0.0498,0.00919811,0.00532002
0.0502,0,0
0.0506,0,0
0.051,0,0
0.0514,0.00296056,0.00296566
0.0518,0.00279809,0.00280265
0.0522,0.00298487,0.00299006
0.0526,0,0
0.053,0.00309646,0.00310205
0.0534,0,0
0.0538,0,0
0.0542,0.00637414,0.00451899
0.0546,0.00991889,0.00573774
0.055,0.00316251,0.00316835
0.0554,0,0
0.0558,0.00320004,0.00320602
0.0562,0,0
0.0566,0.00312342,0.00312912
0.057,0.00305612,0.00306158
0.0574,0.00299036,0.00299559
0.0578,0.00307606,0.00308159
0.0582,0.00615011,0.00435661
0.0586,0.00303901,0.00304441
0.059,0.00615982,0.00436392
0.0594,0,0
0.0598,0,0
0.0602,0.00296774,0.0029729
0.0606,0.00702397,0.00497693
0.061,0.00647734,0.00458887
0.0614,0.00612665,0.00433999
0.0618,0,0
0.0622,0,0
0.0626,0.00320989,0.00321594
0.063,0.00971722,0.00562203
0.0634,0,0
0.0638,0,0
0.0642,0,0
0.0646,0,0
0.065,0.00327251,0.00327882
0.0654,0.00286273,0.00286756
0.0658,0,0
0.0662,0.00301168,0.00301703
0.0666,0.00290243,0.0029074
0.067,0.00283042,0.00283515
0.0674,0,0
0.0678,0.00914324,0.00528852
0.0682,0.00302764,0.00303305
0.0686,0.00306346,0.003069
0.069,0.00305138,0.00305688
0.0694,0,0
0.0698,0,0
0.0702,0.0029996,0.00300492
0.0706,0.00299843,0.00300375
0.071,0,0
0.0714,0.00294707,0.00295221
0.0718,0.0029758,0.00298104
0.0722,0,0
0.0726,0.0031365,0.00314233
0.073,0,0
0.0734,0.00309606,0.00310175
0.0738,0,0
0.0742,0.00271827,0.00272266
0.0746,0.0028454,0.00285021
0.075,0,0
0.0754,0.00297131,0.00297656
0.0758,0.00291815,0.00292322
0.0762,0,0
0.0766,0,0
0.077,0.00295605,0.00296126
0.0774,0,0
0.0778,0.00910538,0.00526652
0.0782,0,0
0.0786,0,0
0.079,0.00973888,0.00563366
0.0794,0.00303333,0.00303883
0.0798,0.00283975,0.00284457
0.0802,0,0
0.0806,0,0
0.081,0.00291554,0.00292063
0.0814,0.00296373,0.00296899
0.0818,0.00576498,0.00408349
0.0822,0,0
0.0826,0.00303791,0.00304344
0.083,0.0030569,0.0030625
0.0834,0.00630607,0.00446965
0.0838,0,0
0.0842,0.00286769,0.00287262
0.0846,0.00875467,0.00506379
0.085,0.00279104,0.00279572
0.0854,0,0
0.0858,0.00286055,0.00286548
0.0862,0,0
0.0866,0,0
0.087,0,0
0.0874,0,0
0.0878,0,0
0.0882,0,0
0.0886,0,0
0.089,0,0
0.0894,0.00277885,0.00278351
0.0898,0.00311607,0.00312193
0.0902,0,0
0.0906,0.00338953,0.00339647
0.091,0,0
0.0914,0,0
0.0918,0.00303297,0.00303853
0.0922,0,0
0.0926,0.00798823,0.00485771
0.093,0.0093851,0.00529708
0.0934,0,0
0.0938,0.00577226,0.00408874
0.0942,0.00317037,0.00317645
0.0946,0.00313924,0.00314521
0.095,0.00286957,0.00287456
0.0954,0.00304215,0.00304776
0.0958,0.00332693,0.00333364
0.0962,0.00303787,0.00304346
0.0966,0.00586883,0.00415985
0.097,0,0
0.0974,0.00580791,0.00411404
0.0978,0,0
0.0982,0,0
0.0986,0.00319256,0.00319874
0.099,0,0
0.0994,0,0
0.0998,0.00296681,0.00297214
0.1002,0,0
0.1006,0,0
0.101,0,0
0.1014,0,0
0.1018,0,0
0.1022,0,0
0.1026,0,0
0.103,0,0
0.1034,0.00656257,0.00464967
0.1038,0.00359997,0.00360783
0.1042,0.003531,0.00353856
0.1046,0.00346681,0.0034741
0.105,0.0074018,0.00524563
0.1054,0.00370949,0.00371783
0.1058,0,0
0.1062,0.00353914,0.00354674
0.1066,0,0
0.107,0,0
0.1074,0.0041892,0.00419984
0.1078,0,0
0.1082,0,0
0.1086,0,0
0.109,0,0
0.1094,0,0
0.1098,0.00361759,0.00362553
0.1102,0,0
0.1106,0.00397524,0.00398483
0.111,0,0
0.1114,0,0
0.1118,0.00410491,0.00411514
0.1122,0.00411096,0.00412065
0.1126,0.0126994,0.00735244
0.113,0,0
0.1134,0,0
0.1138,0.00841351,0.00596445
0.1142,0.00409795,0.00410815
0.1146,0,0
0.115,0.00456225,0.00457489
0.1154,0,0
0.1158,0.00428122,0.00429236
0.1162,0,0
0.1166,0.00447988,0.00449207
0.117,0,0
0.1174,0.00501252,0.00502779
0.1178,0,0
0.1182,0,0
0.1186,0,0
0.119,0,0
0.1194,0.00529341,0.00531044
0.1198,0.00529285,0.00530988
