# X , Y , E Distribution=true
1
-0.1198,0,0
-0.1194,0,0
-0.119,0,0
-0.1186,0,0
-0.1182,0,0
-0.1178,0,0
-0.1174,0,0
-0.117,0,0
-0.1166,0,0
-0.1162,0,0
-0.1158,0,0
-0.1154,0,0
-0.115,0,0
-0.1146,0,0
-0.1142,0,0
-0.1138,0,0
-0.1134,0,0
-0.113,0,0
-0.1126,0,0
-0.1122,0,0
-0.1118,0,0
-0.1114,0,0
-0.111,0,0
-0.1106,0,0
-0.1102,0,0
-0.1098,0,0
-0.1094,0,0
-0.109,0,0
-0.1086,0,0
-0.1082,0,0
-0.1078,0,0
-0.1074,0,0
-0.107,0,0
-0.1066,0,0
-0.1062,0,0
-0.1058,0,0
-0.1054,0,0
-0.105,0,0
-0.1046,0,0
-0.1042,0,0
-0.1038,0,0
-0.1034,0,0
-0.103,0,0
-0.1026,0,0
-0.1022,0,0
-0.1018,0,0
-0.1014,0,0
-0.101,0,0
-0.1006,0,0
-0.1002,0,0
-0.0998,0,0
-0.0994,0,0
-0.099,0,0
-0.0986,0,0
-0.0982,0,0
-0.0978,0,0
-0.0974,0,0
-0.097,0,0
-0.0966,0,0
-0.0962,0,0
-0.0958,0,0
-0.0954,0,0
-0.095,0,0
-0.0946,0,0
-0.0942,0.0126983,0.0127222
-0.0938,0,0
-0.0934,0,0
-0.093,0,0
-0.0926,0,0
-0.0922,0,0
-0.0918,0,0
-0.0914,0,0
-0.091,0,0
-0.0906,0,0
-0.0902,0,0
-0.0898,0,0
-0.0894,0,0
-0.089,0,0
-0.0886,0,0
-0.0882,0,0
-0.0878,0,0
-0.0874,0,0
-0.087,0,0
-0.0866,0,0
-0.0862,0,0
-0.0858,0,0
-0.0854,0,0
-0.085,0,0
-0.0846,0,0
-0.0842,0,0
-0.0838,0,0
-0.0834,0,0
-0.083,0,0
-0.0826,0,0
-0.0822,0,0
-0.0818,0,0
-0.0814,0,0
-0.081,0,0
-0.0806,0,0
-0.0802,0,0
-0.0798,0,0
-0.0794,0,0
-0.079,0.00445244,0.00767731
-0.0786,0,0
-0.0782,0,0
-0.0778,0,0
-0.0774,0,0
-0.077,0,0
-0.0766,0,0
-0.0762,0,0
-0.0758,0,0
-0.0754,0,0
-0.075,0,0
-0.0746,0,0
-0.0742,0,0
-0.0738,0,0
-0.0734,0,0
-0.073,0,0
-0.0726,0,0
-0.0722,0,0
-0.0718,0,0
-0.0714,0,0
-0.071,0,0
-0.0706,0,0
-0.0702,0,0
-0.0698,0,0
-0.0694,0,0
-0.069,0,0
-0.0686,0,0
-0.0682,0,0
-0.0678,0,0
-0.0674,0,0
-0.067,0,0
-0.0666,0,0
-0.0662,0,0
-0.0658,0,0
-0.0654,0,0
-0.065,0.0128946,0.0129189
-0.0646,0,0
-0.0642,0,0
-0.0638,0,0
-0.0634,0,0
-0.063,0.0124912,0.012514
-0.0626,0,0
-0.0622,0,0
-0.0618,0,0
-0.0614,0,0
-0.061,0,0
-0.0606,0,0
-0.0602,0,0
-0.0598,0,0
-0.0594,0,0
-0.059,0,0
-0.0586,0,0
-0.0582,0,0
-0.0578,0,0
-0.0574,0,0
-0.057,0,0
-0.0566,0,0
-0.0562,0,0
-0.0558,0,0
-0.0554,0,0
-0.055,0,0
-0.0546,0,0
-0.0542,0,0
-0.0538,0,0
-0.0534,0,0
-0.053,0.014184,0.0142132
-0.0526,0,0
-0.0522,0,0
-0.0518,0,0
-0.0514,0.0137359,0.0137633
-0.051,0,0
-0.0506,0,0
-0.0502,0,0
-0.0498,0,0
-0.0494,0.0131939,0.0132192
-0.049,0,0
-0.0486,0,0
-0.0482,0,0
-0.0478,0,0
-0.0474,0,0
-0.047,0,0
-0.0466,0,0
-0.0462,0,0
-0.0458,0,0
-0.0454,0,0
-0.045,0,0
-0.0446,0,0
-0.0442,0,0
-0.0438,0,0
-0.0434,0,0
-0.043,0,0
-0.0426,0,0
-0.0422,0,0
-0.0418,0,0
-0.0414,0,0
-0.041,0.013459,0.0134853
-0.0406,0,0
-0.0402,0,0
-0.0398,0,0
-0.0394,0,0
-0.039,0,0
-0.0386,0,0
-0.0382,0,0
-0.0378,0,0
-0.0374,0,0
-0.037,0,0
-0.0366,0,0
-0.0362,0,0
-0.0358,0,0
-0.0354,0,0
-0.035,0,0
-0.0346,0,0
-0.0342,0,0
-0.0338,0,0
-0.0334,0,0
-0.033,0,0
-0.0326,0,0
-0.0322,0.00732452,0.00982243
-0.0318,0,0
-0.0314,0,0
-0.031,0,0
-0.0306,0,0
-0.0302,0,0
-0.0298,0,0
-0.0294,0.013543,0.0135695
-0.029,0,0
-0.0286,0,0
-0.0282,0,0
-0.0278,0,0
-0.0274,0,0
-0.027,0,0
-0.0266,0,0
-0.0262,0,0
-0.0258,0,0
-0.0254,0,0
-0.025,0,0
-0.0246,0,0
-0.0242,0,0
-0.0238,0,0
-0.0234,0,0
-0.023,0,0
-0.0226,0,0
-0.0222,0.0186785,0.0158744
-0.0218,0,0
-0.0214,0,0
-0.021,0,0
-0.0206,0,0
-0.0202,0,0
-0.0198,0,0
-0.0194,0,0
-0.019,0,0
-0.0186,0,0
-0.0182,0,0
-0.0178,0,0
-0.0174,0,0
-0.017,0,0
-0.0166,0,0
-0.0162,0,0
-0.0158,0,0
-0.0154,0,0
-0.015,0.0121369,0.012158
-0.0146,0,0
-0.0142,0,0
-0.0138,0,0
-0.0134,0,0
-0.013,0,0
-0.0126,0,0
-0.0122,0.0135241,0.0135502
-0.0118,0.0126674,0.0126903
-0.0114,0,0
-0.011,0,0
-0.0106,0.0120676,0.0120883
-0.0102,0.0216985,0.0161644
-0.0098,0.0023946,0.00539077
-0.0094,0.0120671,0.0120879
-0.009,0,0
-0.0086,0,0
-0.0082,0,0
-0.0078,0,0
-0.0074,0.0240173,0.017012
-0.007,0,0
-0.0066,0,0
-0.0062,0,0
-0.0058,0,0
-0.0054,0.0125417,0.0125641
-0.005,0.00789016,0.00996651
-0.0046,0.0126458,0.0126686
-0.0042,0.0389065,0.0225146
-0.0038,0.062769,0.0281781
-0.0034,0.090398,0.0327613
-0.003,0.0976989,0.03443
-0.0026,0.224901,0.052869
-0.0022,0.324868,0.0621675
-0.0018,0.795814,0.10161
-0.0014,1.32412,0.134995
-0.001,2.22681,0.173227
-0.0006,2.81199,0.197408
-0.0002,2.8011,0.195318
0.0002,1.93017,0.158556
0.0006,1.44037,0.137912
0.001,0.9213,0.106807
0.0014,0.513566,0.0813357
0.0018,0.278202,0.0595245
0.0022,0.0401817,0.0229511
0.0026,0.0128524,0.0128758
0.003,0.0261927,0.0185555
0.0034,0,0
0.0038,0,0
0.0042,0.0132356,0.0132604
0.0046,0,0
0.005,0,0
0.0054,0,0
0.0058,0,0
0.0062,0,0
0.0066,0.0129483,0.012972
0.007,0,0
0.0074,0,0
0.0078,0,0
0.0082,0.012404,0.0124258
0.0086,0,0
0.009,0,0
0.0094,0.00691126,0.00940083
0.0098,0.0118984,0.0119184
0.0102,0,0
0.0106,0.0122482,0.0122694
0.011,0.0126028,0.0126252
0.0114,0,0
0.0118,0,0
0.0122,0,0
0.0126,0,0
0.013,0.00214549,0.00526001
0.0134,0.013399,0.0134243
0.0138,0,0
0.0142,0,0
0.0146,0,0
0.015,0,0
0.0154,0.00924373,0.0109473
0.0158,0,0
0.0162,0,0
0.0166,0.0135693,0.0135952
0.017,0,0
0.0174,0,0
0.0178,0,0
0.0182,0,0
0.0186,0,0
0.019,0,0
0.0194,0,0
0.0198,0,0
0.0202,0,0
0.0206,0,0
0.021,0.0162516,0.0145972
0.0214,0,0
0.0218,0,0
0.0222,0,0
0.0226,0.0128949,0.0129183
0.023,0,0
0.0234,0.0128764,0.0128996
0.0238,0,0
0.0242,0.0127403,0.012763
0.0246,0,0
0.025,0.00356187,0.00672099
0.0254,0,0
0.0258,0.0125832,0.0126054
0.0262,0,0
0.0266,0,0
0.027,0,0
0.0274,0,0
0.0278,0,0
0.0282,0,0
0.0286,0,0
0.029,0,0
0.0294,0,0
0.0298,0,0
0.0302,0,0
0.0306,0,0
0.031,0,0
0.0314,0,0
0.0318,0,0
0.0322,0,0
0.0326,0,0
0.033,0,0
0.0334,0,0
0.0338,0,0
0.0342,0,0
0.0346,0,0
0.035,0,0
0.0354,0,0
0.0358,0,0
0.0362,0,0
0.0366,0,0
0.037,0,0
0.0374,0,0
0.0378,0,0
0.0382,0,0
0.0386,0,0
0.039,0,0
0.0394,0.0271347,0.0192375
0.0398,0,0
0.0402,0,0
0.0406,0,0
0.041,0,0
0.0414,0,0
0.0418,0,0
0.0422,0,0
0.0426,0,0
0.043,0,0
0.0434,0,0
0.0438,0.0122311,0.0122519
0.0442,0,0
0.0446,0,0
0.045,0,0
0.0454,0,0
0.0458,0,0
0.0462,0,0
0.0466,0,0
0.047,0,0
0.0474,0,0
0.0478,0,0
0.0482,0.0126862,0.0127085
0.0486,0,0
0.049,0,0
0.0494,0,0
0.0498,0,0
0.0502,0,0
0.0506,0,0
0.051,0,0
0.0514,0,0
0.0518,0,0
0.0522,0,0
0.0526,0,0
0.053,0,0
0.0534,0.0143089,0.0143372
0.0538,0,0
0.0542,0,0
0.0546,0,0
0.055,0,0
0.0554,0.0232306,0.0164529
0.0558,0,0
0.0562,0,0
0.0566,0,0
0.057,0,0
0.0574,0,0
0.0578,0,0
0.0582,0,0
0.0586,0,0
0.059,0,0
0.0594,0,0
0.0598,0,0
0.0602,0,0
0.0606,0,0
0.061,0,0
0.0614,0,0
0.0618,0,0
0.0622,0,0
0.0626,0,0
0.063,0,0
0.0634,0,0
0.0638,0,0
0.0642,0,0
0.0646,0,0
0.065,0,0
0.0654,0.0141671,0.0141947
0.0658,0,0
0.0662,0,0
0.0666,0,0
0.067,0.00819923,0.0104243
0.0674,0,0
0.0678,0,0
0.0682,0,0
0.0686,0,0
0.069,0,0
0.0694,0,0
0.0698,0,0
0.0702,0,0
0.0706,0,0
0.071,0,0
0.0714,0,0
0.0718,0,0
0.0722,0,0
0.0726,0,0
0.073,0,0
0.0734,0,0
0.0738,0,0
0.0742,0,0
0.0746,0,0
0.075,0,0
0.0754,0,0
0.0758,0,0
0.0762,0,0
0.0766,0,0
0.077,0,0
0.0774,0,0
0.0778,0,0
0.0782,0,0
0.0786,0,0
0.079,0,0
0.0794,0,0
0.0798,0,0
0.0802,0,0
0.0806,0,0
0.081,0,0
0.0814,0,0
0.0818,0,0
0.0822,0.0128398,0.0128623
0.0826,0,0
0.083,0,0
0.0834,0,0
0.0838,0,0
0.0842,0,0
0.0846,0,0
0.085,0,0
0.0854,0,0
0.0858,0,0
0.0862,0,0
0.0866,0,0
0.087,0,0
0.0874,0,0
0.0878,0,0
0.0882,0,0
0.0886,0,0
0.089,0,0
0.0894,0,0
0.0898,0,0
0.0902,0,0
0.0906,0,0
0.091,0,0
0.0914,0,0
0.0918,0,0
0.0922,0,0
0.0926,0,0
0.093,0,0
0.0934,0,0
0.0938,0,0
0.0942,0,0
0.0946,0,0
0.095,0,0
0.0954,0,0
0.0958,0,0
0.0962,0,0
0.0966,0,0
0.097,0,0
0.0974,0,0
0.0978,0,0
0.0982,0,0
0.0986,0,0
0.099,0,0
0.0994,0,0
0.0998,0,0
0.1002,0,0
0.1006,0,0
0.101,0,0
0.1014,0,0
0.1018,0,0
0.1022,0,0
0.1026,0,0
0.103,0,0
0.1034,0,0
0.1038,0,0
0.1042,0,0
0.1046,0,0
0.105,0,0
0.1054,0,0
0.1058,0,0
0.1062,0,0
0.1066,0,0
0.107,0,0
0.1074,0,0
0.1078,0,0
0.1082,0,0
0.1086,0,0
0.109,0,0
0.1094,0,0
0.1098,0,0
0.1102,0,0
0.1106,0,0
0.111,0,0
0.1114,0,0
0.1118,0,0
0.1122,0,0
0.1126,0,0
0.113,0,0
0.1134,0,0
0.1138,0,0
0.1142,0,0
0.1146,0,0
0.115,0,0
0.1154,0,0
0.1158,0,0
0.1162,0,0
0.1166,0,0
0.117,0,0
0.1174,0,0
0.1178,0,0
0.1182,0.0208437,0.0209015
0.1186,0,0
0.119,0,0
0.1194,0,0
0.1198,0,0
2
-0.1198,0,0
-0.1194,0,0
-0.119,0,0
-0.1186,0,0
-0.1182,0,0
-0.1178,0,0
-0.1174,0,0
-0.117,0,0
-0.1166,0,0
-0.1162,0,0
-0.1158,0,0
-0.1154,0,0
-0.115,0,0
-0.1146,0,0
-0.1142,0,0
-0.1138,0,0
-0.1134,0,0
-0.113,0,0
-0.1126,0,0
-0.1122,0,0
-0.1118,0,0
-0.1114,0,0
-0.111,0,0
-0.1106,0,0
-0.1102,0,0
-0.1098,0,0
-0.1094,0,0
-0.109,0,0
-0.1086,0,0
-0.1082,0,0
-0.1078,0,0
-0.1074,0,0
-0.107,0,0
-0.1066,0,0
-0.1062,0,0
-0.1058,0,0
-0.1054,0,0
-0.105,0,0
-0.1046,0,0
-0.1042,0,0
-0.1038,0,0
-0.1034,0.00636626,0.00637919
-0.103,0,0
-0.1026,0,0
-0.1022,0,0
-0.1018,0,0
-0.1014,0,0
-0.101,0,0
-0.1006,0,0
-0.1002,0,0
-0.0998,0,0
-0.0994,0,0
-0.099,0,0
-0.0986,0,0
-0.0982,0,0
-0.0978,0,0
-0.0974,0,0
-0.097,0,0
-0.0966,0,0
-0.0962,0,0
-0.0958,0,0
-0.0954,0,0
-0.095,0,0
-0.0946,0.00578993,0.0058006
-0.0942,0,0
-0.0938,0,0
-0.0934,0.00581945,0.00583023
-0.093,0,0
-0.0926,0,0
-0.0922,0,0
-0.0918,0,0
-0.0914,0,0
-0.091,0,0
-0.0906,0,0
-0.0902,0,0
-0.0898,0,0
-0.0894,0,0
-0.089,0,0
-0.0886,0,0
-0.0882,0,0
-0.0878,0,0
-0.0874,0,0
-0.087,0.00602878,0.00604033
-0.0866,0,0
-0.0862,0,0
-0.0858,0,0
-0.0854,0,0
-0.085,0,0
-0.0846,0,0
-0.0842,0,0
-0.0838,0,0
-0.0834,0,0
-0.083,0,0
-0.0826,0,0
-0.0822,0,0
-0.0818,0,0
-0.0814,0,0
-0.081,0,0
-0.0806,0,0
-0.0802,0,0
-0.0798,0.00612981,0.00614174
-0.0794,0,0
-0.079,0.004049,0.00498476
-0.0786,0.00539146,0.00540069
-0.0782,0,0
-0.0778,0,0
-0.0774,0,0
-0.077,0,0
-0.0766,0,0
-0.0762,0,0
-0.0758,0,0
-0.0754,0,0
-0.075,0,0
-0.0746,0,0
-0.0742,0,0
-0.0738,0,0
-0.0734,0,0
-0.073,0.0119483,0.00846476
-0.0726,0,0
-0.0722,0.00623207,0.00624438
-0.0718,0,0
-0.0714,0,0
-0.071,0,0
-0.0706,0,0
-0.0702,0,0
-0.0698,0,0
-0.0694,0,0
-0.069,0,0
-0.0686,0,0
-0.0682,0,0
-0.0678,0,0
-0.0674,0.00580228,0.00581293
-0.067,0,0
-0.0666,0,0
-0.0662,0,0
-0.0658,0,0
-0.0654,0,0
-0.065,0,0
-0.0646,0,0
-0.0642,0,0
-0.0638,0.00539161,0.00540081
-0.0634,0,0
-0.063,0,0
-0.0626,0,0
-0.0622,0,0
-0.0618,0,0
-0.0614,0,0
-0.061,0,0
-0.0606,0,0
-0.0602,0,0
-0.0598,0,0
-0.0594,0,0
-0.059,0,0
-0.0586,0,0
-0.0582,0,0
-0.0578,0,0
-0.0574,0.00564856,0.00565864
-0.057,0,0
-0.0566,0,0
-0.0562,0,0
-0.0558,0,0
-0.0554,0,0
-0.055,0.00591142,0.00592245
-0.0546,0,0
-0.0542,0,0
-0.0538,0,0
-0.0534,0,0
-0.053,0,0
-0.0526,0,0
-0.0522,0,0
-0.0518,0,0
-0.0514,0,0
-0.051,0.00625463,0.00626697
-0.0506,0,0
-0.0502,0,0
-0.0498,0.00556007,0.00556982
-0.0494,0,0
-0.049,0,0
-0.0486,0,0
-0.0482,0,0
-0.0478,0,0
-0.0474,0,0
-0.047,0,0
-0.0466,0,0
-0.0462,0,0
-0.0458,0,0
-0.0454,0.00598521,0.0059965
-0.045,0,0
-0.0446,0,0
-0.0442,0,0
-0.0438,0.00633456,0.00634719
-0.0434,0,0
-0.043,0,0
-0.0426,0,0
-0.0422,0,0
-0.0418,0.00600317,0.00601451
-0.0414,0,0
-0.041,0,0
-0.0406,0,0
-0.0402,0,0
-0.0398,0,0
-0.0394,0,0
-0.039,0,0
-0.0386,0,0
-0.0382,0,0
-0.0378,0,0
-0.0374,0,0
-0.037,0,0
-0.0366,0,0
-0.0362,0,0
-0.0358,0,0
-0.0354,0,0
-0.035,0,0
-0.0346,0,0
-0.0342,0,0
-0.0338,0,0
-0.0334,0,0
-0.033,0,0
-0.0326,0,0
-0.0322,0,0
-0.0318,0,0
-0.0314,0,0
-0.031,0,0
-0.0306,0,0
-0.0302,0,0
-0.0298,0,0
-0.0294,0,0
-0.029,0,0
-0.0286,0,0
-0.0282,0,0
-0.0278,0,0
-0.0274,0,0
-0.027,0,0
-0.0266,0,0
-0.0262,0,0
-0.0258,0,0
-0.0254,0,0
-0.025,0,0
-0.0246,0,0
-0.0242,0.00563702,0.00599617
-0.0238,0,0
-0.0234,0,0
-0.023,0,0
-0.0226,0,0
-0.0222,0.00375143,0.00481183
-0.0218,0,0
-0.0214,0,0
-0.021,0,0
-0.0206,0,0
-0.0202,0.000628332,0.00191811
-0.0198,0.00622476,0.00623689
-0.0194,0,0
-0.019,0.00542808,0.0054373
-0.0186,0.00566418,0.00567423
-0.0182,0.00625102,0.00626325
-0.0178,0,0
-0.0174,0,0
-0.017,0,0
-0.0166,0,0
-0.0162,0,0
-0.0158,0,0
-0.0154,0,0
-0.015,0.00554173,0.00555133
-0.0146,0,0
-0.0142,0,0
-0.0138,0.00619805,0.00621006
-0.0134,0,0
-0.013,0,0
-0.0126,0,0
-0.0122,0,0
-0.0118,0,0
-0.0114,0,0
-0.011,0,0
-0.0106,0.0057322,0.00574247
-0.0102,0.00397299,0.00467071
-0.0098,0.00442264,0.004947
-0.0094,0,0
-0.009,0,0
-0.0086,0.00625984,0.00627208
-0.0082,0,0
-0.0078,0,0
-0.0074,0,0
-0.007,0.0116612,0.00826169
-0.0066,0,0
-0.0062,0.00580856,0.00581909
-0.0058,0.00588956,0.00590039
-0.0054,0.0114234,0.00809196
-0.005,0.00783154,0.00670036
-0.0046,0.00575791,0.00576826
-0.0042,0.00639288,0.00608879
-0.0038,0.0177317,0.0102741
-0.0034,0.0215477,0.0107922
-0.003,0.041691,0.0152006
-0.0026,0.0905516,0.0226486
-0.0022,0.214685,0.0340916
-0.0018,0.330008,0.0435741
-0.0014,0.585516,0.0605583
-0.001,1.04493,0.0799034
-0.0006,1.28374,0.0899201
-0.0002,1.45783,0.0950716
0.0002,1.35192,0.0893952
0.0006,1.14222,0.0827909
0.001,0.562359,0.0563452
0.0014,0.360805,0.0461099
0.0018,0.21484,0.0352452
0.0022,0.073278,0.0208942
0.0026,0.0439159,0.0160747
0.003,0.017851,0.0103254
0.0034,0,0
0.0038,0.00611014,0.00612177
0.0042,0.0118415,0.00838863
0.0046,0,0
0.005,0.00599368,0.00600487
0.0054,0,0
0.0058,0,0
0.0062,0.00617252,0.00618438
0.0066,0,0
0.007,0.0058436,0.00585423
0.0074,0.00566178,0.00567176
0.0078,0.00591863,0.00592953
0.0082,0,0
0.0086,0,0
0.009,0,0
0.0094,0.00264329,0.00391467
0.0098,0,0
0.0102,0,0
0.0106,0,0
0.011,0.00555131,0.00556089
0.0114,0,0
0.0118,0.00501207,0.00570971
0.0122,0,0
0.0126,0,0
0.013,0.00484715,0.00532037
0.0134,0,0
0.0138,0,0
0.0142,0,0
0.0146,0,0
0.015,0,0
0.0154,0,0
0.0158,0,0
0.0162,0,0
0.0166,0,0
0.017,0,0
0.0174,0,0
0.0178,0,0
0.0182,0,0
0.0186,0,0
0.019,0,0
0.0194,0,0
0.0198,0,0
0.0202,0,0
0.0206,0,0
0.021,0.00446013,0.0051393
0.0214,0,0
0.0218,0.00589981,0.00591061
0.0222,0,0
0.0226,0,0
0.023,0,0
0.0234,0,0
0.0238,0,0
0.0242,0,0
0.0246,0,0
0.025,0.00409388,0.00483944
0.0254,0,0
0.0258,0.00578083,0.0057912
0.0262,0,0
0.0266,0,0
0.027,0,0
0.0274,0.00627299,0.00628518
0.0278,0,0
0.0282,0,0
0.0286,0,0
0.029,0,0
0.0294,0,0
0.0298,0,0
0.0302,0,0
0.0306,0,0
0.031,0,0
0.0314,0,0
0.0318,0,0
0.0322,0,0
0.0326,0,0
0.033,0.0062532,0.00626531
0.0334,0,0
0.0338,0,0
0.0342,0,0
0.0346,0,0
0.035,0,0
0.0354,0,0
0.0358,0,0
0.0362,0,0
0.0366,0,0
0.037,0,0
0.0374,0,0
0.0378,0,0
0.0382,0.00525724,0.00526579
0.0386,0,0
0.039,0,0
0.0394,0.00316362,0.00431391
0.0398,0,0
0.0402,0,0
0.0406,0,0
0.041,0,0
0.0414,0,0
0.0418,0.00546932,0.00547856
0.0422,0,0
0.0426,0,0
0.043,0,0
0.0434,0,0
0.0438,0,0
0.0442,0,0
0.0446,0,0
0.045,0,0
0.0454,0,0
0.0458,0,0
0.0462,0,0
0.0466,0,0
0.047,0,0
0.0474,0,0
0.0478,0,0
0.0482,0,0
0.0486,0,0
0.049,0,0
0.0494,0,0
0.0498,0.00631524,0.00632754
0.0502,0,0
0.0506,0,0
0.051,0,0
0.0514,0,0
0.0518,0,0
0.0522,0,0
0.0526,0.00353007,0.00474215
0.053,0,0
0.0534,0.00640263,0.00641526
0.0538,0,0
0.0542,0,0
0.0546,0,0
0.055,0,0
0.0554,0.00594052,0.00595139
0.0558,0,0
0.0562,0,0
0.0566,0,0
0.057,0,0
0.0574,0,0
0.0578,0,0
0.0582,0,0
0.0586,0,0
0.059,0,0
0.0594,0,0
0.0598,0.00130577,0.00273545
0.0602,0,0
0.0606,0,0
0.061,0,0
0.0614,0,0
0.0618,0.00618026,0.00619201
0.0622,0.00573248,0.00574258
0.0626,0,0
0.063,0,0
0.0634,0,0
0.0638,0,0
0.0642,0.00533634,0.00534509
0.0646,0.0042039,0.00493886
0.065,0,0
0.0654,0,0
0.0658,0.00633927,0.00635162
0.0662,0,0
0.0666,0,0
0.067,0.00223137,0.0036306
0.0674,0,0
0.0678,0,0
0.0682,0.0051571,0.00516527
0.0686,0,0
0.069,0,0
0.0694,0,0
0.0698,0,0
0.0702,0,0
0.0706,0,0
0.071,0,0
0.0714,0,0
0.0718,0,0
0.0722,0,0
0.0726,0,0
0.073,0,0
0.0734,0,0
0.0738,0,0
0.0742,0,0
0.0746,0,0
0.075,0,0
0.0754,0,0
0.0758,0,0
0.0762,0,0
0.0766,0,0
0.077,0,0
0.0774,0,0
0.0778,0.0119828,0.00848868
0.0782,0,0
0.0786,0,0
0.079,0,0
0.0794,0.006018,0.00602909
0.0798,0,0
0.0802,0,0
0.0806,0,0
0.081,0,0
0.0814,0,0
0.0818,0.00565149,0.00566127
0.0822,0,0
0.0826,0,0
0.083,0,0
0.0834,0,0
0.0838,0,0
0.0842,0,0
0.0846,0,0
0.085,0,0
0.0854,0,0
0.0858,0.00623637,0.00624826
0.0862,0,0
0.0866,0,0
0.087,0,0
0.0874,0,0
0.0878,0.00572039,0.0057304
0.0882,0,0
0.0886,0,0
0.089,0,0
0.0894,0,0
0.0898,0,0
0.0902,0,0
0.0906,0,0
0.091,0,0
0.0914,0,0
0.0918,0,0
0.0922,0,0
0.0926,0.00623333,0.00624519
0.093,0,0
0.0934,0.00595523,0.00596606
0.0938,0,0
0.0942,0,0
0.0946,0,0
0.095,0,0
0.0954,0,0
0.0958,0,0
0.0962,0.00649916,0.00651204
0.0966,0,0
0.097,0,0
0.0974,0,0
0.0978,0,0
0.0982,0.00653921,0.00655224
0.0986,0,0
0.099,0,0
0.0994,0,0
0.0998,0,0
0.1002,0.00616309,0.00617466
0.1006,0,0
0.101,0,0
0.1014,0,0
0.1018,0,0
0.1022,0,0
0.1026,0.00687074,0.00688511
0.103,0,0
0.1034,0,0
0.1038,0.00691446,0.006929
0.1042,0,0
0.1046,0,0
0.105,0,0
0.1054,0.00775461,0.00777289
0.1058,0,0
0.1062,0,0
0.1066,0,0
0.107,0,0
0.1074,0.00769592,0.00771392
0.1078,0,0
0.1082,0,0
0.1086,0,0
0.109,0,0
0.1094,0,0
0.1098,0,0
0.1102,0,0
0.1106,0.00784762,0.00786632
0.111,0,0
0.1114,0,0
0.1118,0,0
0.1122,0,0
0.1126,0,0
0.113,0,0
0.1134,0,0
0.1138,0.0100393,0.0100699
0.1142,0,0
0.1146,0,0
0.115,0.00912407,0.00914931
0.1154,0,0
0.1158,0,0
0.1162,0,0
0.1166,0,0
0.117,0,0
0.1174,0,0
0.1178,0,0
0.1182,0.00915688,0.00918228
0.1186,0,0
0.119,0,0
0.1194,0,0
0.1198,0,0
3
-0.1198,0,0
-0.1194,0,0
-0.119,0,0
-0.1186,0,0
-0.1182,0,0
-0.1178,0,0
-0.1174,0,0
-0.117,0,0
-0.1166,0,0
-0.1162,0,0
-0.1158,0,0
-0.1154,0,0
-0.115,0,0
-0.1146,0,0
-0.1142,0,0
-0.1138,0,0
-0.1134,0,0
-0.113,0,0
-0.1126,0,0
-0.1122,0,0
-0.1118,0,0
-0.1114,0,0
-0.111,0,0
-0.1106,0,0
-0.1102,0,0
-0.1098,0,0
-0.1094,0,0
-0.109,0,0
-0.1086,0,0
-0.1082,0,0
-0.1078,0,0
-0.1074,0,0
-0.107,0,0
-0.1066,0,0
-0.1062,0,0
-0.1058,0,0
-0.1054,0,0
-0.105,0,0
-0.1046,0,0
-0.1042,0,0
-0.1038,0,0
-0.1034,0,0
-0.103,0,0
-0.1026,0,0
-0.1022,0,0
-0.1018,0,0
-0.1014,0,0
-0.101,0,0
-0.1006,0,0
-0.1002,0,0
-0.0998,0,0
-0.0994,0.00598738,0.00599832
-0.099,0.0125329,0.00887906
-0.0986,0,0
-0.0982,0,0
-0.0978,0,0
-0.0974,0,0
-0.097,0,0
-0.0966,0,0
-0.0962,0,0
-0.0958,0,0
-0.0954,0,0
-0.095,0,0
-0.0946,0,0
-0.0942,0,0
-0.0938,0,0
-0.0934,0,0
-0.093,0.00626945,0.00628141
-0.0926,0,0
-0.0922,0,0
-0.0918,0,0
-0.0914,0,0
-0.091,0,0
-0.0906,0,0
-0.0902,0,0
-0.0898,0,0
-0.0894,0,0
-0.089,0,0
-0.0886,0,0
-0.0882,0,0
-0.0878,0,0
-0.0874,0,0
-0.087,0,0
-0.0866,0,0
-0.0862,0,0
-0.0858,0,0
-0.0854,0.00601091,0.00602187
-0.085,0,0
-0.0846,0,0
-0.0842,0,0
-0.0838,0,0
-0.0834,0,0
-0.083,0,0
-0.0826,0,0
-0.0822,0,0
-0.0818,0,0
-0.0814,0,0
-0.081,0,0
-0.0806,0,0
-0.0802,0,0
-0.0798,0,0
-0.0794,0,0
-0.079,0,0
-0.0786,0,0
-0.0782,0,0
-0.0778,0,0
-0.0774,0,0
-0.077,0,0
-0.0766,0,0
-0.0762,0,0
-0.0758,0,0
-0.0754,0,0
-0.075,0,0
-0.0746,0,0
-0.0742,0,0
-0.0738,0,0
-0.0734,0.00607923,0.00609037
-0.073,0,0
-0.0726,0.00552415,0.00566444
-0.0722,0,0
-0.0718,0,0
-0.0714,0,0
-0.071,0,0
-0.0706,0,0
-0.0702,0.00664317,0.00665646
-0.0698,0,0
-0.0694,0,0
-0.069,0,0
-0.0686,0,0
-0.0682,0,0
-0.0678,0,0
-0.0674,0,0
-0.067,0,0
-0.0666,0,0
-0.0662,0,0
-0.0658,0.00592167,0.00593221
-0.0654,0,0
-0.065,0.00627913,0.00629097
-0.0646,0,0
-0.0642,0,0
-0.0638,0,0
-0.0634,0,0
-0.063,0,0
-0.0626,0,0
-0.0622,0,0
-0.0618,0,0
-0.0614,0,0
-0.061,0,0
-0.0606,0,0
-0.0602,0,0
-0.0598,0,0
-0.0594,0.0174038,0.0100688
-0.059,0,0
-0.0586,0,0
-0.0582,0,0
-0.0578,0,0
-0.0574,0,0
-0.057,0,0
-0.0566,0,0
-0.0562,0,0
-0.0558,0,0
-0.0554,0,0
-0.055,0,0
-0.0546,0.0063162,0.00632812
-0.0542,0,0
-0.0538,0,0
-0.0534,0,0
-0.053,0.00690807,0.00692231
-0.0526,0,0
-0.0522,0,0
-0.0518,0,0
-0.0514,0,0
-0.051,0,0
-0.0506,0,0
-0.0502,0,0
-0.0498,0.00630475,0.0063166
-0.0494,0,0
-0.049,0,0
-0.0486,0.00327493,0.004455
-0.0482,0.00638663,0.00639878
-0.0478,0,0
-0.0474,0,0
-0.047,0,0
-0.0466,0,0
-0.0462,0,0
-0.0458,0,0
-0.0454,0,0
-0.045,0,0
-0.0446,0,0
-0.0442,0,0
-0.0438,0,0
-0.0434,0,0
-0.043,0,0
-0.0426,0,0
-0.0422,0,0
-0.0418,0,0
-0.0414,0,0
-0.041,0,0
-0.0406,0,0
-0.0402,0,0
-0.0398,0,0
-0.0394,0,0
-0.039,0,0
-0.0386,0,0
-0.0382,0,0
-0.0378,0,0
-0.0374,0,0
-0.037,0,0
-0.0366,0,0
-0.0362,0,0
-0.0358,0,0
-0.0354,0,0
-0.035,0.00628903,0.00630074
-0.0346,0,0
-0.0342,0,0
-0.0338,0,0
-0.0334,0,0
-0.033,0,0
-0.0326,0,0
-0.0322,0,0
-0.0318,0,0
-0.0314,0,0
-0.031,0.00669252,0.00670575
-0.0306,0,0
-0.0302,0,0
-0.0298,0,0
-0.0294,0,0
-0.029,0.00683726,0.00685105
-0.0286,0,0
-0.0282,0,0
-0.0278,0.00358308,0.00466515
-0.0274,0,0
-0.027,0,0
-0.0266,0,0
-0.0262,0,0
-0.0258,0,0
-0.0254,0,0
-0.025,0.00590835,0.00591864
-0.0246,0,0
-0.0242,0.000761752,0.00227379
-0.0238,0.00379369,0.00496298
-0.0234,0,0
-0.023,0,0
-0.0226,0,0
-0.0222,0,0
-0.0218,0,0
-0.0214,0,0
-0.021,0,0
-0.0206,0.0062584,0.00626992
-0.0202,0.00554485,0.00588068
-0.0198,0.00670412,0.00671733
-0.0194,0,0
-0.019,0,0
-0.0186,0,0
-0.0182,0.00595594,0.00596636
-0.0178,0,0
-0.0174,0.00624821,0.00625967
-0.017,0,0
-0.0166,0,0
-0.0162,0,0
-0.0158,0,0
-0.0154,0.00645195,0.00646416
-0.015,0,0
-0.0146,0,0
-0.0142,0,0
-0.0138,0,0
-0.0134,0,0
-0.013,0,0
-0.0126,0,0
-0.0122,0.00658387,0.00659656
-0.0118,0,0
-0.0114,0,0
-0.011,0,0
-0.0106,0,0
-0.0102,0.00272109,0.00399364
-0.0098,0,0
-0.0094,0,0
-0.009,0.00647135,0.0064836
-0.0086,0,0
-0.0082,0,0
-0.0078,0.000640073,0.00193726
-0.0074,0,0
-0.007,0,0
-0.0066,0,0
-0.0062,0,0
-0.0058,0.00629245,0.00630402
-0.0054,0,0
-0.005,0.00610413,0.00611501
-0.0046,0.00582697,0.00583689
-0.0042,0.0240464,0.0122084
-0.0038,0.0313261,0.0140619
-0.0034,0.0279357,0.0127118
-0.003,0.0567276,0.0182476
-0.0026,0.0837323,0.0225945
-0.0022,0.151327,0.0295937
-0.0018,0.299739,0.0431702
-0.0014,0.497232,0.0577062
-0.001,0.79129,0.0720113
-0.0006,1.0142,0.0826211
-0.0002,1.14484,0.0870079
0.0002,1.03616,0.0809433
0.0006,0.787774,0.0711058
0.001,0.59148,0.0598297
0.0014,0.39537,0.0497657
0.0018,0.198941,0.0350881
0.0022,0.089786,0.0239377
0.0026,0.0315198,0.0141293
0.003,0.00636905,0.00638086
0.0034,0.00490315,0.00544855
0.0038,0,0
0.0042,0,0
0.0046,0.00641712,0.0064291
0.005,0.00649319,0.00650545
0.0054,0,0
0.0058,0,0
0.0062,0,0
0.0066,0,0
0.007,0,0
0.0074,0,0
0.0078,0,0
0.0082,0,0
0.0086,0.00608684,0.00609761
0.009,0,0
0.0094,0,0
0.0098,0.00578177,0.00579147
0.0102,0,0
0.0106,0,0
0.011,0.00612351,0.00613439
0.0114,0.00201774,0.00358048
0.0118,0.00157245,0.0033119
0.0122,0,0
0.0126,0.00686448,0.00687814
0.013,0,0
0.0134,0.00650806,0.00652034
0.0138,0,0
0.0142,0,0
0.0146,0,0
0.015,0,0
0.0154,0.00615585,0.00616683
0.0158,0,0
0.0162,0,0
0.0166,0,0
0.017,0,0
0.0174,0.000418436,0.00163728
0.0178,0,0
0.0182,0,0
0.0186,0,0
0.019,0,0
0.0194,0,0
0.0198,0,0
0.0202,0,0
0.0206,0.0061251,0.00613595
0.021,0,0
0.0214,0,0
0.0218,0,0
0.0222,0.00476833,0.00546383
0.0226,0,0
0.023,0,0
0.0234,0,0
0.0238,0,0
0.0242,0,0
0.0246,0,0
0.025,0,0
0.0254,0,0
0.0258,0,0
0.0262,0,0
0.0266,0,0
0.027,0,0
0.0274,0,0
0.0278,0,0
0.0282,0,0
0.0286,0,0
0.029,0.00657343,0.00658588
0.0294,0,0
0.0298,0.00626624,0.00627755
0.0302,0.00607728,0.00608791
0.0306,0,0
0.031,0,0
0.0314,0,0
0.0318,0,0
0.0322,0,0
0.0326,0,0
0.033,0,0
0.0334,0,0
0.0338,0,0
0.0342,0,0
0.0346,0,0
0.035,0.00679164,0.00680489
0.0354,0,0
0.0358,0,0
0.0362,0,0
0.0366,0,0
0.037,0,0
0.0374,0,0
0.0378,0,0
0.0382,0,0
0.0386,0,0
0.039,0,0
0.0394,0.009221,0.00764455
0.0398,0,0
0.0402,0.0125438,0.00888633
0.0406,0,0
0.041,0,0
0.0414,0,0
0.0418,0,0
0.0422,0,0
0.0426,0.00618193,0.00619288
0.043,0,0
0.0434,0,0
0.0438,0,0
0.0442,0,0
0.0446,0.00618809,0.00619906
0.045,0,0
0.0454,0,0
0.0458,0,0
0.0462,0,0
0.0466,0.011963,0.00847361
0.047,0,0
0.0474,0,0
0.0478,0,0
0.0482,0,0
0.0486,0,0
0.049,0,0
0.0494,0,0
0.0498,0,0
0.0502,0,0
0.0506,0,0
0.051,0,0
0.0514,0,0
0.0518,0,0
0.0522,0,0
0.0526,0.00303817,0.00457002
0.053,0,0
0.0534,0,0
0.0538,0,0
0.0542,0,0
0.0546,0,0
0.055,0,0
0.0554,0,0
0.0558,0,0
0.0562,0,0
0.0566,0.00646499,0.00647691
0.057,0,0
0.0574,0,0
0.0578,0,0
0.0582,0,0
0.0586,0,0
0.059,0,0
0.0594,0,0
0.0598,0.00475581,0.00542457
0.0602,0,0
0.0606,0,0
0.061,0,0
0.0614,0.00633054,0.00634195
0.0618,0,0
0.0622,0,0
0.0626,0,0
0.063,0,0
0.0634,0,0
0.0638,0,0
0.0642,0,0
0.0646,0.00170428,0.00326821
0.065,0,0
0.0654,0,0
0.0658,0,0
0.0662,0,0
0.0666,0,0
0.067,0,0
0.0674,0,0
0.0678,0,0
0.0682,0,0
0.0686,0,0
0.069,0,0
0.0694,0,0
0.0698,0,0
0.0702,0,0
0.0706,0.00628744,0.00629867
0.071,0,0
0.0714,0,0
0.0718,0,0
0.0722,0,0
0.0726,0,0
0.073,0,0
0.0734,0,0
0.0738,0,0
0.0742,0,0
0.0746,0.00233845,0.00382509
0.075,0.00625257,0.00626366
0.0754,0.00640533,0.00641697
0.0758,0,0
0.0762,0.00657696,0.00658923
0.0766,0,0
0.077,0,0
0.0774,0.00646289,0.00647474
0.0778,0,0
0.0782,0,0
0.0786,0,0
0.079,0,0
0.0794,0,0
0.0798,0,0
0.0802,0,0
0.0806,0,0
0.081,0,0
0.0814,0,0
0.0818,0,0
0.0822,0,0
0.0826,0,0
0.083,0,0
0.0834,0,0
0.0838,0,0
0.0842,0.0010689,0.00253523
0.0846,0,0
0.085,0,0
0.0854,0,0
0.0858,0,0
0.0862,0,0
0.0866,0.00582301,0.0058326
0.087,0,0
0.0874,0,0
0.0878,0,0
0.0882,0,0
0.0886,0,0
0.089,0,0
0.0894,0,0
0.0898,0,0
0.0902,0,0
0.0906,0,0
0.091,0,0
0.0914,0,0
0.0918,0,0
0.0922,0.00674104,0.00675387
0.0926,0,0
0.093,0,0
0.0934,0,0
0.0938,0,0
0.0942,0,0
0.0946,0,0
0.095,0,0
0.0954,0,0
0.0958,0,0
0.0962,0,0
0.0966,0,0
0.097,0,0
0.0974,0,0
0.0978,0,0
0.0982,0,0
0.0986,0,0
0.099,0,0
0.0994,0,0
0.0998,0,0
0.1002,0,0
0.1006,0,0
0.101,0,0
0.1014,0,0
0.1018,0,0
0.1022,0,0
0.1026,0,0
0.103,0,0
0.1034,0,0
0.1038,0,0
0.1042,0,0
0.1046,0,0
0.105,0,0
0.1054,0,0
0.1058,0,0
0.1062,0,0
0.1066,0,0
0.107,0,0
0.1074,0,0
0.1078,0,0
0.1082,0,0
0.1086,0,0
0.109,0,0
0.1094,0,0
0.1098,0,0
0.1102,0,0
0.1106,0,0
0.111,0,0
0.1114,0,0
0.1118,0,0
0.1122,0,0
0.1126,0,0
0.113,0,0
0.1134,0,0
0.1138,0.0108468,0.0108798
0.1142,0,0
0.1146,0,0
0.115,0,0
0.1154,0,0
0.1158,0,0
0.1162,0,0
0.1166,0,0
0.117,0,0
0.1174,0,0
0.1178,0,0
0.1182,0,0
0.1186,0,0
0.119,0,0
0.1194,0,0
0.1198,0,0
4
-0.1198,0,0
-0.1194,0,0
-0.119,0,0
-0.1186,0,0
-0.1182,0,0
-0.1178,0,0
-0.1174,0,0
-0.117,0,0
-0.1166,0,0
-0.1162,0,0
-0.1158,0,0
-0.1154,0,0
-0.115,0,0
-0.1146,0,0
-0.1142,0,0
-0.1138,0,0
-0.1134,0,0
-0.113,0,0
-0.1126,0,0
-0.1122,0,0
-0.1118,0,0
-0.1114,0,0
-0.111,0.00628826,0.00630033
-0.1106,0,0
-0.1102,0,0
-0.1098,0,0
-0.1094,0,0
-0.109,0,0
-0.1086,0,0
-0.1082,0,0
-0.1078,0,0
-0.1074,0,0
-0.107,0,0
-0.1066,0,0
-0.1062,0,0
-0.1058,0,0
-0.1054,0,0
-0.105,0,0
-0.1046,0,0
-0.1042,0,0
-0.1038,0,0
-0.1034,0,0
-0.103,0,0
-0.1026,0,0
-0.1022,0,0
-0.1018,0,0
-0.1014,0,0
-0.101,0,0
-0.1006,0,0
-0.1002,0,0
-0.0998,0.00601955,0.00603054
-0.0994,0,0
-0.099,0,0
-0.0986,0,0
-0.0982,0,0
-0.0978,0,0
-0.0974,0,0
-0.097,0,0
-0.0966,0,0
-0.0962,0,0
-0.0958,0,0
-0.0954,0,0
-0.095,0,0
-0.0946,0,0
-0.0942,0,0
-0.0938,0,0
-0.0934,0,0
-0.093,0.00630704,0.00631906
-0.0926,0,0
-0.0922,0,0
-0.0918,0,0
-0.0914,0,0
-0.091,0,0
-0.0906,0,0
-0.0902,0,0
-0.0898,0,0
-0.0894,0,0
-0.089,0,0
-0.0886,0,0
-0.0882,0,0
-0.0878,0,0
-0.0874,0,0
-0.087,0,0
-0.0866,0,0
-0.0862,0,0
-0.0858,0,0
-0.0854,0,0
-0.085,0,0
-0.0846,0,0
-0.0842,0,0
-0.0838,0,0
-0.0834,0,0
-0.083,0,0
-0.0826,0,0
-0.0822,0,0
-0.0818,0,0
-0.0814,0,0
-0.081,0,0
-0.0806,0,0
-0.0802,0,0
-0.0798,0,0
-0.0794,0,0
-0.079,0,0
-0.0786,0,0
-0.0782,0,0
-0.0778,0,0
-0.0774,0,0
-0.077,0,0
-0.0766,0,0
-0.0762,0,0
-0.0758,0,0
-0.0754,0,0
-0.075,0,0
-0.0746,0,0
-0.0742,0,0
-0.0738,0,0
-0.0734,0,0
-0.073,0,0
-0.0726,0.000265061,0.00124342
-0.0722,0,0
-0.0718,0,0
-0.0714,0,0
-0.071,0,0
-0.0706,0,0
-0.0702,0,0
-0.0698,0,0
-0.0694,0,0
-0.069,0,0
-0.0686,0,0
-0.0682,0,0
-0.0678,0,0
-0.0674,0.00634458,0.00635664
-0.067,0,0
-0.0666,0,0
-0.0662,0,0
-0.0658,0,0
-0.0654,0,0
-0.065,0,0
-0.0646,0,0
-0.0642,0,0
-0.0638,0,0
-0.0634,0,0
-0.063,0.006172,0.0061834
-0.0626,0,0
-0.0622,0,0
-0.0618,0,0
-0.0614,0,0
-0.061,0,0
-0.0606,0.00594107,0.00595162
-0.0602,0.000971962,0.00240745
-0.0598,0.00602004,0.00603087
-0.0594,0,0
-0.059,0,0
-0.0586,0,0
-0.0582,0,0
-0.0578,0,0
-0.0574,0,0
-0.057,0,0
-0.0566,0,0
-0.0562,0,0
-0.0558,0,0
-0.0554,0,0
-0.055,0,0
-0.0546,0,0
-0.0542,0,0
-0.0538,0,0
-0.0534,0,0
-0.053,0,0
-0.0526,0,0
-0.0522,0,0
-0.0518,0,0
-0.0514,0,0
-0.051,0,0
-0.0506,0,0
-0.0502,0.0060809,0.00609192
-0.0498,0.00588243,0.00589275
-0.0494,0,0
-0.049,0,0
-0.0486,0.00276286,0.00409135
-0.0482,0,0
-0.0478,0,0
-0.0474,0,0
-0.047,0,0
-0.0466,0,0
-0.0462,0,0
-0.0458,0,0
-0.0454,0,0
-0.045,0,0
-0.0446,0,0
-0.0442,0,0
-0.0438,0,0
-0.0434,0.00621862,0.00623013
-0.043,0,0
-0.0426,0,0
-0.0422,0,0
-0.0418,0,0
-0.0414,0,0
-0.041,0,0
-0.0406,0,0
-0.0402,0,0
-0.0398,0,0
-0.0394,0.0063042,0.00631601
-0.039,0,0
-0.0386,0,0
-0.0382,0,0
-0.0378,0,0
-0.0374,0,0
-0.037,0,0
-0.0366,0,0
-0.0362,0,0
-0.0358,0,0
-0.0354,0.00625013,0.00626174
-0.035,0,0
-0.0346,0,0
-0.0342,0,0
-0.0338,0,0
-0.0334,0,0
-0.033,0,0
-0.0326,0.0126427,0.00895678
-0.0322,0,0
-0.0318,0,0
-0.0314,0,0
-0.031,0,0
-0.0306,0,0
-0.0302,0,0
-0.0298,0,0
-0.0294,0,0
-0.029,0,0
-0.0286,0,0
-0.0282,0,0
-0.0278,0.00245537,0.00385095
-0.0274,0,0
-0.027,0,0
-0.0266,0,0
-0.0262,0,0
-0.0258,0.00652347,0.00653609
-0.0254,0.00607963,0.0060906
-0.025,0,0
-0.0246,0,0
-0.0242,0,0
-0.0238,0.00265566,0.00413787
-0.0234,0,0
-0.023,0,0
-0.0226,0,0
-0.0222,0,0
-0.0218,0,0
-0.0214,0.0125439,0.00888638
-0.021,0.00593052,0.00594095
-0.0206,0,0
-0.0202,0,0
-0.0198,0,0
-0.0194,0,0
-0.019,0,0
-0.0186,0,0
-0.0182,0,0
-0.0178,0,0
-0.0174,0,0
-0.017,0,0
-0.0166,0,0
-0.0162,0,0
-0.0158,0.00584692,0.00585705
-0.0154,0.00594282,0.00595329
-0.015,0,0
-0.0146,0,0
-0.0142,0,0
-0.0138,0,0
-0.0134,0,0
-0.013,0,0
-0.0126,0.00605343,0.0060643
-0.0122,0,0
-0.0118,0,0
-0.0114,0,0
-0.011,0,0
-0.0106,0,0
-0.0102,0,0
-0.0098,0,0
-0.0094,0,0
-0.009,0,0
-0.0086,0.00552759,0.00604983
-0.0082,0,0
-0.0078,0.010896,0.00793823
-0.0074,0,0
-0.007,0.00623156,0.00624308
-0.0066,0,0
-0.0062,0,0
-0.0058,0,0
-0.0054,0,0
-0.005,0,0
-0.0046,0,0
-0.0042,0.00607974,0.0060907
-0.0038,0.0159628,0.00981723
-0.0034,0.0405772,0.0151969
-0.003,0.0558154,0.0179813
-0.0026,0.0808597,0.0218593
-0.0022,0.0868032,0.0222222
-0.0018,0.255748,0.0395786
-0.0014,0.46661,0.0554124
-0.001,0.654883,0.0649257
-0.0006,0.904146,0.0772844
-0.0002,1.08057,0.0839538
0.0002,0.978413,0.0779927
0.0006,0.836972,0.072638
0.001,0.56884,0.0581739
0.0014,0.359813,0.0472346
0.0018,0.164389,0.0316266
0.0022,0.0586071,0.0190993
0.0026,0.0217676,0.0116357
0.003,0.0249809,0.0125137
0.0034,0.0129375,0.00876306
0.0038,0,0
0.0042,0,0
0.0046,0,0
0.005,0,0
0.0054,0,0
0.0058,0.0126075,0.00893479
0.0062,0.00647167,0.00648411
0.0066,0,0
0.007,0,0
0.0074,0,0
0.0078,0.00620268,0.00621411
0.0082,0.00607368,0.00608464
0.0086,0.00589486,0.00590519
0.009,0,0
0.0094,0,0
0.0098,0.0056492,0.00565868
0.0102,0,0
0.0106,0,0
0.011,0.00581174,0.00582177
0.0114,0.00420989,0.00510989
0.0118,0,0
0.0122,0,0
0.0126,0,0
0.013,0,0
0.0134,0,0
0.0138,0,0
0.0142,0.00623278,0.00624433
0.0146,0,0
0.015,0,0
0.0154,0.00611059,0.00612169
0.0158,0,0
0.0162,0.00614626,0.00615749
0.0166,0,0
0.017,0,0
0.0174,0.0120153,0.00865484
0.0178,0,0
0.0182,0,0
0.0186,0,0
0.019,0,0
0.0194,0,0
0.0198,0,0
0.0202,0,0
0.0206,0,0
0.021,0,0
0.0214,0.0059748,0.00598542
0.0218,0.00615489,0.00616616
0.0222,0.00142713,0.00294527
0.0226,0,0
0.023,0,0
0.0234,0,0
0.0238,0,0
0.0242,0,0
0.0246,0,0
0.025,0,0
0.0254,0,0
0.0258,0,0
0.0262,0,0
0.0266,0,0
0.027,0,0
0.0274,0,0
0.0278,0,0
0.0282,0.00623109,0.00624265
0.0286,0,0
0.029,0,0
0.0294,0,0
0.0298,0,0
0.0302,0,0
0.0306,0,0
0.031,0,0
0.0314,0,0
0.0318,0,0
0.0322,0,0
0.0326,0,0
0.033,0,0
0.0334,0,0
0.0338,0,0
0.0342,0,0
0.0346,0,0
0.035,0,0
0.0354,0,0
0.0358,0.00554578,0.00555494
0.0362,0,0
0.0366,0,0
0.037,0,0
0.0374,0,0
0.0378,0,0
0.0382,0,0
0.0386,0,0
0.039,0,0
0.0394,0,0
0.0398,0,0
0.0402,0,0
0.0406,0,0
0.041,0,0
0.0414,0,0
0.0418,0,0
0.0422,0,0
0.0426,0,0
0.043,0.00602422,0.00603504
0.0434,0,0
0.0438,0,0
0.0442,0,0
0.0446,0.00594659,0.00595714
0.045,0,0
0.0454,0,0
0.0458,0,0
0.0462,0,0
0.0466,0,0
0.047,0,0
0.0474,0,0
0.0478,0,0
0.0482,0,0
0.0486,0.00588217,0.00589249
0.049,0,0
0.0494,0,0
0.0498,0,0
0.0502,0,0
0.0506,0,0
0.051,0,0
0.0514,0,0
0.0518,0.00603416,0.00604502
0.0522,0,0
0.0526,0,0
0.053,0,0
0.0534,0,0
0.0538,0,0
0.0542,0,0
0.0546,0,0
0.055,0,0
0.0554,0,0
0.0558,0,0
0.0562,0,0
0.0566,0,0
0.057,0,0
0.0574,0,0
0.0578,0,0
0.0582,0,0
0.0586,0,0
0.059,0,0
0.0594,0,0
0.0598,0,0
0.0602,0,0
0.0606,0.00600317,0.00601392
0.061,0.00604352,0.00605442
0.0614,0,0
0.0618,0,0
0.0622,0,0
0.0626,0,0
0.063,0,0
0.0634,0,0
0.0638,0,0
0.0642,0,0
0.0646,0.00595512,0.0059657
0.065,0,0
0.0654,0,0
0.0658,0,0
0.0662,0.00589691,0.00590729
0.0666,0,0
0.067,0,0
0.0674,0,0
0.0678,0,0
0.0682,0,0
0.0686,0.00549232,0.00550133
0.069,0,0
0.0694,0,0
0.0698,0,0
0.0702,0,0
0.0706,0.00598357,0.00599425
0.071,0,0
0.0714,0,0
0.0718,0,0
0.0722,0,0
0.0726,0,0
0.073,0.00587248,0.00588277
0.0734,0,0
0.0738,0,0
0.0742,0,0
0.0746,0.00955705,0.00751063
0.075,0,0
0.0754,0,0
0.0758,0,0
0.0762,0,0
0.0766,0,0
0.077,0,0
0.0774,0,0
0.0778,0,0
0.0782,0,0
0.0786,0,0
0.079,0,0
0.0794,0,0
0.0798,0,0
0.0802,0,0
0.0806,0,0
0.081,0.00647973,0.00649226
0.0814,0,0
0.0818,0,0
0.0822,0,0
0.0826,0,0
0.083,0,0
0.0834,0,0
0.0838,0,0
0.0842,0.00466633,0.00515669
0.0846,0,0
0.085,0,0
0.0854,0,0
0.0858,0,0
0.0862,0,0
0.0866,0,0
0.087,0,0
0.0874,0,0
0.0878,0,0
0.0882,0,0
0.0886,0,0
0.089,0,0
0.0894,0,0
0.0898,0,0
0.0902,0,0
0.0906,0,0
0.091,0,0
0.0914,0.00572966,0.00573946
0.0918,0.0115429,0.00817615
0.0922,0,0
0.0926,0,0
0.093,0,0
0.0934,0,0
0.0938,0,0
0.0942,0,0
0.0946,0.00550383,0.00551288
0.095,0,0
0.0954,0,0
0.0958,0,0
0.0962,0,0
0.0966,0,0
0.097,0,0
0.0974,0,0
0.0978,0,0
0.0982,0.0128478,0.00910957
0.0986,0,0
0.099,0,0
0.0994,0.00651187,0.00652452
0.0998,0,0
0.1002,0,0
0.1006,0,0
0.101,0,0
0.1014,0,0
0.1018,0,0
0.1022,0,0
0.1026,0,0
0.103,0,0
0.1034,0,0
0.1038,0,0
0.1042,0,0
0.1046,0,0
0.105,0,0
0.1054,0,0
0.1058,0,0
0.1062,0,0
0.1066,0,0
0.107,0,0
0.1074,0,0
0.1078,0,0
0.1082,0,0
0.1086,0,0
0.109,0,0
0.1094,0,0
0.1098,0,0
0.1102,0,0
0.1106,0,0
0.111,0,0
0.1114,0,0
0.1118,0.00804829,0.00806757
0.1122,0,0
0.1126,0,0
0.113,0,0
0.1134,0,0
0.1138,0,0
0.1142,0,0
0.1146,0.0100009,0.0100306
0.115,0,0
0.1154,0,0
0.1158,0,0
0.1162,0,0
0.1166,0.0039879,0.00604185
0.117,0,0
0.1174,0,0
0.1178,0,0
0.1182,0,0
0.1186,0,0
0.119,0.0106851,0.010719
0.1194,0,0
0.1198,0,0
5
-0.1198,0,0
-0.1194,0,0
-0.119,0,0
-0.1186,0,0
-0.1182,0,0
-0.1178,0,0
-0.1174,0,0
-0.117,0,0
-0.1166,0,0
-0.1162,0,0
-0.1158,0,0
-0.1154,0,0
-0.115,0,0
-0.1146,0,0
-0.1142,0,0
-0.1138,0,0
-0.1134,0,0
-0.113,0,0
-0.1126,0,0
-0.1122,0,0
-0.1118,0,0
-0.1114,0,0
-0.111,0,0
-0.1106,0,0
-0.1102,0,0
-0.1098,0,0
-0.1094,0,0
-0.109,0,0
-0.1086,0,0
-0.1082,0,0
-0.1078,0,0
-0.1074,0,0
-0.107,0,0
-0.1066,0,0
-0.1062,0,0
-0.1058,0,0
-0.1054,0,0
-0.105,0.00624114,0.00625287
-0.1046,0,0
-0.1042,0,0
-0.1038,0,0
-0.1034,0,0
-0.103,0,0
-0.1026,0,0
-0.1022,0,0
-0.1018,0,0
-0.1014,0,0
-0.101,0,0
-0.1006,0,0
-0.1002,0,0
-0.0998,0,0
-0.0994,0,0
-0.099,0,0
-0.0986,0,0
-0.0982,0,0
-0.0978,0,0
-0.0974,0,0
-0.097,0,0
-0.0966,0,0
-0.0962,0,0
-0.0958,0,0
-0.0954,0,0
-0.095,0,0
-0.0946,0,0
-0.0942,0,0
-0.0938,0,0
-0.0934,0,0
-0.093,0,0
-0.0926,0,0
-0.0922,0,0
-0.0918,0,0
-0.0914,0,0
-0.091,0,0
-0.0906,0,0
-0.0902,0,0
-0.0898,0,0
-0.0894,0,0
-0.089,0,0
-0.0886,0,0
-0.0882,0,0
-0.0878,0,0
-0.0874,0.0062327,0.00624426
-0.087,0,0
-0.0866,0,0
-0.0862,0,0
-0.0858,0,0
-0.0854,0.00683211,0.00684598
-0.085,0,0
-0.0846,0,0
-0.0842,0,0
-0.0838,0,0
-0.0834,0,0
-0.083,0,0
-0.0826,0,0
-0.0822,0,0
-0.0818,0,0
-0.0814,0,0
-0.081,0,0
-0.0806,0.00589678,0.00590709
-0.0802,0,0
-0.0798,0,0
-0.0794,0,0
-0.079,0,0
-0.0786,0,0
-0.0782,0,0
-0.0778,0,0
-0.0774,0,0
-0.077,0,0
-0.0766,0,0
-0.0762,0,0
-0.0758,0,0
-0.0754,0,0
-0.075,0,0
-0.0746,0,0
-0.0742,0,0
-0.0738,0,0
-0.0734,0,0
-0.073,0,0
-0.0726,0,0
-0.0722,0,0
-0.0718,0,0
-0.0714,0,0
-0.071,0,0
-0.0706,0,0
-0.0702,0,0
-0.0698,0,0
-0.0694,0,0
-0.069,0,0
-0.0686,0,0
-0.0682,0,0
-0.0678,0,0
-0.0674,0,0
-0.067,0,0
-0.0666,0,0
-0.0662,0,0
-0.0658,0.00604699,0.00605775
-0.0654,0,0
-0.065,0,0
-0.0646,0,0
-0.0642,0.00611105,0.00612203
-0.0638,0,0
-0.0634,0,0
-0.063,0.000722274,0.00212197
-0.0626,0,0
-0.0622,0,0
-0.0618,0,0
-0.0614,0,0
-0.061,0,0
-0.0606,0,0
-0.0602,0.00506325,0.00554609
-0.0598,0,0
-0.0594,0,0
-0.059,0,0
-0.0586,0,0
-0.0582,0,0
-0.0578,0,0
-0.0574,0,0
-0.057,0,0
-0.0566,0,0
-0.0562,0.00595807,0.00596847
-0.0558,0,0
-0.0554,0,0
-0.055,0.00637508,0.00638697
-0.0546,0,0
-0.0542,0,0
-0.0538,0,0
-0.0534,0.00631426,0.00632593
-0.053,0,0
-0.0526,0,0
-0.0522,0,0
-0.0518,0,0
-0.0514,0,0
-0.051,0,0
-0.0506,0,0
-0.0502,0,0
-0.0498,0,0
-0.0494,0,0
-0.049,0.0065576,0.00657016
-0.0486,0,0
-0.0482,0,0
-0.0478,0,0
-0.0474,0,0
-0.047,0,0
-0.0466,0,0
-0.0462,0,0
-0.0458,0,0
-0.0454,0,0
-0.045,0.00237034,0.00395334
-0.0446,0,0
-0.0442,0,0
-0.0438,0,0
-0.0434,0,0
-0.043,0,0
-0.0426,0,0
-0.0422,0,0
-0.0418,0,0
-0.0414,0,0
-0.041,0,0
-0.0406,0,0
-0.0402,0,0
-0.0398,0,0
-0.0394,0,0
-0.039,0.0058083,0.00581812
-0.0386,0,0
-0.0382,0,0
-0.0378,0,0
-0.0374,0,0
-0.037,0,0
-0.0366,0,0
-0.0362,0,0
-0.0358,0,0
-0.0354,0,0
-0.035,0,0
-0.0346,0,0
-0.0342,0,0
-0.0338,0,0
-0.0334,0,0
-0.033,0,0
-0.0326,0,0
-0.0322,0,0
-0.0318,0,0
-0.0314,0,0
-0.031,0,0
-0.0306,0,0
-0.0302,0,0
-0.0298,0,0
-0.0294,0,0
-0.029,0,0
-0.0286,0,0
-0.0282,0.00635985,0.00637158
-0.0278,0,0
-0.0274,0,0
-0.027,0,0
-0.0266,0,0
-0.0262,0,0
-0.0258,0.00106728,0.00267409
-0.0254,0,0
-0.025,0,0
-0.0246,0,0
-0.0242,0,0
-0.0238,0,0
-0.0234,0,0
-0.023,0,0
-0.0226,0,0
-0.0222,0,0
-0.0218,0,0
-0.0214,0,0
-0.021,0,0
-0.0206,0,0
-0.0202,0,0
-0.0198,0,0
-0.0194,0,0
-0.019,0,0
-0.0186,0,0
-0.0182,0,0
-0.0178,0,0
-0.0174,0,0
-0.017,0,0
-0.0166,0,0
-0.0162,0,0
-0.0158,0,0
-0.0154,0,0
-0.015,0.00654383,0.00655621
-0.0146,0,0
-0.0142,0.00644043,0.00645242
-0.0138,0,0
-0.0134,0,0
-0.013,0,0
-0.0126,0,0
-0.0122,0.00667267,0.00668554
-0.0118,0,0
-0.0114,0,0
-0.011,0,0
-0.0106,0.0059513,0.00596154
-0.0102,0.00591753,0.00592765
-0.0098,0,0
-0.0094,0,0
-0.009,0,0
-0.0086,0.00109609,0.00272919
-0.0082,0,0
-0.0078,0.00646265,0.00647471
-0.0074,0,0
-0.007,0,0
-0.0066,0,0
-0.0062,0,0
-0.0058,0,0
-0.0054,0.00617679,0.0061878
-0.005,0.0120732,0.00855429
-0.0046,0.0124533,0.00882168
-0.0042,0.0124976,0.00885312
-0.0038,0.0278032,0.0133987
-0.0034,0.0117867,0.00829997
-0.003,0.0474125,0.0167933
-0.0026,0.0808575,0.0222472
-0.0022,0.153039,0.0299241
-0.0018,0.289155,0.0429832
-0.0014,0.442938,0.0547645
-0.001,0.622396,0.0641325
-0.0006,0.863593,0.0766277
-0.0002,0.933494,0.0792206
0.0002,0.86088,0.0741685
0.0006,0.623583,0.0635908
0.001,0.428723,0.0511099
0.0014,0.309962,0.0444967
0.0018,0.127173,0.0282443
0.0022,0.0580044,0.0193717
0.0026,0.0320255,0.0143492
0.003,0.0321417,0.014401
0.0034,0.00608803,0.00609872
0.0038,0.0262896,0.0131701
0.0042,0.0127881,0.00905925
0.0046,0,0
0.005,0.00654711,0.00655947
0.0054,0,0
0.0058,0,0
0.0062,0,0
0.0066,0.00607141,0.00608204
0.007,0,0
0.0074,0,0
0.0078,0,0
0.0082,0,0
0.0086,0,0
0.009,0,0
0.0094,0,0
0.0098,0,0
0.0102,0,0
0.0106,0,0
0.011,0.0123143,0.00872302
0.0114,0,0
0.0118,0.00650046,0.00651266
0.0122,0,0
0.0126,0.00689753,0.00691125
0.013,0,0
0.0134,0,0
0.0138,0,0
0.0142,0,0
0.0146,0,0
0.015,0,0
0.0154,0,0
0.0158,0.00626848,0.00627982
0.0162,0,0
0.0166,0,0
0.017,0,0
0.0174,0,0
0.0178,0,0
0.0182,0,0
0.0186,0,0
0.019,0,0
0.0194,0,0
0.0198,0,0
0.0202,0,0
0.0206,0,0
0.021,0,0
0.0214,0,0
0.0218,0,0
0.0222,0,0
0.0226,0,0
0.023,0,0
0.0234,0,0
0.0238,0,0
0.0242,0,0
0.0246,0,0
0.025,0,0
0.0254,0,0
0.0258,0,0
0.0262,0,0
0.0266,0.00614699,0.00615789
0.027,0,0
0.0274,0,0
0.0278,0,0
0.0282,0,0
0.0286,0,0
0.029,0,0
0.0294,0,0
0.0298,0,0
0.0302,0,0
0.0306,0,0
0.031,0,0
0.0314,0,0
0.0318,0,0
0.0322,0,0
0.0326,0,0
0.033,0,0
0.0334,0,0
0.0338,0,0
0.0342,0,0
0.0346,0.00613954,0.00615041
0.035,0,0
0.0354,0,0
0.0358,0,0
0.0362,0.00603371,0.00604421
0.0366,0,0
0.037,0,0
0.0374,0,0
0.0378,0,0
0.0382,0,0
0.0386,0,0
0.039,0,0
0.0394,0,0
0.0398,0,0
0.0402,0,0
0.0406,0,0
0.041,0,0
0.0414,0,0
0.0418,0,0
0.0422,0,0
0.0426,0,0
0.043,0,0
0.0434,0,0
0.0438,0,0
0.0442,0,0
0.0446,0.00615523,0.00616614
0.045,0,0
0.0454,0,0
0.0458,0,0
0.0462,0,0
0.0466,0,0
0.047,0,0
0.0474,0,0
0.0478,0.0070611,0.00707545
0.0482,0,0
0.0486,0,0
0.049,0,0
0.0494,0,0
0.0498,0,0
0.0502,0,0
0.0506,0,0
0.051,0,0
0.0514,0,0
0.0518,0,0
0.0522,0,0
0.0526,0,0
0.053,0,0
0.0534,0,0
0.0538,0.00680412,0.00681743
0.0542,0,0
0.0546,0,0
0.055,0,0
0.0554,0,0
0.0558,0,0
0.0562,0,0
0.0566,0,0
0.057,0,0
0.0574,0,0
0.0578,0,0
0.0582,0,0
0.0586,0,0
0.059,0,0
0.0594,0,0
0.0598,0,0
0.0602,0,0
0.0606,0,0
0.061,0,0
0.0614,0,0
0.0618,0,0
0.0622,0,0
0.0626,0,0
0.063,0,0
0.0634,0,0
0.0638,0,0
0.0642,0.0059452,0.00595534
0.0646,0,0
0.065,0,0
0.0654,0,0
0.0658,0,0
0.0662,0,0
0.0666,0,0
0.067,0,0
0.0674,0,0
0.0678,0,0
0.0682,0,0
0.0686,0,0
0.069,0,0
0.0694,0,0
0.0698,0,0
0.0702,0,0
0.0706,0,0
0.071,0,0
0.0714,0,0
0.0718,0,0
0.0722,0,0
0.0726,0,0
0.073,0,0
0.0734,0,0
0.0738,0,0
0.0742,0,0
0.0746,0,0
0.075,0,0
0.0754,0,0
0.0758,0,0
0.0762,0,0
0.0766,0,0
0.077,0,0
0.0774,0,0
0.0778,0.00643817,0.00645001
0.0782,0,0
0.0786,0,0
0.079,0,0
0.0794,0,0
0.0798,0,0
0.0802,0,0
0.0806,0,0
0.081,0,0
0.0814,0,0
0.0818,0,0
0.0822,0,0
0.0826,0,0
0.083,0.005814,0.00582364
0.0834,0,0
0.0838,0,0
0.0842,0,0
0.0846,0,0
0.085,0,0
0.0854,0,0
0.0858,0,0
0.0862,0,0
0.0866,0,0
0.087,0,0
0.0874,0,0
0.0878,0,0
0.0882,0,0
0.0886,0,0
0.089,0,0
0.0894,0,0
0.0898,0,0
0.0902,0,0
0.0906,0,0
0.091,0,0
0.0914,0,0
0.0918,0.00606059,0.00607103
0.0922,0,0
0.0926,0,0
0.093,0,0
0.0934,0,0
0.0938,0,0
0.0942,0,0
0.0946,0,0
0.095,0.00694954,0.00696324
0.0954,0,0
0.0958,0,0
0.0962,0,0
0.0966,0,0
0.097,0,0
0.0974,0,0
0.0978,0.00711194,0.00712627
0.0982,0,0
0.0986,0,0
0.099,0,0
0.0994,0,0
0.0998,0,0
0.1002,0,0
0.1006,0,0
0.101,0,0
0.1014,0,0
0.1018,0,0
0.1022,0,0
0.1026,0,0
0.103,0,0
0.1034,0,0
0.1038,0,0
0.1042,0,0
0.1046,0,0
0.105,0,0
0.1054,0,0
0.1058,0,0
0.1062,0,0
0.1066,0,0
0.107,0,0
0.1074,0,0
0.1078,0,0
0.1082,0,0
0.1086,0,0
0.109,0,0
0.1094,0,0
0.1098,0,0
0.1102,0.00911813,0.00914155
0.1106,0,0
0.111,0,0
0.1114,0,0
0.1118,0,0
0.1122,0,0
0.1126,0,0
0.113,0,0
0.1134,0,0
0.1138,0,0
0.1142,0,0
0.1146,0,0
0.115,0,0
0.1154,0,0
0.1158,0,0
0.1162,0.0110085,0.0110426
0.1166,0.00541803,0.00724696
0.117,0,0
0.1174,0,0
0.1178,0,0
0.1182,0,0
0.1186,0,0
0.119,0,0
0.1194,0,0
0.1198,0,0
6
-0.1198,0,0
-0.1194,0,0
-0.119,0,0
-0.1186,0,0
-0.1182,0,0
-0.1178,0,0
-0.1174,0,0
-0.117,0,0
-0.1166,0,0
-0.1162,0,0
-0.1158,0,0
-0.1154,0,0
-0.115,0,0
-0.1146,0,0
-0.1142,0,0
-0.1138,0,0
-0.1134,0,0
-0.113,0,0
-0.1126,0,0
-0.1122,0,0
-0.1118,0,0
-0.1114,0,0
-0.111,0,0
-0.1106,0,0
-0.1102,0,0
-0.1098,0,0
-0.1094,0,0
-0.109,0,0
-0.1086,0,0
-0.1082,0.00114327,0.00245367
-0.1078,0,0
-0.1074,0,0
-0.107,0.00539088,0.00540071
-0.1066,0,0
-0.1062,0,0
-0.1058,0,0
-0.1054,0,0
-0.105,0,0
-0.1046,0,0
-0.1042,0,0
-0.1038,0,0
-0.1034,0,0
-0.103,0,0
-0.1026,0,0
-0.1022,0,0
-0.1018,0,0
-0.1014,0,0
-0.101,0,0
-0.1006,0,0
-0.1002,0,0
-0.0998,0,0
-0.0994,0,0
-0.099,0,0
-0.0986,0,0
-0.0982,0,0
-0.0978,0,0
-0.0974,0,0
-0.097,0,0
-0.0966,0,0
-0.0962,0,0
-0.0958,0,0
-0.0954,0,0
-0.095,0,0
-0.0946,0,0
-0.0942,0,0
-0.0938,0,0
-0.0934,0,0
-0.093,0,0
-0.0926,0,0
-0.0922,0,0
-0.0918,0,0
-0.0914,0.00539313,0.00540284
-0.091,0,0
-0.0906,0,0
-0.0902,0,0
-0.0898,0,0
-0.0894,0,0
-0.089,0,0
-0.0886,0,0
-0.0882,0,0
-0.0878,0,0
-0.0874,0,0
-0.087,0,0
-0.0866,0,0
-0.0862,0,0
-0.0858,0.00542184,0.00543166
-0.0854,0,0
-0.085,0,0
-0.0846,0,0
-0.0842,0,0
-0.0838,0,0
-0.0834,0,0
-0.083,0,0
-0.0826,0,0
-0.0822,0.00594714,0.00595901
-0.0818,0,0
-0.0814,0,0
-0.081,0,0
-0.0806,0,0
-0.0802,0,0
-0.0798,0,0
-0.0794,0,0
-0.079,0,0
-0.0786,0,0
-0.0782,0,0
-0.0778,0,0
-0.0774,0,0
-0.077,0,0
-0.0766,0,0
-0.0762,0,0
-0.0758,0,0
-0.0754,0,0
-0.075,0,0
-0.0746,0,0
-0.0742,0,0
-0.0738,0,0
-0.0734,0,0
-0.073,0,0
-0.0726,0,0
-0.0722,0,0
-0.0718,0,0
-0.0714,0,0
-0.071,0,0
-0.0706,0,0
-0.0702,0,0
-0.0698,0,0
-0.0694,0,0
-0.069,0,0
-0.0686,0,0
-0.0682,0,0
-0.0678,0,0
-0.0674,0,0
-0.067,0,0
-0.0666,0,0
-0.0662,0.00508121,0.00509001
-0.0658,0,0
-0.0654,0,0
-0.065,0,0
-0.0646,0,0
-0.0642,0.00525973,0.00526918
-0.0638,0,0
-0.0634,0,0
-0.063,0.0100543,0.00733899
-0.0626,0.00560345,0.00561419
-0.0622,0,0
-0.0618,0.00523408,0.00524346
-0.0614,0,0
-0.061,0,0
-0.0606,0,0
-0.0602,0,0
-0.0598,0,0
-0.0594,0,0
-0.059,0,0
-0.0586,0,0
-0.0582,0,0
-0.0578,0,0
-0.0574,0.00519509,0.00520436
-0.057,0,0
-0.0566,0,0
-0.0562,0,0
-0.0558,0,0
-0.0554,0,0
-0.055,0,0
-0.0546,0,0
-0.0542,0,0
-0.0538,0,0
-0.0534,0,0
-0.053,0,0
-0.0526,0,0
-0.0522,0,0
-0.0518,0,0
-0.0514,0,0
-0.051,0,0
-0.0506,0,0
-0.0502,0,0
-0.0498,0,0
-0.0494,0,0
-0.049,0.00554086,0.00555147
-0.0486,0,0
-0.0482,0.00549997,0.00551043
-0.0478,0,0
-0.0474,0,0
-0.047,0,0
-0.0466,0,0
-0.0462,0,0
-0.0458,0,0
-0.0454,0,0
-0.045,0.00353203,0.00442651
-0.0446,0,0
-0.0442,0,0
-0.0438,0,0
-0.0434,0,0
-0.043,0,0
-0.0426,0,0
-0.0422,0,0
-0.0418,0,0
-0.0414,0,0
-0.041,0,0
-0.0406,0,0
-0.0402,0,0
-0.0398,0,0
-0.0394,0,0
-0.039,0,0
-0.0386,0,0
-0.0382,0,0
-0.0378,0,0
-0.0374,0,0
-0.037,0,0
-0.0366,0,0
-0.0362,0,0
-0.0358,0,0
-0.0354,0,0
-0.035,0,0
-0.0346,0,0
-0.0342,0,0
-0.0338,0,0
-0.0334,0,0
-0.033,0,0
-0.0326,0,0
-0.0322,0,0
-0.0318,0,0
-0.0314,0,0
-0.031,0,0
-0.0306,0,0
-0.0302,0,0
-0.0298,0,0
-0.0294,0,0
-0.029,0,0
-0.0286,0,0
-0.0282,0,0
-0.0278,0,0
-0.0274,0,0
-0.027,0,0
-0.0266,0,0
-0.0262,0,0
-0.0258,0.00463841,0.00507045
-0.0254,0,0
-0.025,0,0
-0.0246,0,0
-0.0242,0,0
-0.0238,0,0
-0.0234,0,0
-0.023,0,0
-0.0226,0,0
-0.0222,0,0
-0.0218,0,0
-0.0214,0,0
-0.021,0,0
-0.0206,0,0
-0.0202,0,0
-0.0198,0,0
-0.0194,0,0
-0.019,0.00483491,0.00484313
-0.0186,0,0
-0.0182,0,0
-0.0178,0,0
-0.0174,0,0
-0.017,0,0
-0.0166,0,0
-0.0162,0,0
-0.0158,0.00492429,0.00493282
-0.0154,0,0
-0.015,0,0
-0.0146,0,0
-0.0142,0,0
-0.0138,0,0
-0.0134,0,0
-0.013,0,0
-0.0126,0,0
-0.0122,0,0
-0.0118,0,0
-0.0114,0,0
-0.011,0,0
-0.0106,0,0
-0.0102,0.00484977,0.00485806
-0.0098,0,0
-0.0094,0,0
-0.009,0,0
-0.0086,0,0
-0.0082,0,0
-0.0078,0,0
-0.0074,0.00523603,0.0052457
-0.007,0.00523538,0.00524505
-0.0066,0,0
-0.0062,0,0
-0.0058,0.00520773,0.0052173
-0.0054,0,0
-0.005,0.00481934,0.00482754
-0.0046,0,0
-0.0042,0,0
-0.0038,0,0
-0.0034,0.00934593,0.00665892
-0.003,0.00960586,0.00680474
-0.0026,0.0451032,0.0150619
-0.0022,0.07619,0.0190801
-0.0018,0.125773,0.0257735
-0.0014,0.187203,0.0321698
-0.001,0.237948,0.0359491
-0.0006,0.370638,0.0453816
-0.0002,0.396589,0.0465359
0.0002,0.432519,0.0475275
0.0006,0.289842,0.039161
0.001,0.228972,0.0337912
0.0014,0.159278,0.0286696
0.0018,0.11686,0.0244156
0.0022,0.0784701,0.0203002
0.0026,0.0261333,0.0117092
0.003,0.0262274,0.0117511
0.0034,0.0252598,0.011323
0.0038,0.0107717,0.00763122
0.0042,0.00521894,0.00522857
0.0046,0.0104385,0.00739476
0.005,0.0106279,0.00752933
0.0054,0.00534538,0.00535547
0.0058,0.0102726,0.00729199
0.0062,0,0
0.0066,0,0
0.007,0.00515139,0.00516076
0.0074,0.00499157,0.00500037
0.0078,0,0
0.0082,0,0
0.0086,0,0
0.009,0,0
0.0094,0,0
0.0098,0,0
0.0102,0,0
0.0106,0,0
0.011,0,0
0.0114,0,0
0.0118,0,0
0.0122,0,0
0.0126,0,0
0.013,0,0
0.0134,0,0
0.0138,0,0
0.0142,0,0
0.0146,0,0
0.015,0,0
0.0154,0.00517278,0.00518218
0.0158,0,0
0.0162,0,0
0.0166,0,0
0.017,0,0
0.0174,0,0
0.0178,0,0
0.0182,0.00520468,0.00521416
0.0186,0,0
0.019,0,0
0.0194,0,0
0.0198,0,0
0.0202,0,0
0.0206,0,0
0.021,0,0
0.0214,0.00491362,0.00503407
0.0218,0,0
0.0222,0,0
0.0226,0,0
0.023,0,0
0.0234,0,0
0.0238,0,0
0.0242,0,0
0.0246,0,0
0.025,0,0
0.0254,0,0
0.0258,0,0
0.0262,0,0
0.0266,0,0
0.027,0,0
0.0274,0,0
0.0278,0,0
0.0282,0,0
0.0286,0,0
0.029,0,0
0.0294,0,0
0.0298,0,0
0.0302,0,0
0.0306,0,0
0.031,0,0
0.0314,0,0
0.0318,0,0
0.0322,0.00423832,0.00461414
0.0326,0,0
0.033,0,0
0.0334,0.0103458,0.00732848
0.0338,0,0
0.0342,0,0
0.0346,0,0
0.035,0.00434145,0.00500188
0.0354,0,0
0.0358,0,0
0.0362,0,0
0.0366,0,0
0.037,0.00452082,0.00508008
0.0374,0,0
0.0378,0,0
0.0382,0,0
0.0386,0,0
0.039,0,0
0.0394,0,0
0.0398,0,0
0.0402,0,0
0.0406,0,0
0.041,0,0
0.0414,0,0
0.0418,0.00502496,0.00503345
0.0422,0,0
0.0426,0,0
0.043,0,0
0.0434,0,0
0.0438,0,0
0.0442,0,0
0.0446,0.005294,0.00530339
0.045,0,0
0.0454,0,0
0.0458,0,0
0.0462,0,0
0.0466,0.00512994,0.00513873
0.047,0,0
0.0474,0,0
0.0478,0,0
0.0482,0,0
0.0486,0,0
0.049,0,0
0.0494,0,0
0.0498,0.00586685,0.00587828
0.0502,0,0
0.0506,0,0
0.051,0,0
0.0514,0,0
0.0518,0,0
0.0522,0,0
0.0526,0,0
0.053,0,0
0.0534,0,0
0.0538,0,0
0.0542,0,0
0.0546,0,0
0.055,0,0
0.0554,0,0
0.0558,0,0
0.0562,0,0
0.0566,0,0
0.057,0,0
0.0574,0,0
0.0578,0,0
0.0582,0,0
0.0586,0,0
0.059,0,0
0.0594,0,0
0.0598,0.00537553,0.00538497
0.0602,0,0
0.0606,0,0
0.061,0,0
0.0614,0,0
0.0618,0,0
0.0622,0,0
0.0626,0.00533141,0.00534066
0.063,0,0
0.0634,0,0
0.0638,0,0
0.0642,0,0
0.0646,0,0
0.065,0,0
0.0654,0.00599076,0.00600239
0.0658,0,0
0.0662,0,0
0.0666,0,0
0.067,0,0
0.0674,0,0
0.0678,0,0
0.0682,0.00490763,0.0049154
0.0686,0,0
0.069,0,0
0.0694,0,0
0.0698,0,0
0.0702,0,0
0.0706,0,0
0.071,0,0
0.0714,0,0
0.0718,0,0
0.0722,0,0
0.0726,0,0
0.073,0,0
0.0734,0,0
0.0738,0,0
0.0742,0,0
0.0746,0,0
0.075,0,0
0.0754,0,0
0.0758,0,0
0.0762,0.00584841,0.00585931
0.0766,0,0
0.077,0,0
0.0774,0,0
0.0778,0,0
0.0782,0,0
0.0786,0.00546994,0.00547945
0.079,0,0
0.0794,0,0
0.0798,0.00568064,0.00569088
0.0802,0,0
0.0806,0,0
0.081,0,0
0.0814,0,0
0.0818,0,0
0.0822,0,0
0.0826,0,0
0.083,0,0
0.0834,0,0
0.0838,0,0
0.0842,0,0
0.0846,0,0
0.085,0,0
0.0854,0,0
0.0858,0,0
0.0862,0,0
0.0866,0,0
0.087,0,0
0.0874,0,0
0.0878,0,0
0.0882,0,0
0.0886,0,0
0.089,0,0
0.0894,0.00621249,0.00622456
0.0898,0,0
0.0902,0,0
0.0906,0.00589334,0.00590419
0.091,0,0
0.0914,0,0
0.0918,0,0
0.0922,0,0
0.0926,0,0
0.093,0,0
0.0934,0,0
0.0938,0,0
0.0942,0,0
0.0946,0,0
0.095,0,0
0.0954,0,0
0.0958,0,0
0.0962,0,0
0.0966,0,0
0.097,0,0
0.0974,0,0
0.0978,0,0
0.0982,0,0
0.0986,0,0
0.099,0,0
0.0994,0,0
0.0998,0,0
0.1002,0.00608866,0.00610009
0.1006,0,0
0.101,0,0
0.1014,0,0
0.1018,0,0
0.1022,0,0
0.1026,0,0
0.103,0,0
0.1034,0,0
0.1038,0,0
0.1042,0,0
0.1046,0,0
0.105,0,0
0.1054,0,0
0.1058,0,0
0.1062,0.00762175,0.00763956
0.1066,0,0
0.107,0,0
0.1074,0,0
0.1078,0,0
0.1082,0,0
0.1086,0,0
0.109,0,0
0.1094,0,0
0.1098,0,0
0.1102,0,0
0.1106,0,0
0.111,0,0
0.1114,0,0
0.1118,0,0
0.1122,0,0
0.1126,0,0
0.113,0,0
0.1134,0,0
0.1138,0,0
0.1142,0,0
0.1146,0,0
0.115,0,0
0.1154,0,0
0.1158,0,0
0.1162,0.0100765,0.0101077
0.1166,0,0
0.117,0,0
0.1174,0,0
0.1178,0,0
0.1182,0,0
0.1186,0,0
0.119,0,0
0.1194,0,0
0.1198,0,0
7
-0.1198,0.00544238,0.00545261
-0.1194,0,0
-0.119,0,0
-0.1186,0,0
-0.1182,0,0
-0.1178,0,0
-0.1174,0,0
-0.117,0,0
-0.1166,0,0
-0.1162,0,0
-0.1158,0.00603488,0.0060475
-0.1154,0,0
-0.115,0,0
-0.1146,0,0
-0.1142,0,0
-0.1138,0,0
-0.1134,0,0
-0.113,0.00562686,0.00563785
-0.1126,0,0
-0.1122,0,0
-0.1118,0,0
-0.1114,0,0
-0.111,0,0
-0.1106,0,0
-0.1102,0,0
-0.1098,0,0
-0.1094,0,0
-0.109,0,0
-0.1086,0,0
-0.1082,0.00398661,0.00451582
-0.1078,0,0
-0.1074,0,0
-0.107,0,0
-0.1066,0,0
-0.1062,0,0
-0.1058,0,0
-0.1054,0,0
-0.105,0,0
-0.1046,0,0
-0.1042,0,0
-0.1038,0,0
-0.1034,0,0
-0.103,0,0
-0.1026,0,0
-0.1022,0,0
-0.1018,0,0
-0.1014,0,0
-0.101,0,0
-0.1006,0,0
-0.1002,0,0
-0.0998,0,0
-0.0994,0,0
-0.099,0,0
-0.0986,0,0
-0.0982,0,0
-0.0978,0,0
-0.0974,0,0
-0.097,0,0
-0.0966,0,0
-0.0962,0,0
-0.0958,0,0
-0.0954,0,0
-0.095,0,0
-0.0946,0,0
-0.0942,0,0
-0.0938,0,0
-0.0934,0,0
-0.093,0,0
-0.0926,0,0
-0.0922,0,0
-0.0918,0,0
-0.0914,0,0
-0.091,0,0
-0.0906,0.00525705,0.00526684
-0.0902,0,0
-0.0898,0,0
-0.0894,0,0
-0.089,0,0
-0.0886,0.00526664,0.00527648
-0.0882,0,0
-0.0878,0,0
-0.0874,0.00523013,0.00523983
-0.087,0,0
-0.0866,0,0
-0.0862,0,0
-0.0858,0,0
-0.0854,0,0
-0.085,0,0
-0.0846,0,0
-0.0842,0,0
-0.0838,0,0
-0.0834,0,0
-0.083,0,0
-0.0826,0,0
-0.0822,0,0
-0.0818,0,0
-0.0814,0,0
-0.081,0,0
-0.0806,0,0
-0.0802,0,0
-0.0798,0,0
-0.0794,0.00550628,0.005517
-0.079,0,0
-0.0786,0,0
-0.0782,0,0
-0.0778,0,0
-0.0774,0,0
-0.077,0,0
-0.0766,0,0
-0.0762,0,0
-0.0758,0,0
-0.0754,0,0
-0.075,0,0
-0.0746,0,0
-0.0742,0,0
-0.0738,0,0
-0.0734,0.010414,0.00737734
-0.073,0,0
-0.0726,0.00495893,0.00496758
-0.0722,0,0
-0.0718,0,0
-0.0714,0,0
-0.071,0,0
-0.0706,0,0
-0.0702,0,0
-0.0698,0,0
-0.0694,0,0
-0.069,0,0
-0.0686,0,0
-0.0682,0,0
-0.0678,0.00541641,0.00542668
-0.0674,0,0
-0.067,0,0
-0.0666,0,0
-0.0662,0,0
-0.0658,0,0
-0.0654,0,0
-0.065,0,0
-0.0646,0,0
-0.0642,0,0
-0.0638,0,0
-0.0634,0.00484682,0.00504902
-0.063,0,0
-0.0626,0,0
-0.0622,0,0
-0.0618,0,0
-0.0614,0,0
-0.061,0,0
-0.0606,0,0
-0.0602,0,0
-0.0598,0.00518197,0.0051913
-0.0594,0,0
-0.059,0,0
-0.0586,0,0
-0.0582,0,0
-0.0578,0.00548687,0.0054973
-0.0574,0,0
-0.057,0,0
-0.0566,0,0
-0.0562,0,0
-0.0558,0,0
-0.0554,0,0
-0.055,0,0
-0.0546,0,0
-0.0542,0,0
-0.0538,0,0
-0.0534,0,0
-0.053,0,0
-0.0526,0,0
-0.0522,0,0
-0.0518,0,0
-0.0514,0,0
-0.051,0,0
-0.0506,0,0
-0.0502,0,0
-0.0498,0,0
-0.0494,0,0
-0.049,0,0
-0.0486,0,0
-0.0482,0,0
-0.0478,0,0
-0.0474,0,0
-0.047,0,0
-0.0466,0,0
-0.0462,0,0
-0.0458,0,0
-0.0454,0,0
-0.045,0,0
-0.0446,0.00557159,0.00558214
-0.0442,0,0
-0.0438,0,0
-0.0434,0,0
-0.043,0,0
-0.0426,0,0
-0.0422,0.00525202,0.00526137
-0.0418,0,0
-0.0414,0.00581943,0.00583089
-0.041,0,0
-0.0406,0,0
-0.0402,0,0
-0.0398,0,0
-0.0394,0,0
-0.039,0.00501664,0.00502512
-0.0386,0,0
-0.0382,0,0
-0.0378,0,0
-0.0374,0,0
-0.037,0,0
-0.0366,0,0
-0.0362,0.00555974,0.00557011
-0.0358,0,0
-0.0354,0,0
-0.035,0.00556341,0.00557377
-0.0346,0,0
-0.0342,0,0
-0.0338,0,0
-0.0334,0,0
-0.033,0,0
-0.0326,0.00559564,0.00560607
-0.0322,0,0
-0.0318,0,0
-0.0314,0,0
-0.031,0,0
-0.0306,0,0
-0.0302,0,0
-0.0298,0,0
-0.0294,0,0
-0.029,0,0
-0.0286,0,0
-0.0282,0,0
-0.0278,0,0
-0.0274,0,0
-0.027,0,0
-0.0266,0,0
-0.0262,0,0
-0.0258,0,0
-0.0254,0,0
-0.025,0,0
-0.0246,0,0
-0.0242,0,0
-0.0238,0,0
-0.0234,0,0
-0.023,0,0
-0.0226,0,0
-0.0222,0,0
-0.0218,0.00575403,0.00576483
-0.0214,0,0
-0.021,0,0
-0.0206,0,0
-0.0202,0,0
-0.0198,0,0
-0.0194,0,0
-0.019,0,0
-0.0186,0,0
-0.0182,0,0
-0.0178,0.00603488,0.00604666
-0.0174,0.0055489,0.00555886
-0.017,0,0
-0.0166,0,0
-0.0162,0,0
-0.0158,0.00305754,0.00406249
-0.0154,0,0
-0.015,0.00014914,0.000898084
-0.0146,0,0
-0.0142,0,0
-0.0138,0.00490295,0.00560731
-0.0134,0,0
-0.013,0,0
-0.0126,0,0
-0.0122,0,0
-0.0118,0,0
-0.0114,0,0
-0.011,0,0
-0.0106,0,0
-0.0102,0.0053639,0.00537308
-0.0098,0,0
-0.0094,0,0
-0.009,0,0
-0.0086,0.00300448,0.00430715
-0.0082,0.00598135,0.00599271
-0.0078,0,0
-0.0074,0,0
-0.007,0,0
-0.0066,0,0
-0.0062,0,0
-0.0058,0,0
-0.0054,0.00563797,0.00564802
-0.005,0.00538434,0.0053935
-0.0046,0.00797447,0.006748
-0.0042,0,0
-0.0038,0.0107238,0.00759574
-0.0034,0.0262985,0.0118549
-0.003,0.0218785,0.0109582
-0.0026,0.0670666,0.019398
-0.0022,0.11239,0.0245594
-0.0018,0.107684,0.0245191
-0.0014,0.293062,0.0426654
-0.001,0.406091,0.0496438
-0.0006,0.53794,0.0580234
-0.0002,0.735366,0.0672004
0.0002,0.77864,0.0677323
0.0006,0.532378,0.0563845
0.001,0.405887,0.047652
0.0014,0.363321,0.0462395
0.0018,0.216219,0.0352972
0.0022,0.186476,0.0333122
0.0026,0.107396,0.0251234
0.003,0.0417096,0.0157684
0.0034,0.0337711,0.0138114
0.0038,0.0247722,0.0123191
0.0042,0.0245202,0.0120909
0.0046,0.0238275,0.0119362
0.005,0.0121321,0.00859491
0.0054,0.00589902,0.00590985
0.0058,0.00590547,0.00589215
0.0062,0.0266848,0.0126277
0.0066,0.0038873,0.00468877
0.007,0,0
0.0074,0.00567598,0.00568599
0.0078,0.0059358,0.00594673
0.0082,0,0
0.0086,0,0
0.009,0,0
0.0094,0,0
0.0098,0.00404549,0.00468893
0.0102,0,0
0.0106,0,0
0.011,0,0
0.0114,0.00260946,0.00394181
0.0118,0,0
0.0122,0,0
0.0126,0,0
0.013,0,0
0.0134,0,0
0.0138,0,0
0.0142,0,0
0.0146,0,0
0.015,0,0
0.0154,0,0
0.0158,0,0
0.0162,0,0
0.0166,0,0
0.017,0.00570325,0.0057133
0.0174,0,0
0.0178,0,0
0.0182,0,0
0.0186,0,0
0.019,0,0
0.0194,0,0
0.0198,0,0
0.0202,0,0
0.0206,0.00591198,0.00592281
0.021,0,0
0.0214,0.000253082,0.00121048
0.0218,0,0
0.0222,0,0
0.0226,0,0
0.023,0.00573881,0.00574903
0.0234,0,0
0.0238,0,0
0.0242,0.00574116,0.00575139
0.0246,0,0
0.025,0.00568898,0.00569904
0.0254,0,0
0.0258,0,0
0.0262,0,0
0.0266,0,0
0.027,0,0
0.0274,0,0
0.0278,0,0
0.0282,0,0
0.0286,0,0
0.029,0,0
0.0294,0.00585865,0.00586935
0.0298,0,0
0.0302,0,0
0.0306,0,0
0.031,0,0
0.0314,0.00560624,0.00561606
0.0318,0,0
0.0322,0.000839147,0.00214636
0.0326,0,0
0.033,0,0
0.0334,0,0
0.0338,0,0
0.0342,0,0
0.0346,0,0
0.035,0.00151791,0.0030808
0.0354,0,0
0.0358,0.00526616,0.00527486
0.0362,0,0
0.0366,0,0
0.037,0.00125832,0.00278449
0.0374,0,0
0.0378,0.00521497,0.00522352
0.0382,0,0
0.0386,0,0
0.039,0,0
0.0394,0,0
0.0398,0,0
0.0402,0,0
0.0406,0,0
0.041,0,0
0.0414,0.005946,0.00595715
0.0418,0,0
0.0422,0,0
0.0426,0,0
0.043,0,0
0.0434,0,0
0.0438,0,0
0.0442,0,0
0.0446,0.00556754,0.00557735
0.045,0,0
0.0454,0,0
0.0458,0,0
0.0462,0,0
0.0466,0,0
0.047,0,0
0.0474,0,0
0.0478,0,0
0.0482,0,0
0.0486,0,0
0.049,0,0
0.0494,0,0
0.0498,0.00611742,0.00612933
0.0502,0,0
0.0506,0,0
0.051,0,0
0.0514,0,0
0.0518,0,0
0.0522,0,0
0.0526,0,0
0.053,0,0
0.0534,0.00616975,0.00618192
0.0538,0,0
0.0542,0,0
0.0546,0,0
0.055,0,0
0.0554,0,0
0.0558,0,0
0.0562,0,0
0.0566,0,0
0.057,0,0
0.0574,0,0
0.0578,0,0
0.0582,0,0
0.0586,0,0
0.059,0,0
0.0594,0,0
0.0598,0,0
0.0602,0,0
0.0606,0,0
0.061,0,0
0.0614,0,0
0.0618,0,0
0.0622,0.00545081,0.00546042
0.0626,0,0
0.063,0,0
0.0634,0,0
0.0638,0,0
0.0642,0,0
0.0646,0,0
0.065,0,0
0.0654,0,0
0.0658,0,0
0.0662,0,0
0.0666,0,0
0.067,0,0
0.0674,0.00524783,0.0052568
0.0678,0.00546721,0.00547695
0.0682,0,0
0.0686,0,0
0.069,0,0
0.0694,0,0
0.0698,0,0
0.0702,0,0
0.0706,0,0
0.071,0,0
0.0714,0,0
0.0718,0,0
0.0722,0,0
0.0726,0,0
0.073,0,0
0.0734,0,0
0.0738,0,0
0.0742,0,0
0.0746,0,0
0.075,0,0
0.0754,0,0
0.0758,0,0
0.0762,0,0
0.0766,0,0
0.077,0,0
0.0774,0,0
0.0778,0,0
0.0782,0,0
0.0786,0,0
0.079,0,0
0.0794,0.00546416,0.00547401
0.0798,0,0
0.0802,0.00591242,0.00592395
0.0806,0.00591076,0.00592229
0.081,0,0
0.0814,0,0
0.0818,0,0
0.0822,0,0
0.0826,0,0
0.083,0,0
0.0834,0,0
0.0838,0.00495059,0.00553212
0.0842,0,0
0.0846,0,0
0.085,0,0
0.0854,0,0
0.0858,0,0
0.0862,0,0
0.0866,0,0
0.087,0,0
0.0874,0,0
0.0878,0,0
0.0882,0,0
0.0886,0,0
0.089,0,0
0.0894,0,0
0.0898,0.00552157,0.00553168
0.0902,0,0
0.0906,0,0
0.091,0.00523394,0.00524303
0.0914,0,0
0.0918,0,0
0.0922,0,0
0.0926,0,0
0.093,0,0
0.0934,0,0
0.0938,0,0
0.0942,0,0
0.0946,0,0
0.095,0.00593887,0.00595058
0.0954,0,0
0.0958,0.00961126,0.00754986
0.0962,0,0
0.0966,0,0
0.097,0,0
0.0974,0,0
0.0978,0,0
0.0982,0,0
0.0986,0,0
0.099,0,0
0.0994,0,0
0.0998,0,0
0.1002,0,0
0.1006,0,0
0.101,0,0
0.1014,0,0
0.1018,0,0
0.1022,0.00629604,0.00630921
0.1026,0,0
0.103,0,0
0.1034,0,0
0.1038,0,0
0.1042,0,0
0.1046,0,0
0.105,0,0
0.1054,0.00710798,0.00712474
0.1058,0,0
0.1062,0,0
0.1066,0,0
0.107,0,0
0.1074,0,0
0.1078,0,0
0.1082,0,0
0.1086,0,0
0.109,0,0
0.1094,0,0
0.1098,0,0
0.1102,0,0
0.1106,0.0072106,0.00722778
0.111,0,0
0.1114,0,0
0.1118,0,0
0.1122,0,0
0.1126,0,0
0.113,0,0
0.1134,0,0
0.1138,0,0
0.1142,0,0
0.1146,0,0
0.115,0,0
0.1154,0,0
0.1158,0,0
0.1162,0,0
0.1166,0,0
0.117,0,0
0.1174,0,0
0.1178,0,0
0.1182,0,0
0.1186,0.00263919,0.00485988
0.119,0,0
0.1194,0,0
0.1198,0,0
8
-0.1198,0,0
-0.1194,0,0
-0.119,0,0
-0.1186,0,0
-0.1182,0,0
-0.1178,0,0
-0.1174,0,0
-0.117,0,0
-0.1166,0,0
-0.1162,0,0
-0.1158,0,0
-0.1154,0,0
-0.115,0,0
-0.1146,0,0
-0.1142,0,0
-0.1138,0,0
-0.1134,0,0
-0.113,0,0
-0.1126,0,0
-0.1122,0,0
-0.1118,0,0
-0.1114,0,0
-0.111,0,0
-0.1106,0,0
-0.1102,0,0
-0.1098,0,0
-0.1094,0,0
-0.109,0,0
-0.1086,0,0
-0.1082,0.00404147,0.00404916
-0.1078,0,0
-0.1074,0,0
-0.107,0,0
-0.1066,0,0
-0.1062,0.00399193,0.00399942
-0.1058,0,0
-0.1054,0,0
-0.105,0,0
-0.1046,0,0
-0.1042,0.00415518,0.00416327
-0.1038,0,0
-0.1034,0,0
-0.103,0,0
-0.1026,0,0
-0.1022,0,0
-0.1018,0,0
-0.1014,0,0
-0.101,0,0
-0.1006,0.00428743,0.00429599
-0.1002,0,0
-0.0998,0,0
-0.0994,0,0
-0.099,0,0
-0.0986,0,0
-0.0982,0,0
-0.0978,0,0
-0.0974,0,0
-0.097,0.00416399,0.00417203
-0.0966,0,0
-0.0962,0,0
-0.0958,0,0
-0.0954,0,0
-0.095,0,0
-0.0946,0,0
-0.0942,0.00407341,0.00408107
-0.0938,0,0
-0.0934,0,0
-0.093,0,0
-0.0926,0.00456893,0.00457855
-0.0922,0,0
-0.0918,0.00419286,0.00420095
-0.0914,0,0
-0.091,0,0
-0.0906,0.00410912,0.00411688
-0.0902,0,0
-0.0898,0,0
-0.0894,0,0
-0.089,0,0
-0.0886,0,0
-0.0882,0.00412371,0.0041315
-0.0878,0,0
-0.0874,0,0
-0.087,0.00411913,0.00412689
-0.0866,0,0
-0.0862,0,0
-0.0858,0,0
-0.0854,0,0
-0.085,0,0
-0.0846,0,0
-0.0842,0,0
-0.0838,0,0
-0.0834,0,0
-0.083,0,0
-0.0826,0,0
-0.0822,0,0
-0.0818,0,0
-0.0814,0,0
-0.081,0,0
-0.0806,0.00384658,0.0038533
-0.0802,0,0
-0.0798,0,0
-0.0794,0,0
-0.079,0,0
-0.0786,0,0
-0.0782,0,0
-0.0778,0.00424491,0.00425307
-0.0774,0,0
-0.077,0,0
-0.0766,0,0
-0.0762,0,0
-0.0758,0,0
-0.0754,0,0
-0.075,0,0
-0.0746,0.0041585,0.00416631
-0.0742,0,0
-0.0738,0,0
-0.0734,0,0
-0.073,0,0
-0.0726,0,0
-0.0722,0,0
-0.0718,0,0
-0.0714,0,0
-0.071,0,0
-0.0706,0,0
-0.0702,0,0
-0.0698,0,0
-0.0694,0,0
-0.069,0,0
-0.0686,0,0
-0.0682,0,0
-0.0678,0.00408571,0.00409321
-0.0674,0,0
-0.067,0,0
-0.0666,0.00453407,0.0045433
-0.0662,0,0
-0.0658,0,0
-0.0654,0,0
-0.065,0,0
-0.0646,0,0
-0.0642,0,0
-0.0638,0,0
-0.0634,0.000305873,0.001118
-0.063,0,0
-0.0626,0,0
-0.0622,0,0
-0.0618,0,0
-0.0614,0,0
-0.061,0,0
-0.0606,0,0
-0.0602,0,0
-0.0598,0,0
-0.0594,0,0
-0.059,0,0
-0.0586,0,0
-0.0582,0.00419277,0.00420064
-0.0578,0,0
-0.0574,0,0
-0.057,0,0
-0.0566,0,0
-0.0562,0,0
-0.0558,0,0
-0.0554,0,0
-0.055,0,0
-0.0546,0,0
-0.0542,0,0
-0.0538,0,0
-0.0534,0.00412539,0.004133
-0.053,0,0
-0.0526,0,0
-0.0522,0,0
-0.0518,0,0
-0.0514,0,0
-0.051,0.00440577,0.00441446
-0.0506,0,0
-0.0502,0,0
-0.0498,0,0
-0.0494,0.00419601,0.00420389
-0.049,0,0
-0.0486,0,0
-0.0482,0,0
-0.0478,0,0
-0.0474,0,0
-0.047,0.0042644,0.00427254
-0.0466,0,0
-0.0462,0,0
-0.0458,0,0
-0.0454,0,0
-0.045,0,0
-0.0446,0,0
-0.0442,0,0
-0.0438,0.00437058,0.00437912
-0.0434,0,0
-0.043,0,0
-0.0426,0,0
-0.0422,0,0
-0.0418,0,0
-0.0414,0,0
-0.041,0,0
-0.0406,0,0
-0.0402,0,0
-0.0398,0,0
-0.0394,0,0
-0.039,0,0
-0.0386,0,0
-0.0382,0,0
-0.0378,0,0
-0.0374,0,0
-0.037,0,0
-0.0366,0.0045393,0.0045485
-0.0362,0,0
-0.0358,0,0
-0.0354,0,0
-0.035,0,0
-0.0346,0,0
-0.0342,0,0
-0.0338,0.00424358,0.00425162
-0.0334,0,0
-0.033,0,0
-0.0326,0,0
-0.0322,0,0
-0.0318,0,0
-0.0314,0,0
-0.031,0,0
-0.0306,0,0
-0.0302,0,0
-0.0298,0,0
-0.0294,0,0
-0.029,0,0
-0.0286,0,0
-0.0282,0.00827956,0.00586534
-0.0278,0,0
-0.0274,0,0
-0.027,0,0
-0.0266,0,0
-0.0262,0,0
-0.0258,0,0
-0.0254,0,0
-0.025,0,0
-0.0246,0,0
-0.0242,0,0
-0.0238,0,0
-0.0234,0.00439626,0.00440486
-0.023,0,0
-0.0226,0,0
-0.0222,0,0
-0.0218,0,0
-0.0214,0,0
-0.021,0,0
-0.0206,0,0
-0.0202,0,0
-0.0198,0.00438383,0.00439237
-0.0194,0,0
-0.019,0,0
-0.0186,0.00398928,0.00399636
-0.0182,0,0
-0.0178,0,0
-0.0174,0.00403732,0.00404456
-0.017,0,0
-0.0166,0,0
-0.0162,0,0
-0.0158,0.00168417,0.00256804
-0.0154,0.00232905,0.00304499
-0.015,0.00379646,0.00385678
-0.0146,0,0
-0.0142,0,0
-0.0138,0.00544123,0.00491241
-0.0134,0,0
-0.013,0.00906322,0.00642155
-0.0126,0.0040463,0.00405356
-0.0122,0,0
-0.0118,0,0
-0.0114,0,0
-0.011,0,0
-0.0106,0,0
-0.0102,0,0
-0.0098,0,0
-0.0094,0.0038847,0.00389138
-0.009,0,0
-0.0086,0.0066838,0.0054471
-0.0082,0,0
-0.0078,0,0
-0.0074,0.00386803,0.00387463
-0.007,0.00406108,0.00406837
-0.0066,0.00397411,0.00398108
-0.0062,0,0
-0.0058,0,0
-0.0054,0.00404202,0.00404922
-0.005,0.0109164,0.00661592
-0.0046,0.0142359,0.00752049
-0.0042,0.00818321,0.00579684
-0.0038,0.0371522,0.0124313
-0.0034,0.0307128,0.0108352
-0.003,0.0396136,0.0123951
-0.0026,0.11504,0.0215412
-0.0022,0.141325,0.0232776
-0.0018,0.260489,0.0324519
-0.0014,0.379274,0.0410346
-0.001,0.593396,0.0506714
-0.0006,0.693242,0.0555829
-0.0002,0.769759,0.0580539
0.0002,0.668474,0.0529643
0.0006,0.698911,0.054539
0.001,0.557966,0.0473075
0.0014,0.284519,0.0344401
0.0018,0.223705,0.0303387
0.0022,0.191632,0.0284422
0.0026,0.116182,0.0220873
0.003,0.0736656,0.0176732
0.0034,0.0436998,0.0133382
0.0038,0.0256376,0.0105388
0.0042,0.0164082,0.00835457
0.0046,0.00846253,0.00599513
0.005,0.0171308,0.00858165
0.0054,0.012532,0.00724867
0.0058,0.0207866,0.00931306
0.0062,0.0280503,0.0110128
0.0066,0.0217649,0.00946417
0.007,0.0193904,0.00899099
0.0074,0.0186655,0.00868314
0.0078,0.00832951,0.00590092
0.0082,0.0122447,0.00708282
0.0086,0.0080411,0.00569599
0.009,0.00410872,0.0041161
0.0094,0,0
0.0098,0.000971429,0.00193408
0.0102,0.00400897,0.004016
0.0106,0,0
0.011,0,0
0.0114,0.0107594,0.00673681
0.0118,0.00429407,0.00430212
0.0122,0,0
0.0126,0.0091158,0.00645867
0.013,0,0
0.0134,0,0
0.0138,0,0
0.0142,0,0
0.0146,0,0
0.015,0,0
0.0154,0,0
0.0158,0.00414912,0.00415662
0.0162,0,0
0.0166,0,0
0.017,0,0
0.0174,0.00404796,0.00405509
0.0178,0.00445188,0.00446051
0.0182,0,0
0.0186,0.00421274,0.00422046
0.019,0,0
0.0194,0,0
0.0198,0,0
0.0202,0,0
0.0206,0,0
0.021,0.00411309,0.00412044
0.0214,0,0
0.0218,0.00421323,0.00422094
0.0222,0.00414707,0.00415454
0.0226,0,0
0.023,0,0
0.0234,0,0
0.0238,0,0
0.0242,0,0
0.0246,0,0
0.025,0,0
0.0254,0,0
0.0258,0,0
0.0262,0,0
0.0266,0.00409016,0.00409741
0.027,0.00390269,0.00390929
0.0274,0.00448714,0.00449586
0.0278,0,0
0.0282,0.00421639,0.00422409
0.0286,0,0
0.029,0,0
0.0294,0,0
0.0298,0,0
0.0302,0,0
0.0306,0,0
0.031,0,0
0.0314,0,0
0.0318,0,0
0.0322,0,0
0.0326,0,0
0.033,0.00438566,0.00439397
0.0334,0,0
0.0338,0,0
0.0342,0.00427061,0.00427848
0.0346,0,0
0.035,0,0
0.0354,0.00430889,0.00431691
0.0358,0,0
0.0362,0,0
0.0366,0,0
0.037,0,0
0.0374,0,0
0.0378,0,0
0.0382,0,0
0.0386,0,0
0.039,0,0
0.0394,0,0
0.0398,0,0
0.0402,0.00413353,0.00414089
0.0406,0,0
0.041,0,0
0.0414,0,0
0.0418,0,0
0.0422,0.00371339,0.00371933
0.0426,0,0
0.043,0.00417506,0.00418256
0.0434,0,0
0.0438,0,0
0.0442,0,0
0.0446,0,0
0.045,0,0
0.0454,0,0
0.0458,0.00775047,0.0054897
0.0462,0.00392104,0.00392764
0.0466,0,0
0.047,0,0
0.0474,0,0
0.0478,0,0
0.0482,0,0
0.0486,0,0
0.049,0,0
0.0494,0,0
0.0498,0,0
0.0502,0,0
0.0506,0,0
0.051,0,0
0.0514,0,0
0.0518,0,0
0.0522,0,0
0.0526,0,0
0.053,0,0
0.0534,0,0
0.0538,0.00458297,0.00459193
0.0542,0.00444058,0.00444899
0.0546,0.00446853,0.00447704
0.055,0,0
0.0554,0,0
0.0558,0,0
0.0562,0,0
0.0566,0,0
0.057,0,0
0.0574,0.00434903,0.00435707
0.0578,0,0
0.0582,0,0
0.0586,0,0
0.059,0,0
0.0594,0,0
0.0598,0,0
0.0602,0,0
0.0606,0,0
0.061,0,0
0.0614,0,0
0.0618,0,0
0.0622,0,0
0.0626,0,0
0.063,0,0
0.0634,0.00879169,0.0062317
0.0638,0,0
0.0642,0,0
0.0646,0,0
0.065,0.00425216,0.00425977
0.0654,0,0
0.0658,0,0
0.0662,0,0
0.0666,0,0
0.067,0,0
0.0674,0,0
0.0678,0,0
0.0682,0,0
0.0686,0,0
0.069,0,0
0.0694,0.00872969,0.0061841
0.0698,0,0
0.0702,0,0
0.0706,0,0
0.071,0,0
0.0714,0,0
0.0718,0,0
0.0722,0,0
0.0726,0,0
0.073,0,0
0.0734,0,0
0.0738,0,0
0.0742,0,0
0.0746,0.00420761,0.00421495
0.075,0,0
0.0754,0,0
0.0758,0,0
0.0762,0.0045,0.00450839
0.0766,0,0
0.077,0,0
0.0774,0,0
0.0778,0,0
0.0782,0,0
0.0786,0,0
0.079,0,0
0.0794,0,0
0.0798,0,0
0.0802,0,0
0.0806,0,0
0.081,0,0
0.0814,0,0
0.0818,0.0042023,0.00420957
0.0822,0,0
0.0826,0,0
0.083,0,0
0.0834,0,0
0.0838,0.000971298,0.00219881
0.0842,0,0
0.0846,0,0
0.085,0,0
0.0854,0,0
0.0858,0.0046541,0.00466297
0.0862,0,0
0.0866,0,0
0.087,0,0
0.0874,0,0
0.0878,0,0
0.0882,0,0
0.0886,0,0
0.089,0,0
0.0894,0,0
0.0898,0,0
0.0902,0,0
0.0906,0,0
0.091,0,0
0.0914,0,0
0.0918,0,0
0.0922,0,0
0.0926,0,0
0.093,0,0
0.0934,0,0
0.0938,0.00450879,0.00451704
0.0942,0.0043743,0.00438207
0.0946,0,0
0.095,0,0
0.0954,0,0
0.0958,0.00647832,0.00554002
0.0962,0,0
0.0966,0,0
0.097,0,0
0.0974,0,0
0.0978,0,0
0.0982,0,0
0.0986,0,0
0.099,0,0
0.0994,0.00474572,0.00475482
0.0998,0,0
0.1002,0,0
0.1006,0,0
0.101,0,0
0.1014,0,0
0.1018,0,0
0.1022,0,0
0.1026,0,0
0.103,0,0
0.1034,0,0
0.1038,0,0
0.1042,0,0
0.1046,0,0
0.105,0,0
0.1054,0,0
0.1058,0,0
0.1062,0,0
0.1066,0,0
0.107,0,0
0.1074,0,0
0.1078,0,0
0.1082,0.00578301,0.00579648
0.1086,0,0
0.109,0,0
0.1094,0,0
0.1098,0,0
0.1102,0,0
0.1106,0,0
0.111,0,0
0.1114,0,0
0.1118,0.00612351,0.0061386
0.1122,0,0
0.1126,0,0
0.113,0.00701262,0.00703242
0.1134,0,0
0.1138,0,0
0.1142,0,0
0.1146,0,0
0.115,0,0
0.1154,0,0
0.1158,0,0
0.1162,0,0
0.1166,0,0
0.117,0,0
0.1174,0,0
0.1178,0,0
0.1182,0,0
0.1186,0.00506702,0.00605923
0.119,0,0
0.1194,0,0
0.1198,0,0
9
-0.1198,0.00383741,0.00384462
-0.1194,0,0
-0.119,0,0
-0.1186,0,0
-0.1182,0,0
-0.1178,0,0
-0.1174,0,0
-0.117,0,0
-0.1166,0,0
-0.1162,0,0
-0.1158,0,0
-0.1154,0,0
-0.115,0,0
-0.1146,0,0
-0.1142,0,0
-0.1138,0,0
-0.1134,0,0
-0.113,0,0
-0.1126,0,0
-0.1122,0,0
-0.1118,0,0
-0.1114,0,0
-0.111,0,0
-0.1106,0,0
-0.1102,0.00356206,0.00356837
-0.1098,0,0
-0.1094,0,0
-0.109,0,0
-0.1086,0,0
-0.1082,0,0
-0.1078,0,0
-0.1074,0,0
-0.107,0,0
-0.1066,0,0
-0.1062,0,0
-0.1058,0,0
-0.1054,0,0
-0.105,0,0
-0.1046,0,0
-0.1042,0,0
-0.1038,0,0
-0.1034,0,0
-0.103,0,0
-0.1026,0,0
-0.1022,0,0
-0.1018,0,0
-0.1014,0,0
-0.101,0,0
-0.1006,0,0
-0.1002,0,0
-0.0998,0,0
-0.0994,0,0
-0.099,0,0
-0.0986,0,0
-0.0982,0,0
-0.0978,0,0
-0.0974,0,0
-0.097,0,0
-0.0966,0,0
-0.0962,0,0
-0.0958,0,0
-0.0954,0,0
-0.095,0,0
-0.0946,0,0
-0.0942,0.00369001,0.00369695
-0.0938,0,0
-0.0934,0,0
-0.093,0,0
-0.0926,0,0
-0.0922,0,0
-0.0918,0,0
-0.0914,0,0
-0.091,0,0
-0.0906,0,0
-0.0902,0.00352675,0.00353312
-0.0898,0,0
-0.0894,0,0
-0.089,0,0
-0.0886,0,0
-0.0882,0,0
-0.0878,0,0
-0.0874,0.0036679,0.00367481
-0.087,0,0
-0.0866,0,0
-0.0862,0,0
-0.0858,0,0
-0.0854,0,0
-0.085,0,0
-0.0846,0,0
-0.0842,0,0
-0.0838,0,0
-0.0834,0,0
-0.083,0,0
-0.0826,0,0
-0.0822,0,0
-0.0818,0,0
-0.0814,0.00361664,0.0036234
-0.081,0,0
-0.0806,0.0033744,0.00338029
-0.0802,0,0
-0.0798,0,0
-0.0794,0,0
-0.079,0,0
-0.0786,0,0
-0.0782,0,0
-0.0778,0,0
-0.0774,0,0
-0.077,0,0
-0.0766,0.00374571,0.003753
-0.0762,0,0
-0.0758,0,0
-0.0754,0,0
-0.075,0,0
-0.0746,0,0
-0.0742,0,0
-0.0738,0,0
-0.0734,0.00362187,0.00362871
-0.073,0,0
-0.0726,0,0
-0.0722,0,0
-0.0718,0,0
-0.0714,0,0
-0.071,0.00697503,0.0049442
-0.0706,0.00678787,0.00480847
-0.0702,0,0
-0.0698,0,0
-0.0694,0,0
-0.069,0,0
-0.0686,0,0
-0.0682,0.00394177,0.00394991
-0.0678,0.0036185,0.00362536
-0.0674,0,0
-0.067,0,0
-0.0666,0,0
-0.0662,0,0
-0.0658,0,0
-0.0654,0.00370426,0.00371146
-0.065,0,0
-0.0646,0.00357793,0.00358466
-0.0642,0,0
-0.0638,0,0
-0.0634,0,0
-0.063,0,0
-0.0626,0.00363999,0.00364696
-0.0622,0,0
-0.0618,0.00345083,0.0034571
-0.0614,0.00368619,0.00369335
-0.061,0,0
-0.0606,0,0
-0.0602,0,0
-0.0598,0.0068213,0.00483207
-0.0594,0,0
-0.059,0,0
-0.0586,0,0
-0.0582,0,0
-0.0578,0.00359734,0.00360417
-0.0574,0,0
-0.057,0,0
-0.0566,0.00341576,0.00342192
-0.0562,0,0
-0.0558,0,0
-0.0554,0.00365492,0.00366199
-0.055,0.00352619,0.00353277
-0.0546,0,0
-0.0542,0,0
-0.0538,0,0
-0.0534,0,0
-0.053,0,0
-0.0526,0,0
-0.0522,0,0
-0.0518,0,0
-0.0514,0,0
-0.051,0,0
-0.0506,0.00723786,0.00512777
-0.0502,0,0
-0.0498,0,0
-0.0494,0,0
-0.049,0,0
-0.0486,0,0
-0.0482,0,0
-0.0478,0.00375255,0.00376004
-0.0474,0,0
-0.047,0,0
-0.0466,0.00340583,0.003412
-0.0462,0,0
-0.0458,0.00716452,0.0050764
-0.0454,0,0
-0.045,0,0
-0.0446,0,0
-0.0442,0,0
-0.0438,0,0
-0.0434,0,0
-0.043,0,0
-0.0426,0,0
-0.0422,0,0
-0.0418,0,0
-0.0414,0.0110386,0.0063857
-0.041,0.00363703,0.0036441
-0.0406,0,0
-0.0402,0,0
-0.0398,0,0
-0.0394,0,0
-0.039,0.0031525,0.00315783
-0.0386,0.00331167,0.00331755
-0.0382,0.00320017,0.00320566
-0.0378,0,0
-0.0374,0,0
-0.037,0,0
-0.0366,0.00377171,0.00377935
-0.0362,0,0
-0.0358,0,0
-0.0354,0,0
-0.035,0,0
-0.0346,0,0
-0.0342,0,0
-0.0338,0,0
-0.0334,0,0
-0.033,0.00328433,0.00329015
-0.0326,0,0
-0.0322,0,0
-0.0318,0,0
-0.0314,0,0
-0.031,0.0073123,0.0051808
-0.0306,0.00351786,0.00352455
-0.0302,0,0
-0.0298,0,0
-0.0294,0,0
-0.029,0,0
-0.0286,0.00688924,0.00488053
-0.0282,0,0
-0.0278,0,0
-0.0274,0.00361995,0.00362706
-0.027,0,0
-0.0266,0,0
-0.0262,0,0
-0.0258,0,0
-0.0254,0.00355458,0.00356145
-0.025,0.00319665,0.00320221
-0.0246,0.00338161,0.00338783
-0.0242,0.00365254,0.00365981
-0.0238,0.00338448,0.00339072
-0.0234,0,0
-0.023,0,0
-0.0226,0.00352659,0.00353338
-0.0222,0.00352478,0.00353156
-0.0218,0,0
-0.0214,0.0033995,0.00340581
-0.021,0,0
-0.0206,0,0
-0.0202,0.00719404,0.00509698
-0.0198,0,0
-0.0194,0,0
-0.019,0,0
-0.0186,0,0
-0.0182,0,0
-0.0178,0,0
-0.0174,0,0
-0.017,0,0
-0.0166,0.00359763,0.00360475
-0.0162,0,0
-0.0158,0.00314545,0.0031509
-0.0154,0.00131938,0.00205688
-0.015,0.00686321,0.00486221
-0.0146,0,0
-0.0142,0.00337331,0.00337959
-0.0138,0,0
-0.0134,0.00370769,0.00371528
-0.013,0.00363433,0.00364163
-0.0126,0,0
-0.0122,0,0
-0.0118,0.00326099,0.00326688
-0.0114,0.00340189,0.0034083
-0.011,0,0
-0.0106,0.0063278,0.00448322
-0.0102,0,0
-0.0098,0,0
-0.0094,0,0
-0.009,0.00665905,0.00471859
-0.0086,0.0105426,0.0060987
-0.0082,0,0
-0.0078,0.0228887,0.00867358
-0.0074,0.0196421,0.00803677
-0.007,0.0162749,0.00729238
-0.0066,0.025365,0.00898433
-0.0062,0.0162415,0.00727663
-0.0058,0.0132253,0.00662507
-0.0054,0.0197751,0.00809014
-0.005,0.0222611,0.00827339
-0.0046,0.0128495,0.00643631
-0.0042,0.00644407,0.00456487
-0.0038,0.0068611,0.00486085
-0.0034,0.00894459,0.0051728
-0.003,0.0418108,0.0112967
-0.0026,0.0484175,0.0123722
-0.0022,0.0689898,0.0144111
-0.0018,0.161039,0.0229564
-0.0014,0.273119,0.0308227
-0.001,0.386127,0.0362342
-0.0006,0.556842,0.0440659
-0.0002,0.616116,0.0460564
0.0002,0.506613,0.0407388
0.0006,0.422176,0.0374551
0.001,0.253914,0.0282664
0.0014,0.170028,0.0235318
0.0018,0.0881259,0.0167674
0.0022,0.0653939,0.0146639
0.0026,0.0583142,0.0138165
0.003,0.0412092,0.0116599
0.0034,0.0546245,0.0131939
0.0038,0.0269731,0.00955465
0.0042,0.00658125,0.00466243
0.0046,0.00983277,0.00568756
0.005,0.00334138,0.00334768
0.0054,0.012962,0.00649292
0.0058,0.0261221,0.00925524
0.0062,0.0234497,0.00888218
0.0066,0.01279,0.00640771
0.007,0.0203421,0.0080988
0.0074,0.0197954,0.00786156
0.0078,0.00975259,0.00564104
0.0082,0.00627114,0.00444275
0.0086,0.00623374,0.00441571
0.009,0,0
0.0094,0.00337164,0.00337809
0.0098,0.00591207,0.00418748
0.0102,0,0
0.0106,0,0
0.011,0,0
0.0114,0,0
0.0118,0,0
0.0122,0.00708277,0.00501837
0.0126,0,0
0.013,0,0
0.0134,0,0
0.0138,0.00341982,0.00342648
0.0142,0.00325089,0.00325691
0.0146,0,0
0.015,0,0
0.0154,0.00318458,0.00319036
0.0158,0.00316985,0.00317558
0.0162,0,0
0.0166,0.00654017,0.0046343
0.017,0,0
0.0174,0,0
0.0178,0,0
0.0182,0,0
0.0186,0.00320676,0.00321264
0.019,0,0
0.0194,0,0
0.0198,0.0064501,0.00456933
0.0202,0,0
0.0206,0.00309121,0.00309668
0.021,0,0
0.0214,0,0
0.0218,0.00319454,0.00320038
0.0222,0,0
0.0226,0,0
0.023,0,0
0.0234,0,0
0.0238,0.00329588,0.00330211
0.0242,0,0
0.0246,0,0
0.025,0,0
0.0254,0,0
0.0258,0.00623792,0.00441878
0.0262,0,0
0.0266,0.00308394,0.0030894
0.027,0,0
0.0274,0.00318489,0.00319073
0.0278,0.00337924,0.00338581
0.0282,0,0
0.0286,0.00313509,0.00314074
0.029,0.00328874,0.00329497
0.0294,0.0030333,0.0030386
0.0298,0,0
0.0302,0,0
0.0306,0.00321492,0.00322087
0.031,0,0
0.0314,0,0
0.0318,0,0
0.0322,0,0
0.0326,0,0
0.033,0,0
0.0334,0.00305568,0.00306107
0.0338,0.00644904,0.00456902
0.0342,0.00319362,0.0031995
0.0346,0,0
0.035,0,0
0.0354,0.00659638,0.00467462
0.0358,0.00285776,0.00286248
0.0362,0.00292452,0.00292946
0.0366,0,0
0.037,0.00333283,0.00333925
0.0374,0.0028108,0.00281537
0.0378,0.00283286,0.0028375
0.0382,0,0
0.0386,0,0
0.039,0,0
0.0394,0,0
0.0398,0.00314025,0.00314596
0.0402,0,0
0.0406,0.00311827,0.0031239
0.041,0,0
0.0414,0,0
0.0418,0,0
0.0422,0.00275499,0.00275939
0.0426,0.00305565,0.00306107
0.043,0.00309537,0.00310093
0.0434,0,0
0.0438,0,0
0.0442,0.00302213,0.00302742
0.0446,0,0
0.045,0.0028738,0.00287859
0.0454,0.00308251,0.00308803
0.0458,0,0
0.0462,0,0
0.0466,0,0
0.047,0,0
0.0474,0.00681215,0.00482819
0.0478,0,0
0.0482,0,0
0.0486,0,0
0.049,0.00326759,0.00327379
0.0494,0.00353357,0.00354083
0.0498,0,0
0.0502,0.00580949,0.00411488
0.0506,0,0
0.051,0,0
0.0514,0.00308991,0.00309547
0.0518,0,0
0.0522,0.00305852,0.00306397
0.0526,0,0
0.053,0,0
0.0534,0,0
0.0538,0,0
0.0542,0,0
0.0546,0,0
0.055,0,0
0.0554,0,0
0.0558,0,0
0.0562,0,0
0.0566,0,0
0.057,0.00624074,0.00442092
0.0574,0,0
0.0578,0.00332699,0.00333346
0.0582,0,0
0.0586,0.00280986,0.00281448
0.059,0,0
0.0594,0.00305411,0.00305957
0.0598,0.00299754,0.0030028
0.0602,0,0
0.0606,0,0
0.061,0,0
0.0614,0,0
0.0618,0.00314375,0.00314954
0.0622,0,0
0.0626,0.0030003,0.00300558
0.063,0,0
0.0634,0,0
0.0638,0,0
0.0642,0,0
0.0646,0,0
0.065,0.00304054,0.00304598
0.0654,0,0
0.0658,0.00298642,0.00299168
0.0662,0.00298532,0.00299057
0.0666,0,0
0.067,0,0
0.0674,0,0
0.0678,0,0
0.0682,0.00268126,0.0026855
0.0686,0.002774,0.00277854
0.069,0,0
0.0694,0.0061746,0.00437407
0.0698,0,0
0.0702,0,0
0.0706,0,0
0.071,0.003122,0.00312777
0.0714,0.00302649,0.00303191
0.0718,0,0
0.0722,0,0
0.0726,0.0029803,0.00298557
0.073,0.00295357,0.00295875
0.0734,0.00305139,0.00305692
0.0738,0,0
0.0742,0,0
0.0746,0.00293935,0.00294448
0.075,0.00893867,0.0051699
0.0754,0,0
0.0758,0.00305227,0.00305781
0.0762,0.00317774,0.00318375
0.0766,0,0
0.077,0.00593287,0.00420436
0.0774,0,0
0.0778,0.00307115,0.00307678
0.0782,0,0
0.0786,0.00291137,0.00291643
0.079,0,0
0.0794,0,0
0.0798,0.00602839,0.00427039
0.0802,0,0
0.0806,0.00323309,0.00323934
0.081,0,0
0.0814,0.00305813,0.00306372
0.0818,0,0
0.0822,0,0
0.0826,0,0
0.083,0,0
0.0834,0,0
0.0838,0,0
0.0842,0.00564394,0.00399764
0.0846,0,0
0.085,0,0
0.0854,0,0
0.0858,0.00316831,0.00317434
0.0862,0,0
0.0866,0.0027326,0.0027371
0.087,0,0
0.0874,0,0
0.0878,0.00579824,0.00410715
0.0882,0,0
0.0886,0.00283065,0.00283549
0.089,0,0
0.0894,0.00321902,0.00322527
0.0898,0,0
0.0902,0.00301012,0.00301559
0.0906,0,0
0.091,0.00287202,0.002877
0.0914,0.00282772,0.00283255
0.0918,0,0
0.0922,0,0
0.0926,0,0
0.093,0.00307587,0.0030816
0.0934,0,0
0.0938,0,0
0.0942,0,0
0.0946,0.00174179,0.00217646
0.095,0,0
0.0954,0.00323806,0.00324441
0.0958,0,0
0.0962,0,0
0.0966,0,0
0.097,0,0
0.0974,0,0
0.0978,0,0
0.0982,0,0
0.0986,0,0
0.099,0,0
0.0994,0,0
0.0998,0,0
0.1002,0.00619187,0.00438654
0.1006,0,0
0.101,0,0
0.1014,0,0
0.1018,0.00695487,0.00492821
0.1022,0,0
0.1026,0.00323105,0.00323738
0.103,0,0
0.1034,0,0
0.1038,0.0034689,0.0034762
0.1042,0,0
0.1046,0,0
0.105,0.00368894,0.00369719
0.1054,0,0
0.1058,0,0
0.1062,0,0
0.1066,0,0
0.107,0.00358894,0.00359675
0.1074,0,0
0.1078,0,0
0.1082,0.00358911,0.00359693
0.1086,0,0
0.109,0.00421864,0.00422944
0.1094,0.0166094,0.00832672
0.1098,0.00860117,0.00609782
0.1102,0.0042305,0.00424136
0.1106,0,0
0.111,0.00401266,0.00402243
0.1114,0,0
0.1118,0,0
0.1122,0,0
0.1126,0,0
0.113,0,0
0.1134,0.00464848,0.0046616
0.1138,0.0100256,0.00711073
0.1142,0,0
0.1146,0.00489599,0.00491054
0.115,0,0
0.1154,0,0
0.1158,0.00508731,0.00510303
0.1162,0,0
0.1166,0,0
0.117,0.0045068,0.00451915
0.1174,0,0
0.1178,0,0
0.1182,0.00933631,0.00662224
0.1186,0,0
0.119,0.00494352,0.00495838
0.1194,0.00522175,0.00523832
0.1198,0,0
