# X , Y , E Distribution=true
1
-0.1198,0,0
-0.1194,0,0
-0.119,0,0
-0.1186,0,0
-0.1182,0,0
-0.1178,0,0
-0.1174,0,0
-0.117,0,0
-0.1166,0,0
-0.1162,0,0
-0.1158,0,0
-0.1154,0,0
-0.115,0,0
-0.1146,0,0
-0.1142,0,0
-0.1138,0,0
-0.1134,0,0
-0.113,0,0
-0.1126,0,0
-0.1122,0,0
-0.1118,0,0
-0.1114,0,0
-0.111,0,0
-0.1106,0,0
-0.1102,0,0
-0.1098,0,0
-0.1094,0,0
-0.109,0,0
-0.1086,0,0
-0.1082,0,0
-0.1078,0,0
-0.1074,0,0
-0.107,0,0
-0.1066,0,0
-0.1062,0,0
-0.1058,0,0
-0.1054,0,0
-0.105,0,0
-0.1046,0,0
-0.1042,0,0
-0.1038,0.00643569,0.00874212
-0.1034,0.0124613,0.0124844
-0.103,0,0
-0.1026,0,0
-0.1022,0,0
-0.1018,0,0
-0.1014,0,0
-0.101,0,0
-0.1006,0,0
-0.1002,0,0
-0.0998,0,0
-0.0994,0,0
-0.099,0,0
-0.0986,0,0
-0.0982,0,0
-0.0978,0,0
-0.0974,0,0
-0.097,0,0
-0.0966,0,0
-0.0962,0,0
-0.0958,0,0
-0.0954,0,0
-0.095,0,0
-0.0946,0,0
-0.0942,0,0
-0.0938,0,0
-0.0934,0,0
-0.093,0,0
-0.0926,0,0
-0.0922,0,0
-0.0918,0,0
-0.0914,0,0
-0.091,0,0
-0.0906,0.0156433,0.0156795
-0.0902,0,0
-0.0898,0,0
-0.0894,0,0
-0.089,0,0
-0.0886,0,0
-0.0882,0,0
-0.0878,0,0
-0.0874,0,0
-0.087,0,0
-0.0866,0,0
-0.0862,0,0
-0.0858,0,0
-0.0854,0,0
-0.085,0,0
-0.0846,0,0
-0.0842,0.0121195,0.0121412
-0.0838,0,0
-0.0834,0,0
-0.083,0,0
-0.0826,0,0
-0.0822,0,0
-0.0818,0,0
-0.0814,0,0
-0.081,0,0
-0.0806,0,0
-0.0802,0.000703365,0.00303651
-0.0798,0.0130611,0.0130862
-0.0794,0,0
-0.079,0,0
-0.0786,0,0
-0.0782,0,0
-0.0778,0,0
-0.0774,0,0
-0.077,0,0
-0.0766,0,0
-0.0762,0,0
-0.0758,0,0
-0.0754,0,0
-0.075,0,0
-0.0746,0,0
-0.0742,0,0
-0.0738,0,0
-0.0734,0,0
-0.073,0,0
-0.0726,0,0
-0.0722,0,0
-0.0718,0.0117488,0.011769
-0.0714,0,0
-0.071,0,0
-0.0706,0,0
-0.0702,0,0
-0.0698,0,0
-0.0694,0,0
-0.069,0,0
-0.0686,0,0
-0.0682,0,0
-0.0678,0.0128786,0.0129029
-0.0674,0,0
-0.067,0,0
-0.0666,0,0
-0.0662,0,0
-0.0658,0,0
-0.0654,0,0
-0.065,0,0
-0.0646,0,0
-0.0642,0,0
-0.0638,0,0
-0.0634,0,0
-0.063,0,0
-0.0626,0,0
-0.0622,0,0
-0.0618,0.0123494,0.0123717
-0.0614,0.0127236,0.0127473
-0.061,0,0
-0.0606,0,0
-0.0602,0,0
-0.0598,0,0
-0.0594,0,0
-0.059,0,0
-0.0586,0,0
-0.0582,0,0
-0.0578,0,0
-0.0574,0,0
-0.057,0,0
-0.0566,0,0
-0.0562,0,0
-0.0558,0,0
-0.0554,0,0
-0.055,0,0
-0.0546,0,0
-0.0542,0,0
-0.0538,0.0125274,0.0125503
-0.0534,0,0
-0.053,0,0
-0.0526,0,0
-0.0522,0,0
-0.0518,0,0
-0.0514,0,0
-0.051,0,0
-0.0506,0,0
-0.0502,0,0
-0.0498,0,0
-0.0494,0,0
-0.049,0,0
-0.0486,0,0
-0.0482,0,0
-0.0478,0,0
-0.0474,0,0
-0.047,0,0
-0.0466,0,0
-0.0462,0,0
-0.0458,0,0
-0.0454,0,0
-0.045,0,0
-0.0446,0,0
-0.0442,0,0
-0.0438,0,0
-0.0434,0,0
-0.043,0,0
-0.0426,0,0
-0.0422,0.00965845,0.0111194
-0.0418,0.013521,0.0135474
-0.0414,0,0
-0.041,0,0
-0.0406,0,0
-0.0402,0,0
-0.0398,0,0
-0.0394,0,0
-0.039,0.00803586,0.0103003
-0.0386,0,0
-0.0382,0,0
-0.0378,0,0
-0.0374,0,0
-0.037,0,0
-0.0366,0,0
-0.0362,0,0
-0.0358,0,0
-0.0354,0,0
-0.035,0,0
-0.0346,0,0
-0.0342,0,0
-0.0338,0,0
-0.0334,0,0
-0.033,0.0062848,0.00893417
-0.0326,0,0
-0.0322,0,0
-0.0318,0,0
-0.0314,0.0129577,0.0129819
-0.031,0,0
-0.0306,0,0
-0.0302,0,0
-0.0298,0.0134072,0.0134331
-0.0294,0,0
-0.029,0.0137314,0.0137585
-0.0286,0,0
-0.0282,0,0
-0.0278,0.0077766,0.00992074
-0.0274,0,0
-0.027,0,0
-0.0266,0,0
-0.0262,0,0
-0.0258,0,0
-0.0254,0,0
-0.025,0.021483,0.0168539
-0.0246,0,0
-0.0242,0.00787004,0.0101034
-0.0238,0,0
-0.0234,0.0128631,0.0128869
-0.023,0.0104976,0.0115016
-0.0226,0,0
-0.0222,0,0
-0.0218,0,0
-0.0214,0,0
-0.021,0,0
-0.0206,0,0
-0.0202,0,0
-0.0198,0,0
-0.0194,0,0
-0.019,0,0
-0.0186,0,0
-0.0182,0,0
-0.0178,0,0
-0.0174,0,0
-0.017,0,0
-0.0166,0,0
-0.0162,0,0
-0.0158,0,0
-0.0154,0,0
-0.015,0,0
-0.0146,0,0
-0.0142,0,0
-0.0138,0,0
-0.0134,0.0132914,0.0133167
-0.013,0.0138739,0.0139014
-0.0126,0,0
-0.0122,0,0
-0.0118,0,0
-0.0114,0,0
-0.011,0,0
-0.0106,0.0133269,0.0133522
-0.0102,0,0
-0.0098,0,0
-0.0094,0,0
-0.009,0,0
-0.0086,0,0
-0.0082,0,0
-0.0078,0,0
-0.0074,0.0124238,0.0124458
-0.007,0,0
-0.0066,0,0
-0.0062,0,0
-0.0058,0,0
-0.0054,0,0
-0.005,0.024003,0.0170018
-0.0046,0.0127859,0.0128092
-0.0042,0,0
-0.0038,0.0383314,0.0218741
-0.0034,0.0732355,0.0299544
-0.003,0.113214,0.0378267
-0.0026,0.0844383,0.0320975
-0.0022,0.449344,0.076639
-0.0018,0.609813,0.0907068
-0.0014,1.13477,0.118861
-0.001,2.0561,0.162055
-0.0006,2.4454,0.181329
-0.0002,2.30528,0.173985
0.0002,2.06045,0.154541
0.0006,1.69518,0.145911
0.001,0.876732,0.105178
0.0014,0.519641,0.083254
0.0018,0.176873,0.0462784
0.0022,0.0409377,0.0236814
0.0026,0.0249842,0.0176979
0.003,0.0127167,0.0127396
0.0034,0.0153852,0.0138242
0.0038,0.0118361,0.011856
0.0042,0,0
0.0046,0,0
0.005,0,0
0.0054,0,0
0.0058,0,0
0.0062,0,0
0.0066,0,0
0.007,0,0
0.0074,0.0126653,0.012688
0.0078,0,0
0.0082,0,0
0.0086,0,0
0.009,0.013571,0.013597
0.0094,0,0
0.0098,0,0
0.0102,0,0
0.0106,0,0
0.011,0.0136236,0.0136498
0.0114,0.0264644,0.0187482
0.0118,0,0
0.0122,0,0
0.0126,0,0
0.013,0,0
0.0134,0,0
0.0138,0.012264,0.0122852
0.0142,0.012495,0.012517
0.0146,0,0
0.015,0,0
0.0154,0,0
0.0158,0.00479632,0.00771829
0.0162,0,0
0.0166,0,0
0.017,0,0
0.0174,0,0
0.0178,0,0
0.0182,0,0
0.0186,0,0
0.019,0.0121919,0.0122128
0.0194,0,0
0.0198,0,0
0.0202,0,0
0.0206,0,0
0.021,0,0
0.0214,0,0
0.0218,0,0
0.0222,0,0
0.0226,0,0
0.023,0,0
0.0234,0,0
0.0238,0,0
0.0242,0,0
0.0246,0,0
0.025,0,0
0.0254,0,0
0.0258,0,0
0.0262,0,0
0.0266,0,0
0.027,0,0
0.0274,0,0
0.0278,0,0
0.0282,0,0
0.0286,0,0
0.029,0,0
0.0294,0,0
0.0298,0,0
0.0302,0,0
0.0306,0,0
0.031,0,0
0.0314,0,0
0.0318,0,0
0.0322,0,0
0.0326,0,0
0.033,0,0
0.0334,0,0
0.0338,0,0
0.0342,0,0
0.0346,0.0132056,0.01323
0.035,0,0
0.0354,0,0
0.0358,0,0
0.0362,0,0
0.0366,0,0
0.037,0,0
0.0374,0,0
0.0378,0,0
0.0382,0,0
0.0386,0,0
0.039,0,0
0.0394,0,0
0.0398,0,0
0.0402,0,0
0.0406,0,0
0.041,0,0
0.0414,0,0
0.0418,0,0
0.0422,0,0
0.0426,0.0129397,0.0129629
0.043,0,0
0.0434,0,0
0.0438,0,0
0.0442,0,0
0.0446,0,0
0.045,0,0
0.0454,0,0
0.0458,0,0
0.0462,0,0
0.0466,0,0
0.047,0,0
0.0474,0,0
0.0478,0.0135722,0.0135977
0.0482,0.0122695,0.0122904
0.0486,0,0
0.049,0,0
0.0494,0,0
0.0498,0,0
0.0502,0,0
0.0506,0.0128885,0.0129115
0.051,0,0
0.0514,0.013495,0.0135202
0.0518,0.0175286,0.0154102
0.0522,0,0
0.0526,0,0
0.053,0.0126934,0.0127157
0.0534,0,0
0.0538,0,0
0.0542,0,0
0.0546,0,0
0.055,0,0
0.0554,0,0
0.0558,0.0129156,0.0129386
0.0562,0,0
0.0566,0,0
0.057,0,0
0.0574,0,0
0.0578,0,0
0.0582,0,0
0.0586,0,0
0.059,0,0
0.0594,0,0
0.0598,0,0
0.0602,0,0
0.0606,0,0
0.061,0,0
0.0614,0,0
0.0618,0,0
0.0622,0,0
0.0626,0,0
0.063,0,0
0.0634,0,0
0.0638,0,0
0.0642,0,0
0.0646,0,0
0.065,0.000671902,0.00286318
0.0654,0,0
0.0658,0,0
0.0662,0,0
0.0666,0.0125311,0.0125527
0.067,0,0
0.0674,0,0
0.0678,0,0
0.0682,0,0
0.0686,0,0
0.069,0,0
0.0694,0,0
0.0698,0,0
0.0702,0,0
0.0706,0,0
0.071,0,0
0.0714,0,0
0.0718,0,0
0.0722,0,0
0.0726,0,0
0.073,0,0
0.0734,0,0
0.0738,0,0
0.0742,0,0
0.0746,0,0
0.075,0,0
0.0754,0,0
0.0758,0,0
0.0762,0,0
0.0766,0,0
0.077,0,0
0.0774,0,0
0.0778,0,0
0.0782,0,0
0.0786,0,0
0.079,0,0
0.0794,0.00140552,0.00429764
0.0798,0,0
0.0802,0,0
0.0806,0,0
0.081,0,0
0.0814,0,0
0.0818,0,0
0.0822,0,0
0.0826,0,0
0.083,0,0
0.0834,0,0
0.0838,0,0
0.0842,0,0
0.0846,0,0
0.085,0,0
0.0854,0,0
0.0858,0,0
0.0862,0,0
0.0866,0,0
0.087,0,0
0.0874,0,0
0.0878,0,0
0.0882,0,0
0.0886,0,0
0.089,0,0
0.0894,0,0
0.0898,0,0
0.0902,0,0
0.0906,0,0
0.091,0,0
0.0914,0.0146135,0.0146424
0.0918,0,0
0.0922,0,0
0.0926,0,0
0.093,0,0
0.0934,0,0
0.0938,0,0
0.0942,0,0
0.0946,0,0
0.095,0,0
0.0954,0,0
0.0958,0,0
0.0962,0,0
0.0966,0,0
0.097,0,0
0.0974,0,0
0.0978,0.0140794,0.0141061
0.0982,0,0
0.0986,0,0
0.099,0,0
0.0994,0,0
0.0998,0,0
0.1002,0,0
0.1006,0.0144848,0.014513
0.101,0.0145295,0.0145579
0.1014,0,0
0.1018,0,0
0.1022,0.0162109,0.0165717
0.1026,0,0
0.103,0.0159221,0.0159562
0.1034,0,0
0.1038,0,0
0.1042,0,0
0.1046,0,0
0.105,0,0
0.1054,0.0148349,0.0148644
0.1058,0,0
0.1062,0,0
0.1066,0,0
0.107,0.0168533,0.0168914
0.1074,0,0
0.1078,0,0
0.1082,0,0
0.1086,0,0
0.109,0,0
0.1094,0,0
0.1098,0,0
0.1102,0,0
0.1106,0,0
0.111,0,0
0.1114,0,0
0.1118,0,0
0.1122,0,0
0.1126,0,0
0.113,0,0
0.1134,0,0
0.1138,0.020538,0.0205943
0.1142,0,0
0.1146,0,0
0.115,0,0
0.1154,0,0
0.1158,0.0206238,0.0206805
0.1162,0,0
0.1166,0,0
0.117,0,0
0.1174,0.00743024,0.0125401
0.1178,0,0
0.1182,0,0
0.1186,0,0
0.119,0,0
0.1194,0,0
0.1198,0,0
2
-0.1198,0,0
-0.1194,0,0
-0.119,0,0
-0.1186,0,0
-0.1182,0,0
-0.1178,0.00638739,0.00640045
-0.1174,0,0
-0.117,0,0
-0.1166,0,0
-0.1162,0,0
-0.1158,0,0
-0.1154,0,0
-0.115,0,0
-0.1146,0,0
-0.1142,0,0
-0.1138,0,0
-0.1134,0,0
-0.113,0,0
-0.1126,0,0
-0.1122,0,0
-0.1118,0,0
-0.1114,0,0
-0.111,0,0
-0.1106,0,0
-0.1102,0,0
-0.1098,0,0
-0.1094,0,0
-0.109,0,0
-0.1086,0,0
-0.1082,0,0
-0.1078,0,0
-0.1074,0,0
-0.107,0,0
-0.1066,0,0
-0.1062,0,0
-0.1058,0,0
-0.1054,0,0
-0.105,0,0
-0.1046,0,0
-0.1042,0,0
-0.1038,0,0
-0.1034,0,0
-0.103,0,0
-0.1026,0,0
-0.1022,0,0
-0.1018,0,0
-0.1014,0,0
-0.101,0,0
-0.1006,0,0
-0.1002,0,0
-0.0998,0,0
-0.0994,0.00669943,0.00671374
-0.099,0,0
-0.0986,0,0
-0.0982,0,0
-0.0978,0,0
-0.0974,0,0
-0.097,0,0
-0.0966,0,0
-0.0962,0,0
-0.0958,0,0
-0.0954,0,0
-0.095,0.00594588,0.00595713
-0.0946,0,0
-0.0942,0,0
-0.0938,0,0
-0.0934,0,0
-0.093,0,0
-0.0926,0.00533202,0.00534107
-0.0922,0,0
-0.0918,0,0
-0.0914,0,0
-0.091,0,0
-0.0906,0,0
-0.0902,0,0
-0.0898,0,0
-0.0894,0,0
-0.089,0,0
-0.0886,0,0
-0.0882,0,0
-0.0878,0,0
-0.0874,0,0
-0.087,0,0
-0.0866,0,0
-0.0862,0,0
-0.0858,0,0
-0.0854,0.00581838,0.00582913
-0.085,0,0
-0.0846,0,0
-0.0842,0,0
-0.0838,0,0
-0.0834,0,0
-0.083,0,0
-0.0826,0,0
-0.0822,0,0
-0.0818,0,0
-0.0814,0,0
-0.081,0,0
-0.0806,0,0
-0.0802,0.00572926,0.0059014
-0.0798,0,0
-0.0794,0,0
-0.079,0,0
-0.0786,0,0
-0.0782,0,0
-0.0778,0,0
-0.0774,0,0
-0.077,0,0
-0.0766,0.00647929,0.0064926
-0.0762,0,0
-0.0758,0,0
-0.0754,0,0
-0.075,0,0
-0.0746,0,0
-0.0742,0,0
-0.0738,0,0
-0.0734,0,0
-0.073,0,0
-0.0726,0.00619852,0.00621069
-0.0722,0,0
-0.0718,0,0
-0.0714,0,0
-0.071,0,0
-0.0706,0,0
-0.0702,0,0
-0.0698,0,0
-0.0694,0,0
-0.069,0,0
-0.0686,0,0
-0.0682,0.00595474,0.00596596
-0.0678,0,0
-0.0674,0,0
-0.067,0.00587838,0.00588932
-0.0666,0,0
-0.0662,0,0
-0.0658,0,0
-0.0654,0,0
-0.065,0,0
-0.0646,0,0
-0.0642,0,0
-0.0638,0,0
-0.0634,0,0
-0.063,0,0
-0.0626,0,0
-0.0622,0,0
-0.0618,0,0
-0.0614,0,0
-0.061,0,0
-0.0606,0,0
-0.0602,0,0
-0.0598,0,0
-0.0594,0,0
-0.059,0.00579682,0.00580743
-0.0586,0,0
-0.0582,0,0
-0.0578,0.00604847,0.00606003
-0.0574,0,0
-0.057,0,0
-0.0566,0,0
-0.0562,0,0
-0.0558,0,0
-0.0554,0,0
-0.055,0,0
-0.0546,0,0
-0.0542,0,0
-0.0538,0,0
-0.0534,0.00570884,0.00571913
-0.053,0,0
-0.0526,0,0
-0.0522,0,0
-0.0518,0,0
-0.0514,0,0
-0.051,0.0114555,0.00811493
-0.0506,0,0
-0.0502,0,0
-0.0498,0,0
-0.0494,0,0
-0.049,0,0
-0.0486,0,0
-0.0482,0.00619265,0.00620474
-0.0478,0,0
-0.0474,0,0
-0.047,0.00560029,0.00561017
-0.0466,0.00585076,0.00586155
-0.0462,0.0058511,0.00586188
-0.0458,0,0
-0.0454,0,0
-0.045,0,0
-0.0446,0,0
-0.0442,0,0
-0.0438,0,0
-0.0434,0,0
-0.043,0.00637386,0.00638665
-0.0426,0,0
-0.0422,0,0
-0.0418,0,0
-0.0414,0.00634459,0.00635725
-0.041,0,0
-0.0406,0,0
-0.0402,0,0
-0.0398,0.00591314,0.00592414
-0.0394,0,0
-0.039,0,0
-0.0386,0.00648335,0.00649656
-0.0382,0,0
-0.0378,0,0
-0.0374,0,0
-0.037,0.00607488,0.00608649
-0.0366,0,0
-0.0362,0,0
-0.0358,0,0
-0.0354,0,0
-0.035,0,0
-0.0346,0,0
-0.0342,0,0
-0.0338,0,0
-0.0334,0,0
-0.033,0.00292148,0.00412536
-0.0326,0,0
-0.0322,0.0055159,0.00552545
-0.0318,0,0
-0.0314,0,0
-0.031,0,0
-0.0306,0,0
-0.0302,0,0
-0.0298,0,0
-0.0294,0,0
-0.029,0,0
-0.0286,0.00602235,0.00603373
-0.0282,0,0
-0.0278,0.00221442,0.00358318
-0.0274,0,0
-0.027,0.00569252,0.00570269
-0.0266,0,0
-0.0262,0,0
-0.0258,0,0
-0.0254,0,0
-0.025,0.00224009,0.0036946
-0.0246,0,0
-0.0242,0.00231261,0.00370535
-0.0238,0,0
-0.0234,0,0
-0.023,0.000941949,0.00233054
-0.0226,0,0
-0.0222,0.00613081,0.00614258
-0.0218,0,0
-0.0214,0.00544197,0.00545125
-0.021,0,0
-0.0206,0,0
-0.0202,0,0
-0.0198,0,0
-0.0194,0,0
-0.019,0,0
-0.0186,0.000399294,0.00157071
-0.0182,0,0
-0.0178,0.00563726,0.0056472
-0.0174,0,0
-0.017,0.0120596,0.00854353
-0.0166,0.00591328,0.00592422
-0.0162,0.000376861,0.00158431
-0.0158,0,0
-0.0154,0,0
-0.015,0,0
-0.0146,0,0
-0.0142,0.00584197,0.00585264
-0.0138,0.00592426,0.00593523
-0.0134,0,0
-0.013,0,0
-0.0126,0,0
-0.0122,0,0
-0.0118,0.00569815,0.0057083
-0.0114,0.00528576,0.00529449
-0.011,0,0
-0.0106,0,0
-0.0102,0,0
-0.0098,0,0
-0.0094,0,0
-0.009,0.00562362,0.0056335
-0.0086,0.0161581,0.0098507
-0.0082,0,0
-0.0078,0,0
-0.0074,0,0
-0.007,0,0
-0.0066,0,0
-0.0062,0,0
-0.0058,0,0
-0.0054,0.00545476,0.00546405
-0.005,0.00543145,0.00544066
-0.0046,0.00582112,0.0058317
-0.0042,0.0113937,0.00807092
-0.0038,0.0275448,0.0124465
-0.0034,0.0261519,0.0121754
-0.003,0.060053,0.0186217
-0.0026,0.0860819,0.0220142
-0.0022,0.203542,0.0348542
-0.0018,0.381012,0.0483675
-0.0014,0.468591,0.0515997
-0.001,0.978167,0.075449
-0.0006,1.36867,0.0915392
-0.0002,1.34766,0.0900108
0.0002,1.29363,0.0826311
0.0006,1.0137,0.0759748
0.001,0.599786,0.0587764
0.0014,0.372577,0.0474869
0.0018,0.183207,0.0315901
0.0022,0.0843171,0.0228974
0.0026,0.0360929,0.0147745
0.003,0.0172318,0.00996701
0.0034,0.00987962,0.00746636
0.0038,0.00471453,0.00527897
0.0042,0,0
0.0046,0,0
0.005,0.0109782,0.00777729
0.0054,0,0
0.0058,0,0
0.0062,0.00511093,0.00511907
0.0066,0.0111599,0.00793302
0.007,0,0
0.0074,0,0
0.0078,0,0
0.0082,0.00580515,0.00581564
0.0086,0,0
0.009,0,0
0.0094,0,0
0.0098,0,0
0.0102,0.00609253,0.00610408
0.0106,0.00609307,0.00610462
0.011,0.0097086,0.00772659
0.0114,0.00599501,0.00600619
0.0118,0,0
0.0122,0.00634681,0.00635933
0.0126,0.00580198,0.00581245
0.013,0,0
0.0134,0.0057517,0.00576198
0.0138,0,0
0.0142,0,0
0.0146,0.00615033,0.00616209
0.015,0,0
0.0154,0,0
0.0158,0.00342984,0.00439015
0.0162,0,0
0.0166,0,0
0.017,0,0
0.0174,0,0
0.0178,0,0
0.0182,0.00558466,0.00559435
0.0186,0,0
0.019,0,0
0.0194,0,0
0.0198,0.00598718,0.00599831
0.0202,0,0
0.0206,0.00624442,0.00625652
0.021,0,0
0.0214,0,0
0.0218,0,0
0.0222,0,0
0.0226,0,0
0.023,0,0
0.0234,0,0
0.0238,0,0
0.0242,0.00633516,0.00634761
0.0246,0,0
0.025,0,0
0.0254,0,0
0.0258,0,0
0.0262,0,0
0.0266,0,0
0.027,0,0
0.0274,0,0
0.0278,0,0
0.0282,0,0
0.0286,0,0
0.029,0,0
0.0294,0,0
0.0298,0,0
0.0302,0,0
0.0306,0,0
0.031,0,0
0.0314,0,0
0.0318,0,0
0.0322,0,0
0.0326,0,0
0.033,0,0
0.0334,0,0
0.0338,0,0
0.0342,0,0
0.0346,0,0
0.035,0,0
0.0354,0,0
0.0358,0,0
0.0362,0,0
0.0366,0,0
0.037,0,0
0.0374,0,0
0.0378,0,0
0.0382,0,0
0.0386,0,0
0.039,0,0
0.0394,0,0
0.0398,0,0
0.0402,0,0
0.0406,0,0
0.041,0.0060733,0.0060847
0.0414,0,0
0.0418,0,0
0.0422,0.00587715,0.00588782
0.0426,0,0
0.043,0.00579974,0.00581013
0.0434,0,0
0.0438,0,0
0.0442,0.0033739,0.00452857
0.0446,0,0
0.045,0,0
0.0454,0,0
0.0458,0,0
0.0462,0,0
0.0466,0,0
0.047,0.00564819,0.00565804
0.0474,0,0
0.0478,0,0
0.0482,0,0
0.0486,0.00555751,0.00556704
0.049,0,0
0.0494,0,0
0.0498,0,0
0.0502,0,0
0.0506,0,0
0.051,0,0
0.0514,0,0
0.0518,0.00423767,0.00506956
0.0522,0,0
0.0526,0,0
0.053,0,0
0.0534,0,0
0.0538,0,0
0.0542,0,0
0.0546,0,0
0.055,0,0
0.0554,0,0
0.0558,0,0
0.0562,0,0
0.0566,0.0062261,0.00623803
0.057,0,0
0.0574,0,0
0.0578,0,0
0.0582,0,0
0.0586,0,0
0.059,0,0
0.0594,0,0
0.0598,0.00589844,0.00590914
0.0602,0,0
0.0606,0,0
0.061,0,0
0.0614,0,0
0.0618,0,0
0.0622,0.00569154,0.00570151
0.0626,0.00577557,0.00578582
0.063,0,0
0.0634,0,0
0.0638,0,0
0.0642,0,0
0.0646,0,0
0.065,0.00512373,0.00528022
0.0654,0,0
0.0658,0,0
0.0662,0,0
0.0666,0,0
0.067,0,0
0.0674,0,0
0.0678,0.0110192,0.00780494
0.0682,0,0
0.0686,0,0
0.069,0,0
0.0694,0,0
0.0698,0,0
0.0702,0,0
0.0706,0,0
0.071,0,0
0.0714,0,0
0.0718,0,0
0.0722,0,0
0.0726,0,0
0.073,0,0
0.0734,0,0
0.0738,0.00567464,0.00568452
0.0742,0,0
0.0746,0,0
0.075,0,0
0.0754,0,0
0.0758,0,0
0.0762,0,0
0.0766,0,0
0.077,0.00546952,0.00547868
0.0774,0,0
0.0778,0,0
0.0782,0,0
0.0786,0.00603774,0.0060489
0.079,0,0
0.0794,0.00519125,0.00550429
0.0798,0,0
0.0802,0,0
0.0806,0,0
0.081,0,0
0.0814,0,0
0.0818,0,0
0.0822,0,0
0.0826,0,0
0.083,0.00620974,0.00622153
0.0834,0,0
0.0838,0,0
0.0842,0,0
0.0846,0,0
0.085,0,0
0.0854,0,0
0.0858,0,0
0.0862,0,0
0.0866,0.00564998,0.00565974
0.087,0.00565036,0.00566012
0.0874,0,0
0.0878,0,0
0.0882,0,0
0.0886,0,0
0.089,0,0
0.0894,0,0
0.0898,0,0
0.0902,0,0
0.0906,0,0
0.091,0,0
0.0914,0,0
0.0918,0,0
0.0922,0.00590786,0.00591852
0.0926,0,0
0.093,0,0
0.0934,0,0
0.0938,0,0
0.0942,0,0
0.0946,0,0
0.095,0,0
0.0954,0,0
0.0958,0,0
0.0962,0.0060352,0.0060463
0.0966,0,0
0.097,0.00592963,0.00594035
0.0974,0,0
0.0978,0,0
0.0982,0,0
0.0986,0,0
0.099,0,0
0.0994,0,0
0.0998,0,0
0.1002,0,0
0.1006,0,0
0.101,0,0
0.1014,0,0
0.1018,0,0
0.1022,0.000288112,0.00146744
0.1026,0,0
0.103,0,0
0.1034,0,0
0.1038,0,0
0.1042,0,0
0.1046,0,0
0.105,0,0
0.1054,0,0
0.1058,0,0
0.1062,0,0
0.1066,0,0
0.107,0,0
0.1074,0,0
0.1078,0,0
0.1082,0,0
0.1086,0,0
0.109,0,0
0.1094,0,0
0.1098,0,0
0.1102,0,0
0.1106,0,0
0.111,0.00815474,0.00817493
0.1114,0,0
0.1118,0,0
0.1122,0,0
0.1126,0.00780451,0.00782299
0.113,0,0
0.1134,0,0
0.1138,0,0
0.1142,0,0
0.1146,0,0
0.115,0,0
0.1154,0,0
0.1158,0.00906625,0.00909116
0.1162,0,0
0.1166,0,0
0.117,0,0
0.1174,0.015403,0.0120368
0.1178,0,0
0.1182,0,0
0.1186,0,0
0.119,0,0
0.1194,0,0
0.1198,0,0
3
-0.1198,0,0
-0.1194,0.00591437,0.00592512
-0.119,0,0
-0.1186,0,0
-0.1182,0,0
-0.1178,0,0
-0.1174,0,0
-0.117,0,0
-0.1166,0,0
-0.1162,0,0
-0.1158,0,0
-0.1154,0,0
-0.115,0,0
-0.1146,0,0
-0.1142,0,0
-0.1138,0,0
-0.1134,0,0
-0.113,0,0
-0.1126,0,0
-0.1122,0.00471184,0.00539178
-0.1118,0,0
-0.1114,0,0
-0.111,0.00674591,0.00675985
-0.1106,0,0
-0.1102,0,0
-0.1098,0,0
-0.1094,0.00623717,0.00624908
-0.109,0,0
-0.1086,0,0
-0.1082,0,0
-0.1078,0,0
-0.1074,0,0
-0.107,0,0
-0.1066,0,0
-0.1062,0,0
-0.1058,0,0
-0.1054,0,0
-0.105,0,0
-0.1046,0,0
-0.1042,0,0
-0.1038,0,0
-0.1034,0,0
-0.103,0,0
-0.1026,0,0
-0.1022,0,0
-0.1018,0,0
-0.1014,0,0
-0.101,0,0
-0.1006,0,0
-0.1002,0,0
-0.0998,0,0
-0.0994,0,0
-0.099,0,0
-0.0986,0.00662103,0.0066344
-0.0982,0,0
-0.0978,0.00641782,0.00643037
-0.0974,0,0
-0.097,0,0
-0.0966,0,0
-0.0962,0,0
-0.0958,0,0
-0.0954,0,0
-0.095,0,0
-0.0946,0,0
-0.0942,0,0
-0.0938,0,0
-0.0934,0.00139479,0.00293753
-0.093,0,0
-0.0926,0,0
-0.0922,0,0
-0.0918,0,0
-0.0914,0,0
-0.091,0,0
-0.0906,0,0
-0.0902,0,0
-0.0898,0,0
-0.0894,0,0
-0.089,0,0
-0.0886,0,0
-0.0882,0,0
-0.0878,0,0
-0.0874,0,0
-0.087,0,0
-0.0866,0,0
-0.0862,0,0
-0.0858,0,0
-0.0854,0,0
-0.085,0,0
-0.0846,0,0
-0.0842,0,0
-0.0838,0,0
-0.0834,0.00439749,0.0050842
-0.083,0,0
-0.0826,0,0
-0.0822,0,0
-0.0818,0,0
-0.0814,0,0
-0.081,0.00587878,0.00588924
-0.0806,0,0
-0.0802,0.0063558,0.00636802
-0.0798,0,0
-0.0794,0,0
-0.079,0,0
-0.0786,0,0
-0.0782,0,0
-0.0778,0,0
-0.0774,0,0
-0.077,0.0112366,0.00874234
-0.0766,0,0
-0.0762,0.00659405,0.00660717
-0.0758,0,0
-0.0754,0,0
-0.075,0,0
-0.0746,0,0
-0.0742,0,0
-0.0738,0,0
-0.0734,0,0
-0.073,0,0
-0.0726,0,0
-0.0722,0,0
-0.0718,0,0
-0.0714,0,0
-0.071,0,0
-0.0706,0,0
-0.0702,0.0060571,0.00606815
-0.0698,0,0
-0.0694,0,0
-0.069,0,0
-0.0686,0.00586214,0.00587248
-0.0682,0,0
-0.0678,0,0
-0.0674,0,0
-0.067,0,0
-0.0666,0,0
-0.0662,0,0
-0.0658,0,0
-0.0654,0,0
-0.065,0.00620046,0.00621201
-0.0646,0,0
-0.0642,0,0
-0.0638,0,0
-0.0634,0.00644674,0.00645921
-0.063,0,0
-0.0626,0,0
-0.0622,0,0
-0.0618,0,0
-0.0614,0,0
-0.061,0,0
-0.0606,0,0
-0.0602,0,0
-0.0598,0.00592067,0.00593117
-0.0594,0.00596802,0.00597868
-0.059,0.00611838,0.00612958
-0.0586,0,0
-0.0582,0,0
-0.0578,0,0
-0.0574,0,0
-0.057,0.00616197,0.00617333
-0.0566,0,0
-0.0562,0.00593042,0.00594094
-0.0558,0,0
-0.0554,0,0
-0.055,0,0
-0.0546,0,0
-0.0542,0,0
-0.0538,0.00577781,0.00578778
-0.0534,0,0
-0.053,0.00638933,0.00640152
-0.0526,0,0
-0.0522,0,0
-0.0518,0,0
-0.0514,0,0
-0.051,0,0
-0.0506,0,0
-0.0502,0.00645472,0.00646713
-0.0498,0,0
-0.0494,0,0
-0.049,0,0
-0.0486,0,0
-0.0482,0,0
-0.0478,0,0
-0.0474,0,0
-0.047,0,0
-0.0466,0,0
-0.0462,0,0
-0.0458,0,0
-0.0454,0,0
-0.045,0,0
-0.0446,0,0
-0.0442,0,0
-0.0438,0,0
-0.0434,0,0
-0.043,0.00605483,0.00606572
-0.0426,0,0
-0.0422,0,0
-0.0418,0,0
-0.0414,0,0
-0.041,0,0
-0.0406,0,0
-0.0402,0,0
-0.0398,0,0
-0.0394,0,0
-0.039,0.00621605,0.00622751
-0.0386,0,0
-0.0382,0,0
-0.0378,0,0
-0.0374,0,0
-0.037,0,0
-0.0366,0,0
-0.0362,0,0
-0.0358,0,0
-0.0354,0.00632903,0.00634089
-0.035,0,0
-0.0346,0,0
-0.0342,0,0
-0.0338,0,0
-0.0334,0,0
-0.033,0.00616448,0.00617571
-0.0326,0,0
-0.0322,0,0
-0.0318,0,0
-0.0314,0,0
-0.031,0,0
-0.0306,0.0062967,0.00630841
-0.0302,0.00660324,0.00661612
-0.0298,0.00132145,0.00294333
-0.0294,0,0
-0.029,0.00668848,0.00670168
-0.0286,0,0
-0.0282,0,0
-0.0278,0.00633604,0.00634789
-0.0274,0,0
-0.027,0.00605357,0.00606438
-0.0266,0,0
-0.0262,0,0
-0.0258,0,0
-0.0254,0.00640162,0.0064137
-0.025,0,0
-0.0246,0.00620583,0.00621718
-0.0242,0,0
-0.0238,0.00498017,0.00596872
-0.0234,0.006265,0.00627656
-0.023,0,0
-0.0226,0,0
-0.0222,0,0
-0.0218,0,0
-0.0214,0,0
-0.021,0,0
-0.0206,0,0
-0.0202,0,0
-0.0198,0.00278711,0.00426982
-0.0194,0,0
-0.019,0,0
-0.0186,0.0126915,0.00914104
-0.0182,0.00614072,0.0061518
-0.0178,0.00597578,0.00598627
-0.0174,0.00623074,0.00601677
-0.017,0.00642773,0.00643986
-0.0166,0,0
-0.0162,0.0137412,0.00987802
-0.0158,0,0
-0.0154,0,0
-0.015,0,0
-0.0146,0,0
-0.0142,0,0
-0.0138,0,0
-0.0134,0,0
-0.013,0,0
-0.0126,0,0
-0.0122,0.0051989,0.00581558
-0.0118,0,0
-0.0114,0,0
-0.011,0,0
-0.0106,0,0
-0.0102,0,0
-0.0098,0,0
-0.0094,0.00589975,0.00590994
-0.009,0,0
-0.0086,0.00830373,0.00730055
-0.0082,0,0
-0.0078,0.00756604,0.0068439
-0.0074,0,0
-0.007,0.00638948,0.00640141
-0.0066,0,0
-0.0062,0,0
-0.0058,0,0
-0.0054,0,0
-0.005,0,0
-0.0046,0.00702211,0.00662161
-0.0042,0.0121777,0.00862628
-0.0038,0.0192133,0.010651
-0.0034,0.0504138,0.0174619
-0.003,0.0286622,0.0134591
-0.0026,0.10732,0.0253155
-0.0022,0.143313,0.0300802
-0.0018,0.288126,0.0437771
-0.0014,0.447922,0.052225
-0.001,0.641731,0.0631246
-0.0006,1.05645,0.0831355
-0.0002,1.12665,0.0849039
0.0002,0.719754,0.0636982
0.0006,0.837451,0.0715244
0.001,0.486549,0.0546869
0.0014,0.321224,0.0456834
0.0018,0.133158,0.0281414
0.0022,0.11555,0.027723
0.0026,0.00661976,0.00663252
0.003,0.0185524,0.0107305
0.0034,0.0071704,0.00658117
0.0038,0.00125771,0.00282114
0.0042,0.000630407,0.00190815
0.0046,0.00598176,0.00599217
0.005,0.00577332,0.00578302
0.0054,0,0
0.0058,0,0
0.0062,0,0
0.0066,0,0
0.007,0,0
0.0074,0,0
0.0078,0,0
0.0082,0.00615277,0.00616377
0.0086,0,0
0.009,0,0
0.0094,0,0
0.0098,0,0
0.0102,0,0
0.0106,0.0131508,0.00931695
0.011,0.00274754,0.0042728
0.0114,0,0
0.0118,0,0
0.0122,0.00680704,0.00682048
0.0126,0,0
0.013,0,0
0.0134,0,0
0.0138,0,0
0.0142,0,0
0.0146,0,0
0.015,0,0
0.0154,0.00870499,0.0070426
0.0158,0.00638303,0.00639482
0.0162,0,0
0.0166,0,0
0.017,0.0141466,0.0100237
0.0174,0,0
0.0178,0,0
0.0182,0,0
0.0186,0.00618244,0.0061935
0.019,0,0
0.0194,0,0
0.0198,0,0
0.0202,0,0
0.0206,0,0
0.021,0,0
0.0214,0,0
0.0218,0,0
0.0222,0,0
0.0226,0,0
0.023,0,0
0.0234,0,0
0.0238,0,0
0.0242,0,0
0.0246,0,0
0.025,0,0
0.0254,0,0
0.0258,0,0
0.0262,0,0
0.0266,0,0
0.027,0,0
0.0274,0.0126311,0.00895984
0.0278,0,0
0.0282,0,0
0.0286,0.00629083,0.00630223
0.029,0,0
0.0294,0,0
0.0298,0,0
0.0302,0,0
0.0306,0,0
0.031,0.000289011,0.00135859
0.0314,0,0
0.0318,0.00582612,0.0058359
0.0322,0,0
0.0326,0,0
0.033,0.00677906,0.00679228
0.0334,0,0
0.0338,0,0
0.0342,0,0
0.0346,0.00639321,0.00640496
0.035,0,0
0.0354,0,0
0.0358,0,0
0.0362,0,0
0.0366,0,0
0.037,0,0
0.0374,0.00673672,0.00674976
0.0378,0.00600611,0.00637364
0.0382,0,0
0.0386,0,0
0.039,0,0
0.0394,0,0
0.0398,0.00655163,0.00656395
0.0402,0,0
0.0406,0,0
0.041,0.00646735,0.00647935
0.0414,0.00646826,0.00648026
0.0418,0,0
0.0422,0,0
0.0426,0,0
0.043,0.000385287,0.00155476
0.0434,0,0
0.0438,0.00593543,0.00594552
0.0442,0.00289121,0.00435268
0.0446,0,0
0.045,0,0
0.0454,0,0
0.0458,0,0
0.0462,0,0
0.0466,0,0
0.047,0,0
0.0474,0,0
0.0478,0,0
0.0482,0,0
0.0486,0,0
0.049,0,0
0.0494,0,0
0.0498,0,0
0.0502,0,0
0.0506,0,0
0.051,0,0
0.0514,0,0
0.0518,0,0
0.0522,0,0
0.0526,0,0
0.053,0.00613007,0.0061408
0.0534,0,0
0.0538,0,0
0.0542,0,0
0.0546,0,0
0.055,0.0063642,0.00637576
0.0554,0.00636508,0.00637664
0.0558,0,0
0.0562,0,0
0.0566,0,0
0.057,0,0
0.0574,0,0
0.0578,0,0
0.0582,0.00635411,0.00627888
0.0586,0,0
0.059,0,0
0.0594,0.00594216,0.00595223
0.0598,0,0
0.0602,0,0
0.0606,0,0
0.061,0,0
0.0614,0,0
0.0618,0,0
0.0622,0,0
0.0626,0.00194947,0.00336764
0.063,0,0
0.0634,0,0
0.0638,0.0123,0.0087136
0.0642,0,0
0.0646,0,0
0.065,0,0
0.0654,0,0
0.0658,0,0
0.0662,0,0
0.0666,0,0
0.067,0.0017658,0.00329054
0.0674,0,0
0.0678,0,0
0.0682,0,0
0.0686,0,0
0.069,0,0
0.0694,0,0
0.0698,0,0
0.0702,0.00625764,0.00626877
0.0706,0,0
0.071,0.00590722,0.00591714
0.0714,0,0
0.0718,0.00599829,0.00600851
0.0722,0,0
0.0726,0,0
0.073,0,0
0.0734,0,0
0.0738,0,0
0.0742,0,0
0.0746,0,0
0.075,0,0
0.0754,0,0
0.0758,0,0
0.0762,0,0
0.0766,0,0
0.077,0,0
0.0774,0.0122819,0.00870197
0.0778,0,0
0.0782,0,0
0.0786,0,0
0.079,0,0
0.0794,0,0
0.0798,0,0
0.0802,0.00221716,0.00378169
0.0806,0,0
0.081,0,0
0.0814,0,0
0.0818,0,0
0.0822,0,0
0.0826,0,0
0.083,0,0
0.0834,0.00613075,0.00614139
0.0838,0.000891475,0.00222456
0.0842,0,0
0.0846,0.00635569,0.00636711
0.085,0,0
0.0854,0.00597022,0.00598031
0.0858,0,0
0.0862,0,0
0.0866,0,0
0.087,0,0
0.0874,0,0
0.0878,0,0
0.0882,0,0
0.0886,0,0
0.089,0,0
0.0894,0,0
0.0898,0,0
0.0902,0,0
0.0906,0,0
0.091,0,0
0.0914,0,0
0.0918,0,0
0.0922,0,0
0.0926,0,0
0.093,0,0
0.0934,0,0
0.0938,0,0
0.0942,0,0
0.0946,0,0
0.095,0,0
0.0954,0,0
0.0958,0.00652676,0.00653877
0.0962,0,0
0.0966,0,0
0.097,0,0
0.0974,0,0
0.0978,0.00258086,0.00417446
0.0982,0,0
0.0986,0,0
0.099,0.0139831,0.00990708
0.0994,0.00632778,0.00633906
0.0998,0,0
0.1002,0,0
0.1006,0,0
0.101,0,0
0.1014,0,0
0.1018,0,0
0.1022,0,0
0.1026,0,0
0.103,0,0
0.1034,0,0
0.1038,0,0
0.1042,0,0
0.1046,0,0
0.105,0,0
0.1054,0,0
0.1058,0,0
0.1062,0,0
0.1066,0.0160562,0.0113791
0.107,0,0
0.1074,0,0
0.1078,0,0
0.1082,0,0
0.1086,0,0
0.109,0,0
0.1094,0,0
0.1098,0,0
0.1102,0,0
0.1106,0,0
0.111,0,0
0.1114,0,0
0.1118,0.00904858,0.00907158
0.1122,0,0
0.1126,0,0
0.113,0.00828523,0.00830451
0.1134,0,0
0.1138,0,0
0.1142,0,0
0.1146,0,0
0.115,0,0
0.1154,0,0
0.1158,0,0
0.1162,0,0
0.1166,0,0
0.117,0,0
0.1174,0,0
0.1178,0,0
0.1182,0.0110384,0.0110726
0.1186,0,0
0.119,0,0
0.1194,0,0
0.1198,0,0
4
-0.1198,0,0
-0.1194,0,0
-0.119,0,0
-0.1186,0,0
-0.1182,0,0
-0.1178,0,0
-0.1174,0,0
-0.117,0,0
-0.1166,0,0
-0.1162,0,0
-0.1158,0,0
-0.1154,0,0
-0.115,0,0
-0.1146,0,0
-0.1142,0,0
-0.1138,0.00622571,0.00623756
-0.1134,0,0
-0.113,0,0
-0.1126,0.00553155,0.0055409
-0.1122,0.00144059,0.00298729
-0.1118,0,0
-0.1114,0,0
-0.111,0,0
-0.1106,0,0
-0.1102,0,0
-0.1098,0,0
-0.1094,0,0
-0.109,0,0
-0.1086,0,0
-0.1082,0,0
-0.1078,0,0
-0.1074,0,0
-0.107,0,0
-0.1066,0,0
-0.1062,0,0
-0.1058,0.00161699,0.00318855
-0.1054,0.00593415,0.00594487
-0.105,0,0
-0.1046,0.00624593,0.00625779
-0.1042,0,0
-0.1038,0,0
-0.1034,0,0
-0.103,0,0
-0.1026,0,0
-0.1022,0,0
-0.1018,0,0
-0.1014,0.00152004,0.00318104
-0.101,0,0
-0.1006,0,0
-0.1002,0,0
-0.0998,0,0
-0.0994,0,0
-0.099,0,0
-0.0986,0,0
-0.0982,0,0
-0.0978,0,0
-0.0974,0,0
-0.097,0,0
-0.0966,0,0
-0.0962,0,0
-0.0958,0,0
-0.0954,0,0
-0.095,0,0
-0.0946,0,0
-0.0942,0,0
-0.0938,0,0
-0.0934,0.0047974,0.00546428
-0.093,0,0
-0.0926,0,0
-0.0922,0,0
-0.0918,0,0
-0.0914,0,0
-0.091,0,0
-0.0906,0,0
-0.0902,0,0
-0.0898,0,0
-0.0894,0,0
-0.089,0,0
-0.0886,0,0
-0.0882,0,0
-0.0878,0,0
-0.0874,0.00696356,0.00697818
-0.087,0,0
-0.0866,0,0
-0.0862,0,0
-0.0858,0.00647134,0.00648396
-0.0854,0,0
-0.085,0,0
-0.0846,0,0
-0.0842,0,0
-0.0838,0,0
-0.0834,0.00146828,0.00294629
-0.083,0.00646749,0.00648009
-0.0826,0,0
-0.0822,0,0
-0.0818,0.00564867,0.00565828
-0.0814,0.00617114,0.00618261
-0.081,0,0
-0.0806,0,0
-0.0802,0,0
-0.0798,0,0
-0.0794,0,0
-0.079,0.0018701,0.00335796
-0.0786,0,0
-0.0782,0,0
-0.0778,0,0
-0.0774,0,0
-0.077,0.00873992,0.00756409
-0.0766,0,0
-0.0762,0,0
-0.0758,0,0
-0.0754,0,0
-0.075,0,0
-0.0746,0,0
-0.0742,0,0
-0.0738,0,0
-0.0734,0,0
-0.073,0,0
-0.0726,0,0
-0.0722,0,0
-0.0718,0,0
-0.0714,0,0
-0.071,0,0
-0.0706,0,0
-0.0702,0,0
-0.0698,0,0
-0.0694,0,0
-0.069,0,0
-0.0686,0,0
-0.0682,0,0
-0.0678,0,0
-0.0674,0,0
-0.067,0.00655982,0.00657271
-0.0666,0,0
-0.0662,0,0
-0.0658,0,0
-0.0654,0,0
-0.065,0,0
-0.0646,0,0
-0.0642,0,0
-0.0638,0,0
-0.0634,0,0
-0.063,0,0
-0.0626,0,0
-0.0622,0,0
-0.0618,0,0
-0.0614,0,0
-0.061,0,0
-0.0606,0.00617488,0.00638574
-0.0602,0,0
-0.0598,0,0
-0.0594,0,0
-0.059,0,0
-0.0586,0,0
-0.0582,0,0
-0.0578,0,0
-0.0574,0,0
-0.057,0,0
-0.0566,0,0
-0.0562,0,0
-0.0558,0,0
-0.0554,0,0
-0.055,0,0
-0.0546,0,0
-0.0542,0,0
-0.0538,0,0
-0.0534,0.00603911,0.00604999
-0.053,0,0
-0.0526,0,0
-0.0522,0,0
-0.0518,0,0
-0.0514,0.00617929,0.00619067
-0.051,0,0
-0.0506,0,0
-0.0502,0,0
-0.0498,0,0
-0.0494,0,0
-0.049,0,0
-0.0486,0,0
-0.0482,0,0
-0.0478,0,0
-0.0474,0,0
-0.047,0,0
-0.0466,0,0
-0.0462,0,0
-0.0458,0,0
-0.0454,0,0
-0.045,0,0
-0.0446,0,0
-0.0442,0,0
-0.0438,0,0
-0.0434,0,0
-0.043,0,0
-0.0426,0,0
-0.0422,0,0
-0.0418,0,0
-0.0414,0,0
-0.041,0,0
-0.0406,0,0
-0.0402,0,0
-0.0398,0,0
-0.0394,0,0
-0.039,0,0
-0.0386,0,0
-0.0382,0,0
-0.0378,0,0
-0.0374,0,0
-0.037,0,0
-0.0366,0,0
-0.0362,0,0
-0.0358,0,0
-0.0354,0,0
-0.035,0,0
-0.0346,0,0
-0.0342,0,0
-0.0338,0,0
-0.0334,0,0
-0.033,0,0
-0.0326,0,0
-0.0322,0,0
-0.0318,0,0
-0.0314,0.00624191,0.00625348
-0.031,0.00624228,0.00625385
-0.0306,0,0
-0.0302,0,0
-0.0298,0.00518307,0.00581455
-0.0294,0.00626003,0.00627166
-0.029,0,0
-0.0286,0,0
-0.0282,0.00630018,0.00631196
-0.0278,0,0
-0.0274,0,0
-0.027,0.00621651,0.00622798
-0.0266,0,0
-0.0262,0,0
-0.0258,0,0
-0.0254,0,0
-0.025,0,0
-0.0246,0.000600557,0.00192761
-0.0242,0,0
-0.0238,0.00865125,0.00760469
-0.0234,0,0
-0.023,0,0
-0.0226,0,0
-0.0222,0,0
-0.0218,0,0
-0.0214,0,0
-0.021,0,0
-0.0206,0,0
-0.0202,0,0
-0.0198,0.00369762,0.00489717
-0.0194,0,0
-0.019,0,0
-0.0186,0.00608474,0.00609571
-0.0182,0.0181218,0.010482
-0.0178,0.00592064,0.00593104
-0.0174,0.00529976,0.0055229
-0.017,0,0
-0.0166,0,0
-0.0162,0.00700142,0.00701595
-0.0158,0.00583001,0.00584008
-0.0154,0,0
-0.015,0,0
-0.0146,0,0
-0.0142,0.00616435,0.00617561
-0.0138,0,0
-0.0134,0,0
-0.013,0,0
-0.0126,0.00643522,0.00644749
-0.0122,0.00767285,0.00702407
-0.0118,0,0
-0.0114,0,0
-0.011,0.00576653,0.00577639
-0.0106,0,0
-0.0102,0,0
-0.0098,0.0058566,0.00586676
-0.0094,0.00582398,0.00583404
-0.009,0,0
-0.0086,0.00635524,0.00636722
-0.0082,0,0
-0.0078,0.00470544,0.00536012
-0.0074,0,0
-0.007,0,0
-0.0066,0.00644032,0.00645262
-0.0062,0.0184938,0.010697
-0.0058,0,0
-0.0054,0.00574153,0.00575131
-0.005,0.00571583,0.00572553
-0.0046,0.0114627,0.00839475
-0.0042,0,0
-0.0038,0.0100461,0.00764071
-0.0034,0.0353,0.0144391
-0.003,0.0363871,0.0148888
-0.0026,0.0812938,0.0218709
-0.0022,0.083088,0.0225336
-0.0018,0.202508,0.0362178
-0.0014,0.360291,0.046583
-0.001,0.712986,0.0660413
-0.0006,1.0328,0.0813768
-0.0002,0.844847,0.0728625
0.0002,0.722007,0.0631853
0.0006,0.880366,0.0726097
0.001,0.461588,0.0526318
0.0014,0.332235,0.0461319
0.0018,0.0960025,0.0234997
0.0022,0.0581715,0.0194867
0.0026,0.0313942,0.0140785
0.003,0.0181916,0.0105219
0.0034,0.0202501,0.0109957
0.0038,0.0179995,0.0104199
0.0042,0.0106636,0.00776865
0.0046,0,0
0.005,0.00565515,0.00566464
0.0054,0.00589913,0.00590947
0.0058,0.00591587,0.00592627
0.0062,0.00602202,0.00603279
0.0066,0.00535843,0.00536696
0.007,0,0
0.0074,0.00602241,0.00603318
0.0078,0,0
0.0082,0.00608295,0.00609394
0.0086,0,0
0.009,0,0
0.0094,0.00631086,0.00632269
0.0098,0,0
0.0102,0,0
0.0106,0,0
0.011,0.0127672,0.00904491
0.0114,0,0
0.0118,0.0058552,0.00586539
0.0122,0,0
0.0126,0.00607123,0.00608219
0.013,0,0
0.0134,0,0
0.0138,0,0
0.0142,0,0
0.0146,0,0
0.015,0,0
0.0154,0.00807147,0.00668457
0.0158,0,0
0.0162,0,0
0.0166,0,0
0.017,0,0
0.0174,0,0
0.0178,0,0
0.0182,0,0
0.0186,0.00601263,0.00602338
0.019,0,0
0.0194,0,0
0.0198,0,0
0.0202,0,0
0.0206,0,0
0.021,0,0
0.0214,0,0
0.0218,0.00637394,0.00638603
0.0222,0,0
0.0226,0.00589639,0.00590674
0.023,0,0
0.0234,0,0
0.0238,0.00566548,0.00567503
0.0242,0,0
0.0246,0,0
0.025,0,0
0.0254,0,0
0.0258,0,0
0.0262,0.00609448,0.00610553
0.0266,0,0
0.027,0.00643314,0.00644546
0.0274,0.00643291,0.00644523
0.0278,0,0
0.0282,0,0
0.0286,0,0
0.029,0,0
0.0294,0.00647244,0.00648491
0.0298,0,0
0.0302,0.00588606,0.00589638
0.0306,0,0
0.031,0.00587277,0.00602187
0.0314,0.00615206,0.00616333
0.0318,0,0
0.0322,0,0
0.0326,0,0
0.033,0.00654853,0.0065613
0.0334,0,0
0.0338,0,0
0.0342,0.00660773,0.00662074
0.0346,0,0
0.035,0,0
0.0354,0.00579624,0.00580625
0.0358,0.00620286,0.00621433
0.0362,0,0
0.0366,0,0
0.037,0,0
0.0374,0,0
0.0378,0.000705053,0.00214396
0.0382,0,0
0.0386,0,0
0.039,0,0
0.0394,0,0
0.0398,0.00630961,0.00632147
0.0402,0,0
0.0406,0,0
0.041,0,0
0.0414,0,0
0.0418,0,0
0.0422,0,0
0.0426,0,0
0.043,0.0116536,0.00838532
0.0434,0,0
0.0438,0,0
0.0442,0,0
0.0446,0.00627487,0.0062866
0.045,0,0
0.0454,0,0
0.0458,0.00586923,0.0058795
0.0462,0,0
0.0466,0,0
0.047,0.00584732,0.00585752
0.0474,0.00557629,0.00558557
0.0478,0,0
0.0482,0,0
0.0486,0,0
0.049,0,0
0.0494,0,0
0.0498,0,0
0.0502,0,0
0.0506,0,0
0.051,0,0
0.0514,0.00595432,0.0059649
0.0518,0,0
0.0522,0,0
0.0526,0,0
0.053,0,0
0.0534,0,0
0.0538,0,0
0.0542,0,0
0.0546,0,0
0.055,0,0
0.0554,0.00637852,0.00639066
0.0558,0,0
0.0562,0,0
0.0566,0,0
0.057,0,0
0.0574,0,0
0.0578,0,0
0.0582,0.00574522,0.00583681
0.0586,0,0
0.059,0,0
0.0594,0,0
0.0598,0,0
0.0602,0,0
0.0606,0,0
0.061,0,0
0.0614,0,0
0.0618,0,0
0.0622,0,0
0.0626,0.00367266,0.00451525
0.063,0,0
0.0634,0,0
0.0638,0,0
0.0642,0,0
0.0646,0,0
0.065,0,0
0.0654,0,0
0.0658,0,0
0.0662,0,0
0.0666,0,0
0.067,0.00413984,0.00491806
0.0674,0,0
0.0678,0,0
0.0682,0,0
0.0686,0.00572491,0.00573469
0.069,0,0
0.0694,0,0
0.0698,0,0
0.0702,0,0
0.0706,0,0
0.071,0,0
0.0714,0,0
0.0718,0.00546643,0.00547536
0.0722,0,0
0.0726,0,0
0.073,0,0
0.0734,0,0
0.0738,0,0
0.0742,0,0
0.0746,0,0
0.075,0,0
0.0754,0,0
0.0758,0,0
0.0762,0,0
0.0766,0,0
0.077,0,0
0.0774,0,0
0.0778,0.00601805,0.00602886
0.0782,0,0
0.0786,0,0
0.079,0,0
0.0794,0,0
0.0798,0,0
0.0802,0.00399365,0.00494348
0.0806,0,0
0.081,0,0
0.0814,0,0
0.0818,0,0
0.0822,0.00601333,0.00602413
0.0826,0,0
0.083,0,0
0.0834,0,0
0.0838,0.00439986,0.00481131
0.0842,0,0
0.0846,0,0
0.085,0,0
0.0854,0,0
0.0858,0,0
0.0862,0,0
0.0866,0,0
0.087,0.00578709,0.00579709
0.0874,0,0
0.0878,0,0
0.0882,0,0
0.0886,0,0
0.089,0,0
0.0894,0,0
0.0898,0,0
0.0902,0,0
0.0906,0,0
0.091,0,0
0.0914,0,0
0.0918,0,0
0.0922,0,0
0.0926,0,0
0.093,0,0
0.0934,0.00582463,0.00583476
0.0938,0,0
0.0942,0,0
0.0946,0,0
0.095,0,0
0.0954,0,0
0.0958,0,0
0.0962,0,0
0.0966,0,0
0.097,0,0
0.0974,0,0
0.0978,0.00391745,0.00499946
0.0982,0.00646576,0.00647823
0.0986,0,0
0.099,0,0
0.0994,0.00597765,0.00598831
0.0998,0,0
0.1002,0,0
0.1006,0.00653093,0.00654365
0.101,0.00654953,0.00656232
0.1014,0,0
0.1018,0,0
0.1022,0,0
0.1026,0,0
0.103,0,0
0.1034,0,0
0.1038,0,0
0.1042,0,0
0.1046,0,0
0.105,0,0
0.1054,0,0
0.1058,0.00652259,0.00653527
0.1062,0,0
0.1066,0,0
0.107,0,0
0.1074,0,0
0.1078,0,0
0.1082,0,0
0.1086,0,0
0.109,0,0
0.1094,0,0
0.1098,0,0
0.1102,0,0
0.1106,0,0
0.111,0,0
0.1114,0.00831752,0.00833811
0.1118,0,0
0.1122,0,0
0.1126,0,0
0.113,0,0
0.1134,0,0
0.1138,0,0
0.1142,0,0
0.1146,0,0
0.115,0,0
0.1154,0,0
0.1158,0,0
0.1162,0,0
0.1166,0,0
0.117,0,0
0.1174,0.00942407,0.00945047
0.1178,0,0
0.1182,0,0
0.1186,0,0
0.119,0.00894304,0.00896681
0.1194,0.00940916,0.00943547
0.1198,0,0
5
-0.1198,0,0
-0.1194,0,0
-0.119,0,0
-0.1186,0,0
-0.1182,0,0
-0.1178,0,0
-0.1174,0,0
-0.117,0,0
-0.1166,0,0
-0.1162,0,0
-0.1158,0,0
-0.1154,0,0
-0.115,0,0
-0.1146,0,0
-0.1142,0,0
-0.1138,0,0
-0.1134,0,0
-0.113,0,0
-0.1126,0,0
-0.1122,0,0
-0.1118,0,0
-0.1114,0,0
-0.111,0.00683615,0.00685028
-0.1106,0,0
-0.1102,0,0
-0.1098,0,0
-0.1094,0,0
-0.109,0,0
-0.1086,0,0
-0.1082,0,0
-0.1078,0,0
-0.1074,0,0
-0.107,0,0
-0.1066,0,0
-0.1062,0,0
-0.1058,0.00469451,0.00546084
-0.1054,0,0
-0.105,0,0
-0.1046,0,0
-0.1042,0,0
-0.1038,0,0
-0.1034,0,0
-0.103,0,0
-0.1026,0,0
-0.1022,0,0
-0.1018,0,0
-0.1014,0.00516799,0.00589847
-0.101,0,0
-0.1006,0,0
-0.1002,0,0
-0.0998,0,0
-0.0994,0,0
-0.099,0,0
-0.0986,0,0
-0.0982,0,0
-0.0978,0.00551834,0.00601565
-0.0974,0,0
-0.097,0,0
-0.0966,0,0
-0.0962,0,0
-0.0958,0,0
-0.0954,0,0
-0.095,0,0
-0.0946,0,0
-0.0942,0,0
-0.0938,0,0
-0.0934,0,0
-0.093,0,0
-0.0926,0,0
-0.0922,0,0
-0.0918,0,0
-0.0914,0,0
-0.091,0,0
-0.0906,0,0
-0.0902,0,0
-0.0898,0,0
-0.0894,0,0
-0.089,0.00614912,0.00616038
-0.0886,0,0
-0.0882,0,0
-0.0878,0,0
-0.0874,0.0036792,0.00494493
-0.087,0,0
-0.0866,0,0
-0.0862,0,0
-0.0858,0.00656352,0.00657632
-0.0854,0,0
-0.085,0,0
-0.0846,0.00608717,0.00609818
-0.0842,0,0
-0.0838,0.00602075,0.00603151
-0.0834,0,0
-0.083,0,0
-0.0826,0,0
-0.0822,0,0
-0.0818,0,0
-0.0814,0,0
-0.081,0,0
-0.0806,0,0
-0.0802,0,0
-0.0798,0,0
-0.0794,0,0
-0.079,0.00420239,0.00507291
-0.0786,0,0
-0.0782,0,0
-0.0778,0,0
-0.0774,0.00595497,0.00596546
-0.077,0,0
-0.0766,0,0
-0.0762,0,0
-0.0758,0,0
-0.0754,0,0
-0.075,0,0
-0.0746,0,0
-0.0742,0,0
-0.0738,0,0
-0.0734,0,0
-0.073,0,0
-0.0726,0,0
-0.0722,0,0
-0.0718,0,0
-0.0714,0.00609796,0.00610892
-0.071,0,0
-0.0706,0,0
-0.0702,0,0
-0.0698,0,0
-0.0694,0.00293042,0.00429959
-0.069,0,0
-0.0686,0,0
-0.0682,0.00592656,0.0059369
-0.0678,0,0
-0.0674,0,0
-0.067,0,0
-0.0666,0,0
-0.0662,0,0
-0.0658,0,0
-0.0654,0.00633065,0.00634244
-0.065,0,0
-0.0646,0.00673801,0.00675135
-0.0642,0,0
-0.0638,0,0
-0.0634,0,0
-0.063,0,0
-0.0626,0,0
-0.0622,0,0
-0.0618,0,0
-0.0614,0,0
-0.061,0,0
-0.0606,0.000410575,0.00166196
-0.0602,0,0
-0.0598,0,0
-0.0594,0,0
-0.059,0.00624703,0.00625847
-0.0586,0,0
-0.0582,0,0
-0.0578,0,0
-0.0574,0,0
-0.057,0,0
-0.0566,0,0
-0.0562,0,0
-0.0558,0,0
-0.0554,0,0
-0.055,0,0
-0.0546,0,0
-0.0542,0,0
-0.0538,0,0
-0.0534,0,0
-0.053,0,0
-0.0526,0.00691912,0.00693311
-0.0522,0,0
-0.0518,0.006553,0.00656555
-0.0514,0,0
-0.051,0,0
-0.0506,0,0
-0.0502,0,0
-0.0498,0,0
-0.0494,0,0
-0.049,0,0
-0.0486,0,0
-0.0482,0,0
-0.0478,0,0
-0.0474,0,0
-0.047,0,0
-0.0466,0,0
-0.0462,0,0
-0.0458,0,0
-0.0454,0,0
-0.045,0,0
-0.0446,0,0
-0.0442,0,0
-0.0438,0.00622337,0.00623466
-0.0434,0,0
-0.043,0,0
-0.0426,0,0
-0.0422,0,0
-0.0418,0,0
-0.0414,0,0
-0.041,0.00639001,0.0064019
-0.0406,0.0063996,0.00641152
-0.0402,0,0
-0.0398,0,0
-0.0394,0,0
-0.039,0,0
-0.0386,0,0
-0.0382,0.0071476,0.00716246
-0.0378,0,0
-0.0374,0,0
-0.037,0,0
-0.0366,0,0
-0.0362,0,0
-0.0358,0,0
-0.0354,0.00653762,0.00655004
-0.035,0,0
-0.0346,0,0
-0.0342,0,0
-0.0338,0,0
-0.0334,0,0
-0.033,0,0
-0.0326,0,0
-0.0322,0,0
-0.0318,0,0
-0.0314,0,0
-0.031,0.00106993,0.00261803
-0.0306,0,0
-0.0302,0,0
-0.0298,0,0
-0.0294,0,0
-0.029,0,0
-0.0286,0,0
-0.0282,0,0
-0.0278,0,0
-0.0274,0,0
-0.027,0,0
-0.0266,0,0
-0.0262,0,0
-0.0258,0,0
-0.0254,0,0
-0.025,0,0
-0.0246,0.00569358,0.00600394
-0.0242,0.0063967,0.00640856
-0.0238,0.00667536,0.00668828
-0.0234,0,0
-0.023,0,0
-0.0226,0.012716,0.00900815
-0.0222,0,0
-0.0218,0,0
-0.0214,0,0
-0.021,0.0061946,0.00620571
-0.0206,0,0
-0.0202,0,0
-0.0198,0,0
-0.0194,0,0
-0.019,0.00624615,0.00625744
-0.0186,0.00665687,0.00666969
-0.0182,0,0
-0.0178,0,0
-0.0174,0,0
-0.017,0,0
-0.0166,0,0
-0.0162,0.0133382,0.00944977
-0.0158,0,0
-0.0154,0,0
-0.015,0.00571918,0.00572864
-0.0146,0,0
-0.0142,0,0
-0.0138,0,0
-0.0134,0,0
-0.013,0,0
-0.0126,0,0
-0.0122,0,0
-0.0118,0,0
-0.0114,0,0
-0.011,0.00628318,0.00629459
-0.0106,0,0
-0.0102,0.00707677,0.00709124
-0.0098,0,0
-0.0094,0.0060807,0.00609139
-0.009,0.00631422,0.00632574
-0.0086,0,0
-0.0082,0.00686772,0.00688134
-0.0078,0.00624587,0.00625713
-0.0074,0.0129366,0.00916469
-0.007,0,0
-0.0066,0.00661415,0.00662678
-0.0062,0.0126643,0.00897137
-0.0058,0,0
-0.0054,0.011819,0.00837156
-0.005,0,0
-0.0046,0.00587406,0.00588402
-0.0042,0.0182743,0.0105707
-0.0038,0.0300234,0.0134523
-0.0034,0.00640059,0.00631651
-0.003,0.0382158,0.0156304
-0.0026,0.0470014,0.0168717
-0.0022,0.175804,0.0333026
-0.0018,0.284084,0.0434995
-0.0014,0.38612,0.0487613
-0.001,0.685988,0.0656285
-0.0006,0.729028,0.0693991
-0.0002,0.879192,0.0755924
0.0002,0.673365,0.0620174
0.0006,0.445768,0.0525708
0.001,0.347472,0.0463958
0.0014,0.271562,0.0420375
0.0018,0.14256,0.0291022
0.0022,0.147302,0.0314673
0.0026,0.0640756,0.0203192
0.003,0.0309897,0.0138844
0.0034,0.00245713,0.00386987
0.0038,0.0179738,0.0104051
0.0042,0.00596059,0.00597084
0.0046,0.0240578,0.01205
0.005,0,0
0.0054,0.00607281,0.00608345
0.0058,0,0
0.0062,0,0
0.0066,0.0055165,0.00552528
0.007,0.0129341,0.00916382
0.0074,0,0
0.0078,0,0
0.0082,0.00619479,0.00620586
0.0086,0,0
0.009,0,0
0.0094,0,0
0.0098,0,0
0.0102,0,0
0.0106,0.00665613,0.00666891
0.011,0,0
0.0114,0,0
0.0118,0,0
0.0122,0,0
0.0126,0.00684064,0.00685414
0.013,0,0
0.0134,0.00619757,0.00620865
0.0138,0,0
0.0142,0,0
0.0146,0,0
0.015,0,0
0.0154,0,0
0.0158,0.00603085,0.00604135
0.0162,0.0124542,0.00882592
0.0166,0.00672688,0.00673994
0.017,0,0
0.0174,0,0
0.0178,0,0
0.0182,0.00601145,0.00602188
0.0186,0,0
0.019,0,0
0.0194,0.0062574,0.00647748
0.0198,0,0
0.0202,0,0
0.0206,0,0
0.021,0,0
0.0214,0,0
0.0218,0,0
0.0222,0.00591302,0.00592311
0.0226,0,0
0.023,0,0
0.0234,0,0
0.0238,0,0
0.0242,0.013623,0.00965186
0.0246,0,0
0.025,0,0
0.0254,0,0
0.0258,0,0
0.0262,0,0
0.0266,0,0
0.027,0,0
0.0274,0,0
0.0278,0,0
0.0282,0,0
0.0286,0,0
0.029,0,0
0.0294,0,0
0.0298,0,0
0.0302,0,0
0.0306,0,0
0.031,0,0
0.0314,0,0
0.0318,0,0
0.0322,0,0
0.0326,0,0
0.033,0,0
0.0334,0,0
0.0338,0,0
0.0342,0,0
0.0346,0,0
0.035,0,0
0.0354,0,0
0.0358,0,0
0.0362,0,0
0.0366,0,0
0.037,0,0
0.0374,0,0
0.0378,0.00635716,0.0063688
0.0382,0,0
0.0386,0,0
0.039,0,0
0.0394,0,0
0.0398,0,0
0.0402,0.00617007,0.00618104
0.0406,0,0
0.041,0,0
0.0414,0.00643904,0.00645099
0.0418,0,0
0.0422,0,0
0.0426,0,0
0.043,0,0
0.0434,0,0
0.0438,0,0
0.0442,0,0
0.0446,0,0
0.045,0,0
0.0454,0.00592527,0.00593538
0.0458,0,0
0.0462,0,0
0.0466,0,0
0.047,0,0
0.0474,0,0
0.0478,0.00652099,0.00653323
0.0482,0,0
0.0486,0,0
0.049,0.0125112,0.00886267
0.0494,0,0
0.0498,0,0
0.0502,0,0
0.0506,0,0
0.051,0,0
0.0514,0,0
0.0518,0,0
0.0522,0,0
0.0526,0,0
0.053,0,0
0.0534,0,0
0.0538,0,0
0.0542,0,0
0.0546,0,0
0.055,0,0
0.0554,0,0
0.0558,0,0
0.0562,0,0
0.0566,0.00613747,0.00614829
0.057,0,0
0.0574,0,0
0.0578,0,0
0.0582,0,0
0.0586,0,0
0.059,0,0
0.0594,0,0
0.0598,0,0
0.0602,0,0
0.0606,0,0
0.061,0,0
0.0614,0,0
0.0618,0,0
0.0622,0,0
0.0626,0,0
0.063,0,0
0.0634,0,0
0.0638,0,0
0.0642,0,0
0.0646,0,0
0.065,0,0
0.0654,0,0
0.0658,0,0
0.0662,0,0
0.0666,0,0
0.067,0,0
0.0674,0,0
0.0678,0,0
0.0682,0,0
0.0686,0,0
0.069,0,0
0.0694,0,0
0.0698,0,0
0.0702,0,0
0.0706,0,0
0.071,0,0
0.0714,0,0
0.0718,0,0
0.0722,0,0
0.0726,0,0
0.073,0,0
0.0734,0,0
0.0738,0,0
0.0742,0,0
0.0746,0,0
0.075,0,0
0.0754,0,0
0.0758,0,0
0.0762,0,0
0.0766,0,0
0.077,0,0
0.0774,0,0
0.0778,0.00628881,0.00630011
0.0782,0,0
0.0786,0,0
0.079,0,0
0.0794,0,0
0.0798,0,0
0.0802,0,0
0.0806,0.00628753,0.00629881
0.081,0,0
0.0814,0,0
0.0818,0,0
0.0822,0,0
0.0826,0.0066626,0.00667526
0.083,0,0
0.0834,0,0
0.0838,0,0
0.0842,0,0
0.0846,0,0
0.085,0,0
0.0854,0,0
0.0858,0,0
0.0862,0,0
0.0866,0,0
0.087,0,0
0.0874,0.00630431,0.00631562
0.0878,0,0
0.0882,0,0
0.0886,0,0
0.089,0,0
0.0894,0,0
0.0898,0,0
0.0902,0,0
0.0906,0,0
0.091,0,0
0.0914,0,0
0.0918,0,0
0.0922,0,0
0.0926,0,0
0.093,0,0
0.0934,0,0
0.0938,0,0
0.0942,0.00596466,0.00597477
0.0946,0,0
0.095,0,0
0.0954,0,0
0.0958,0,0
0.0962,0,0
0.0966,0,0
0.097,0,0
0.0974,0,0
0.0978,0.0068041,0.00681723
0.0982,0.013666,0.00979991
0.0986,0,0
0.099,0,0
0.0994,0,0
0.0998,0,0
0.1002,0,0
0.1006,0,0
0.101,0,0
0.1014,0,0
0.1018,0,0
0.1022,0.00800824,0.00802637
0.1026,0,0
0.103,0,0
0.1034,0,0
0.1038,0,0
0.1042,0,0
0.1046,0.00766832,0.00768493
0.105,0,0
0.1054,0,0
0.1058,0,0
0.1062,0,0
0.1066,0,0
0.107,0,0
0.1074,0,0
0.1078,0,0
0.1082,0,0
0.1086,0,0
0.109,0,0
0.1094,0,0
0.1098,0,0
0.1102,0,0
0.1106,0,0
0.111,0,0
0.1114,0,0
0.1118,0,0
0.1122,0,0
0.1126,0,0
0.113,0,0
0.1134,0,0
0.1138,0,0
0.1142,0,0
0.1146,0,0
0.115,0,0
0.1154,0,0
0.1158,0,0
0.1162,0,0
0.1166,0,0
0.117,0,0
0.1174,0,0
0.1178,0,0
0.1182,0,0
0.1186,0,0
0.119,0,0
0.1194,0,0
0.1198,0,0
6
-0.1198,0,0
-0.1194,0,0
-0.119,0.00556571,0.00557629
-0.1186,0,0
-0.1182,0,0
-0.1178,0,0
-0.1174,0,0
-0.117,0,0
-0.1166,0,0
-0.1162,0,0
-0.1158,0,0
-0.1154,0,0
-0.115,0,0
-0.1146,0,0
-0.1142,0,0
-0.1138,0,0
-0.1134,0,0
-0.113,0,0
-0.1126,0,0
-0.1122,0.00554878,0.00555923
-0.1118,0,0
-0.1114,0,0
-0.111,0,0
-0.1106,0,0
-0.1102,0,0
-0.1098,0,0
-0.1094,0,0
-0.109,0,0
-0.1086,0,0
-0.1082,0,0
-0.1078,0,0
-0.1074,0,0
-0.107,0,0
-0.1066,0,0
-0.1062,0,0
-0.1058,0,0
-0.1054,0,0
-0.105,0,0
-0.1046,0,0
-0.1042,0,0
-0.1038,0,0
-0.1034,0,0
-0.103,0,0
-0.1026,0,0
-0.1022,0,0
-0.1018,0,0
-0.1014,0,0
-0.101,0,0
-0.1006,0,0
-0.1002,0,0
-0.0998,0,0
-0.0994,0,0
-0.099,0,0
-0.0986,0,0
-0.0982,0,0
-0.0978,0.000904701,0.00230087
-0.0974,0,0
-0.097,0,0
-0.0966,0,0
-0.0962,0,0
-0.0958,0,0
-0.0954,0,0
-0.095,0,0
-0.0946,0,0
-0.0942,0,0
-0.0938,0,0
-0.0934,0,0
-0.093,0,0
-0.0926,0,0
-0.0922,0,0
-0.0918,0,0
-0.0914,0,0
-0.091,0.000166476,0.000990194
-0.0906,0,0
-0.0902,0,0
-0.0898,0,0
-0.0894,0,0
-0.089,0,0
-0.0886,0,0
-0.0882,0,0
-0.0878,0,0
-0.0874,0.0026209,0.00394004
-0.087,0.0138277,0.00980026
-0.0866,0,0
-0.0862,0,0
-0.0858,0,0
-0.0854,0,0
-0.085,0,0
-0.0846,0.00539957,0.00540934
-0.0842,0,0
-0.0838,0,0
-0.0834,0,0
-0.083,0,0
-0.0826,0,0
-0.0822,0,0
-0.0818,0,0
-0.0814,0,0
-0.081,0,0
-0.0806,0,0
-0.0802,0,0
-0.0798,0,0
-0.0794,0,0
-0.079,0,0
-0.0786,0,0
-0.0782,0,0
-0.0778,0,0
-0.0774,0.00522257,0.00523176
-0.077,0,0
-0.0766,0,0
-0.0762,0,0
-0.0758,0,0
-0.0754,0,0
-0.075,0,0
-0.0746,0,0
-0.0742,0,0
-0.0738,0,0
-0.0734,0,0
-0.073,0,0
-0.0726,0,0
-0.0722,0,0
-0.0718,0.00564896,0.00565978
-0.0714,0,0
-0.071,0,0
-0.0706,0,0
-0.0702,0,0
-0.0698,0,0
-0.0694,0.00290771,0.00398733
-0.069,0,0
-0.0686,0,0
-0.0682,0,0
-0.0678,0,0
-0.0674,0,0
-0.067,0,0
-0.0666,0,0
-0.0662,0,0
-0.0658,0,0
-0.0654,0,0
-0.065,0,0
-0.0646,0,0
-0.0642,0,0
-0.0638,0,0
-0.0634,0.0054392,0.00544931
-0.063,0,0
-0.0626,0,0
-0.0622,0,0
-0.0618,0,0
-0.0614,0,0
-0.061,0,0
-0.0606,0,0
-0.0602,0,0
-0.0598,0,0
-0.0594,0,0
-0.059,0,0
-0.0586,0,0
-0.0582,0,0
-0.0578,0,0
-0.0574,0,0
-0.057,0,0
-0.0566,0,0
-0.0562,0,0
-0.0558,0.00492928,0.00493763
-0.0554,0,0
-0.055,0,0
-0.0546,0,0
-0.0542,0,0
-0.0538,0,0
-0.0534,0.00522925,0.00523867
-0.053,0,0
-0.0526,0.00560217,0.00561298
-0.0522,0,0
-0.0518,0,0
-0.0514,0.00533995,0.00534978
-0.051,0.00521711,0.0052265
-0.0506,0,0
-0.0502,0,0
-0.0498,0,0
-0.0494,0,0
-0.049,0,0
-0.0486,0,0
-0.0482,0.00564453,0.00565554
-0.0478,0,0
-0.0474,0.00518863,0.00519795
-0.047,0,0
-0.0466,0.00522318,0.00523262
-0.0462,0,0
-0.0458,0.00533045,0.00534029
-0.0454,0,0
-0.045,0,0
-0.0446,0,0
-0.0442,0,0
-0.0438,0,0
-0.0434,0.0054188,0.00542899
-0.043,0,0
-0.0426,0,0
-0.0422,0.0101803,0.00721126
-0.0418,0,0
-0.0414,0,0
-0.041,0,0
-0.0406,0.00525868,0.00526829
-0.0402,0,0
-0.0398,0,0
-0.0394,0,0
-0.039,0,0
-0.0386,0.00585845,0.00587039
-0.0382,0.00597349,0.00598591
-0.0378,0,0
-0.0374,0,0
-0.037,0,0
-0.0366,0,0
-0.0362,0,0
-0.0358,0,0
-0.0354,0,0
-0.035,0.00534581,0.00535578
-0.0346,0,0
-0.0342,0,0
-0.0338,0,0
-0.0334,0,0
-0.033,0.00541289,0.00542312
-0.0326,0,0
-0.0322,0,0
-0.0318,0,0
-0.0314,0,0
-0.031,0.00441243,0.00484535
-0.0306,0,0
-0.0302,0,0
-0.0298,0.011028,0.00781302
-0.0294,0,0
-0.029,0,0
-0.0286,0,0
-0.0282,0.00569567,0.00570702
-0.0278,0,0
-0.0274,0,0
-0.027,0,0
-0.0266,0,0
-0.0262,0,0
-0.0258,0,0
-0.0254,0,0
-0.025,0,0
-0.0246,0,0
-0.0242,0,0
-0.0238,0,0
-0.0234,0,0
-0.023,0,0
-0.0226,0,0
-0.0222,0,0
-0.0218,0,0
-0.0214,0,0
-0.021,0,0
-0.0206,0,0
-0.0202,0,0
-0.0198,0,0
-0.0194,0.00987791,0.00699688
-0.019,0.0051444,0.0051537
-0.0186,0,0
-0.0182,0,0
-0.0178,0.00499088,0.00499964
-0.0174,0,0
-0.017,0,0
-0.0166,0,0
-0.0162,0.0058982,0.00591044
-0.0158,0,0
-0.0154,0,0
-0.015,0,0
-0.0146,0,0
-0.0142,0,0
-0.0138,0,0
-0.0134,0,0
-0.013,0,0
-0.0126,0,0
-0.0122,0,0
-0.0118,0,0
-0.0114,0,0
-0.011,0,0
-0.0106,0,0
-0.0102,0,0
-0.0098,0,0
-0.0094,0,0
-0.009,0,0
-0.0086,0.00534099,0.00535105
-0.0082,0,0
-0.0078,0,0
-0.0074,0.00500975,0.00501861
-0.007,0,0
-0.0066,0,0
-0.0062,0,0
-0.0058,0.0099346,0.00704014
-0.0054,0,0
-0.005,0.0048011,0.00480924
-0.0046,0.00514467,0.00515401
-0.0042,0.0199658,0.0100017
-0.0038,0,0
-0.0034,0.0199405,0.0100278
-0.003,0.0152775,0.0088405
-0.0026,0.0392704,0.0139096
-0.0022,0.110121,0.0241021
-0.0018,0.120218,0.0256373
-0.0014,0.200878,0.0318346
-0.001,0.292234,0.0387989
-0.0006,0.316612,0.0412903
-0.0002,0.336016,0.0418269
0.0002,0.286815,0.0364951
0.0006,0.306814,0.0391582
0.001,0.256611,0.036029
0.0014,0.126769,0.0259605
0.0018,0.0800029,0.0200894
0.0022,0.114684,0.0250754
0.0026,0.0304741,0.0124703
0.003,0.0353865,0.0133994
0.0034,0.0199633,0.01
0.0038,0.00519118,0.0052007
0.0042,0.0192081,0.00962125
0.0046,0.00978949,0.00693433
0.005,0.0189338,0.0095017
0.0054,0.00495823,0.00496691
0.0058,0.0249545,0.01118
0.0062,0,0
0.0066,0.00450568,0.00451285
0.007,0.00523522,0.0052443
0.0074,0.0104697,0.00741687
0.0078,0,0
0.0082,0,0
0.0086,0.0156649,0.00906434
0.009,0,0
0.0094,0,0
0.0098,0,0
0.0102,0,0
0.0106,0,0
0.011,0,0
0.0114,0.00529173,0.00530159
0.0118,0,0
0.0122,0,0
0.0126,0,0
0.013,0,0
0.0134,0,0
0.0138,0,0
0.0142,0.0049337,0.00494226
0.0146,0,0
0.015,0.00491992,0.00492842
0.0154,0,0
0.0158,0,0
0.0162,0,0
0.0166,0,0
0.017,0,0
0.0174,0,0
0.0178,0,0
0.0182,0,0
0.0186,0,0
0.019,0,0
0.0194,0.00034886,0.00139038
0.0198,0,0
0.0202,0,0
0.0206,0,0
0.021,0,0
0.0214,0.00525669,0.00539376
0.0218,0,0
0.0222,0.0049095,0.00491788
0.0226,0,0
0.023,0,0
0.0234,0,0
0.0238,0,0
0.0242,0,0
0.0246,0,0
0.025,0,0
0.0254,0,0
0.0258,0.0105042,0.0074411
0.0262,0,0
0.0266,0.00526082,0.00527036
0.027,0,0
0.0274,0,0
0.0278,0,0
0.0282,0,0
0.0286,0,0
0.029,0,0
0.0294,0,0
0.0298,0,0
0.0302,0,0
0.0306,0,0
0.031,0,0
0.0314,0,0
0.0318,0,0
0.0322,0.00488744,0.00489561
0.0326,0.00546907,0.00547929
0.033,0,0
0.0334,0,0
0.0338,0,0
0.0342,0,0
0.0346,0,0
0.035,0,0
0.0354,0,0
0.0358,0.00543967,0.00544972
0.0362,0,0
0.0366,0.00526929,0.00527871
0.037,0,0
0.0374,0,0
0.0378,0.00541174,0.00542165
0.0382,0,0
0.0386,0,0
0.039,0,0
0.0394,0,0
0.0398,0,0
0.0402,0.00519593,0.00520503
0.0406,0,0
0.041,0,0
0.0414,0,0
0.0418,0,0
0.0422,0,0
0.0426,0,0
0.043,0,0
0.0434,0,0
0.0438,0,0
0.0442,0,0
0.0446,0,0
0.045,0,0
0.0454,0,0
0.0458,0,0
0.0462,0,0
0.0466,0,0
0.047,0,0
0.0474,0,0
0.0478,0,0
0.0482,0,0
0.0486,0.00515421,0.00516305
0.049,0,0
0.0494,0.00556793,0.00557823
0.0498,0,0
0.0502,0.00554417,0.00555437
0.0506,0,0
0.051,0,0
0.0514,0,0
0.0518,0.0056278,0.00563828
0.0522,0.00315581,0.00413667
0.0526,0,0
0.053,0,0
0.0534,0,0
0.0538,0,0
0.0542,0,0
0.0546,0.0053474,0.00535682
0.055,0,0
0.0554,0,0
0.0558,0,0
0.0562,0,0
0.0566,0,0
0.057,0,0
0.0574,0,0
0.0578,0,0
0.0582,0,0
0.0586,0,0
0.059,0,0
0.0594,0,0
0.0598,0,0
0.0602,0.00563209,0.00564245
0.0606,0,0
0.061,0,0
0.0614,0,0
0.0618,0,0
0.0622,0,0
0.0626,0,0
0.063,0,0
0.0634,0,0
0.0638,0,0
0.0642,0,0
0.0646,0,0
0.065,0,0
0.0654,0,0
0.0658,0,0
0.0662,0,0
0.0666,0,0
0.067,0,0
0.0674,0,0
0.0678,0,0
0.0682,0,0
0.0686,0.010712,0.00758809
0.069,0,0
0.0694,0,0
0.0698,0,0
0.0702,0,0
0.0706,0,0
0.071,0,0
0.0714,0,0
0.0718,0,0
0.0722,0,0
0.0726,0,0
0.073,0,0
0.0734,0,0
0.0738,0,0
0.0742,0,0
0.0746,0,0
0.075,0,0
0.0754,0,0
0.0758,0,0
0.0762,0,0
0.0766,0,0
0.077,0,0
0.0774,0,0
0.0778,0,0
0.0782,0.00577801,0.00578862
0.0786,0,0
0.079,0,0
0.0794,0,0
0.0798,0,0
0.0802,0,0
0.0806,0,0
0.081,0.00566694,0.0056771
0.0814,0,0
0.0818,0,0
0.0822,0,0
0.0826,0.00187264,0.00339509
0.083,0,0
0.0834,0.00503091,0.0050389
0.0838,0,0
0.0842,0.00548969,0.00549919
0.0846,0,0
0.085,0,0
0.0854,0,0
0.0858,0,0
0.0862,0,0
0.0866,0,0
0.087,0,0
0.0874,0,0
0.0878,0,0
0.0882,0,0
0.0886,0.00550456,0.00551405
0.089,0,0
0.0894,0,0
0.0898,0,0
0.0902,0,0
0.0906,0,0
0.091,0,0
0.0914,0,0
0.0918,0,0
0.0922,0.00580755,0.00581806
0.0926,0,0
0.093,0,0
0.0934,0,0
0.0938,0,0
0.0942,0,0
0.0946,0,0
0.095,0,0
0.0954,0.00563663,0.00564649
0.0958,0,0
0.0962,0,0
0.0966,0,0
0.097,0,0
0.0974,0,0
0.0978,0,0
0.0982,0.000305647,0.00140324
0.0986,0,0
0.099,0,0
0.0994,0,0
0.0998,0,0
0.1002,0,0
0.1006,0,0
0.101,0,0
0.1014,0,0
0.1018,0,0
0.1022,0,0
0.1026,0,0
0.103,0,0
0.1034,0,0
0.1038,0,0
0.1042,0,0
0.1046,0,0
0.105,0.00726754,0.00728374
0.1054,0,0
0.1058,0,0
0.1062,0,0
0.1066,0,0
0.107,0,0
0.1074,0,0
0.1078,0,0
0.1082,0,0
0.1086,0,0
0.109,0,0
0.1094,0,0
0.1098,0,0
0.1102,0,0
0.1106,0,0
0.111,0,0
0.1114,0.00808794,0.00810796
0.1118,0,0
0.1122,0,0
0.1126,0,0
0.113,0,0
0.1134,0,0
0.1138,0,0
0.1142,0,0
0.1146,0,0
0.115,0,0
0.1154,0,0
0.1158,0,0
0.1162,0,0
0.1166,0,0
0.117,0,0
0.1174,0,0
0.1178,0,0
0.1182,0,0
0.1186,0,0
0.119,0,0
0.1194,0,0
0.1198,0,0
7
-0.1198,0,0
-0.1194,0,0
-0.119,0,0
-0.1186,0,0
-0.1182,0,0
-0.1178,0,0
-0.1174,0,0
-0.117,0,0
-0.1166,0,0
-0.1162,0,0
-0.1158,0,0
-0.1154,0,0
-0.115,0,0
-0.1146,0.0057451,0.00575655
-0.1142,0,0
-0.1138,0,0
-0.1134,0,0
-0.113,0,0
-0.1126,0,0
-0.1122,0,0
-0.1118,0,0
-0.1114,0.00514701,0.00515622
-0.111,0,0
-0.1106,0,0
-0.1102,0,0
-0.1098,0,0
-0.1094,0,0
-0.109,0,0
-0.1086,0,0
-0.1082,0,0
-0.1078,0.0051571,0.00516637
-0.1074,0,0
-0.107,0,0
-0.1066,0,0
-0.1062,0,0
-0.1058,0,0
-0.1054,0,0
-0.105,0,0
-0.1046,0,0
-0.1042,0,0
-0.1038,0,0
-0.1034,0,0
-0.103,0.00513393,0.00514316
-0.1026,0,0
-0.1022,0,0
-0.1018,0,0
-0.1014,0,0
-0.101,0,0
-0.1006,0,0
-0.1002,0,0
-0.0998,0,0
-0.0994,0,0
-0.099,0,0
-0.0986,0,0
-0.0982,0,0
-0.0978,0,0
-0.0974,0,0
-0.097,0,0
-0.0966,0,0
-0.0962,0,0
-0.0958,0.00524144,0.00525112
-0.0954,0,0
-0.095,0.00536788,0.00537804
-0.0946,0,0
-0.0942,0,0
-0.0938,0,0
-0.0934,0,0
-0.093,0,0
-0.0926,0,0
-0.0922,0,0
-0.0918,0,0
-0.0914,0,0
-0.091,0.00536814,0.00545662
-0.0906,0,0
-0.0902,0,0
-0.0898,0,0
-0.0894,0,0
-0.089,0,0
-0.0886,0,0
-0.0882,0,0
-0.0878,0.00526574,0.00527558
-0.0874,0,0
-0.087,0,0
-0.0866,0,0
-0.0862,0,0
-0.0858,0,0
-0.0854,0,0
-0.085,0,0
-0.0846,0,0
-0.0842,0,0
-0.0838,0.010099,0.00715383
-0.0834,0.00501365,0.00502255
-0.083,0,0
-0.0826,0,0
-0.0822,0,0
-0.0818,0,0
-0.0814,0,0
-0.081,0,0
-0.0806,0,0
-0.0802,0,0
-0.0798,0,0
-0.0794,0,0
-0.079,0,0
-0.0786,0,0
-0.0782,0,0
-0.0778,0,0
-0.0774,0,0
-0.077,0,0
-0.0766,0,0
-0.0762,0,0
-0.0758,0,0
-0.0754,0,0
-0.075,0,0
-0.0746,0,0
-0.0742,0,0
-0.0738,0,0
-0.0734,0,0
-0.073,0,0
-0.0726,0,0
-0.0722,0,0
-0.0718,0,0
-0.0714,0,0
-0.071,0,0
-0.0706,0,0
-0.0702,0,0
-0.0698,0,0
-0.0694,0,0
-0.069,0,0
-0.0686,0,0
-0.0682,0,0
-0.0678,0,0
-0.0674,0,0
-0.067,0,0
-0.0666,0,0
-0.0662,0,0
-0.0658,0,0
-0.0654,0.00962486,0.00681726
-0.065,0,0
-0.0646,0.00567454,0.00568577
-0.0642,0,0
-0.0638,0,0
-0.0634,0,0
-0.063,0,0
-0.0626,0,0
-0.0622,0,0
-0.0618,0,0
-0.0614,0.0053393,0.00534922
-0.061,0,0
-0.0606,0.00396644,0.00465544
-0.0602,0.00566078,0.00567191
-0.0598,0.00510741,0.00511646
-0.0594,0,0
-0.059,0,0
-0.0586,0,0
-0.0582,0,0
-0.0578,0,0
-0.0574,0,0
-0.057,0.00532665,0.00533646
-0.0566,0,0
-0.0562,0,0
-0.0558,0,0
-0.0554,0.00582132,0.00583302
-0.055,0,0
-0.0546,0,0
-0.0542,0,0
-0.0538,0,0
-0.0534,0,0
-0.053,0,0
-0.0526,0.00588186,0.00589376
-0.0522,0,0
-0.0518,0,0
-0.0514,0,0
-0.051,0,0
-0.0506,0.00526609,0.00527561
-0.0502,0,0
-0.0498,0.00530342,0.00531306
-0.0494,0.00579372,0.00580521
-0.049,0.0107384,0.00763147
-0.0486,0.00444943,0.00471746
-0.0482,0,0
-0.0478,0,0
-0.0474,0,0
-0.047,0,0
-0.0466,0,0
-0.0462,0.00556341,0.00557396
-0.0458,0,0
-0.0454,0,0
-0.045,0,0
-0.0446,0,0
-0.0442,0,0
-0.0438,0,0
-0.0434,0,0
-0.043,0,0
-0.0426,0,0
-0.0422,0,0
-0.0418,0,0
-0.0414,0,0
-0.041,0,0
-0.0406,0,0
-0.0402,0,0
-0.0398,0,0
-0.0394,0,0
-0.039,0,0
-0.0386,0.00605542,0.00606776
-0.0382,0,0
-0.0378,0,0
-0.0374,0,0
-0.037,0,0
-0.0366,0,0
-0.0362,0,0
-0.0358,0,0
-0.0354,0,0
-0.035,0,0
-0.0346,0,0
-0.0342,0.00517512,0.00518407
-0.0338,0.0057617,0.00577278
-0.0334,0.00556141,0.00557173
-0.033,0,0
-0.0326,0,0
-0.0322,0,0
-0.0318,0,0
-0.0314,0.00561092,0.00562139
-0.031,0,0
-0.0306,0,0
-0.0302,0,0
-0.0298,0,0
-0.0294,0.00575818,0.00576916
-0.029,0,0
-0.0286,0,0
-0.0282,0,0
-0.0278,0,0
-0.0274,0,0
-0.027,0,0
-0.0266,0.00156218,0.00305284
-0.0262,0,0
-0.0258,0.00553116,0.00554122
-0.0254,0,0
-0.025,0,0
-0.0246,0.00565004,0.00566051
-0.0242,0.00565444,0.00566492
-0.0238,0.0128071,0.00907498
-0.0234,0,0
-0.023,0,0
-0.0226,0,0
-0.0222,0,0
-0.0218,0,0
-0.0214,0,0
-0.021,0,0
-0.0206,0,0
-0.0202,0.011517,0.00816115
-0.0198,0,0
-0.0194,0,0
-0.019,0.00594007,0.00595151
-0.0186,0,0
-0.0182,0,0
-0.0178,0,0
-0.0174,0,0
-0.017,0.00584194,0.00585296
-0.0166,0,0
-0.0162,0,0
-0.0158,0,0
-0.0154,0.00513901,0.00514751
-0.015,0,0
-0.0146,0,0
-0.0142,0,0
-0.0138,0.00577314,0.00578383
-0.0134,0,0
-0.013,0.00595346,0.00596481
-0.0126,0,0
-0.0122,0.00593496,0.00594623
-0.0118,0,0
-0.0114,0.00428602,0.00471568
-0.011,0,0
-0.0106,0,0
-0.0102,0,0
-0.0098,0,0
-0.0094,0.00551831,0.00552801
-0.009,0,0
-0.0086,0,0
-0.0082,0,0
-0.0078,0,0
-0.0074,0.00557186,0.00558171
-0.007,0,0
-0.0066,0.0029975,0.00425855
-0.0062,0.0115461,0.00817923
-0.0058,0.00691758,0.006292
-0.0054,0,0
-0.005,0,0
-0.0046,0.00040858,0.00153586
-0.0042,0.00563291,0.00564293
-0.0038,0.0168096,0.00972413
-0.0034,0.00267636,0.00382981
-0.003,0.0466664,0.0165296
-0.0026,0.0662048,0.0191473
-0.0022,0.0769705,0.0213301
-0.0018,0.150063,0.0302891
-0.0014,0.235541,0.036509
-0.001,0.439361,0.0503831
-0.0006,0.435069,0.051411
-0.0002,0.652115,0.0621363
0.0002,0.482346,0.0504029
0.0006,0.410439,0.0485184
0.001,0.390904,0.0472144
0.0014,0.330293,0.0447846
0.0018,0.214536,0.0345811
0.0022,0.119544,0.0272253
0.0026,0.0783207,0.0216285
0.003,0.0687179,0.019871
0.0034,0.0249693,0.0118615
0.0038,0.0112547,0.0079806
0.0042,0.0326714,0.013362
0.0046,0.027864,0.0124831
0.005,0.00547894,0.00544514
0.0054,0.0241533,0.011628
0.0058,0.00564848,0.0056584
0.0062,0.0166236,0.00962829
0.0066,0.0344827,0.0141449
0.007,0,0
0.0074,0,0
0.0078,0.00589935,0.00591015
0.0082,0,0
0.0086,0,0
0.009,0,0
0.0094,0.00604869,0.00606003
0.0098,0,0
0.0102,0,0
0.0106,0,0
0.011,0,0
0.0114,0,0
0.0118,0.00562259,0.00563237
0.0122,0,0
0.0126,0.00258643,0.00395239
0.013,0.00583371,0.00584423
0.0134,0.00578307,0.00579341
0.0138,0,0
0.0142,0,0
0.0146,0,0
0.015,0,0
0.0154,0,0
0.0158,0,0
0.0162,0,0
0.0166,0,0
0.017,0,0
0.0174,0.00627532,0.00628749
0.0178,0.00623254,0.00624455
0.0182,0,0
0.0186,0,0
0.019,0,0
0.0194,0.00178565,0.00314723
0.0198,0.00600358,0.00601474
0.0202,0,0
0.0206,0,0
0.021,0,0
0.0214,0.000287987,0.00133761
0.0218,0,0
0.0222,0,0
0.0226,0,0
0.023,0,0
0.0234,0,0
0.0238,0,0
0.0242,0,0
0.0246,0.00618747,0.00619936
0.025,0,0
0.0254,0,0
0.0258,0,0
0.0262,0.00598611,0.00599726
0.0266,0,0
0.027,0,0
0.0274,0,0
0.0278,0,0
0.0282,0,0
0.0286,0,0
0.029,0,0
0.0294,0,0
0.0298,0,0
0.0302,0,0
0.0306,0,0
0.031,0,0
0.0314,0,0
0.0318,0,0
0.0322,0,0
0.0326,0,0
0.033,0,0
0.0334,0,0
0.0338,0,0
0.0342,0.00607154,0.00608308
0.0346,0,0
0.035,0,0
0.0354,0,0
0.0358,0.00588986,0.00590075
0.0362,0,0
0.0366,0,0
0.037,0,0
0.0374,0,0
0.0378,0,0
0.0382,0,0
0.0386,0,0
0.039,0,0
0.0394,0,0
0.0398,0,0
0.0402,0,0
0.0406,0,0
0.041,0,0
0.0414,0,0
0.0418,0,0
0.0422,0,0
0.0426,0,0
0.043,0,0
0.0434,0.00537953,0.00538868
0.0438,0,0
0.0442,0,0
0.0446,0,0
0.045,0,0
0.0454,0,0
0.0458,0,0
0.0462,0,0
0.0466,0.00554428,0.00555403
0.047,0.00713585,0.00627137
0.0474,0,0
0.0478,0,0
0.0482,0,0
0.0486,0,0
0.049,0,0
0.0494,0,0
0.0498,0,0
0.0502,0,0
0.0506,0,0
0.051,0,0
0.0514,0.000254209,0.00122059
0.0518,0.00529271,0.00530166
0.0522,0.00232777,0.00361583
0.0526,0,0
0.053,0,0
0.0534,0,0
0.0538,0,0
0.0542,0,0
0.0546,0,0
0.055,0,0
0.0554,0,0
0.0558,0,0
0.0562,0,0
0.0566,0,0
0.057,0.00596792,0.00597936
0.0574,0,0
0.0578,0,0
0.0582,0,0
0.0586,0,0
0.059,0,0
0.0594,0,0
0.0598,0,0
0.0602,0,0
0.0606,0,0
0.061,0,0
0.0614,0,0
0.0618,0.00560588,0.00561604
0.0622,0,0
0.0626,0,0
0.063,0,0
0.0634,0,0
0.0638,0,0
0.0642,0,0
0.0646,0,0
0.065,0,0
0.0654,0,0
0.0658,0,0
0.0662,0,0
0.0666,0,0
0.067,0,0
0.0674,0,0
0.0678,0,0
0.0682,0,0
0.0686,0,0
0.069,0,0
0.0694,0,0
0.0698,0.00535622,0.0053656
0.0702,0.00543661,0.00544627
0.0706,0,0
0.071,0,0
0.0714,0,0
0.0718,0,0
0.0722,0,0
0.0726,0,0
0.073,0,0
0.0734,0,0
0.0738,0,0
0.0742,0.0115238,0.00817427
0.0746,0,0
0.075,0,0
0.0754,0,0
0.0758,0,0
0.0762,0,0
0.0766,0,0
0.077,0,0
0.0774,0,0
0.0778,0,0
0.0782,0,0
0.0786,0.00561181,0.00562219
0.079,0,0
0.0794,0,0
0.0798,0.00547147,0.00548134
0.0802,0,0
0.0806,0.00564886,0.00565939
0.081,0,0
0.0814,0,0
0.0818,0.00580519,0.00581631
0.0822,0,0
0.0826,0.00407162,0.00489489
0.083,0,0
0.0834,0.00480191,0.00480954
0.0838,0,0
0.0842,0,0
0.0846,0,0
0.085,0.00514032,0.00514907
0.0854,0,0
0.0858,0,0
0.0862,0,0
0.0866,0,0
0.087,0,0
0.0874,0,0
0.0878,0,0
0.0882,0,0
0.0886,0,0
0.089,0,0
0.0894,0,0
0.0898,0,0
0.0902,0,0
0.0906,0,0
0.091,0,0
0.0914,0.00595314,0.00596489
0.0918,0,0
0.0922,0,0
0.0926,0,0
0.093,0,0
0.0934,0,0
0.0938,0,0
0.0942,0,0
0.0946,0,0
0.095,0,0
0.0954,0.00526653,0.00527574
0.0958,0,0
0.0962,0,0
0.0966,0,0
0.097,0,0
0.0974,0.00545376,0.00546365
0.0978,0,0
0.0982,0,0
0.0986,0.00367115,0.00469059
0.099,0,0
0.0994,0,0
0.0998,0.0053647,0.00537426
0.1002,0,0
0.1006,0,0
0.101,0,0
0.1014,0,0
0.1018,0,0
0.1022,0,0
0.1026,0,0
0.103,0.00389178,0.00501553
0.1034,0,0
0.1038,0,0
0.1042,0,0
0.1046,0,0
0.105,0,0
0.1054,0,0
0.1058,0,0
0.1062,0,0
0.1066,0,0
0.107,0,0
0.1074,0,0
0.1078,0,0
0.1082,0,0
0.1086,0,0
0.109,0,0
0.1094,0.00702367,0.00703999
0.1098,0,0
0.1102,0,0
0.1106,0,0
0.111,0,0
0.1114,0,0
0.1118,0,0
0.1122,0.00781279,0.00783292
0.1126,0,0
0.113,0,0
0.1134,0.0075318,0.00755048
0.1138,0,0
0.1142,0,0
0.1146,0,0
0.115,0,0
0.1154,0.00902474,0.00905146
0.1158,0,0
0.1162,0,0
0.1166,0,0
0.117,0,0
0.1174,0,0
0.1178,0,0
0.1182,0,0
0.1186,0,0
0.119,0,0
0.1194,0,0
0.1198,0,0
8
-0.1198,0,0
-0.1194,0,0
-0.119,0,0
-0.1186,0,0
-0.1182,0,0
-0.1178,0,0
-0.1174,0,0
-0.117,0,0
-0.1166,0,0
-0.1162,0,0
-0.1158,0,0
-0.1154,0,0
-0.115,0,0
-0.1146,0,0
-0.1142,0,0
-0.1138,0,0
-0.1134,0,0
-0.113,0,0
-0.1126,0,0
-0.1122,0,0
-0.1118,0,0
-0.1114,0.00766072,0.00542677
-0.111,0,0
-0.1106,0,0
-0.1102,0,0
-0.1098,0,0
-0.1094,0,0
-0.109,0,0
-0.1086,0.00377038,0.00377708
-0.1082,0.00841262,0.00596134
-0.1078,0,0
-0.1074,0,0
-0.107,0,0
-0.1066,0.00556262,0.00498818
-0.1062,0,0
-0.1058,0,0
-0.1054,0,0
-0.105,0,0
-0.1046,0.00419691,0.00420517
-0.1042,0,0
-0.1038,0,0
-0.1034,0.00396132,0.00396866
-0.103,0,0
-0.1026,0,0
-0.1022,0,0
-0.1018,0,0
-0.1014,0,0
-0.101,0,0
-0.1006,0,0
-0.1002,0,0
-0.0998,0,0
-0.0994,0,0
-0.099,0,0
-0.0986,0,0
-0.0982,0,0
-0.0978,0,0
-0.0974,0,0
-0.097,0,0
-0.0966,0,0
-0.0962,0,0
-0.0958,0.00366725,0.00367347
-0.0954,0,0
-0.095,0,0
-0.0946,0,0
-0.0942,0,0
-0.0938,0.00398595,0.00399329
-0.0934,0,0
-0.093,0,0
-0.0926,0.0036824,0.00368865
-0.0922,0,0
-0.0918,0,0
-0.0914,0,0
-0.091,0,0
-0.0906,0,0
-0.0902,0,0
-0.0898,0,0
-0.0894,0,0
-0.089,0.00403578,0.00404325
-0.0886,0,0
-0.0882,0,0
-0.0878,0,0
-0.0874,0,0
-0.087,0,0
-0.0866,0,0
-0.0862,0,0
-0.0858,0,0
-0.0854,0,0
-0.085,0,0
-0.0846,0,0
-0.0842,0,0
-0.0838,0,0
-0.0834,0.00389318,0.00390009
-0.083,0.00427539,0.00428371
-0.0826,0.0042653,0.00427358
-0.0822,0,0
-0.0818,0,0
-0.0814,0,0
-0.081,0.00391391,0.00392087
-0.0806,0.00401685,0.00402418
-0.0802,0,0
-0.0798,0,0
-0.0794,0,0
-0.079,0,0
-0.0786,0,0
-0.0782,0,0
-0.0778,0,0
-0.0774,0,0
-0.077,0,0
-0.0766,0,0
-0.0762,0,0
-0.0758,0,0
-0.0754,0.00383093,0.00383756
-0.075,0,0
-0.0746,0,0
-0.0742,0,0
-0.0738,0,0
-0.0734,0,0
-0.073,0,0
-0.0726,0,0
-0.0722,0,0
-0.0718,0,0
-0.0714,0,0
-0.071,0,0
-0.0706,0,0
-0.0702,0,0
-0.0698,0,0
-0.0694,0,0
-0.069,0.00396964,0.00397673
-0.0686,0,0
-0.0682,0,0
-0.0678,0,0
-0.0674,0,0
-0.067,0,0
-0.0666,0,0
-0.0662,0,0
-0.0658,0,0
-0.0654,0,0
-0.065,0,0
-0.0646,0,0
-0.0642,0,0
-0.0638,0,0
-0.0634,0.00414265,0.00415035
-0.063,0,0
-0.0626,0,0
-0.0622,0,0
-0.0618,0,0
-0.0614,0,0
-0.061,0,0
-0.0606,0.00114517,0.00220255
-0.0602,0,0
-0.0598,0,0
-0.0594,0.00398803,0.00399515
-0.059,0,0
-0.0586,0,0
-0.0582,0,0
-0.0578,0,0
-0.0574,0,0
-0.057,0,0
-0.0566,0,0
-0.0562,0,0
-0.0558,0.00378498,0.00379139
-0.0554,0,0
-0.055,0.00443914,0.00444796
-0.0546,0.00438762,0.00439624
-0.0542,0,0
-0.0538,0,0
-0.0534,0,0
-0.053,0,0
-0.0526,0,0
-0.0522,0,0
-0.0518,0,0
-0.0514,0,0
-0.051,0,0
-0.0506,0,0
-0.0502,0.00442761,0.00443638
-0.0498,0,0
-0.0494,0,0
-0.049,0,0
-0.0486,0.000408825,0.00124979
-0.0482,0.0129906,0.00751502
-0.0478,0.00434112,0.00434955
-0.0474,0,0
-0.047,0,0
-0.0466,0,0
-0.0462,0,0
-0.0458,0,0
-0.0454,0.00382099,0.00382752
-0.045,0,0
-0.0446,0,0
-0.0442,0,0
-0.0438,0,0
-0.0434,0.00420221,0.0042101
-0.043,0,0
-0.0426,0,0
-0.0422,0.00395178,0.00395876
-0.0418,0.00437297,0.00438152
-0.0414,0,0
-0.041,0,0
-0.0406,0,0
-0.0402,0,0
-0.0398,0,0
-0.0394,0,0
-0.039,0,0
-0.0386,0,0
-0.0382,0,0
-0.0378,0,0
-0.0374,0,0
-0.037,0.00427552,0.00428368
-0.0366,0,0
-0.0362,0,0
-0.0358,0,0
-0.0354,0,0
-0.035,0,0
-0.0346,0,0
-0.0342,0.00387381,0.00388051
-0.0338,0.00387411,0.00388081
-0.0334,0,0
-0.033,0,0
-0.0326,0,0
-0.0322,0,0
-0.0318,0,0
-0.0314,0,0
-0.031,0,0
-0.0306,0.00417105,0.00417881
-0.0302,0,0
-0.0298,0,0
-0.0294,0,0
-0.029,0.00442957,0.00443831
-0.0286,0,0
-0.0282,0,0
-0.0278,0.00419502,0.00420286
-0.0274,0,0
-0.027,0,0
-0.0266,0.00323924,0.00378027
-0.0262,0.00373543,0.00374165
-0.0258,0,0
-0.0254,0.0019845,0.00290186
-0.025,0.0042736,0.00428173
-0.0246,0,0
-0.0242,0,0
-0.0238,0,0
-0.0234,0,0
-0.023,0.00404498,0.00405226
-0.0226,0,0
-0.0222,0.00416656,0.00417428
-0.0218,0,0
-0.0214,0.00508815,0.0044039
-0.021,0.00607502,0.00495879
-0.0206,0.00416802,0.00417574
-0.0202,0,0
-0.0198,0.00845782,0.00599289
-0.0194,0.00390415,0.00391093
-0.019,0.00406758,0.00407494
-0.0186,0,0
-0.0182,0,0
-0.0178,0.00394942,0.00395635
-0.0174,0,0
-0.017,0,0
-0.0166,0,0
-0.0162,0.00467223,0.00468192
-0.0158,0,0
-0.0154,0,0
-0.015,0.00419721,0.00420503
-0.0146,0.00828489,0.00586908
-0.0142,0,0
-0.0138,0,0
-0.0134,0.00427606,0.00428416
-0.013,0,0
-0.0126,0,0
-0.0122,0,0
-0.0118,0,0
-0.0114,0.011824,0.00665078
-0.011,0,0
-0.0106,0,0
-0.0102,0.00858018,0.00607863
-0.0098,0,0
-0.0094,0.00787231,0.00557648
-0.009,0,0
-0.0086,0,0
-0.0082,0,0
-0.0078,0.00808247,0.00572567
-0.0074,0.00422818,0.00423607
-0.007,0.00855084,0.00605813
-0.0066,0.00649999,0.00531264
-0.0062,0.004142,0.00414957
-0.0058,0.00998012,0.00640018
-0.0054,0.0154481,0.00773726
-0.005,0.00771259,0.00546293
-0.0046,0.0244346,0.0100532
-0.0042,0.00806805,0.00571512
-0.0038,0.0532374,0.0145035
-0.0034,0.0378092,0.0122846
-0.003,0.028682,0.0108651
-0.0026,0.0916932,0.0191364
-0.0022,0.133137,0.0236381
-0.0018,0.241333,0.0324119
-0.0014,0.362888,0.0383065
-0.001,0.453032,0.0433025
-0.0006,0.662986,0.0536179
-0.0002,0.600062,0.0503617
0.0002,0.567125,0.0460863
0.0006,0.550968,0.0472979
0.001,0.412055,0.0408398
0.0014,0.328769,0.037541
0.0018,0.255695,0.0315597
0.0022,0.187777,0.0287917
0.0026,0.103344,0.0210654
0.003,0.0531624,0.0147736
0.0034,0.0605569,0.0156415
0.0038,0.0198607,0.00897539
0.0042,0.0387905,0.0122887
0.0046,0.0157291,0.00787824
0.005,0.0127985,0.00709169
0.0054,0.0264936,0.0102783
0.0058,0.0160352,0.00803172
0.0062,0.0390175,0.0123795
0.0066,0.0214391,0.00936173
0.007,0.0208229,0.00940881
0.0074,0.00817023,0.00578756
0.0078,0.0124472,0.00719994
0.0082,0.00897842,0.00606561
0.0086,0.00850541,0.006028
0.009,0.00220194,0.00304396
0.0094,0.0042862,0.00429423
0.0098,0,0
0.0102,0,0
0.0106,0.00878682,0.00622516
0.011,0,0
0.0114,0.00426802,0.00427598
0.0118,0,0
0.0122,0,0
0.0126,0.00682027,0.00545998
0.013,0,0
0.0134,0,0
0.0138,0,0
0.0142,0,0
0.0146,0.00438267,0.00439104
0.015,0,0
0.0154,0,0
0.0158,0.00399204,0.00399898
0.0162,0,0
0.0166,0,0
0.017,0,0
0.0174,0.00445454,0.00446318
0.0178,0,0
0.0182,0,0
0.0186,0,0
0.019,0,0
0.0194,0.00659511,0.00510153
0.0198,0,0
0.0202,0,0
0.0206,0,0
0.021,0,0
0.0214,0,0
0.0218,0,0
0.0222,0.00392636,0.00393306
0.0226,0,0
0.023,0.00391979,0.00392647
0.0234,0,0
0.0238,0,0
0.0242,0,0
0.0246,0,0
0.025,0,0
0.0254,0,0
0.0258,0,0
0.0262,0,0
0.0266,0.00452121,0.00453007
0.027,0.00441759,0.00442604
0.0274,0,0
0.0278,0,0
0.0282,0.00418444,0.00419202
0.0286,0,0
0.029,0,0
0.0294,0.00445108,0.00445965
0.0298,0,0
0.0302,0,0
0.0306,0.00405028,0.00405738
0.031,0,0
0.0314,0,0
0.0318,0.00387737,0.00388387
0.0322,0,0
0.0326,0,0
0.033,0.0121855,0.0073886
0.0334,0,0
0.0338,0,0
0.0342,0,0
0.0346,0,0
0.035,0,0
0.0354,0,0
0.0358,0,0
0.0362,0.00444593,0.00445446
0.0366,0,0
0.037,0,0
0.0374,0,0
0.0378,0.00424959,0.00425737
0.0382,0,0
0.0386,0,0
0.039,0,0
0.0394,0,0
0.0398,0,0
0.0402,0,0
0.0406,0.00412904,0.00413637
0.041,0,0
0.0414,0,0
0.0418,0,0
0.0422,0,0
0.0426,0,0
0.043,0.00447406,0.00448266
0.0434,0,0
0.0438,0,0
0.0442,0,0
0.0446,0,0
0.045,0.00397114,0.00397791
0.0454,0,0
0.0458,0.00407412,0.00408124
0.0462,0,0
0.0466,0,0
0.047,0.00284649,0.00340621
0.0474,0,0
0.0478,0,0
0.0482,0,0
0.0486,0,0
0.049,0,0
0.0494,0,0
0.0498,0,0
0.0502,0.00429585,0.00430375
0.0506,0.00413618,0.00414351
0.051,0,0
0.0514,0.00851869,0.00610163
0.0518,0,0
0.0522,0.00418066,0.00418813
0.0526,0,0
0.053,0,0
0.0534,0,0
0.0538,0.0120449,0.00696607
0.0542,0,0
0.0546,0.00427018,0.00427795
0.055,0,0
0.0554,0,0
0.0558,0,0
0.0562,0.00102165,0.00206072
0.0566,0,0
0.057,0,0
0.0574,0,0
0.0578,0,0
0.0582,0,0
0.0586,0.00456963,0.00457849
0.059,0,0
0.0594,0,0
0.0598,0,0
0.0602,0,0
0.0606,0.00462406,0.00463311
0.061,0.00813635,0.00592381
0.0614,0.00404196,0.00404887
0.0618,0.00705782,0.0054385
0.0622,0.00828233,0.00586675
0.0626,0,0
0.063,0,0
0.0634,0,0
0.0638,0.00408841,0.00409546
0.0642,0,0
0.0646,0,0
0.065,0,0
0.0654,0,0
0.0658,0,0
0.0662,0,0
0.0666,0,0
0.067,0,0
0.0674,0,0
0.0678,0,0
0.0682,0,0
0.0686,0,0
0.069,0.00417177,0.00417905
0.0694,0,0
0.0698,0,0
0.0702,0,0
0.0706,0,0
0.071,0,0
0.0714,0,0
0.0718,0,0
0.0722,0.00409849,0.00410549
0.0726,0,0
0.073,0,0
0.0734,0.00417392,0.00418117
0.0738,0.00418617,0.00419346
0.0742,0,0
0.0746,0.0043804,0.00438836
0.075,0,0
0.0754,0,0
0.0758,0.00428252,0.00429012
0.0762,0.0041186,0.00412563
0.0766,0,0
0.077,0.00429854,0.00430619
0.0774,0,0
0.0778,0,0
0.0782,0,0
0.0786,0,0
0.079,0,0
0.0794,0.0043143,0.00432198
0.0798,0.0131597,0.00761156
0.0802,0,0
0.0806,0,0
0.081,0,0
0.0814,0,0
0.0818,0,0
0.0822,0.00436303,0.00437086
0.0826,0.00471037,0.00471949
0.083,0,0
0.0834,0.00386376,0.0038699
0.0838,0.0038656,0.00387173
0.0842,0.00421543,0.00422272
0.0846,0.00438164,0.00438951
0.085,0,0
0.0854,0,0
0.0858,0,0
0.0862,0,0
0.0866,0,0
0.087,0,0
0.0874,0,0
0.0878,0.00429137,0.00429889
0.0882,0,0
0.0886,0.00403933,0.00404599
0.089,0,0
0.0894,0,0
0.0898,0,0
0.0902,0,0
0.0906,0.00456746,0.00457596
0.091,0,0
0.0914,0,0
0.0918,0,0
0.0922,0,0
0.0926,0,0
0.093,0,0
0.0934,0.00427756,0.004285
0.0938,0,0
0.0942,0,0
0.0946,0.00466242,0.00467124
0.095,0,0
0.0954,0,0
0.0958,0.000239021,0.00104372
0.0962,0,0
0.0966,0,0
0.097,0,0
0.0974,0,0
0.0978,0.00468487,0.00469375
0.0982,0,0
0.0986,0.00188808,0.00304891
0.099,0,0
0.0994,0.00440971,0.00441757
0.0998,0,0
0.1002,0.00367974,0.00407907
0.1006,0,0
0.101,0,0
0.1014,0,0
0.1018,0,0
0.1022,0,0
0.1026,0,0
0.103,0.00209424,0.00333788
0.1034,0,0
0.1038,0,0
0.1042,0,0
0.1046,0,0
0.105,0,0
0.1054,0,0
0.1058,0,0
0.1062,0,0
0.1066,0,0
0.107,0,0
0.1074,0,0
0.1078,0,0
0.1082,0.011097,0.00786433
0.1086,0,0
0.109,0,0
0.1094,0,0
0.1098,0,0
0.1102,0,0
0.1106,0,0
0.111,0,0
0.1114,0,0
0.1118,0,0
0.1122,0,0
0.1126,0,0
0.113,0,0
0.1134,0,0
0.1138,0,0
0.1142,0,0
0.1146,0,0
0.115,0,0
0.1154,0,0
0.1158,0,0
0.1162,0,0
0.1166,0,0
0.117,0,0
0.1174,0,0
0.1178,0,0
0.1182,0,0
0.1186,0,0
0.119,0.00693868,0.00695808
0.1194,0.00693809,0.00695749
0.1198,0.00793137,0.00795671
9
-0.1198,0,0
-0.1194,0.0037058,0.00371253
-0.119,0,0
-0.1186,0,0
-0.1182,0,0
-0.1178,0,0
-0.1174,0,0
-0.117,0,0
-0.1166,0.00398943,0.00399727
-0.1162,0,0
-0.1158,0,0
-0.1154,0,0
-0.115,0,0
-0.1146,0,0
-0.1142,0,0
-0.1138,0,0
-0.1134,0,0
-0.113,0,0
-0.1126,0,0
-0.1122,0,0
-0.1118,0,0
-0.1114,0,0
-0.111,0,0
-0.1106,0,0
-0.1102,0,0
-0.1098,0,0
-0.1094,0,0
-0.109,0,0
-0.1086,0,0
-0.1082,0,0
-0.1078,0,0
-0.1074,0.00402513,0.00403322
-0.107,0,0
-0.1066,0.00314485,0.00363603
-0.1062,0,0
-0.1058,0,0
-0.1054,0,0
-0.105,0,0
-0.1046,0.00378513,0.00379231
-0.1042,0.00367569,0.00368247
-0.1038,0,0
-0.1034,0,0
-0.103,0,0
-0.1026,0,0
-0.1022,0,0
-0.1018,0,0
-0.1014,0,0
-0.101,0,0
-0.1006,0,0
-0.1002,0,0
-0.0998,0,0
-0.0994,0,0
-0.099,0.00421781,0.00422681
-0.0986,0,0
-0.0982,0,0
-0.0978,0.00385631,0.00386385
-0.0974,0,0
-0.097,0,0
-0.0966,0,0
-0.0962,0,0
-0.0958,0,0
-0.0954,0,0
-0.095,0,0
-0.0946,0,0
-0.0942,0.00783643,0.00555273
-0.0938,0.00386567,0.00387329
-0.0934,0,0
-0.093,0,0
-0.0926,0,0
-0.0922,0,0
-0.0918,0,0
-0.0914,0,0
-0.091,0,0
-0.0906,0,0
-0.0902,0,0
-0.0898,0,0
-0.0894,0,0
-0.089,0,0
-0.0886,0,0
-0.0882,0,0
-0.0878,0,0
-0.0874,0,0
-0.087,0,0
-0.0866,0,0
-0.0862,0,0
-0.0858,0,0
-0.0854,0,0
-0.085,0.00368082,0.0036878
-0.0846,0,0
-0.0842,0.00346484,0.00347103
-0.0838,0,0
-0.0834,0.00343645,0.00344255
-0.083,0,0
-0.0826,0,0
-0.0822,0,0
-0.0818,0.00359108,0.00359775
-0.0814,0,0
-0.081,0,0
-0.0806,0,0
-0.0802,0,0
-0.0798,0,0
-0.0794,0,0
-0.079,0,0
-0.0786,0,0
-0.0782,0,0
-0.0778,0,0
-0.0774,0,0
-0.077,0.00393616,0.00394421
-0.0766,0,0
-0.0762,0.00382708,0.0038347
-0.0758,0,0
-0.0754,0,0
-0.075,0,0
-0.0746,0,0
-0.0742,0,0
-0.0738,0,0
-0.0734,0,0
-0.073,0,0
-0.0726,0,0
-0.0722,0,0
-0.0718,0,0
-0.0714,0,0
-0.071,0,0
-0.0706,0,0
-0.0702,0,0
-0.0698,0,0
-0.0694,0,0
-0.069,0,0
-0.0686,0,0
-0.0682,0,0
-0.0678,0.00359684,0.00360362
-0.0674,0,0
-0.067,0,0
-0.0666,0,0
-0.0662,0,0
-0.0658,0.00404579,0.00405437
-0.0654,0,0
-0.065,0.00354321,0.00354981
-0.0646,0.00376857,0.00377603
-0.0642,0,0
-0.0638,0,0
-0.0634,0,0
-0.063,0.00366868,0.00367576
-0.0626,0.00334376,0.00334964
-0.0622,0,0
-0.0618,0.00342286,0.00342903
-0.0614,0.00352475,0.00353129
-0.061,0,0
-0.0606,0.0071763,0.00508401
-0.0602,0,0
-0.0598,0,0
-0.0594,0,0
-0.059,0,0
-0.0586,0,0
-0.0582,0.00356859,0.00357531
-0.0578,0,0
-0.0574,0,0
-0.057,0,0
-0.0566,0.00347648,0.00348286
-0.0562,0,0
-0.0558,0,0
-0.0554,0,0
-0.055,0,0
-0.0546,0,0
-0.0542,0,0
-0.0538,0.00344006,0.00344633
-0.0534,0,0
-0.053,0.00359945,0.00360632
-0.0526,0,0
-0.0522,0.00381655,0.00382427
-0.0518,0,0
-0.0514,0,0
-0.051,0,0
-0.0506,0,0
-0.0502,0.00362482,0.00363179
-0.0498,0.00342295,0.00342917
-0.0494,0.0037363,0.00374371
-0.049,0.00318366,0.00318904
-0.0486,0.00318269,0.00318807
-0.0482,0.00367211,0.00367927
-0.0478,0,0
-0.0474,0.00337538,0.00338144
-0.047,0,0
-0.0466,0,0
-0.0462,0,0
-0.0458,0,0
-0.0454,0.00346551,0.0034719
-0.045,0,0
-0.0446,0,0
-0.0442,0,0
-0.0438,0,0
-0.0434,0,0
-0.043,0,0
-0.0426,0,0
-0.0422,0.00330716,0.003313
-0.0418,0,0
-0.0414,0.00347904,0.00348551
-0.041,0,0
-0.0406,0,0
-0.0402,0,0
-0.0398,0,0
-0.0394,0,0
-0.039,0,0
-0.0386,0,0
-0.0382,0.00337653,0.00338265
-0.0378,0.00337511,0.00338123
-0.0374,0.00393096,0.00393925
-0.037,0,0
-0.0366,0.00333932,0.00334531
-0.0362,0,0
-0.0358,0,0
-0.0354,0,0
-0.035,0,0
-0.0346,0,0
-0.0342,0,0
-0.0338,0,0
-0.0334,0.00682019,0.00483166
-0.033,0,0
-0.0326,0,0
-0.0322,0,0
-0.0318,0,0
-0.0314,0,0
-0.031,0.00325131,0.00325702
-0.0306,0,0
-0.0302,0,0
-0.0298,0,0
-0.0294,0,0
-0.029,0.00342716,0.00343352
-0.0286,0.00348415,0.00349073
-0.0282,0.00367477,0.00368209
-0.0278,0.0033385,0.00334455
-0.0274,0.00333693,0.00334298
-0.027,0.00339422,0.00340047
-0.0266,0.00720284,0.00510315
-0.0262,0,0
-0.0258,0,0
-0.0254,0.00183487,0.00252379
-0.025,0.00349418,0.00350082
-0.0246,0.00335542,0.00336156
-0.0242,0,0
-0.0238,0.00384619,0.00385425
-0.0234,0,0
-0.023,0,0
-0.0226,0.0033725,0.00337871
-0.0222,0.00351469,0.00352144
-0.0218,0.0064724,0.00459004
-0.0214,0.00205849,0.00253707
-0.021,0.00828297,0.00525542
-0.0206,0.00338525,0.00339152
-0.0202,0.00349625,0.00350295
-0.0198,0,0
-0.0194,0,0
-0.019,0.00329537,0.00330132
-0.0186,0,0
-0.0182,0,0
-0.0178,0.00319368,0.00319928
-0.0174,0.0030925,0.00309776
-0.017,0,0
-0.0166,0.00350575,0.00351251
-0.0162,0.00350391,0.00351066
-0.0158,0,0
-0.0154,0.00347001,0.00347665
-0.015,0,0
-0.0146,0,0
-0.0142,0.00661774,0.004688
-0.0138,0,0
-0.0134,0,0
-0.013,0,0
-0.0126,0.0101091,0.00584819
-0.0122,0.00342962,0.00343612
-0.0118,0.00321542,0.00322115
-0.0114,0,0
-0.011,0.00616465,0.00436652
-0.0106,0,0
-0.0102,0,0
-0.0098,0.00625046,0.00442742
-0.0094,0.00310624,0.0031116
-0.009,0.00656023,0.00464724
-0.0086,0,0
-0.0082,0.0142527,0.00714052
-0.0078,0.0226029,0.00855872
-0.0074,0.00335133,0.00335759
-0.007,0.0136158,0.00682114
-0.0066,0.0102681,0.00593963
-0.0062,0.013056,0.00654002
-0.0058,0.013678,0.00657501
-0.0054,0.00305241,0.00305761
-0.005,0.00606389,0.00429509
-0.0046,0.0160215,0.00718056
-0.0042,0.0222365,0.0084196
-0.0038,0.0106594,0.00572833
-0.0034,0.0245856,0.00870737
-0.003,0.0356523,0.0107725
-0.0026,0.046552,0.0120657
-0.0022,0.0974491,0.0178373
-0.0018,0.122725,0.0206263
-0.0014,0.284401,0.0300454
-0.001,0.359435,0.0340913
-0.0006,0.433327,0.0383064
-0.0002,0.511194,0.0412045
0.0002,0.390358,0.0337857
0.0006,0.320539,0.0315201
0.001,0.253918,0.0283299
0.0014,0.160327,0.0231724
0.0018,0.108805,0.0184252
0.0022,0.0614669,0.0145411
0.0026,0.068498,0.015127
0.003,0.0634926,0.0142236
0.0034,0.0264065,0.00906992
0.0038,0.0132475,0.00657348
0.0042,0.0270046,0.00901763
0.0046,0.0152886,0.00684921
0.005,0.00822074,0.00498391
0.0054,0.00620526,0.00439549
0.0058,0.00310585,0.0031113
0.0062,0.00316057,0.00316622
0.0066,0.027408,0.00933551
0.007,0.020109,0.0081685
0.0074,0.0064206,0.00454892
0.0078,0.0096927,0.00560634
0.0082,0.0120868,0.00621076
0.0086,0.0133163,0.00667282
0.009,0.00800129,0.00509549
0.0094,0.00653518,0.00462992
0.0098,0.0033347,0.00334101
0.0102,0.0033009,0.00330708
0.0106,0,0
0.011,0,0
0.0114,0,0
0.0118,0.0030592,0.00306452
0.0122,0,0
0.0126,0.00663825,0.00470759
0.013,0,0
0.0134,0.00314008,0.00314569
0.0138,0.00606011,0.00429255
0.0142,0.00608791,0.00431227
0.0146,0.00335362,0.00336003
0.015,0.00638356,0.00452784
0.0154,0,0
0.0158,0.00304957,0.00305487
0.0162,0.00323793,0.00324391
0.0166,0,0
0.017,0,0
0.0174,0.00339588,0.00340247
0.0178,0,0
0.0182,0,0
0.0186,0.0061291,0.00434152
0.019,0,0
0.0194,0,0
0.0198,0.00324782,0.00325386
0.0202,0,0
0.0206,0,0
0.021,0,0
0.0214,0,0
0.0218,0.00330837,0.00331464
0.0222,0,0
0.0226,0,0
0.023,0,0
0.0234,0,0
0.0238,0,0
0.0242,0.00342288,0.00342961
0.0246,0.00315509,0.00316081
0.025,0.0031986,0.00320447
0.0254,0,0
0.0258,0,0
0.0262,0,0
0.0266,0,0
0.027,0,0
0.0274,0.00300108,0.00300626
0.0278,0.00590786,0.00418511
0.0282,0,0
0.0286,0,0
0.029,0.00334628,0.00335273
0.0294,0.00302369,0.00302896
0.0298,0.00313556,0.00314123
0.0302,0,0
0.0306,0.00305516,0.00306053
0.031,0,0
0.0314,0,0
0.0318,0.00290688,0.00291175
0.0322,0,0
0.0326,0,0
0.033,0.00424754,0.00377914
0.0334,0.00352413,0.00353129
0.0338,0.00329338,0.00329963
0.0342,0,0
0.0346,0,0
0.035,0,0
0.0354,0.00298744,0.0029926
0.0358,0.00331854,0.00332491
0.0362,0,0
0.0366,0.00309089,0.00309641
0.037,0,0
0.0374,0,0
0.0378,0,0
0.0382,0,0
0.0386,0.00316581,0.00317161
0.039,0.00300641,0.00301164
0.0394,0.00300578,0.00301101
0.0398,0.00324605,0.00325215
0.0402,0,0
0.0406,0,0
0.041,0,0
0.0414,0,0
0.0418,0,0
0.0422,0,0
0.0426,0.00618653,0.00438239
0.043,0.00331708,0.00332346
0.0434,0,0
0.0438,0,0
0.0442,0,0
0.0446,0.00611874,0.00434047
0.045,0,0
0.0454,0.00301321,0.00301848
0.0458,0,0
0.0462,0.00639738,0.0045385
0.0466,0.00598839,0.0042418
0.047,0.00900098,0.00520578
0.0474,0.00286087,0.00286562
0.0478,0,0
0.0482,0.00864554,0.00500067
0.0486,0,0
0.049,0,0
0.0494,0,0
0.0498,0,0
0.0502,0,0
0.0506,0,0
0.051,0.00608179,0.00430809
0.0514,0,0
0.0518,0,0
0.0522,0.00306662,0.0030721
0.0526,0,0
0.053,0.0029765,0.00298166
0.0534,0,0
0.0538,0.00294388,0.00294893
0.0542,0.00301944,0.00302476
0.0546,0,0
0.055,0,0
0.0554,0,0
0.0558,0.00304448,0.00304989
0.0562,0.00529065,0.00400259
0.0566,0.00327913,0.00328542
0.057,0,0
0.0574,0.00311385,0.00311952
0.0578,0,0
0.0582,0,0
0.0586,0.00294978,0.00295488
0.059,0,0
0.0594,0,0
0.0598,0,0
0.0602,0,0
0.0606,0.00667836,0.00473156
0.061,0.000330587,0.00101426
0.0614,0,0
0.0618,0.000932026,0.00167723
0.0622,0,0
0.0626,0,0
0.063,0,0
0.0634,0,0
0.0638,0,0
0.0642,0,0
0.0646,0.0133486,0.0066895
0.065,0,0
0.0654,0,0
0.0658,0,0
0.0662,0.00300272,0.00300804
0.0666,0.0029099,0.00291489
0.067,0,0
0.0674,0,0
0.0678,0,0
0.0682,0.00270317,0.00270748
0.0686,0.00289167,0.00289661
0.069,0.00283552,0.00284027
0.0694,0.00283449,0.00283923
0.0698,0,0
0.0702,0,0
0.0706,0,0
0.071,0,0
0.0714,0.00293829,0.00294341
0.0718,0,0
0.0722,0,0
0.0726,0.00287802,0.00288293
0.073,0.00292945,0.00293454
0.0734,0,0
0.0738,0.00302595,0.00303139
0.0742,0.0060494,0.00428526
0.0746,0.00306,0.00306556
0.075,0,0
0.0754,0,0
0.0758,0,0
0.0762,0.00286636,0.00287125
0.0766,0,0
0.077,0,0
0.0774,0.00298487,0.00299017
0.0778,0,0
0.0782,0,0
0.0786,0.00309774,0.00310347
0.079,0,0
0.0794,0,0
0.0798,0,0
0.0802,0.00304341,0.00304895
0.0806,0,0
0.081,0.00324888,0.00325519
0.0814,0,0
0.0818,0,0
0.0822,0,0
0.0826,0,0
0.083,0.00316702,0.00317303
0.0834,0.00289009,0.0028951
0.0838,0.00260718,0.00261126
0.0842,0,0
0.0846,0,0
0.085,0,0
0.0854,0.00297587,0.00298119
0.0858,0.00561027,0.00397376
0.0862,0,0
0.0866,0.00298371,0.00298907
0.087,0,0
0.0874,0.00893161,0.00516593
0.0878,0,0
0.0882,0,0
0.0886,0,0
0.089,0.00273304,0.00273755
0.0894,0,0
0.0898,0.00302691,0.00303244
0.0902,0.00302597,0.0030315
0.0906,0.00308003,0.00308576
0.091,0,0
0.0914,0.00326611,0.00327255
0.0918,0.00315152,0.00315753
0.0922,0,0
0.0926,0.00591024,0.00418696
0.093,0,0
0.0934,0,0
0.0938,0.00291205,0.00291718
0.0942,0,0
0.0946,0,0
0.095,0.00288687,0.00289192
0.0954,0,0
0.0958,0.00591411,0.00424585
0.0962,0,0
0.0966,0,0
0.097,0,0
0.0974,0,0
0.0978,0,0
0.0982,0,0
0.0986,0.0065201,0.00461955
0.099,0,0
0.0994,0,0
0.0998,0,0
0.1002,0.000550135,0.00128748
0.1006,0,0
0.101,0.00322046,0.00322674
0.1014,0,0
0.1018,0.00357479,0.00358254
0.1022,0.00373526,0.00374371
0.1026,0.00356875,0.00357647
0.103,0,0
0.1034,0,0
0.1038,0.00328028,0.00328681
0.1042,0.00671014,0.00475445
0.1046,0,0
0.105,0.00327888,0.0032854
0.1054,0.00320345,0.00320967
0.1058,0,0
0.1062,0,0
0.1066,0,0
0.107,0,0
0.1074,0,0
0.1078,0,0
0.1082,0,0
0.1086,0,0
0.109,0.00438129,0.00439294
0.1094,0.00382798,0.00383687
0.1098,0,0
0.1102,0.00396341,0.00397294
0.1106,0.00402201,0.00403183
0.111,0.00405336,0.00406333
0.1114,0,0
0.1118,0.00842791,0.00597483
0.1122,0,0
0.1126,0,0
0.113,0,0
0.1134,0.00408205,0.00409217
0.1138,0,0
0.1142,0,0
0.1146,0,0
0.115,0.00482299,0.00483712
0.1154,0.00487237,0.00488679
0.1158,0,0
0.1162,0,0
0.1166,0,0
0.117,0.00490041,0.004915
0.1174,0,0
0.1178,0.00469048,0.00470385
0.1182,0.00990313,0.00702365
0.1186,0,0
0.119,0,0
0.1194,0,0
0.1198,0,0
