# X , Y , E Distribution=true
1
-0.1198,0,0
-0.1194,0,0
-0.119,0,0
-0.1186,0,0
-0.1182,0,0
-0.1178,0,0
-0.1174,0,0
-0.117,0,0
-0.1166,0,0
-0.1162,0,0
-0.1158,0,0
-0.1154,0,0
-0.115,0,0
-0.1146,0,0
-0.1142,0,0
-0.1138,0,0
-0.1134,0,0
-0.113,0,0
-0.1126,0,0
-0.1122,0,0
-0.1118,0,0
-0.1114,0,0
-0.111,0,0
-0.1106,0,0
-0.1102,0,0
-0.1098,0,0
-0.1094,0,0
-0.109,0,0
-0.1086,0,0
-0.1082,0,0
-0.1078,0,0
-0.1074,0,0
-0.107,0,0
-0.1066,0,0
-0.1062,0,0
-0.1058,0,0
-0.1054,0,0
-0.105,0,0
-0.1046,0,0
-0.1042,0,0
-0.1038,0,0
-0.1034,0,0
-0.103,0,0
-0.1026,0,0
-0.1022,0,0
-0.1018,0,0
-0.1014,0,0
-0.101,0,0
-0.1006,0,0
-0.1002,0,0
-0.0998,0,0
-0.0994,0,0
-0.099,0,0
-0.0986,0,0
-0.0982,0,0
-0.0978,0,0
-0.0974,0,0
-0.097,0,0
-0.0966,0,0
-0.0962,0,0
-0.0958,0,0
-0.0954,0,0
-0.095,0,0
-0.0946,0,0
-0.0942,0,0
-0.0938,0,0
-0.0934,0,0
-0.093,0,0
-0.0926,0,0
-0.0922,0,0
-0.0918,0,0
-0.0914,0,0
-0.091,0,0
-0.0906,0,0
-0.0902,0,0
-0.0898,0,0
-0.0894,0,0
-0.089,0,0
-0.0886,0,0
-0.0882,0,0
-0.0878,0.0129715,0.0129964
-0.0874,0,0
-0.087,0,0
-0.0866,0,0
-0.0862,0,0
-0.0858,0,0
-0.0854,0,0
-0.085,0,0
-0.0846,0,0
-0.0842,0,0
-0.0838,0,0
-0.0834,0,0
-0.083,0,0
-0.0826,0,0
-0.0822,0,0
-0.0818,0,0
-0.0814,0,0
-0.081,0,0
-0.0806,0,0
-0.0802,0.0124089,0.0124316
-0.0798,0,0
-0.0794,0,0
-0.079,0,0
-0.0786,0,0
-0.0782,0,0
-0.0778,0,0
-0.0774,0,0
-0.077,0,0
-0.0766,0,0
-0.0762,0,0
-0.0758,0,0
-0.0754,0,0
-0.075,0,0
-0.0746,0,0
-0.0742,0,0
-0.0738,0,0
-0.0734,0,0
-0.073,0,0
-0.0726,0,0
-0.0722,0,0
-0.0718,0,0
-0.0714,0,0
-0.071,0,0
-0.0706,0,0
-0.0702,0,0
-0.0698,0,0
-0.0694,0,0
-0.069,0,0
-0.0686,0,0
-0.0682,0,0
-0.0678,0.0122711,0.0122932
-0.0674,0.0072236,0.00934543
-0.067,0,0
-0.0666,0.0136237,0.0136509
-0.0662,0,0
-0.0658,0,0
-0.0654,0.012705,0.0127286
-0.065,0,0
-0.0646,0,0
-0.0642,0,0
-0.0638,0,0
-0.0634,0,0
-0.063,0,0
-0.0626,0.000317923,0.00203645
-0.0622,0,0
-0.0618,0,0
-0.0614,0,0
-0.061,0,0
-0.0606,0,0
-0.0602,0,0
-0.0598,0,0
-0.0594,0,0
-0.059,0,0
-0.0586,0,0
-0.0582,0,0
-0.0578,0,0
-0.0574,0,0
-0.057,0,0
-0.0566,0,0
-0.0562,0,0
-0.0558,0,0
-0.0554,0,0
-0.055,0,0
-0.0546,0,0
-0.0542,0,0
-0.0538,0,0
-0.0534,0.00194204,0.00500947
-0.053,0,0
-0.0526,0,0
-0.0522,0,0
-0.0518,0,0
-0.0514,0,0
-0.051,0,0
-0.0506,0.0127039,0.0127274
-0.0502,0,0
-0.0498,0,0
-0.0494,0,0
-0.049,0,0
-0.0486,0,0
-0.0482,0,0
-0.0478,0,0
-0.0474,0,0
-0.047,0,0
-0.0466,0,0
-0.0462,0,0
-0.0458,0.00286376,0.00628036
-0.0454,0,0
-0.045,0,0
-0.0446,0,0
-0.0442,0,0
-0.0438,0,0
-0.0434,0,0
-0.043,0,0
-0.0426,0,0
-0.0422,0,0
-0.0418,0,0
-0.0414,0,0
-0.041,0,0
-0.0406,0,0
-0.0402,0,0
-0.0398,0,0
-0.0394,0,0
-0.039,0,0
-0.0386,0,0
-0.0382,0,0
-0.0378,0,0
-0.0374,0.0269341,0.0190824
-0.037,0,0
-0.0366,0,0
-0.0362,0,0
-0.0358,0,0
-0.0354,0,0
-0.035,0,0
-0.0346,0,0
-0.0342,0,0
-0.0338,0,0
-0.0334,0.0135677,0.0135942
-0.033,0,0
-0.0326,0,0
-0.0322,0,0
-0.0318,0.0126184,0.0126414
-0.0314,0,0
-0.031,0,0
-0.0306,0,0
-0.0302,0,0
-0.0298,0,0
-0.0294,0,0
-0.029,0,0
-0.0286,0,0
-0.0282,0,0
-0.0278,0,0
-0.0274,0,0
-0.027,0,0
-0.0266,0,0
-0.0262,0,0
-0.0258,0,0
-0.0254,0,0
-0.025,0,0
-0.0246,0,0
-0.0242,0,0
-0.0238,0,0
-0.0234,0,0
-0.023,0,0
-0.0226,0,0
-0.0222,0,0
-0.0218,0,0
-0.0214,0.0129311,0.0129551
-0.021,0,0
-0.0206,0,0
-0.0202,0,0
-0.0198,0,0
-0.0194,0,0
-0.019,0,0
-0.0186,0,0
-0.0182,0,0
-0.0178,0,0
-0.0174,0,0
-0.017,0,0
-0.0166,0,0
-0.0162,0,0
-0.0158,0,0
-0.0154,0,0
-0.015,0.0126427,0.0126656
-0.0146,0,0
-0.0142,0,0
-0.0138,0,0
-0.0134,0,0
-0.013,0,0
-0.0126,0.0131942,0.013219
-0.0122,0,0
-0.0118,0,0
-0.0114,0,0
-0.011,0,0
-0.0106,0,0
-0.0102,0.0128701,0.0128937
-0.0098,0,0
-0.0094,0,0
-0.009,0,0
-0.0086,0,0
-0.0082,0.0268785,0.0190425
-0.0078,0,0
-0.0074,0,0
-0.007,0.023818,0.0178777
-0.0066,0.026672,0.0189146
-0.0062,0,0
-0.0058,0,0
-0.0054,0,0
-0.005,0.048064,0.0240757
-0.0046,0.0376649,0.0217849
-0.0042,0.0633915,0.0287061
-0.0038,0.0655856,0.0293988
-0.0034,0.16881,0.0467056
-0.003,0.172636,0.0456914
-0.0026,0.40649,0.0699066
-0.0022,0.885102,0.10676
-0.0018,1.33843,0.130433
-0.0014,2.36968,0.170547
-0.001,4.15876,0.228486
-0.0006,4.04282,0.229327
-0.0002,5.14026,0.251255
0.0002,5.00974,0.250733
0.0006,4.27408,0.243462
0.001,2.2861,0.172822
0.0014,1.33072,0.130689
0.0018,0.715561,0.0960073
0.0022,0.244398,0.0565049
0.0026,0.0868825,0.03364
0.003,0,0
0.0034,0.008436,0.00997468
0.0038,0.011974,0.0119944
0.0042,0,0
0.0046,0,0
0.005,0.0127606,0.0128099
0.0054,0,0
0.0058,0,0
0.0062,0,0
0.0066,0.013552,0.013578
0.007,0,0
0.0074,0.0128086,0.0128318
0.0078,0.0127675,0.0127906
0.0082,0.0128404,0.0128637
0.0086,0,0
0.009,0,0
0.0094,0,0
0.0098,0.0137685,0.0137953
0.0102,0,0
0.0106,0,0
0.011,0,0
0.0114,0,0
0.0118,0,0
0.0122,0.00590994,0.00890249
0.0126,0,0
0.013,0,0
0.0134,0,0
0.0138,0,0
0.0142,0,0
0.0146,0,0
0.015,0.0141392,0.0141673
0.0154,0,0
0.0158,0,0
0.0162,0,0
0.0166,0,0
0.017,0,0
0.0174,0,0
0.0178,0.00672446,0.00928533
0.0182,0,0
0.0186,0,0
0.019,0,0
0.0194,0,0
0.0198,0,0
0.0202,0,0
0.0206,0,0
0.021,0,0
0.0214,0.012137,0.0121577
0.0218,0,0
0.0222,0.0127063,0.012729
0.0226,0,0
0.023,0,0
0.0234,0,0
0.0238,0,0
0.0242,0,0
0.0246,0,0
0.025,0,0
0.0254,0,0
0.0258,0,0
0.0262,0,0
0.0266,0.0134796,0.013505
0.027,0,0
0.0274,0,0
0.0278,0,0
0.0282,0,0
0.0286,0.0129063,0.0130582
0.029,0,0
0.0294,0,0
0.0298,0.0251348,0.0178043
0.0302,0,0
0.0306,0,0
0.031,0,0
0.0314,0,0
0.0318,0,0
0.0322,0.0129436,0.012967
0.0326,0,0
0.033,0,0
0.0334,0.012004,0.0120241
0.0338,0,0
0.0342,0.0119028,0.0119226
0.0346,0,0
0.035,0,0
0.0354,0,0
0.0358,0.00318421,0.00660085
0.0362,0.0126939,0.0127163
0.0366,0,0
0.037,0,0
0.0374,0.0132775,0.0133021
0.0378,0,0
0.0382,0,0
0.0386,0,0
0.039,0,0
0.0394,0,0
0.0398,0,0
0.0402,0,0
0.0406,0,0
0.041,0,0
0.0414,0.0121892,0.0122098
0.0418,0.0131461,0.0131701
0.0422,0,0
0.0426,0,0
0.043,0,0
0.0434,0,0
0.0438,0.00631223,0.00883317
0.0442,0,0
0.0446,0,0
0.045,0,0
0.0454,0,0
0.0458,0,0
0.0462,0,0
0.0466,0.0115469,0.0115654
0.047,0,0
0.0474,0,0
0.0478,0,0
0.0482,0,0
0.0486,0,0
0.049,0,0
0.0494,0,0
0.0498,0,0
0.0502,0,0
0.0506,0,0
0.051,0,0
0.0514,0,0
0.0518,0,0
0.0522,0,0
0.0526,0,0
0.053,0,0
0.0534,0,0
0.0538,0,0
0.0542,0,0
0.0546,0.0133065,0.0133309
0.055,0,0
0.0554,0,0
0.0558,0,0
0.0562,0,0
0.0566,0,0
0.057,0,0
0.0574,0,0
0.0578,0,0
0.0582,0,0
0.0586,0,0
0.059,0,0
0.0594,0,0
0.0598,0,0
0.0602,0,0
0.0606,0,0
0.061,0,0
0.0614,0,0
0.0618,0,0
0.0622,0,0
0.0626,0,0
0.063,0,0
0.0634,0,0
0.0638,0.0131731,0.0131969
0.0642,0,0
0.0646,0,0
0.065,0,0
0.0654,0,0
0.0658,0,0
0.0662,0,0
0.0666,0,0
0.067,0,0
0.0674,0,0
0.0678,0,0
0.0682,0,0
0.0686,0,0
0.069,0,0
0.0694,0,0
0.0698,0,0
0.0702,0,0
0.0706,0,0
0.071,0,0
0.0714,0,0
0.0718,0,0
0.0722,0,0
0.0726,0,0
0.073,0,0
0.0734,0,0
0.0738,0,0
0.0742,0,0
0.0746,0,0
0.075,0,0
0.0754,0,0
0.0758,0,0
0.0762,0,0
0.0766,0,0
0.077,0,0
0.0774,0,0
0.0778,0,0
0.0782,0,0
0.0786,0,0
0.079,0,0
0.0794,0,0
0.0798,0,0
0.0802,0,0
0.0806,0,0
0.081,0,0
0.0814,0,0
0.0818,0,0
0.0822,0,0
0.0826,0.0132633,0.0132872
0.083,0.0136367,0.013662
0.0834,0,0
0.0838,0,0
0.0842,0,0
0.0846,0,0
0.085,0,0
0.0854,0,0
0.0858,0,0
0.0862,0,0
0.0866,0,0
0.087,0,0
0.0874,0,0
0.0878,0,0
0.0882,0,0
0.0886,0,0
0.089,0,0
0.0894,0,0
0.0898,0,0
0.0902,0,0
0.0906,0.0132354,0.0132591
0.091,0,0
0.0914,0,0
0.0918,0,0
0.0922,0,0
0.0926,0,0
0.093,0,0
0.0934,0,0
0.0938,0,0
0.0942,0,0
0.0946,0,0
0.095,0,0
0.0954,0,0
0.0958,0,0
0.0962,0,0
0.0966,0,0
0.097,0,0
0.0974,0,0
0.0978,0,0
0.0982,0,0
0.0986,0,0
0.099,0,0
0.0994,0,0
0.0998,0,0
0.1002,0.00970886,0.0119563
0.1006,0,0
0.101,0,0
0.1014,0,0
0.1018,0,0
0.1022,0,0
0.1026,0.0143584,0.0143861
0.103,0,0
0.1034,0,0
0.1038,0,0
0.1042,0,0
0.1046,0,0
0.105,0,0
0.1054,0,0
0.1058,0,0
0.1062,0,0
0.1066,0,0
0.107,0,0
0.1074,0,0
0.1078,0,0
0.1082,0,0
0.1086,0.0183268,0.0183718
0.109,0.0180179,0.0180613
0.1094,0,0
0.1098,0,0
0.1102,0,0
0.1106,0,0
0.111,0,0
0.1114,0,0
0.1118,0,0
0.1122,0.0186368,0.0203687
0.1126,0.0179915,0.0180347
0.113,0,0
0.1134,0,0
0.1138,0,0
0.1142,0.0223106,0.0223771
0.1146,0,0
0.115,0,0
0.1154,0,0
0.1158,0,0
0.1162,0,0
0.1166,0,0
0.117,0,0
0.1174,0,0
0.1178,0,0
0.1182,0,0
0.1186,0,0
0.119,0,0
0.1194,0,0
0.1198,0,0
2
-0.1198,0,0
-0.1194,0,0
-0.119,0,0
-0.1186,0,0
-0.1182,0,0
-0.1178,0,0
-0.1174,0,0
-0.117,0,0
-0.1166,0,0
-0.1162,0,0
-0.1158,0,0
-0.1154,0,0
-0.115,0,0
-0.1146,0.00565147,0.00566169
-0.1142,0,0
-0.1138,0,0
-0.1134,0,0
-0.113,0,0
-0.1126,0,0
-0.1122,0,0
-0.1118,0,0
-0.1114,0,0
-0.111,0,0
-0.1106,0,0
-0.1102,0,0
-0.1098,0,0
-0.1094,0,0
-0.109,0,0
-0.1086,0,0
-0.1082,0,0
-0.1078,0.0057159,0.00572633
-0.1074,0,0
-0.107,0,0
-0.1066,0,0
-0.1062,0,0
-0.1058,0,0
-0.1054,0,0
-0.105,0,0
-0.1046,0,0
-0.1042,0,0
-0.1038,0,0
-0.1034,0,0
-0.103,0,0
-0.1026,0.00580895,0.00581972
-0.1022,0,0
-0.1018,0,0
-0.1014,0,0
-0.101,0,0
-0.1006,0,0
-0.1002,0,0
-0.0998,0,0
-0.0994,0,0
-0.099,0,0
-0.0986,0.0036694,0.00472387
-0.0982,0,0
-0.0978,0,0
-0.0974,0,0
-0.097,0,0
-0.0966,0,0
-0.0962,0,0
-0.0958,0.00594502,0.00595627
-0.0954,0.00631171,0.0063244
-0.095,0,0
-0.0946,0.00546667,0.00547619
-0.0942,0,0
-0.0938,0,0
-0.0934,0,0
-0.093,0,0
-0.0926,0,0
-0.0922,0.00591278,0.00592391
-0.0918,0,0
-0.0914,0.0039693,0.00486394
-0.091,0,0
-0.0906,0.00624091,0.0062533
-0.0902,0,0
-0.0898,0,0
-0.0894,0,0
-0.089,0.00615158,0.00616521
-0.0886,0,0
-0.0882,0,0
-0.0878,0,0
-0.0874,0,0
-0.087,0.00507835,0.00546657
-0.0866,0,0
-0.0862,0.00585941,0.00587032
-0.0858,0,0
-0.0854,0,0
-0.085,0,0
-0.0846,0,0
-0.0842,0,0
-0.0838,0,0
-0.0834,0,0
-0.083,0,0
-0.0826,0,0
-0.0822,0.00655025,0.00656387
-0.0818,0.00535671,0.00536582
-0.0814,0,0
-0.081,0.00216174,0.00355868
-0.0806,0,0
-0.0802,0,0
-0.0798,0.00577642,0.00578701
-0.0794,0,0
-0.079,0,0
-0.0786,0,0
-0.0782,0,0
-0.0778,0,0
-0.0774,0.00618107,0.00619319
-0.077,0,0
-0.0766,0,0
-0.0762,0,0
-0.0758,0.00593005,0.00594121
-0.0754,0,0
-0.075,0,0
-0.0746,0.00595607,0.00596732
-0.0742,0,0
-0.0738,0,0
-0.0734,0.0113123,0.00801339
-0.073,0,0
-0.0726,0,0
-0.0722,0,0
-0.0718,0,0
-0.0714,0,0
-0.071,0,0
-0.0706,0,0
-0.0702,0.00568705,0.00569729
-0.0698,0,0
-0.0694,0.00598696,0.00599831
-0.069,0,0
-0.0686,0.00630977,0.00632238
-0.0682,0.00568375,0.00569398
-0.0678,0,0
-0.0674,0.00557029,0.00558011
-0.067,0,0
-0.0666,0,0
-0.0662,0,0
-0.0658,0,0
-0.0654,0,0
-0.065,0,0
-0.0646,0,0
-0.0642,0,0
-0.0638,0,0
-0.0634,0.000177265,0.00102242
-0.063,0,0
-0.0626,0.00585449,0.0059387
-0.0622,0,0
-0.0618,0,0
-0.0614,0.00582545,0.00583618
-0.061,0,0
-0.0606,0,0
-0.0602,0,0
-0.0598,0,0
-0.0594,0,0
-0.059,0.00612728,0.00613914
-0.0586,0.00597421,0.00598549
-0.0582,0,0
-0.0578,0,0
-0.0574,0,0
-0.057,0.00568698,0.00569719
-0.0566,0,0
-0.0562,0,0
-0.0558,0.00661071,0.0066245
-0.0554,0,0
-0.055,0.0107453,0.00802497
-0.0546,0,0
-0.0542,0,0
-0.0538,0,0
-0.0534,0.00503724,0.00547663
-0.053,0,0
-0.0526,0,0
-0.0522,0.00653703,0.00655051
-0.0518,0.00464506,0.00523671
-0.0514,0,0
-0.051,0,0
-0.0506,0,0
-0.0502,0,0
-0.0498,0,0
-0.0494,0.00385074,0.00474236
-0.049,0,0
-0.0486,0.00308826,0.00423462
-0.0482,0.0122611,0.00868671
-0.0478,0.0118801,0.00841624
-0.0474,0,0
-0.047,0,0
-0.0466,0.00618566,0.00619772
-0.0462,0,0
-0.0458,0.00499303,0.00562431
-0.0454,0.0118951,0.00842686
-0.045,0,0
-0.0446,0,0
-0.0442,0,0
-0.0438,0,0
-0.0434,0,0
-0.043,0,0
-0.0426,0,0
-0.0422,0,0
-0.0418,0,0
-0.0414,0,0
-0.041,0,0
-0.0406,0,0
-0.0402,0,0
-0.0398,0,0
-0.0394,0,0
-0.039,0,0
-0.0386,0,0
-0.0382,0,0
-0.0378,0,0
-0.0374,0,0
-0.037,0,0
-0.0366,0,0
-0.0362,0,0
-0.0358,0,0
-0.0354,0,0
-0.035,0,0
-0.0346,0,0
-0.0342,0,0
-0.0338,0,0
-0.0334,0.00615759,0.0061695
-0.033,0,0
-0.0326,0,0
-0.0322,0,0
-0.0318,0,0
-0.0314,0,0
-0.031,0,0
-0.0306,0.0118605,0.00840287
-0.0302,0,0
-0.0298,0,0
-0.0294,0,0
-0.029,0,0
-0.0286,0,0
-0.0282,0,0
-0.0278,0,0
-0.0274,0,0
-0.027,0,0
-0.0266,0,0
-0.0262,0,0
-0.0258,0,0
-0.0254,0,0
-0.025,0,0
-0.0246,0,0
-0.0242,0,0
-0.0238,0,0
-0.0234,0,0
-0.023,0,0
-0.0226,0.00599546,0.00600672
-0.0222,0.00539452,0.00540364
-0.0218,0,0
-0.0214,0,0
-0.021,0,0
-0.0206,0.00584033,0.00585101
-0.0202,0.00620665,0.00621871
-0.0198,0.000964752,0.00243207
-0.0194,0.00607364,0.00608519
-0.019,0,0
-0.0186,0,0
-0.0182,0.00564314,0.00565311
-0.0178,0,0
-0.0174,0,0
-0.017,0,0
-0.0166,0,0
-0.0162,0,0
-0.0158,0.00561406,0.00562392
-0.0154,0,0
-0.015,0,0
-0.0146,0,0
-0.0142,0.00571486,0.00572508
-0.0138,0,0
-0.0134,0,0
-0.013,0,0
-0.0126,0,0
-0.0122,0.00595342,0.0059645
-0.0118,0,0
-0.0114,0,0
-0.011,0,0
-0.0106,0.0058916,0.00590245
-0.0102,0.00586927,0.00588003
-0.0098,0.0117438,0.00831935
-0.0094,0.00585386,0.00586456
-0.009,0,0
-0.0086,0,0
-0.0082,0,0
-0.0078,0,0
-0.0074,0,0
-0.007,0.00587589,0.00588667
-0.0066,0,0
-0.0062,0.0123292,0.00873484
-0.0058,0,0
-0.0054,0.00534181,0.00535072
-0.005,0.0108567,0.00769088
-0.0046,0.0114331,0.00809885
-0.0042,0.0183087,0.010409
-0.0038,0.0360404,0.0147478
-0.0034,0.0296017,0.0131929
-0.003,0.048596,0.0164403
-0.0026,0.135997,0.0272401
-0.0022,0.220392,0.0359175
-0.0018,0.388648,0.0474347
-0.0014,0.623027,0.0589455
-0.001,1.23666,0.0839068
-0.0006,1.72121,0.100813
-0.0002,2.03064,0.106358
0.0002,1.85089,0.10291
0.0006,1.66258,0.102058
0.001,0.977847,0.0763441
0.0014,0.658598,0.0619685
0.0018,0.296479,0.0416685
0.0022,0.111258,0.0256942
0.0026,0.0489466,0.0170167
0.003,0.011451,0.00811387
0.0034,0.0175276,0.00969071
0.0038,0.00543901,0.00544823
0.0042,0,0
0.0046,0.00418987,0.00517794
0.005,0.00584103,0.0058397
0.0054,0,0
0.0058,0.00618759,0.00619951
0.0062,0.0148259,0.00927262
0.0066,0,0
0.007,0.0119609,0.00847681
0.0074,0.0061896,0.00620153
0.0078,0,0
0.0082,0,0
0.0086,0.00619555,0.00620749
0.009,0.000493235,0.00175152
0.0094,0.00627886,0.00629112
0.0098,0,0
0.0102,0.0248652,0.0124567
0.0106,0,0
0.011,0,0
0.0114,0.0061679,0.00617973
0.0118,0,0
0.0122,0.00911619,0.00732
0.0126,0,0
0.013,0.00324252,0.00427653
0.0134,0,0
0.0138,0,0
0.0142,0,0
0.0146,0.00639819,0.00641091
0.015,0,0
0.0154,0,0
0.0158,0,0
0.0162,0,0
0.0166,0.00576506,0.00577539
0.017,0,0
0.0174,0,0
0.0178,0.00273596,0.00398254
0.0182,0.0108751,0.00770398
0.0186,0,0
0.019,0.00597105,0.00598212
0.0194,0,0
0.0198,0,0
0.0202,0,0
0.0206,0,0
0.021,0,0
0.0214,0,0
0.0218,0,0
0.0222,0,0
0.0226,0,0
0.023,0.00598238,0.00599348
0.0234,0.00586969,0.00588038
0.0238,0,0
0.0242,0.00596019,0.00597121
0.0246,0,0
0.025,0,0
0.0254,0,0
0.0258,0,0
0.0262,0,0
0.0266,0,0
0.027,0,0
0.0274,0,0
0.0278,0,0
0.0282,0.00544172,0.0054509
0.0286,0,0
0.029,0,0
0.0294,0,0
0.0298,0.00565987,0.00566979
0.0302,0,0
0.0306,0,0
0.031,0,0
0.0314,0.00586781,0.00587847
0.0318,0,0
0.0322,0,0
0.0326,0,0
0.033,0,0
0.0334,0.00539985,0.00540888
0.0338,0,0
0.0342,0,0
0.0346,0,0
0.035,0,0
0.0354,0,0
0.0358,0.00469658,0.00537493
0.0362,0,0
0.0366,0,0
0.037,0,0
0.0374,0.00596611,0.00597712
0.0378,0,0
0.0382,0,0
0.0386,0,0
0.039,0,0
0.0394,0,0
0.0398,0,0
0.0402,0,0
0.0406,0,0
0.041,0.0122835,0.00870222
0.0414,0,0
0.0418,0.00589987,0.00591063
0.0422,0,0
0.0426,0,0
0.043,0,0
0.0434,0,0
0.0438,0.00269442,0.00386524
0.0442,0.0058689,0.00587954
0.0446,0.00565994,0.00566983
0.045,0.00609372,0.00610519
0.0454,0,0
0.0458,0,0
0.0462,0,0
0.0466,0,0
0.047,0,0
0.0474,0,0
0.0478,0,0
0.0482,0,0
0.0486,0,0
0.049,0.00586933,0.00587995
0.0494,0.00613292,0.00614452
0.0498,0,0
0.0502,0,0
0.0506,0,0
0.051,0,0
0.0514,0,0
0.0518,0,0
0.0522,0,0
0.0526,0,0
0.053,0,0
0.0534,0,0
0.0538,0,0
0.0542,0,0
0.0546,0,0
0.055,0,0
0.0554,0,0
0.0558,0,0
0.0562,0,0
0.0566,0.0125667,0.0089032
0.057,0,0
0.0574,0,0
0.0578,0,0
0.0582,0,0
0.0586,0,0
0.059,0,0
0.0594,0,0
0.0598,0,0
0.0602,0,0
0.0606,0,0
0.061,0,0
0.0614,0,0
0.0618,0,0
0.0622,0,0
0.0626,0,0
0.063,0,0
0.0634,0,0
0.0638,0,0
0.0642,0,0
0.0646,0.00603493,0.00604613
0.065,0,0
0.0654,0,0
0.0658,0,0
0.0662,0,0
0.0666,0.00550435,0.00551366
0.067,0.00568721,0.00569715
0.0674,0,0
0.0678,0,0
0.0682,0,0
0.0686,0,0
0.069,0,0
0.0694,0.0113793,0.00806145
0.0698,0,0
0.0702,0,0
0.0706,0,0
0.071,0,0
0.0714,0,0
0.0718,0,0
0.0722,0.00579046,0.00580075
0.0726,0.00588997,0.00590061
0.073,0,0
0.0734,0,0
0.0738,0,0
0.0742,0.00562159,0.00563128
0.0746,0,0
0.075,0,0
0.0754,0.0055673,0.0055768
0.0758,0,0
0.0762,0,0
0.0766,0,0
0.077,0,0
0.0774,0.0056327,0.00564242
0.0778,0,0
0.0782,0,0
0.0786,0,0
0.079,0,0
0.0794,0,0
0.0798,0,0
0.0802,0.0116463,0.00824989
0.0806,0,0
0.081,0,0
0.0814,0,0
0.0818,0,0
0.0822,0,0
0.0826,0,0
0.083,0,0
0.0834,0,0
0.0838,0,0
0.0842,0,0
0.0846,0.00595276,0.0059636
0.085,0.00593859,0.00594938
0.0854,0.0112693,0.00798233
0.0858,0,0
0.0862,0,0
0.0866,0,0
0.087,0,0
0.0874,0.00585328,0.00586375
0.0878,0,0
0.0882,0,0
0.0886,0,0
0.089,0.00552228,0.0055316
0.0894,0,0
0.0898,0,0
0.0902,0.00588075,0.00589131
0.0906,0,0
0.091,0,0
0.0914,0,0
0.0918,0,0
0.0922,0.00590085,0.00591148
0.0926,0,0
0.093,0,0
0.0934,0,0
0.0938,0,0
0.0942,0,0
0.0946,0.00561351,0.00562312
0.095,0,0
0.0954,0,0
0.0958,0.00368079,0.004594
0.0962,0,0
0.0966,0,0
0.097,0,0
0.0974,0,0
0.0978,0,0
0.0982,0,0
0.0986,0,0
0.099,0,0
0.0994,0.0060471,0.00605825
0.0998,0,0
0.1002,0.00826352,0.00716021
0.1006,0.00314327,0.00463355
0.101,0,0
0.1014,0,0
0.1018,0,0
0.1022,0,0
0.1026,0,0
0.103,0,0
0.1034,0,0
0.1038,0,0
0.1042,0,0
0.1046,0,0
0.105,0,0
0.1054,0,0
0.1058,0,0
0.1062,0,0
0.1066,0,0
0.107,0,0
0.1074,0,0
0.1078,0,0
0.1082,0,0
0.1086,0,0
0.109,0,0
0.1094,0.00282415,0.00474582
0.1098,0.00783227,0.0078509
0.1102,0,0
0.1106,0.00737924,0.00739578
0.111,0,0
0.1114,0,0
0.1118,0,0
0.1122,0,0
0.1126,0,0
0.113,0,0
0.1134,0,0
0.1138,0,0
0.1142,0.00981263,0.00984182
0.1146,0,0
0.115,0,0
0.1154,0,0
0.1158,0,0
0.1162,0.010178,0.0102094
0.1166,0,0
0.117,0.0187922,0.0133299
0.1174,0,0
0.1178,0,0
0.1182,0.00921977,0.00924552
0.1186,0,0
0.119,0,0
0.1194,0,0
0.1198,0,0
3
-0.1198,0,0
-0.1194,0,0
-0.119,0,0
-0.1186,0,0
-0.1182,0,0
-0.1178,0,0
-0.1174,0,0
-0.117,0,0
-0.1166,0,0
-0.1162,0,0
-0.1158,0,0
-0.1154,0,0
-0.115,0,0
-0.1146,0,0
-0.1142,0,0
-0.1138,0,0
-0.1134,0,0
-0.113,0,0
-0.1126,0,0
-0.1122,0,0
-0.1118,0,0
-0.1114,0,0
-0.111,0,0
-0.1106,0,0
-0.1102,0,0
-0.1098,0,0
-0.1094,0,0
-0.109,0.00666106,0.00667465
-0.1086,0,0
-0.1082,0,0
-0.1078,0,0
-0.1074,0,0
-0.107,0,0
-0.1066,0,0
-0.1062,0,0
-0.1058,0,0
-0.1054,0,0
-0.105,0,0
-0.1046,0,0
-0.1042,0,0
-0.1038,0,0
-0.1034,0,0
-0.103,0,0
-0.1026,0,0
-0.1022,0,0
-0.1018,0,0
-0.1014,0,0
-0.101,0.00497408,0.00546899
-0.1006,0,0
-0.1002,0.00577897,0.00578916
-0.0998,0,0
-0.0994,0.006027,0.00609083
-0.099,0,0
-0.0986,0.00249689,0.00398411
-0.0982,0,0
-0.0978,0,0
-0.0974,0,0
-0.097,0,0
-0.0966,0,0
-0.0962,0,0
-0.0958,0,0
-0.0954,0,0
-0.095,0,0
-0.0946,0.00571898,0.00572894
-0.0942,0,0
-0.0938,0,0
-0.0934,0,0
-0.093,0,0
-0.0926,0,0
-0.0922,0,0
-0.0918,0,0
-0.0914,0.00827647,0.00718609
-0.091,0,0
-0.0906,0,0
-0.0902,0,0
-0.0898,0,0
-0.0894,0.00377368,0.00505058
-0.089,3.3087e-06,0.000146331
-0.0886,0.00631293,0.00632503
-0.0882,0,0
-0.0878,0,0
-0.0874,0.00646657,0.00647926
-0.087,0.000821764,0.00225101
-0.0866,0,0
-0.0862,0,0
-0.0858,0,0
-0.0854,0,0
-0.085,0,0
-0.0846,0,0
-0.0842,0,0
-0.0838,0,0
-0.0834,0,0
-0.083,0,0
-0.0826,0,0
-0.0822,0,0
-0.0818,0,0
-0.0814,0.0061238,0.00613515
-0.081,0.00385643,0.00486907
-0.0806,0,0
-0.0802,0,0
-0.0798,0,0
-0.0794,0,0
-0.079,0,0
-0.0786,0,0
-0.0782,0.00620848,0.00622012
-0.0778,0,0
-0.0774,0,0
-0.077,0,0
-0.0766,0,0
-0.0762,0,0
-0.0758,0,0
-0.0754,0.0069656,0.00698024
-0.075,0,0
-0.0746,0,0
-0.0742,0,0
-0.0738,0,0
-0.0734,0,0
-0.073,0,0
-0.0726,0,0
-0.0722,0,0
-0.0718,0,0
-0.0714,0.0061759,0.00618738
-0.071,0,0
-0.0706,0,0
-0.0702,0.00607348,0.00608458
-0.0698,0,0
-0.0694,0,0
-0.069,0.00649872,0.00651143
-0.0686,0.00664287,0.00665614
-0.0682,0,0
-0.0678,0,0
-0.0674,0,0
-0.067,0,0
-0.0666,0.00629509,0.006307
-0.0662,0.00629622,0.00630813
-0.0658,0.00622873,0.00624038
-0.0654,0,0
-0.065,0,0
-0.0646,0,0
-0.0642,0,0
-0.0638,0,0
-0.0634,0.00600728,0.00611134
-0.063,0.00606691,0.00607795
-0.0626,0,0
-0.0622,0,0
-0.0618,0,0
-0.0614,0.00609462,0.00610575
-0.061,0,0
-0.0606,0,0
-0.0602,0,0
-0.0598,0,0
-0.0594,0,0
-0.059,0,0
-0.0586,0,0
-0.0582,0,0
-0.0578,0,0
-0.0574,0,0
-0.057,0,0
-0.0566,0,0
-0.0562,0,0
-0.0558,0,0
-0.0554,0,0
-0.055,0.00128035,0.00286812
-0.0546,0,0
-0.0542,0,0
-0.0538,0.006399,0.00641122
-0.0534,0,0
-0.053,0,0
-0.0526,0,0
-0.0522,0,0
-0.0518,0.00130782,0.00285732
-0.0514,0,0
-0.051,0,0
-0.0506,0,0
-0.0502,0,0
-0.0498,0,0
-0.0494,0.00208268,0.00358752
-0.049,0,0
-0.0486,0.00285442,0.00418816
-0.0482,0.00648895,0.00650148
-0.0478,0,0
-0.0474,0.00643492,0.00644725
-0.047,0,0
-0.0466,0.00729183,0.00701816
-0.0462,0.0067436,0.00675713
-0.0458,0,0
-0.0454,0,0
-0.045,0,0
-0.0446,0.00620746,0.00621892
-0.0442,0,0
-0.0438,0,0
-0.0434,0,0
-0.043,0,0
-0.0426,0,0
-0.0422,0.00641716,0.00642939
-0.0418,0.00191825,0.00351519
-0.0414,0,0
-0.041,0,0
-0.0406,0.00600901,0.00601972
-0.0402,0,0
-0.0398,0,0
-0.0394,0,0
-0.039,0,0
-0.0386,0,0
-0.0382,0,0
-0.0378,0,0
-0.0374,0,0
-0.037,0,0
-0.0366,0,0
-0.0362,0,0
-0.0358,0.00615172,0.00616293
-0.0354,0,0
-0.035,0.00309252,0.00454803
-0.0346,0,0
-0.0342,0,0
-0.0338,0,0
-0.0334,0,0
-0.033,0,0
-0.0326,0,0
-0.0322,0.00571676,0.00617728
-0.0318,0,0
-0.0314,0,0
-0.031,0.00637729,0.00638931
-0.0306,0,0
-0.0302,0,0
-0.0298,0.00581888,0.00582888
-0.0294,0,0
-0.029,0,0
-0.0286,0,0
-0.0282,0,0
-0.0278,0,0
-0.0274,0,0
-0.027,0,0
-0.0266,0,0
-0.0262,0,0
-0.0258,0.00677938,0.00679293
-0.0254,0,0
-0.025,0,0
-0.0246,0.0140913,0.009985
-0.0242,0,0
-0.0238,0,0
-0.0234,0,0
-0.023,0,0
-0.0226,0,0
-0.0222,0,0
-0.0218,0,0
-0.0214,0,0
-0.021,0,0
-0.0206,0.00660978,0.00662263
-0.0202,0,0
-0.0198,0.00547848,0.00598167
-0.0194,0,0
-0.019,0,0
-0.0186,0,0
-0.0182,0,0
-0.0178,0,0
-0.0174,0,0
-0.017,0,0
-0.0166,0,0
-0.0162,0,0
-0.0158,0,0
-0.0154,0.00677998,0.00679346
-0.015,0.00678121,0.0067947
-0.0146,0,0
-0.0142,0,0
-0.0138,0,0
-0.0134,0.00614494,0.00615601
-0.013,0,0
-0.0126,0,0
-0.0122,0,0
-0.0118,0,0
-0.0114,0,0
-0.011,0,0
-0.0106,0.0124402,0.00881315
-0.0102,0,0
-0.0098,0,0
-0.0094,0,0
-0.009,0,0
-0.0086,0,0
-0.0082,0.00654126,0.00655378
-0.0078,0,0
-0.0074,0.00596065,0.00597104
-0.007,0.0135529,0.00960234
-0.0066,0.00677751,0.00679093
-0.0062,0.00658636,0.00659904
-0.0058,0.00215962,0.00369521
-0.0054,0.0115863,0.00881993
-0.005,0.0117861,0.00834842
-0.0046,0,0
-0.0042,0,0
-0.0038,0.00826431,0.00736308
-0.0034,0.0564632,0.0188563
-0.003,0.0672952,0.0200793
-0.0026,0.0872118,0.0226145
-0.0022,0.128709,0.0283828
-0.0018,0.210073,0.0360646
-0.0014,0.50351,0.054838
-0.001,0.76958,0.0684409
-0.0006,0.940562,0.0770272
-0.0002,1.20353,0.0846578
0.0002,1.10004,0.0821714
0.0006,0.990308,0.0814298
0.001,0.723606,0.0683407
0.0014,0.294181,0.0428702
0.0018,0.23306,0.0381922
0.0022,0.0910693,0.0240444
0.0026,0.0304355,0.013887
0.003,0,0
0.0034,0.0119659,0.00847594
0.0038,0.00582284,0.00583271
0.0042,0.00572991,0.00573947
0.0046,0.0159878,0.0104665
0.005,0,0
0.0054,0,0
0.0058,0,0
0.0062,0.00268813,0.00408629
0.0066,0,0
0.007,0,0
0.0074,0,0
0.0078,0,0
0.0082,0.00624077,0.00625208
0.0086,0,0
0.009,0.00611179,0.0063829
0.0094,0,0
0.0098,0.0066906,0.0067036
0.0102,0,0
0.0106,0,0
0.011,0.00609264,0.00610341
0.0114,0,0
0.0118,0,0
0.0122,0,0
0.0126,0,0
0.013,0.00255099,0.00392865
0.0134,0,0
0.0138,0,0
0.0142,0,0
0.0146,0,0
0.015,0,0
0.0154,0,0
0.0158,0,0
0.0162,0,0
0.0166,0,0
0.017,0,0
0.0174,0,0
0.0178,0,0
0.0182,0,0
0.0186,0,0
0.019,0,0
0.0194,0.00604566,0.00605623
0.0198,0,0
0.0202,0,0
0.0206,0,0
0.021,0,0
0.0214,0,0
0.0218,0,0
0.0222,0,0
0.0226,0,0
0.023,0,0
0.0234,0,0
0.0238,0,0
0.0242,0,0
0.0246,0,0
0.025,0,0
0.0254,0,0
0.0258,0,0
0.0262,0,0
0.0266,0,0
0.027,0,0
0.0274,0,0
0.0278,0,0
0.0282,0,0
0.0286,0,0
0.029,0,0
0.0294,0.00616129,0.00617222
0.0298,0,0
0.0302,0,0
0.0306,0,0
0.031,0,0
0.0314,0,0
0.0318,0,0
0.0322,0,0
0.0326,0,0
0.033,0,0
0.0334,0,0
0.0338,0,0
0.0342,0,0
0.0346,0,0
0.035,0,0
0.0354,0,0
0.0358,0,0
0.0362,0,0
0.0366,0,0
0.037,0,0
0.0374,0,0
0.0378,0,0
0.0382,0,0
0.0386,0.00637198,0.00638363
0.039,0,0
0.0394,0,0
0.0398,0,0
0.0402,0,0
0.0406,0,0
0.041,0,0
0.0414,0,0
0.0418,0,0
0.0422,0,0
0.0426,0,0
0.043,0,0
0.0434,0.00595618,0.00596635
0.0438,0,0
0.0442,0,0
0.0446,0,0
0.045,0,0
0.0454,0,0
0.0458,0,0
0.0462,0,0
0.0466,0.00121406,0.0026073
0.047,0,0
0.0474,0,0
0.0478,0.00665384,0.00666651
0.0482,0,0
0.0486,0.00731385,0.00732914
0.049,0,0
0.0494,0,0
0.0498,0.0063154,0.00632681
0.0502,0,0
0.0506,0,0
0.051,0,0
0.0514,0,0
0.0518,0,0
0.0522,0.00616016,0.00617101
0.0526,0,0
0.053,0,0
0.0534,0,0
0.0538,0,0
0.0542,0.00609439,0.00610499
0.0546,0,0
0.055,0,0
0.0554,0,0
0.0558,0,0
0.0562,0,0
0.0566,0.00660893,0.00662138
0.057,0,0
0.0574,0,0
0.0578,0,0
0.0582,0,0
0.0586,0,0
0.059,0,0
0.0594,0,0
0.0598,0,0
0.0602,0,0
0.0606,0,0
0.061,0,0
0.0614,0,0
0.0618,0,0
0.0622,0,0
0.0626,0,0
0.063,0,0
0.0634,0,0
0.0638,0,0
0.0642,0.00634855,0.00636002
0.0646,0,0
0.065,0,0
0.0654,0.000350622,0.00148535
0.0658,0.012378,0.00876802
0.0662,0,0
0.0666,0,0
0.067,0,0
0.0674,0,0
0.0678,0,0
0.0682,0,0
0.0686,0,0
0.069,0,0
0.0694,0,0
0.0698,0,0
0.0702,0,0
0.0706,0,0
0.071,0,0
0.0714,0,0
0.0718,0,0
0.0722,0,0
0.0726,0,0
0.073,0,0
0.0734,0.00606522,0.00607566
0.0738,0,0
0.0742,0,0
0.0746,0,0
0.075,0.00594588,0.00595591
0.0754,0,0
0.0758,0,0
0.0762,0,0
0.0766,0.00604508,0.00605545
0.077,0,0
0.0774,0.00674738,0.00676029
0.0778,0,0
0.0782,0,0
0.0786,0,0
0.079,0.00605805,0.00606845
0.0794,0,0
0.0798,0,0
0.0802,0,0
0.0806,0,0
0.081,0.00536799,0.00553868
0.0814,0,0
0.0818,0,0
0.0822,0,0
0.0826,0,0
0.083,0,0
0.0834,0.00654471,0.00655683
0.0838,0,0
0.0842,0,0
0.0846,0,0
0.085,0,0
0.0854,0,0
0.0858,0,0
0.0862,0,0
0.0866,0,0
0.087,0,0
0.0874,0,0
0.0878,0,0
0.0882,0,0
0.0886,0,0
0.089,0,0
0.0894,0,0
0.0898,0,0
0.0902,0,0
0.0906,0,0
0.091,0,0
0.0914,0,0
0.0918,0,0
0.0922,0,0
0.0926,0.00607958,0.00609002
0.093,0,0
0.0934,0,0
0.0938,0,0
0.0942,0,0
0.0946,0,0
0.095,0,0
0.0954,0,0
0.0958,0.00219885,0.00369268
0.0962,0,0
0.0966,0,0
0.097,0.00662393,0.0066363
0.0974,0,0
0.0978,0,0
0.0982,0,0
0.0986,0,0
0.099,0,0
0.0994,0,0
0.0998,0,0
0.1002,0,0
0.1006,0.0109595,0.00885772
0.101,0,0
0.1014,0,0
0.1018,0.00760156,0.00761782
0.1022,0.0068492,0.00686241
0.1026,0,0
0.103,0,0
0.1034,0,0
0.1038,0,0
0.1042,0,0
0.1046,0,0
0.105,0,0
0.1054,0.00700799,0.0070218
0.1058,0,0
0.1062,0.00750953,0.00752539
0.1066,0,0
0.107,0,0
0.1074,0,0
0.1078,0,0
0.1082,0,0
0.1086,0,0
0.109,0,0
0.1094,0.00552603,0.00690173
0.1098,0,0
0.1102,0.00820855,0.00822749
0.1106,0,0
0.111,0,0
0.1114,0,0
0.1118,0,0
0.1122,0.000317689,0.00183386
0.1126,0,0
0.113,0,0
0.1134,0,0
0.1138,0,0
0.1142,0,0
0.1146,0,0
0.115,0,0
0.1154,0,0
0.1158,0,0
0.1162,0,0
0.1166,0,0
0.117,0,0
0.1174,0,0
0.1178,0,0
0.1182,0,0
0.1186,0,0
0.119,0,0
0.1194,0.010366,0.0103961
0.1198,0,0
4
-0.1198,0,0
-0.1194,0,0
-0.119,0,0
-0.1186,0,0
-0.1182,0.00620005,0.00621183
-0.1178,0,0
-0.1174,0,0
-0.117,0,0
-0.1166,0,0
-0.1162,0,0
-0.1158,0,0
-0.1154,0,0
-0.115,0,0
-0.1146,0,0
-0.1142,0,0
-0.1138,0,0
-0.1134,0,0
-0.113,0,0
-0.1126,0,0
-0.1122,0,0
-0.1118,0,0
-0.1114,0,0
-0.111,0,0
-0.1106,0,0
-0.1102,0,0
-0.1098,0,0
-0.1094,0,0
-0.109,0,0
-0.1086,0,0
-0.1082,0,0
-0.1078,0,0
-0.1074,0,0
-0.107,0,0
-0.1066,0,0
-0.1062,0,0
-0.1058,0,0
-0.1054,0,0
-0.105,0,0
-0.1046,0,0
-0.1042,0,0
-0.1038,0,0
-0.1034,0,0
-0.103,0,0
-0.1026,0,0
-0.1022,0,0
-0.1018,0,0
-0.1014,0,0
-0.101,0.0010226,0.00248636
-0.1006,0,0
-0.1002,0,0
-0.0998,0,0
-0.0994,0.000105959,0.000809824
-0.099,0,0
-0.0986,0,0
-0.0982,0,0
-0.0978,0,0
-0.0974,0,0
-0.097,0,0
-0.0966,0,0
-0.0962,0,0
-0.0958,0,0
-0.0954,0,0
-0.095,0,0
-0.0946,0,0
-0.0942,0,0
-0.0938,0,0
-0.0934,0,0
-0.093,0,0
-0.0926,0,0
-0.0922,0,0
-0.0918,0,0
-0.0914,0,0
-0.091,0,0
-0.0906,0,0
-0.0902,0.00628206,0.00629398
-0.0898,0,0
-0.0894,0.00297627,0.00449892
-0.089,0,0
-0.0886,0,0
-0.0882,0,0
-0.0878,0,0
-0.0874,0,0
-0.087,0,0
-0.0866,0,0
-0.0862,0,0
-0.0858,0,0
-0.0854,0,0
-0.085,0,0
-0.0846,0,0
-0.0842,0,0
-0.0838,0,0
-0.0834,0,0
-0.083,0,0
-0.0826,0,0
-0.0822,0,0
-0.0818,0.00267538,0.00389515
-0.0814,0,0
-0.081,0,0
-0.0806,0,0
-0.0802,0,0
-0.0798,0,0
-0.0794,0,0
-0.079,0,0
-0.0786,0,0
-0.0782,0,0
-0.0778,0,0
-0.0774,0,0
-0.077,0,0
-0.0766,0,0
-0.0762,0,0
-0.0758,0,0
-0.0754,0,0
-0.075,0,0
-0.0746,0,0
-0.0742,0,0
-0.0738,0,0
-0.0734,0,0
-0.073,0,0
-0.0726,0,0
-0.0722,0,0
-0.0718,0,0
-0.0714,0,0
-0.071,0,0
-0.0706,0,0
-0.0702,0.00600762,0.00601845
-0.0698,0,0
-0.0694,0,0
-0.069,0,0
-0.0686,0,0
-0.0682,0,0
-0.0678,0,0
-0.0674,0,0
-0.067,0,0
-0.0666,0,0
-0.0662,0,0
-0.0658,0,0
-0.0654,0,0
-0.065,0,0
-0.0646,0,0
-0.0642,0,0
-0.0638,0,0
-0.0634,0,0
-0.063,0,0
-0.0626,0,0
-0.0622,0.00599236,0.0060031
-0.0618,0,0
-0.0614,0,0
-0.061,0,0
-0.0606,0,0
-0.0602,0,0
-0.0598,0,0
-0.0594,0,0
-0.059,0,0
-0.0586,0.00631866,0.00633058
-0.0582,0,0
-0.0578,0,0
-0.0574,0,0
-0.057,0,0
-0.0566,0,0
-0.0562,0,0
-0.0558,0,0
-0.0554,0.00640768,0.00641994
-0.055,0.00623992,0.00625154
-0.0546,0.00653547,0.00654822
-0.0542,0,0
-0.0538,0,0
-0.0534,0,0
-0.053,0,0
-0.0526,0,0
-0.0522,0,0
-0.0518,0,0
-0.0514,0,0
-0.051,0,0
-0.0506,0,0
-0.0502,0.00601936,0.00603016
-0.0498,0,0
-0.0494,0,0
-0.049,0.00623691,0.00624851
-0.0486,0,0
-0.0482,0,0
-0.0478,0,0
-0.0474,0,0
-0.047,0,0
-0.0466,0.0127326,0.00921749
-0.0462,0,0
-0.0458,0,0
-0.0454,0,0
-0.045,0,0
-0.0446,0,0
-0.0442,0,0
-0.0438,0,0
-0.0434,0,0
-0.043,0,0
-0.0426,0,0
-0.0422,0,0
-0.0418,0.00449013,0.00537284
-0.0414,0,0
-0.041,0,0
-0.0406,0,0
-0.0402,0,0
-0.0398,0.00619642,0.00620784
-0.0394,0,0
-0.039,0,0
-0.0386,0,0
-0.0382,0.00629074,0.0063025
-0.0378,0,0
-0.0374,0,0
-0.037,0,0
-0.0366,0,0
-0.0362,0.0131787,0.00933808
-0.0358,0,0
-0.0354,0,0
-0.035,0.00355699,0.00486888
-0.0346,0,0
-0.0342,0.00651995,0.00653257
-0.0338,0,0
-0.0334,0,0
-0.033,0,0
-0.0326,0,0
-0.0322,0.000927954,0.00248337
-0.0318,0,0
-0.0314,0,0
-0.031,0,0
-0.0306,0,0
-0.0302,0,0
-0.0298,0,0
-0.0294,0.00578989,0.00579984
-0.029,0,0
-0.0286,0.00114974,0.00268796
-0.0282,0.00572374,0.00573346
-0.0278,0,0
-0.0274,0.0122784,0.00870048
-0.027,0,0
-0.0266,0,0
-0.0262,0,0
-0.0258,0.00673659,0.00675005
-0.0254,0,0
-0.025,0,0
-0.0246,0.00704801,0.00706274
-0.0242,0,0
-0.0238,0.00592233,0.00593273
-0.0234,0,0
-0.023,0,0
-0.0226,0,0
-0.0222,0.0065432,0.00655589
-0.0218,0,0
-0.0214,0,0
-0.021,0,0
-0.0206,0,0
-0.0202,0,0
-0.0198,0,0
-0.0194,0,0
-0.019,0,0
-0.0186,0,0
-0.0182,0,0
-0.0178,0.00613956,0.00615073
-0.0174,0.00583427,0.00584436
-0.017,0,0
-0.0166,0,0
-0.0162,0,0
-0.0158,0.00598465,0.00599527
-0.0154,0,0
-0.015,0,0
-0.0146,0.00611023,0.00612129
-0.0142,0,0
-0.0138,0,0
-0.0134,0,0
-0.013,0,0
-0.0126,0,0
-0.0122,0,0
-0.0118,0,0
-0.0114,0,0
-0.011,0.00621119,0.00622262
-0.0106,0,0
-0.0102,0.00618685,0.0061982
-0.0098,0.00618884,0.00620019
-0.0094,0,0
-0.009,0,0
-0.0086,0.00629222,0.00630395
-0.0082,0,0
-0.0078,0.00587819,0.00588843
-0.0074,0,0
-0.007,0,0
-0.0066,0.0122276,0.00866191
-0.0062,0.00649036,0.00650285
-0.0058,0.0107212,0.00834889
-0.0054,0.00749344,0.00669454
-0.005,0,0
-0.0046,0.00601549,0.00602622
-0.0042,0.012407,0.00878922
-0.0038,0.00450445,0.00526477
-0.0034,0.0308844,0.0138376
-0.003,0.014173,0.00899529
-0.0026,0.103719,0.0243882
-0.0022,0.120195,0.0272042
-0.0018,0.273348,0.0407883
-0.0014,0.344996,0.0449815
-0.001,0.659563,0.0628247
-0.0006,0.880164,0.073839
-0.0002,1.04219,0.0780732
0.0002,1.03053,0.0785764
0.0006,0.874461,0.0756431
0.001,0.576584,0.0601854
0.0014,0.302975,0.0431199
0.0018,0.13734,0.0290654
0.0022,0.140404,0.0295733
0.0026,0.0383566,0.0154596
0.003,0.0293281,0.0131389
0.0034,0,0
0.0038,0.0171205,0.00990135
0.0042,0,0
0.0046,0.0200587,0.011604
0.005,0,0
0.0054,0,0
0.0058,0,0
0.0062,0,0
0.0066,0.00644711,0.00645946
0.007,0,0
0.0074,0,0
0.0078,0,0
0.0082,0,0
0.0086,0.00649097,0.00650348
0.009,0,0
0.0094,0,0
0.0098,0.00644327,0.00645561
0.0102,0.00653672,0.00654941
0.0106,0,0
0.011,0,0
0.0114,0.0064565,0.00646889
0.0118,0,0
0.0122,0,0
0.0126,0,0
0.013,0,0
0.0134,0,0
0.0138,0,0
0.0142,0,0
0.0146,0,0
0.015,0,0
0.0154,0,0
0.0158,0,0
0.0162,0,0
0.0166,0.00602429,0.00603509
0.017,0,0
0.0174,0.00624343,0.00625502
0.0178,0,0
0.0182,0,0
0.0186,0,0
0.019,0.00623468,0.00624624
0.0194,0,0
0.0198,0,0
0.0202,0.00652214,0.00653479
0.0206,0,0
0.021,0,0
0.0214,0,0
0.0218,0,0
0.0222,0,0
0.0226,0,0
0.023,0,0
0.0234,0,0
0.0238,0,0
0.0242,0,0
0.0246,0,0
0.025,0,0
0.0254,0,0
0.0258,0,0
0.0262,0.00451242,0.00540537
0.0266,0,0
0.027,0.00648009,0.00649258
0.0274,0,0
0.0278,0,0
0.0282,0.00566572,0.00567528
0.0286,0,0
0.029,0,0
0.0294,0,0
0.0298,0,0
0.0302,0,0
0.0306,0,0
0.031,0,0
0.0314,0.00610374,0.00611484
0.0318,0.0062278,0.00623935
0.0322,0,0
0.0326,0,0
0.033,0,0
0.0334,0,0
0.0338,0.00607324,0.00608423
0.0342,0,0
0.0346,0,0
0.035,0,0
0.0354,0.00640258,0.00641479
0.0358,0,0
0.0362,0.00592984,0.00594032
0.0366,0,0
0.037,0,0
0.0374,0,0
0.0378,0,0
0.0382,0.00626515,0.00627684
0.0386,0,0
0.039,0,0
0.0394,0.00595151,0.00596207
0.0398,0,0
0.0402,0,0
0.0406,0.00657279,0.00658567
0.041,0,0
0.0414,0,0
0.0418,0.0122361,0.008668
0.0422,0,0
0.0426,0,0
0.043,0.00596402,0.00597462
0.0434,0,0
0.0438,0,0
0.0442,0,0
0.0446,0,0
0.045,0.00631258,0.00632446
0.0454,0,0
0.0458,0.00614024,0.00615148
0.0462,0,0
0.0466,0.00419344,0.00474816
0.047,0,0
0.0474,0.00651652,0.00652918
0.0478,0,0
0.0482,0,0
0.0486,0,0
0.049,0,0
0.0494,0,0
0.0498,0,0
0.0502,0,0
0.0506,0.00122978,0.00267523
0.051,0,0
0.0514,0,0
0.0518,0,0
0.0522,0,0
0.0526,0.00602653,0.00603737
0.053,0,0
0.0534,0.0110186,0.0078044
0.0538,0,0
0.0542,0,0
0.0546,0,0
0.055,0,0
0.0554,0,0
0.0558,0.00600093,0.00601168
0.0562,0,0
0.0566,0,0
0.057,0,0
0.0574,0,0
0.0578,0,0
0.0582,0,0
0.0586,0,0
0.059,0,0
0.0594,0,0
0.0598,0,0
0.0602,0,0
0.0606,0,0
0.061,0,0
0.0614,0,0
0.0618,0,0
0.0622,0,0
0.0626,0,0
0.063,0,0
0.0634,0,0
0.0638,0.00587935,0.00588967
0.0642,0,0
0.0646,0,0
0.065,0,0
0.0654,0.00564305,0.00581813
0.0658,0,0
0.0662,0,0
0.0666,0,0
0.067,0.00566617,0.00567575
0.0674,0.00568144,0.00569107
0.0678,0,0
0.0682,0,0
0.0686,0,0
0.069,0,0
0.0694,0,0
0.0698,0,0
0.0702,0,0
0.0706,0,0
0.071,0.00581443,0.00582453
0.0714,0,0
0.0718,0,0
0.0722,0,0
0.0726,0,0
0.073,0,0
0.0734,0,0
0.0738,0,0
0.0742,0,0
0.0746,0,0
0.075,0,0
0.0754,0,0
0.0758,0,0
0.0762,0,0
0.0766,0,0
0.077,0,0
0.0774,0,0
0.0778,0,0
0.0782,0,0
0.0786,0.00573273,0.00574254
0.079,0.00574934,0.00575921
0.0794,0,0
0.0798,0,0
0.0802,0,0
0.0806,0,0
0.081,0.00031149,0.00129936
0.0814,0,0
0.0818,0,0
0.0822,0,0
0.0826,0,0
0.083,0,0
0.0834,0,0
0.0838,0,0
0.0842,0,0
0.0846,0,0
0.085,0.00609955,0.00611065
0.0854,0,0
0.0858,0,0
0.0862,0,0
0.0866,0,0
0.087,0.00629534,0.00630717
0.0874,0,0
0.0878,0,0
0.0882,0,0
0.0886,0.00571123,0.00572097
0.089,0,0
0.0894,0.00625434,0.00626602
0.0898,0,0
0.0902,0,0
0.0906,0,0
0.091,0,0
0.0914,0,0
0.0918,0,0
0.0922,0,0
0.0926,0,0
0.093,0,0
0.0934,0,0
0.0938,0,0
0.0942,0,0
0.0946,0,0
0.095,0,0
0.0954,0.00332887,0.00441737
0.0958,0.00624303,0.00625466
0.0962,0,0
0.0966,0,0
0.097,0.00650605,0.00651867
0.0974,0,0
0.0978,0,0
0.0982,0,0
0.0986,0,0
0.099,0,0
0.0994,0,0
0.0998,0,0
0.1002,0.0132278,0.00937197
0.1006,0.00694819,0.00696259
0.101,0,0
0.1014,0.00645998,0.00647242
0.1018,0,0
0.1022,0,0
0.1026,0,0
0.103,0,0
0.1034,0,0
0.1038,0,0
0.1042,0,0
0.1046,0,0
0.105,0,0
0.1054,0,0
0.1058,0,0
0.1062,0,0
0.1066,0,0
0.107,0,0
0.1074,0,0
0.1078,0,0
0.1082,0.00766247,0.00767995
0.1086,0,0
0.109,0,0
0.1094,0,0
0.1098,0,0
0.1102,0,0
0.1106,0,0
0.111,0,0
0.1114,0,0
0.1118,0,0
0.1122,0.00963144,0.00980909
0.1126,0.00807219,0.00809158
0.113,0,0
0.1134,0,0
0.1138,0,0
0.1142,0,0
0.1146,0,0
0.115,0,0
0.1154,0,0
0.1158,0,0
0.1162,0,0
0.1166,0,0
0.117,0,0
0.1174,0,0
0.1178,0,0
0.1182,0,0
0.1186,0,0
0.119,0,0
0.1194,0,0
0.1198,0.0071582,0.00820324
5
-0.1198,0,0
-0.1194,0,0
-0.119,0,0
-0.1186,0,0
-0.1182,0,0
-0.1178,0,0
-0.1174,0,0
-0.117,0,0
-0.1166,0,0
-0.1162,0,0
-0.1158,0,0
-0.1154,0.00609007,0.00610132
-0.115,0,0
-0.1146,0,0
-0.1142,0,0
-0.1138,0,0
-0.1134,0,0
-0.113,0,0
-0.1126,0,0
-0.1122,0,0
-0.1118,0,0
-0.1114,0,0
-0.111,0,0
-0.1106,0.00656781,0.00658085
-0.1102,0,0
-0.1098,0,0
-0.1094,0,0
-0.109,0,0
-0.1086,0,0
-0.1082,0.00650714,0.00651991
-0.1078,0,0
-0.1074,0,0
-0.107,0,0
-0.1066,0,0
-0.1062,0,0
-0.1058,0.00655012,0.00656305
-0.1054,0,0
-0.105,0,0
-0.1046,0,0
-0.1042,0,0
-0.1038,0,0
-0.1034,0,0
-0.103,0,0
-0.1026,0,0
-0.1022,0,0
-0.1018,0,0
-0.1014,0,0
-0.101,0,0
-0.1006,0,0
-0.1002,0,0
-0.0998,0,0
-0.0994,0,0
-0.099,0,0
-0.0986,0,0
-0.0982,0,0
-0.0978,0,0
-0.0974,0.00651494,0.00652765
-0.097,0,0
-0.0966,0,0
-0.0962,0,0
-0.0958,0,0
-0.0954,0,0
-0.095,0.00656787,0.00658077
-0.0946,0,0
-0.0942,0,0
-0.0938,0,0
-0.0934,0.00648613,0.00649869
-0.093,0,0
-0.0926,0,0
-0.0922,0,0
-0.0918,0,0
-0.0914,0.00617621,0.00618759
-0.091,0,0
-0.0906,0,0
-0.0902,0.00636606,0.00637814
-0.0898,0,0
-0.0894,0,0
-0.089,0,0
-0.0886,0,0
-0.0882,0,0
-0.0878,0,0
-0.0874,0,0
-0.087,0,0
-0.0866,0,0
-0.0862,0,0
-0.0858,0,0
-0.0854,0.00623128,0.00624282
-0.085,0,0
-0.0846,0,0
-0.0842,0,0
-0.0838,0.00646912,0.00648155
-0.0834,0,0
-0.083,0.00662635,0.00663938
-0.0826,0,0
-0.0822,0,0
-0.0818,0.00302124,0.00417031
-0.0814,0,0
-0.081,0,0
-0.0806,0,0
-0.0802,0,0
-0.0798,0,0
-0.0794,0,0
-0.079,0,0
-0.0786,0,0
-0.0782,0,0
-0.0778,0,0
-0.0774,0,0
-0.077,0,0
-0.0766,0,0
-0.0762,0,0
-0.0758,0,0
-0.0754,0,0
-0.075,0,0
-0.0746,0,0
-0.0742,0,0
-0.0738,0,0
-0.0734,0,0
-0.073,0,0
-0.0726,0,0
-0.0722,0,0
-0.0718,0,0
-0.0714,0,0
-0.071,0,0
-0.0706,0,0
-0.0702,0,0
-0.0698,0,0
-0.0694,0,0
-0.069,0.00663727,0.00665024
-0.0686,0,0
-0.0682,0,0
-0.0678,0,0
-0.0674,0,0
-0.067,0,0
-0.0666,0,0
-0.0662,0,0
-0.0658,0,0
-0.0654,0,0
-0.065,0,0
-0.0646,0,0
-0.0642,0,0
-0.0638,0.00632393,0.00633568
-0.0634,0.00632518,0.00633693
-0.063,0,0
-0.0626,0,0
-0.0622,0,0
-0.0618,0,0
-0.0614,0,0
-0.061,0,0
-0.0606,0,0
-0.0602,0,0
-0.0598,0,0
-0.0594,0,0
-0.059,0,0
-0.0586,0,0
-0.0582,0,0
-0.0578,0,0
-0.0574,0,0
-0.057,0,0
-0.0566,0,0
-0.0562,0,0
-0.0558,0,0
-0.0554,0,0
-0.055,0,0
-0.0546,0,0
-0.0542,0.0132157,0.00936332
-0.0538,0,0
-0.0534,0,0
-0.053,0,0
-0.0526,0,0
-0.0522,0,0
-0.0518,0,0
-0.0514,0,0
-0.051,0,0
-0.0506,0.00662976,0.0066426
-0.0502,0,0
-0.0498,0.00587898,0.00588907
-0.0494,0,0
-0.049,0,0
-0.0486,0,0
-0.0482,0,0
-0.0478,0,0
-0.0474,0,0
-0.047,0,0
-0.0466,0,0
-0.0462,0,0
-0.0458,0,0
-0.0454,0,0
-0.045,0.00629472,0.00630628
-0.0446,0,0
-0.0442,0,0
-0.0438,0,0
-0.0434,0,0
-0.043,0,0
-0.0426,0.00646275,0.00647492
-0.0422,0.00673732,0.00675055
-0.0418,0,0
-0.0414,0.00632403,0.00633567
-0.041,0,0
-0.0406,0,0
-0.0402,0.00618278,0.00619391
-0.0398,0.00632971,0.00634138
-0.0394,0,0
-0.039,0,0
-0.0386,0,0
-0.0382,0,0
-0.0378,0,0
-0.0374,0.00620563,0.00621684
-0.037,0,0
-0.0366,0,0
-0.0362,0,0
-0.0358,0,0
-0.0354,0,0
-0.035,0,0
-0.0346,0,0
-0.0342,0,0
-0.0338,0,0
-0.0334,0,0
-0.033,0,0
-0.0326,0,0
-0.0322,0,0
-0.0318,0,0
-0.0314,0,0
-0.031,0,0
-0.0306,0,0
-0.0302,0,0
-0.0298,0.0061236,0.00613449
-0.0294,0,0
-0.029,0.00587838,0.00588841
-0.0286,0.00522764,0.00579656
-0.0282,0,0
-0.0278,0,0
-0.0274,0,0
-0.027,0,0
-0.0266,0.0060799,0.00609063
-0.0262,0.00644898,0.00646104
-0.0258,0,0
-0.0254,0,0
-0.025,0,0
-0.0246,0.00721184,0.00722691
-0.0242,0,0
-0.0238,0,0
-0.0234,0,0
-0.023,0,0
-0.0226,0.00648392,0.00649611
-0.0222,0,0
-0.0218,0,0
-0.0214,0,0
-0.021,0,0
-0.0206,0,0
-0.0202,0,0
-0.0198,0.00618623,0.00619731
-0.0194,0,0
-0.019,0,0
-0.0186,0,0
-0.0182,0,0
-0.0178,0,0
-0.0174,0,0
-0.017,0.00690968,0.00692349
-0.0166,0,0
-0.0162,0.00596502,0.00597532
-0.0158,0.00607155,0.00608221
-0.0154,0,0
-0.015,0,0
-0.0146,0,0
-0.0142,0,0
-0.0138,0,0
-0.0134,0.00606702,0.00607767
-0.013,0,0
-0.0126,0,0
-0.0122,0,0
-0.0118,0.00634451,0.00635615
-0.0114,0,0
-0.011,0.0063799,0.00639166
-0.0106,0.00623267,0.0062439
-0.0102,0,0
-0.0098,0,0
-0.0094,0,0
-0.009,0,0
-0.0086,0,0
-0.0082,0.00662352,0.00663619
-0.0078,0.0062489,0.00626017
-0.0074,0.00635362,0.00636528
-0.007,0,0
-0.0066,0,0
-0.0062,0.00666649,0.00667932
-0.0058,0,0
-0.0054,0.00682455,0.00683799
-0.005,0.011741,0.00831731
-0.0046,0.00618175,0.00619278
-0.0042,0.0127523,0.00903386
-0.0038,0.012991,0.00920739
-0.0034,0.0507373,0.0179718
-0.003,0.0547793,0.0183095
-0.0026,0.116999,0.0262072
-0.0022,0.28431,0.0424352
-0.0018,0.373589,0.0483339
-0.0014,0.534657,0.0567822
-0.001,0.83856,0.0717959
-0.0006,1.27708,0.0902266
-0.0002,1.20741,0.0852443
0.0002,1.15171,0.0842758
0.0006,0.839622,0.0752993
0.001,0.404164,0.0515382
0.0014,0.279498,0.041954
0.0018,0.256138,0.040278
0.0022,0.0981571,0.0250807
0.0026,0.0507331,0.0179701
0.003,0.0301878,0.013524
0.0034,0.0174105,0.0100692
0.0038,0.00587418,0.00588414
0.0042,0.0178686,0.0103433
0.0046,0.00688284,0.0068965
0.005,0.00628125,0.00629263
0.0054,0,0
0.0058,0.0066795,0.00669237
0.0062,0,0
0.0066,0.0128123,0.00908241
0.007,0.0066373,0.00665001
0.0074,0,0
0.0078,0,0
0.0082,0.00624882,0.00626008
0.0086,0,0
0.009,0,0
0.0094,0,0
0.0098,0,0
0.0102,0.00673089,0.00674396
0.0106,0.00669377,0.0067067
0.011,0,0
0.0114,0,0
0.0118,0,0
0.0122,0,0
0.0126,0,0
0.013,0,0
0.0134,0.00625221,0.00626349
0.0138,0,0
0.0142,0.0065294,0.0065417
0.0146,0,0
0.015,0,0
0.0154,0,0
0.0158,0,0
0.0162,0.00655313,0.00656552
0.0166,0,0
0.017,0,0
0.0174,0.00643613,0.00644809
0.0178,0,0
0.0182,0,0
0.0186,0,0
0.019,0.00642639,0.0064383
0.0194,0,0
0.0198,0,0
0.0202,0.00672361,0.00673666
0.0206,0,0
0.021,0,0
0.0214,0.0117555,0.00832656
0.0218,0,0
0.0222,0,0
0.0226,0,0
0.023,0,0
0.0234,0,0
0.0238,0,0
0.0242,0.012817,0.00907975
0.0246,0,0
0.025,0,0
0.0254,0,0
0.0258,0,0
0.0262,0.00865388,0.00760329
0.0266,0,0
0.027,0.00632988,0.00634144
0.0274,0,0
0.0278,0,0
0.0282,0,0
0.0286,0,0
0.029,0,0
0.0294,0,0
0.0298,0,0
0.0302,0.0120449,0.00853184
0.0306,0,0
0.031,0,0
0.0314,0,0
0.0318,0,0
0.0322,0,0
0.0326,0,0
0.033,0.00599819,0.00600857
0.0334,0,0
0.0338,0,0
0.0342,0,0
0.0346,0,0
0.035,0,0
0.0354,0,0
0.0358,0,0
0.0362,0.00612772,0.00613855
0.0366,0,0
0.037,0,0
0.0374,0,0
0.0378,0,0
0.0382,0,0
0.0386,0.00634765,0.00635926
0.039,0,0
0.0394,0,0
0.0398,0,0
0.0402,0,0
0.0406,0,0
0.041,0,0
0.0414,0,0
0.0418,0,0
0.0422,0,0
0.0426,0,0
0.043,0,0
0.0434,0.00592632,0.00593643
0.0438,0,0
0.0442,0,0
0.0446,0,0
0.045,0,0
0.0454,0,0
0.0458,0,0
0.0462,0,0
0.0466,0,0
0.047,0,0
0.0474,0,0
0.0478,0,0
0.0482,0,0
0.0486,0,0
0.049,0,0
0.0494,0,0
0.0498,0,0
0.0502,0,0
0.0506,0.00473742,0.00534617
0.051,0,0
0.0514,0,0
0.0518,0,0
0.0522,0,0
0.0526,0,0
0.053,0,0
0.0534,0,0
0.0538,0,0
0.0542,0.00623907,0.00625026
0.0546,0,0
0.055,0,0
0.0554,0,0
0.0558,0.00600414,0.0060145
0.0562,0,0
0.0566,0,0
0.057,0,0
0.0574,0,0
0.0578,0.0057593,0.00576883
0.0582,0,0
0.0586,0,0
0.059,0,0
0.0594,0,0
0.0598,0.00594113,0.00595127
0.0602,0,0
0.0606,0,0
0.061,0,0
0.0614,0,0
0.0618,0.00588207,0.005892
0.0622,0,0
0.0626,0,0
0.063,0,0
0.0634,0,0
0.0638,0,0
0.0642,0,0
0.0646,0,0
0.065,0,0
0.0654,0,0
0.0658,0,0
0.0662,0,0
0.0666,0,0
0.067,0,0
0.0674,0,0
0.0678,0,0
0.0682,0.0062434,0.00625457
0.0686,0,0
0.069,0,0
0.0694,0,0
0.0698,0,0
0.0702,0,0
0.0706,0,0
0.071,0.00608731,0.00609792
0.0714,0,0
0.0718,0,0
0.0722,0,0
0.0726,0.00631388,0.00632529
0.073,0,0
0.0734,0,0
0.0738,0.00602632,0.00603671
0.0742,0,0
0.0746,0,0
0.075,0,0
0.0754,0,0
0.0758,0,0
0.0762,0,0
0.0766,0,0
0.077,0,0
0.0774,0,0
0.0778,0,0
0.0782,0,0
0.0786,0,0
0.079,0.00601041,0.00602072
0.0794,0.00653794,0.00655015
0.0798,0,0
0.0802,0,0
0.0806,0,0
0.081,0,0
0.0814,0,0
0.0818,0,0
0.0822,0,0
0.0826,0,0
0.083,0,0
0.0834,0,0
0.0838,0,0
0.0842,0,0
0.0846,0,0
0.085,0,0
0.0854,0,0
0.0858,0,0
0.0862,0.00618944,0.00620035
0.0866,0,0
0.087,0,0
0.0874,0,0
0.0878,0,0
0.0882,0,0
0.0886,0.00599003,0.00600024
0.089,0,0
0.0894,0,0
0.0898,0,0
0.0902,0,0
0.0906,0,0
0.091,0,0
0.0914,0,0
0.0918,0,0
0.0922,0.00629238,0.00630363
0.0926,0,0
0.093,0,0
0.0934,0,0
0.0938,0,0
0.0942,0,0
0.0946,0,0
0.095,0,0
0.0954,0.00264184,0.00403519
0.0958,0,0
0.0962,0,0
0.0966,0,0
0.097,0.00658585,0.00659815
0.0974,0,0
0.0978,0,0
0.0982,0,0
0.0986,0,0
0.099,0,0
0.0994,0,0
0.0998,0,0
0.1002,0.013503,0.00957123
0.1006,0,0
0.101,0.00702434,0.0070383
0.1014,0,0
0.1018,0,0
0.1022,0,0
0.1026,0,0
0.103,0,0
0.1034,0,0
0.1038,0,0
0.1042,0,0
0.1046,0,0
0.105,0,0
0.1054,0,0
0.1058,0,0
0.1062,0,0
0.1066,0,0
0.107,0,0
0.1074,0,0
0.1078,0,0
0.1082,0,0
0.1086,0.0176905,0.012542
0.109,0,0
0.1094,0,0
0.1098,0,0
0.1102,0,0
0.1106,0,0
0.111,0,0
0.1114,0.00849948,0.00851982
0.1118,0,0
0.1122,0,0
0.1126,0,0
0.113,0,0
0.1134,0.00992774,0.00995546
0.1138,0,0
0.1142,0,0
0.1146,0,0
0.115,0,0
0.1154,0,0
0.1158,0.0109537,0.0109874
0.1162,0,0
0.1166,0,0
0.117,0,0
0.1174,0.0105317,0.0105629
0.1178,0,0
0.1182,0,0
0.1186,0,0
0.119,0,0
0.1194,0,0
0.1198,0.00232174,0.00480961
6
-0.1198,0,0
-0.1194,0,0
-0.119,0,0
-0.1186,0,0
-0.1182,0,0
-0.1178,0,0
-0.1174,0,0
-0.117,0.0051944,0.0052036
-0.1166,0,0
-0.1162,0,0
-0.1158,0,0
-0.1154,0,0
-0.115,0,0
-0.1146,0,0
-0.1142,0,0
-0.1138,0.00585319,0.00586484
-0.1134,0,0
-0.113,0,0
-0.1126,0,0
-0.1122,0,0
-0.1118,0,0
-0.1114,0,0
-0.111,0,0
-0.1106,0,0
-0.1102,0,0
-0.1098,0,0
-0.1094,0,0
-0.109,0,0
-0.1086,0,0
-0.1082,0,0
-0.1078,0,0
-0.1074,0,0
-0.107,0,0
-0.1066,0,0
-0.1062,0,0
-0.1058,0,0
-0.1054,0,0
-0.105,0,0
-0.1046,0,0
-0.1042,0.00551572,0.00552598
-0.1038,0,0
-0.1034,0,0
-0.103,0,0
-0.1026,0,0
-0.1022,0,0
-0.1018,0,0
-0.1014,0,0
-0.101,0,0
-0.1006,0,0
-0.1002,0,0
-0.0998,0,0
-0.0994,0,0
-0.099,0.00574725,0.00575834
-0.0986,0,0
-0.0982,0,0
-0.0978,0,0
-0.0974,0,0
-0.097,0,0
-0.0966,0,0
-0.0962,0,0
-0.0958,0,0
-0.0954,0,0
-0.095,0,0
-0.0946,0,0
-0.0942,0,0
-0.0938,0,0
-0.0934,0,0
-0.093,0,0
-0.0926,0,0
-0.0922,0,0
-0.0918,0,0
-0.0914,0,0
-0.091,0,0
-0.0906,0,0
-0.0902,0,0
-0.0898,0,0
-0.0894,0,0
-0.089,0,0
-0.0886,0,0
-0.0882,0.00586174,0.0058732
-0.0878,0,0
-0.0874,0,0
-0.087,0,0
-0.0866,0.00552766,0.00553787
-0.0862,0,0
-0.0858,0,0
-0.0854,0,0
-0.085,0,0
-0.0846,0,0
-0.0842,0,0
-0.0838,0,0
-0.0834,0.00501295,0.00502138
-0.083,0,0
-0.0826,0,0
-0.0822,0,0
-0.0818,0.0108247,0.00768396
-0.0814,0,0
-0.081,0,0
-0.0806,0,0
-0.0802,0,0
-0.0798,0,0
-0.0794,0,0
-0.079,0,0
-0.0786,0,0
-0.0782,0,0
-0.0778,0,0
-0.0774,0,0
-0.077,0,0
-0.0766,0,0
-0.0762,0,0
-0.0758,0,0
-0.0754,0,0
-0.075,0,0
-0.0746,0,0
-0.0742,0,0
-0.0738,0,0
-0.0734,0,0
-0.073,0,0
-0.0726,0.00531477,0.00532434
-0.0722,0,0
-0.0718,0.00616079,0.00617366
-0.0714,0,0
-0.071,0,0
-0.0706,0,0
-0.0702,0,0
-0.0698,0,0
-0.0694,0,0
-0.069,0,0
-0.0686,0,0
-0.0682,0,0
-0.0678,0,0
-0.0674,0,0
-0.067,0,0
-0.0666,0,0
-0.0662,0,0
-0.0658,0.00523027,0.0052396
-0.0654,0,0
-0.065,0,0
-0.0646,0,0
-0.0642,0,0
-0.0638,0,0
-0.0634,0,0
-0.063,0,0
-0.0626,0,0
-0.0622,0,0
-0.0618,0,0
-0.0614,0,0
-0.061,0.00508875,0.00509761
-0.0606,0.00574483,0.00575613
-0.0602,0,0
-0.0598,0,0
-0.0594,0.00535636,0.0053662
-0.059,0,0
-0.0586,0.00564314,0.00565406
-0.0582,0,0
-0.0578,0,0
-0.0574,0,0
-0.057,0,0
-0.0566,0,0
-0.0562,0.00499632,0.0050049
-0.0558,0,0
-0.0554,0,0
-0.055,0,0
-0.0546,0,0
-0.0542,0,0
-0.0538,0,0
-0.0534,0,0
-0.053,0.0114849,0.00813715
-0.0526,0,0
-0.0522,0,0
-0.0518,0,0
-0.0514,0,0
-0.051,0,0
-0.0506,0,0
-0.0502,0,0
-0.0498,0,0
-0.0494,0,0
-0.049,0,0
-0.0486,0,0
-0.0482,0,0
-0.0478,0,0
-0.0474,0,0
-0.047,0,0
-0.0466,0,0
-0.0462,0,0
-0.0458,0,0
-0.0454,0,0
-0.045,0,0
-0.0446,0,0
-0.0442,0.00514051,0.00514967
-0.0438,0,0
-0.0434,0,0
-0.043,0.00542559,0.0054358
-0.0426,0,0
-0.0422,0,0
-0.0418,0,0
-0.0414,0,0
-0.041,0,0
-0.0406,0,0
-0.0402,0,0
-0.0398,0.00537229,0.00538233
-0.0394,0,0
-0.039,0,0
-0.0386,0,0
-0.0382,0,0
-0.0378,0,0
-0.0374,0,0
-0.037,0,0
-0.0366,0,0
-0.0362,0,0
-0.0358,0,0
-0.0354,0,0
-0.035,0,0
-0.0346,0,0
-0.0342,0.00558281,0.00559368
-0.0338,0.00613322,0.00614634
-0.0334,0,0
-0.033,0.00548063,0.00549112
-0.0326,0,0
-0.0322,0,0
-0.0318,0,0
-0.0314,0,0
-0.031,0,0
-0.0306,0,0
-0.0302,0,0
-0.0298,0,0
-0.0294,0,0
-0.029,0,0
-0.0286,0,0
-0.0282,0.00970353,0.0068731
-0.0278,0,0
-0.0274,0,0
-0.027,0,0
-0.0266,0,0
-0.0262,0,0
-0.0258,0,0
-0.0254,0,0
-0.025,0.00542544,0.00543576
-0.0246,0,0
-0.0242,0,0
-0.0238,0.00518576,0.00519519
-0.0234,0,0
-0.023,0,0
-0.0226,0,0
-0.0222,0,0
-0.0218,0,0
-0.0214,0,0
-0.021,0,0
-0.0206,0,0
-0.0202,0.00544411,0.00545452
-0.0198,0,0
-0.0194,0,0
-0.019,0.00558672,0.00559769
-0.0186,0,0
-0.0182,0.00502421,0.00503308
-0.0178,0,0
-0.0174,0,0
-0.017,0,0
-0.0166,0,0
-0.0162,0,0
-0.0158,0,0
-0.0154,0,0
-0.015,0.00512962,0.00513888
-0.0146,0.00512871,0.00513797
-0.0142,0.0051434,0.00515272
-0.0138,0,0
-0.0134,0,0
-0.013,0.00518167,0.00519113
-0.0126,0,0
-0.0122,0,0
-0.0118,0,0
-0.0114,0,0
-0.011,0.00522293,0.00523254
-0.0106,0,0
-0.0102,0,0
-0.0098,0,0
-0.0094,0,0
-0.009,0.00523849,0.00524817
-0.0086,0,0
-0.0082,0.0108447,0.00768306
-0.0078,0,0
-0.0074,0,0
-0.007,0,0
-0.0066,0,0
-0.0062,0.00545244,0.00546293
-0.0058,0.00521381,0.00522341
-0.0054,0.00944517,0.00668989
-0.005,0,0
-0.0046,0.0151566,0.00876629
-0.0042,0.00546525,0.0054758
-0.0038,0.0054646,0.00547515
-0.0034,0.0155744,0.00900858
-0.003,0.00999037,0.00708348
-0.0026,0.0143314,0.00828825
-0.0022,0.0770911,0.0199551
-0.0018,0.12195,0.0249451
-0.0014,0.161889,0.0282386
-0.001,0.279869,0.0374796
-0.0006,0.316178,0.0405678
-0.0002,0.391108,0.0438139
0.0002,0.519139,0.0510315
0.0006,0.434676,0.0490595
0.001,0.306748,0.0400887
0.0014,0.266956,0.0370893
0.0018,0.123462,0.0252491
0.0022,0.0833519,0.020877
0.0026,0.0622888,0.0180148
0.003,0.0253574,0.0113637
0.0034,0.00941425,0.00666797
0.0038,0.00471725,0.00472511
0.0042,0.0094348,0.00668255
0.0046,0.0318355,0.0130327
0.005,0.015383,0.00889748
0.0054,0.00499418,0.00500299
0.0058,0.00509317,0.00510234
0.0062,0.0101875,0.00721665
0.0066,0,0
0.007,0.0105443,0.00747291
0.0074,0,0
0.0078,0.00510634,0.00511554
0.0082,0.00510707,0.00511627
0.0086,0,0
0.009,0,0
0.0094,0,0
0.0098,0,0
0.0102,0,0
0.0106,0,0
0.011,0,0
0.0114,0,0
0.0118,0,0
0.0122,0,0
0.0126,0,0
0.013,0.00983197,0.0069994
0.0134,0.00512712,0.00513637
0.0138,0,0
0.0142,0,0
0.0146,0,0
0.015,0.00566058,0.00567184
0.0154,0,0
0.0158,0,0
0.0162,0.00553631,0.00554706
0.0166,0,0
0.017,0,0
0.0174,0,0
0.0178,0,0
0.0182,0,0
0.0186,0,0
0.019,0,0
0.0194,0.00465482,0.00466239
0.0198,0,0
0.0202,0,0
0.0206,0,0
0.021,0,0
0.0214,0.00485806,0.00486627
0.0218,0,0
0.0222,0,0
0.0226,0,0
0.023,0,0
0.0234,0,0
0.0238,0,0
0.0242,0,0
0.0246,0,0
0.025,0.00505861,0.00506746
0.0254,0,0
0.0258,0,0
0.0262,0,0
0.0266,0,0
0.027,0,0
0.0274,0,0
0.0278,0,0
0.0282,0,0
0.0286,0.00534701,0.00535684
0.029,0,0
0.0294,0,0
0.0298,0,0
0.0302,0,0
0.0306,0,0
0.031,0,0
0.0314,0,0
0.0318,0,0
0.0322,0,0
0.0326,0.0106921,0.00757482
0.033,0,0
0.0334,0.00490239,0.00491059
0.0338,0,0
0.0342,0,0
0.0346,0.00600704,0.00601931
0.035,0,0
0.0354,0,0
0.0358,0,0
0.0362,0,0
0.0366,0,0
0.037,0.00498197,0.00499038
0.0374,0,0
0.0378,0,0
0.0382,0,0
0.0386,0,0
0.039,0,0
0.0394,0,0
0.0398,0.0058093,0.00582068
0.0402,0.00494138,0.00494961
0.0406,0,0
0.041,0,0
0.0414,0,0
0.0418,0,0
0.0422,0,0
0.0426,0,0
0.043,0,0
0.0434,0,0
0.0438,0,0
0.0442,0,0
0.0446,0,0
0.045,0.00549722,0.00550733
0.0454,0,0
0.0458,0,0
0.0462,0,0
0.0466,0,0
0.047,0,0
0.0474,0.00389811,0.00472749
0.0478,0,0
0.0482,0,0
0.0486,0,0
0.049,0,0
0.0494,0,0
0.0498,0,0
0.0502,0,0
0.0506,0,0
0.051,0,0
0.0514,0,0
0.0518,0,0
0.0522,0,0
0.0526,0,0
0.053,0,0
0.0534,0,0
0.0538,0,0
0.0542,0,0
0.0546,0.00556489,0.00557509
0.055,0,0
0.0554,0,0
0.0558,0.0024387,0.00364975
0.0562,0,0
0.0566,0,0
0.057,0,0
0.0574,0,0
0.0578,0,0
0.0582,0,0
0.0586,0,0
0.059,0,0
0.0594,0,0
0.0598,0,0
0.0602,0,0
0.0606,0,0
0.061,0,0
0.0614,0,0
0.0618,0,0
0.0622,0,0
0.0626,0,0
0.063,0,0
0.0634,0,0
0.0638,0,0
0.0642,0.0055649,0.00557496
0.0646,0,0
0.065,0,0
0.0654,0,0
0.0658,0,0
0.0662,0,0
0.0666,0,0
0.067,0,0
0.0674,0,0
0.0678,0,0
0.0682,0,0
0.0686,0,0
0.069,0,0
0.0694,0,0
0.0698,0,0
0.0702,0,0
0.0706,0,0
0.071,0,0
0.0714,0,0
0.0718,0,0
0.0722,0,0
0.0726,0,0
0.073,0,0
0.0734,0,0
0.0738,0,0
0.0742,0.00539007,0.00539936
0.0746,0,0
0.075,0.00528004,0.00528894
0.0754,0,0
0.0758,0,0
0.0762,0,0
0.0766,0,0
0.077,0,0
0.0774,0,0
0.0778,0,0
0.0782,0,0
0.0786,0,0
0.079,0.0108093,0.00765643
0.0794,0,0
0.0798,0,0
0.0802,0,0
0.0806,0,0
0.081,0,0
0.0814,0,0
0.0818,0,0
0.0822,0,0
0.0826,0,0
0.083,0.00164636,0.00311272
0.0834,0,0
0.0838,0,0
0.0842,0,0
0.0846,0,0
0.085,0,0
0.0854,0,0
0.0858,0,0
0.0862,0,0
0.0866,0,0
0.087,0,0
0.0874,0,0
0.0878,0,0
0.0882,0,0
0.0886,0,0
0.089,0,0
0.0894,0,0
0.0898,0,0
0.0902,0,0
0.0906,0,0
0.091,0,0
0.0914,0,0
0.0918,0,0
0.0922,0,0
0.0926,0,0
0.093,0,0
0.0934,0,0
0.0938,0,0
0.0942,0,0
0.0946,0,0
0.095,0.00550356,0.00551297
0.0954,0,0
0.0958,0.00087127,0.00229168
0.0962,0,0
0.0966,0,0
0.097,0,0
0.0974,0,0
0.0978,0.000139134,0.000893737
0.0982,0,0
0.0986,0,0
0.099,0,0
0.0994,0,0
0.0998,0,0
0.1002,0,0
0.1006,0,0
0.101,0.000708171,0.00214199
0.1014,0,0
0.1018,0,0
0.1022,0,0
0.1026,0,0
0.103,0,0
0.1034,0,0
0.1038,0,0
0.1042,0,0
0.1046,0,0
0.105,0,0
0.1054,0,0
0.1058,0,0
0.1062,0,0
0.1066,0,0
0.107,0,0
0.1074,0,0
0.1078,0,0
0.1082,0,0
0.1086,0,0
0.109,0,0
0.1094,0,0
0.1098,0,0
0.1102,0,0
0.1106,0,0
0.111,0,0
0.1114,0,0
0.1118,0,0
0.1122,0,0
0.1126,0,0
0.113,0,0
0.1134,0,0
0.1138,0,0
0.1142,0,0
0.1146,0,0
0.115,0,0
0.1154,0,0
0.1158,0,0
0.1162,0,0
0.1166,0,0
0.117,0.00904939,0.00907452
0.1174,0,0
0.1178,0,0
0.1182,0,0
0.1186,0,0
0.119,0,0
0.1194,0,0
0.1198,0,0
7
-0.1198,0,0
-0.1194,0,0
-0.119,0,0
-0.1186,0,0
-0.1182,0,0
-0.1178,0,0
-0.1174,0,0
-0.117,0,0
-0.1166,0,0
-0.1162,0,0
-0.1158,0,0
-0.1154,0,0
-0.115,0,0
-0.1146,0,0
-0.1142,0,0
-0.1138,0,0
-0.1134,0,0
-0.113,0,0
-0.1126,0,0
-0.1122,0,0
-0.1118,0,0
-0.1114,0,0
-0.111,0,0
-0.1106,0,0
-0.1102,0,0
-0.1098,0.00641993,0.00643427
-0.1094,0,0
-0.109,0,0
-0.1086,0,0
-0.1082,0,0
-0.1078,0,0
-0.1074,0,0
-0.107,0,0
-0.1066,0,0
-0.1062,0,0
-0.1058,0,0
-0.1054,0,0
-0.105,0,0
-0.1046,0,0
-0.1042,0,0
-0.1038,0,0
-0.1034,0.00480489,0.00481297
-0.103,0,0
-0.1026,0,0
-0.1022,0,0
-0.1018,0,0
-0.1014,0,0
-0.101,0,0
-0.1006,0,0
-0.1002,0,0
-0.0998,0.00502763,0.0050365
-0.0994,0,0
-0.099,0,0
-0.0986,0,0
-0.0982,0,0
-0.0978,0.00586899,0.00588111
-0.0974,0.00554326,0.00555407
-0.097,0,0
-0.0966,0.00500452,0.00501334
-0.0962,0,0
-0.0958,0,0
-0.0954,0,0
-0.095,0,0
-0.0946,0,0
-0.0942,0.00533686,0.00534692
-0.0938,0,0
-0.0934,0,0
-0.093,0,0
-0.0926,0,0
-0.0922,0,0
-0.0918,0,0
-0.0914,0,0
-0.091,0,0
-0.0906,0,0
-0.0902,0,0
-0.0898,0,0
-0.0894,0,0
-0.089,0,0
-0.0886,0,0
-0.0882,0,0
-0.0878,0,0
-0.0874,0,0
-0.087,0,0
-0.0866,0,0
-0.0862,0.00525668,0.00526647
-0.0858,0,0
-0.0854,0,0
-0.085,0,0
-0.0846,0,0
-0.0842,0,0
-0.0838,0,0
-0.0834,0,0
-0.083,0,0
-0.0826,0,0
-0.0822,0,0
-0.0818,0,0
-0.0814,0,0
-0.081,0,0
-0.0806,0,0
-0.0802,0,0
-0.0798,0,0
-0.0794,0.00517369,0.00518315
-0.079,0,0
-0.0786,0,0
-0.0782,0,0
-0.0778,0,0
-0.0774,0,0
-0.077,0,0
-0.0766,0,0
-0.0762,0,0
-0.0758,0,0
-0.0754,0,0
-0.075,0,0
-0.0746,0,0
-0.0742,0,0
-0.0738,0,0
-0.0734,0.00509377,0.0051029
-0.073,0,0
-0.0726,0,0
-0.0722,0,0
-0.0718,0,0
-0.0714,0,0
-0.071,0,0
-0.0706,0,0
-0.0702,0,0
-0.0698,0,0
-0.0694,0,0
-0.069,0,0
-0.0686,0,0
-0.0682,0,0
-0.0678,0,0
-0.0674,0,0
-0.067,0.00494059,0.00494913
-0.0666,0,0
-0.0662,0,0
-0.0658,0,0
-0.0654,0,0
-0.065,0,0
-0.0646,0.00503468,0.00504352
-0.0642,0,0
-0.0638,0,0
-0.0634,0,0
-0.063,0,0
-0.0626,0,0
-0.0622,0.00514767,0.0051569
-0.0618,0,0
-0.0614,0,0
-0.061,0,0
-0.0606,0,0
-0.0602,0.00566503,0.00567618
-0.0598,0,0
-0.0594,0,0
-0.059,0,0
-0.0586,0,0
-0.0582,0,0
-0.0578,0,0
-0.0574,0,0
-0.057,0,0
-0.0566,0,0
-0.0562,0,0
-0.0558,0,0
-0.0554,0,0
-0.055,0,0
-0.0546,0.00549057,0.00550097
-0.0542,0.00565671,0.00566774
-0.0538,0,0
-0.0534,0,0
-0.053,0,0
-0.0526,0.0121287,0.00859478
-0.0522,0,0
-0.0518,0.00542726,0.00543738
-0.0514,0,0
-0.051,0,0
-0.0506,0,0
-0.0502,0,0
-0.0498,0,0
-0.0494,0,0
-0.049,0.0052804,0.00528995
-0.0486,0,0
-0.0482,0.00547638,0.00548663
-0.0478,0,0
-0.0474,0,0
-0.047,0,0
-0.0466,0,0
-0.0462,0.00583248,0.00584407
-0.0458,0,0
-0.0454,0,0
-0.045,0,0
-0.0446,0,0
-0.0442,0,0
-0.0438,0,0
-0.0434,0,0
-0.043,0,0
-0.0426,0,0
-0.0422,0,0
-0.0418,0.00562848,0.0056392
-0.0414,0.00563335,0.00564408
-0.041,0,0
-0.0406,0,0
-0.0402,0,0
-0.0398,0,0
-0.0394,0.00554127,0.00555162
-0.039,0.00554158,0.00555193
-0.0386,0,0
-0.0382,0,0
-0.0378,0.011563,0.00819216
-0.0374,0,0
-0.037,0,0
-0.0366,0,0
-0.0362,0.00592658,0.00593835
-0.0358,0,0
-0.0354,0,0
-0.035,0,0
-0.0346,0,0
-0.0342,0.00579564,0.00580687
-0.0338,0,0
-0.0334,0,0
-0.033,0,0
-0.0326,0,0
-0.0322,0.00488628,0.00489423
-0.0318,0,0
-0.0314,0,0
-0.031,0,0
-0.0306,0,0
-0.0302,0,0
-0.0298,0,0
-0.0294,0,0
-0.029,0,0
-0.0286,0,0
-0.0282,0,0
-0.0278,0,0
-0.0274,0,0
-0.027,0,0
-0.0266,0,0
-0.0262,0,0
-0.0258,0.00209144,0.00357174
-0.0254,0,0
-0.025,0.00579216,0.00580317
-0.0246,0,0
-0.0242,0,0
-0.0238,0,0
-0.0234,0,0
-0.023,0,0
-0.0226,0,0
-0.0222,0,0
-0.0218,0,0
-0.0214,0.00570823,0.00571886
-0.021,0,0
-0.0206,0,0
-0.0202,0,0
-0.0198,0.00341176,0.00434434
-0.0194,0,0
-0.019,0.00584026,0.00585132
-0.0186,0,0
-0.0182,0.00611318,0.00612528
-0.0178,0,0
-0.0174,0,0
-0.017,0.00602179,0.0060335
-0.0166,0,0
-0.0162,0,0
-0.0158,0,0
-0.0154,0,0
-0.015,0,0
-0.0146,0,0
-0.0142,0,0
-0.0138,0,0
-0.0134,0,0
-0.013,0,0
-0.0126,0,0
-0.0122,0,0
-0.0118,0,0
-0.0114,0,0
-0.011,0,0
-0.0106,0,0
-0.0102,0,0
-0.0098,0.005759,0.00576957
-0.0094,0,0
-0.009,0,0
-0.0086,0,0
-0.0082,0.00602158,0.0060331
-0.0078,0.00548926,0.00549882
-0.0074,0,0
-0.007,0.00624771,0.00626008
-0.0066,0,0
-0.0062,0,0
-0.0058,0.00581642,0.00582713
-0.0054,0.0115018,0.00817609
-0.005,0.00527593,0.00528473
-0.0046,0.0110986,0.00786297
-0.0042,0.00611531,0.00612711
-0.0038,0.00788783,0.00691547
-0.0034,0.0290621,0.0130212
-0.003,0.0310882,0.0131017
-0.0026,0.0428858,0.0151882
-0.0022,0.0888814,0.0227168
-0.0018,0.134685,0.0277825
-0.0014,0.167049,0.0304307
-0.001,0.369985,0.04564
-0.0006,0.586512,0.0585468
-0.0002,0.679099,0.0612903
0.0002,0.810558,0.0678468
0.0006,0.863257,0.0734767
0.001,0.515139,0.0553542
0.0014,0.334813,0.0440932
0.0018,0.281325,0.0405174
0.0022,0.259578,0.0392021
0.0026,0.0957461,0.0237711
0.003,0.0425412,0.0154839
0.0034,0.026835,0.0120047
0.0038,0.0169433,0.00958705
0.0042,0.0168217,0.00965218
0.0046,0.0191207,0.0110613
0.005,0.0290982,0.0130368
0.0054,0.0345428,0.0141356
0.0058,0.0119797,0.00849177
0.0062,0.0231497,0.0115958
0.0066,0,0
0.007,0.0133699,0.00883995
0.0074,0.0124108,0.00879271
0.0078,0.00555364,0.00556322
0.0082,0,0
0.0086,0.0120611,0.00854857
0.009,0.00630165,0.00631396
0.0094,0,0
0.0098,0.00617789,0.00618972
0.0102,0.00626943,0.0062816
0.0106,0,0
0.011,0.00570929,0.00571938
0.0114,0,0
0.0118,0,0
0.0122,0,0
0.0126,0,0
0.013,0.000112683,0.000799365
0.0134,0.00583396,0.00584449
0.0138,0,0
0.0142,0,0
0.0146,0,0
0.015,0,0
0.0154,0,0
0.0158,0,0
0.0162,0,0
0.0166,0,0
0.017,0,0
0.0174,0.00600644,0.0060176
0.0178,0,0
0.0182,0,0
0.0186,0,0
0.019,0.00599176,0.00600287
0.0194,0.00525033,0.00525886
0.0198,0,0
0.0202,0,0
0.0206,0.00621793,0.00622991
0.021,0,0
0.0214,0,0
0.0218,0.00548716,0.0054965
0.0222,0,0
0.0226,0,0
0.023,0,0
0.0234,0,0
0.0238,0,0
0.0242,0,0
0.0246,0,0
0.025,0,0
0.0254,0,0
0.0258,0,0
0.0262,0,0
0.0266,0,0
0.027,0,0
0.0274,0,0
0.0278,0,0
0.0282,0,0
0.0286,0.00589715,0.00590798
0.029,0,0
0.0294,0,0
0.0298,0,0
0.0302,0,0
0.0306,0.00561552,0.00562536
0.031,0,0
0.0314,0,0
0.0318,0,0
0.0322,0,0
0.0326,0,0
0.033,0,0
0.0334,0.00534149,0.00535042
0.0338,0,0
0.0342,0,0
0.0346,0,0
0.035,0.00676465,0.00677899
0.0354,0,0
0.0358,0,0
0.0362,0,0
0.0366,0,0
0.037,0,0
0.0374,0,0
0.0378,0,0
0.0382,0,0
0.0386,0,0
0.039,0,0
0.0394,0,0
0.0398,0,0
0.0402,0,0
0.0406,0,0
0.041,0,0
0.0414,0,0
0.0418,0,0
0.0422,0,0
0.0426,0,0
0.043,0,0
0.0434,0,0
0.0438,0,0
0.0442,0,0
0.0446,0,0
0.045,0,0
0.0454,0,0
0.0458,0,0
0.0462,0.00550002,0.00550962
0.0466,0,0
0.047,0,0
0.0474,0.00802171,0.00700239
0.0478,0.0119852,0.00849093
0.0482,0,0
0.0486,0,0
0.049,0.00594691,0.00595816
0.0494,0.00584681,0.00585769
0.0498,0,0
0.0502,0,0
0.0506,0,0
0.051,0,0
0.0514,0,0
0.0518,0,0
0.0522,0,0
0.0526,0,0
0.053,0,0
0.0534,0,0
0.0538,0,0
0.0542,0,0
0.0546,0,0
0.055,0,0
0.0554,0,0
0.0558,0.00308027,0.00415358
0.0562,0,0
0.0566,0,0
0.057,0,0
0.0574,0,0
0.0578,0,0
0.0582,0,0
0.0586,0.00543919,0.00544871
0.059,0,0
0.0594,0,0
0.0598,0.00575263,0.0057633
0.0602,0,0
0.0606,0,0
0.061,0,0
0.0614,0,0
0.0618,0,0
0.0622,0,0
0.0626,0,0
0.063,0,0
0.0634,0,0
0.0638,0,0
0.0642,0,0
0.0646,0,0
0.065,0,0
0.0654,0,0
0.0658,0,0
0.0662,0,0
0.0666,0,0
0.067,0,0
0.0674,0,0
0.0678,0.00565339,0.0056638
0.0682,0,0
0.0686,0,0
0.069,0,0
0.0694,0,0
0.0698,0,0
0.0702,0,0
0.0706,0.00532736,0.00533665
0.071,0,0
0.0714,0,0
0.0718,0,0
0.0722,0.00542064,0.00543027
0.0726,0,0
0.073,0,0
0.0734,0,0
0.0738,0,0
0.0742,0,0
0.0746,0,0
0.075,0,0
0.0754,0.00519143,0.00520029
0.0758,0.00577786,0.00578883
0.0762,0.00550388,0.00551385
0.0766,0.00520834,0.00521727
0.077,0,0
0.0774,0,0
0.0778,0,0
0.0782,0,0
0.0786,0,0
0.079,0.00520607,0.005215
0.0794,0,0
0.0798,0,0
0.0802,0,0
0.0806,0,0
0.081,0,0
0.0814,0,0
0.0818,0,0
0.0822,0,0
0.0826,0,0
0.083,0.00402834,0.00475884
0.0834,0,0
0.0838,0,0
0.0842,0.00504744,0.00505587
0.0846,0.00550372,0.00551374
0.085,0,0
0.0854,0,0
0.0858,0,0
0.0862,0,0
0.0866,0,0
0.087,0.00515268,0.00516147
0.0874,0,0
0.0878,0.00605477,0.00606692
0.0882,0,0
0.0886,0.0050909,0.00509949
0.089,0.00563099,0.0056415
0.0894,0,0
0.0898,0,0
0.0902,0,0
0.0906,0,0
0.091,0,0
0.0914,0,0
0.0918,0,0
0.0922,0,0
0.0926,0,0
0.093,0,0
0.0934,0,0
0.0938,0,0
0.0942,0,0
0.0946,0,0
0.095,0,0
0.0954,0,0
0.0958,0.00479377,0.00519425
0.0962,0,0
0.0966,0.00562149,0.00563199
0.097,0.0056209,0.0056314
0.0974,0,0
0.0978,0.00519556,0.00526923
0.0982,0,0
0.0986,0,0
0.099,0,0
0.0994,0,0
0.0998,0.00556937,0.00557967
0.1002,0.00371664,0.00470594
0.1006,0.00623484,0.00624775
0.101,0.00532661,0.00565659
0.1014,0,0
0.1018,0.00644198,0.00645576
0.1022,0,0
0.1026,0,0
0.103,0,0
0.1034,0,0
0.1038,0,0
0.1042,0,0
0.1046,0,0
0.105,0,0
0.1054,0,0
0.1058,0,0
0.1062,0.00636801,0.00638146
0.1066,0,0
0.107,0,0
0.1074,0,0
0.1078,0,0
0.1082,0,0
0.1086,0,0
0.109,0,0
0.1094,0,0
0.1098,0,0
0.1102,0,0
0.1106,0,0
0.111,0,0
0.1114,0,0
0.1118,0,0
0.1122,0,0
0.1126,0,0
0.113,0,0
0.1134,0,0
0.1138,0,0
0.1142,0,0
0.1146,0.00875366,0.00877884
0.115,0.00860458,0.00862889
0.1154,0,0
0.1158,0,0
0.1162,0,0
0.1166,0,0
0.117,0,0
0.1174,0,0
0.1178,0,0
0.1182,0.00855505,0.00857894
0.1186,0,0
0.119,0,0
0.1194,0,0
0.1198,0,0
8
-0.1198,0,0
-0.1194,0,0
-0.119,0,0
-0.1186,0,0
-0.1182,0,0
-0.1178,0,0
-0.1174,0,0
-0.117,0,0
-0.1166,0,0
-0.1162,0,0
-0.1158,0,0
-0.1154,0.00751766,0.00532529
-0.115,0,0
-0.1146,0,0
-0.1142,0,0
-0.1138,0,0
-0.1134,0,0
-0.113,0,0
-0.1126,0.0041255,0.00413356
-0.1122,0,0
-0.1118,0,0
-0.1114,0,0
-0.111,0,0
-0.1106,0,0
-0.1102,0,0
-0.1098,0,0
-0.1094,0,0
-0.109,0,0
-0.1086,0.00423357,0.00424201
-0.1082,0,0
-0.1078,0,0
-0.1074,0,0
-0.107,0,0
-0.1066,0,0
-0.1062,0,0
-0.1058,0,0
-0.1054,0.0040134,0.00402096
-0.105,0.00415796,0.00416606
-0.1046,0,0
-0.1042,0,0
-0.1038,0,0
-0.1034,0,0
-0.103,0,0
-0.1026,0,0
-0.1022,0,0
-0.1018,0,0
-0.1014,0,0
-0.101,0,0
-0.1006,0,0
-0.1002,0,0
-0.0998,0,0
-0.0994,0,0
-0.099,0,0
-0.0986,0,0
-0.0982,0,0
-0.0978,0,0
-0.0974,0,0
-0.097,0,0
-0.0966,0,0
-0.0962,0.00380595,0.00381266
-0.0958,0.00868721,0.00615514
-0.0954,0,0
-0.095,0,0
-0.0946,0,0
-0.0942,0,0
-0.0938,0,0
-0.0934,0,0
-0.093,0,0
-0.0926,0,0
-0.0922,0.00403178,0.00403927
-0.0918,0,0
-0.0914,0.004106,0.00411375
-0.091,0,0
-0.0906,0,0
-0.0902,0,0
-0.0898,0,0
-0.0894,0,0
-0.089,0,0
-0.0886,0,0
-0.0882,0,0
-0.0878,0,0
-0.0874,0,0
-0.087,0,0
-0.0866,0,0
-0.0862,0,0
-0.0858,0,0
-0.0854,0,0
-0.085,0.00238047,0.00315752
-0.0846,0,0
-0.0842,0,0
-0.0838,0,0
-0.0834,0,0
-0.083,0,0
-0.0826,0,0
-0.0822,0,0
-0.0818,0.00747911,0.00529753
-0.0814,0,0
-0.081,0,0
-0.0806,0,0
-0.0802,0.00402327,0.00403061
-0.0798,0,0
-0.0794,0,0
-0.079,0,0
-0.0786,0,0
-0.0782,0,0
-0.0778,0,0
-0.0774,0,0
-0.077,0,0
-0.0766,0,0
-0.0762,0,0
-0.0758,0,0
-0.0754,0,0
-0.075,0.00412145,0.00412912
-0.0746,0,0
-0.0742,0.00449015,0.00449925
-0.0738,0,0
-0.0734,0,0
-0.073,0.00415061,0.00415838
-0.0726,0,0
-0.0722,0,0
-0.0718,0.00427306,0.00428129
-0.0714,0.00432517,0.0043336
-0.071,0,0
-0.0706,0.00415404,0.00416181
-0.0702,0,0
-0.0698,0,0
-0.0694,0.00421378,0.00422176
-0.069,0,0
-0.0686,0,0
-0.0682,0,0
-0.0678,0.00399584,0.00400302
-0.0674,0,0
-0.067,0,0
-0.0666,0,0
-0.0662,0,0
-0.0658,0,0
-0.0654,0,0
-0.065,0,0
-0.0646,0.00391471,0.00392159
-0.0642,0,0
-0.0638,0,0
-0.0634,0,0
-0.063,0,0
-0.0626,0,0
-0.0622,0,0
-0.0618,0.0041074,0.00411496
-0.0614,0.00407467,0.00408211
-0.061,0.00777387,0.00550654
-0.0606,0,0
-0.0602,0,0
-0.0598,0,0
-0.0594,0,0
-0.059,0.00430272,0.00431102
-0.0586,0.00421333,0.00422128
-0.0582,0,0
-0.0578,0,0
-0.0574,0,0
-0.057,0,0
-0.0566,0,0
-0.0562,0,0
-0.0558,0,0
-0.0554,0,0
-0.055,0,0
-0.0546,0,0
-0.0542,0,0
-0.0538,0.00428107,0.00428927
-0.0534,0,0
-0.053,0,0
-0.0526,0,0
-0.0522,0,0
-0.0518,0.00414418,0.00415187
-0.0514,0.00408427,0.00409173
-0.051,0,0
-0.0506,0,0
-0.0502,0,0
-0.0498,0.00793193,0.00562177
-0.0494,0.00414997,0.00415768
-0.049,0,0
-0.0486,0.00407288,0.0040803
-0.0482,0,0
-0.0478,0.00396091,0.00396793
-0.0474,0,0
-0.047,0,0
-0.0466,0,0
-0.0462,0,0
-0.0458,0,0
-0.0454,0,0
-0.045,0.00410114,0.00410866
-0.0446,0,0
-0.0442,0,0
-0.0438,0.00441575,0.00442447
-0.0434,0.00416252,0.00417027
-0.043,0,0
-0.0426,0,0
-0.0422,0.0043883,0.00439691
-0.0418,0,0
-0.0414,0,0
-0.041,0,0
-0.0406,0,0
-0.0402,0,0
-0.0398,0,0
-0.0394,0,0
-0.039,0,0
-0.0386,0,0
-0.0382,0,0
-0.0378,0,0
-0.0374,0.00839178,0.00594913
-0.037,0,0
-0.0366,0,0
-0.0362,0,0
-0.0358,0,0
-0.0354,0,0
-0.035,0,0
-0.0346,0.00441728,0.00442599
-0.0342,0,0
-0.0338,0,0
-0.0334,0,0
-0.033,0,0
-0.0326,0,0
-0.0322,0,0
-0.0318,0.0120018,0.00694391
-0.0314,0,0
-0.031,0,0
-0.0306,0.00834855,0.00591476
-0.0302,0,0
-0.0298,0,0
-0.0294,0,0
-0.029,0,0
-0.0286,0,0
-0.0282,0,0
-0.0278,0,0
-0.0274,0,0
-0.027,0.00829573,0.00587707
-0.0266,0,0
-0.0262,0.00448628,0.00449524
-0.0258,0.00742882,0.0057848
-0.0254,0.00399326,0.00400035
-0.025,0,0
-0.0246,0,0
-0.0242,0,0
-0.0238,0,0
-0.0234,0,0
-0.023,0,0
-0.0226,0.0101562,0.00657812
-0.0222,0,0
-0.0218,0,0
-0.0214,0,0
-0.021,0,0
-0.0206,0,0
-0.0202,0,0
-0.0198,0.00583625,0.0049777
-0.0194,0,0
-0.019,0.00441699,0.00442566
-0.0186,0,0
-0.0182,0.00397447,0.00398149
-0.0178,0.00819113,0.00580255
-0.0174,0,0
-0.017,0.00450025,0.00450925
-0.0166,0,0
-0.0162,0.00368916,0.00369521
-0.0158,0.00395471,0.00396166
-0.0154,0,0
-0.015,0,0
-0.0146,0.0040802,0.00408759
-0.0142,0.00408088,0.00408827
-0.0138,0,0
-0.0134,0,0
-0.013,0,0
-0.0126,0,0
-0.0122,0,0
-0.0118,0,0
-0.0114,0,0
-0.011,0,0
-0.0106,0.00406717,0.00407449
-0.0102,0,0
-0.0098,0,0
-0.0094,0,0
-0.009,0,0
-0.0086,0,0
-0.0082,0.00854762,0.00605599
-0.0078,0,0
-0.0074,0,0
-0.007,0.00711948,0.00553862
-0.0066,0,0
-0.0062,0,0
-0.0058,0.00417158,0.00417926
-0.0054,0.0037802,0.0037865
-0.005,0.0115881,0.00670258
-0.0046,0.0119062,0.00691343
-0.0042,0.0208741,0.00935241
-0.0038,0.0111159,0.00678575
-0.0034,0.0500063,0.0144625
-0.003,0.0525713,0.0143944
-0.0026,0.0887204,0.0185059
-0.0022,0.145303,0.0245402
-0.0018,0.239692,0.0313022
-0.0014,0.355672,0.0375094
-0.001,0.479762,0.0439223
-0.0006,0.608699,0.0504589
-0.0002,0.594078,0.0484173
0.0002,0.662533,0.0518722
0.0006,0.477275,0.0459242
0.001,0.449424,0.0436936
0.0014,0.256676,0.0326182
0.0018,0.242687,0.0317636
0.0022,0.167806,0.026588
0.0026,0.141017,0.0243323
0.003,0.061061,0.015696
0.0034,0.0617204,0.0153546
0.0038,0.0428156,0.0128718
0.0042,0.0218242,0.00920759
0.0046,0.00325954,0.00384904
0.005,0.0165299,0.00827994
0.0054,0.016842,0.00844477
0.0058,0,0
0.0062,0.0182333,0.00864919
0.0066,0.0131503,0.00732548
0.007,0.0202071,0.00921039
0.0074,0.0250107,0.0102452
0.0078,0.00393744,0.00394423
0.0082,0.00823783,0.00583553
0.0086,0.00414233,0.00414983
0.009,0.000932968,0.00204521
0.0094,0.00446685,0.00447558
0.0098,0.0044409,0.00444952
0.0102,0,0
0.0106,0.00404374,0.00405089
0.011,0.00397539,0.0039823
0.0114,0,0
0.0118,0.00415835,0.0041659
0.0122,0,0
0.0126,0.0122085,0.00706131
0.013,0,0
0.0134,0,0
0.0138,0,0
0.0142,0,0
0.0146,0,0
0.015,0,0
0.0154,0,0
0.0158,0,0
0.0162,0,0
0.0166,0,0
0.017,0,0
0.0174,0,0
0.0178,0,0
0.0182,0.00394585,0.00395263
0.0186,0,0
0.019,0.00426052,0.00426842
0.0194,0.00373493,0.003741
0.0198,0.00763718,0.00540928
0.0202,0.0044604,0.00446905
0.0206,0.00442979,0.00443832
0.021,0,0
0.0214,0,0
0.0218,0,0
0.0222,0,0
0.0226,0,0
0.023,0,0
0.0234,0,0
0.0238,0.00668039,0.00507771
0.0242,0.00425948,0.00426735
0.0246,0,0
0.025,0,0
0.0254,0,0
0.0258,0,0
0.0262,0.00442724,0.00443573
0.0266,0,0
0.027,0.00444974,0.00445832
0.0274,0.00421164,0.00421932
0.0278,0,0
0.0282,0,0
0.0286,0,0
0.029,0,0
0.0294,0.00429946,0.00430746
0.0298,0,0
0.0302,0,0
0.0306,0.00405221,0.00405931
0.031,0,0
0.0314,0,0
0.0318,0,0
0.0322,0,0
0.0326,0,0
0.033,0,0
0.0334,0.00411026,0.00411755
0.0338,0.00411098,0.00411828
0.0342,0,0
0.0346,0,0
0.035,0,0
0.0354,0.00441817,0.00442659
0.0358,0,0
0.0362,0,0
0.0366,0,0
0.037,0,0
0.0374,0,0
0.0378,0.00408839,0.00409559
0.0382,0,0
0.0386,0,0
0.039,0,0
0.0394,0,0
0.0398,0,0
0.0402,0,0
0.0406,0,0
0.041,0,0
0.0414,0.00392901,0.00393565
0.0418,0,0
0.0422,0,0
0.0426,0.00414206,0.00414943
0.043,0,0
0.0434,0,0
0.0438,0,0
0.0442,0,0
0.0446,0,0
0.045,0,0
0.0454,0,0
0.0458,0.00426243,0.00427022
0.0462,0,0
0.0466,0,0
0.047,0.00431447,0.00432246
0.0474,0.00452768,0.00453647
0.0478,0,0
0.0482,0,0
0.0486,0,0
0.049,0.00422422,0.00423186
0.0494,0,0
0.0498,0,0
0.0502,0,0
0.0506,0.00403998,0.00404697
0.051,0.00393196,0.00393858
0.0514,0,0
0.0518,0.00462118,0.00463031
0.0522,0,0
0.0526,0,0
0.053,0,0
0.0534,0.00381824,0.00382447
0.0538,0,0
0.0542,0,0
0.0546,0,0
0.055,0.00464103,0.00465021
0.0554,0.00861447,0.00610254
0.0558,0.00420255,0.00421007
0.0562,0,0
0.0566,0,0
0.057,0,0
0.0574,0.00389581,0.00390227
0.0578,0,0
0.0582,0.00458402,0.00459294
0.0586,0,0
0.059,0,0
0.0594,0,0
0.0598,0,0
0.0602,0,0
0.0606,0,0
0.061,0.00451352,0.00452214
0.0614,0.00903183,0.00639868
0.0618,0.00399202,0.00399876
0.0622,0,0
0.0626,0,0
0.063,0,0
0.0634,0,0
0.0638,0,0
0.0642,0,0
0.0646,0,0
0.065,0,0
0.0654,0,0
0.0658,0,0
0.0662,0,0
0.0666,0,0
0.067,0,0
0.0674,0.00404162,0.00404847
0.0678,0,0
0.0682,0,0
0.0686,0.00592059,0.00506769
0.069,0.00407111,0.00407805
0.0694,0,0
0.0698,0,0
0.0702,0.00413508,0.00414222
0.0706,0,0
0.071,0.00417654,0.00418382
0.0714,0,0
0.0718,0,0
0.0722,0,0
0.0726,0.00433933,0.00434717
0.073,0,0
0.0734,0,0
0.0738,0,0
0.0742,0,0
0.0746,0,0
0.075,0,0
0.0754,0.00362795,0.00386982
0.0758,0,0
0.0762,0,0
0.0766,0,0
0.077,0,0
0.0774,0,0
0.0778,0,0
0.0782,0.0130602,0.00755777
0.0786,0.00828363,0.00586744
0.079,0,0
0.0794,0.00452161,0.00453005
0.0798,0.00432142,0.00432912
0.0802,0,0
0.0806,0,0
0.081,0,0
0.0814,0,0
0.0818,0,0
0.0822,0.00441078,0.00441879
0.0826,0.00875867,0.00620447
0.083,0,0
0.0834,0,0
0.0838,0,0
0.0842,0,0
0.0846,0,0
0.085,0,0
0.0854,0,0
0.0858,0,0
0.0862,0,0
0.0866,0,0
0.087,0,0
0.0874,0,0
0.0878,0,0
0.0882,0.00467235,0.00468126
0.0886,0,0
0.089,0.00413273,0.0041397
0.0894,0,0
0.0898,0,0
0.0902,0.00886818,0.00628209
0.0906,0.00439073,0.00439858
0.091,0,0
0.0914,0,0
0.0918,0,0
0.0922,0.00439498,0.00440284
0.0926,0,0
0.093,0.00422165,0.00422889
0.0934,0.0043559,0.00436361
0.0938,0.00851734,0.00603309
0.0942,0,0
0.0946,0,0
0.095,0,0
0.0954,0,0
0.0958,0,0
0.0962,0,0
0.0966,0,0
0.097,0,0
0.0974,0,0
0.0978,0,0
0.0982,0,0
0.0986,0,0
0.099,0,0
0.0994,0,0
0.0998,0,0
0.1002,0.00182435,0.00298984
0.1006,0.01001,0.00709466
0.101,0,0
0.1014,0,0
0.1018,0,0
0.1022,0,0
0.1026,0,0
0.103,0.00497869,0.00498869
0.1034,0,0
0.1038,0,0
0.1042,0,0
0.1046,0,0
0.105,0.00553416,0.00554651
0.1054,0,0
0.1058,0,0
0.1062,0,0
0.1066,0.00512141,0.00513198
0.107,0.00604565,0.00606038
0.1074,0,0
0.1078,0.00564661,0.00565945
0.1082,0,0
0.1086,0,0
0.109,0,0
0.1094,0,0
0.1098,0.00590612,0.00592016
0.1102,0,0
0.1106,0,0
0.111,0,0
0.1114,0.00594168,0.0059559
0.1118,0,0
0.1122,0,0
0.1126,0,0
0.113,0,0
0.1134,0,0
0.1138,0,0
0.1142,0,0
0.1146,0,0
0.115,0,0
0.1154,0,0
0.1158,0,0
0.1162,0,0
0.1166,0,0
0.117,0,0
0.1174,0,0
0.1178,0,0
0.1182,0,0
0.1186,0,0
0.119,0,0
0.1194,0,0
0.1198,0,0
9
-0.1198,0,0
-0.1194,0,0
-0.119,0,0
-0.1186,0,0
-0.1182,0,0
-0.1178,0.00405226,0.00406033
-0.1174,0.00340138,0.00340707
-0.117,0.00359789,0.00360426
-0.1166,0,0
-0.1162,0,0
-0.1158,0.00400165,0.00400954
-0.1154,0,0
-0.115,0,0
-0.1146,0,0
-0.1142,0,0
-0.1138,0,0
-0.1134,0,0
-0.113,0,0
-0.1126,0,0
-0.1122,0,0
-0.1118,0,0
-0.1114,0,0
-0.111,0.00391102,0.00391861
-0.1106,0,0
-0.1102,0,0
-0.1098,0,0
-0.1094,0,0
-0.109,0,0
-0.1086,0,0
-0.1082,0,0
-0.1078,0,0
-0.1074,0.00399368,0.00400164
-0.107,0,0
-0.1066,0,0
-0.1062,0,0
-0.1058,0,0
-0.1054,0,0
-0.105,0,0
-0.1046,0,0
-0.1042,0,0
-0.1038,0,0
-0.1034,0,0
-0.103,0.00766788,0.00543247
-0.1026,0,0
-0.1022,0,0
-0.1018,0,0
-0.1014,0,0
-0.101,0,0
-0.1006,0,0
-0.1002,0,0
-0.0998,0,0
-0.0994,0.0036829,0.00368976
-0.099,0,0
-0.0986,0,0
-0.0982,0,0
-0.0978,0.00763856,0.00542347
-0.0974,0,0
-0.097,0,0
-0.0966,0.00346842,0.00347453
-0.0962,0.0034837,0.00348987
-0.0958,0,0
-0.0954,0.00394954,0.00395747
-0.095,0.00356662,0.0035731
-0.0946,0.00698108,0.00494627
-0.0942,0,0
-0.0938,0,0
-0.0934,0,0
-0.093,0,0
-0.0926,0.0036403,0.00364707
-0.0922,0,0
-0.0918,0,0
-0.0914,0,0
-0.091,0,0
-0.0906,0,0
-0.0902,0,0
-0.0898,0.0036679,0.0036748
-0.0894,0,0
-0.089,0,0
-0.0886,0,0
-0.0882,0.00354693,0.00355338
-0.0878,0,0
-0.0874,0,0
-0.087,0.00357638,0.00358296
-0.0866,0,0
-0.0862,0,0
-0.0858,0,0
-0.0854,0,0
-0.085,0.00158758,0.00242716
-0.0846,0.00348923,0.00349551
-0.0842,0,0
-0.0838,0,0
-0.0834,0.00348908,0.00349536
-0.083,0,0
-0.0826,0,0
-0.0822,0,0
-0.0818,0,0
-0.0814,0.00358189,0.00358852
-0.081,0,0
-0.0806,0.00341149,0.00341751
-0.0802,0.00352608,0.00353251
-0.0798,0,0
-0.0794,0,0
-0.079,0,0
-0.0786,0,0
-0.0782,0,0
-0.0778,0,0
-0.0774,0,0
-0.077,0,0
-0.0766,0.00348297,0.00348927
-0.0762,0.00371133,0.00371849
-0.0758,0,0
-0.0754,0,0
-0.075,0,0
-0.0746,0,0
-0.0742,0.00359883,0.00360558
-0.0738,0,0
-0.0734,0,0
-0.073,0.00374305,0.00375035
-0.0726,0,0
-0.0722,0,0
-0.0718,0.004,0.00400835
-0.0714,0.00372908,0.00373634
-0.071,0,0
-0.0706,0,0
-0.0702,0,0
-0.0698,0,0
-0.0694,0,0
-0.069,0.00373364,0.00374093
-0.0686,0.00381416,0.00382177
-0.0682,0,0
-0.0678,0,0
-0.0674,0,0
-0.067,0,0
-0.0666,0,0
-0.0662,0,0
-0.0658,0,0
-0.0654,0,0
-0.065,0.00353605,0.00354262
-0.0646,0.0033436,0.00334947
-0.0642,0,0
-0.0638,0.00344503,0.00345126
-0.0634,0.00706512,0.00500508
-0.063,0.00345826,0.00346455
-0.0626,0,0
-0.0622,0,0
-0.0618,0,0
-0.0614,0,0
-0.061,0,0
-0.0606,0,0
-0.0602,0,0
-0.0598,0,0
-0.0594,0.00348071,0.0034871
-0.059,0.0036684,0.0036755
-0.0586,0.00357539,0.00358213
-0.0582,0,0
-0.0578,0,0
-0.0574,0,0
-0.057,0.0068757,0.00487101
-0.0566,0.00375544,0.00376289
-0.0562,0,0
-0.0558,0,0
-0.0554,0,0
-0.055,0,0
-0.0546,0.003684,0.00369117
-0.0542,0.00368296,0.00369013
-0.0538,0,0
-0.0534,0.00706728,0.00500668
-0.053,0,0
-0.0526,0.00398101,0.00398941
-0.0522,0,0
-0.0518,0,0
-0.0514,0.00387042,0.00387835
-0.051,0,0
-0.0506,0,0
-0.0502,0,0
-0.0498,0,0
-0.0494,0.00349934,0.00350584
-0.049,0,0
-0.0486,0.0102966,0.0059556
-0.0482,0.0072709,0.00515124
-0.0478,0,0
-0.0474,0,0
-0.047,0.00366104,0.00366816
-0.0466,0.00366191,0.00366904
-0.0462,0,0
-0.0458,0,0
-0.0454,0,0
-0.045,0.003444,0.00345031
-0.0446,0,0
-0.0442,0,0
-0.0438,0,0
-0.0434,0,0
-0.043,0,0
-0.0426,0.00356726,0.00357406
-0.0422,0,0
-0.0418,0.00712806,0.00504991
-0.0414,0,0
-0.041,0.00677483,0.00479984
-0.0406,0.00336279,0.00336884
-0.0402,0.00323863,0.00324424
-0.0398,0.0068792,0.00487329
-0.0394,0,0
-0.039,0.00696498,0.00493418
-0.0386,0,0
-0.0382,0,0
-0.0378,0.00724065,0.00512986
-0.0374,0,0
-0.037,0.00345446,0.00346087
-0.0366,0.0035769,0.00358377
-0.0362,0,0
-0.0358,0,0
-0.0354,0.00338426,0.00339043
-0.035,0.00346239,0.00346884
-0.0346,0,0
-0.0342,0,0
-0.0338,0.00397018,0.00397867
-0.0334,0.00724838,0.0051354
-0.033,0.00358412,0.00359105
-0.0326,0.00301338,0.00301828
-0.0322,0.0036392,0.00364635
-0.0318,0.00336214,0.00336824
-0.0314,0,0
-0.031,0,0
-0.0306,0.00348243,0.00348898
-0.0302,0,0
-0.0298,0,0
-0.0294,0.0063193,0.0044761
-0.029,0,0
-0.0286,0.00342565,0.00343201
-0.0282,0.0034241,0.00343046
-0.0278,0,0
-0.0274,0,0
-0.027,0.00343273,0.00343913
-0.0266,0,0
-0.0262,0,0
-0.0258,0,0
-0.0254,0,0
-0.025,0,0
-0.0246,0.00383612,0.00384413
-0.0242,0.00711724,0.00505228
-0.0238,0,0
-0.0234,0.0102827,0.00594782
-0.023,0,0
-0.0226,0.00215588,0.00277273
-0.0222,0.00355047,0.00355735
-0.0218,0.00309115,0.00309637
-0.0214,0.00340196,0.00340828
-0.021,0.00328516,0.00329106
-0.0206,0.0033403,0.0033464
-0.0202,0.00349085,0.00349752
-0.0198,0,0
-0.0194,0.00326592,0.00327176
-0.019,0.0035786,0.00358562
-0.0186,0,0
-0.0182,0.00682027,0.00483957
-0.0178,0.00993567,0.00574681
-0.0174,0,0
-0.017,0,0
-0.0166,0.00676816,0.00480774
-0.0162,0.00297565,0.00298052
-0.0158,0,0
-0.0154,0.00643551,0.00455867
-0.015,0.00327372,0.00327963
-0.0146,0.00655364,0.00464251
-0.0142,0,0
-0.0138,0.00645278,0.00457094
-0.0134,0.00317379,0.00317936
-0.013,0.00330043,0.00330645
-0.0126,0,0
-0.0122,0,0
-0.0118,0.00370094,0.00370853
-0.0114,0,0
-0.011,0.00332484,0.00333097
-0.0106,0.00324595,0.00325179
-0.0102,0,0
-0.0098,0.00659511,0.004672
-0.0094,0.00338053,0.00338688
-0.009,0.0166695,0.00746887
-0.0086,0.0133782,0.00670164
-0.0082,0.0103094,0.00596354
-0.0078,0.0128484,0.00643642
-0.0074,0.0289676,0.00967645
-0.007,0.017917,0.00777319
-0.0066,0.0197959,0.00810127
-0.0062,0.0137906,0.00690857
-0.0058,0.0237617,0.00900332
-0.0054,0.00596759,0.00422676
-0.005,0.00615689,0.00436108
-0.0046,0.0127172,0.00635258
-0.0042,0.0198868,0.00813518
-0.0038,0.0509081,0.0131741
-0.0034,0.0587163,0.0138654
-0.003,0.0364915,0.0105868
-0.0026,0.0599889,0.0134601
-0.0022,0.118303,0.0196333
-0.0018,0.168868,0.0233502
-0.0014,0.363348,0.0335851
-0.001,0.58904,0.0431412
-0.0006,0.73149,0.0488758
-0.0002,0.782595,0.0491472
0.0002,0.734255,0.0482729
0.0006,0.597889,0.0454269
0.001,0.419986,0.0374201
0.0014,0.234815,0.0275452
0.0018,0.119295,0.0196488
0.0022,0.0621066,0.0142748
0.0026,0.0618244,0.01421
0.003,0.0599608,0.0137012
0.0034,0.0553395,0.0127944
0.0038,0.0232527,0.00835967
0.0042,0.0196674,0.00785485
0.0046,0.00771872,0.00512638
0.005,0,0
0.0054,0.0160578,0.00719821
0.0058,0.0297559,0.00994301
0.0062,0.0174885,0.00744365
0.0066,0.0123223,0.00636563
0.007,0.0189403,0.00783337
0.0074,0.00659447,0.00467405
0.0078,0.00926423,0.0053593
0.0082,0.0127374,0.00638023
0.0086,0,0
0.009,0.0165,0.00755293
0.0094,0,0
0.0098,0.00337159,0.00337804
0.0102,0,0
0.0106,0.00651055,0.00461672
0.011,0,0
0.0114,0.00337436,0.00338083
0.0118,0.00650297,0.00460753
0.0122,0.00330796,0.00331418
0.0126,0.00309182,0.00309726
0.013,0.00309074,0.00309617
0.0134,0.00316768,0.00317339
0.0138,0.00316372,0.00316942
0.0142,0.00330608,0.00331231
0.0146,0.00701639,0.00497126
0.015,0,0
0.0154,0,0
0.0158,0.00330957,0.00331582
0.0162,0.010209,0.00590565
0.0166,0.00958563,0.00554623
0.017,0,0
0.0174,0,0
0.0178,0.00627876,0.00444772
0.0182,0.00290334,0.00290815
0.0186,0.00624666,0.00442819
0.019,0,0
0.0194,0,0
0.0198,0,0
0.0202,0,0
0.0206,0.00965131,0.00559413
0.021,0.00292292,0.00292781
0.0214,0.00296906,0.00297411
0.0218,0.0029682,0.00297325
0.0222,0,0
0.0226,0.0064014,0.00453507
0.023,0,0
0.0234,0,0
0.0238,0.00367594,0.00327594
0.0242,0.00644081,0.00456277
0.0246,0.00313628,0.00314193
0.025,0,0
0.0254,0,0
0.0258,0,0
0.0262,0,0
0.0266,0,0
0.027,0.00317476,0.00318055
0.0274,0,0
0.0278,0.00324821,0.00325427
0.0282,0.00586043,0.00415094
0.0286,0.00319255,0.00319841
0.029,0,0
0.0294,0,0
0.0298,0,0
0.0302,0,0
0.0306,0.00304159,0.00304692
0.031,0.0058424,0.00413816
0.0314,0.00643165,0.0045563
0.0318,0.00321504,0.003221
0.0322,0.00312656,0.0031322
0.0326,0,0
0.033,0.0061969,0.0043921
0.0334,0,0
0.0338,0,0
0.0342,0,0
0.0346,0,0
0.035,0,0
0.0354,0.00659952,0.00467546
0.0358,0.00656114,0.00464822
0.0362,0,0
0.0366,0.00305442,0.00305981
0.037,0.00320037,0.00320629
0.0374,0,0
0.0378,0,0
0.0382,0.00316072,0.0031665
0.0386,0.00316001,0.00316578
0.039,0,0
0.0394,0.00306221,0.00306763
0.0398,0,0
0.0402,0.00287653,0.00288132
0.0406,0.00338013,0.00338674
0.041,0.00291764,0.00292258
0.0414,0,0
0.0418,0.00314478,0.00315051
0.0422,0.00613285,0.0043457
0.0426,0.00307191,0.00307738
0.043,0,0
0.0434,0,0
0.0438,0,0
0.0442,0.00312333,0.00312899
0.0446,0,0
0.045,0.00301071,0.00301597
0.0454,0,0
0.0458,0,0
0.0462,0.00566366,0.00401875
0.0466,0,0
0.047,0.00318682,0.00319271
0.0474,3.90182e-09,3.61875e-06
0.0478,0,0
0.0482,0.00346647,0.00347346
0.0486,0.00359771,0.00360523
0.049,0.00325285,0.00325899
0.0494,0.00319887,0.00320482
0.0498,0,0
0.0502,0,0
0.0506,0.00311329,0.00311893
0.051,0,0
0.0514,0,0
0.0518,0,0
0.0522,0.00301969,0.003025
0.0526,0,0
0.053,0,0
0.0534,0.00843018,0.00487529
0.0538,0,0
0.0542,0.00605481,0.00428946
0.0546,0.00314132,0.00314707
0.055,0.0033883,0.003395
0.0554,0.00314247,0.00314823
0.0558,0,0
0.0562,0,0
0.0566,0.0065341,0.00462952
0.057,0.00286674,0.00287154
0.0574,0,0
0.0578,0,0
0.0582,0.00332662,0.00333309
0.0586,0,0
0.059,0,0
0.0594,0,0
0.0598,0,0
0.0602,0.0033893,0.00339603
0.0606,0,0
0.061,0.0033539,0.0033605
0.0614,0,0
0.0618,0,0
0.0622,0,0
0.0626,0,0
0.063,0.00300277,0.00300807
0.0634,0.00298376,0.00298899
0.0638,0.00298271,0.00298794
0.0642,0.00315237,0.00315821
0.0646,0,0
0.065,0,0
0.0654,0,0
0.0658,0,0
0.0662,0.00286131,0.00286613
0.0666,0.00848491,0.00490789
0.067,0,0
0.0674,0,0
0.0678,0,0
0.0682,0.0030644,0.00306995
0.0686,0.00193018,0.00243595
0.069,0,0
0.0694,0.00290805,0.00291304
0.0698,0,0
0.0702,0,0
0.0706,0,0
0.071,0,0
0.0714,0,0
0.0718,0.00292839,0.00293348
0.0722,0,0
0.0726,0,0
0.073,0.00293066,0.00293575
0.0734,0,0
0.0738,0,0
0.0742,0,0
0.0746,0.00275595,0.00276046
0.075,0.00283599,0.00284077
0.0754,0.000338739,0.000987399
0.0758,0.00319211,0.00319817
0.0762,0,0
0.0766,0,0
0.077,0,0
0.0774,0.0028946,0.00289959
0.0778,0,0
0.0782,0,0
0.0786,0.0057332,0.00406092
0.079,0.00574704,0.00407075
0.0794,0,0
0.0798,0.00312345,0.00312928
0.0802,0,0
0.0806,0.00269567,0.00270002
0.081,0,0
0.0814,0,0
0.0818,0.00303293,0.00303844
0.0822,0,0
0.0826,0,0
0.083,0,0
0.0834,0,0
0.0838,0,0
0.0842,0.00286,0.00286491
0.0846,0,0
0.085,0,0
0.0854,0,0
0.0858,0.00294026,0.00294546
0.0862,0,0
0.0866,0,0
0.087,0.00311789,0.00312375
0.0874,0,0
0.0878,0,0
0.0882,0,0
0.0886,0.0028245,0.00282932
0.089,0,0
0.0894,0.00909395,0.00526052
0.0898,0,0
0.0902,0,0
0.0906,0,0
0.091,0,0
0.0914,0,0
0.0918,0,0
0.0922,0,0
0.0926,0,0
0.093,0,0
0.0934,0,0
0.0938,0,0
0.0942,0.00318736,0.00319351
0.0946,0,0
0.095,0,0
0.0954,0,0
0.0958,0,0
0.0962,0,0
0.0966,0,0
0.097,0,0
0.0974,0.00313071,0.00313665
0.0978,0,0
0.0982,0.00616356,0.00436844
0.0986,0,0
0.099,0.00329806,0.00330465
0.0994,0,0
0.0998,0,0
0.1002,0.00975699,0.00564432
0.1006,0.00683301,0.00484168
0.101,0,0
0.1014,0.00317621,0.00318232
0.1018,0.0033098,0.00331644
0.1022,0.00317966,0.00318578
0.1026,0.0100097,0.00579083
0.103,0.0033127,0.00331936
0.1034,0,0
0.1038,0.00353527,0.00354284
0.1042,0.00325501,0.00326144
0.1046,0,0
0.105,0,0
0.1054,0.00360634,0.00361423
0.1058,0.00150871,0.00251131
0.1062,0.00348089,0.00348824
0.1066,0.00340196,0.00340898
0.107,0,0
0.1074,0,0
0.1078,0.00749782,0.00531382
0.1082,0,0
0.1086,0,0
0.109,0.00404048,0.00405038
0.1094,0.00417486,0.00418544
0.1098,0,0
0.1102,0,0
0.1106,0,0
0.111,0.0039408,0.00395023
0.1114,0,0
0.1118,0,0
0.1122,0,0
0.1126,0,0
0.113,0,0
0.1134,0,0
0.1138,0,0
0.1142,0,0
0.1146,0.00946707,0.00671348
0.115,0,0
0.1154,0,0
0.1158,0.00506309,0.00507866
0.1162,0,0
0.1166,0,0
0.117,0,0
0.1174,0,0
0.1178,0.00512603,0.005142
0.1182,0,0
0.1186,0.00509279,0.00510855
0.119,0.0049704,0.00498541
0.1194,0.00478076,0.00479465
0.1198,0.0053481,0.00536549
