# X , Y , E Distribution=true
1
-0.1198,0,0
-0.1194,0,0
-0.119,0,0
-0.1186,0,0
-0.1182,0,0
-0.1178,0,0
-0.1174,0,0
-0.117,0,0
-0.1166,0,0
-0.1162,0,0
-0.1158,0,0
-0.1154,0,0
-0.115,0,0
-0.1146,0,0
-0.1142,0,0
-0.1138,0.012594,0.0126178
-0.1134,0,0
-0.113,0,0
-0.1126,0,0
-0.1122,0,0
-0.1118,0,0
-0.1114,0,0
-0.111,0,0
-0.1106,0,0
-0.1102,0,0
-0.1098,0,0
-0.1094,0,0
-0.109,0,0
-0.1086,0,0
-0.1082,0.0132143,0.0132404
-0.1078,0,0
-0.1074,0,0
-0.107,0,0
-0.1066,0,0
-0.1062,0,0
-0.1058,0,0
-0.1054,0.0121421,0.0121641
-0.105,0,0
-0.1046,0,0
-0.1042,0,0
-0.1038,0,0
-0.1034,0,0
-0.103,0,0
-0.1026,0,0
-0.1022,0,0
-0.1018,0,0
-0.1014,0,0
-0.101,0,0
-0.1006,0,0
-0.1002,0,0
-0.0998,0,0
-0.0994,0,0
-0.099,0,0
-0.0986,0,0
-0.0982,0,0
-0.0978,0,0
-0.0974,0,0
-0.097,0,0
-0.0966,0,0
-0.0962,0,0
-0.0958,0,0
-0.0954,0,0
-0.095,0,0
-0.0946,0,0
-0.0942,0,0
-0.0938,0,0
-0.0934,0,0
-0.093,0,0
-0.0926,0,0
-0.0922,0.0128536,0.0128781
-0.0918,0,0
-0.0914,0,0
-0.091,0,0
-0.0906,0,0
-0.0902,0,0
-0.0898,0,0
-0.0894,0,0
-0.089,0,0
-0.0886,0,0
-0.0882,0,0
-0.0878,0,0
-0.0874,0,0
-0.087,0,0
-0.0866,0,0
-0.0862,0,0
-0.0858,0,0
-0.0854,0,0
-0.085,0,0
-0.0846,0,0
-0.0842,0.00266008,0.00583679
-0.0838,0,0
-0.0834,0,0
-0.083,0,0
-0.0826,0,0
-0.0822,0,0
-0.0818,0,0
-0.0814,0,0
-0.081,0,0
-0.0806,0,0
-0.0802,0,0
-0.0798,0,0
-0.0794,0,0
-0.079,0,0
-0.0786,0,0
-0.0782,0,0
-0.0778,0,0
-0.0774,0,0
-0.077,0,0
-0.0766,0,0
-0.0762,0,0
-0.0758,0,0
-0.0754,0,0
-0.075,0,0
-0.0746,0.0125339,0.012557
-0.0742,0,0
-0.0738,0,0
-0.0734,0,0
-0.073,0,0
-0.0726,0,0
-0.0722,0,0
-0.0718,0,0
-0.0714,0,0
-0.071,0,0
-0.0706,0,0
-0.0702,0,0
-0.0698,0,0
-0.0694,0,0
-0.069,0,0
-0.0686,0,0
-0.0682,0,0
-0.0678,0,0
-0.0674,0,0
-0.067,0,0
-0.0666,0,0
-0.0662,0,0
-0.0658,0,0
-0.0654,0,0
-0.065,0,0
-0.0646,0.00563181,0.00835021
-0.0642,0,0
-0.0638,0,0
-0.0634,0,0
-0.063,0,0
-0.0626,0,0
-0.0622,0,0
-0.0618,0,0
-0.0614,0,0
-0.061,0,0
-0.0606,0,0
-0.0602,0,0
-0.0598,0,0
-0.0594,0.0126538,0.0126772
-0.059,0,0
-0.0586,0,0
-0.0582,0,0
-0.0578,0,0
-0.0574,0,0
-0.057,0,0
-0.0566,0,0
-0.0562,0,0
-0.0558,0,0
-0.0554,0,0
-0.055,0,0
-0.0546,0,0
-0.0542,0,0
-0.0538,0,0
-0.0534,0,0
-0.053,0,0
-0.0526,0.0116631,0.0126362
-0.0522,0,0
-0.0518,0,0
-0.0514,0,0
-0.051,0,0
-0.0506,0,0
-0.0502,0,0
-0.0498,0.0366296,0.0211911
-0.0494,0,0
-0.049,0,0
-0.0486,0,0
-0.0482,0.0123993,0.0124216
-0.0478,0,0
-0.0474,0,0
-0.047,0,0
-0.0466,0,0
-0.0462,0,0
-0.0458,0,0
-0.0454,0,0
-0.045,0,0
-0.0446,0.00762536,0.0099551
-0.0442,0,0
-0.0438,0,0
-0.0434,0,0
-0.043,0,0
-0.0426,0,0
-0.0422,0,0
-0.0418,0,0
-0.0414,0,0
-0.041,0,0
-0.0406,0.00158484,0.00448596
-0.0402,0,0
-0.0398,0,0
-0.0394,0,0
-0.039,0,0
-0.0386,0.0129573,0.0129816
-0.0382,0,0
-0.0378,0,0
-0.0374,0,0
-0.037,0,0
-0.0366,0,0
-0.0362,0,0
-0.0358,0,0
-0.0354,0,0
-0.035,0,0
-0.0346,0,0
-0.0342,0,0
-0.0338,0,0
-0.0334,0,0
-0.033,0,0
-0.0326,0,0
-0.0322,0.0131499,0.0131748
-0.0318,0.0122973,0.0131413
-0.0314,0,0
-0.031,0,0
-0.0306,0,0
-0.0302,0,0
-0.0298,0,0
-0.0294,0,0
-0.029,0,0
-0.0286,0,0
-0.0282,0,0
-0.0278,0,0
-0.0274,0,0
-0.027,0,0
-0.0266,0,0
-0.0262,0,0
-0.0258,0,0
-0.0254,0,0
-0.025,0,0
-0.0246,0,0
-0.0242,0,0
-0.0238,0,0
-0.0234,0.0131719,0.0131968
-0.023,0,0
-0.0226,0,0
-0.0222,0,0
-0.0218,0,0
-0.0214,0,0
-0.021,0.0125429,0.0125655
-0.0206,0.0125227,0.0125452
-0.0202,0,0
-0.0198,0,0
-0.0194,0.0131055,0.0131301
-0.019,0,0
-0.0186,0,0
-0.0182,0,0
-0.0178,0,0
-0.0174,0,0
-0.017,0,0
-0.0166,0,0
-0.0162,0,0
-0.0158,0,0
-0.0154,0,0
-0.015,0,0
-0.0146,0,0
-0.0142,0,0
-0.0138,0.017758,0.0159463
-0.0134,0.00131786,0.00392285
-0.013,0.0125386,0.0125611
-0.0126,0,0
-0.0122,0.012421,0.0124431
-0.0118,0,0
-0.0114,0,0
-0.011,0,0
-0.0106,0,0
-0.0102,0,0
-0.0098,0,0
-0.0094,0,0
-0.009,0,0
-0.0086,0,0
-0.0082,0,0
-0.0078,0.0134155,0.0134412
-0.0074,0.011574,0.0118546
-0.007,0.0127584,0.0132026
-0.0066,0.0136122,0.0136386
-0.0062,0,0
-0.0058,0.0376927,0.0214954
-0.0054,0,0
-0.005,0.0493013,0.0246943
-0.0046,0.0612535,0.0276088
-0.0042,0.0238834,0.0178615
-0.0038,0.125345,0.0402494
-0.0034,0.106698,0.0361458
-0.003,0.219914,0.0540599
-0.0026,0.433115,0.0736037
-0.0022,0.746988,0.0992088
-0.0018,1.47752,0.140529
-0.0014,2.43373,0.176818
-0.001,4.50635,0.24076
-0.0006,4.88386,0.250853
-0.0002,5.82063,0.276087
0.0002,5.26648,0.264707
0.0006,3.9556,0.227838
0.001,2.69653,0.180972
0.0014,1.27938,0.128392
0.0018,0.568592,0.0846249
0.0022,0.134156,0.0405783
0.0026,0.0495905,0.0248392
0.003,0.0273687,0.0184227
0.0034,0.013606,0.0136323
0.0038,0.012654,0.0126767
0.0042,0,0
0.0046,0,0
0.005,0,0
0.0054,0,0
0.0058,0.0124957,0.0125178
0.0062,0,0
0.0066,0,0
0.007,0.0134027,0.0134281
0.0074,0,0
0.0078,0,0
0.0082,0.0226714,0.0167781
0.0086,0,0
0.009,0,0
0.0094,0,0
0.0098,0,0
0.0102,0,0
0.0106,0,0
0.011,0,0
0.0114,0,0
0.0118,0,0
0.0122,0,0
0.0126,0,0
0.013,0.0132084,0.013233
0.0134,0.0125906,0.0126129
0.0138,0,0
0.0142,0,0
0.0146,0,0
0.015,0,0
0.0154,0,0
0.0158,0,0
0.0162,0,0
0.0166,0.0116186,0.0122322
0.017,0.0134425,0.0134679
0.0174,0,0
0.0178,0,0
0.0182,0,0
0.0186,0,0
0.019,0,0
0.0194,0,0
0.0198,0,0
0.0202,0,0
0.0206,0,0
0.021,0.0132455,0.0132701
0.0214,0,0
0.0218,0,0
0.0222,0,0
0.0226,0.0126939,0.0127165
0.023,0,0
0.0234,0,0
0.0238,0,0
0.0242,0.0115104,0.011913
0.0246,0,0
0.025,0,0
0.0254,0,0
0.0258,0,0
0.0262,0,0
0.0266,0.0131696,0.0131939
0.027,0,0
0.0274,0,0
0.0278,0.0127783,0.0128011
0.0282,0,0
0.0286,0,0
0.029,0,0
0.0294,0,0
0.0298,0,0
0.0302,0,0
0.0306,0,0
0.031,0,0
0.0314,0,0
0.0318,0,0
0.0322,0,0
0.0326,0,0
0.033,0,0
0.0334,0,0
0.0338,0,0
0.0342,0,0
0.0346,0.0234447,0.0171854
0.035,0,0
0.0354,0,0
0.0358,0,0
0.0362,0,0
0.0366,0,0
0.037,0,0
0.0374,0,0
0.0378,0,0
0.0382,0,0
0.0386,0,0
0.039,0.0140456,0.014073
0.0394,0,0
0.0398,0.0128064,0.0128292
0.0402,0,0
0.0406,0,0
0.041,0,0
0.0414,0.0133594,0.0133842
0.0418,0,0
0.0422,0,0
0.0426,0,0
0.043,0,0
0.0434,0,0
0.0438,0,0
0.0442,0,0
0.0446,0,0
0.045,0,0
0.0454,0,0
0.0458,0.01291,0.0129331
0.0462,0.00404065,0.00723603
0.0466,0,0
0.047,0,0
0.0474,0,0
0.0478,0,0
0.0482,0,0
0.0486,0,0
0.049,0,0
0.0494,0,0
0.0498,0.0125424,0.0125641
0.0502,0.0132942,0.0133186
0.0506,0,0
0.051,0,0
0.0514,0,0
0.0518,0,0
0.0522,0,0
0.0526,0,0
0.053,0,0
0.0534,0,0
0.0538,0,0
0.0542,0,0
0.0546,0.0133988,0.0134236
0.055,0,0
0.0554,0,0
0.0558,0,0
0.0562,0.011769,0.0117881
0.0566,0,0
0.057,0,0
0.0574,0,0
0.0578,0,0
0.0582,0,0
0.0586,0,0
0.059,0,0
0.0594,0,0
0.0598,0,0
0.0602,0,0
0.0606,0,0
0.061,0,0
0.0614,0,0
0.0618,0,0
0.0622,0.0123641,0.0123851
0.0626,0,0
0.063,0,0
0.0634,0,0
0.0638,0,0
0.0642,0,0
0.0646,0,0
0.065,0,0
0.0654,0,0
0.0658,0,0
0.0662,0,0
0.0666,0,0
0.067,0,0
0.0674,0,0
0.0678,0,0
0.0682,0,0
0.0686,0,0
0.069,0,0
0.0694,0,0
0.0698,0,0
0.0702,0,0
0.0706,0,0
0.071,0,0
0.0714,5.23799e-06,0.000264507
0.0718,0,0
0.0722,0,0
0.0726,0,0
0.073,0,0
0.0734,0,0
0.0738,0,0
0.0742,0,0
0.0746,0,0
0.075,0,0
0.0754,0,0
0.0758,0,0
0.0762,0,0
0.0766,0,0
0.077,0.0135514,0.0131863
0.0774,0,0
0.0778,0.0125906,0.0126122
0.0782,0,0
0.0786,0,0
0.079,0.0125944,0.0131946
0.0794,0,0
0.0798,0,0
0.0802,0,0
0.0806,0,0
0.081,0,0
0.0814,0.00278932,0.00595015
0.0818,0,0
0.0822,0,0
0.0826,0,0
0.083,0.013054,0.0130772
0.0834,0,0
0.0838,0,0
0.0842,0,0
0.0846,0,0
0.085,0,0
0.0854,0,0
0.0858,0,0
0.0862,0,0
0.0866,0,0
0.087,0,0
0.0874,0,0
0.0878,0,0
0.0882,0,0
0.0886,0,0
0.089,0,0
0.0894,0,0
0.0898,0,0
0.0902,0,0
0.0906,0,0
0.091,0,0
0.0914,0,0
0.0918,0,0
0.0922,0,0
0.0926,0.0127179,0.0127398
0.093,0,0
0.0934,0,0
0.0938,0,0
0.0942,0,0
0.0946,0,0
0.095,0,0
0.0954,0,0
0.0958,0,0
0.0962,0,0
0.0966,0,0
0.097,0,0
0.0974,0,0
0.0978,0,0
0.0982,0,0
0.0986,0,0
0.099,0,0
0.0994,0,0
0.0998,0,0
0.1002,0,0
0.1006,0,0
0.101,0,0
0.1014,0.0168769,0.0169152
0.1018,0,0
0.1022,0,0
0.1026,0,0
0.103,0,0
0.1034,0,0
0.1038,0,0
0.1042,0,0
0.1046,0,0
0.105,0,0
0.1054,0,0
0.1058,0,0
0.1062,0,0
0.1066,0,0
0.107,0,0
0.1074,0,0
0.1078,0,0
0.1082,0,0
0.1086,0,0
0.109,0,0
0.1094,0,0
0.1098,0,0
0.1102,0,0
0.1106,0,0
0.111,0,0
0.1114,0,0
0.1118,0,0
0.1122,0,0
0.1126,0,0
0.113,0.014228,0.0169502
0.1134,0.0190453,0.0190937
0.1138,0,0
0.1142,0,0
0.1146,0,0
0.115,0.0189058,0.0189535
0.1154,0,0
0.1158,0,0
0.1162,0,0
0.1166,0,0
0.117,0,0
0.1174,0,0
0.1178,0,0
0.1182,0,0
0.1186,0,0
0.119,0,0
0.1194,0.0230782,0.023149
0.1198,0,0
2
-0.1198,0,0
-0.1194,0,0
-0.119,0,0
-0.1186,0,0
-0.1182,0,0
-0.1178,0,0
-0.1174,0,0
-0.117,0,0
-0.1166,0,0
-0.1162,0,0
-0.1158,0,0
-0.1154,0,0
-0.115,0,0
-0.1146,0,0
-0.1142,0,0
-0.1138,0,0
-0.1134,0,0
-0.113,0,0
-0.1126,0,0
-0.1122,0.00577898,0.00578965
-0.1118,0,0
-0.1114,0,0
-0.111,0.00543352,0.00544295
-0.1106,0,0
-0.1102,0,0
-0.1098,0.00609274,0.0061046
-0.1094,0,0
-0.109,0,0
-0.1086,0,0
-0.1082,0,0
-0.1078,0.00651406,0.00652761
-0.1074,0,0
-0.107,0,0
-0.1066,0,0
-0.1062,0.00596502,0.00597638
-0.1058,0,0
-0.1054,0,0
-0.105,0.00635802,0.00637092
-0.1046,0,0
-0.1042,0.00585853,0.00586948
-0.1038,0,0
-0.1034,0,0
-0.103,0,0
-0.1026,0,0
-0.1022,0,0
-0.1018,0,0
-0.1014,0,0
-0.101,0,0
-0.1006,0,0
-0.1002,0,0
-0.0998,0.00606462,0.00607635
-0.0994,0,0
-0.099,0,0
-0.0986,0,0
-0.0982,0,0
-0.0978,0,0
-0.0974,0,0
-0.097,0,0
-0.0966,0,0
-0.0962,0,0
-0.0958,0,0
-0.0954,0,0
-0.095,0,0
-0.0946,0,0
-0.0942,0.00613813,0.00615012
-0.0938,0.0037019,0.00463964
-0.0934,0,0
-0.093,0,0
-0.0926,0,0
-0.0922,0,0
-0.0918,0,0
-0.0914,0.00603202,0.0060436
-0.091,0,0
-0.0906,0.00639677,0.00640979
-0.0902,0,0
-0.0898,0,0
-0.0894,0,0
-0.089,0,0
-0.0886,0,0
-0.0882,0,0
-0.0878,0,0
-0.0874,0,0
-0.087,0,0
-0.0866,0,0
-0.0862,0,0
-0.0858,0.00584066,0.0058515
-0.0854,0,0
-0.085,0,0
-0.0846,0,0
-0.0842,0.00468743,0.00527863
-0.0838,0,0
-0.0834,0,0
-0.083,0,0
-0.0826,0,0
-0.0822,0,0
-0.0818,0.00535871,0.00536783
-0.0814,0,0
-0.081,0,0
-0.0806,0.00578113,0.00579174
-0.0802,0,0
-0.0798,0,0
-0.0794,0,0
-0.079,0,0
-0.0786,0.00585114,0.005862
-0.0782,0,0
-0.0778,0,0
-0.0774,0,0
-0.077,0,0
-0.0766,0,0
-0.0762,0,0
-0.0758,0,0
-0.0754,0,0
-0.075,0,0
-0.0746,0,0
-0.0742,0,0
-0.0738,0.00554182,0.00555156
-0.0734,0,0
-0.073,0,0
-0.0726,0,0
-0.0722,0,0
-0.0718,0.00613569,0.00614761
-0.0714,0.00640478,0.00641777
-0.071,0,0
-0.0706,0,0
-0.0702,0.00643228,0.00644538
-0.0698,0,0
-0.0694,0,0
-0.069,0,0
-0.0686,0,0
-0.0682,0,0
-0.0678,0,0
-0.0674,0,0
-0.067,0,0
-0.0666,0,0
-0.0662,0,0
-0.0658,0,0
-0.0654,0,0
-0.065,0,0
-0.0646,0.00309772,0.00420954
-0.0642,0,0
-0.0638,0,0
-0.0634,0.00615434,0.00616632
-0.063,0,0
-0.0626,0,0
-0.0622,0,0
-0.0618,0.00782667,0.00685282
-0.0614,0,0
-0.061,0,0
-0.0606,0.00562904,0.00604855
-0.0602,0,0
-0.0598,0,0
-0.0594,0,0
-0.059,0.00578436,0.00579493
-0.0586,0,0
-0.0582,0,0
-0.0578,0.0055925,0.00560238
-0.0574,0,0
-0.057,0,0
-0.0566,0,0
-0.0562,0.00581438,0.00582505
-0.0558,0,0
-0.0554,0,0
-0.055,0,0
-0.0546,0,0
-0.0542,0,0
-0.0538,0.00611509,0.00612689
-0.0534,0,0
-0.053,0.012006,0.00851488
-0.0526,0.000909029,0.00239445
-0.0522,0.00613687,0.00614875
-0.0518,0,0
-0.0514,0,0
-0.051,0,0
-0.0506,0,0
-0.0502,0,0
-0.0498,0.00579843,0.00580903
-0.0494,0,0
-0.049,0,0
-0.0486,0,0
-0.0482,0,0
-0.0478,0,0
-0.0474,0.00549386,0.00550338
-0.047,0,0
-0.0466,0,0
-0.0462,0,0
-0.0458,0.00537388,0.00538298
-0.0454,0,0
-0.045,0.00574759,0.005758
-0.0446,0,0
-0.0442,0,0
-0.0438,0,0
-0.0434,0,0
-0.043,0,0
-0.0426,0,0
-0.0422,0,0
-0.0418,0,0
-0.0414,0,0
-0.041,0.00563258,0.00564256
-0.0406,0.00508452,0.00544636
-0.0402,0,0
-0.0398,0,0
-0.0394,0,0
-0.039,0,0
-0.0386,0,0
-0.0382,0,0
-0.0378,0,0
-0.0374,0,0
-0.037,0,0
-0.0366,0,0
-0.0362,0,0
-0.0358,0,0
-0.0354,0,0
-0.035,0,0
-0.0346,0.0061563,0.00616821
-0.0342,0,0
-0.0338,0,0
-0.0334,0,0
-0.033,0,0
-0.0326,0,0
-0.0322,0.00623233,0.00624453
-0.0318,0,0
-0.0314,0,0
-0.031,0,0
-0.0306,0,0
-0.0302,0,0
-0.0298,0,0
-0.0294,0.00565543,0.00566547
-0.029,0,0
-0.0286,0,0
-0.0282,0,0
-0.0278,0,0
-0.0274,0,0
-0.027,0,0
-0.0266,0.00587395,0.00588477
-0.0262,0.0066271,0.00664087
-0.0258,0,0
-0.0254,0,0
-0.025,0,0
-0.0246,0,0
-0.0242,0.00632769,0.00634024
-0.0238,0,0
-0.0234,0.00602265,0.00603401
-0.023,0,0
-0.0226,0,0
-0.0222,0,0
-0.0218,0,0
-0.0214,0,0
-0.021,0,0
-0.0206,0,0
-0.0202,0,0
-0.0198,0,0
-0.0194,0.00544323,0.0054525
-0.019,0,0
-0.0186,0,0
-0.0182,0,0
-0.0178,0,0
-0.0174,0.00620667,0.00621873
-0.017,0,0
-0.0166,0,0
-0.0162,0,0
-0.0158,0.00621971,0.00623181
-0.0154,0,0
-0.015,0,0
-0.0146,0,0
-0.0142,0,0
-0.0138,0.00491334,0.00566685
-0.0134,0.010022,0.00730834
-0.013,0,0
-0.0126,0.00263218,0.00388801
-0.0122,0.00635303,0.00636564
-0.0118,0,0
-0.0114,0,0
-0.011,0,0
-0.0106,0.0122684,0.00869173
-0.0102,0,0
-0.0098,0,0
-0.0094,0,0
-0.009,0,0
-0.0086,0,0
-0.0082,0.0120448,0.00853303
-0.0078,0,0
-0.0074,0.000239776,0.00115178
-0.007,0,0
-0.0066,0,0
-0.0062,0,0
-0.0058,0.0107456,0.00778638
-0.0054,0.00560251,0.00561231
-0.005,0.0224369,0.0112382
-0.0046,0.00565244,0.00566241
-0.0042,0.0433519,0.0162338
-0.0038,0.0311801,0.0137644
-0.0034,0.0514628,0.016933
-0.003,0.0750265,0.0211197
-0.0026,0.146886,0.0287851
-0.0022,0.277763,0.0408948
-0.0018,0.486808,0.0543686
-0.0014,0.769072,0.0670879
-0.001,1.14582,0.0817911
-0.0006,1.69577,0.0995778
-0.0002,1.9826,0.108494
0.0002,1.88537,0.10671
0.0006,1.62575,0.0983643
0.001,0.890487,0.0699457
0.0014,0.572532,0.0577975
0.0018,0.279329,0.0400182
0.0022,0.172483,0.0311051
0.0026,0.0342131,0.0139945
0.003,0.00440847,0.00498362
0.0034,0.00618068,0.00619258
0.0038,0,0
0.0042,0,0
0.0046,0.00484732,0.00533292
0.005,0,0
0.0054,0.00132001,0.00281921
0.0058,0,0
0.0062,0,0
0.0066,0,0
0.007,0.00608143,0.00609295
0.0074,0,0
0.0078,0.00568792,0.00569799
0.0082,0,0
0.0086,0,0
0.009,0,0
0.0094,0,0
0.0098,0,0
0.0102,0,0
0.0106,0.00610256,0.00611414
0.011,0,0
0.0114,0.00578721,0.00579763
0.0118,0,0
0.0122,0,0
0.0126,0,0
0.013,0.0117537,0.00832763
0.0134,0.00570121,0.00571131
0.0138,0,0
0.0142,0,0
0.0146,0.0101818,0.00794072
0.015,0.00577671,0.00578708
0.0154,0,0
0.0158,0.00335944,0.00460844
0.0162,0,0
0.0166,0.000548739,0.00178784
0.017,0,0
0.0174,0,0
0.0178,0,0
0.0182,0,0
0.0186,0,0
0.019,0.00559319,0.00560291
0.0194,0,0
0.0198,0,0
0.0202,0,0
0.0206,0.00598225,0.00599336
0.021,0,0
0.0214,0,0
0.0218,0,0
0.0222,0,0
0.0226,0,0
0.023,0,0
0.0234,0.00594608,0.00595704
0.0238,0,0
0.0242,0,0
0.0246,0.0115022,0.00814984
0.025,0,0
0.0254,0,0
0.0258,0,0
0.0262,0.00562139,0.00563119
0.0266,0,0
0.027,0,0
0.0274,0,0
0.0278,0.00575828,0.00576855
0.0282,0,0
0.0286,0,0
0.029,0,0
0.0294,0,0
0.0298,0,0
0.0302,0,0
0.0306,0.00633881,0.00635125
0.031,0,0
0.0314,0,0
0.0318,0.00808602,0.00686291
0.0322,0.00581788,0.00582836
0.0326,0,0
0.033,0,0
0.0334,0,0
0.0338,0,0
0.0342,0,0
0.0346,0,0
0.035,0,0
0.0354,0,0
0.0358,0,0
0.0362,0,0
0.0366,0,0
0.037,0,0
0.0374,0,0
0.0378,0,0
0.0382,0,0
0.0386,0,0
0.039,0,0
0.0394,0,0
0.0398,0,0
0.0402,0,0
0.0406,0,0
0.041,0,0
0.0414,0,0
0.0418,0,0
0.0422,0,0
0.0426,0,0
0.043,0,0
0.0434,0.00580796,0.00581838
0.0438,0,0
0.0442,0,0
0.0446,0,0
0.045,0,0
0.0454,0.00613726,0.00614889
0.0458,0,0
0.0462,0.00397709,0.00480664
0.0466,0,0
0.047,0,0
0.0474,0.00615886,0.00617057
0.0478,0,0
0.0482,0,0
0.0486,0.00528715,0.00529578
0.049,0.00638164,0.0063942
0.0494,0,0
0.0498,0,0
0.0502,0.00595342,0.00596435
0.0506,0.00598172,0.00599276
0.051,0.0055746,0.00558419
0.0514,0,0
0.0518,0.00569687,0.00570687
0.0522,0,0
0.0526,0,0
0.053,0.00607186,0.00608323
0.0534,0,0
0.0538,0,0
0.0542,0,0
0.0546,0,0
0.055,0,0
0.0554,0,0
0.0558,0,0
0.0562,0,0
0.0566,0,0
0.057,0,0
0.0574,0,0
0.0578,0,0
0.0582,0,0
0.0586,0,0
0.059,0.00592671,0.00593752
0.0594,0,0
0.0598,0,0
0.0602,0,0
0.0606,0,0
0.061,0.00619737,0.00620919
0.0614,0,0
0.0618,0,0
0.0622,0,0
0.0626,0,0
0.063,0,0
0.0634,0,0
0.0638,0,0
0.0642,0,0
0.0646,0.0121484,0.00860628
0.065,0,0
0.0654,0,0
0.0658,0.00534341,0.00535219
0.0662,0.00581569,0.00582608
0.0666,0,0
0.067,0.0034474,0.00440285
0.0674,0,0
0.0678,0,0
0.0682,0,0
0.0686,0,0
0.069,0.00568647,0.00569639
0.0694,0,0
0.0698,0,0
0.0702,0.0050496,0.00563822
0.0706,0,0
0.071,0,0
0.0714,0.00592199,0.00593392
0.0718,0,0
0.0722,0,0
0.0726,0,0
0.073,0,0
0.0734,0,0
0.0738,0.00626986,0.00628191
0.0742,0,0
0.0746,0.00604471,0.00605591
0.075,0,0
0.0754,0,0
0.0758,0,0
0.0762,0,0
0.0766,0,0
0.077,0.0110255,0.00792931
0.0774,0,0
0.0778,0,0
0.0782,0,0
0.0786,0.00562941,0.00563912
0.079,0,0
0.0794,0,0
0.0798,0,0
0.0802,0,0
0.0806,0.00606703,0.0060783
0.081,0,0
0.0814,0.00437656,0.00496562
0.0818,0,0
0.0822,0,0
0.0826,0,0
0.083,0,0
0.0834,0.0061527,0.00616428
0.0838,0,0
0.0842,0,0
0.0846,0,0
0.085,0,0
0.0854,0,0
0.0858,0,0
0.0862,0,0
0.0866,0,0
0.087,0,0
0.0874,0,0
0.0878,0,0
0.0882,0.00561361,0.00562324
0.0886,0,0
0.089,0,0
0.0894,0,0
0.0898,0,0
0.0902,0,0
0.0906,0,0
0.091,0,0
0.0914,0,0
0.0918,0.0062141,0.00622589
0.0922,0,0
0.0926,0.00616552,0.00617712
0.093,0,0
0.0934,0,0
0.0938,0.00575091,0.005761
0.0942,0,0
0.0946,0,0
0.095,0,0
0.0954,0,0
0.0958,0,0
0.0962,0,0
0.0966,0,0
0.097,0,0
0.0974,0.00575671,0.00576681
0.0978,0,0
0.0982,0,0
0.0986,0,0
0.099,0,0
0.0994,0.00657843,0.00659162
0.0998,0,0
0.1002,0,0
0.1006,0,0
0.101,0,0
0.1014,0.00672035,0.0067341
0.1018,0,0
0.1022,0,0
0.1026,0,0
0.103,0.00740009,0.00741675
0.1034,0,0
0.1038,0,0
0.1042,0,0
0.1046,0.00740531,0.00742199
0.105,0,0
0.1054,0,0
0.1058,0,0
0.1062,0,0
0.1066,0,0
0.107,0,0
0.1074,0.00698508,0.00699992
0.1078,0,0
0.1082,0,0
0.1086,0,0
0.109,0,0
0.1094,0,0
0.1098,0,0
0.1102,0,0
0.1106,0,0
0.111,0.00881943,0.00884304
0.1114,0,0
0.1118,0,0
0.1122,0,0
0.1126,0,0
0.113,0.0025769,0.00478464
0.1134,0,0
0.1138,0,0
0.1142,0,0
0.1146,0,0
0.115,0,0
0.1154,0,0
0.1158,0,0
0.1162,0,0
0.1166,0,0
0.117,0,0
0.1174,0.00884867,0.00887239
0.1178,0,0
0.1182,0,0
0.1186,0,0
0.119,0,0
0.1194,0,0
0.1198,0,0
3
-0.1198,0,0
-0.1194,0,0
-0.119,0,0
-0.1186,0,0
-0.1182,0,0
-0.1178,0.00632402,0.00633631
-0.1174,0,0
-0.117,0,0
-0.1166,0.0055095,0.00551883
-0.1162,0,0
-0.1158,0,0
-0.1154,0,0
-0.115,0,0
-0.1146,0,0
-0.1142,0,0
-0.1138,0,0
-0.1134,0,0
-0.113,0,0
-0.1126,0,0
-0.1122,0,0
-0.1118,0,0
-0.1114,0,0
-0.111,0,0
-0.1106,0,0
-0.1102,0,0
-0.1098,0,0
-0.1094,0,0
-0.109,0.00598384,0.00599481
-0.1086,0,0
-0.1082,0,0
-0.1078,0,0
-0.1074,0,0
-0.107,0,0
-0.1066,0,0
-0.1062,0,0
-0.1058,0,0
-0.1054,0,0
-0.105,0,0
-0.1046,0,0
-0.1042,0,0
-0.1038,0,0
-0.1034,0,0
-0.103,0.00609382,0.00610516
-0.1026,0,0
-0.1022,0,0
-0.1018,0,0
-0.1014,0,0
-0.101,0,0
-0.1006,0,0
-0.1002,0.00547552,0.00548467
-0.0998,0,0
-0.0994,0,0
-0.099,0.00686453,0.0068789
-0.0986,0,0
-0.0982,0,0
-0.0978,0,0
-0.0974,0,0
-0.097,0,0
-0.0966,0,0
-0.0962,0,0
-0.0958,0,0
-0.0954,0,0
-0.095,0,0
-0.0946,0,0
-0.0942,0,0
-0.0938,0.0021885,0.00364901
-0.0934,0.00653199,0.00654497
-0.093,0,0
-0.0926,0,0
-0.0922,0,0
-0.0918,0,0
-0.0914,0,0
-0.091,0,0
-0.0906,0,0
-0.0902,0,0
-0.0898,0,0
-0.0894,0,0
-0.089,0,0
-0.0886,0,0
-0.0882,0,0
-0.0878,0,0
-0.0874,0,0
-0.087,0,0
-0.0866,0,0
-0.0862,0,0
-0.0858,0,0
-0.0854,0,0
-0.085,0.0115319,0.00816856
-0.0846,0,0
-0.0842,0,0
-0.0838,0.00585304,0.00586342
-0.0834,0,0
-0.083,0,0
-0.0826,0,0
-0.0822,0,0
-0.0818,0.00544262,0.00554098
-0.0814,0,0
-0.081,0,0
-0.0806,0.00606704,0.00607818
-0.0802,0,0
-0.0798,0,0
-0.0794,0,0
-0.079,0,0
-0.0786,0,0
-0.0782,0,0
-0.0778,0,0
-0.0774,0,0
-0.077,0,0
-0.0766,0,0
-0.0762,0,0
-0.0758,0,0
-0.0754,0,0
-0.075,0,0
-0.0746,0,0
-0.0742,0,0
-0.0738,0,0
-0.0734,0,0
-0.073,0,0
-0.0726,0.00598799,0.0059988
-0.0722,0,0
-0.0718,0,0
-0.0714,0,0
-0.071,0,0
-0.0706,0,0
-0.0702,0,0
-0.0698,0,0
-0.0694,0,0
-0.069,0,0
-0.0686,0,0
-0.0682,0,0
-0.0678,0,0
-0.0674,0,0
-0.067,0,0
-0.0666,0,0
-0.0662,0,0
-0.0658,0.00588232,0.00589271
-0.0654,0,0
-0.065,0,0
-0.0646,0,0
-0.0642,0,0
-0.0638,0,0
-0.0634,0,0
-0.063,0,0
-0.0626,0,0
-0.0622,0,0
-0.0618,0.00453338,0.00546869
-0.0614,0,0
-0.061,0,0
-0.0606,0.000890214,0.00247065
-0.0602,0,0
-0.0598,0,0
-0.0594,0,0
-0.059,0.00610541,0.00611657
-0.0586,0,0
-0.0582,0,0
-0.0578,0,0
-0.0574,0.00613995,0.00615123
-0.057,0,0
-0.0566,0.00655802,0.00657088
-0.0562,0,0
-0.0558,0,0
-0.0554,0,0
-0.055,0,0
-0.0546,0,0
-0.0542,0,0
-0.0538,0,0
-0.0534,0,0
-0.053,0,0
-0.0526,0,0
-0.0522,0,0
-0.0518,0,0
-0.0514,0,0
-0.051,0.00651518,0.00652784
-0.0506,0,0
-0.0502,0,0
-0.0498,0,0
-0.0494,0,0
-0.049,0,0
-0.0486,0.00642283,0.00643512
-0.0482,0,0
-0.0478,0,0
-0.0474,0,0
-0.047,0,0
-0.0466,0,0
-0.0462,0,0
-0.0458,0,0
-0.0454,0,0
-0.045,0,0
-0.0446,0,0
-0.0442,0,0
-0.0438,0,0
-0.0434,0,0
-0.043,0,0
-0.0426,0.00646339,0.0064758
-0.0422,0,0
-0.0418,0,0
-0.0414,0,0
-0.041,0,0
-0.0406,0,0
-0.0402,0,0
-0.0398,0,0
-0.0394,0,0
-0.039,0,0
-0.0386,0,0
-0.0382,0,0
-0.0378,0,0
-0.0374,0,0
-0.037,0,0
-0.0366,0,0
-0.0362,0,0
-0.0358,0,0
-0.0354,0.0064673,0.00647968
-0.035,0,0
-0.0346,0,0
-0.0342,0,0
-0.0338,0,0
-0.0334,0.0058931,0.00590338
-0.033,0,0
-0.0326,0,0
-0.0322,0,0
-0.0318,0,0
-0.0314,0.00526749,0.0060252
-0.031,0,0
-0.0306,0,0
-0.0302,0,0
-0.0298,0,0
-0.0294,0.00621008,0.00622147
-0.029,0,0
-0.0286,0,0
-0.0282,0,0
-0.0278,0,0
-0.0274,0,0
-0.027,0,0
-0.0266,0,0
-0.0262,0,0
-0.0258,0.00608899,0.00609992
-0.0254,0,0
-0.025,0,0
-0.0246,0.00673235,0.0067457
-0.0242,0.00673371,0.00674707
-0.0238,0,0
-0.0234,0,0
-0.023,0,0
-0.0226,0,0
-0.0222,0.000286407,0.00133146
-0.0218,0,0
-0.0214,0.00631716,0.0063289
-0.021,0,0
-0.0206,0,0
-0.0202,0.00626405,0.00627558
-0.0198,0,0
-0.0194,0,0
-0.019,0,0
-0.0186,0,0
-0.0182,0,0
-0.0178,0.00626531,0.00627684
-0.0174,0.0131804,0.00933806
-0.017,0.00629354,0.00630517
-0.0166,0,0
-0.0162,0,0
-0.0158,0.0060698,0.00608061
-0.0154,0,0
-0.015,0.000409472,0.00160923
-0.0146,0.0064896,0.00650195
-0.0142,0.00412697,0.00518901
-0.0138,0,0
-0.0134,0,0
-0.013,0,0
-0.0126,0.00329726,0.00449489
-0.0122,0,0
-0.0118,0,0
-0.0114,0,0
-0.011,0,0
-0.0106,0,0
-0.0102,0,0
-0.0098,0.00354565,0.00477257
-0.0094,0,0
-0.009,0.00629579,0.00630739
-0.0086,0.00644631,0.00645846
-0.0082,0.00643139,0.00644348
-0.0078,0,0
-0.0074,0,0
-0.007,0,0
-0.0066,0,0
-0.0062,0,0
-0.0058,0,0
-0.0054,0.00615246,0.00616352
-0.005,0.0119744,0.00848201
-0.0046,0.0157264,0.00976408
-0.0042,0.000302462,0.00140207
-0.0038,0.0183285,0.0106102
-0.0034,0.0416236,0.0157469
-0.003,0.0295146,0.0139015
-0.0026,0.097134,0.0242778
-0.0022,0.156788,0.0317705
-0.0018,0.325471,0.0459547
-0.0014,0.471119,0.0542532
-0.001,0.708247,0.0664766
-0.0006,0.936882,0.0765231
-0.0002,1.12945,0.0846648
0.0002,1.27503,0.0907014
0.0006,0.893357,0.075294
0.001,0.64488,0.0617288
0.0014,0.293021,0.042953
0.0018,0.160366,0.031218
0.0022,0.0777598,0.0216072
0.0026,0.0310317,0.0139044
0.003,0.0120185,0.00851328
0.0034,0.00661622,0.00662896
0.0038,0.00657634,0.00658892
0.0042,0.00149936,0.00304305
0.0046,0.00106917,0.00259167
0.005,0,0
0.0054,0.0114351,0.00858715
0.0058,0.0122333,0.00866586
0.0062,0.00615898,0.00617001
0.0066,0,0
0.007,0.00651527,0.0065276
0.0074,0,0
0.0078,0,0
0.0082,0,0
0.0086,0.00597283,0.00598319
0.009,0,0
0.0094,0.0025865,0.00413305
0.0098,0,0
0.0102,0.00638541,0.00639724
0.0106,0.00654278,0.0065552
0.011,0,0
0.0114,0,0
0.0118,0,0
0.0122,0.00642555,0.00643752
0.0126,0.00642668,0.00643865
0.013,0,0
0.0134,0.00611582,0.00612666
0.0138,0,0
0.0142,0,0
0.0146,0.00216624,0.00368702
0.015,0,0
0.0154,0,0
0.0158,0.00991154,0.00820064
0.0162,0,0
0.0166,0,0
0.017,0,0
0.0174,0,0
0.0178,0,0
0.0182,0.00601339,0.00602385
0.0186,0.00382375,0.00494273
0.019,0.00600608,0.00601651
0.0194,0,0
0.0198,0,0
0.0202,0,0
0.0206,0,0
0.021,0,0
0.0214,0.000674133,0.00206535
0.0218,0.00657043,0.0065829
0.0222,0,0
0.0226,0,0
0.023,0,0
0.0234,0,0
0.0238,0,0
0.0242,0.00595857,0.00596882
0.0246,0.00604502,0.00605556
0.025,0,0
0.0254,0,0
0.0258,0,0
0.0262,0,0
0.0266,0,0
0.027,0,0
0.0274,0,0
0.0278,0,0
0.0282,0,0
0.0286,0,0
0.029,0.00639315,0.00640493
0.0294,0,0
0.0298,0,0
0.0302,0.00555854,0.00556744
0.0306,0,0
0.031,0,0
0.0314,0,0
0.0318,0.00376723,0.00484487
0.0322,0,0
0.0326,0,0
0.033,0,0
0.0334,0,0
0.0338,0,0
0.0342,0.00638792,0.00639965
0.0346,0,0
0.035,0,0
0.0354,0,0
0.0358,0.00279309,0.00428645
0.0362,0,0
0.0366,0,0
0.037,0,0
0.0374,0,0
0.0378,0,0
0.0382,0,0
0.0386,0,0
0.039,0,0
0.0394,0,0
0.0398,0,0
0.0402,0.00625262,0.00626384
0.0406,0,0
0.041,0,0
0.0414,0,0
0.0418,0,0
0.0422,0,0
0.0426,0,0
0.043,0.00628717,0.0062985
0.0434,0,0
0.0438,0.0060071,0.00601744
0.0442,0,0
0.0446,0,0
0.045,0,0
0.0454,0,0
0.0458,0,0
0.0462,0,0
0.0466,0,0
0.047,0,0
0.0474,0,0
0.0478,0,0
0.0482,0,0
0.0486,0,0
0.049,0.00688398,0.00689753
0.0494,0,0
0.0498,0,0
0.0502,0,0
0.0506,0.000952144,0.00240179
0.051,0,0
0.0514,0,0
0.0518,0,0
0.0522,0,0
0.0526,0,0
0.053,0,0
0.0534,0,0
0.0538,0,0
0.0542,0,0
0.0546,0,0
0.055,0,0
0.0554,0,0
0.0558,0,0
0.0562,0.00650751,0.00651959
0.0566,0,0
0.057,0,0
0.0574,0,0
0.0578,0,0
0.0582,0,0
0.0586,0,0
0.059,0,0
0.0594,0,0
0.0598,0,0
0.0602,0,0
0.0606,0,0
0.061,0,0
0.0614,0,0
0.0618,0,0
0.0622,0,0
0.0626,0.012466,0.00883047
0.063,0,0
0.0634,0,0
0.0638,0,0
0.0642,0.00655455,0.00656678
0.0646,0,0
0.065,0,0
0.0654,0,0
0.0658,0,0
0.0662,0,0
0.0666,0.00628285,0.00629408
0.067,0.00232948,0.00376167
0.0674,0.00729123,0.00703844
0.0678,0,0
0.0682,0,0
0.0686,0,0
0.069,0,0
0.0694,0,0
0.0698,0,0
0.0702,0.00131993,0.00299627
0.0706,0,0
0.071,0,0
0.0714,0,0
0.0718,0,0
0.0722,0,0
0.0726,0,0
0.073,0,0
0.0734,0,0
0.0738,0,0
0.0742,0,0
0.0746,0,0
0.075,0.00618334,0.00619419
0.0754,0,0
0.0758,0,0
0.0762,0,0
0.0766,0,0
0.077,0,0
0.0774,0,0
0.0778,0,0
0.0782,0.00641594,0.00642761
0.0786,0,0
0.079,0.00661297,0.00662536
0.0794,0,0
0.0798,0,0
0.0802,0,0
0.0806,0,0
0.081,0,0
0.0814,0,0
0.0818,0,0
0.0822,0,0
0.0826,0,0
0.083,0,0
0.0834,0,0
0.0838,0.00640124,0.00641284
0.0842,0,0
0.0846,0,0
0.085,0,0
0.0854,0,0
0.0858,0,0
0.0862,0,0
0.0866,0,0
0.087,0,0
0.0874,0,0
0.0878,0,0
0.0882,0,0
0.0886,0.00360419,0.0047608
0.089,0,0
0.0894,0,0
0.0898,0,0
0.0902,0,0
0.0906,0,0
0.091,0,0
0.0914,0,0
0.0918,0,0
0.0922,0,0
0.0926,0,0
0.093,0,0
0.0934,0,0
0.0938,0,0
0.0942,0.000432496,0.00165887
0.0946,0,0
0.095,0.00654955,0.00656165
0.0954,0,0
0.0958,0,0
0.0962,0.00660767,0.00661999
0.0966,0,0
0.097,0,0
0.0974,0,0
0.0978,0.00652748,0.00653949
0.0982,0,0
0.0986,0,0
0.099,0,0
0.0994,0,0
0.0998,0,0
0.1002,0,0
0.1006,0,0
0.101,0,0
0.1014,0,0
0.1018,0,0
0.1022,0,0
0.1026,0,0
0.103,0,0
0.1034,0,0
0.1038,0,0
0.1042,0,0
0.1046,0,0
0.105,0.00638465,0.00701801
0.1054,0,0
0.1058,0,0
0.1062,0,0
0.1066,0,0
0.107,0,0
0.1074,0,0
0.1078,0,0
0.1082,0,0
0.1086,0,0
0.109,0,0
0.1094,0.00813464,0.00815324
0.1098,0,0
0.1102,0,0
0.1106,0,0
0.111,0,0
0.1114,0,0
0.1118,0,0
0.1122,0,0
0.1126,0,0
0.113,0,0
0.1134,0,0
0.1138,0,0
0.1142,0.00941922,0.00944413
0.1146,0,0
0.115,0,0
0.1154,0,0
0.1158,0,0
0.1162,0,0
0.1166,0,0
0.117,0,0
0.1174,0,0
0.1178,0,0
0.1182,0,0
0.1186,0,0
0.119,0,0
0.1194,0,0
0.1198,0,0
4
-0.1198,0,0
-0.1194,0,0
-0.119,0,0
-0.1186,0,0
-0.1182,0,0
-0.1178,0,0
-0.1174,0,0
-0.117,0.00651139,0.00652436
-0.1166,0,0
-0.1162,0,0
-0.1158,0,0
-0.1154,0,0
-0.115,0,0
-0.1146,0,0
-0.1142,0,0
-0.1138,0,0
-0.1134,0,0
-0.113,0,0
-0.1126,0,0
-0.1122,0,0
-0.1118,0,0
-0.1114,0,0
-0.111,0,0
-0.1106,0,0
-0.1102,0,0
-0.1098,0,0
-0.1094,0,0
-0.109,0,0
-0.1086,0,0
-0.1082,0,0
-0.1078,0,0
-0.1074,0,0
-0.107,0,0
-0.1066,0,0
-0.1062,0,0
-0.1058,0,0
-0.1054,0,0
-0.105,0,0
-0.1046,0,0
-0.1042,0,0
-0.1038,0,0
-0.1034,0,0
-0.103,0,0
-0.1026,0,0
-0.1022,0,0
-0.1018,0.00657906,0.00659221
-0.1014,0,0
-0.101,0,0
-0.1006,0,0
-0.1002,0,0
-0.0998,0,0
-0.0994,0,0
-0.099,0,0
-0.0986,0,0
-0.0982,0,0
-0.0978,0,0
-0.0974,0,0
-0.097,0,0
-0.0966,0,0
-0.0962,0,0
-0.0958,0,0
-0.0954,0,0
-0.095,0,0
-0.0946,0.00641804,0.00643051
-0.0942,0,0
-0.0938,0,0
-0.0934,0,0
-0.093,0,0
-0.0926,0,0
-0.0922,0.00141643,0.00299146
-0.0918,0,0
-0.0914,0,0
-0.091,0,0
-0.0906,0,0
-0.0902,0,0
-0.0898,0,0
-0.0894,0,0
-0.089,0.00637526,0.00638753
-0.0886,0,0
-0.0882,0,0
-0.0878,0,0
-0.0874,0,0
-0.087,0,0
-0.0866,0,0
-0.0862,0,0
-0.0858,0,0
-0.0854,0,0
-0.085,0,0
-0.0846,0,0
-0.0842,0,0
-0.0838,0,0
-0.0834,0,0
-0.083,0,0
-0.0826,0,0
-0.0822,0,0
-0.0818,0.000180334,0.00101144
-0.0814,0,0
-0.081,0,0
-0.0806,0,0
-0.0802,0,0
-0.0798,0,0
-0.0794,0,0
-0.079,0,0
-0.0786,0,0
-0.0782,0,0
-0.0778,0,0
-0.0774,0,0
-0.077,0.00654034,0.00655319
-0.0766,0,0
-0.0762,0,0
-0.0758,0,0
-0.0754,0,0
-0.075,0,0
-0.0746,0,0
-0.0742,0,0
-0.0738,0,0
-0.0734,0.00647395,0.00648653
-0.073,0,0
-0.0726,0,0
-0.0722,0.00624091,0.00625259
-0.0718,0,0
-0.0714,0,0
-0.071,0,0
-0.0706,0,0
-0.0702,0,0
-0.0698,0,0
-0.0694,0,0
-0.069,0,0
-0.0686,0,0
-0.0682,0.0059978,0.00600858
-0.0678,0,0
-0.0674,0,0
-0.067,0,0
-0.0666,0,0
-0.0662,0,0
-0.0658,0,0
-0.0654,0.00629448,0.00630634
-0.065,0,0
-0.0646,0,0
-0.0642,0,0
-0.0638,0,0
-0.0634,0,0
-0.063,0,0
-0.0626,0.00213088,0.00367551
-0.0622,0.00623215,0.00624377
-0.0618,0,0
-0.0614,0,0
-0.061,0,0
-0.0606,0,0
-0.0602,0,0
-0.0598,0,0
-0.0594,0,0
-0.059,0,0
-0.0586,0,0
-0.0582,0,0
-0.0578,0,0
-0.0574,0,0
-0.057,0,0
-0.0566,0,0
-0.0562,0,0
-0.0558,0,0
-0.0554,0,0
-0.055,0,0
-0.0546,0.00613698,0.00614822
-0.0542,0,0
-0.0538,0,0
-0.0534,0,0
-0.053,0,0
-0.0526,0,0
-0.0522,0,0
-0.0518,0,0
-0.0514,0.00620697,0.00621846
-0.051,0,0
-0.0506,0.00613437,0.00614559
-0.0502,0,0
-0.0498,0,0
-0.0494,0,0
-0.049,0,0
-0.0486,0,0
-0.0482,0,0
-0.0478,0,0
-0.0474,0,0
-0.047,0,0
-0.0466,0,0
-0.0462,0.00576815,0.00577806
-0.0458,0,0
-0.0454,0,0
-0.045,0,0
-0.0446,0,0
-0.0442,0,0
-0.0438,0,0
-0.0434,0,0
-0.043,0,0
-0.0426,0,0
-0.0422,0.000798462,0.00222669
-0.0418,0,0
-0.0414,0,0
-0.041,0,0
-0.0406,0,0
-0.0402,0,0
-0.0398,0,0
-0.0394,0,0
-0.039,0,0
-0.0386,0,0
-0.0382,0,0
-0.0378,0,0
-0.0374,0,0
-0.037,0,0
-0.0366,0.00654666,0.00655939
-0.0362,0,0
-0.0358,0,0
-0.0354,0,0
-0.035,0,0
-0.0346,0,0
-0.0342,0,0
-0.0338,0,0
-0.0334,0,0
-0.033,0.00679836,0.00681208
-0.0326,0,0
-0.0322,0.00659129,0.00660418
-0.0318,0,0
-0.0314,0.00158929,0.00330202
-0.031,0,0
-0.0306,0,0
-0.0302,0,0
-0.0298,0.00701317,0.00702776
-0.0294,0,0
-0.029,0,0
-0.0286,0,0
-0.0282,0,0
-0.0278,0.000553196,0.0018146
-0.0274,0,0
-0.027,0.00610115,0.0061122
-0.0266,0,0
-0.0262,0,0
-0.0258,0,0
-0.0254,0,0
-0.025,0,0
-0.0246,0,0
-0.0242,0,0
-0.0238,0,0
-0.0234,0,0
-0.023,0,0
-0.0226,0,0
-0.0222,0.0058365,0.00598777
-0.0218,0.0128926,0.00913392
-0.0214,0.00626767,0.00627932
-0.021,0,0
-0.0206,0,0
-0.0202,0,0
-0.0198,0,0
-0.0194,0,0
-0.019,0,0
-0.0186,0,0
-0.0182,0,0
-0.0178,0,0
-0.0174,0,0
-0.017,0,0
-0.0166,0,0
-0.0162,0.012973,0.00919164
-0.0158,0.00625423,0.00626583
-0.0154,0,0
-0.015,0.00583032,0.00604067
-0.0146,0,0
-0.0142,0.00877689,0.00752653
-0.0138,0,0
-0.0134,0,0
-0.013,0,0
-0.0126,0,0
-0.0122,0,0
-0.0118,0.00633047,0.00634235
-0.0114,0.00601145,0.00602216
-0.011,0,0
-0.0106,0.00623407,0.00624559
-0.0102,0,0
-0.0098,0.00281827,0.00422794
-0.0094,0,0
-0.009,0,0
-0.0086,0.00663092,0.00664395
-0.0082,0.0126899,0.00899002
-0.0078,0,0
-0.0074,0.0185644,0.0107379
-0.007,0,0
-0.0066,0.00650851,0.00652107
-0.0062,0.00575437,0.00576419
-0.0058,0.0118146,0.00837171
-0.0054,0.0178541,0.0103272
-0.005,0.0118063,0.00836293
-0.0046,0.00235932,0.0037527
-0.0042,0.00637413,0.00638618
-0.0038,0.0254726,0.0127605
-0.0034,0.0523941,0.0175197
-0.003,0.0688753,0.020823
-0.0026,0.1044,0.0249222
-0.0022,0.177118,0.0334194
-0.0018,0.208839,0.0365533
-0.0014,0.433586,0.0515408
-0.001,0.646445,0.0629285
-0.0006,0.910957,0.074801
-0.0002,1.04609,0.0807559
0.0002,1.30503,0.0910224
0.0006,0.938152,0.0766655
0.001,0.533566,0.0556028
0.0014,0.271766,0.040748
0.0018,0.191608,0.0338004
0.0022,0.0884287,0.0227682
0.0026,0.0195435,0.0108312
0.003,0.0412674,0.0156252
0.0034,0.0194589,0.0112563
0.0038,0.00603087,0.00604167
0.0042,0.0105917,0.00800635
0.0046,0,0
0.005,0.00641918,0.00643141
0.0054,0,0
0.0058,0,0
0.0062,0.00620387,0.0062153
0.0066,0,0
0.007,0.00637463,0.0063867
0.0074,0,0
0.0078,0.011842,0.00838849
0.0082,0,0
0.0086,0,0
0.009,0,0
0.0094,0.00390181,0.00501821
0.0098,0,0
0.0102,0,0
0.0106,0,0
0.011,0,0
0.0114,0,0
0.0118,0,0
0.0122,0,0
0.0126,0,0
0.013,0,0
0.0134,0,0
0.0138,0,0
0.0142,0,0
0.0146,0.00609365,0.00610469
0.015,0,0
0.0154,0,0
0.0158,0.0065819,0.00659478
0.0162,0.0126698,0.00897576
0.0166,0,0
0.017,0,0
0.0174,0,0
0.0178,0,0
0.0182,0,0
0.0186,0.00854578,0.00724837
0.019,0,0
0.0194,0,0
0.0198,0,0
0.0202,0.0062037,0.00621515
0.0206,0,0
0.021,0,0
0.0214,0.00546873,0.0057974
0.0218,0,0
0.0222,0,0
0.0226,0,0
0.023,0.00596064,0.00597122
0.0234,0,0
0.0238,0,0
0.0242,0,0
0.0246,0,0
0.025,0,0
0.0254,0,0
0.0258,0,0
0.0262,0,0
0.0266,0.00618448,0.00619587
0.027,0,0
0.0274,0,0
0.0278,0,0
0.0282,0,0
0.0286,0,0
0.029,0.0123738,0.00876573
0.0294,0,0
0.0298,0.00590434,0.00591472
0.0302,0,0
0.0306,0,0
0.031,0,0
0.0314,0,0
0.0318,0,0
0.0322,0,0
0.0326,0,0
0.033,0,0
0.0334,0,0
0.0338,0,0
0.0342,0,0
0.0346,0,0
0.035,0,0
0.0354,0,0
0.0358,0.00362801,0.00479847
0.0362,0,0
0.0366,0,0
0.037,0.0069746,0.00698909
0.0374,0,0
0.0378,0,0
0.0382,0,0
0.0386,0,0
0.039,0.00654721,0.00655998
0.0394,0,0
0.0398,0,0
0.0402,0,0
0.0406,0,0
0.041,0,0
0.0414,0.00620504,0.00622347
0.0418,0,0
0.0422,0,0
0.0426,0,0
0.043,0,0
0.0434,0,0
0.0438,0,0
0.0442,0,0
0.0446,0,0
0.045,0,0
0.0454,0,0
0.0458,0,0
0.0462,0,0
0.0466,0,0
0.047,0.00397268,0.00486442
0.0474,0,0
0.0478,0,0
0.0482,0,0
0.0486,0,0
0.049,0.00604277,0.00605366
0.0494,0.00590956,0.00591998
0.0498,0,0
0.0502,0,0
0.0506,0.00487423,0.00532012
0.051,0,0
0.0514,0,0
0.0518,0,0
0.0522,0,0
0.0526,0,0
0.053,0,0
0.0534,0,0
0.0538,0,0
0.0542,0,0
0.0546,0,0
0.055,0.00669467,0.00670804
0.0554,0,0
0.0558,0,0
0.0562,0,0
0.0566,0,0
0.057,0,0
0.0574,0.00595472,0.0059653
0.0578,0,0
0.0582,0,0
0.0586,0,0
0.059,0,0
0.0594,0,0
0.0598,0,0
0.0602,0,0
0.0606,0,0
0.061,0.0063893,0.00640148
0.0614,0,0
0.0618,0,0
0.0622,0,0
0.0626,0,0
0.063,0,0
0.0634,0,0
0.0638,0,0
0.0642,0,0
0.0646,0,0
0.065,0,0
0.0654,0,0
0.0658,0,0
0.0662,0.00640601,0.00641826
0.0666,0,0
0.067,0,0
0.0674,0.00531689,0.00554732
0.0678,0,0
0.0682,0,0
0.0686,0,0
0.069,0,0
0.0694,0,0
0.0698,0,0
0.0702,0,0
0.0706,0,0
0.071,0,0
0.0714,0,0
0.0718,0,0
0.0722,0,0
0.0726,0,0
0.073,0,0
0.0734,0,0
0.0738,0,0
0.0742,0,0
0.0746,0.0121704,0.00862323
0.075,0,0
0.0754,0.00587618,0.00588648
0.0758,0,0
0.0762,0,0
0.0766,0,0
0.077,0,0
0.0774,0.00588764,0.00589799
0.0778,0,0
0.0782,0,0
0.0786,0,0
0.079,0.00627597,0.00628773
0.0794,0,0
0.0798,0,0
0.0802,0,0
0.0806,0,0
0.081,0,0
0.0814,0,0
0.0818,0,0
0.0822,0,0
0.0826,0,0
0.083,0,0
0.0834,0,0
0.0838,0,0
0.0842,0,0
0.0846,0,0
0.085,0,0
0.0854,0,0
0.0858,0,0
0.0862,0,0
0.0866,0,0
0.087,0,0
0.0874,0.00567158,0.00568119
0.0878,0,0
0.0882,0,0
0.0886,0.00252026,0.00387348
0.089,0,0
0.0894,0,0
0.0898,0,0
0.0902,0,0
0.0906,0,0
0.091,0,0
0.0914,0,0
0.0918,0,0
0.0922,0,0
0.0926,0.00575603,0.00576592
0.093,0,0
0.0934,0,0
0.0938,0,0
0.0942,0.00558576,0.00579697
0.0946,0,0
0.095,0,0
0.0954,0,0
0.0958,0,0
0.0962,0,0
0.0966,0.00628954,0.00630134
0.097,0.00647227,0.00648476
0.0974,0.00588357,0.0058939
0.0978,0,0
0.0982,0,0
0.0986,0,0
0.099,0,0
0.0994,0,0
0.0998,0,0
0.1002,0,0
0.1006,0,0
0.101,0,0
0.1014,0,0
0.1018,0,0
0.1022,0,0
0.1026,0,0
0.103,0,0
0.1034,0,0
0.1038,0,0
0.1042,0,0
0.1046,0.00755986,0.00757689
0.105,0.00122386,0.00298552
0.1054,0,0
0.1058,0,0
0.1062,0,0
0.1066,0,0
0.107,0,0
0.1074,0,0
0.1078,0,0
0.1082,0,0
0.1086,0,0
0.109,0.00811648,0.0081361
0.1094,0,0
0.1098,0,0
0.1102,0,0
0.1106,0,0
0.111,0,0
0.1114,0,0
0.1118,0.00889756,0.00892112
0.1122,0,0
0.1126,0,0
0.113,0,0
0.1134,0,0
0.1138,0,0
0.1142,0,0
0.1146,0,0
0.115,0,0
0.1154,0,0
0.1158,0,0
0.1162,0,0
0.1166,0,0
0.117,0,0
0.1174,0,0
0.1178,0,0
0.1182,0,0
0.1186,0,0
0.119,0,0
0.1194,0,0
0.1198,0,0
5
-0.1198,0,0
-0.1194,0,0
-0.119,0,0
-0.1186,0,0
-0.1182,0.00627965,0.00629162
-0.1178,0,0
-0.1174,0,0
-0.117,0,0
-0.1166,0,0
-0.1162,0,0
-0.1158,0,0
-0.1154,0,0
-0.115,0,0
-0.1146,0,0
-0.1142,0,0
-0.1138,0,0
-0.1134,0,0
-0.113,0,0
-0.1126,0.00610382,0.0061151
-0.1122,0,0
-0.1118,0,0
-0.1114,0,0
-0.111,0,0
-0.1106,0,0
-0.1102,0,0
-0.1098,0,0
-0.1094,0,0
-0.109,0,0
-0.1086,0,0
-0.1082,0,0
-0.1078,0,0
-0.1074,0,0
-0.107,0.0063498,0.00636196
-0.1066,0,0
-0.1062,0,0
-0.1058,0,0
-0.1054,0,0
-0.105,0,0
-0.1046,0,0
-0.1042,0,0
-0.1038,0,0
-0.1034,0,0
-0.103,0,0
-0.1026,0,0
-0.1022,0.00665083,0.00666412
-0.1018,0,0
-0.1014,0,0
-0.101,0,0
-0.1006,0,0
-0.1002,0,0
-0.0998,0,0
-0.0994,0,0
-0.099,0,0
-0.0986,0,0
-0.0982,0,0
-0.0978,0,0
-0.0974,0,0
-0.097,0,0
-0.0966,0,0
-0.0962,0,0
-0.0958,0,0
-0.0954,0,0
-0.095,0,0
-0.0946,0,0
-0.0942,0,0
-0.0938,0.00637085,0.00638298
-0.0934,0,0
-0.093,0,0
-0.0926,0.00663262,0.00664575
-0.0922,0.00494084,0.00562326
-0.0918,0,0
-0.0914,0,0
-0.091,0,0
-0.0906,0,0
-0.0902,0,0
-0.0898,0,0
-0.0894,0,0
-0.089,0,0
-0.0886,0,0
-0.0882,0,0
-0.0878,0,0
-0.0874,0,0
-0.087,0,0
-0.0866,0.0059777,0.00598833
-0.0862,0.0059051,0.00591547
-0.0858,0,0
-0.0854,0,0
-0.085,0,0
-0.0846,0,0
-0.0842,0,0
-0.0838,0,0
-0.0834,0,0
-0.083,0,0
-0.0826,0,0
-0.0822,0,0
-0.0818,0,0
-0.0814,0,0
-0.081,0,0
-0.0806,0,0
-0.0802,0,0
-0.0798,0,0
-0.0794,0,0
-0.079,0.00627136,0.00628301
-0.0786,0.00627281,0.00628445
-0.0782,0,0
-0.0778,0,0
-0.0774,0.0068652,0.00687914
-0.077,0.00664526,0.00665832
-0.0766,0,0
-0.0762,0,0
-0.0758,0,0
-0.0754,0,0
-0.075,0.00591248,0.00592281
-0.0746,0.00623073,0.0062422
-0.0742,0,0
-0.0738,0,0
-0.0734,0,0
-0.073,0,0
-0.0726,0,0
-0.0722,0,0
-0.0718,0,0
-0.0714,0,0
-0.071,0,0
-0.0706,0,0
-0.0702,0,0
-0.0698,0,0
-0.0694,0,0
-0.069,0,0
-0.0686,0,0
-0.0682,0,0
-0.0678,0,0
-0.0674,0,0
-0.067,0,0
-0.0666,0,0
-0.0662,0,0
-0.0658,0,0
-0.0654,0,0
-0.065,0.00631693,0.00632867
-0.0646,0,0
-0.0642,0,0
-0.0638,0,0
-0.0634,0.0066256,0.00663849
-0.063,0,0
-0.0626,0.00426216,0.00524586
-0.0622,0,0
-0.0618,0,0
-0.0614,0,0
-0.061,0,0
-0.0606,0,0
-0.0602,0,0
-0.0598,0,0
-0.0594,0,0
-0.059,0,0
-0.0586,0,0
-0.0582,0,0
-0.0578,0,0
-0.0574,0,0
-0.057,0,0
-0.0566,0,0
-0.0562,0,0
-0.0558,0.0125165,0.00886673
-0.0554,0,0
-0.055,0,0
-0.0546,0,0
-0.0542,0,0
-0.0538,0.00967473,0.00800401
-0.0534,0.00590603,0.00591623
-0.053,0,0
-0.0526,0,0
-0.0522,0,0
-0.0518,0,0
-0.0514,0,0
-0.051,0.00664802,0.00666094
-0.0506,0,0
-0.0502,0,0
-0.0498,0,0
-0.0494,0,0
-0.049,0,0
-0.0486,0,0
-0.0482,0,0
-0.0478,0,0
-0.0474,0,0
-0.047,0,0
-0.0466,0,0
-0.0462,0,0
-0.0458,0,0
-0.0454,0,0
-0.045,0,0
-0.0446,0,0
-0.0442,0,0
-0.0438,0,0
-0.0434,0,0
-0.043,0,0
-0.0426,0,0
-0.0422,0.00550303,0.00590753
-0.0418,0,0
-0.0414,0,0
-0.041,0,0
-0.0406,0.0125628,0.00889951
-0.0402,0,0
-0.0398,0,0
-0.0394,0.00623542,0.00624673
-0.039,0,0
-0.0386,0.00630567,0.00631724
-0.0382,0,0
-0.0378,0,0
-0.0374,0,0
-0.037,0,0
-0.0366,0,0
-0.0362,0,0
-0.0358,0,0
-0.0354,0,0
-0.035,0,0
-0.0346,0.00665559,0.00666847
-0.0342,0.0062375,0.00624881
-0.0338,0,0
-0.0334,0,0
-0.033,0.0064785,0.00649069
-0.0326,0,0
-0.0322,0,0
-0.0318,0,0
-0.0314,0,0
-0.031,0,0
-0.0306,0,0
-0.0302,0,0
-0.0298,0,0
-0.0294,0,0
-0.029,0.00776669,0.00691705
-0.0286,0,0
-0.0282,0,0
-0.0278,0.00550126,0.00578743
-0.0274,0,0
-0.027,0,0
-0.0266,0,0
-0.0262,0,0
-0.0258,0,0
-0.0254,0.0123823,0.00877138
-0.025,0,0
-0.0246,0,0
-0.0242,0.00621195,0.00622314
-0.0238,0,0
-0.0234,0,0
-0.023,0,0
-0.0226,0,0
-0.0222,0,0
-0.0218,0,0
-0.0214,0,0
-0.021,0,0
-0.0206,0,0
-0.0202,0.00636042,0.00637213
-0.0198,0,0
-0.0194,0.00647922,0.00649138
-0.019,0,0
-0.0186,0,0
-0.0182,0,0
-0.0178,0,0
-0.0174,0.00666147,0.00667431
-0.017,0,0
-0.0166,0,0
-0.0162,0,0
-0.0158,0,0
-0.0154,0,0
-0.015,0,0
-0.0146,0,0
-0.0142,0,0
-0.0138,0.00703922,0.00705355
-0.0134,0.00574411,0.00575366
-0.013,0,0
-0.0126,0,0
-0.0122,0,0
-0.0118,0,0
-0.0114,0,0
-0.011,0,0
-0.0106,0.00663309,0.0066458
-0.0102,0,0
-0.0098,0,0
-0.0094,0,0
-0.009,0.00637628,0.00638803
-0.0086,0.0068052,0.00681858
-0.0082,0.0130249,0.00922734
-0.0078,0.00661093,0.00662356
-0.0074,0,0
-0.007,0.00670528,0.00671826
-0.0066,0,0
-0.0062,0.0125139,0.00886464
-0.0058,0,0
-0.0054,0,0
-0.005,0.0121319,0.00859363
-0.0046,0.00611276,0.00612355
-0.0042,0.0131029,0.00928268
-0.0038,0.0321827,0.0144278
-0.0034,0.0360508,0.0147434
-0.003,0.0570324,0.0190662
-0.0026,0.0858451,0.0229945
-0.0022,0.191654,0.0352943
-0.0018,0.353627,0.04822
-0.0014,0.749709,0.0687611
-0.001,0.915219,0.07596
-0.0006,1.14022,0.0848729
-0.0002,1.08606,0.0834675
0.0002,1.13243,0.0859979
0.0006,0.781866,0.0708507
0.001,0.505313,0.0548116
0.0014,0.304702,0.0440368
0.0018,0.221186,0.0369423
0.0022,0.0848437,0.0227236
0.0026,0.0599001,0.0192386
0.003,0.0121512,0.00860729
0.0034,0.0400582,0.0163854
0.0038,0.01327,0.00940126
0.0042,0.0124152,0.00879463
0.0046,0.00660835,0.00662094
0.005,0.00660801,0.0066206
0.0054,0,0
0.0058,0,0
0.0062,0,0
0.0066,0,0
0.007,0,0
0.0074,0.00697192,0.00698594
0.0078,0,0
0.0082,0,0
0.0086,0,0
0.009,0.0124105,0.00879557
0.0094,0,0
0.0098,0,0
0.0102,0,0
0.0106,0.00636656,0.00637825
0.011,0,0
0.0114,0,0
0.0118,0,0
0.0122,0,0
0.0126,0.0124407,0.00881271
0.013,0,0
0.0134,0,0
0.0138,0,0
0.0142,0,0
0.0146,0.00627756,0.00628893
0.015,0,0
0.0154,0,0
0.0158,0,0
0.0162,0,0
0.0166,0,0
0.017,0,0
0.0174,0,0
0.0178,0,0
0.0182,0.0132325,0.0093747
0.0186,0,0
0.019,0,0
0.0194,0.0060196,0.00603005
0.0198,0,0
0.0202,0.0063955,0.0064073
0.0206,0,0
0.021,0,0
0.0214,0,0
0.0218,0,0
0.0222,0,0
0.0226,0.00614692,0.00615782
0.023,0,0
0.0234,0.00639406,0.00640586
0.0238,0,0
0.0242,0,0
0.0246,0,0
0.025,0.0060185,0.00602895
0.0254,0,0
0.0258,0,0
0.0262,0,0
0.0266,0,0
0.027,0,0
0.0274,0.00618809,0.00619914
0.0278,0,0
0.0282,0,0
0.0286,0.00647186,0.00648394
0.029,0,0
0.0294,0.0121894,0.00863435
0.0298,0,0
0.0302,0.0115313,0.00817317
0.0306,0.00680881,0.00682218
0.031,0,0
0.0314,0,0
0.0318,0,0
0.0322,0,0
0.0326,0,0
0.033,0,0
0.0334,0.00629227,0.00630369
0.0338,0.00637057,0.00638227
0.0342,0,0
0.0346,0,0
0.035,0,0
0.0354,0.00653287,0.00654517
0.0358,0,0
0.0362,0,0
0.0366,0,0
0.037,0,0
0.0374,0,0
0.0378,0.00581677,0.00582653
0.0382,0,0
0.0386,0,0
0.039,0,0
0.0394,0,0
0.0398,0,0
0.0402,0,0
0.0406,0,0
0.041,0.0118812,0.00841569
0.0414,0.00648553,0.0064904
0.0418,0.00587788,0.00588783
0.0422,0,0
0.0426,0,0
0.043,0,0
0.0434,0,0
0.0438,0,0
0.0442,0,0
0.0446,0,0
0.045,0,0
0.0454,0.00658116,0.00659364
0.0458,0,0
0.0462,0,0
0.0466,0,0
0.047,0.00203271,0.00354116
0.0474,0,0
0.0478,0,0
0.0482,0,0
0.0486,0,0
0.049,0,0
0.0494,0,0
0.0498,0,0
0.0502,0,0
0.0506,0,0
0.051,0,0
0.0514,0,0
0.0518,0,0
0.0522,0,0
0.0526,0,0
0.053,0,0
0.0534,0,0
0.0538,0,0
0.0542,0,0
0.0546,0.00642328,0.00643514
0.055,0.00658548,0.00659794
0.0554,0,0
0.0558,0,0
0.0562,0,0
0.0566,0,0
0.057,0,0
0.0574,0,0
0.0578,0,0
0.0582,0,0
0.0586,0,0
0.059,0,0
0.0594,0.00646717,0.00647919
0.0598,0,0
0.0602,0.00688564,0.00689925
0.0606,0,0
0.061,0,0
0.0614,0,0
0.0618,0,0
0.0622,0,0
0.0626,0.00618527,0.00619624
0.063,0,0
0.0634,0,0
0.0638,0,0
0.0642,0.00658794,0.00660039
0.0646,0,0
0.065,0,0
0.0654,0,0
0.0658,0.00572675,0.00573616
0.0662,0,0
0.0666,0,0
0.067,0,0
0.0674,0,0
0.0678,0,0
0.0682,0,0
0.0686,0,0
0.069,0,0
0.0694,0,0
0.0698,0,0
0.0702,0,0
0.0706,0,0
0.071,0,0
0.0714,0,0
0.0718,0,0
0.0722,0,0
0.0726,0,0
0.073,0,0
0.0734,0,0
0.0738,0,0
0.0742,0,0
0.0746,0,0
0.075,0,0
0.0754,0,0
0.0758,0,0
0.0762,0,0
0.0766,0,0
0.077,0,0
0.0774,0,0
0.0778,0,0
0.0782,0,0
0.0786,0,0
0.079,0,0
0.0794,0,0
0.0798,0,0
0.0802,0,0
0.0806,0,0
0.081,0.00593472,0.00594477
0.0814,0,0
0.0818,0,0
0.0822,0,0
0.0826,0,0
0.083,0,0
0.0834,0,0
0.0838,0,0
0.0842,0,0
0.0846,0,0
0.085,0,0
0.0854,0.00629408,0.00630537
0.0858,0,0
0.0862,0,0
0.0866,0,0
0.087,0.00610876,0.00611938
0.0874,0,0
0.0878,0.00584723,0.00585697
0.0882,0,0
0.0886,0,0
0.089,0,0
0.0894,0,0
0.0898,0,0
0.0902,0,0
0.0906,0,0
0.091,0,0
0.0914,0,0
0.0918,0,0
0.0922,0,0
0.0926,0,0
0.093,0,0
0.0934,0.00690974,0.0069233
0.0938,0,0
0.0942,0,0
0.0946,0,0
0.095,0,0
0.0954,0,0
0.0958,0,0
0.0962,0,0
0.0966,0,0
0.097,0,0
0.0974,0,0
0.0978,0,0
0.0982,0,0
0.0986,0.00639862,0.00641022
0.099,0,0
0.0994,0,0
0.0998,0,0
0.1002,0,0
0.1006,0,0
0.101,0,0
0.1014,0.00723238,0.00724718
0.1018,0,0
0.1022,0,0
0.1026,0,0
0.103,0,0
0.1034,0,0
0.1038,0,0
0.1042,0,0
0.1046,0,0
0.105,0,0
0.1054,0,0
0.1058,0,0
0.1062,0,0
0.1066,0,0
0.107,0,0
0.1074,0,0
0.1078,0,0
0.1082,0,0
0.1086,0,0
0.109,0,0
0.1094,0,0
0.1098,0,0
0.1102,0,0
0.1106,0,0
0.111,0,0
0.1114,0,0
0.1118,0,0
0.1122,0,0
0.1126,0,0
0.113,0,0
0.1134,0,0
0.1138,0,0
0.1142,0,0
0.1146,0,0
0.115,0,0
0.1154,0,0
0.1158,0.00942911,0.00945409
0.1162,0,0
0.1166,0,0
0.117,0,0
0.1174,0,0
0.1178,0.00955321,0.00957882
0.1182,0,0
0.1186,0,0
0.119,0,0
0.1194,0,0
0.1198,0,0
6
-0.1198,0,0
-0.1194,0,0
-0.119,0,0
-0.1186,0,0
-0.1182,0,0
-0.1178,0,0
-0.1174,0,0
-0.117,0.0058453,0.00585694
-0.1166,0,0
-0.1162,0,0
-0.1158,0,0
-0.1154,0,0
-0.115,0,0
-0.1146,0,0
-0.1142,0,0
-0.1138,0,0
-0.1134,0,0
-0.113,0,0
-0.1126,0,0
-0.1122,0,0
-0.1118,0,0
-0.1114,0,0
-0.111,0,0
-0.1106,0,0
-0.1102,0,0
-0.1098,0,0
-0.1094,0,0
-0.109,0,0
-0.1086,0,0
-0.1082,0,0
-0.1078,0,0
-0.1074,0,0
-0.107,0,0
-0.1066,0,0
-0.1062,0,0
-0.1058,0,0
-0.1054,0,0
-0.105,0,0
-0.1046,0,0
-0.1042,0.00554093,0.00555129
-0.1038,0,0
-0.1034,0.00547673,0.00548684
-0.103,0,0
-0.1026,0,0
-0.1022,0,0
-0.1018,0,0
-0.1014,0,0
-0.101,0,0
-0.1006,0,0
-0.1002,0,0
-0.0998,0,0
-0.0994,0,0
-0.099,0,0
-0.0986,0,0
-0.0982,0,0
-0.0978,0,0
-0.0974,0.0058965,0.00590816
-0.097,0,0
-0.0966,0,0
-0.0962,0,0
-0.0958,0,0
-0.0954,0,0
-0.095,0,0
-0.0946,0,0
-0.0942,0,0
-0.0938,0,0
-0.0934,0,0
-0.093,0,0
-0.0926,0.00015569,0.000962385
-0.0922,0,0
-0.0918,0.00562068,0.00563123
-0.0914,0,0
-0.091,0,0
-0.0906,0,0
-0.0902,0,0
-0.0898,0,0
-0.0894,0,0
-0.089,0,0
-0.0886,0,0
-0.0882,0,0
-0.0878,0,0
-0.0874,0.00601133,0.00602338
-0.087,0,0
-0.0866,0,0
-0.0862,0,0
-0.0858,0,0
-0.0854,0,0
-0.085,0.00522267,0.0052318
-0.0846,0,0
-0.0842,0,0
-0.0838,0,0
-0.0834,0,0
-0.083,0.00582237,0.00583374
-0.0826,0.00571013,0.00572107
-0.0822,0,0
-0.0818,0,0
-0.0814,0,0
-0.081,0,0
-0.0806,0,0
-0.0802,0,0
-0.0798,0,0
-0.0794,0,0
-0.079,0,0
-0.0786,0,0
-0.0782,0,0
-0.0778,0,0
-0.0774,0,0
-0.077,0,0
-0.0766,0,0
-0.0762,0.00548652,0.00549669
-0.0758,0,0
-0.0754,0,0
-0.075,0,0
-0.0746,0,0
-0.0742,0,0
-0.0738,0,0
-0.0734,0,0
-0.073,0,0
-0.0726,0,0
-0.0722,0,0
-0.0718,0,0
-0.0714,0.00583689,0.00584845
-0.071,0,0
-0.0706,0,0
-0.0702,0,0
-0.0698,0,0
-0.0694,0.00609404,0.00610665
-0.069,0,0
-0.0686,0,0
-0.0682,0,0
-0.0678,0,0
-0.0674,0,0
-0.067,0.00531377,0.00532339
-0.0666,0,0
-0.0662,0,0
-0.0658,0,0
-0.0654,0,0
-0.065,0,0
-0.0646,0.00528254,0.00529206
-0.0642,0.00549172,0.00550202
-0.0638,0,0
-0.0634,0,0
-0.063,0,0
-0.0626,0,0
-0.0622,0,0
-0.0618,0,0
-0.0614,0,0
-0.061,0,0
-0.0606,0,0
-0.0602,0,0
-0.0598,0,0
-0.0594,0,0
-0.059,0,0
-0.0586,0,0
-0.0582,0,0
-0.0578,0.00514581,0.0051549
-0.0574,0,0
-0.057,0,0
-0.0566,0.00570674,0.00571793
-0.0562,0,0
-0.0558,0,0
-0.0554,0,0
-0.055,0,0
-0.0546,0,0
-0.0542,0,0
-0.0538,0.00298852,0.00410017
-0.0534,0,0
-0.053,0,0
-0.0526,0,0
-0.0522,0.00547659,0.00548693
-0.0518,0,0
-0.0514,0.00536367,0.00537359
-0.051,0,0
-0.0506,0,0
-0.0502,0,0
-0.0498,0,0
-0.0494,0,0
-0.049,0,0
-0.0486,0,0
-0.0482,0,0
-0.0478,0,0
-0.0474,0,0
-0.047,0,0
-0.0466,0.00536304,0.00537299
-0.0462,0,0
-0.0458,0,0
-0.0454,0,0
-0.045,0,0
-0.0446,0,0
-0.0442,0,0
-0.0438,0,0
-0.0434,0.00497072,0.00497929
-0.043,0,0
-0.0426,0,0
-0.0422,0.00530061,0.00531036
-0.0418,0.00577476,0.00578634
-0.0414,0.00577308,0.00578466
-0.041,0.00510052,0.00510956
-0.0406,0,0
-0.0402,0,0
-0.0398,0,0
-0.0394,0,0
-0.039,0,0
-0.0386,0,0
-0.0382,0,0
-0.0378,0,0
-0.0374,0,0
-0.037,0,0
-0.0366,0,0
-0.0362,0,0
-0.0358,0,0
-0.0354,0,0
-0.035,0,0
-0.0346,0.00554477,0.00555549
-0.0342,0,0
-0.0338,0,0
-0.0334,0,0
-0.033,0,0
-0.0326,0,0
-0.0322,0,0
-0.0318,0,0
-0.0314,0,0
-0.031,0.0058643,0.00587632
-0.0306,0,0
-0.0302,0,0
-0.0298,0,0
-0.0294,0,0
-0.029,0.00384859,0.00449899
-0.0286,0,0
-0.0282,0.00487351,0.00488182
-0.0278,0.00489513,0.00490352
-0.0274,0,0
-0.027,0.00516783,0.00517718
-0.0266,0,0
-0.0262,0,0
-0.0258,0,0
-0.0254,0.00512044,0.00512963
-0.025,0.00518914,0.00519858
-0.0246,0,0
-0.0242,0,0
-0.0238,0,0
-0.0234,0,0
-0.023,0,0
-0.0226,0,0
-0.0222,0.0051703,0.00517968
-0.0218,0,0
-0.0214,0.00544361,0.00545402
-0.021,0,0
-0.0206,0,0
-0.0202,0,0
-0.0198,0,0
-0.0194,0,0
-0.019,0,0
-0.0186,0,0
-0.0182,0,0
-0.0178,0,0
-0.0174,0,0
-0.017,0,0
-0.0166,0,0
-0.0162,0,0
-0.0158,0,0
-0.0154,0,0
-0.015,0,0
-0.0146,0,0
-0.0142,0.0054123,0.00542261
-0.0138,0.00577993,0.00579169
-0.0134,0,0
-0.013,0,0
-0.0126,0,0
-0.0122,0,0
-0.0118,0,0
-0.0114,0,0
-0.011,0,0
-0.0106,0,0
-0.0102,0.00540679,0.00541709
-0.0098,0,0
-0.0094,0,0
-0.009,0.00522218,0.0052318
-0.0086,0,0
-0.0082,0,0
-0.0078,0,0
-0.0074,0,0
-0.007,0,0
-0.0066,0.00548553,0.00549615
-0.0062,0.00995147,0.007052
-0.0058,0,0
-0.0054,0,0
-0.005,0,0
-0.0046,0,0
-0.0042,0,0
-0.0038,0.00490076,0.00490925
-0.0034,0.00980982,0.00694862
-0.003,0.0255048,0.0114389
-0.0026,0.0500761,0.0158714
-0.0022,0.100181,0.0230298
-0.0018,0.117227,0.0250593
-0.0014,0.143224,0.0271194
-0.001,0.266176,0.0369833
-0.0006,0.287499,0.0385017
-0.0002,0.364696,0.0436806
0.0002,0.356523,0.043603
0.0006,0.370231,0.0440682
0.001,0.321801,0.0393958
0.0014,0.247734,0.0358365
0.0018,0.140921,0.0266773
0.0022,0.0746653,0.0193206
0.0026,0.0614219,0.017765
0.003,0.0495616,0.0157005
0.0034,0.0217603,0.0109012
0.0038,0.0216605,0.010851
0.0042,0.00515248,0.00516186
0.0046,0.0156995,0.00908304
0.005,0.0107126,0.00758946
0.0054,0.00528782,0.0052977
0.0058,0.0149992,0.00867514
0.0062,0.00506865,0.00507773
0.0066,0.00521633,0.00522594
0.007,0,0
0.0074,0,0
0.0078,0,0
0.0082,0,0
0.0086,0.0048498,0.0048581
0.009,0.0052312,0.00524086
0.0094,0,0
0.0098,0,0
0.0102,0,0
0.0106,0,0
0.011,0,0
0.0114,0,0
0.0118,0,0
0.0122,0,0
0.0126,0,0
0.013,0,0
0.0134,0,0
0.0138,0,0
0.0142,0,0
0.0146,0,0
0.015,0,0
0.0154,0,0
0.0158,0,0
0.0162,0,0
0.0166,0,0
0.017,0,0
0.0174,0,0
0.0178,0,0
0.0182,0,0
0.0186,0,0
0.019,0,0
0.0194,0,0
0.0198,0,0
0.0202,0,0
0.0206,0,0
0.021,0,0
0.0214,0.00459676,0.00484084
0.0218,0.00545873,0.00546909
0.0222,0,0
0.0226,0,0
0.023,0,0
0.0234,0,0
0.0238,0,0
0.0242,0,0
0.0246,0,0
0.025,0,0
0.0254,0,0
0.0258,0,0
0.0262,0,0
0.0266,0,0
0.027,0,0
0.0274,0,0
0.0278,0,0
0.0282,0,0
0.0286,0,0
0.029,0,0
0.0294,0,0
0.0298,0,0
0.0302,0,0
0.0306,0,0
0.031,0,0
0.0314,0.00518163,0.00519081
0.0318,0.00522585,0.00523518
0.0322,0,0
0.0326,0,0
0.033,0,0
0.0334,0,0
0.0338,0,0
0.0342,0,0
0.0346,0,0
0.035,0,0
0.0354,0,0
0.0358,0,0
0.0362,0,0
0.0366,0,0
0.037,0,0
0.0374,0.00529333,0.00530282
0.0378,0,0
0.0382,0,0
0.0386,0.00531002,0.00531955
0.039,0,0
0.0394,0,0
0.0398,0,0
0.0402,0.00531959,0.00532913
0.0406,0.00367393,0.00426789
0.041,0,0
0.0414,0,0
0.0418,0,0
0.0422,0,0
0.0426,0.00400953,0.0049267
0.043,0,0
0.0434,0,0
0.0438,0,0
0.0442,0,0
0.0446,0,0
0.045,0,0
0.0454,0,0
0.0458,0,0
0.0462,0,0
0.0466,0,0
0.047,0,0
0.0474,0,0
0.0478,0,0
0.0482,0,0
0.0486,0,0
0.049,0,0
0.0494,0,0
0.0498,0,0
0.0502,0,0
0.0506,0,0
0.051,0,0
0.0514,0,0
0.0518,0,0
0.0522,0,0
0.0526,0,0
0.053,0.00556985,0.00558009
0.0534,0,0
0.0538,0,0
0.0542,0.00347082,0.00443316
0.0546,0.00560337,0.00561372
0.055,0,0
0.0554,0,0
0.0558,0,0
0.0562,0,0
0.0566,0,0
0.057,0,0
0.0574,0,0
0.0578,0,0
0.0582,0,0
0.0586,0.00528449,0.00529364
0.059,0,0
0.0594,0,0
0.0598,0,0
0.0602,0,0
0.0606,0,0
0.061,0,0
0.0614,0.00628257,0.00629544
0.0618,0,0
0.0622,0,0
0.0626,0,0
0.063,0,0
0.0634,0,0
0.0638,0.0058166,0.00582759
0.0642,0,0
0.0646,0,0
0.065,0,0
0.0654,0,0
0.0658,0.00506986,0.00507819
0.0662,0,0
0.0666,0,0
0.067,0,0
0.0674,0,0
0.0678,0,0
0.0682,0,0
0.0686,0,0
0.069,0,0
0.0694,0,0
0.0698,0,0
0.0702,0.00592637,0.00593767
0.0706,0,0
0.071,0,0
0.0714,0,0
0.0718,0,0
0.0722,0,0
0.0726,0.00619029,0.00620257
0.073,0,0
0.0734,0,0
0.0738,0,0
0.0742,0,0
0.0746,0,0
0.075,0,0
0.0754,0,0
0.0758,0,0
0.0762,0.00572076,0.00573119
0.0766,0,0
0.077,0,0
0.0774,0,0
0.0778,0,0
0.0782,0,0
0.0786,0,0
0.079,0,0
0.0794,0,0
0.0798,0,0
0.0802,0,0
0.0806,0,0
0.081,0,0
0.0814,0,0
0.0818,0,0
0.0822,0,0
0.0826,0,0
0.083,0,0
0.0834,0,0
0.0838,0,0
0.0842,0,0
0.0846,0,0
0.085,0,0
0.0854,0,0
0.0858,0,0
0.0862,0,0
0.0866,0,0
0.087,0,0
0.0874,0,0
0.0878,0,0
0.0882,0,0
0.0886,0,0
0.089,0,0
0.0894,0,0
0.0898,0,0
0.0902,0,0
0.0906,0,0
0.091,0,0
0.0914,0,0
0.0918,0,0
0.0922,0,0
0.0926,0,0
0.093,0,0
0.0934,0,0
0.0938,0,0
0.0942,0.00575462,0.00576491
0.0946,0,0
0.095,0,0
0.0954,0,0
0.0958,0.0066815,0.00669535
0.0962,0,0
0.0966,0,0
0.097,0,0
0.0974,0,0
0.0978,0,0
0.0982,0,0
0.0986,0,0
0.099,0,0
0.0994,0.00649426,0.00650727
0.0998,0,0
0.1002,0,0
0.1006,0,0
0.101,0,0
0.1014,0,0
0.1018,0,0
0.1022,0,0
0.1026,0,0
0.103,0,0
0.1034,0,0
0.1038,0,0
0.1042,0,0
0.1046,0,0
0.105,0,0
0.1054,0,0
0.1058,0,0
0.1062,0,0
0.1066,0,0
0.107,0,0
0.1074,0.00815867,0.00817906
0.1078,0,0
0.1082,0,0
0.1086,0,0
0.109,0.00795303,0.00793835
0.1094,0,0
0.1098,0,0
0.1102,0,0
0.1106,0,0
0.111,0,0
0.1114,0.00806929,0.00808922
0.1118,0,0
0.1122,0,0
0.1126,0,0
0.113,0,0
0.1134,0,0
0.1138,0,0
0.1142,0,0
0.1146,0,0
0.115,0,0
0.1154,0,0
0.1158,0.00863508,0.00865795
0.1162,0,0
0.1166,0,0
0.117,0,0
0.1174,0.00873129,0.0087547
0.1178,0,0
0.1182,0,0
0.1186,0,0
0.119,0,0
0.1194,0,0
0.1198,0,0
7
-0.1198,0,0
-0.1194,0,0
-0.119,0,0
-0.1186,0,0
-0.1182,0,0
-0.1178,0,0
-0.1174,0,0
-0.117,0,0
-0.1166,0,0
-0.1162,0,0
-0.1158,0,0
-0.1154,0,0
-0.115,0,0
-0.1146,0,0
-0.1142,0,0
-0.1138,0.00559811,0.00560899
-0.1134,0,0
-0.113,0,0
-0.1126,0,0
-0.1122,0,0
-0.1118,0,0
-0.1114,0.00536814,0.00537816
-0.111,0,0
-0.1106,0,0
-0.1102,0,0
-0.1098,0,0
-0.1094,0,0
-0.109,0,0
-0.1086,0.00514906,0.0051583
-0.1082,0.00514742,0.00515666
-0.1078,0,0
-0.1074,0,0
-0.107,0,0
-0.1066,0.00526759,0.00527727
-0.1062,0.00545574,0.00546613
-0.1058,0,0
-0.1054,0,0
-0.105,0,0
-0.1046,0,0
-0.1042,0,0
-0.1038,0,0
-0.1034,0,0
-0.103,0,0
-0.1026,0,0
-0.1022,0,0
-0.1018,0,0
-0.1014,0,0
-0.101,0,0
-0.1006,0,0
-0.1002,0,0
-0.0998,0,0
-0.0994,0,0
-0.099,0,0
-0.0986,0,0
-0.0982,0,0
-0.0978,0,0
-0.0974,0,0
-0.097,0,0
-0.0966,0,0
-0.0962,0,0
-0.0958,0,0
-0.0954,0,0
-0.095,0,0
-0.0946,0,0
-0.0942,0,0
-0.0938,0,0
-0.0934,0,0
-0.093,0,0
-0.0926,0.00545092,0.00553491
-0.0922,0,0
-0.0918,0,0
-0.0914,0,0
-0.091,0,0
-0.0906,0,0
-0.0902,0,0
-0.0898,0,0
-0.0894,0,0
-0.089,0,0
-0.0886,0,0
-0.0882,0,0
-0.0878,0,0
-0.0874,0,0
-0.087,0,0
-0.0866,0,0
-0.0862,0,0
-0.0858,0,0
-0.0854,0,0
-0.085,0,0
-0.0846,0.00531429,0.00532429
-0.0842,0,0
-0.0838,0,0
-0.0834,0.00539513,0.00540543
-0.083,0,0
-0.0826,0,0
-0.0822,0,0
-0.0818,0.00481141,0.0048196
-0.0814,0,0
-0.081,0,0
-0.0806,0,0
-0.0802,0,0
-0.0798,0,0
-0.0794,0,0
-0.079,0,0
-0.0786,0,0
-0.0782,0,0
-0.0778,0,0
-0.0774,0,0
-0.077,0.00556926,0.00558021
-0.0766,0,0
-0.0762,0,0
-0.0758,0,0
-0.0754,0,0
-0.075,0,0
-0.0746,0,0
-0.0742,0.00498802,0.00499678
-0.0738,0.0049896,0.00499837
-0.0734,0.00497912,0.00498784
-0.073,0,0
-0.0726,0,0
-0.0722,0,0
-0.0718,0.00553119,0.00554194
-0.0714,0,0
-0.071,0,0
-0.0706,0,0
-0.0702,0,0
-0.0698,0.00604171,0.00605451
-0.0694,0,0
-0.069,0,0
-0.0686,0,0
-0.0682,0,0
-0.0678,0.00546568,0.00547614
-0.0674,0,0
-0.067,0,0
-0.0666,0,0
-0.0662,0.00544087,0.00545122
-0.0658,0,0
-0.0654,0,0
-0.065,0.0051644,0.00517371
-0.0646,0,0
-0.0642,0.00537528,0.00538536
-0.0638,0,0
-0.0634,0.00558409,0.00559496
-0.063,0,0
-0.0626,0.00542407,0.00543432
-0.0622,0,0
-0.0618,0,0
-0.0614,0,0
-0.061,0,0
-0.0606,0,0
-0.0602,0.00589028,0.00590232
-0.0598,0,0
-0.0594,0,0
-0.059,0,0
-0.0586,0,0
-0.0582,0,0
-0.0578,0,0
-0.0574,0,0
-0.057,0,0
-0.0566,0,0
-0.0562,0,0
-0.0558,0,0
-0.0554,0,0
-0.055,0,0
-0.0546,0,0
-0.0542,0,0
-0.0538,0,0
-0.0534,0,0
-0.053,0,0
-0.0526,0,0
-0.0522,0,0
-0.0518,0,0
-0.0514,0,0
-0.051,0,0
-0.0506,0,0
-0.0502,0.00384193,0.00446436
-0.0498,0,0
-0.0494,0,0
-0.049,0.0056068,0.00561755
-0.0486,0,0
-0.0482,0,0
-0.0478,0.00506754,0.00507632
-0.0474,0,0
-0.047,0,0
-0.0466,0,0
-0.0462,0,0
-0.0458,0,0
-0.0454,0,0
-0.045,0,0
-0.0446,0,0
-0.0442,0,0
-0.0438,0,0
-0.0434,0,0
-0.043,0.00260703,0.00381012
-0.0426,0,0
-0.0422,0,0
-0.0418,0,0
-0.0414,0.00582843,0.00583992
-0.041,0,0
-0.0406,0,0
-0.0402,0,0
-0.0398,0,0
-0.0394,0.00559377,0.00560432
-0.039,0,0
-0.0386,0,0
-0.0382,0,0
-0.0378,0,0
-0.0374,0,0
-0.037,0,0
-0.0366,0,0
-0.0362,0,0
-0.0358,0,0
-0.0354,0,0
-0.035,0.00570302,0.0057139
-0.0346,0,0
-0.0342,0,0
-0.0338,0.00204165,0.00327043
-0.0334,0,0
-0.033,0,0
-0.0326,0,0
-0.0322,0,0
-0.0318,0.00605299,0.00606518
-0.0314,0.00591379,0.00592541
-0.031,0,0
-0.0306,0.00318203,0.00441984
-0.0302,0,0
-0.0298,0,0
-0.0294,0.00535851,0.00536802
-0.029,0,0
-0.0286,0,0
-0.0282,0,0
-0.0278,0,0
-0.0274,0,0
-0.027,0,0
-0.0266,0,0
-0.0262,0,0
-0.0258,0.00545684,0.00546664
-0.0254,0.00546117,0.00547097
-0.025,0,0
-0.0246,0,0
-0.0242,0,0
-0.0238,0,0
-0.0234,0,0
-0.023,0,0
-0.0226,0,0
-0.0222,0,0
-0.0218,0,0
-0.0214,0,0
-0.021,0,0
-0.0206,0,0
-0.0202,0,0
-0.0198,0.00524509,0.00525403
-0.0194,0,0
-0.019,0.00606903,0.00608097
-0.0186,0,0
-0.0182,0,0
-0.0178,0,0
-0.0174,0,0
-0.017,0,0
-0.0166,0.00572497,0.00573555
-0.0162,0.00603471,0.00604645
-0.0158,0,0
-0.0154,0.00553279,0.00554264
-0.015,0.00557858,0.00558859
-0.0146,0,0
-0.0142,0,0
-0.0138,0.00517179,0.00518037
-0.0134,0,0
-0.013,0.00558385,0.00559384
-0.0126,0.00553345,0.00554326
-0.0122,0,0
-0.0118,0,0
-0.0114,0.00557759,0.00558753
-0.011,0,0
-0.0106,0,0
-0.0102,0.00657671,0.0065905
-0.0098,0.00658128,0.00659508
-0.0094,0,0
-0.009,0,0
-0.0086,0,0
-0.0082,0.00592051,0.00593165
-0.0078,0.00127528,0.00277463
-0.0074,0,0
-0.007,0,0
-0.0066,0.00609079,0.00610254
-0.0062,0.00570446,0.00571477
-0.0058,0.0110722,0.00784561
-0.0054,0,0
-0.005,0.00554595,0.00555567
-0.0046,0.0111715,0.0079134
-0.0042,0.00599009,0.00600141
-0.0038,0.0242354,0.0119379
-0.0034,0.0219851,0.0110117
-0.003,0.033567,0.0137368
-0.0026,0.0409526,0.0150817
-0.0022,0.110495,0.025715
-0.0018,0.104373,0.0251213
-0.0014,0.237551,0.0371115
-0.001,0.306165,0.0421427
-0.0006,0.510874,0.0544478
-0.0002,0.688685,0.0637208
0.0002,0.847156,0.0712508
0.0006,0.692681,0.0640554
0.001,0.560248,0.0554232
0.0014,0.403102,0.0484422
0.0018,0.210554,0.0346114
0.0022,0.152325,0.0292192
0.0026,0.12147,0.0265427
0.003,0.0448494,0.0158847
0.0034,0.0420751,0.0159474
0.0038,0.0463446,0.0168977
0.0042,0.0172356,0.00996882
0.0046,0.0180841,0.0104629
0.005,0,0
0.0054,0.00600332,0.00601454
0.0058,0.0171138,0.00989845
0.0062,0.00575897,0.00576928
0.0066,0.00592867,0.00593959
0.007,0,0
0.0074,0,0
0.0078,0.011409,0.00808167
0.0082,0.00562986,0.0056397
0.0086,0,0
0.009,0.00559448,0.00560418
0.0094,0,0
0.0098,0,0
0.0102,0,0
0.0106,0.0120623,0.00854648
0.011,0,0
0.0114,0.00581607,0.00582654
0.0118,0.00605656,0.00606791
0.0122,0.00602238,0.0060336
0.0126,0.00602347,0.00603469
0.013,0.0120275,0.00852055
0.0134,0,0
0.0138,0,0
0.0142,0,0
0.0146,0.00585954,0.00587016
0.015,0,0
0.0154,0,0
0.0158,0,0
0.0162,0,0
0.0166,0,0
0.017,0,0
0.0174,0.0118684,0.00840761
0.0178,0,0
0.0182,0,0
0.0186,0.00562239,0.00563217
0.019,0,0
0.0194,0.00568379,0.00569379
0.0198,0,0
0.0202,0,0
0.0206,0,0
0.021,0,0
0.0214,0.00054238,0.00176179
0.0218,0,0
0.0222,0,0
0.0226,0,0
0.023,0,0
0.0234,0,0
0.0238,0,0
0.0242,0,0
0.0246,0,0
0.025,0,0
0.0254,0,0
0.0258,0,0
0.0262,0,0
0.0266,0,0
0.027,0.00581625,0.00582678
0.0274,0,0
0.0278,0,0
0.0282,0.0112208,0.00794996
0.0286,0,0
0.029,0.00590755,0.00591843
0.0294,0,0
0.0298,0.0107648,0.00763309
0.0302,0.00552739,0.00553692
0.0306,0,0
0.031,0,0
0.0314,0,0
0.0318,0.00571714,0.00572736
0.0322,0.00569539,0.00570553
0.0326,0,0
0.033,0.00261112,0.00412723
0.0334,0,0
0.0338,0.00609825,0.00610989
0.0342,0,0
0.0346,0,0
0.035,0.00566621,0.00567628
0.0354,0,0
0.0358,0.00600359,0.0060149
0.0362,0,0
0.0366,0,0
0.037,0,0
0.0374,0,0
0.0378,0.00533397,0.00534291
0.0382,0.00582652,0.0058372
0.0386,0,0
0.039,0,0
0.0394,0,0
0.0398,0,0
0.0402,0,0
0.0406,0.00663839,0.00593203
0.041,0,0
0.0414,0.00587445,0.00588534
0.0418,0,0
0.0422,0,0
0.0426,0.00214787,0.00371853
0.043,0,0
0.0434,0,0
0.0438,0,0
0.0442,0,0
0.0446,0,0
0.045,0,0
0.0454,0,0
0.0458,0,0
0.0462,0,0
0.0466,0,0
0.047,0,0
0.0474,0,0
0.0478,0,0
0.0482,0.00513244,0.00514082
0.0486,0,0
0.049,0,0
0.0494,0,0
0.0498,0,0
0.0502,0,0
0.0506,0,0
0.051,0,0
0.0514,0.00538777,0.00539703
0.0518,0,0
0.0522,0,0
0.0526,0.00555559,0.00556545
0.053,0,0
0.0534,0,0
0.0538,0,0
0.0542,0.00223569,0.00361101
0.0546,0,0
0.055,0,0
0.0554,0,0
0.0558,0,0
0.0562,0,0
0.0566,0,0
0.057,0.00576653,0.00577721
0.0574,0.0110536,0.00783001
0.0578,0,0
0.0582,0,0
0.0586,0,0
0.059,0.00566347,0.0056738
0.0594,0,0
0.0598,0.0059326,0.00594395
0.0602,0.00612883,0.00614095
0.0606,0.00570537,0.00571588
0.061,0,0
0.0614,0.00634009,0.00635308
0.0618,0,0
0.0622,0,0
0.0626,0,0
0.063,0,0
0.0634,0,0
0.0638,0,0
0.0642,0,0
0.0646,0,0
0.065,0,0
0.0654,0,0
0.0658,0.00505169,0.00505999
0.0662,0,0
0.0666,0,0
0.067,0,0
0.0674,0.00595136,0.00596289
0.0678,0,0
0.0682,0,0
0.0686,0,0
0.069,0,0
0.0694,0,0
0.0698,0.00583384,0.00584496
0.0702,0,0
0.0706,0,0
0.071,0,0
0.0714,0,0
0.0718,0.00520809,0.00521698
0.0722,0,0
0.0726,0,0
0.073,0,0
0.0734,0,0
0.0738,0,0
0.0742,0,0
0.0746,0,0
0.075,0,0
0.0754,0,0
0.0758,0,0
0.0762,0,0
0.0766,0,0
0.077,0,0
0.0774,0,0
0.0778,0,0
0.0782,0,0
0.0786,0.00523187,0.0052409
0.079,0,0
0.0794,0,0
0.0798,0,0
0.0802,0,0
0.0806,0,0
0.081,0,0
0.0814,0,0
0.0818,0,0
0.0822,0,0
0.0826,0,0
0.083,0,0
0.0834,0,0
0.0838,0,0
0.0842,0,0
0.0846,0,0
0.085,0,0
0.0854,0,0
0.0858,0.00584023,0.00585152
0.0862,0,0
0.0866,0.00512474,0.00535287
0.087,0,0
0.0874,0,0
0.0878,0,0
0.0882,0,0
0.0886,0,0
0.089,0,0
0.0894,0,0
0.0898,0,0
0.0902,0,0
0.0906,0,0
0.091,0,0
0.0914,0,0
0.0918,0,0
0.0922,0,0
0.0926,0,0
0.093,0,0
0.0934,0.00591131,0.00592291
0.0938,0,0
0.0942,0,0
0.0946,0,0
0.095,0,0
0.0954,0.00666932,0.00668409
0.0958,0,0
0.0962,0,0
0.0966,0.00564811,0.0056587
0.097,0,0
0.0974,0,0
0.0978,0,0
0.0982,0,0
0.0986,0,0
0.099,0.00543601,0.00544583
0.0994,0,0
0.0998,0,0
0.1002,0,0
0.1006,0,0
0.101,0,0
0.1014,0.00615933,0.00617193
0.1018,0,0
0.1022,0.00594661,0.00595836
0.1026,0,0
0.103,0,0
0.1034,0,0
0.1038,0,0
0.1042,0,0
0.1046,0,0
0.105,0,0
0.1054,0,0
0.1058,0.00687062,0.00688627
0.1062,0,0
0.1066,0,0
0.107,0,0
0.1074,0,0
0.1078,0,0
0.1082,0,0
0.1086,0,0
0.109,0.00641342,0.00645519
0.1094,0,0
0.1098,0,0
0.1102,0,0
0.1106,0,0
0.111,0,0
0.1114,0,0
0.1118,0.00753659,0.00755534
0.1122,0,0
0.1126,0,0
0.113,0,0
0.1134,0,0
0.1138,0,0
0.1142,0,0
0.1146,0.00829222,0.00831481
0.115,0,0
0.1154,0,0
0.1158,0.00807882,0.00810022
0.1162,0,0
0.1166,0,0
0.117,0,0
0.1174,0,0
0.1178,0,0
0.1182,0,0
0.1186,0,0
0.119,0,0
0.1194,0,0
0.1198,0.0155035,0.0121025
8
-0.1198,0.00394508,0.00395251
-0.1194,0.00391268,0.00391999
-0.119,0,0
-0.1186,0,0
-0.1182,0,0
-0.1178,0,0
-0.1174,0,0
-0.117,0,0
-0.1166,0,0
-0.1162,0,0
-0.1158,0,0
-0.1154,0,0
-0.115,0,0
-0.1146,0,0
-0.1142,0,0
-0.1138,0,0
-0.1134,0,0
-0.113,0,0
-0.1126,0,0
-0.1122,0.0042788,0.00428747
-0.1118,0,0
-0.1114,0,0
-0.111,0,0
-0.1106,0,0
-0.1102,0,0
-0.1098,0,0
-0.1094,0,0
-0.109,0,0
-0.1086,0,0
-0.1082,0,0
-0.1078,0,0
-0.1074,0,0
-0.107,0,0
-0.1066,0.0039099,0.00391709
-0.1062,0,0
-0.1058,0,0
-0.1054,0,0
-0.105,0.00381989,0.00382673
-0.1046,0.00392221,0.00392942
-0.1042,0,0
-0.1038,0,0
-0.1034,0,0
-0.103,0,0
-0.1026,0,0
-0.1022,0,0
-0.1018,0,0
-0.1014,0,0
-0.101,0.00183099,0.00273522
-0.1006,0,0
-0.1002,0,0
-0.0998,0,0
-0.0994,0,0
-0.099,0.00890569,0.00631071
-0.0986,0.00381473,0.00382149
-0.0982,0,0
-0.0978,0,0
-0.0974,0,0
-0.097,0,0
-0.0966,0,0
-0.0962,0,0
-0.0958,0,0
-0.0954,0,0
-0.095,0,0
-0.0946,0,0
-0.0942,0,0
-0.0938,0,0
-0.0934,0,0
-0.093,0,0
-0.0926,0,0
-0.0922,0,0
-0.0918,0,0
-0.0914,0,0
-0.091,0,0
-0.0906,0,0
-0.0902,0,0
-0.0898,0,0
-0.0894,0,0
-0.089,0,0
-0.0886,0,0
-0.0882,0.0041673,0.00417526
-0.0878,0,0
-0.0874,0,0
-0.087,0,0
-0.0866,0,0
-0.0862,0,0
-0.0858,0,0
-0.0854,0,0
-0.085,0,0
-0.0846,0,0
-0.0842,0,0
-0.0838,0,0
-0.0834,0,0
-0.083,0,0
-0.0826,0,0
-0.0822,0,0
-0.0818,0,0
-0.0814,0,0
-0.081,0,0
-0.0806,0,0
-0.0802,0,0
-0.0798,0,0
-0.0794,0,0
-0.079,0.00422025,0.00422832
-0.0786,0,0
-0.0782,0,0
-0.0778,0,0
-0.0774,0,0
-0.077,0,0
-0.0766,0,0
-0.0762,0,0
-0.0758,0,0
-0.0754,0.0038659,0.00387265
-0.075,0,0
-0.0746,0,0
-0.0742,0,0
-0.0738,0,0
-0.0734,0,0
-0.073,0,0
-0.0726,0,0
-0.0722,0,0
-0.0718,0,0
-0.0714,0,0
-0.071,0,0
-0.0706,0,0
-0.0702,0,0
-0.0698,0,0
-0.0694,0,0
-0.069,0.00426122,0.00426938
-0.0686,0,0
-0.0682,0.00399699,0.00400417
-0.0678,0,0
-0.0674,0,0
-0.067,0,0
-0.0666,0,0
-0.0662,0.00423473,0.00424278
-0.0658,0,0
-0.0654,0.00413632,0.004144
-0.065,0,0
-0.0646,0,0
-0.0642,0.00417845,0.00418628
-0.0638,0,0
-0.0634,0,0
-0.063,0,0
-0.0626,0.00438903,0.00439767
-0.0622,0,0
-0.0618,0,0
-0.0614,0,0
-0.061,0,0
-0.0606,0.00456463,0.00457397
-0.0602,0.00423065,0.00423867
-0.0598,0,0
-0.0594,0,0
-0.059,0,0
-0.0586,0,0
-0.0582,0.00410285,0.00411039
-0.0578,0,0
-0.0574,0,0
-0.057,0,0
-0.0566,0.00437885,0.00438743
-0.0562,0,0
-0.0558,0.00393179,0.00393871
-0.0554,0,0
-0.055,0,0
-0.0546,0,0
-0.0542,0.00442921,0.00443799
-0.0538,0,0
-0.0534,0.00385845,0.00386511
-0.053,0,0
-0.0526,0.00421756,0.00422552
-0.0522,0.00432395,0.00433231
-0.0518,0,0
-0.0514,0,0
-0.051,0,0
-0.0506,0,0
-0.0502,0.0010163,0.00200914
-0.0498,0,0
-0.0494,0,0
-0.049,0,0
-0.0486,0,0
-0.0482,0.00407889,0.00408634
-0.0478,0,0
-0.0474,0,0
-0.047,0,0
-0.0466,0,0
-0.0462,0,0
-0.0458,0,0
-0.0454,0,0
-0.045,0,0
-0.0446,0,0
-0.0442,0,0
-0.0438,0,0
-0.0434,0,0
-0.043,0.00619514,0.00501947
-0.0426,0,0
-0.0422,0,0
-0.0418,0,0
-0.0414,0,0
-0.041,0,0
-0.0406,0,0
-0.0402,0.0085719,0.00607286
-0.0398,0,0
-0.0394,0,0
-0.039,0,0
-0.0386,0,0
-0.0382,0,0
-0.0378,0,0
-0.0374,0,0
-0.037,0.00392973,0.00393662
-0.0366,0,0
-0.0362,0,0
-0.0358,0,0
-0.0354,0,0
-0.035,0,0
-0.0346,0,0
-0.0342,0,0
-0.0338,0.00237813,0.00305289
-0.0334,0.00390577,0.00391258
-0.033,0.00421712,0.00422505
-0.0326,0,0
-0.0322,0,0
-0.0318,0,0
-0.0314,0,0
-0.031,0,0
-0.0306,0.00218267,0.00315819
-0.0302,0,0
-0.0298,0,0
-0.0294,0.00398086,0.00398792
-0.029,0,0
-0.0286,0,0
-0.0282,0.00931321,0.00598076
-0.0278,0,0
-0.0274,0,0
-0.027,0.00399219,0.00399928
-0.0266,0.000726975,0.001737
-0.0262,0.00933064,0.00661147
-0.0258,0.00402985,0.00403708
-0.0254,0,0
-0.025,0.00408557,0.004093
-0.0246,0,0
-0.0242,0.00445507,0.0044639
-0.0238,0.00404438,0.00405166
-0.0234,0,0
-0.023,0,0
-0.0226,0,0
-0.0222,0,0
-0.0218,0.00411251,0.00412003
-0.0214,0,0
-0.021,0,0
-0.0206,0,0
-0.0202,0.0123236,0.00712819
-0.0198,0,0
-0.0194,0,0
-0.019,0.00442882,0.00443753
-0.0186,0,0
-0.0182,0.00415274,0.0041604
-0.0178,0,0
-0.0174,0,0
-0.017,0,0
-0.0166,0,0
-0.0162,0,0
-0.0158,0,0
-0.0154,0.00802175,0.00568234
-0.015,0,0
-0.0146,0.00416374,0.00417144
-0.0142,0.00429436,0.00430254
-0.0138,0.00458767,0.00459701
-0.0134,0,0
-0.013,0.00403376,0.00404097
-0.0126,0,0
-0.0122,0.00983804,0.00661949
-0.0118,0.00423381,0.00424175
-0.0114,0,0
-0.011,0,0
-0.0106,0,0
-0.0102,0,0
-0.0098,0.00473717,0.0047471
-0.0094,0,0
-0.009,0,0
-0.0086,0,0
-0.0082,0,0
-0.0078,0.00430378,0.00432047
-0.0074,0,0
-0.007,0,0
-0.0066,0,0
-0.0062,0,0
-0.0058,0.00830885,0.00575236
-0.0054,0.0115574,0.00678098
-0.005,0.0119155,0.00689148
-0.0046,0.00400596,0.00401086
-0.0042,0.0214407,0.00960674
-0.0038,0.0205156,0.00933099
-0.0034,0.0314729,0.0111468
-0.003,0.0341783,0.0120512
-0.0026,0.129546,0.0229591
-0.0022,0.172185,0.0270826
-0.0018,0.211242,0.0301276
-0.0014,0.37009,0.0391591
-0.001,0.534989,0.0470239
-0.0006,0.545351,0.0475422
-0.0002,0.621088,0.0511097
0.0002,0.596016,0.0504783
0.0006,0.65186,0.0523857
0.001,0.369026,0.0379852
0.0014,0.342455,0.037741
0.0018,0.173327,0.0265078
0.0022,0.163752,0.025724
0.0026,0.154744,0.0251056
0.003,0.0764545,0.0174949
0.0034,0.0646193,0.0167283
0.0038,0.0422482,0.0136015
0.0042,0.0163283,0.00817881
0.0046,0.0211494,0.00947831
0.005,0.00767809,0.00574744
0.0054,0,0
0.0058,0.00986965,0.0063182
0.0062,0.0206683,0.00926084
0.0066,0.0166385,0.008336
0.007,0.0299602,0.0113487
0.0074,0.00918681,0.00650912
0.0078,0.00798015,0.00565268
0.0082,0.0118124,0.006832
0.0086,0,0
0.009,0.00421953,0.00422732
0.0094,0,0
0.0098,0.0088754,0.00628804
0.0102,0.00423834,0.00424619
0.0106,0,0
0.011,0.00420323,0.00421095
0.0114,0.00412011,0.00412753
0.0118,0.00408565,0.00409294
0.0122,0,0
0.0126,0.0041106,0.00411798
0.013,0,0
0.0134,0,0
0.0138,0.00406549,0.0040727
0.0142,0.00384534,0.00385179
0.0146,0,0
0.015,0,0
0.0154,0.00443311,0.00444167
0.0158,0,0
0.0162,0,0
0.0166,0,0
0.017,0.00433545,0.00434364
0.0174,0.00421238,0.00422011
0.0178,0.00441659,0.00442508
0.0182,0.00438488,0.00439325
0.0186,0,0
0.019,0,0
0.0194,0.00404336,0.00405047
0.0198,0,0
0.0202,0,0
0.0206,0,0
0.021,0,0
0.0214,0,0
0.0218,0,0
0.0222,0.00413681,0.00414425
0.0226,0,0
0.023,0,0
0.0234,0,0
0.0238,0,0
0.0242,0.00396178,0.00396859
0.0246,0,0
0.025,0,0
0.0254,0.00432721,0.00433533
0.0258,0,0
0.0262,0.00401926,0.00402626
0.0266,0,0
0.027,0,0
0.0274,0,0
0.0278,0,0
0.0282,0,0
0.0286,0,0
0.029,0,0
0.0294,0,0
0.0298,0.00127099,0.00217147
0.0302,0,0
0.0306,0,0
0.031,0.0044215,0.00442995
0.0314,0,0
0.0318,0,0
0.0322,0.0041672,0.00417471
0.0326,0.00446933,0.00447796
0.033,0.00281337,0.00364514
0.0334,0,0
0.0338,0.00212532,0.00301166
0.0342,0.0042527,0.00426051
0.0346,0,0
0.035,0,0
0.0354,0,0
0.0358,0,0
0.0362,0,0
0.0366,0.00415119,0.00415862
0.037,0,0
0.0374,0,0
0.0378,0,0
0.0382,0,0
0.0386,0,0
0.039,0.00443535,0.00444383
0.0394,0,0
0.0398,0.00858296,0.00608474
0.0402,0,0
0.0406,0.00784297,0.00555571
0.041,0,0
0.0414,0.00430609,0.00431407
0.0418,0,0
0.0422,0,0
0.0426,0,0
0.043,0,0
0.0434,0,0
0.0438,0,0
0.0442,0.00400467,0.00401156
0.0446,0,0
0.045,0.00441079,0.00441915
0.0454,0,0
0.0458,0,0
0.0462,0,0
0.0466,0,0
0.047,0,0
0.0474,0.0044294,0.00443781
0.0478,0,0
0.0482,0.00423233,0.00424001
0.0486,0,0
0.049,0,0
0.0494,0,0
0.0498,0,0
0.0502,0,0
0.0506,0.00430859,0.00431653
0.051,0.00403242,0.00403937
0.0514,0.00401772,0.00402462
0.0518,0,0
0.0522,0,0
0.0526,0.0041535,0.00416087
0.053,0.00297973,0.00358921
0.0534,0.00457552,0.00458446
0.0538,0,0
0.0542,0,0
0.0546,0,0
0.055,0,0
0.0554,0,0
0.0558,0,0
0.0562,0,0
0.0566,0.00409961,0.00410676
0.057,0,0
0.0574,0,0
0.0578,0,0
0.0582,0,0
0.0586,0,0
0.059,0,0
0.0594,0,0
0.0598,0,0
0.0602,0,0
0.0606,0,0
0.061,0,0
0.0614,0,0
0.0618,0,0
0.0622,0,0
0.0626,0.00420119,0.00420864
0.063,0,0
0.0634,0,0
0.0638,0.00432778,0.00433568
0.0642,0,0
0.0646,0.00310047,0.00371366
0.065,0,0
0.0654,0,0
0.0658,0.00454592,0.0045546
0.0662,0,0
0.0666,0,0
0.067,0,0
0.0674,0,0
0.0678,0,0
0.0682,0,0
0.0686,0,0
0.069,0,0
0.0694,0,0
0.0698,0,0
0.0702,0,0
0.0706,0,0
0.071,0,0
0.0714,0,0
0.0718,0,0
0.0722,0,0
0.0726,0,0
0.073,0,0
0.0734,0,0
0.0738,0,0
0.0742,0,0
0.0746,0,0
0.075,0,0
0.0754,0.00441912,0.00442722
0.0758,0,0
0.0762,0,0
0.0766,0.00434592,0.00435374
0.077,0.00420584,0.00421316
0.0774,0,0
0.0778,0.00439594,0.00440393
0.0782,0,0
0.0786,0,0
0.079,0,0
0.0794,0,0
0.0798,0,0
0.0802,0,0
0.0806,0.00450614,0.00451451
0.081,0,0
0.0814,0,0
0.0818,0,0
0.0822,0,0
0.0826,0,0
0.083,0,0
0.0834,0,0
0.0838,0,0
0.0842,0.00440525,0.00441322
0.0846,0,0
0.085,0,0
0.0854,0,0
0.0858,0.00133781,0.00249824
0.0862,0,0
0.0866,0.000360671,0.00127721
0.087,0,0
0.0874,0.00413877,0.00414578
0.0878,0,0
0.0882,0,0
0.0886,0,0
0.089,0.00441034,0.00441828
0.0894,0.00416576,0.00417284
0.0898,0,0
0.0902,0,0
0.0906,0,0
0.091,0,0
0.0914,0,0
0.0918,0,0
0.0922,0.0091135,0.00645617
0.0926,0,0
0.093,0,0
0.0934,0,0
0.0938,0,0
0.0942,0.00430557,0.0043131
0.0946,0,0
0.095,0.00455431,0.00456272
0.0954,0,0
0.0958,0,0
0.0962,0,0
0.0966,0,0
0.097,0,0
0.0974,0,0
0.0978,0,0
0.0982,0.0046769,0.00468575
0.0986,0.00448214,0.00449026
0.099,0.00942401,0.00668557
0.0994,0,0
0.0998,0,0
0.1002,0,0
0.1006,0,0
0.101,0,0
0.1014,0,0
0.1018,0,0
0.1022,0,0
0.1026,0,0
0.103,0,0
0.1034,0,0
0.1038,0,0
0.1042,0,0
0.1046,0.00558652,0.0055991
0.105,0,0
0.1054,0,0
0.1058,0,0
0.1062,0,0
0.1066,0,0
0.107,0,0
0.1074,0,0
0.1078,0,0
0.1082,0,0
0.1086,0,0
0.109,0,0
0.1094,0,0
0.1098,0,0
0.1102,0,0
0.1106,0,0
0.111,0,0
0.1114,0,0
0.1118,0,0
0.1122,0,0
0.1126,0,0
0.113,0,0
0.1134,0,0
0.1138,0,0
0.1142,0,0
0.1146,0,0
0.115,0,0
0.1154,0,0
0.1158,0.00662138,0.00663904
0.1162,0,0
0.1166,0,0
0.117,0,0
0.1174,0.00665511,0.00667295
0.1178,0,0
0.1182,0.00757181,0.0075949
0.1186,0,0
0.119,0,0
0.1194,0,0
0.1198,0.00262996,0.00446598
9
-0.1198,0,0
-0.1194,0,0
-0.119,0,0
-0.1186,0,0
-0.1182,0,0
-0.1178,0,0
-0.1174,0,0
-0.117,0,0
-0.1166,0,0
-0.1162,0,0
-0.1158,0,0
-0.1154,0,0
-0.115,0,0
-0.1146,0,0
-0.1142,0,0
-0.1138,0,0
-0.1134,0,0
-0.113,0,0
-0.1126,0,0
-0.1122,0,0
-0.1118,0,0
-0.1114,0,0
-0.111,0,0
-0.1106,0,0
-0.1102,0,0
-0.1098,0,0
-0.1094,0,0
-0.109,0,0
-0.1086,0,0
-0.1082,0,0
-0.1078,0.00416727,0.00417593
-0.1074,0,0
-0.107,0,0
-0.1066,0,0
-0.1062,0,0
-0.1058,0,0
-0.1054,0,0
-0.105,0,0
-0.1046,0,0
-0.1042,0,0
-0.1038,0,0
-0.1034,0,0
-0.103,0,0
-0.1026,0,0
-0.1022,0,0
-0.1018,0,0
-0.1014,0,0
-0.101,0.00206962,0.00279549
-0.1006,0,0
-0.1002,0,0
-0.0998,0,0
-0.0994,0,0
-0.099,0,0
-0.0986,0,0
-0.0982,0,0
-0.0978,0,0
-0.0974,0,0
-0.097,0,0
-0.0966,0,0
-0.0962,0,0
-0.0958,0,0
-0.0954,0,0
-0.095,0,0
-0.0946,0,0
-0.0942,0,0
-0.0938,0,0
-0.0934,0,0
-0.093,0,0
-0.0926,0.00394364,0.00395158
-0.0922,0,0
-0.0918,0,0
-0.0914,0,0
-0.091,0,0
-0.0906,0,0
-0.0902,0,0
-0.0898,0,0
-0.0894,0.00362116,0.00362788
-0.089,0.00369609,0.0037031
-0.0886,0,0
-0.0882,0.003688,0.00369498
-0.0878,0,0
-0.0874,0,0
-0.087,0.00356642,0.00357295
-0.0866,0.00345493,0.00346107
-0.0862,0.00341058,0.00341656
-0.0858,0,0
-0.0854,0.00360348,0.00361016
-0.085,0.00358699,0.00359362
-0.0846,0,0
-0.0842,0,0
-0.0838,0,0
-0.0834,0,0
-0.083,0,0
-0.0826,0,0
-0.0822,0,0
-0.0818,0,0
-0.0814,0,0
-0.081,0,0
-0.0806,0,0
-0.0802,0,0
-0.0798,0,0
-0.0794,0,0
-0.079,0.00368914,0.0036962
-0.0786,0,0
-0.0782,0.00379562,0.00380309
-0.0778,0,0
-0.0774,0,0
-0.077,0,0
-0.0766,0,0
-0.0762,0,0
-0.0758,0,0
-0.0754,0,0
-0.075,0,0
-0.0746,0,0
-0.0742,0,0
-0.0738,0,0
-0.0734,0,0
-0.073,0,0
-0.0726,0,0
-0.0722,0.00717263,0.00508131
-0.0718,0,0
-0.0714,0,0
-0.071,0,0
-0.0706,0,0
-0.0702,0.00389513,0.00390306
-0.0698,0,0
-0.0694,0,0
-0.069,0,0
-0.0686,0,0
-0.0682,0.00343003,0.00343619
-0.0678,0,0
-0.0674,0.00327844,0.00328407
-0.067,0,0
-0.0666,0.00352837,0.0035349
-0.0662,0.00362394,0.00363083
-0.0658,0,0
-0.0654,0.00358773,0.00359449
-0.065,0.0034323,0.00343848
-0.0646,0,0
-0.0642,0.0035672,0.00357389
-0.0638,0,0
-0.0634,0,0
-0.063,0,0
-0.0626,0,0
-0.0622,0,0
-0.0618,0,0
-0.0614,0.00352995,0.00353651
-0.061,0.0034017,0.00340779
-0.0606,0.00349792,0.00350437
-0.0602,0.00359561,0.00360243
-0.0598,0.00320196,0.00320737
-0.0594,0,0
-0.059,0,0
-0.0586,0,0
-0.0582,0.00348041,0.0034868
-0.0578,0,0
-0.0574,0.00672138,0.004764
-0.057,0,0
-0.0566,0,0
-0.0562,0.00347206,0.00347843
-0.0558,0.00346446,0.00347081
-0.0554,0,0
-0.055,0,0
-0.0546,0.00337738,0.00338342
-0.0542,0.00345848,0.00346481
-0.0538,0,0
-0.0534,0.00326118,0.00326681
-0.053,0,0
-0.0526,0,0
-0.0522,0,0
-0.0518,0,0
-0.0514,0,0
-0.051,0.00366216,0.00366927
-0.0506,0,0
-0.0502,0,0
-0.0498,0,0
-0.0494,0,0
-0.049,0,0
-0.0486,0,0
-0.0482,0.00687223,0.00486828
-0.0478,0,0
-0.0474,0.00325524,0.00326087
-0.047,0,0
-0.0466,0.00348863,0.0034951
-0.0462,0.00322597,0.0032315
-0.0458,0.00317864,0.00318402
-0.0454,0.00336643,0.00337246
-0.045,0,0
-0.0446,0,0
-0.0442,0,0
-0.0438,0,0
-0.0434,0.0032307,0.00323627
-0.043,0,0
-0.0426,0,0
-0.0422,0,0
-0.0418,0,0
-0.0414,0.00368631,0.00369358
-0.041,0.00699734,0.00496419
-0.0406,0,0
-0.0402,0,0
-0.0398,0,0
-0.0394,0.00338625,0.00339239
-0.039,0.00351774,0.00352437
-0.0386,0.00690972,0.00489521
-0.0382,0.00703139,0.00498205
-0.0378,0,0
-0.0374,0.00642673,0.00455713
-0.037,0.00306333,0.00306837
-0.0366,0.00361905,0.00362609
-0.0362,0,0
-0.0358,0.00317948,0.00318491
-0.0354,0.00355728,0.00356408
-0.035,0.0067707,0.00479634
-0.0346,0.00359074,0.00359768
-0.0342,0,0
-0.0338,0,0
-0.0334,0,0
-0.033,0,0
-0.0326,0.00350768,0.00351431
-0.0322,0.00712949,0.00505171
-0.0318,0,0
-0.0314,0.00750468,0.00531738
-0.031,0,0
-0.0306,0,0
-0.0302,0.00352569,0.00353242
-0.0298,0,0
-0.0294,0.00665939,0.00471803
-0.029,0.00325904,0.0032648
-0.0286,0,0
-0.0282,0.00178224,0.00237122
-0.0278,0,0
-0.0274,0.00324063,0.00324633
-0.027,0,0
-0.0266,0.00279302,0.00308219
-0.0262,0,0
-0.0258,0,0
-0.0254,0.00305665,0.00306173
-0.025,0.00334033,0.0033464
-0.0246,0.00725881,0.0051429
-0.0242,0,0
-0.0238,0,0
-0.0234,0,0
-0.023,0,0
-0.0226,0.00358562,0.00359264
-0.0222,0,0
-0.0218,0.00349615,0.00350283
-0.0214,0.00339719,0.0034035
-0.021,0,0
-0.0206,0,0
-0.0202,0,0
-0.0198,0.00646892,0.00458579
-0.0194,0.00310768,0.00311298
-0.019,0,0
-0.0186,0,0
-0.0182,0,0
-0.0178,0.00334838,0.00335453
-0.0174,0,0
-0.017,0,0
-0.0166,0,0
-0.0162,0,0
-0.0158,0,0
-0.0154,0,0
-0.015,0.00335083,0.00335702
-0.0146,0.0034486,0.00345516
-0.0142,0,0
-0.0138,0.00368463,0.00369213
-0.0134,0.00300245,0.00300743
-0.013,0,0
-0.0126,0.00320164,0.00320731
-0.0122,0.00569609,0.00427687
-0.0118,0.00338748,0.00339383
-0.0114,0.00321491,0.00322064
-0.011,0.00333225,0.0033384
-0.0106,0,0
-0.0102,0.00686786,0.00486557
-0.0098,0,0
-0.0094,0,0
-0.009,0,0
-0.0086,0.00706576,0.00500607
-0.0082,0.0137182,0.00687336
-0.0078,0.0164253,0.00751779
-0.0074,0.0160544,0.0071961
-0.007,0.0239403,0.00906855
-0.0066,0.00345873,0.0034654
-0.0062,0.0129429,0.00648314
-0.0058,0.0151477,0.00685298
-0.0054,0.0163471,0.00726245
-0.005,0.0125252,0.0062736
-0.0046,0.0188779,0.00772119
-0.0042,0.0135122,0.00676889
-0.0038,0.0449705,0.0120521
-0.0034,0.0309157,0.00979345
-0.003,0.0457494,0.0122997
-0.0026,0.0971002,0.0175954
-0.0022,0.158826,0.0230026
-0.0018,0.195321,0.0256392
-0.0014,0.384642,0.0353064
-0.001,0.64468,0.0456744
-0.0006,0.756923,0.0495344
-0.0002,0.817017,0.0518449
0.0002,0.797874,0.0516413
0.0006,0.539093,0.0421417
0.001,0.435389,0.0364172
0.0014,0.21811,0.0265716
0.0018,0.141544,0.0211581
0.0022,0.0592123,0.0136125
0.0026,0.0597476,0.0137957
0.003,0.0491358,0.0123699
0.0034,0.0505392,0.0130807
0.0038,0.026099,0.009387
0.0042,0.0159594,0.00715042
0.0046,0.0200914,0.00821902
0.005,0.004066,0.00370556
0.0054,0.00330413,0.0033103
0.0058,0.0142548,0.00669383
0.0062,0.022425,0.00849212
0.0066,0.0318347,0.0100878
0.007,0.0164848,0.00738899
0.0074,0.0315373,0.0105366
0.0078,0.00620665,0.00439658
0.0082,0.00610042,0.00432134
0.0086,0.0061171,0.00433295
0.009,0.00611481,0.00433132
0.0094,0.00336554,0.00337196
0.0098,0,0
0.0102,0,0
0.0106,0,0
0.011,0.00318455,0.00319031
0.0114,0.00316611,0.0031718
0.0118,0,0
0.0122,0,0
0.0126,0.00654736,0.00463831
0.013,0.0128388,0.00643215
0.0134,0,0
0.0138,0,0
0.0142,0.00612257,0.00434007
0.0146,0.00347525,0.00348213
0.015,0.00662263,0.00469746
0.0154,0.00338863,0.00339518
0.0158,0.00342938,0.00343609
0.0162,0,0
0.0166,0.00315826,0.00316395
0.017,0.00330675,0.00331299
0.0174,0.00651697,0.00461727
0.0178,0.00336516,0.00337163
0.0182,0.00333929,0.00334566
0.0186,0.00304202,0.00304731
0.019,0.00303649,0.00304177
0.0194,0,0
0.0198,0,0
0.0202,0.00334774,0.00335415
0.0206,0,0
0.021,0.00308567,0.00309112
0.0214,0,0
0.0218,0.00648967,0.00459841
0.0222,0,0
0.0226,0,0
0.023,0.00318978,0.00319561
0.0234,0.00637784,0.00451807
0.0238,0,0
0.0242,0,0
0.0246,0.00303772,0.00304302
0.025,0.00619687,0.00439097
0.0254,0,0
0.0258,0,0
0.0262,0,0
0.0266,0.0032014,0.00320729
0.027,0,0
0.0274,0,0
0.0278,0.00310208,0.00310761
0.0282,0.00594643,0.00421196
0.0286,0.00319919,0.00320507
0.029,0,0
0.0294,0,0
0.0298,0.00738008,0.00453542
0.0302,0.00577098,0.00409036
0.0306,0,0
0.031,0.00331747,0.00332381
0.0314,0,0
0.0318,0.00622155,0.00440724
0.0322,0,0
0.0326,0,0
0.033,0,0
0.0334,0.0157136,0.0070401
0.0338,0.00159102,0.00225381
0.0342,0,0
0.0346,0.00299764,0.00300283
0.035,0.00307401,0.00307946
0.0354,0.00614865,0.00435548
0.0358,0,0
0.0362,0,0
0.0366,0,0
0.037,0.00669819,0.00475807
0.0374,0,0
0.0378,0,0
0.0382,0,0
0.0386,0,0
0.039,0,0
0.0394,0,0
0.0398,0.00306963,0.00307508
0.0402,0,0
0.0406,0,0
0.041,0.00321679,0.00322278
0.0414,0.00321624,0.00322223
0.0418,0.00292054,0.00292549
0.0422,0,0
0.0426,0.00349215,0.00349922
0.043,0,0
0.0434,0,0
0.0438,0,0
0.0442,0.00593151,0.00420143
0.0446,0.0118916,0.0059715
0.045,0.00658861,0.00466776
0.0454,0,0
0.0458,0.00629266,0.0044588
0.0462,0.00615301,0.00435861
0.0466,0,0
0.047,0.00609112,0.0043147
0.0474,0,0
0.0478,0.00326879,0.00327499
0.0482,0.00312236,0.00312803
0.0486,0.0056107,0.00397384
0.049,0,0
0.0494,0,0
0.0498,0,0
0.0502,0.00315462,0.00316041
0.0506,0.00316858,0.00317442
0.051,0.00296367,0.00296878
0.0514,0,0
0.0518,0,0
0.0522,0,0
0.0526,0,0
0.053,0.000972692,0.0017552
0.0534,0.0032083,0.0032143
0.0538,0,0
0.0542,0,0
0.0546,0.00316165,0.00316748
0.055,0.00324168,0.00324781
0.0554,0,0
0.0558,0.00292488,0.00292988
0.0562,0.00317665,0.00318254
0.0566,0.00298414,0.00298934
0.057,0.00633503,0.00448784
0.0574,0,0
0.0578,0.00286992,0.00287474
0.0582,0,0
0.0586,0.00648341,0.00459317
0.059,0,0
0.0594,0.00316957,0.00317545
0.0598,0,0
0.0602,0.00674356,0.00477784
0.0606,0.0032235,0.00322959
0.061,0.00627664,0.00444643
0.0614,0.00324795,0.00325414
0.0618,0,0
0.0622,0,0
0.0626,0.00302046,0.00302582
0.063,0,0
0.0634,0.00609696,0.00431893
0.0638,0.00321249,0.00321855
0.0642,0,0
0.0646,0.000952702,0.00174156
0.065,0,0
0.0654,0,0
0.0658,0.011603,0.00582507
0.0662,0.00324291,0.00324911
0.0666,0,0
0.067,0,0
0.0674,0,0
0.0678,0,0
0.0682,0.00310648,0.00311218
0.0686,0,0
0.069,0,0
0.0694,0,0
0.0698,0,0
0.0702,0,0
0.0706,0,0
0.071,0,0
0.0714,0,0
0.0718,0.00289627,0.00290124
0.0722,0,0
0.0726,0,0
0.073,0.0032893,0.00329572
0.0734,0.0027793,0.00278389
0.0738,0,0
0.0742,0.00298213,0.00298741
0.0746,0,0
0.075,0,0
0.0754,0.00308133,0.00308697
0.0758,0,0
0.0762,0,0
0.0766,0.0030216,0.00302704
0.077,0,0
0.0774,0,0
0.0778,0.00592137,0.00419628
0.0782,0,0
0.0786,0.00288822,0.0028932
0.079,0,0
0.0794,0,0
0.0798,0,0
0.0802,0,0
0.0806,0,0
0.081,0,0
0.0814,0.0028699,0.00287483
0.0818,0.00286863,0.00287356
0.0822,0.00638833,0.0045284
0.0826,0,0
0.083,0,0
0.0834,0,0
0.0838,0.00293612,0.00294129
0.0842,0,0
0.0846,0,0
0.085,0,0
0.0854,0,0
0.0858,0.00546494,0.00418467
0.0862,0,0
0.0866,0.00306207,0.00306772
0.087,0,0
0.0874,0.00280792,0.00281267
0.0878,0,0
0.0882,0,0
0.0886,0.00293375,0.00293894
0.089,0,0
0.0894,0,0
0.0898,0,0
0.0902,0,0
0.0906,0.00886225,0.00512576
0.091,0,0
0.0914,0.00265299,0.00265724
0.0918,0,0
0.0922,0,0
0.0926,0,0
0.093,0,0
0.0934,0.003032,0.00303756
0.0938,0,0
0.0942,0,0
0.0946,0,0
0.095,0,0
0.0954,0.00665934,0.00471837
0.0958,0,0
0.0962,0.00307402,0.00307974
0.0966,0.00309514,0.00310094
0.097,0.00318476,0.0031909
0.0974,0.00578942,0.00410092
0.0978,0.00303438,0.00303996
0.0982,0,0
0.0986,0,0
0.099,0,0
0.0994,0,0
0.0998,0.00320643,0.00321267
0.1002,0,0
0.1006,0.00352135,0.00352887
0.101,0,0
0.1014,0,0
0.1018,0.00372162,0.00373001
0.1022,0,0
0.1026,0.00393581,0.00357409
0.103,0.00371376,0.00372212
0.1034,0,0
0.1038,0,0
0.1042,0,0
0.1046,0.00371402,0.00372238
0.105,0.00712424,0.00504849
0.1054,0.0071236,0.00504803
0.1058,0.00757611,0.00536943
0.1062,0,0
0.1066,0.00715853,0.00507284
0.107,0,0
0.1074,0.00374897,0.00375749
0.1078,0.00374864,0.00375717
0.1082,0.0070284,0.00498044
0.1086,0,0
0.109,0,0
0.1094,0.00376587,0.00377447
0.1098,0,0
0.1102,0,0
0.1106,0,0
0.111,0.0132279,0.00765759
0.1114,0.00813526,0.00576671
0.1118,0.00436047,0.00437202
0.1122,0.00436002,0.00437156
0.1126,0,0
0.113,0,0
0.1134,0,0
0.1138,0.00877889,0.00622417
0.1142,0,0
0.1146,0,0
0.115,0,0
0.1154,0.004673,0.00468627
0.1158,0,0
0.1162,0.00423269,0.00424357
0.1166,0,0
0.117,0.00488312,0.0048976
0.1174,0,0
0.1178,0,0
0.1182,0,0
0.1186,0.00519696,0.00521337
0.119,0,0
0.1194,0,0
0.1198,0,0
