# X , Y , E Distribution=true
1
-0.1198,0,0
-0.1194,0,0
-0.119,0,0
-0.1186,0,0
-0.1182,0,0
-0.1178,0,0
-0.1174,0,0
-0.117,0,0
-0.1166,0,0
-0.1162,0,0
-0.1158,0,0
-0.1154,0,0
-0.115,0,0
-0.1146,0,0
-0.1142,0,0
-0.1138,0,0
-0.1134,0,0
-0.113,0,0
-0.1126,0,0
-0.1122,0,0
-0.1118,0,0
-0.1114,0,0
-0.111,0,0
-0.1106,0,0
-0.1102,0,0
-0.1098,0,0
-0.1094,0,0
-0.109,0,0
-0.1086,0,0
-0.1082,0,0
-0.1078,0,0
-0.1074,0,0
-0.107,0,0
-0.1066,0,0
-0.1062,0,0
-0.1058,0,0
-0.1054,0,0
-0.105,0,0
-0.1046,0,0
-0.1042,0,0
-0.1038,0,0
-0.1034,0,0
-0.103,0.0123292,0.0123518
-0.1026,0,0
-0.1022,0,0
-0.1018,0,0
-0.1014,0,0
-0.101,0,0
-0.1006,0,0
-0.1002,0,0
-0.0998,0,0
-0.0994,0,0
-0.099,0,0
-0.0986,0,0
-0.0982,0,0
-0.0978,0,0
-0.0974,0,0
-0.097,0,0
-0.0966,0,0
-0.0962,0,0
-0.0958,0,0
-0.0954,0,0
-0.095,0,0
-0.0946,0,0
-0.0942,0,0
-0.0938,0,0
-0.0934,0,0
-0.093,0,0
-0.0926,0,0
-0.0922,0,0
-0.0918,0,0
-0.0914,0,0
-0.091,0,0
-0.0906,0,0
-0.0902,0,0
-0.0898,0,0
-0.0894,0,0
-0.089,0,0
-0.0886,0,0
-0.0882,0,0
-0.0878,0,0
-0.0874,0,0
-0.087,0.0120407,0.0120621
-0.0866,0,0
-0.0862,0,0
-0.0858,0,0
-0.0854,0,0
-0.085,0,0
-0.0846,0,0
-0.0842,0,0
-0.0838,0,0
-0.0834,0.0135766,0.0136038
-0.083,0,0
-0.0826,0,0
-0.0822,0,0
-0.0818,0,0
-0.0814,0,0
-0.081,0,0
-0.0806,0,0
-0.0802,0.0121612,0.012183
-0.0798,0,0
-0.0794,0,0
-0.079,0,0
-0.0786,0,0
-0.0782,0,0
-0.0778,0,0
-0.0774,0,0
-0.077,0,0
-0.0766,0,0
-0.0762,0,0
-0.0758,0,0
-0.0754,0,0
-0.075,0,0
-0.0746,0,0
-0.0742,0.00997732,0.0113308
-0.0738,0,0
-0.0734,0,0
-0.073,0,0
-0.0726,0,0
-0.0722,0,0
-0.0718,0,0
-0.0714,0,0
-0.071,0,0
-0.0706,0,0
-0.0702,0,0
-0.0698,0,0
-0.0694,0,0
-0.069,0,0
-0.0686,0,0
-0.0682,0,0
-0.0678,0,0
-0.0674,0,0
-0.067,0,0
-0.0666,0,0
-0.0662,0,0
-0.0658,0.0140068,0.0140356
-0.0654,0.0142206,0.0142502
-0.065,0,0
-0.0646,0,0
-0.0642,0,0
-0.0638,0,0
-0.0634,0,0
-0.063,0,0
-0.0626,0,0
-0.0622,0,0
-0.0618,0,0
-0.0614,0,0
-0.061,0,0
-0.0606,0,0
-0.0602,0,0
-0.0598,0,0
-0.0594,0,0
-0.059,0,0
-0.0586,0.000163347,0.00140243
-0.0582,0,0
-0.0578,0,0
-0.0574,0,0
-0.057,0.0129586,0.0129831
-0.0566,0,0
-0.0562,0.0114168,0.0120288
-0.0558,0,0
-0.0554,0,0
-0.055,0,0
-0.0546,0,0
-0.0542,0,0
-0.0538,0.00687179,0.00937672
-0.0534,0,0
-0.053,0.012893,0.0129172
-0.0526,0,0
-0.0522,0,0
-0.0518,0.0125868,0.0126099
-0.0514,0,0
-0.051,0,0
-0.0506,0,0
-0.0502,0,0
-0.0498,0,0
-0.0494,0,0
-0.049,0,0
-0.0486,0,0
-0.0482,0,0
-0.0478,0,0
-0.0474,0,0
-0.047,0,0
-0.0466,0,0
-0.0462,0,0
-0.0458,0.0135503,0.0135769
-0.0454,0,0
-0.045,0,0
-0.0446,0,0
-0.0442,0,0
-0.0438,0,0
-0.0434,0.0119528,0.0119735
-0.043,0,0
-0.0426,0,0
-0.0422,0,0
-0.0418,0,0
-0.0414,0,0
-0.041,0,0
-0.0406,0,0
-0.0402,0,0
-0.0398,0,0
-0.0394,0.00890243,0.0111427
-0.039,0,0
-0.0386,0,0
-0.0382,0,0
-0.0378,0.00816292,0.0100649
-0.0374,0,0
-0.037,0,0
-0.0366,0,0
-0.0362,0,0
-0.0358,0,0
-0.0354,0.0269743,0.0191109
-0.035,0,0
-0.0346,0,0
-0.0342,0,0
-0.0338,0,0
-0.0334,0,0
-0.033,0,0
-0.0326,0,0
-0.0322,0.0133096,0.0133351
-0.0318,0,0
-0.0314,0,0
-0.031,0,0
-0.0306,0,0
-0.0302,0,0
-0.0298,0.0121581,0.0121794
-0.0294,0,0
-0.029,0,0
-0.0286,0.0133213,0.0133468
-0.0282,0,0
-0.0278,0,0
-0.0274,0,0
-0.027,0,0
-0.0266,0,0
-0.0262,0,0
-0.0258,0,0
-0.0254,0,0
-0.025,0.0334819,0.0205114
-0.0246,0,0
-0.0242,0,0
-0.0238,0,0
-0.0234,0.0132013,0.0132264
-0.023,0,0
-0.0226,0,0
-0.0222,0,0
-0.0218,0,0
-0.0214,0,0
-0.021,0,0
-0.0206,0,0
-0.0202,0,0
-0.0198,0,0
-0.0194,0,0
-0.019,0,0
-0.0186,0,0
-0.0182,0,0
-0.0178,0,0
-0.0174,0,0
-0.017,0.0126492,0.0126721
-0.0166,0,0
-0.0162,0,0
-0.0158,0.013114,0.0131386
-0.0154,0,0
-0.015,0,0
-0.0146,0,0
-0.0142,0.00832236,0.0107151
-0.0138,0,0
-0.0134,0.0128886,0.0129123
-0.013,0,0
-0.0126,0,0
-0.0122,0,0
-0.0118,0,0
-0.0114,0,0
-0.011,0,0
-0.0106,0.01216,0.0121811
-0.0102,0,0
-0.0098,0,0
-0.0094,0.0126728,0.0126957
-0.009,0,0
-0.0086,0.0131992,0.0132241
-0.0082,0,0
-0.0078,0.0128661,0.0128897
-0.0074,0,0
-0.007,0,0
-0.0066,0,0
-0.0062,0.0402537,0.0232851
-0.0058,0.012551,0.0125735
-0.0054,0.0129194,0.0129431
-0.005,0.0271432,0.0192308
-0.0046,0.0235434,0.0176462
-0.0042,0.149145,0.0442795
-0.0038,0.0842664,0.0325802
-0.0034,0.116682,0.0391395
-0.003,0.231238,0.0565538
-0.0026,0.356455,0.070108
-0.0022,0.736426,0.0939399
-0.0018,1.4679,0.137233
-0.0014,2.56654,0.181539
-0.001,4.14759,0.23317
-0.0006,4.90492,0.256692
-0.0002,6.02076,0.282284
0.0002,4.90722,0.251978
0.0006,4.05105,0.22813
0.001,2.69387,0.193249
0.0014,1.28405,0.129677
0.0018,0.522801,0.080937
0.0022,0.268437,0.0599505
0.0026,0.0853411,0.0349149
0.003,0.0237425,0.0178698
0.0034,0.0139402,0.0139678
0.0038,0.0139431,0.0139706
0.0042,0,0
0.0046,0.0134102,0.0134356
0.005,0.00871047,0.0108295
0.0054,0.0127158,0.0127387
0.0058,0,0
0.0062,0,0
0.0066,0,0
0.007,0,0
0.0074,0.00233133,0.00563281
0.0078,0,0
0.0082,0,0
0.0086,0.0113397,0.0113579
0.009,0,0
0.0094,0,0
0.0098,0,0
0.0102,0,0
0.0106,0.0104304,0.011586
0.011,0.0135018,0.0135276
0.0114,0,0
0.0118,0,0
0.0122,0,0
0.0126,0,0
0.013,0.00253135,0.00590721
0.0134,0.0137349,0.0137615
0.0138,0,0
0.0142,0,0
0.0146,0,0
0.015,0,0
0.0154,0,0
0.0158,0,0
0.0162,0,0
0.0166,0,0
0.017,0,0
0.0174,0,0
0.0178,0,0
0.0182,0,0
0.0186,0,0
0.019,0,0
0.0194,0,0
0.0198,0,0
0.0202,0,0
0.0206,0,0
0.021,0,0
0.0214,0,0
0.0218,0,0
0.0222,0,0
0.0226,0,0
0.023,0,0
0.0234,0,0
0.0238,0,0
0.0242,0,0
0.0246,0,0
0.025,0,0
0.0254,0,0
0.0258,0,0
0.0262,0,0
0.0266,0,0
0.027,0,0
0.0274,0,0
0.0278,0,0
0.0282,0,0
0.0286,0.00512626,0.00822724
0.029,0.0111706,0.0111881
0.0294,0,0
0.0298,0.0126803,0.0127028
0.0302,0,0
0.0306,0,0
0.031,0,0
0.0314,0,0
0.0318,0,0
0.0322,0,0
0.0326,0,0
0.033,0,0
0.0334,0.013277,0.0133016
0.0338,0,0
0.0342,0,0
0.0346,0,0
0.035,0,0
0.0354,0,0
0.0358,0,0
0.0362,0,0
0.0366,0.0137315,0.0137577
0.037,0,0
0.0374,0,0
0.0378,0.0119396,0.0119595
0.0382,0,0
0.0386,0,0
0.039,0,0
0.0394,0.0121988,0.0122195
0.0398,0,0
0.0402,0,0
0.0406,0,0
0.041,0,0
0.0414,0,0
0.0418,0,0
0.0422,0,0
0.0426,0,0
0.043,0.0134245,0.0134495
0.0434,0,0
0.0438,0,0
0.0442,0,0
0.0446,0,0
0.045,0,0
0.0454,0,0
0.0458,0,0
0.0462,0.0124401,0.0124615
0.0466,0,0
0.047,0,0
0.0474,0.0126229,0.012645
0.0478,0,0
0.0482,0,0
0.0486,0,0
0.049,0,0
0.0494,0,0
0.0498,0,0
0.0502,0,0
0.0506,0,0
0.051,0,0
0.0514,0,0
0.0518,0,0
0.0522,0,0
0.0526,0.0181459,0.0152089
0.053,0,0
0.0534,0.00397827,0.00777704
0.0538,0,0
0.0542,0,0
0.0546,0,0
0.055,0,0
0.0554,0,0
0.0558,0,0
0.0562,0,0
0.0566,0,0
0.057,0,0
0.0574,0,0
0.0578,0,0
0.0582,0,0
0.0586,0,0
0.059,0,0
0.0594,0.000935577,0.00354683
0.0598,0,0
0.0602,0,0
0.0606,0,0
0.061,0,0
0.0614,0,0
0.0618,0,0
0.0622,0,0
0.0626,0,0
0.063,0,0
0.0634,0,0
0.0638,0,0
0.0642,0.00229675,0.00537744
0.0646,0.0133459,0.0133703
0.065,0,0
0.0654,0,0
0.0658,0,0
0.0662,0,0
0.0666,0,0
0.067,0,0
0.0674,0,0
0.0678,0,0
0.0682,0,0
0.0686,0,0
0.069,0,0
0.0694,0,0
0.0698,0,0
0.0702,0,0
0.0706,0,0
0.071,0,0
0.0714,0,0
0.0718,0,0
0.0722,0,0
0.0726,0,0
0.073,0,0
0.0734,0,0
0.0738,0,0
0.0742,0,0
0.0746,0,0
0.075,0,0
0.0754,0,0
0.0758,0,0
0.0762,0,0
0.0766,0,0
0.077,0,0
0.0774,0.0126132,0.0126349
0.0778,0,0
0.0782,0,0
0.0786,0,0
0.079,0,0
0.0794,0,0
0.0798,0,0
0.0802,0,0
0.0806,0,0
0.081,0,0
0.0814,0,0
0.0818,0,0
0.0822,0,0
0.0826,0,0
0.083,0,0
0.0834,0,0
0.0838,0.0104187,0.0118342
0.0842,0,0
0.0846,0,0
0.085,0,0
0.0854,0,0
0.0858,0,0
0.0862,0,0
0.0866,0,0
0.087,0,0
0.0874,0,0
0.0878,0,0
0.0882,0,0
0.0886,0,0
0.089,0,0
0.0894,0.0142625,0.01429
0.0898,0,0
0.0902,0,0
0.0906,0,0
0.091,0,0
0.0914,0,0
0.0918,0.0137958,0.0138216
0.0922,0,0
0.0926,0,0
0.093,0,0
0.0934,0,0
0.0938,0,0
0.0942,0,0
0.0946,0,0
0.095,0,0
0.0954,0,0
0.0958,0,0
0.0962,0,0
0.0966,0,0
0.097,0.0126165,0.012638
0.0974,0,0
0.0978,0,0
0.0982,0,0
0.0986,0,0
0.099,0,0
0.0994,0,0
0.0998,0,0
0.1002,0.0140926,0.0141194
0.1006,0,0
0.101,0,0
0.1014,0,0
0.1018,0,0
0.1022,0,0
0.1026,0,0
0.103,0,0
0.1034,0,0
0.1038,0,0
0.1042,0,0
0.1046,0,0
0.105,0,0
0.1054,0,0
0.1058,0,0
0.1062,0,0
0.1066,0,0
0.107,0,0
0.1074,0,0
0.1078,0,0
0.1082,0,0
0.1086,0,0
0.109,0,0
0.1094,0,0
0.1098,0,0
0.1102,0,0
0.1106,0,0
0.111,0,0
0.1114,0,0
0.1118,0,0
0.1122,0,0
0.1126,0.0123327,0.0146748
0.113,0,0
0.1134,0,0
0.1138,0,0
0.1142,0,0
0.1146,0,0
0.115,0,0
0.1154,0,0
0.1158,0.0214325,0.0214938
0.1162,0,0
0.1166,0,0
0.117,0,0
0.1174,0,0
0.1178,0,0
0.1182,0,0
0.1186,0,0
0.119,0,0
0.1194,0,0
0.1198,0,0
2
-0.1198,0,0
-0.1194,0,0
-0.119,0,0
-0.1186,0.00585679,0.00586777
-0.1182,0,0
-0.1178,0,0
-0.1174,0,0
-0.117,0,0
-0.1166,0,0
-0.1162,0,0
-0.1158,0,0
-0.1154,0,0
-0.115,0,0
-0.1146,0,0
-0.1142,0,0
-0.1138,0,0
-0.1134,0,0
-0.113,0,0
-0.1126,0,0
-0.1122,0,0
-0.1118,0,0
-0.1114,0,0
-0.111,0,0
-0.1106,0,0
-0.1102,0,0
-0.1098,0,0
-0.1094,0,0
-0.109,0,0
-0.1086,0,0
-0.1082,0,0
-0.1078,0,0
-0.1074,0,0
-0.107,0,0
-0.1066,0,0
-0.1062,0,0
-0.1058,0,0
-0.1054,0,0
-0.105,0,0
-0.1046,0,0
-0.1042,0,0
-0.1038,0,0
-0.1034,0,0
-0.103,0,0
-0.1026,0,0
-0.1022,0,0
-0.1018,0,0
-0.1014,0.00600682,0.00601833
-0.101,0,0
-0.1006,0,0
-0.1002,0,0
-0.0998,0,0
-0.0994,0,0
-0.099,0,0
-0.0986,0,0
-0.0982,0,0
-0.0978,0.00611631,0.00612823
-0.0974,0,0
-0.097,0,0
-0.0966,0,0
-0.0962,0,0
-0.0958,0,0
-0.0954,0,0
-0.095,0,0
-0.0946,0,0
-0.0942,0,0
-0.0938,0,0
-0.0934,0,0
-0.093,0,0
-0.0926,0,0
-0.0922,0,0
-0.0918,0,0
-0.0914,0,0
-0.091,0,0
-0.0906,0,0
-0.0902,0.00621256,0.00622484
-0.0898,0,0
-0.0894,0,0
-0.089,0,0
-0.0886,0,0
-0.0882,0,0
-0.0878,0,0
-0.0874,0,0
-0.087,0,0
-0.0866,0,0
-0.0862,0,0
-0.0858,0,0
-0.0854,0,0
-0.085,0,0
-0.0846,0,0
-0.0842,0,0
-0.0838,0,0
-0.0834,0,0
-0.083,0,0
-0.0826,0,0
-0.0822,0,0
-0.0818,0,0
-0.0814,0.00620299,0.00621521
-0.081,0,0
-0.0806,0.00594906,0.0059603
-0.0802,0,0
-0.0798,0,0
-0.0794,0,0
-0.079,0,0
-0.0786,0,0
-0.0782,0,0
-0.0778,0.00601524,0.00602672
-0.0774,0,0
-0.077,0,0
-0.0766,0,0
-0.0762,0,0
-0.0758,0,0
-0.0754,0,0
-0.075,0,0
-0.0746,0,0
-0.0742,0.00131622,0.0028006
-0.0738,0,0
-0.0734,0.00624888,0.00626125
-0.073,0,0
-0.0726,0.00578592,0.00579652
-0.0722,0,0
-0.0718,0,0
-0.0714,0,0
-0.071,0,0
-0.0706,0,0
-0.0702,0,0
-0.0698,0,0
-0.0694,0.00593921,0.00595038
-0.069,0,0
-0.0686,0,0
-0.0682,0,0
-0.0678,0.00615872,0.00617073
-0.0674,0,0
-0.067,0,0
-0.0666,0.00601881,0.00603027
-0.0662,0.00602469,0.00603618
-0.0658,0,0
-0.0654,0,0
-0.065,0,0
-0.0646,0,0
-0.0642,0.0120623,0.00855235
-0.0638,0,0
-0.0634,0.00647404,0.0064873
-0.063,0,0
-0.0626,0,0
-0.0622,0,0
-0.0618,0,0
-0.0614,0,0
-0.061,0,0
-0.0606,0,0
-0.0602,0,0
-0.0598,0,0
-0.0594,0,0
-0.059,0,0
-0.0586,0.00546047,0.00550764
-0.0582,0,0
-0.0578,0.00577919,0.00578974
-0.0574,0,0
-0.057,0,0
-0.0566,0,0
-0.0562,0,0
-0.0558,0.00605934,0.00607093
-0.0554,0,0
-0.055,0,0
-0.0546,0,0
-0.0542,0.00587394,0.00588482
-0.0538,0.00270773,0.0039957
-0.0534,0.00649312,0.00650642
-0.053,0,0
-0.0526,0,0
-0.0522,0.0115536,0.0081853
-0.0518,0,0
-0.0514,0,0
-0.051,0.00574299,0.0057534
-0.0506,0,0
-0.0502,0,0
-0.0498,0,0
-0.0494,0,0
-0.049,0,0
-0.0486,0,0
-0.0482,0,0
-0.0478,0,0
-0.0474,0,0
-0.047,0.00597817,0.00598943
-0.0466,0,0
-0.0462,0.0060782,0.00608984
-0.0458,0,0
-0.0454,0.00576542,0.00577589
-0.045,0,0
-0.0446,0,0
-0.0442,0,0
-0.0438,0,0
-0.0434,0,0
-0.043,0,0
-0.0426,0,0
-0.0422,0,0
-0.0418,0,0
-0.0414,0,0
-0.041,0,0
-0.0406,0,0
-0.0402,0,0
-0.0398,0,0
-0.0394,0.0086718,0.00745336
-0.039,0.0061395,0.00615135
-0.0386,0,0
-0.0382,0,0
-0.0378,0.00192985,0.00331614
-0.0374,0,0
-0.037,0.00569354,0.00570373
-0.0366,0,0
-0.0362,0,0
-0.0358,0,0
-0.0354,5.2634e-05,0.00057189
-0.035,0,0
-0.0346,0,0
-0.0342,0,0
-0.0338,0,0
-0.0334,0.00618965,0.00620169
-0.033,0,0
-0.0326,0,0
-0.0322,0,0
-0.0318,0.00584923,0.00585997
-0.0314,0,0
-0.031,0,0
-0.0306,0,0
-0.0302,0.00610112,0.00611281
-0.0298,0,0
-0.0294,0,0
-0.029,0,0
-0.0286,0,0
-0.0282,0,0
-0.0278,0,0
-0.0274,0,0
-0.027,0,0
-0.0266,0.00604275,0.0060542
-0.0262,0,0
-0.0258,0,0
-0.0254,0,0
-0.025,0,0
-0.0246,0.00603793,0.00604936
-0.0242,0.0120769,0.00855581
-0.0238,0,0
-0.0234,0,0
-0.023,0,0
-0.0226,0,0
-0.0222,0.00530227,0.00531108
-0.0218,0,0
-0.0214,0,0
-0.021,0,0
-0.0206,0,0
-0.0202,0.0119823,0.00849159
-0.0198,0,0
-0.0194,0,0
-0.019,0,0
-0.0186,0,0
-0.0182,0,0
-0.0178,0,0
-0.0174,0,0
-0.017,0,0
-0.0166,0,0
-0.0162,0.00397608,0.00485165
-0.0158,0,0
-0.0154,0,0
-0.015,0,0
-0.0146,0,0
-0.0142,0.00874726,0.00742221
-0.0138,0.00640115,0.00641396
-0.0134,0,0
-0.013,0,0
-0.0126,0,0
-0.0122,0,0
-0.0118,0,0
-0.0114,0,0
-0.011,0,0
-0.0106,0.00554567,0.00555529
-0.0102,0.00645028,0.00646328
-0.0098,0,0
-0.0094,0,0
-0.009,0,0
-0.0086,0.00601637,0.00602768
-0.0082,0.00581242,0.00582297
-0.0078,0,0
-0.0074,0,0
-0.007,0.00625779,0.00627002
-0.0066,0.000805391,0.00222542
-0.0062,0.0118283,0.00838408
-0.0058,0.00571679,0.00572699
-0.0054,0.00588389,0.0058947
-0.005,0,0
-0.0046,0.0181347,0.0104905
-0.0042,0.0116798,0.00827577
-0.0038,0.0259596,0.0122006
-0.0034,0.0356111,0.0144769
-0.003,0.0558638,0.0188635
-0.0026,0.125449,0.0281875
-0.0022,0.177219,0.0310284
-0.0018,0.405593,0.0484782
-0.0014,0.730309,0.0653126
-0.001,1.3139,0.0884347
-0.0006,1.63535,0.0998995
-0.0002,2.01493,0.109885
0.0002,1.73956,0.101024
0.0006,1.45629,0.0921435
0.001,0.914665,0.0761365
0.0014,0.614656,0.0604028
0.0018,0.288079,0.0405067
0.0022,0.110159,0.0257587
0.0026,0.0435851,0.0167336
0.003,0.0193499,0.0107929
0.0034,0.00695482,0.00643873
0.0038,0,0
0.0042,0.00627787,0.00629015
0.0046,0,0
0.005,0,0
0.0054,0,0
0.0058,0.00577319,0.00578357
0.0062,0.00606965,0.00608112
0.0066,0,0
0.007,0.00566025,0.00567022
0.0074,0.0050933,0.00560794
0.0078,0,0
0.0082,0.0129815,0.00919788
0.0086,0,0
0.009,0.00564848,0.00565841
0.0094,0,0
0.0098,0.00575482,0.00576513
0.0102,0,0
0.0106,0.00108449,0.00251503
0.011,0,0
0.0114,0,0
0.0118,0.00578096,0.00579135
0.0122,0,0
0.0126,0.00579416,0.0058046
0.013,0.00507218,0.00562702
0.0134,0,0
0.0138,0,0
0.0142,0.00622089,0.00623292
0.0146,0.00367697,0.00453621
0.015,0,0
0.0154,0,0
0.0158,0,0
0.0162,0,0
0.0166,0.0056984,0.00570849
0.017,0,0
0.0174,0.00562997,0.00563982
0.0178,0,0
0.0182,0,0
0.0186,0.00576786,0.00577819
0.019,0,0
0.0194,0.00533672,0.00534557
0.0198,0.00533702,0.00534586
0.0202,0.00428293,0.00482405
0.0206,0,0
0.021,0,0
0.0214,0,0
0.0218,0,0
0.0222,0,0
0.0226,0,0
0.023,0,0
0.0234,0,0
0.0238,0.00585093,0.00586155
0.0242,0,0
0.0246,0,0
0.025,0.00596919,0.00598024
0.0254,0,0
0.0258,0.00630008,0.00631238
0.0262,0,0
0.0266,0,0
0.027,0.00157182,0.00316141
0.0274,0,0
0.0278,0,0
0.0282,0,0
0.0286,0.0036177,0.0046392
0.029,0.00503253,0.00504038
0.0294,0,0
0.0298,0,0
0.0302,0,0
0.0306,0,0
0.031,0,0
0.0314,0.00645422,0.00646712
0.0318,0,0
0.0322,0.00602448,0.00603572
0.0326,0,0
0.033,0,0
0.0334,0,0
0.0338,0,0
0.0342,0,0
0.0346,0,0
0.035,0,0
0.0354,0,0
0.0358,0,0
0.0362,0,0
0.0366,0,0
0.037,0,0
0.0374,0,0
0.0378,0,0
0.0382,0,0
0.0386,0,0
0.039,0,0
0.0394,0,0
0.0398,0,0
0.0402,0,0
0.0406,0,0
0.041,0,0
0.0414,0.00508333,0.00535066
0.0418,0,0
0.0422,0,0
0.0426,0,0
0.043,0,0
0.0434,0,0
0.0438,0,0
0.0442,0,0
0.0446,0,0
0.045,0,0
0.0454,0,0
0.0458,0,0
0.0462,0,0
0.0466,0,0
0.047,0,0
0.0474,0,0
0.0478,0.00568997,0.00569996
0.0482,0,0
0.0486,0,0
0.049,0,0
0.0494,0.00590044,0.00591118
0.0498,0,0
0.0502,0,0
0.0506,0,0
0.051,0,0
0.0514,0,0
0.0518,0,0
0.0522,0,0
0.0526,0.00324914,0.00430555
0.053,0,0
0.0534,0.0049946,0.00582913
0.0538,0,0
0.0542,0,0
0.0546,0,0
0.055,0.0115327,0.00816974
0.0554,0,0
0.0558,0.00577772,0.005788
0.0562,0,0
0.0566,0,0
0.057,0,0
0.0574,0,0
0.0578,0.00591191,0.00592267
0.0582,0,0
0.0586,0,0
0.059,0,0
0.0594,0.00556673,0.00578255
0.0598,0.00631145,0.0063237
0.0602,0,0
0.0606,0,0
0.061,0,0
0.0614,0,0
0.0618,0,0
0.0622,0,0
0.0626,0,0
0.063,0,0
0.0634,0,0
0.0638,0,0
0.0642,0.00457267,0.00506779
0.0646,0,0
0.065,0,0
0.0654,0,0
0.0658,0,0
0.0662,0,0
0.0666,0.0116641,0.00826256
0.067,0,0
0.0674,0,0
0.0678,0.00953826,0.00760864
0.0682,0,0
0.0686,0,0
0.069,0,0
0.0694,0,0
0.0698,0.0110678,0.00784661
0.0702,0,0
0.0706,0,0
0.071,0,0
0.0714,0,0
0.0718,0.00604095,0.00605215
0.0722,0.00601453,0.00602563
0.0726,0.00601502,0.00602612
0.073,0.00573512,0.00574521
0.0734,0,0
0.0738,0,0
0.0742,0,0
0.0746,0,0
0.075,0,0
0.0754,0,0
0.0758,0,0
0.0762,0,0
0.0766,0,0
0.077,0,0
0.0774,0,0
0.0778,0,0
0.0782,0,0
0.0786,0,0
0.079,0,0
0.0794,0,0
0.0798,0,0
0.0802,0,0
0.0806,0,0
0.081,0,0
0.0814,0,0
0.0818,0,0
0.0822,0,0
0.0826,0,0
0.083,0,0
0.0834,0,0
0.0838,0,0
0.0842,0,0
0.0846,0,0
0.085,0,0
0.0854,0,0
0.0858,0,0
0.0862,0,0
0.0866,0,0
0.087,0,0
0.0874,0,0
0.0878,0.00568941,0.0056993
0.0882,0,0
0.0886,0,0
0.089,0.00697168,0.00698653
0.0894,0,0
0.0898,0,0
0.0902,0,0
0.0906,0,0
0.091,0,0
0.0914,0,0
0.0918,0.00576992,0.00578008
0.0922,0,0
0.0926,0,0
0.093,0,0
0.0934,0.00587702,0.00588756
0.0938,0,0
0.0942,0,0
0.0946,0,0
0.095,0,0
0.0954,0,0
0.0958,0,0
0.0962,0,0
0.0966,0,0
0.097,0,0
0.0974,0,0
0.0978,0,0
0.0982,0,0
0.0986,0,0
0.099,0,0
0.0994,0,0
0.0998,0,0
0.1002,0,0
0.1006,0,0
0.101,0,0
0.1014,0,0
0.1018,0.00702451,0.00703954
0.1022,0,0
0.1026,0,0
0.103,0.00724332,0.00725929
0.1034,0,0
0.1038,0,0
0.1042,0,0
0.1046,0,0
0.105,0,0
0.1054,0,0
0.1058,0,0
0.1062,0,0
0.1066,0,0
0.107,0,0
0.1074,0.00644854,0.00670169
0.1078,0,0
0.1082,0,0
0.1086,0,0
0.109,0,0
0.1094,0,0
0.1098,0,0
0.1102,0,0
0.1106,0,0
0.111,0,0
0.1114,0,0
0.1118,0.00868921,0.00871212
0.1122,0,0
0.1126,0.00222116,0.004131
0.113,0,0
0.1134,0,0
0.1138,0,0
0.1142,0,0
0.1146,0,0
0.115,0,0
0.1154,0.00942079,0.00944769
0.1158,0.00942169,0.00944859
0.1162,0,0
0.1166,0,0
0.117,0,0
0.1174,0,0
0.1178,0,0
0.1182,0,0
0.1186,0,0
0.119,0,0
0.1194,0,0
0.1198,0,0
3
-0.1198,0,0
-0.1194,0,0
-0.119,0,0
-0.1186,0,0
-0.1182,0,0
-0.1178,0,0
-0.1174,0,0
-0.117,0,0
-0.1166,0,0
-0.1162,0,0
-0.1158,0,0
-0.1154,0.00661193,0.00662535
-0.115,0.00608568,0.00609704
-0.1146,0,0
-0.1142,0,0
-0.1138,0,0
-0.1134,0,0
-0.113,0,0
-0.1126,0,0
-0.1122,0,0
-0.1118,0,0
-0.1114,0,0
-0.111,0,0
-0.1106,0,0
-0.1102,0,0
-0.1098,0,0
-0.1094,0,0
-0.109,0,0
-0.1086,0,0
-0.1082,0,0
-0.1078,0,0
-0.1074,0,0
-0.107,0,0
-0.1066,0,0
-0.1062,0,0
-0.1058,0,0
-0.1054,0,0
-0.105,0.00672423,0.00673805
-0.1046,0.00581515,0.00582549
-0.1042,0,0
-0.1038,0,0
-0.1034,0,0
-0.103,0,0
-0.1026,0,0
-0.1022,0,0
-0.1018,0,0
-0.1014,0,0
-0.101,0,0
-0.1006,0,0
-0.1002,0,0
-0.0998,0,0
-0.0994,0,0
-0.099,0,0
-0.0986,0,0
-0.0982,0,0
-0.0978,0,0
-0.0974,0,0
-0.097,0,0
-0.0966,0,0
-0.0962,0,0
-0.0958,0,0
-0.0954,0,0
-0.095,0,0
-0.0946,0,0
-0.0942,0,0
-0.0938,0,0
-0.0934,0,0
-0.093,0,0
-0.0926,0,0
-0.0922,0,0
-0.0918,0.00488665,0.00568316
-0.0914,0,0
-0.091,0,0
-0.0906,0,0
-0.0902,0,0
-0.0898,0,0
-0.0894,0,0
-0.089,0,0
-0.0886,0,0
-0.0882,0,0
-0.0878,0,0
-0.0874,0.00680764,0.0068217
-0.087,0,0
-0.0866,0,0
-0.0862,0,0
-0.0858,0,0
-0.0854,0,0
-0.085,0,0
-0.0846,0.00651516,0.00652803
-0.0842,0,0
-0.0838,0,0
-0.0834,0,0
-0.083,0,0
-0.0826,0,0
-0.0822,0,0
-0.0818,0,0
-0.0814,0.00289212,0.00434722
-0.081,0,0
-0.0806,0,0
-0.0802,0,0
-0.0798,0,0
-0.0794,0,0
-0.079,0.00639639,0.00640876
-0.0786,0,0
-0.0782,0,0
-0.0778,0,0
-0.0774,0,0
-0.077,0,0
-0.0766,0,0
-0.0762,0,0
-0.0758,0,0
-0.0754,0,0
-0.075,0,0
-0.0746,0,0
-0.0742,0.00624057,0.00625232
-0.0738,0,0
-0.0734,0,0
-0.073,0,0
-0.0726,0,0
-0.0722,0,0
-0.0718,0,0
-0.0714,0,0
-0.071,0,0
-0.0706,0,0
-0.0702,0,0
-0.0698,0,0
-0.0694,0,0
-0.069,0,0
-0.0686,0,0
-0.0682,0,0
-0.0678,0,0
-0.0674,0,0
-0.067,0.0061084,0.00611962
-0.0666,0,0
-0.0662,0.00623513,0.00624681
-0.0658,0,0
-0.0654,0.00652568,0.00653846
-0.065,0,0
-0.0646,0,0
-0.0642,0,0
-0.0638,0,0
-0.0634,0.00682549,0.00683946
-0.063,0,0
-0.0626,0,0
-0.0622,0,0
-0.0618,0.00606381,0.00607483
-0.0614,0,0
-0.061,0.00621659,0.00622817
-0.0606,0,0
-0.0602,0,0
-0.0598,0,0
-0.0594,0,0
-0.059,0.00329504,0.00457061
-0.0586,0,0
-0.0582,0,0
-0.0578,0,0
-0.0574,0,0
-0.057,0,0
-0.0566,0,0
-0.0562,0,0
-0.0558,0,0
-0.0554,0,0
-0.055,0,0
-0.0546,0,0
-0.0542,0,0
-0.0538,0,0
-0.0534,0,0
-0.053,0,0
-0.0526,0,0
-0.0522,0,0
-0.0518,0.00446386,0.00524091
-0.0514,0,0
-0.051,0,0
-0.0506,0,0
-0.0502,0,0
-0.0498,0.00634398,0.00635597
-0.0494,0,0
-0.049,0,0
-0.0486,0,0
-0.0482,0,0
-0.0478,0,0
-0.0474,0,0
-0.047,0,0
-0.0466,0,0
-0.0462,0,0
-0.0458,0,0
-0.0454,0,0
-0.045,0,0
-0.0446,0,0
-0.0442,0.0061872,0.00619857
-0.0438,0,0
-0.0434,0.00582332,0.00583339
-0.043,0,0
-0.0426,0,0
-0.0422,0,0
-0.0418,0,0
-0.0414,0,0
-0.041,0,0
-0.0406,0,0
-0.0402,0.00559459,0.00560388
-0.0398,0.00626932,0.00628098
-0.0394,0.00676722,0.0067808
-0.039,0,0
-0.0386,0,0
-0.0382,0,0
-0.0378,0,0
-0.0374,3.52311e-05,0.000462147
-0.037,0,0
-0.0366,0,0
-0.0362,0,0
-0.0358,0.000665057,0.00208534
-0.0354,0.0065146,0.0065552
-0.035,0,0
-0.0346,0,0
-0.0342,0,0
-0.0338,0,0
-0.0334,0,0
-0.033,0,0
-0.0326,0,0
-0.0322,0,0
-0.0318,0,0
-0.0314,0,0
-0.031,0.00600262,0.00601327
-0.0306,0,0
-0.0302,0,0
-0.0298,0,0
-0.0294,0.00600434,0.00601499
-0.029,0,0
-0.0286,0,0
-0.0282,0,0
-0.0278,0,0
-0.0274,0,0
-0.027,0,0
-0.0266,0,0
-0.0262,0,0
-0.0258,0.00630824,0.00631997
-0.0254,0,0
-0.025,0,0
-0.0246,0,0
-0.0242,0,0
-0.0238,0.00624156,0.00625303
-0.0234,0,0
-0.023,0,0
-0.0226,0,0
-0.0222,0,0
-0.0218,0,0
-0.0214,0,0
-0.021,0,0
-0.0206,0.00618342,0.00619466
-0.0202,0,0
-0.0198,0,0
-0.0194,0,0
-0.019,0,0
-0.0186,0.00640305,0.00641509
-0.0182,0,0
-0.0178,0,0
-0.0174,0,0
-0.017,0,0
-0.0166,0.00599997,0.00601054
-0.0162,0.00204931,0.00359644
-0.0158,0.00638549,0.00639745
-0.0154,0,0
-0.015,0,0
-0.0146,0,0
-0.0142,0.0066912,0.00670432
-0.0138,0,0
-0.0134,0,0
-0.013,0.0124262,0.00880312
-0.0126,0.00604042,0.00605111
-0.0122,0,0
-0.0118,0,0
-0.0114,0,0
-0.011,0,0
-0.0106,0.00591929,0.00592955
-0.0102,0,0
-0.0098,0,0
-0.0094,0,0
-0.009,0.011362,0.0080475
-0.0086,0.00642391,0.00643598
-0.0082,0.00626072,0.00627219
-0.0078,0,0
-0.0074,0.00268231,0.00409454
-0.007,0.000770909,0.00227446
-0.0066,0.0123691,0.0090668
-0.0062,0,0
-0.0058,0.0185016,0.0107022
-0.0054,0,0
-0.005,0.0196721,0.0113795
-0.0046,0.012823,0.00908422
-0.0042,0,0
-0.0038,0.0289697,0.0133264
-0.0034,0.0186139,0.010769
-0.003,0.0346784,0.015336
-0.0026,0.0860937,0.0241388
-0.0022,0.126494,0.0271385
-0.0018,0.219784,0.0368499
-0.0014,0.497649,0.0557401
-0.001,0.809372,0.0717339
-0.0006,1.09754,0.0846024
-0.0002,1.26157,0.0899204
0.0002,1.299,0.0902996
0.0006,0.920221,0.0757433
0.001,0.767925,0.0719552
0.0014,0.303082,0.0438837
0.0018,0.187672,0.0338167
0.0022,0.104188,0.0258273
0.0026,0.0742642,0.0225216
0.003,0.0227023,0.012066
0.0034,0.0116275,0.00861374
0.0038,0.0202798,0.0117318
0.0042,0.0265072,0.0132806
0.0046,0.00653323,0.00654565
0.005,0,0
0.0054,0.00625699,0.00626838
0.0058,0,0
0.0062,0,0
0.0066,0,0
0.007,0,0
0.0074,0,0
0.0078,0,0
0.0082,0,0
0.0086,0.00605296,0.0060636
0.009,0,0
0.0094,0.00644831,0.00646038
0.0098,0,0
0.0102,0.00622973,0.006241
0.0106,0,0
0.011,0,0
0.0114,0,0
0.0118,0,0
0.0122,0,0
0.0126,0,0
0.013,0,0
0.0134,0,0
0.0138,0,0
0.0142,0,0
0.0146,0.00203869,0.00349891
0.015,0,0
0.0154,0,0
0.0158,0,0
0.0162,0.00608717,0.0060979
0.0166,0,0
0.017,0,0
0.0174,0,0
0.0178,0,0
0.0182,0,0
0.0186,0,0
0.019,0,0
0.0194,0,0
0.0198,0,0
0.0202,0.0012162,0.0026641
0.0206,0,0
0.021,0,0
0.0214,0,0
0.0218,0,0
0.0222,0,0
0.0226,0,0
0.023,0,0
0.0234,0,0
0.0238,0,0
0.0242,0.00620611,0.00621723
0.0246,0.00609714,0.00610787
0.025,0.00614782,0.00615873
0.0254,0,0
0.0258,0,0
0.0262,0,0
0.0266,0,0
0.027,0.00512012,0.00591658
0.0274,0,0
0.0278,0,0
0.0282,0,0
0.0286,0,0
0.029,0,0
0.0294,0,0
0.0298,0,0
0.0302,0,0
0.0306,0.00622843,0.00623961
0.031,0.00694429,0.00695817
0.0314,0,0
0.0318,0,0
0.0322,0,0
0.0326,0.00648449,0.00649659
0.033,0,0
0.0334,0,0
0.0338,0.0121696,0.00862026
0.0342,0,0
0.0346,0,0
0.035,0,0
0.0354,0,0
0.0358,0.00635087,0.00636246
0.0362,0,0
0.0366,0,0
0.037,0,0
0.0374,0,0
0.0378,0,0
0.0382,0,0
0.0386,0.00636743,0.00637907
0.039,0,0
0.0394,0,0
0.0398,0,0
0.0402,0,0
0.0406,0,0
0.041,0,0
0.0414,0.00661881,0.0063382
0.0418,0,0
0.0422,0,0
0.0426,0,0
0.043,0,0
0.0434,0,0
0.0438,0,0
0.0442,0,0
0.0446,0,0
0.045,0,0
0.0454,0,0
0.0458,0,0
0.0462,0,0
0.0466,0,0
0.047,0,0
0.0474,0,0
0.0478,0,0
0.0482,0,0
0.0486,0,0
0.049,0,0
0.0494,0,0
0.0498,0,0
0.0502,0,0
0.0506,0,0
0.051,0,0
0.0514,0,0
0.0518,0,0
0.0522,0,0
0.0526,0,0
0.053,0,0
0.0534,0,0
0.0538,0,0
0.0542,0,0
0.0546,0,0
0.055,0.00628405,0.00629532
0.0554,0.00616385,0.00617469
0.0558,0,0
0.0562,0,0
0.0566,0,0
0.057,0,0
0.0574,0,0
0.0578,0,0
0.0582,0,0
0.0586,0,0
0.059,0,0
0.0594,0,0
0.0598,0,0
0.0602,0,0
0.0606,0.00651736,0.00652946
0.061,0,0
0.0614,0,0
0.0618,0,0
0.0622,0,0
0.0626,0,0
0.063,0,0
0.0634,0,0
0.0638,0,0
0.0642,0,0
0.0646,0,0
0.065,0.00647897,0.00649092
0.0654,0,0
0.0658,0,0
0.0662,0,0
0.0666,0,0
0.067,0.0057685,0.00577797
0.0674,0,0
0.0678,0.00276074,0.00425458
0.0682,0,0
0.0686,0.00663054,0.00664304
0.069,0,0
0.0694,0,0
0.0698,0.00572379,0.0057331
0.0702,0.00602801,0.00603834
0.0706,0,0
0.071,0,0
0.0714,0.00624426,0.00625533
0.0718,0,0
0.0722,0,0
0.0726,0,0
0.073,0,0
0.0734,0,0
0.0738,0,0
0.0742,0,0
0.0746,0,0
0.075,0,0
0.0754,0,0
0.0758,0,0
0.0762,0,0
0.0766,0,0
0.077,0,0
0.0774,0.006059,0.00606941
0.0778,0,0
0.0782,0.00651158,0.0065236
0.0786,0,0
0.079,0,0
0.0794,0,0
0.0798,0,0
0.0802,0,0
0.0806,0,0
0.081,0,0
0.0814,0,0
0.0818,0,0
0.0822,0,0
0.0826,0,0
0.083,0,0
0.0834,0,0
0.0838,0,0
0.0842,0,0
0.0846,0,0
0.085,0,0
0.0854,0,0
0.0858,0,0
0.0862,0,0
0.0866,0,0
0.087,0,0
0.0874,0,0
0.0878,0,0
0.0882,0,0
0.0886,0,0
0.089,0,0
0.0894,0,0
0.0898,0,0
0.0902,0,0
0.0906,0,0
0.091,0.00688023,0.00689359
0.0914,0,0
0.0918,0,0
0.0922,0,0
0.0926,0,0
0.093,0,0
0.0934,0,0
0.0938,0,0
0.0942,0,0
0.0946,0,0
0.095,0,0
0.0954,0,0
0.0958,0.00713988,0.00715426
0.0962,0,0
0.0966,0,0
0.097,0,0
0.0974,0.00653041,0.00654244
0.0978,0,0
0.0982,0,0
0.0986,0,0
0.099,0,0
0.0994,0,0
0.0998,0,0
0.1002,0,0
0.1006,0,0
0.101,0,0
0.1014,0,0
0.1018,0.00759657,0.00761282
0.1022,0,0
0.1026,0,0
0.103,0,0
0.1034,0,0
0.1038,0,0
0.1042,0,0
0.1046,0.00757864,0.00759481
0.105,0.00768823,0.00770486
0.1054,0,0
0.1058,0,0
0.1062,0,0
0.1066,0,0
0.107,0,0
0.1074,0.000526417,0.00199084
0.1078,0,0
0.1082,0,0
0.1086,0,0
0.109,0,0
0.1094,0,0
0.1098,0,0
0.1102,0,0
0.1106,0,0
0.111,0,0
0.1114,0,0
0.1118,0,0
0.1122,0,0
0.1126,0,0
0.113,0,0
0.1134,0,0
0.1138,0,0
0.1142,0,0
0.1146,0,0
0.115,0,0
0.1154,0,0
0.1158,0,0
0.1162,0,0
0.1166,0.0101708,0.0101998
0.117,0,0
0.1174,0,0
0.1178,0,0
0.1182,0,0
0.1186,0,0
0.119,0,0
0.1194,0,0
0.1198,0,0
4
-0.1198,0,0
-0.1194,0.00612796,0.00613947
-0.119,0,0
-0.1186,0,0
-0.1182,0,0
-0.1178,0,0
-0.1174,0,0
-0.117,0,0
-0.1166,0,0
-0.1162,0,0
-0.1158,0,0
-0.1154,0,0
-0.115,0,0
-0.1146,0,0
-0.1142,0,0
-0.1138,0,0
-0.1134,0,0
-0.113,0,0
-0.1126,0,0
-0.1122,0,0
-0.1118,0,0
-0.1114,0,0
-0.111,0,0
-0.1106,0,0
-0.1102,0,0
-0.1098,0,0
-0.1094,0,0
-0.109,0,0
-0.1086,0,0
-0.1082,0,0
-0.1078,0,0
-0.1074,0.00623887,0.00625073
-0.107,0,0
-0.1066,0,0
-0.1062,0,0
-0.1058,0,0
-0.1054,0,0
-0.105,0,0
-0.1046,0,0
-0.1042,0,0
-0.1038,0,0
-0.1034,0,0
-0.103,0,0
-0.1026,0,0
-0.1022,0,0
-0.1018,0,0
-0.1014,0,0
-0.101,0,0
-0.1006,0,0
-0.1002,0,0
-0.0998,0,0
-0.0994,0,0
-0.099,0,0
-0.0986,0,0
-0.0982,0,0
-0.0978,0,0
-0.0974,0,0
-0.097,0,0
-0.0966,0,0
-0.0962,0,0
-0.0958,0,0
-0.0954,0,0
-0.095,0,0
-0.0946,0,0
-0.0942,0,0
-0.0938,0,0
-0.0934,0,0
-0.093,0,0
-0.0926,0,0
-0.0922,0,0
-0.0918,0.00170675,0.00336885
-0.0914,0,0
-0.091,0,0
-0.0906,0,0
-0.0902,0,0
-0.0898,0,0
-0.0894,0,0
-0.089,0,0
-0.0886,0,0
-0.0882,0.00329958,0.00464201
-0.0878,0.00608385,0.00609502
-0.0874,0,0
-0.087,0,0
-0.0866,0,0
-0.0862,0,0
-0.0858,0,0
-0.0854,0,0
-0.085,0,0
-0.0846,0,0
-0.0842,0,0
-0.0838,0,0
-0.0834,0,0
-0.083,0,0
-0.0826,0,0
-0.0822,0,0
-0.0818,0,0
-0.0814,0.00363685,0.0048885
-0.081,0,0
-0.0806,0,0
-0.0802,0,0
-0.0798,0,0
-0.0794,0,0
-0.079,0,0
-0.0786,0,0
-0.0782,0,0
-0.0778,0,0
-0.0774,0,0
-0.077,0,0
-0.0766,0,0
-0.0762,0.00675782,0.00677154
-0.0758,0,0
-0.0754,0,0
-0.075,0,0
-0.0746,0,0
-0.0742,0,0
-0.0738,0,0
-0.0734,0,0
-0.073,0,0
-0.0726,0,0
-0.0722,0,0
-0.0718,0,0
-0.0714,0,0
-0.071,0,0
-0.0706,0,0
-0.0702,0,0
-0.0698,0,0
-0.0694,0,0
-0.069,0,0
-0.0686,0,0
-0.0682,0,0
-0.0678,0,0
-0.0674,0,0
-0.067,0,0
-0.0666,0,0
-0.0662,0,0
-0.0658,0,0
-0.0654,0,0
-0.065,0,0
-0.0646,0,0
-0.0642,0,0
-0.0638,0,0
-0.0634,0,0
-0.063,0,0
-0.0626,0,0
-0.0622,0,0
-0.0618,0,0
-0.0614,0,0
-0.061,0,0
-0.0606,0.0064163,0.0064286
-0.0602,0,0
-0.0598,0,0
-0.0594,0,0
-0.059,0.00302713,0.00438528
-0.0586,0,0
-0.0582,0,0
-0.0578,0,0
-0.0574,0,0
-0.057,0,0
-0.0566,0,0
-0.0562,0,0
-0.0558,0,0
-0.0554,0,0
-0.055,0,0
-0.0546,0,0
-0.0542,0,0
-0.0538,0,0
-0.0534,0,0
-0.053,0,0
-0.0526,0,0
-0.0522,0,0
-0.0518,0.00166778,0.0032043
-0.0514,0,0
-0.051,0,0
-0.0506,0,0
-0.0502,0,0
-0.0498,0,0
-0.0494,0,0
-0.049,0,0
-0.0486,0,0
-0.0482,0,0
-0.0478,0,0
-0.0474,0,0
-0.047,0,0
-0.0466,0,0
-0.0462,0,0
-0.0458,0,0
-0.0454,0,0
-0.045,0,0
-0.0446,0,0
-0.0442,0,0
-0.0438,0,0
-0.0434,0,0
-0.043,0,0
-0.0426,0,0
-0.0422,0,0
-0.0418,0,0
-0.0414,0,0
-0.041,0,0
-0.0406,0.00580782,0.00581785
-0.0402,0,0
-0.0398,0,0
-0.0394,0,0
-0.039,0,0
-0.0386,0,0
-0.0382,0,0
-0.0378,0,0
-0.0374,0.00598746,0.00601574
-0.037,0,0
-0.0366,0,0
-0.0362,0,0
-0.0358,0.00582872,0.00616306
-0.0354,0,0
-0.035,0,0
-0.0346,0,0
-0.0342,0.00562401,0.00563341
-0.0338,0,0
-0.0334,0,0
-0.033,0.00654701,0.00655974
-0.0326,0,0
-0.0322,0.006455,0.00646737
-0.0318,0,0
-0.0314,0,0
-0.031,0,0
-0.0306,0,0
-0.0302,0,0
-0.0298,0,0
-0.0294,0,0
-0.029,0,0
-0.0286,0,0
-0.0282,0,0
-0.0278,0.00605822,0.00606911
-0.0274,0,0
-0.027,0,0
-0.0266,0,0
-0.0262,0,0
-0.0258,0,0
-0.0254,0.00593077,0.00594121
-0.025,0,0
-0.0246,0,0
-0.0242,0,0
-0.0238,0.00619798,0.00620938
-0.0234,0,0
-0.023,0.00612386,0.00613499
-0.0226,0,0
-0.0222,0,0
-0.0218,0,0
-0.0214,0,0
-0.021,0,0
-0.0206,0,0
-0.0202,0,0
-0.0198,0,0
-0.0194,0,0
-0.019,0,0
-0.0186,0,0
-0.0182,0,0
-0.0178,0,0
-0.0174,0,0
-0.017,0,0
-0.0166,0,0
-0.0162,0,0
-0.0158,0.00581305,0.00582307
-0.0154,0,0
-0.015,0.00652495,0.00653757
-0.0146,0,0
-0.0142,0,0
-0.0138,0,0
-0.0134,0,0
-0.013,0.00608066,0.00609162
-0.0126,0,0
-0.0122,0,0
-0.0118,0,0
-0.0114,0,0
-0.011,0,0
-0.0106,0,0
-0.0102,0,0
-0.0098,0,0
-0.0094,0,0
-0.009,0,0
-0.0086,0,0
-0.0082,0,0
-0.0078,0,0
-0.0074,0.00349613,0.00464207
-0.007,0.00583008,0.00621058
-0.0066,0,0
-0.0062,0.0128691,0.00911721
-0.0058,0,0
-0.0054,0.00655003,0.00656276
-0.005,0.00645789,0.00647026
-0.0046,0.00475406,0.00548851
-0.0042,0.0122887,0.00870719
-0.0038,0.0180404,0.0104342
-0.0034,0.0246156,0.0123338
-0.003,0.0589497,0.0197262
-0.0026,0.0727944,0.0218867
-0.0022,0.14389,0.0287311
-0.0018,0.221078,0.0367497
-0.0014,0.470565,0.0537456
-0.001,0.765152,0.0691591
-0.0006,1.01503,0.0806402
-0.0002,1.09843,0.0831594
0.0002,1.1138,0.0828529
0.0006,0.839727,0.0716862
0.001,0.553437,0.0601027
0.0014,0.306326,0.0438555
0.0018,0.190634,0.0337787
0.0022,0.0674824,0.0206337
0.0026,0.0148886,0.00991118
0.003,0.0159415,0.010213
0.0034,0.0156391,0.009891
0.0038,0.00664517,0.00665828
0.0042,0,0
0.0046,0.00103868,0.00258079
0.005,0.00631501,0.00632685
0.0054,0,0
0.0058,0,0
0.0062,0.00620187,0.00621329
0.0066,0,0
0.007,0,0
0.0074,0,0
0.0078,0,0
0.0082,0,0
0.0086,0,0
0.009,0,0
0.0094,0.0126025,0.00892805
0.0098,0,0
0.0102,0,0
0.0106,0.00608516,0.00609616
0.011,0,0
0.0114,0,0
0.0118,0.00553671,0.00554582
0.0122,0,0
0.0126,0,0
0.013,0.00650622,0.00651881
0.0134,0,0
0.0138,0,0
0.0142,0,0
0.0146,0,0
0.015,0,0
0.0154,0,0
0.0158,0,0
0.0162,0.00592717,0.00593762
0.0166,0,0
0.017,0,0
0.0174,0,0
0.0178,0,0
0.0182,0,0
0.0186,0,0
0.019,0,0
0.0194,0.00557138,0.00558062
0.0198,0,0
0.0202,0,0
0.0206,0,0
0.021,0,0
0.0214,0,0
0.0218,0,0
0.0222,0,0
0.0226,0.0060114,0.00602215
0.023,0,0
0.0234,0,0
0.0238,0,0
0.0242,0,0
0.0246,0,0
0.025,0,0
0.0254,0,0
0.0258,0,0
0.0262,0,0
0.0266,0,0
0.027,0,0
0.0274,0,0
0.0278,0,0
0.0282,0,0
0.0286,0,0
0.029,0,0
0.0294,0,0
0.0298,0,0
0.0302,0,0
0.0306,0.00602302,0.00603383
0.031,0.0029806,0.00448241
0.0314,0,0
0.0318,0,0
0.0322,0,0
0.0326,0,0
0.033,0,0
0.0334,0,0
0.0338,0,0
0.0342,0,0
0.0346,0.00655037,0.00656315
0.035,0,0
0.0354,0,0
0.0358,0,0
0.0362,0,0
0.0366,0,0
0.037,0.00640916,0.0064214
0.0374,0,0
0.0378,0,0
0.0382,0,0
0.0386,0,0
0.039,0,0
0.0394,0,0
0.0398,0,0
0.0402,0,0
0.0406,0,0
0.041,0,0
0.0414,0,0
0.0418,0.00568777,0.00569742
0.0422,0.00589703,0.00590739
0.0426,0,0
0.043,0,0
0.0434,0,0
0.0438,0,0
0.0442,0,0
0.0446,0.0057397,0.00574952
0.045,0,0
0.0454,0.00564331,0.0056528
0.0458,0,0
0.0462,0,0
0.0466,0.00574893,0.00575879
0.047,0,0
0.0474,0,0
0.0478,0,0
0.0482,0,0
0.0486,0,0
0.049,0,0
0.0494,0,0
0.0498,0,0
0.0502,0,0
0.0506,0,0
0.051,0,0
0.0514,0,0
0.0518,0,0
0.0522,0,0
0.0526,0,0
0.053,0,0
0.0534,0.00699926,0.00701387
0.0538,0,0
0.0542,0,0
0.0546,0,0
0.055,0,0
0.0554,0,0
0.0558,0,0
0.0562,0,0
0.0566,0,0
0.057,0,0
0.0574,0,0
0.0578,0,0
0.0582,0.00626511,0.00627682
0.0586,0,0
0.059,0,0
0.0594,0,0
0.0598,0,0
0.0602,0.00622362,0.00623517
0.0606,0,0
0.061,0,0
0.0614,0,0
0.0618,0,0
0.0622,0,0
0.0626,0,0
0.063,0,0
0.0634,0,0
0.0638,0,0
0.0642,0,0
0.0646,0,0
0.065,0,0
0.0654,0,0
0.0658,0,0
0.0662,0,0
0.0666,0,0
0.067,0,0
0.0674,0.00618398,0.00619539
0.0678,0,0
0.0682,0,0
0.0686,0,0
0.069,0,0
0.0694,0,0
0.0698,0,0
0.0702,0,0
0.0706,0,0
0.071,0,0
0.0714,0,0
0.0718,0,0
0.0722,0,0
0.0726,0,0
0.073,0,0
0.0734,0,0
0.0738,0,0
0.0742,0,0
0.0746,0,0
0.075,0,0
0.0754,0,0
0.0758,0,0
0.0762,0,0
0.0766,0,0
0.077,0,0
0.0774,0,0
0.0778,0,0
0.0782,0,0
0.0786,0,0
0.079,0,0
0.0794,0,0
0.0798,0.00608787,0.00609894
0.0802,0,0
0.0806,0,0
0.081,0,0
0.0814,0,0
0.0818,0,0
0.0822,0,0
0.0826,0,0
0.083,0,0
0.0834,0,0
0.0838,0.00552194,0.00553104
0.0842,0,0
0.0846,0,0
0.085,0,0
0.0854,0,0
0.0858,0,0
0.0862,0,0
0.0866,0,0
0.087,0,0
0.0874,0,0
0.0878,0,0
0.0882,0,0
0.0886,0,0
0.089,0.00713736,0.00715256
0.0894,0,0
0.0898,0,0
0.0902,0,0
0.0906,0,0
0.091,0,0
0.0914,0,0
0.0918,0,0
0.0922,0,0
0.0926,0,0
0.093,0,0
0.0934,0,0
0.0938,0,0
0.0942,0,0
0.0946,0,0
0.095,0,0
0.0954,0,0
0.0958,0,0
0.0962,0,0
0.0966,0,0
0.097,0,0
0.0974,0,0
0.0978,0,0
0.0982,0,0
0.0986,0,0
0.099,0,0
0.0994,0,0
0.0998,0,0
0.1002,0.00635552,0.00636757
0.1006,0,0
0.101,0,0
0.1014,0,0
0.1018,0,0
0.1022,0,0
0.1026,0,0
0.103,0,0
0.1034,0,0
0.1038,0,0
0.1042,0,0
0.1046,0,0
0.105,0,0
0.1054,0,0
0.1058,0,0
0.1062,0,0
0.1066,0.00699778,0.00701237
0.107,0,0
0.1074,0.0073236,0.00733958
0.1078,0,0
0.1082,0,0
0.1086,0,0
0.109,0,0
0.1094,0.0081952,0.0082152
0.1098,0,0
0.1102,0.00861871,0.00864083
0.1106,0,0
0.111,0,0
0.1114,0,0
0.1118,0,0
0.1122,0,0
0.1126,0,0
0.113,0,0
0.1134,0,0
0.1138,0,0
0.1142,0,0
0.1146,0,0
0.115,0,0
0.1154,0.00993634,0.0099657
0.1158,0,0
0.1162,0,0
0.1166,0.0101748,0.0102056
0.117,0,0
0.1174,0,0
0.1178,0,0
0.1182,0,0
0.1186,0,0
0.119,0,0
0.1194,0,0
0.1198,0.0216993,0.015437
5
-0.1198,0,0
-0.1194,0,0
-0.119,0,0
-0.1186,0.00639312,0.00640554
-0.1182,0,0
-0.1178,0,0
-0.1174,0,0
-0.117,0,0
-0.1166,0,0
-0.1162,0,0
-0.1158,0,0
-0.1154,0,0
-0.115,0.00615875,0.00617025
-0.1146,0,0
-0.1142,0,0
-0.1138,0,0
-0.1134,0,0
-0.113,0,0
-0.1126,0,0
-0.1122,0,0
-0.1118,0,0
-0.1114,0,0
-0.111,0,0
-0.1106,0,0
-0.1102,0,0
-0.1098,0,0
-0.1094,0,0
-0.109,0,0
-0.1086,0,0
-0.1082,0,0
-0.1078,0,0
-0.1074,0,0
-0.107,0,0
-0.1066,0,0
-0.1062,0.00633821,0.00635031
-0.1058,0,0
-0.1054,0.00598863,0.00599943
-0.105,0.00682834,0.00684237
-0.1046,0,0
-0.1042,0,0
-0.1038,0.00642943,0.00644187
-0.1034,0,0
-0.103,0,0
-0.1026,0.00614164,0.00615298
-0.1022,0,0
-0.1018,0,0
-0.1014,0,0
-0.101,0,0
-0.1006,0,0
-0.1002,0,0
-0.0998,0,0
-0.0994,0,0
-0.099,0,0
-0.0986,0,0
-0.0982,0,0
-0.0978,0,0
-0.0974,0,0
-0.097,0,0
-0.0966,0,0
-0.0962,0,0
-0.0958,0,0
-0.0954,0,0
-0.095,0,0
-0.0946,0,0
-0.0942,0.00646631,0.00647881
-0.0938,0,0
-0.0934,0,0
-0.093,0,0
-0.0926,0,0
-0.0922,0,0
-0.0918,0,0
-0.0914,0,0
-0.091,0,0
-0.0906,0,0
-0.0902,0,0
-0.0898,0,0
-0.0894,0,0
-0.089,0.00637858,0.0063907
-0.0886,0,0
-0.0882,0.00324966,0.0046384
-0.0878,0,0
-0.0874,0,0
-0.087,0,0
-0.0866,0,0
-0.0862,0,0
-0.0858,0.00636549,0.00637754
-0.0854,0,0
-0.085,0,0
-0.0846,0,0
-0.0842,0,0
-0.0838,0,0
-0.0834,0,0
-0.083,0,0
-0.0826,0,0
-0.0822,0,0
-0.0818,0,0
-0.0814,0,0
-0.081,0,0
-0.0806,0,0
-0.0802,0,0
-0.0798,0,0
-0.0794,0,0
-0.079,0,0
-0.0786,0,0
-0.0782,0,0
-0.0778,0,0
-0.0774,0,0
-0.077,0,0
-0.0766,0,0
-0.0762,0,0
-0.0758,0,0
-0.0754,0,0
-0.075,0,0
-0.0746,0,0
-0.0742,0,0
-0.0738,0.00637036,0.00638235
-0.0734,0,0
-0.073,0,0
-0.0726,0,0
-0.0722,0,0
-0.0718,0,0
-0.0714,0,0
-0.071,0,0
-0.0706,0,0
-0.0702,0.00693098,0.00694514
-0.0698,0,0
-0.0694,0,0
-0.069,0,0
-0.0686,0,0
-0.0682,0,0
-0.0678,0.00624447,0.00625595
-0.0674,0.00618334,0.0061946
-0.067,0,0
-0.0666,0,0
-0.0662,0,0
-0.0658,0,0
-0.0654,0,0
-0.065,0,0
-0.0646,0,0
-0.0642,0.00623542,0.00624685
-0.0638,0,0
-0.0634,0,0
-0.063,0,0
-0.0626,0,0
-0.0622,0,0
-0.0618,0.00663033,0.00664323
-0.0614,0,0
-0.061,0,0
-0.0606,0,0
-0.0602,0,0
-0.0598,0,0
-0.0594,0,0
-0.059,0,0
-0.0586,0,0
-0.0582,0.00593724,0.00594758
-0.0578,0,0
-0.0574,0,0
-0.057,0,0
-0.0566,0,0
-0.0562,0,0
-0.0558,0,0
-0.0554,0,0
-0.055,0,0
-0.0546,0,0
-0.0542,0,0
-0.0538,0,0
-0.0534,0,0
-0.053,0,0
-0.0526,0,0
-0.0522,0,0
-0.0518,0,0
-0.0514,0,0
-0.051,0,0
-0.0506,0,0
-0.0502,0,0
-0.0498,0,0
-0.0494,0.00623839,0.00624975
-0.049,0,0
-0.0486,0,0
-0.0482,0,0
-0.0478,0,0
-0.0474,0.00645483,0.00646699
-0.047,0,0
-0.0466,0.00127444,0.00283278
-0.0462,0,0
-0.0458,0,0
-0.0454,0,0
-0.045,0,0
-0.0446,0,0
-0.0442,0.0126304,0.0089475
-0.0438,0.00630937,0.00632097
-0.0434,0,0
-0.043,0,0
-0.0426,0,0
-0.0422,0,0
-0.0418,0,0
-0.0414,0,0
-0.041,0,0
-0.0406,0.00577522,0.00578493
-0.0402,0,0
-0.0398,0,0
-0.0394,0.00768403,0.00708509
-0.039,0,0
-0.0386,0,0
-0.0382,0,0
-0.0378,0,0
-0.0374,0.00615375,0.00616476
-0.037,0,0
-0.0366,0,0
-0.0362,0.00608458,0.00609535
-0.0358,0,0
-0.0354,0,0
-0.035,0,0
-0.0346,0,0
-0.0342,0,0
-0.0338,0,0
-0.0334,0.00582955,0.00583943
-0.033,0,0
-0.0326,0,0
-0.0322,0,0
-0.0318,0,0
-0.0314,0,0
-0.031,0,0
-0.0306,0,0
-0.0302,0,0
-0.0298,0,0
-0.0294,0,0
-0.029,0,0
-0.0286,0,0
-0.0282,0,0
-0.0278,0,0
-0.0274,0,0
-0.027,0,0
-0.0266,0,0
-0.0262,0,0
-0.0258,0,0
-0.0254,0,0
-0.025,0,0
-0.0246,0,0
-0.0242,0,0
-0.0238,0,0
-0.0234,0,0
-0.023,0,0
-0.0226,0,0
-0.0222,0,0
-0.0218,0,0
-0.0214,0,0
-0.021,0,0
-0.0206,0,0
-0.0202,0,0
-0.0198,0,0
-0.0194,0,0
-0.019,0.00679238,0.00680574
-0.0186,0,0
-0.0182,0,0
-0.0178,0,0
-0.0174,0,0
-0.017,0,0
-0.0166,0,0
-0.0162,0,0
-0.0158,0,0
-0.0154,0.00595649,0.00596675
-0.015,0,0
-0.0146,0,0
-0.0142,0,0
-0.0138,0.00675244,0.00676563
-0.0134,0,0
-0.013,0,0
-0.0126,0,0
-0.0122,0,0
-0.0118,0.00611883,0.00612966
-0.0114,0,0
-0.011,0,0
-0.0106,0,0
-0.0102,0,0
-0.0098,0.0128836,0.00912706
-0.0094,0,0
-0.009,0.00620526,0.00621638
-0.0086,0,0
-0.0082,0,0
-0.0078,0,0
-0.0074,0.00630528,0.00631676
-0.007,0,0
-0.0066,0.00662445,0.00663712
-0.0062,0,0
-0.0058,0,0
-0.0054,0.00672978,0.00674285
-0.005,0.00663597,0.00664868
-0.0046,0.0277012,0.013468
-0.0042,0.0256045,0.0128084
-0.0038,0.0123546,0.00875163
-0.0034,0.0441363,0.0167171
-0.003,0.0804436,0.0232549
-0.0026,0.0990873,0.0256835
-0.0022,0.193208,0.0336884
-0.0018,0.363383,0.0476719
-0.0014,0.76266,0.0694468
-0.001,0.905496,0.076293
-0.0006,1.40392,0.0961974
-0.0002,1.21763,0.0888357
0.0002,1.20779,0.0875106
0.0006,0.856609,0.0734475
0.001,0.559462,0.0620048
0.0014,0.337275,0.0463701
0.0018,0.21119,0.0360453
0.0022,0.105849,0.0263711
0.0026,0.0614022,0.0205107
0.003,0.0457695,0.0173363
0.0034,0.00959608,0.00787416
0.0038,0.0204604,0.0118362
0.0042,0.047267,0.0179012
0.0046,0.00550677,0.00602909
0.005,0.00650093,0.00651312
0.0054,0.00623238,0.00624358
0.0058,0.00623223,0.00624344
0.0062,0.00638473,0.0063965
0.0066,0.00655132,0.0065637
0.007,0.00615098,0.00616189
0.0074,0,0
0.0078,0,0
0.0082,0,0
0.0086,0,0
0.009,0,0
0.0094,0,0
0.0098,0.00620645,0.00621757
0.0102,0.00626641,0.00627774
0.0106,0,0
0.011,0,0
0.0114,0.0131927,0.00934641
0.0118,0.0181646,0.0105147
0.0122,0,0
0.0126,0,0
0.013,0,0
0.0134,0.0180021,0.0104116
0.0138,0,0
0.0142,0,0
0.0146,0.00600786,0.00601827
0.015,0,0
0.0154,0,0
0.0158,0,0
0.0162,0,0
0.0166,0,0
0.017,0,0
0.0174,0,0
0.0178,0,0
0.0182,0,0
0.0186,0,0
0.019,0,0
0.0194,0,0
0.0198,0,0
0.0202,0,0
0.0206,0,0
0.021,0.0063217,0.00633323
0.0214,0,0
0.0218,0,0
0.0222,0,0
0.0226,0,0
0.023,0,0
0.0234,0,0
0.0238,0,0
0.0242,0,0
0.0246,0,0
0.025,0,0
0.0254,0,0
0.0258,0,0
0.0262,0.0182024,0.0105276
0.0266,0,0
0.027,0,0
0.0274,0,0
0.0278,0,0
0.0282,0,0
0.0286,0,0
0.029,0,0
0.0294,0,0
0.0298,0.00612811,0.00613894
0.0302,0,0
0.0306,0,0
0.031,0.00385461,0.00517946
0.0314,0,0
0.0318,0,0
0.0322,0,0
0.0326,0,0
0.033,0,0
0.0334,0.00641341,0.00642527
0.0338,0,0
0.0342,0,0
0.0346,0,0
0.035,0,0
0.0354,0,0
0.0358,0,0
0.0362,0.00633128,0.00634284
0.0366,0,0
0.037,0,0
0.0374,0,0
0.0378,0,0
0.0382,0,0
0.0386,0,0
0.039,0,0
0.0394,0,0
0.0398,0.00587857,0.00588853
0.0402,0,0
0.0406,0,0
0.041,0,0
0.0414,0,0
0.0418,0.00588378,0.00589375
0.0422,0,0
0.0426,0,0
0.043,0,0
0.0434,0,0
0.0438,0,0
0.0442,0,0
0.0446,0,0
0.045,0,0
0.0454,0,0
0.0458,0.00623151,0.00624269
0.0462,0,0
0.0466,0,0
0.047,0,0
0.0474,0,0
0.0478,0,0
0.0482,0,0
0.0486,0,0
0.049,0,0
0.0494,0,0
0.0498,0,0
0.0502,0,0
0.0506,0,0
0.051,0.0063576,0.00636923
0.0514,0,0
0.0518,0,0
0.0522,0,0
0.0526,0.00696155,0.00697548
0.053,0.006962,0.00697593
0.0534,0,0
0.0538,0,0
0.0542,0,0
0.0546,0,0
0.055,0,0
0.0554,0,0
0.0558,0,0
0.0562,0,0
0.0566,0,0
0.057,0,0
0.0574,0,0
0.0578,0,0
0.0582,0,0
0.0586,0,0
0.059,0,0
0.0594,0,0
0.0598,0,0
0.0602,0,0
0.0606,0,0
0.061,0,0
0.0614,0,0
0.0618,0.00618095,0.00619191
0.0622,0,0
0.0626,0,0
0.063,0,0
0.0634,0.00610052,0.0061112
0.0638,0,0
0.0642,0,0
0.0646,0,0
0.065,0,0
0.0654,0,0
0.0658,0,0
0.0662,0,0
0.0666,0,0
0.067,0,0
0.0674,0,0
0.0678,0,0
0.0682,0,0
0.0686,0,0
0.069,0.0067081,0.00672099
0.0694,0,0
0.0698,0,0
0.0702,0,0
0.0706,0,0
0.071,0,0
0.0714,0.00647483,0.00648683
0.0718,0,0
0.0722,0,0
0.0726,0,0
0.073,0,0
0.0734,0,0
0.0738,0,0
0.0742,0,0
0.0746,0,0
0.075,0,0
0.0754,0,0
0.0758,0,0
0.0762,0,0
0.0766,0,0
0.077,0.00640932,0.00642106
0.0774,0,0
0.0778,0,0
0.0782,0.0129692,0.00918772
0.0786,0,0
0.079,0,0
0.0794,0,0
0.0798,0,0
0.0802,0,0
0.0806,0,0
0.081,0,0
0.0814,0,0
0.0818,0,0
0.0822,0,0
0.0826,0,0
0.083,0,0
0.0834,0,0
0.0838,0.00637529,0.00638687
0.0842,0,0
0.0846,0,0
0.085,0,0
0.0854,0.00598341,0.00599361
0.0858,0,0
0.0862,0,0
0.0866,0,0
0.087,0,0
0.0874,0,0
0.0878,0,0
0.0882,0,0
0.0886,0,0
0.089,0,0
0.0894,0,0
0.0898,0,0
0.0902,0,0
0.0906,0,0
0.091,0,0
0.0914,0.0125496,0.00889042
0.0918,0,0
0.0922,0,0
0.0926,0.006609,0.00662141
0.093,0,0
0.0934,0,0
0.0938,0,0
0.0942,0,0
0.0946,0,0
0.095,0,0
0.0954,0,0
0.0958,0,0
0.0962,0,0
0.0966,0,0
0.097,0,0
0.0974,0,0
0.0978,0,0
0.0982,0,0
0.0986,0,0
0.099,0,0
0.0994,0,0
0.0998,0.0071694,0.00718396
0.1002,0,0
0.1006,0,0
0.101,0,0
0.1014,0,0
0.1018,0,0
0.1022,0,0
0.1026,0,0
0.103,0,0
0.1034,0,0
0.1038,0,0
0.1042,0,0
0.1046,0,0
0.105,0,0
0.1054,0,0
0.1058,0,0
0.1062,0,0
0.1066,0,0
0.107,0,0
0.1074,0,0
0.1078,0,0
0.1082,0,0
0.1086,0,0
0.109,0,0
0.1094,0,0
0.1098,0,0
0.1102,0,0
0.1106,0,0
0.111,0,0
0.1114,0,0
0.1118,0,0
0.1122,0,0
0.1126,0,0
0.113,0,0
0.1134,0,0
0.1138,0,0
0.1142,0,0
0.1146,0,0
0.115,0,0
0.1154,0,0
0.1158,0,0
0.1162,0,0
0.1166,0,0
0.117,0,0
0.1174,0,0
0.1178,0.0101743,0.0102034
0.1182,0,0
0.1186,0,0
0.119,0,0
0.1194,0,0
0.1198,0,0
6
-0.1198,0,0
-0.1194,0,0
-0.119,0,0
-0.1186,0,0
-0.1182,0,0
-0.1178,0,0
-0.1174,0,0
-0.117,0,0
-0.1166,0,0
-0.1162,0,0
-0.1158,0,0
-0.1154,0,0
-0.115,0,0
-0.1146,0,0
-0.1142,0,0
-0.1138,0,0
-0.1134,0,0
-0.113,0,0
-0.1126,0,0
-0.1122,0,0
-0.1118,0,0
-0.1114,0.00542758,0.00543757
-0.111,0,0
-0.1106,0,0
-0.1102,0.00137576,0.00288943
-0.1098,0,0
-0.1094,0,0
-0.109,0,0
-0.1086,0,0
-0.1082,0,0
-0.1078,0,0
-0.1074,0,0
-0.107,0,0
-0.1066,0,0
-0.1062,0,0
-0.1058,0,0
-0.1054,0,0
-0.105,0,0
-0.1046,0,0
-0.1042,0,0
-0.1038,0,0
-0.1034,0,0
-0.103,0,0
-0.1026,0,0
-0.1022,0,0
-0.1018,0,0
-0.1014,0,0
-0.101,0,0
-0.1006,0,0
-0.1002,0.00533724,0.00534682
-0.0998,0,0
-0.0994,0,0
-0.099,0,0
-0.0986,0,0
-0.0982,0,0
-0.0978,0,0
-0.0974,0,0
-0.097,0,0
-0.0966,0,0
-0.0962,0,0
-0.0958,0,0
-0.0954,0,0
-0.095,0,0
-0.0946,0,0
-0.0942,0,0
-0.0938,0.0062663,0.00627942
-0.0934,0,0
-0.093,0.00563054,0.00564114
-0.0926,0,0
-0.0922,0,0
-0.0918,0,0
-0.0914,0,0
-0.091,0,0
-0.0906,0,0
-0.0902,0,0
-0.0898,0.00592912,0.00594083
-0.0894,0,0
-0.089,0.00569737,0.00570819
-0.0886,0,0
-0.0882,0,0
-0.0878,0,0
-0.0874,0,0
-0.087,0,0
-0.0866,0,0
-0.0862,0,0
-0.0858,0,0
-0.0854,0,0
-0.085,0,0
-0.0846,0,0
-0.0842,0,0
-0.0838,0,0
-0.0834,0,0
-0.083,0,0
-0.0826,0,0
-0.0822,0,0
-0.0818,0,0
-0.0814,0,0
-0.081,0,0
-0.0806,0,0
-0.0802,0,0
-0.0798,0,0
-0.0794,0,0
-0.079,0.00574171,0.00575281
-0.0786,0,0
-0.0782,0,0
-0.0778,0,0
-0.0774,0.0056246,0.00563527
-0.077,0,0
-0.0766,0,0
-0.0762,0,0
-0.0758,0,0
-0.0754,0,0
-0.075,0,0
-0.0746,0,0
-0.0742,0,0
-0.0738,0,0
-0.0734,0,0
-0.073,0.00622145,0.00623456
-0.0726,0,0
-0.0722,0.00552321,0.00553355
-0.0718,0,0
-0.0714,0,0
-0.071,0,0
-0.0706,0,0
-0.0702,0,0
-0.0698,0,0
-0.0694,0,0
-0.069,0,0
-0.0686,0,0
-0.0682,0,0
-0.0678,0,0
-0.0674,0,0
-0.067,0,0
-0.0666,0.00559039,0.00560103
-0.0662,0.00559327,0.00560393
-0.0658,0,0
-0.0654,0.00574459,0.00575584
-0.065,0,0
-0.0646,0,0
-0.0642,0,0
-0.0638,0,0
-0.0634,0,0
-0.063,0,0
-0.0626,0,0
-0.0622,0,0
-0.0618,0,0
-0.0614,0,0
-0.061,0,0
-0.0606,0.00543871,0.00544884
-0.0602,0,0
-0.0598,0.00548954,0.00549987
-0.0594,0,0
-0.059,0,0
-0.0586,0,0
-0.0582,0,0
-0.0578,0,0
-0.0574,0,0
-0.057,0,0
-0.0566,0,0
-0.0562,0,0
-0.0558,0,0
-0.0554,0,0
-0.055,0,0
-0.0546,0,0
-0.0542,0,0
-0.0538,0,0
-0.0534,0,0
-0.053,0,0
-0.0526,0,0
-0.0522,0,0
-0.0518,0,0
-0.0514,0,0
-0.051,0,0
-0.0506,0,0
-0.0502,0,0
-0.0498,0,0
-0.0494,0,0
-0.049,0,0
-0.0486,0,0
-0.0482,0,0
-0.0478,0,0
-0.0474,0,0
-0.047,0,0
-0.0466,0.00421319,0.0047284
-0.0462,0,0
-0.0458,0,0
-0.0454,0,0
-0.045,0,0
-0.0446,0.00506146,0.00507034
-0.0442,0,0
-0.0438,0,0
-0.0434,0,0
-0.043,0,0
-0.0426,0,0
-0.0422,0,0
-0.0418,0,0
-0.0414,0.00504114,0.00504996
-0.041,0,0
-0.0406,0,0
-0.0402,0,0
-0.0398,0,0
-0.0394,0.00446149,0.00493826
-0.039,0,0
-0.0386,0,0
-0.0382,0,0
-0.0378,0,0
-0.0374,0,0
-0.037,0,0
-0.0366,0,0
-0.0362,0.00507611,0.00508509
-0.0358,0.0109558,0.00776213
-0.0354,0,0
-0.035,0,0
-0.0346,0,0
-0.0342,0,0
-0.0338,0,0
-0.0334,0,0
-0.033,0,0
-0.0326,0,0
-0.0322,0,0
-0.0318,0,0
-0.0314,0,0
-0.031,0,0
-0.0306,0,0
-0.0302,0.00547637,0.00548686
-0.0298,0,0
-0.0294,0,0
-0.029,0,0
-0.0286,0,0
-0.0282,0.00531989,0.00532979
-0.0278,0,0
-0.0274,0,0
-0.027,0,0
-0.0266,0,0
-0.0262,0,0
-0.0258,0,0
-0.0254,0.0104341,0.00739687
-0.025,0,0
-0.0246,0,0
-0.0242,0.00539653,0.00540674
-0.0238,0,0
-0.0234,0,0
-0.023,0,0
-0.0226,0,0
-0.0222,0.00504482,0.00505376
-0.0218,0,0
-0.0214,0,0
-0.021,0,0
-0.0206,0,0
-0.0202,0,0
-0.0198,0,0
-0.0194,0,0
-0.019,0,0
-0.0186,0,0
-0.0182,0.00547735,0.00548789
-0.0178,0,0
-0.0174,0,0
-0.017,0,0
-0.0166,0,0
-0.0162,0.00524482,0.0052545
-0.0158,0,0
-0.0154,0,0
-0.015,0,0
-0.0146,0,0
-0.0142,0,0
-0.0138,0,0
-0.0134,0,0
-0.013,0,0
-0.0126,0,0
-0.0122,0,0
-0.0118,0,0
-0.0114,0,0
-0.011,0,0
-0.0106,0,0
-0.0102,0,0
-0.0098,0,0
-0.0094,0.00511812,0.00512736
-0.009,0,0
-0.0086,0,0
-0.0082,0,0
-0.0078,0,0
-0.0074,0,0
-0.007,0,0
-0.0066,0,0
-0.0062,0,0
-0.0058,0,0
-0.0054,0,0
-0.005,0.00542411,0.0054345
-0.0046,0.00530215,0.00531207
-0.0042,0.010472,0.00744143
-0.0038,0.0100935,0.00714992
-0.0034,0,0
-0.003,0.0164208,0.00954375
-0.0026,0.0102869,0.00731136
-0.0022,0.0571326,0.0165232
-0.0018,0.102305,0.0229317
-0.0014,0.189573,0.0312332
-0.001,0.308369,0.0402388
-0.0006,0.315903,0.0412103
-0.0002,0.467951,0.0497088
0.0002,0.499503,0.0508223
0.0006,0.388773,0.0446826
0.001,0.386158,0.0466099
0.0014,0.25388,0.0363626
0.0018,0.155073,0.0279033
0.0022,0.0852025,0.0213792
0.0026,0.0842917,0.0218118
0.003,0.0265675,0.011906
0.0034,0.0317586,0.0129937
0.0038,0.0111158,0.00787558
0.0042,0.0164448,0.00951371
0.0046,0.0268383,0.0120253
0.005,0.0105822,0.007508
0.0054,0.0051498,0.00515917
0.0058,0.0101776,0.00720959
0.0062,0.00521416,0.00522376
0.0066,0.0103748,0.00735325
0.007,0.00997986,0.00706927
0.0074,0,0
0.0078,0.00540099,0.00541128
0.0082,0.00453415,0.00454141
0.0086,0,0
0.009,0,0
0.0094,0,0
0.0098,0,0
0.0102,0,0
0.0106,0,0
0.011,0.00539972,0.00541
0.0114,0,0
0.0118,0,0
0.0122,0,0
0.0126,0,0
0.013,0,0
0.0134,0,0
0.0138,0.00503247,0.00504138
0.0142,0,0
0.0146,0.00506343,0.00507244
0.015,0.00534948,0.00535953
0.0154,0,0
0.0158,0,0
0.0162,0,0
0.0166,0,0
0.017,0,0
0.0174,0,0
0.0178,0,0
0.0182,0,0
0.0186,0,0
0.019,0,0
0.0194,0,0
0.0198,0,0
0.0202,0,0
0.0206,0,0
0.021,0,0
0.0214,0,0
0.0218,0,0
0.0222,0,0
0.0226,0,0
0.023,0,0
0.0234,0,0
0.0238,0,0
0.0242,0,0
0.0246,0,0
0.025,0,0
0.0254,0,0
0.0258,0,0
0.0262,0,0
0.0266,0,0
0.027,0,0
0.0274,0,0
0.0278,0,0
0.0282,0,0
0.0286,0,0
0.029,0,0
0.0294,0,0
0.0298,0,0
0.0302,0,0
0.0306,0,0
0.031,0,0
0.0314,0,0
0.0318,0,0
0.0322,0,0
0.0326,0,0
0.033,0,0
0.0334,0,0
0.0338,0,0
0.0342,0,0
0.0346,0,0
0.035,0,0
0.0354,0,0
0.0358,0,0
0.0362,0,0
0.0366,0,0
0.037,0,0
0.0374,0,0
0.0378,0,0
0.0382,0,0
0.0386,0,0
0.039,0,0
0.0394,0,0
0.0398,0,0
0.0402,0,0
0.0406,0,0
0.041,0,0
0.0414,0,0
0.0418,0,0
0.0422,0,0
0.0426,0,0
0.043,0,0
0.0434,0,0
0.0438,0,0
0.0442,0.00510646,0.0051152
0.0446,0,0
0.045,0,0
0.0454,0.00326813,0.00406156
0.0458,0,0
0.0462,0,0
0.0466,0,0
0.047,0,0
0.0474,0,0
0.0478,0,0
0.0482,0,0
0.0486,0,0
0.049,0,0
0.0494,0,0
0.0498,0.00544353,0.00545337
0.0502,0,0
0.0506,0,0
0.051,0,0
0.0514,0,0
0.0518,0,0
0.0522,0,0
0.0526,0,0
0.053,0,0
0.0534,0,0
0.0538,0,0
0.0542,0,0
0.0546,0,0
0.055,0,0
0.0554,0,0
0.0558,0,0
0.0562,0,0
0.0566,0,0
0.057,0,0
0.0574,0,0
0.0578,0,0
0.0582,0,0
0.0586,0,0
0.059,0,0
0.0594,0,0
0.0598,0,0
0.0602,0,0
0.0606,0,0
0.061,0,0
0.0614,0,0
0.0618,0,0
0.0622,0,0
0.0626,0,0
0.063,0,0
0.0634,0,0
0.0638,0,0
0.0642,0,0
0.0646,0.00563919,0.0056495
0.065,0,0
0.0654,0,0
0.0658,0,0
0.0662,0,0
0.0666,0,0
0.067,0,0
0.0674,0.00571245,0.00572299
0.0678,0,0
0.0682,0,0
0.0686,0,0
0.069,0.00620507,0.00621747
0.0694,0,0
0.0698,0,0
0.0702,0,0
0.0706,0,0
0.071,0,0
0.0714,0,0
0.0718,0,0
0.0722,0,0
0.0726,0,0
0.073,0,0
0.0734,0,0
0.0738,0,0
0.0742,0,0
0.0746,0,0
0.075,0,0
0.0754,0,0
0.0758,0,0
0.0762,0,0
0.0766,0,0
0.077,0,0
0.0774,0,0
0.0778,0,0
0.0782,0,0
0.0786,0,0
0.079,0,0
0.0794,0,0
0.0798,0,0
0.0802,0,0
0.0806,0,0
0.081,0,0
0.0814,0,0
0.0818,0,0
0.0822,0,0
0.0826,0,0
0.083,0,0
0.0834,0,0
0.0838,0,0
0.0842,0,0
0.0846,0,0
0.085,0,0
0.0854,0,0
0.0858,0,0
0.0862,0,0
0.0866,0,0
0.087,0,0
0.0874,0,0
0.0878,0,0
0.0882,0,0
0.0886,0,0
0.089,0,0
0.0894,0,0
0.0898,0,0
0.0902,0,0
0.0906,0,0
0.091,0,0
0.0914,0,0
0.0918,0,0
0.0922,0,0
0.0926,0,0
0.093,0,0
0.0934,0,0
0.0938,0,0
0.0942,0,0
0.0946,0,0
0.095,0,0
0.0954,0,0
0.0958,0,0
0.0962,0,0
0.0966,0,0
0.097,0,0
0.0974,0,0
0.0978,0,0
0.0982,0,0
0.0986,0,0
0.099,0,0
0.0994,0,0
0.0998,0,0
0.1002,0,0
0.1006,0,0
0.101,0,0
0.1014,0,0
0.1018,0,0
0.1022,0.00664033,0.00665389
0.1026,0,0
0.103,0,0
0.1034,0.00687058,0.00688509
0.1038,0,0
0.1042,0,0
0.1046,0,0
0.105,0,0
0.1054,0,0
0.1058,0,0
0.1062,0.00813416,0.00787697
0.1066,0,0
0.107,0,0
0.1074,0.00711876,0.00713429
0.1078,0.00731634,0.00733274
0.1082,0,0
0.1086,0,0
0.109,0,0
0.1094,0,0
0.1098,0,0
0.1102,0,0
0.1106,0,0
0.111,0,0
0.1114,0,0
0.1118,0,0
0.1122,0.00854118,0.00856351
0.1126,0,0
0.113,0,0
0.1134,0,0
0.1138,0,0
0.1142,0,0
0.1146,0,0
0.115,0,0
0.1154,0,0
0.1158,0,0
0.1162,0,0
0.1166,0,0
0.117,0,0
0.1174,0,0
0.1178,0,0
0.1182,0,0
0.1186,0,0
0.119,0,0
0.1194,0,0
0.1198,0,0
7
-0.1198,0,0
-0.1194,0,0
-0.119,0,0
-0.1186,0,0
-0.1182,0,0
-0.1178,0,0
-0.1174,0,0
-0.117,0,0
-0.1166,0,0
-0.1162,0,0
-0.1158,0,0
-0.1154,0,0
-0.115,0,0
-0.1146,0,0
-0.1142,0,0
-0.1138,0,0
-0.1134,0,0
-0.113,0,0
-0.1126,0,0
-0.1122,0,0
-0.1118,0,0
-0.1114,0,0
-0.111,0,0
-0.1106,0,0
-0.1102,0.0106147,0.00799063
-0.1098,0,0
-0.1094,0,0
-0.109,0,0
-0.1086,0,0
-0.1082,0,0
-0.1078,0,0
-0.1074,0,0
-0.107,0,0
-0.1066,0,0
-0.1062,0.0054702,0.00548064
-0.1058,0,0
-0.1054,0,0
-0.105,0.00575366,0.00576523
-0.1046,0,0
-0.1042,0,0
-0.1038,0,0
-0.1034,0,0
-0.103,0,0
-0.1026,0,0
-0.1022,0,0
-0.1018,0,0
-0.1014,0,0
-0.101,0,0
-0.1006,0,0
-0.1002,0,0
-0.0998,0,0
-0.0994,0,0
-0.099,0,0
-0.0986,0.00543614,0.00544653
-0.0982,0,0
-0.0978,0,0
-0.0974,0,0
-0.097,0.00524347,0.00525315
-0.0966,0,0
-0.0962,0,0
-0.0958,0,0
-0.0954,0,0
-0.095,0,0
-0.0946,0,0
-0.0942,0,0
-0.0938,0,0
-0.0934,0,0
-0.093,0,0
-0.0926,0,0
-0.0922,0,0
-0.0918,0,0
-0.0914,0,0
-0.091,0,0
-0.0906,0,0
-0.0902,0,0
-0.0898,0,0
-0.0894,0,0
-0.089,0,0
-0.0886,0,0
-0.0882,0,0
-0.0878,0,0
-0.0874,0,0
-0.087,0.00501574,0.00502466
-0.0866,0,0
-0.0862,0,0
-0.0858,0,0
-0.0854,0,0
-0.085,0,0
-0.0846,0,0
-0.0842,0,0
-0.0838,0,0
-0.0834,0,0
-0.083,0.00537329,0.0053835
-0.0826,0,0
-0.0822,0,0
-0.0818,0,0
-0.0814,0,0
-0.081,0,0
-0.0806,0,0
-0.0802,0,0
-0.0798,0,0
-0.0794,0,0
-0.079,0,0
-0.0786,0,0
-0.0782,0,0
-0.0778,0,0
-0.0774,0,0
-0.077,0,0
-0.0766,0,0
-0.0762,0,0
-0.0758,0,0
-0.0754,0,0
-0.075,0,0
-0.0746,0,0
-0.0742,0,0
-0.0738,0,0
-0.0734,0.00562779,0.00563894
-0.073,0,0
-0.0726,0,0
-0.0722,0,0
-0.0718,0,0
-0.0714,0,0
-0.071,0,0
-0.0706,0,0
-0.0702,0,0
-0.0698,0,0
-0.0694,0,0
-0.069,0,0
-0.0686,0,0
-0.0682,0,0
-0.0678,0,0
-0.0674,0,0
-0.067,0,0
-0.0666,0,0
-0.0662,0,0
-0.0658,0,0
-0.0654,0,0
-0.065,0,0
-0.0646,0,0
-0.0642,0,0
-0.0638,0,0
-0.0634,0,0
-0.063,0,0
-0.0626,0,0
-0.0622,0,0
-0.0618,0,0
-0.0614,0,0
-0.061,0,0
-0.0606,0,0
-0.0602,0.00541706,0.00542725
-0.0598,0,0
-0.0594,0,0
-0.059,0,0
-0.0586,0,0
-0.0582,0,0
-0.0578,0,0
-0.0574,0,0
-0.057,0,0
-0.0566,0,0
-0.0562,0,0
-0.0558,0,0
-0.0554,0,0
-0.055,0,0
-0.0546,0,0
-0.0542,0,0
-0.0538,0,0
-0.0534,0,0
-0.053,0,0
-0.0526,0,0
-0.0522,0,0
-0.0518,0,0
-0.0514,0,0
-0.051,0.00513342,0.00514247
-0.0506,0,0
-0.0502,0,0
-0.0498,0,0
-0.0494,0,0
-0.049,0,0
-0.0486,0,0
-0.0482,0,0
-0.0478,0,0
-0.0474,0,0
-0.047,0,0
-0.0466,0,0
-0.0462,0,0
-0.0458,0,0
-0.0454,0,0
-0.045,0,0
-0.0446,0,0
-0.0442,0,0
-0.0438,0,0
-0.0434,0,0
-0.043,0,0
-0.0426,0,0
-0.0422,0,0
-0.0418,0,0
-0.0414,0,0
-0.041,0.00994854,0.00704653
-0.0406,0,0
-0.0402,0.00491612,0.00492428
-0.0398,0,0
-0.0394,0,0
-0.039,0,0
-0.0386,0.00554622,0.00555658
-0.0382,0,0
-0.0378,0,0
-0.0374,0.00532698,0.00533652
-0.037,0,0
-0.0366,0,0
-0.0362,0,0
-0.0358,0,0
-0.0354,0,0
-0.035,0,0
-0.0346,0,0
-0.0342,0,0
-0.0338,0,0
-0.0334,0.00557852,0.00558891
-0.033,0,0
-0.0326,0,0
-0.0322,0,0
-0.0318,0,0
-0.0314,0.00632228,0.00633556
-0.031,0,0
-0.0306,0,0
-0.0302,0,0
-0.0298,0,0
-0.0294,0,0
-0.029,0.006731,0.00601536
-0.0286,0,0
-0.0282,0,0
-0.0278,0.0054439,0.00545368
-0.0274,0,0
-0.027,0,0
-0.0266,0.00575261,0.00576351
-0.0262,0,0
-0.0258,0,0
-0.0254,0,0
-0.025,0,0
-0.0246,0,0
-0.0242,0.00579512,0.00580613
-0.0238,0,0
-0.0234,0,0
-0.023,0,0
-0.0226,0.00564973,0.00566017
-0.0222,0,0
-0.0218,0,0
-0.0214,0,0
-0.021,0.00620841,0.00622097
-0.0206,0,0
-0.0202,0,0
-0.0198,0,0
-0.0194,0,0
-0.019,0,0
-0.0186,0,0
-0.0182,0,0
-0.0178,0,0
-0.0174,0.00561119,0.00562137
-0.017,0,0
-0.0166,0,0
-0.0162,0,0
-0.0158,0.00581561,0.0058265
-0.0154,0.00535244,0.00536166
-0.015,0,0
-0.0146,0,0
-0.0142,0,0
-0.0138,0,0
-0.0134,0,0
-0.013,0,0
-0.0126,0.00552817,0.00553795
-0.0122,0,0
-0.0118,0.00553229,0.00554208
-0.0114,0,0
-0.011,0,0
-0.0106,0,0
-0.0102,0,0
-0.0098,0,0
-0.0094,0.00522112,0.0052298
-0.009,0,0
-0.0086,0,0
-0.0082,0.00663277,0.00619075
-0.0078,0,0
-0.0074,0,0
-0.007,0.00592521,0.00593634
-0.0066,0.00603624,0.00604778
-0.0062,0,0
-0.0058,0,0
-0.0054,0,0
-0.005,0,0
-0.0046,0,0
-0.0042,0.0117896,0.00835204
-0.0038,0.0282723,0.0126664
-0.0034,0.0172365,0.00997205
-0.003,0.0505738,0.0179164
-0.0026,0.0507801,0.0178376
-0.0022,0.097955,0.0230729
-0.0018,0.178949,0.0321845
-0.0014,0.308225,0.0423241
-0.001,0.464681,0.0523568
-0.0006,0.679534,0.0641521
-0.0002,0.652593,0.0623753
0.0002,0.699241,0.0638611
0.0006,0.666034,0.0621383
0.001,0.649368,0.0639941
0.0014,0.377158,0.0470797
0.0018,0.281004,0.0399273
0.0022,0.261522,0.0397219
0.0026,0.142798,0.0301448
0.003,0.0723695,0.0209357
0.0034,0.0237228,0.0118834
0.0038,0.00761623,0.00695564
0.0042,0.00609821,0.0061098
0.0046,0.0182801,0.0105741
0.005,0.00153573,0.00304704
0.0054,0.023567,0.0118062
0.0058,0.0117016,0.00828998
0.0062,0.0219309,0.0115021
0.0066,0.0235832,0.0118192
0.007,0.00567302,0.00568302
0.0074,0,0
0.0078,0,0
0.0082,0,0
0.0086,0,0
0.009,0.0174376,0.0100873
0.0094,0,0
0.0098,0,0
0.0102,0,0
0.0106,0.00583825,0.0058488
0.011,0.00629009,0.00630234
0.0114,0.00588054,0.00589125
0.0118,0,0
0.0122,0.00531795,0.0053267
0.0126,0,0
0.013,0,0
0.0134,0,0
0.0138,0,0
0.0142,0.00625544,0.00626753
0.0146,0.00575686,0.00576711
0.015,0,0
0.0154,0,0
0.0158,0,0
0.0162,0,0
0.0166,0,0
0.017,0,0
0.0174,0.00565665,0.00566654
0.0178,0,0
0.0182,0,0
0.0186,0,0
0.019,0,0
0.0194,0,0
0.0198,0,0
0.0202,0,0
0.0206,0,0
0.021,0,0
0.0214,0,0
0.0218,0,0
0.0222,0,0
0.0226,0,0
0.023,0,0
0.0234,0,0
0.0238,0,0
0.0242,0,0
0.0246,0,0
0.025,0,0
0.0254,0,0
0.0258,0,0
0.0262,0,0
0.0266,0,0
0.027,0,0
0.0274,0,0
0.0278,0,0
0.0282,0,0
0.0286,0,0
0.029,0,0
0.0294,0,0
0.0298,0,0
0.0302,0,0
0.0306,0.00548407,0.00549346
0.031,0.00585125,0.00586194
0.0314,0.00639888,0.00641167
0.0318,0,0
0.0322,0,0
0.0326,0,0
0.033,0,0
0.0334,0,0
0.0338,0,0
0.0342,0.00246877,0.00392908
0.0346,0,0
0.035,0.00538468,0.00539377
0.0354,0.0123599,0.00875672
0.0358,0,0
0.0362,0,0
0.0366,0,0
0.037,0,0
0.0374,0,0
0.0378,0,0
0.0382,0,0
0.0386,0,0
0.039,0,0
0.0394,0,0
0.0398,0,0
0.0402,0,0
0.0406,0,0
0.041,0,0
0.0414,0,0
0.0418,0,0
0.0422,0,0
0.0426,0,0
0.043,0,0
0.0434,0.0117716,0.0083393
0.0438,0,0
0.0442,0,0
0.0446,0,0
0.045,0,0
0.0454,0.00186024,0.00314804
0.0458,0,0
0.0462,0,0
0.0466,0,0
0.047,0,0
0.0474,0,0
0.0478,0,0
0.0482,0.00494179,0.00494956
0.0486,0,0
0.049,0,0
0.0494,0,0
0.0498,0,0
0.0502,0,0
0.0506,0,0
0.051,0,0
0.0514,0,0
0.0518,0,0
0.0522,0,0
0.0526,0,0
0.053,0.00653138,0.00654502
0.0534,0,0
0.0538,0,0
0.0542,0.00563584,0.00564601
0.0546,0,0
0.055,0,0
0.0554,0,0
0.0558,0,0
0.0562,0,0
0.0566,0,0
0.057,0,0
0.0574,0,0
0.0578,0,0
0.0582,0,0
0.0586,0,0
0.059,0.00505817,0.00506641
0.0594,0,0
0.0598,0,0
0.0602,0,0
0.0606,0,0
0.061,0,0
0.0614,0,0
0.0618,0,0
0.0622,0,0
0.0626,0,0
0.063,0,0
0.0634,0,0
0.0638,0,0
0.0642,0,0
0.0646,0.00563872,0.00564904
0.065,0,0
0.0654,0,0
0.0658,0,0
0.0662,0,0
0.0666,0,0
0.067,0,0
0.0674,0,0
0.0678,0,0
0.0682,0,0
0.0686,0,0
0.069,0,0
0.0694,0,0
0.0698,0,0
0.0702,0,0
0.0706,0,0
0.071,0,0
0.0714,0,0
0.0718,0,0
0.0722,0,0
0.0726,0,0
0.073,0,0
0.0734,0,0
0.0738,0,0
0.0742,0,0
0.0746,0,0
0.075,0,0
0.0754,0,0
0.0758,0,0
0.0762,0,0
0.0766,0,0
0.077,0.00556393,0.00557412
0.0774,0,0
0.0778,0,0
0.0782,0,0
0.0786,0,0
0.079,0,0
0.0794,0,0
0.0798,0,0
0.0802,0,0
0.0806,0,0
0.081,0,0
0.0814,0,0
0.0818,0,0
0.0822,0,0
0.0826,0.00555622,0.00556642
0.083,0.00533881,0.00534823
0.0834,0,0
0.0838,0,0
0.0842,0,0
0.0846,0,0
0.085,0,0
0.0854,0,0
0.0858,0,0
0.0862,0,0
0.0866,0,0
0.087,0,0
0.0874,0,0
0.0878,0,0
0.0882,0,0
0.0886,0,0
0.089,0,0
0.0894,0,0
0.0898,0,0
0.0902,0.00549208,0.00550208
0.0906,0.0054094,0.00541911
0.091,0,0
0.0914,0,0
0.0918,0,0
0.0922,0,0
0.0926,0,0
0.093,0,0
0.0934,0,0
0.0938,0,0
0.0942,0,0
0.0946,0,0
0.095,0,0
0.0954,0,0
0.0958,0,0
0.0962,0,0
0.0966,0,0
0.097,0,0
0.0974,0,0
0.0978,0,0
0.0982,0,0
0.0986,0,0
0.099,0,0
0.0994,0,0
0.0998,0,0
0.1002,0,0
0.1006,0,0
0.101,0,0
0.1014,0,0
0.1018,0,0
0.1022,0,0
0.1026,0,0
0.103,0,0
0.1034,0,0
0.1038,0,0
0.1042,0,0
0.1046,0,0
0.105,0,0
0.1054,0,0
0.1058,0,0
0.1062,0.00651939,0.00678092
0.1066,0,0
0.107,0,0
0.1074,0.00658277,0.00659714
0.1078,0,0
0.1082,0,0
0.1086,0.00642315,0.00643681
0.109,0.0107044,0.00890552
0.1094,0,0
0.1098,0,0
0.1102,0,0
0.1106,0,0
0.111,0.0083948,0.00841807
0.1114,0,0
0.1118,0,0
0.1122,0,0
0.1126,0,0
0.113,0,0
0.1134,0,0
0.1138,0,0
0.1142,0,0
0.1146,0,0
0.115,0.00939843,0.00942742
0.1154,0,0
0.1158,0.00819434,0.00821635
0.1162,0,0
0.1166,0,0
0.117,0.00961538,0.00964562
0.1174,0,0
0.1178,0,0
0.1182,0,0
0.1186,0.00908046,0.00910736
0.119,0,0
0.1194,0,0
0.1198,0,0
8
-0.1198,0,0
-0.1194,0,0
-0.119,0,0
-0.1186,0,0
-0.1182,0,0
-0.1178,0,0
-0.1174,0,0
-0.117,0,0
-0.1166,0,0
-0.1162,0,0
-0.1158,0,0
-0.1154,0,0
-0.115,0,0
-0.1146,0,0
-0.1142,0,0
-0.1138,0,0
-0.1134,0,0
-0.113,0,0
-0.1126,0.00405986,0.00406767
-0.1122,0,0
-0.1118,0,0
-0.1114,0.00389344,0.00390061
-0.111,0,0
-0.1106,0.00421961,0.00422803
-0.1102,0,0
-0.1098,0,0
-0.1094,0,0
-0.109,0,0
-0.1086,0,0
-0.1082,0,0
-0.1078,0,0
-0.1074,0,0
-0.107,0,0
-0.1066,0.00411999,0.00412797
-0.1062,0,0
-0.1058,0,0
-0.1054,0,0
-0.105,0,0
-0.1046,0.00379083,0.00379757
-0.1042,0,0
-0.1038,0,0
-0.1034,0,0
-0.103,0,0
-0.1026,0,0
-0.1022,0,0
-0.1018,0,0
-0.1014,0,0
-0.101,0,0
-0.1006,0,0
-0.1002,0,0
-0.0998,0,0
-0.0994,0,0
-0.099,0,0
-0.0986,0,0
-0.0982,0,0
-0.0978,0,0
-0.0974,0,0
-0.097,0,0
-0.0966,0,0
-0.0962,0,0
-0.0958,0,0
-0.0954,0,0
-0.095,0,0
-0.0946,0,0
-0.0942,0,0
-0.0938,0.00454005,0.00454956
-0.0934,0,0
-0.093,0,0
-0.0926,0,0
-0.0922,0,0
-0.0918,0,0
-0.0914,0,0
-0.091,0.00407023,0.00407785
-0.0906,0,0
-0.0902,0,0
-0.0898,0,0
-0.0894,0,0
-0.089,0,0
-0.0886,0,0
-0.0882,0,0
-0.0878,0.00400601,0.00401336
-0.0874,0,0
-0.087,0,0
-0.0866,0,0
-0.0862,0,0
-0.0858,0,0
-0.0854,0,0
-0.085,0,0
-0.0846,0.0043262,0.00433474
-0.0842,0,0
-0.0838,0,0
-0.0834,0,0
-0.083,0,0
-0.0826,0,0
-0.0822,0,0
-0.0818,0,0
-0.0814,0,0
-0.081,0,0
-0.0806,0,0
-0.0802,0,0
-0.0798,0,0
-0.0794,0,0
-0.079,0,0
-0.0786,0,0
-0.0782,0,0
-0.0778,0,0
-0.0774,0,0
-0.077,0,0
-0.0766,0,0
-0.0762,0,0
-0.0758,0,0
-0.0754,0,0
-0.075,0,0
-0.0746,0,0
-0.0742,0,0
-0.0738,0,0
-0.0734,0,0
-0.073,0,0
-0.0726,0,0
-0.0722,0,0
-0.0718,0,0
-0.0714,0,0
-0.071,0,0
-0.0706,0,0
-0.0702,0,0
-0.0698,0,0
-0.0694,0,0
-0.069,0,0
-0.0686,0,0
-0.0682,0,0
-0.0678,0,0
-0.0674,0,0
-0.067,0,0
-0.0666,0,0
-0.0662,0,0
-0.0658,0,0
-0.0654,0,0
-0.065,0,0
-0.0646,0,0
-0.0642,0.00408327,0.00409075
-0.0638,0,0
-0.0634,0.00412503,0.00413266
-0.063,0,0
-0.0626,0,0
-0.0622,0,0
-0.0618,0,0
-0.0614,0,0
-0.061,0,0
-0.0606,0,0
-0.0602,0,0
-0.0598,0.00165815,0.00266165
-0.0594,0,0
-0.059,0,0
-0.0586,0,0
-0.0582,0,0
-0.0578,0,0
-0.0574,0,0
-0.057,0,0
-0.0566,0,0
-0.0562,0,0
-0.0558,0,0
-0.0554,0,0
-0.055,0,0
-0.0546,0,0
-0.0542,0,0
-0.0538,0,0
-0.0534,0,0
-0.053,0,0
-0.0526,0,0
-0.0522,0,0
-0.0518,0,0
-0.0514,0,0
-0.051,0,0
-0.0506,0,0
-0.0502,0,0
-0.0498,0.00422224,0.00423022
-0.0494,0,0
-0.049,0.00421918,0.00422714
-0.0486,0,0
-0.0482,0,0
-0.0478,0,0
-0.0474,0.00303984,0.00358313
-0.047,0,0
-0.0466,0,0
-0.0462,0,0
-0.0458,0,0
-0.0454,0,0
-0.045,0,0
-0.0446,0,0
-0.0442,0,0
-0.0438,0,0
-0.0434,0,0
-0.043,0,0
-0.0426,0,0
-0.0422,0,0
-0.0418,0,0
-0.0414,0.0010466,0.00202809
-0.041,0,0
-0.0406,0,0
-0.0402,0,0
-0.0398,0,0
-0.0394,0,0
-0.039,0,0
-0.0386,0.00417863,0.00418643
-0.0382,0,0
-0.0378,0,0
-0.0374,0.00400668,0.00401385
-0.037,0,0
-0.0366,0,0
-0.0362,0,0
-0.0358,0,0
-0.0354,0,0
-0.035,0,0
-0.0346,0,0
-0.0342,0.0037423,0.00374855
-0.0338,0,0
-0.0334,0,0
-0.033,0,0
-0.0326,0,0
-0.0322,0,0
-0.0318,0,0
-0.0314,0,0
-0.031,0.00436086,0.00436934
-0.0306,0,0
-0.0302,0,0
-0.0298,0,0
-0.0294,0.003923,0.00392986
-0.029,0.00295682,0.00343529
-0.0286,0,0
-0.0282,0,0
-0.0278,0.00403365,0.0040409
-0.0274,0,0
-0.027,0,0
-0.0266,0,0
-0.0262,0,0
-0.0258,0,0
-0.0254,0.00395017,0.00395712
-0.025,0,0
-0.0246,0,0
-0.0242,0,0
-0.0238,0,0
-0.0234,0,0
-0.023,0,0
-0.0226,0.00414898,0.00415664
-0.0222,0.00397971,0.00398676
-0.0218,0,0
-0.0214,0,0
-0.021,0,0
-0.0206,0,0
-0.0202,0.00432951,0.00433784
-0.0198,0,0
-0.0194,0,0
-0.019,0,0
-0.0186,0,0
-0.0182,0,0
-0.0178,0.00437667,0.00438518
-0.0174,0,0
-0.017,0,0
-0.0166,0,0
-0.0162,0,0
-0.0158,0,0
-0.0154,0,0
-0.015,0,0
-0.0146,0,0
-0.0142,0.00442067,0.00442934
-0.0138,0.0044008,0.00440939
-0.0134,0,0
-0.013,0,0
-0.0126,0,0
-0.0122,0,0
-0.0118,0,0
-0.0114,0,0
-0.011,0,0
-0.0106,0.0039134,0.00392018
-0.0102,0,0
-0.0098,0,0
-0.0094,0,0
-0.009,0.0040526,0.00405986
-0.0086,0,0
-0.0082,0.00348209,0.00378843
-0.0078,0.0041204,0.0041279
-0.0074,0.00412155,0.00412905
-0.007,0.0131038,0.00758136
-0.0066,0.00433231,0.00434059
-0.0062,0,0
-0.0058,0.0110138,0.00671223
-0.0054,0.00416373,0.00417137
-0.005,0.00874845,0.00619818
-0.0046,0.0171833,0.00860849
-0.0042,0.0243643,0.010126
-0.0038,0.0161943,0.00811165
-0.0034,0.0460708,0.0139197
-0.003,0.0890418,0.0199574
-0.0026,0.118297,0.0230466
-0.0022,0.158692,0.024732
-0.0018,0.255675,0.0324379
-0.0014,0.468515,0.0440358
-0.001,0.605303,0.0504883
-0.0006,0.716531,0.0556323
-0.0002,0.773072,0.0572943
0.0002,0.662557,0.0524818
0.0006,0.572376,0.0486349
0.001,0.513474,0.0480448
0.0014,0.343531,0.0378887
0.0018,0.241773,0.0312613
0.0022,0.145446,0.0249082
0.0026,0.153135,0.026398
0.003,0.0757211,0.0182288
0.0034,0.0725421,0.0176329
0.0038,0.0440542,0.0141032
0.0042,0.0192625,0.00919635
0.0046,0.0129844,0.0075108
0.005,0.00753821,0.00570757
0.0054,0.0114176,0.00688558
0.0058,0.0216343,0.00948253
0.0062,0.0268034,0.0106566
0.0066,0.0169931,0.00851549
0.007,0.0125514,0.007119
0.0074,0,0
0.0078,0.00871144,0.00617167
0.0082,0.00461577,0.00462509
0.0086,0.00356647,0.00361748
0.009,0.00417016,0.00417776
0.0094,0,0
0.0098,0,0
0.0102,0,0
0.0106,0,0
0.011,0,0
0.0114,0.00416577,0.00417335
0.0118,0.00411595,0.00412335
0.0122,0,0
0.0126,0,0
0.013,0.00442919,0.00443775
0.0134,0,0
0.0138,0,0
0.0142,0.00443253,0.00444109
0.0146,0.00408,0.00408726
0.015,0.003975,0.00398189
0.0154,0,0
0.0158,0,0
0.0162,0,0
0.0166,0,0
0.017,0,0
0.0174,0,0
0.0178,0,0
0.0182,0,0
0.0186,0,0
0.019,0,0
0.0194,0,0
0.0198,0,0
0.0202,0,0
0.0206,0,0
0.021,0.00411151,0.00411886
0.0214,0,0
0.0218,0,0
0.0222,0,0
0.0226,0,0
0.023,0,0
0.0234,0.0085527,0.00605891
0.0238,0,0
0.0242,0,0
0.0246,0,0
0.025,0,0
0.0254,0,0
0.0258,0.00450405,0.00451285
0.0262,0,0
0.0266,0,0
0.027,0,0
0.0274,0,0
0.0278,0,0
0.0282,0.00424034,0.00424813
0.0286,0,0
0.029,0,0
0.0294,0,0
0.0298,0,0
0.0302,0,0
0.0306,0.00395714,0.00396391
0.031,0,0
0.0314,0,0
0.0318,0.00428235,0.00429027
0.0322,0.00477723,0.00478709
0.0326,0.00431613,0.00432418
0.033,0,0
0.0334,0,0
0.0338,0,0
0.0342,0.00272686,0.00351653
0.0346,0.00453165,0.00454052
0.035,0,0
0.0354,0,0
0.0358,0,0
0.0362,0,0
0.0366,0.00805535,0.00570589
0.037,0,0
0.0374,0,0
0.0378,0,0
0.0382,0,0
0.0386,0,0
0.039,0,0
0.0394,0,0
0.0398,0,0
0.0402,0,0
0.0406,0,0
0.041,0.00451492,0.00452369
0.0414,0,0
0.0418,0,0
0.0422,0.00802491,0.0056852
0.0426,0,0
0.043,0,0
0.0434,0,0
0.0438,0,0
0.0442,0.00388473,0.00389122
0.0446,0.00431789,0.0043259
0.045,0.00399128,0.00399812
0.0454,0,0
0.0458,0,0
0.0462,0,0
0.0466,0,0
0.047,0,0
0.0474,0,0
0.0478,0,0
0.0482,0,0
0.0486,0,0
0.049,0,0
0.0494,0.00402627,0.00403321
0.0498,0,0
0.0502,0.00422039,0.00422801
0.0506,0.00427169,0.0042795
0.051,0.00408689,0.00409403
0.0514,0,0
0.0518,0,0
0.0522,0,0
0.0526,0,0
0.053,0,0
0.0534,0,0
0.0538,0,0
0.0542,0,0
0.0546,0.0129025,0.00746346
0.055,0,0
0.0554,0,0
0.0558,0,0
0.0562,0,0
0.0566,0,0
0.057,0,0
0.0574,0,0
0.0578,0,0
0.0582,0,0
0.0586,0,0
0.059,0,0
0.0594,0,0
0.0598,0,0
0.0602,0,0
0.0606,0,0
0.061,0,0
0.0614,0,0
0.0618,0,0
0.0622,0,0
0.0626,0,0
0.063,0,0
0.0634,0,0
0.0638,0,0
0.0642,0,0
0.0646,0.00434653,0.00435449
0.065,0,0
0.0654,0,0
0.0658,0,0
0.0662,0,0
0.0666,0,0
0.067,0,0
0.0674,0,0
0.0678,0,0
0.0682,0,0
0.0686,0,0
0.069,0.00918301,0.00650585
0.0694,0,0
0.0698,0,0
0.0702,0,0
0.0706,0.00457372,0.00458245
0.071,0,0
0.0714,0,0
0.0718,0,0
0.0722,0.00470734,0.00471657
0.0726,0.00443146,0.00443964
0.073,0,0
0.0734,0,0
0.0738,0,0
0.0742,0,0
0.0746,0.00436713,0.00437504
0.075,0,0
0.0754,0,0
0.0758,0,0
0.0762,0,0
0.0766,0,0
0.077,0,0
0.0774,0,0
0.0778,0,0
0.0782,0,0
0.0786,0,0
0.079,0,0
0.0794,0,0
0.0798,0,0
0.0802,0,0
0.0806,0,0
0.081,0,0
0.0814,0,0
0.0818,0,0
0.0822,0,0
0.0826,0,0
0.083,0.00429298,0.00430055
0.0834,0,0
0.0838,0,0
0.0842,0,0
0.0846,0,0
0.085,0,0
0.0854,0,0
0.0858,0,0
0.0862,0.00866799,0.00614008
0.0866,0,0
0.087,0,0
0.0874,0.00453358,0.00454198
0.0878,0,0
0.0882,0,0
0.0886,0,0
0.089,0,0
0.0894,0,0
0.0898,0,0
0.0902,0,0
0.0906,0,0
0.091,0,0
0.0914,0,0
0.0918,0,0
0.0922,0,0
0.0926,0,0
0.093,0,0
0.0934,0,0
0.0938,0,0
0.0942,0,0
0.0946,0,0
0.095,0,0
0.0954,0,0
0.0958,0,0
0.0962,0,0
0.0966,0,0
0.097,0,0
0.0974,0,0
0.0978,0,0
0.0982,0,0
0.0986,0,0
0.099,0,0
0.0994,0,0
0.0998,0,0
0.1002,0,0
0.1006,0,0
0.101,0,0
0.1014,0,0
0.1018,0,0
0.1022,0,0
0.1026,0,0
0.103,0.00546336,0.0054754
0.1034,0,0
0.1038,0,0
0.1042,0,0
0.1046,0,0
0.105,0,0
0.1054,0,0
0.1058,0,0
0.1062,0,0
0.1066,0,0
0.107,0,0
0.1074,0.00541373,0.00542553
0.1078,0,0
0.1082,0.0055638,0.00557627
0.1086,0,0
0.109,0.00332056,0.00449599
0.1094,0,0
0.1098,0,0
0.1102,0,0
0.1106,0,0
0.111,0,0
0.1114,0,0
0.1118,0,0
0.1122,0.00649278,0.00650975
0.1126,0,0
0.113,0,0
0.1134,0,0
0.1138,0.00600028,0.00601478
0.1142,0,0
0.1146,0,0
0.115,0,0
0.1154,0,0
0.1158,0.00667079,0.00668871
0.1162,0,0
0.1166,0,0
0.117,0,0
0.1174,0,0
0.1178,0,0
0.1182,0,0
0.1186,0,0
0.119,0,0
0.1194,0,0
0.1198,0,0
9
-0.1198,0.004135,0.00414337
-0.1194,0,0
-0.119,0,0
-0.1186,0,0
-0.1182,0,0
-0.1178,0,0
-0.1174,0,0
-0.117,0,0
-0.1166,0,0
-0.1162,0,0
-0.1158,0,0
-0.1154,0,0
-0.115,0,0
-0.1146,0,0
-0.1142,0,0
-0.1138,0,0
-0.1134,0,0
-0.113,0.00391175,0.00391932
-0.1126,0,0
-0.1122,0,0
-0.1118,0,0
-0.1114,0,0
-0.111,0,0
-0.1106,0,0
-0.1102,0,0
-0.1098,0,0
-0.1094,0,0
-0.109,0,0
-0.1086,0,0
-0.1082,0,0
-0.1078,0,0
-0.1074,0,0
-0.107,0,0
-0.1066,0,0
-0.1062,0,0
-0.1058,0,0
-0.1054,0,0
-0.105,0,0
-0.1046,0,0
-0.1042,0,0
-0.1038,0,0
-0.1034,0,0
-0.103,0,0
-0.1026,0.00366621,0.00367297
-0.1022,0,0
-0.1018,0,0
-0.1014,0,0
-0.101,0,0
-0.1006,0,0
-0.1002,0,0
-0.0998,0,0
-0.0994,0,0
-0.099,0,0
-0.0986,0,0
-0.0982,0,0
-0.0978,0,0
-0.0974,0,0
-0.097,0,0
-0.0966,0,0
-0.0962,0,0
-0.0958,0,0
-0.0954,0,0
-0.095,0,0
-0.0946,0,0
-0.0942,0,0
-0.0938,0,0
-0.0934,0,0
-0.093,0,0
-0.0926,0,0
-0.0922,0,0
-0.0918,0,0
-0.0914,0,0
-0.091,0,0
-0.0906,0,0
-0.0902,0,0
-0.0898,0.00385578,0.0038634
-0.0894,0.00372574,0.00373286
-0.089,0,0
-0.0886,0,0
-0.0882,0,0
-0.0878,0,0
-0.0874,0.00374095,0.00374814
-0.087,0.00345702,0.00346316
-0.0866,0,0
-0.0862,0.003857,0.00386465
-0.0858,0,0
-0.0854,0,0
-0.085,0,0
-0.0846,0.00382939,0.00383694
-0.0842,0,0
-0.0838,0,0
-0.0834,0,0
-0.083,0,0
-0.0826,0,0
-0.0822,0,0
-0.0818,0,0
-0.0814,0,0
-0.081,0,0
-0.0806,0,0
-0.0802,0,0
-0.0798,0,0
-0.0794,0,0
-0.079,0.00372793,0.00373513
-0.0786,0,0
-0.0782,0,0
-0.0778,0,0
-0.0774,0,0
-0.077,0,0
-0.0766,0.00343965,0.0034458
-0.0762,0,0
-0.0758,0,0
-0.0754,0,0
-0.075,0,0
-0.0746,0,0
-0.0742,0.00360936,0.00361615
-0.0738,0.00347582,0.00348211
-0.0734,0,0
-0.073,0,0
-0.0726,0,0
-0.0722,0.00351185,0.00351829
-0.0718,0,0
-0.0714,0,0
-0.071,0,0
-0.0706,0,0
-0.0702,0,0
-0.0698,0,0
-0.0694,0,0
-0.069,0.00731874,0.00518505
-0.0686,0,0
-0.0682,0,0
-0.0678,0,0
-0.0674,0,0
-0.067,0,0
-0.0666,0,0
-0.0662,0,0
-0.0658,0,0
-0.0654,0,0
-0.065,0,0
-0.0646,0,0
-0.0642,0,0
-0.0638,0,0
-0.0634,0.00389252,0.00390048
-0.063,0,0
-0.0626,0,0
-0.0622,0.00364167,0.00364865
-0.0618,0.00345115,0.00345742
-0.0614,0,0
-0.061,0,0
-0.0606,0,0
-0.0602,0,0
-0.0598,0.00220727,0.00283053
-0.0594,0,0
-0.059,0,0
-0.0586,0.00389783,0.00390585
-0.0582,0,0
-0.0578,0,0
-0.0574,0,0
-0.057,0,0
-0.0566,0,0
-0.0562,0,0
-0.0558,0,0
-0.0554,0,0
-0.055,0,0
-0.0546,0,0
-0.0542,0.00687626,0.00487193
-0.0538,0,0
-0.0534,0,0
-0.053,0.00353736,0.00354399
-0.0526,0,0
-0.0522,0.00348496,0.00349139
-0.0518,0.00344882,0.00345512
-0.0514,0.00655431,0.00464266
-0.051,0,0
-0.0506,0,0
-0.0502,0,0
-0.0498,0,0
-0.0494,0,0
-0.049,0.00355676,0.00356348
-0.0486,0,0
-0.0482,0.00359991,0.00360679
-0.0478,0,0
-0.0474,0.00818164,0.00543177
-0.047,0,0
-0.0466,0,0
-0.0462,0,0
-0.0458,0,0
-0.0454,0,0
-0.045,0,0
-0.0446,0,0
-0.0442,0,0
-0.0438,0.00349624,0.00350276
-0.0434,0.00324143,0.00324704
-0.043,0,0
-0.0426,0,0
-0.0422,0.00320844,0.00321393
-0.0418,0,0
-0.0414,0.00239937,0.00280786
-0.041,0,0
-0.0406,0,0
-0.0402,0,0
-0.0398,0,0
-0.0394,0.00374499,0.0037525
-0.039,0.00360189,0.00360884
-0.0386,0,0
-0.0382,0,0
-0.0378,0.00357936,0.00358623
-0.0374,0,0
-0.037,0.00333142,0.00333738
-0.0366,0,0
-0.0362,0,0
-0.0358,0,0
-0.0354,0,0
-0.035,0.00664818,0.00470939
-0.0346,0,0
-0.0342,0,0
-0.0338,0,0
-0.0334,0,0
-0.033,0,0
-0.0326,0.00679112,0.00481123
-0.0322,0.00354865,0.00355545
-0.0318,0.00339901,0.00340525
-0.0314,0,0
-0.031,0.00327921,0.00328503
-0.0306,0.00368355,0.00369089
-0.0302,0,0
-0.0298,0.00359629,0.00360329
-0.0294,0,0
-0.029,0,0
-0.0286,0.00353129,0.00353805
-0.0282,0,0
-0.0278,0,0
-0.0274,0,0
-0.027,0.00687376,0.00486956
-0.0266,0.00348635,0.00349295
-0.0262,0.00341911,0.00342546
-0.0258,0,0
-0.0254,0.00323165,0.00323734
-0.025,0.00989801,0.0057249
-0.0246,0.00643203,0.0045561
-0.0242,0.00347185,0.00347842
-0.0238,0,0
-0.0234,0,0
-0.023,0.00332617,0.00333221
-0.0226,0.00324203,0.00324777
-0.0222,0,0
-0.0218,0,0
-0.0214,0,0
-0.021,0.00369511,0.00370258
-0.0206,0.00664113,0.00470453
-0.0202,0.003335,0.00334109
-0.0198,0.00333327,0.00333936
-0.0194,0.00665114,0.00471165
-0.019,0,0
-0.0186,0.00342669,0.00343313
-0.0182,0.00330926,0.00331527
-0.0178,0,0
-0.0174,0,0
-0.017,0,0
-0.0166,0,0
-0.0162,0,0
-0.0158,0,0
-0.0154,0.00312556,0.00313094
-0.015,0,0
-0.0146,0,0
-0.0142,0,0
-0.0138,0.00724655,0.00513434
-0.0134,0,0
-0.013,0.00658486,0.00466492
-0.0126,0,0
-0.0122,0.00314716,0.00315265
-0.0118,0.0031928,0.00319845
-0.0114,0,0
-0.011,0,0
-0.0106,0.00312338,0.00312879
-0.0102,0.0108917,0.006301
-0.0098,0.00335054,0.00335677
-0.0094,0.00299066,0.00299563
-0.009,0.00621233,0.00440353
-0.0086,0.0101322,0.00586081
-0.0082,0.0130433,0.0065335
-0.0078,0.0196866,0.00805178
-0.0074,0.0166464,0.00745922
-0.007,0.0168447,0.00754737
-0.0066,0.020642,0.00844357
-0.0062,0.0134508,0.00674082
-0.0058,0.00426628,0.00375235
-0.0054,0.016622,0.00744938
-0.005,0.0137021,0.0068642
-0.0046,0.013388,0.00670657
-0.0042,0.0269468,0.0094362
-0.0038,0.0605097,0.0139069
-0.0034,0.0130337,0.00653057
-0.003,0.055753,0.0139717
-0.0026,0.0844826,0.0171483
-0.0022,0.118825,0.0189251
-0.0018,0.239186,0.0277804
-0.0014,0.410703,0.0365252
-0.001,0.596622,0.0443868
-0.0006,0.911394,0.0555181
-0.0002,0.977198,0.0570045
0.0002,0.930837,0.0550115
0.0006,0.660784,0.0461825
0.001,0.395095,0.0370827
0.0014,0.233697,0.0278364
0.0018,0.142607,0.0212414
0.0022,0.0901138,0.0174063
0.0026,0.100457,0.0188056
0.003,0.063005,0.0146143
0.0034,0.0459372,0.0123002
0.0038,0.0279276,0.00989346
0.0042,0.032834,0.0106215
0.0046,0.00671457,0.00475693
0.005,0.00331764,0.00332386
0.0054,0.00398204,0.00358205
0.0058,0.0216114,0.00831815
0.0062,0.0232098,0.00878959
0.0066,0.00960828,0.00555993
0.007,0.0183429,0.00757757
0.0074,0.013251,0.00664208
0.0078,0.00356494,0.00357213
0.0082,0.00995025,0.00578759
0.0086,0.0209347,0.0079204
0.009,0,0
0.0094,0,0
0.0098,0,0
0.0102,0.00618504,0.00438307
0.0106,0,0
0.011,0,0
0.0114,0.00320129,0.00320711
0.0118,0.00289278,0.00289754
0.0122,0,0
0.0126,0,0
0.013,0.00339638,0.00340294
0.0134,0,0
0.0138,0.00621409,0.00440181
0.0142,0,0
0.0146,0.00312194,0.00312749
0.015,0,0
0.0154,0,0
0.0158,0.00313262,0.00313822
0.0162,0.00308738,0.00309281
0.0166,0,0
0.017,0.00309983,0.00310531
0.0174,0.00306114,0.00306649
0.0178,0,0
0.0182,0,0
0.0186,0.00313254,0.00313815
0.019,0.00315657,0.00316227
0.0194,0.00289614,0.00290093
0.0198,0,0
0.0202,0,0
0.0206,0,0
0.021,0,0
0.0214,0,0
0.0218,0,0
0.0222,0.00308197,0.00308742
0.0226,0,0
0.023,0,0
0.0234,0,0
0.0238,0,0
0.0242,0.00311994,0.00312552
0.0246,0.00306395,0.00306933
0.025,0.00308814,0.00309362
0.0254,0.00334014,0.00334655
0.0258,0,0
0.0262,0,0
0.0266,0,0
0.027,0,0
0.0274,0,0
0.0278,0,0
0.0282,0,0
0.0286,0.00270876,0.00271298
0.029,0.0058928,0.00417391
0.0294,0.00306846,0.00307388
0.0298,0,0
0.0302,0,0
0.0306,0,0
0.031,0,0
0.0314,0,0
0.0318,0,0
0.0322,0,0
0.0326,0.00653971,0.0046333
0.033,0,0
0.0334,0.00320295,0.00320887
0.0338,0.00303051,0.00303581
0.0342,0,0
0.0346,0,0
0.035,0,0
0.0354,0,0
0.0358,0.00303111,0.00303641
0.0362,0,0
0.0366,0,0
0.037,0,0
0.0374,0,0
0.0378,0.00304674,0.00305211
0.0382,0,0
0.0386,0,0
0.039,0.00309472,0.00310026
0.0394,0.0030941,0.00309964
0.0398,0,0
0.0402,0.00304409,0.00304946
0.0406,0,0
0.041,0.00937715,0.00543095
0.0414,0,0
0.0418,0.00299189,0.00299707
0.0422,0.00303078,0.00303611
0.0426,0.00946797,0.00547635
0.043,0,0
0.0434,0.00279071,0.00279522
0.0438,0,0
0.0442,0,0
0.0446,0,0
0.045,0,0
0.0454,0,0
0.0458,0.00308932,0.00309486
0.0462,0,0
0.0466,0.0029502,0.00295525
0.047,0.00300474,0.00300999
0.0474,0,0
0.0478,0.00302081,0.00302611
0.0482,0,0
0.0486,0.00298895,0.00299414
0.049,0.00595492,0.00421809
0.0494,0,0
0.0498,0,0
0.0502,0,0
0.0506,0,0
0.051,0,0
0.0514,0,0
0.0518,0.00290289,0.0029078
0.0522,0.00310784,0.00311347
0.0526,0.00300618,0.00301144
0.053,0,0
0.0534,0.00325927,0.00326546
0.0538,0,0
0.0542,0.00309125,0.00309683
0.0546,0.00316829,0.00317415
0.055,0,0
0.0554,0,0
0.0558,0,0
0.0562,0,0
0.0566,0.0028237,0.00282836
0.057,0.00582454,0.00412755
0.0574,0.00325793,0.00326414
0.0578,0.00319395,0.00319992
0.0582,0.00287005,0.00287487
0.0586,0.00286903,0.00287385
0.059,0,0
0.0594,0.00628635,0.00445331
0.0598,0,0
0.0602,0.00650499,0.00460849
0.0606,0.00620552,0.00439687
0.061,0.00303864,0.00304405
0.0614,0,0
0.0618,0,0
0.0622,0,0
0.0626,0,0
0.063,0,0
0.0634,0,0
0.0638,0.00294685,0.00295195
0.0642,0,0
0.0646,0,0
0.065,0.00313058,0.00313634
0.0654,0,0
0.0658,0,0
0.0662,0,0
0.0666,0.00303803,0.00304347
0.067,0,0
0.0674,0,0
0.0678,0,0
0.0682,0.00323834,0.00324453
0.0686,0.00318967,0.00319567
0.069,0.00650183,0.00460632
0.0694,0.00338197,0.00338873
0.0698,0,0
0.0702,0,0
0.0706,0,0
0.071,0,0
0.0714,0.00299273,0.00299803
0.0718,0.00643531,0.00456095
0.0722,0,0
0.0726,0.00311029,0.00311603
0.073,0.00303657,0.00304204
0.0734,0.00291535,0.00292039
0.0738,0.0029309,0.002936
0.0742,0,0
0.0746,0.00613581,0.00434666
0.075,0,0
0.0754,0.00287295,0.00287786
0.0758,0,0
0.0762,0,0
0.0766,0,0
0.077,0.00307291,0.00307853
0.0774,0.00300861,0.003014
0.0778,0.00311685,0.00312264
0.0782,0,0
0.0786,0,0
0.079,0.00580769,0.00411515
0.0794,0,0
0.0798,0,0
0.0802,0.00303876,0.00304428
0.0806,0,0
0.081,0,0
0.0814,0.002888,0.00289299
0.0818,0,0
0.0822,0,0
0.0826,0,0
0.083,0,0
0.0834,0.00302791,0.00303341
0.0838,0,0
0.0842,0,0
0.0846,0.00301329,0.00301874
0.085,0.00302058,0.00302606
0.0854,0,0
0.0858,0,0
0.0862,0.0029477,0.00295293
0.0866,0,0
0.087,0,0
0.0874,0,0
0.0878,0,0
0.0882,0,0
0.0886,0,0
0.089,0,0
0.0894,0,0
0.0898,0.00303295,0.00303851
0.0902,0,0
0.0906,0,0
0.091,0,0
0.0914,0.00298535,0.00299074
0.0918,0.00291242,0.00291755
0.0922,0,0
0.0926,0.00607156,0.00430113
0.093,0,0
0.0934,0,0
0.0938,0,0
0.0942,0,0
0.0946,0,0
0.095,0.0032978,0.00330438
0.0954,0,0
0.0958,0,0
0.0962,0.00332184,0.00332852
0.0966,0,0
0.097,0.00730872,0.00456286
0.0974,0,0
0.0978,0.00333057,0.0033373
0.0982,0.00330115,0.00330776
0.0986,0,0
0.099,0,0
0.0994,0,0
0.0998,0,0
0.1002,0,0
0.1006,0.00355983,0.00356751
0.101,0,0
0.1014,0,0
0.1018,0.00352707,0.00353461
0.1022,0,0
0.1026,0,0
0.103,0,0
0.1034,0,0
0.1038,0.00350471,0.00351216
0.1042,0,0
0.1046,0,0
0.105,0.00336506,0.00337192
0.1054,0,0
0.1058,0,0
0.1062,0,0
0.1066,0,0
0.107,0.00347417,0.00348149
0.1074,0,0
0.1078,0.00389872,0.00390794
0.1082,0.00369322,0.00370149
0.1086,0,0
0.109,0,0
0.1094,0,0
0.1098,0,0
0.1102,0.00422613,0.00423697
0.1106,0,0
0.111,0,0
0.1114,0,0
0.1118,0,0
0.1122,0,0
0.1126,0,0
0.113,0.0044807,0.00449289
0.1134,0.0079552,0.00563877
0.1138,0,0
0.1142,0.00432425,0.0043356
0.1146,0,0
0.115,0,0
0.1154,0,0
0.1158,0.00469956,0.00471297
0.1162,0.00442032,0.00443219
0.1166,0.00967318,0.00686304
0.117,0,0
0.1174,0.0101613,0.00720857
0.1178,0,0
0.1182,0,0
0.1186,0.00487188,0.0048863
0.119,0,0
0.1194,0.00880619,0.00624359
0.1198,0,0
