# X , Y , E Distribution=true
1
-0.1198,0,0
-0.1194,0,0
-0.119,0,0
-0.1186,0,0
-0.1182,0,0
-0.1178,0,0
-0.1174,0,0
-0.117,0,0
-0.1166,0,0
-0.1162,0,0
-0.1158,0,0
-0.1154,0,0
-0.115,0,0
-0.1146,0,0
-0.1142,0,0
-0.1138,0,0
-0.1134,0,0
-0.113,0,0
-0.1126,0,0
-0.1122,0,0
-0.1118,0,0
-0.1114,0,0
-0.111,0,0
-0.1106,0,0
-0.1102,0,0
-0.1098,0,0
-0.1094,0,0
-0.109,0,0
-0.1086,0,0
-0.1082,0,0
-0.1078,0,0
-0.1074,0,0
-0.107,0,0
-0.1066,0,0
-0.1062,0,0
-0.1058,0,0
-0.1054,0,0
-0.105,0,0
-0.1046,0,0
-0.1042,0,0
-0.1038,0,0
-0.1034,0,0
-0.103,0,0
-0.1026,0,0
-0.1022,0,0
-0.1018,0,0
-0.1014,0,0
-0.101,0,0
-0.1006,0,0
-0.1002,0,0
-0.0998,0,0
-0.0994,0.0114984,0.011518
-0.099,0.0121552,0.0121772
-0.0986,0,0
-0.0982,0,0
-0.0978,0,0
-0.0974,0,0
-0.097,0.0128736,0.0128982
-0.0966,0,0
-0.0962,0,0
-0.0958,0,0
-0.0954,0,0
-0.095,0,0
-0.0946,0,0
-0.0942,0,0
-0.0938,0,0
-0.0934,0,0
-0.093,0,0
-0.0926,0,0
-0.0922,0,0
-0.0918,0,0
-0.0914,0,0
-0.091,0,0
-0.0906,0,0
-0.0902,0,0
-0.0898,0,0
-0.0894,0,0
-0.089,0,0
-0.0886,0,0
-0.0882,0,0
-0.0878,0,0
-0.0874,0,0
-0.087,0,0
-0.0866,0,0
-0.0862,0,0
-0.0858,0.0134672,0.013494
-0.0854,0,0
-0.085,0,0
-0.0846,0,0
-0.0842,0,0
-0.0838,0,0
-0.0834,0,0
-0.083,0,0
-0.0826,0,0
-0.0822,0,0
-0.0818,0.012309,0.0123314
-0.0814,0,0
-0.081,7.12548e-05,0.00100251
-0.0806,0,0
-0.0802,0,0
-0.0798,0,0
-0.0794,0,0
-0.079,0,0
-0.0786,0,0
-0.0782,0.0138641,0.0138924
-0.0778,0,0
-0.0774,0,0
-0.077,0.0128387,0.013244
-0.0766,0,0
-0.0762,0,0
-0.0758,0,0
-0.0754,0,0
-0.075,0,0
-0.0746,0,0
-0.0742,0,0
-0.0738,0.0127667,0.0127906
-0.0734,0,0
-0.073,0,0
-0.0726,0,0
-0.0722,0,0
-0.0718,0,0
-0.0714,0,0
-0.071,0,0
-0.0706,0,0
-0.0702,0,0
-0.0698,0.0098045,0.0103485
-0.0694,0,0
-0.069,0.00249457,0.00535037
-0.0686,0,0
-0.0682,0.0126313,0.0126547
-0.0678,0,0
-0.0674,0,0
-0.067,0,0
-0.0666,0,0
-0.0662,0,0
-0.0658,0.00367224,0.00657344
-0.0654,0,0
-0.065,0,0
-0.0646,0,0
-0.0642,0.0134188,0.0134451
-0.0638,0,0
-0.0634,0,0
-0.063,0,0
-0.0626,0,0
-0.0622,0,0
-0.0618,0,0
-0.0614,0.00866712,0.0107306
-0.061,0,0
-0.0606,0,0
-0.0602,0,0
-0.0598,0,0
-0.0594,0,0
-0.059,0,0
-0.0586,0,0
-0.0582,0.0135409,0.0135677
-0.0578,0,0
-0.0574,0,0
-0.057,0.0124877,0.0125104
-0.0566,0,0
-0.0562,0,0
-0.0558,0,0
-0.0554,0,0
-0.055,0.00582421,0.00884545
-0.0546,0,0
-0.0542,0,0
-0.0538,0,0
-0.0534,0,0
-0.053,0,0
-0.0526,0,0
-0.0522,0,0
-0.0518,0,0
-0.0514,0,0
-0.051,0,0
-0.0506,0,0
-0.0502,0.0132863,0.013312
-0.0498,0,0
-0.0494,0.000494173,0.00251217
-0.049,0,0
-0.0486,0.0126157,0.0126388
-0.0482,0.0135064,0.0135329
-0.0478,0,0
-0.0474,0,0
-0.047,0,0
-0.0466,0,0
-0.0462,0,0
-0.0458,0,0
-0.0454,0,0
-0.045,0,0
-0.0446,0,0
-0.0442,0,0
-0.0438,0.0132225,0.0132479
-0.0434,0.0122019,0.0122235
-0.043,0.0244356,0.0173093
-0.0426,0,0
-0.0422,0,0
-0.0418,0.0115302,0.0115494
-0.0414,0,0
-0.041,0.0199496,0.0158455
-0.0406,0,0
-0.0402,0,0
-0.0398,0,0
-0.0394,0,0
-0.039,0,0
-0.0386,0,0
-0.0382,0,0
-0.0378,0,0
-0.0374,0,0
-0.037,0,0
-0.0366,0,0
-0.0362,0,0
-0.0358,0,0
-0.0354,0,0
-0.035,0,0
-0.0346,0,0
-0.0342,0,0
-0.0338,0,0
-0.0334,0,0
-0.033,0,0
-0.0326,0,0
-0.0322,0,0
-0.0318,0,0
-0.0314,0,0
-0.031,0,0
-0.0306,0.0138575,0.0138852
-0.0302,0.00514443,0.00846082
-0.0298,0,0
-0.0294,0.0127339,0.0127573
-0.029,0.011739,0.0117588
-0.0286,0,0
-0.0282,0,0
-0.0278,0,0
-0.0274,0,0
-0.027,0.0120801,0.0121011
-0.0266,0,0
-0.0262,0,0
-0.0258,0,0
-0.0254,0,0
-0.025,0.0128699,0.0128937
-0.0246,0,0
-0.0242,0,0
-0.0238,0,0
-0.0234,0,0
-0.023,0,0
-0.0226,0,0
-0.0222,0,0
-0.0218,0.0155365,0.0140677
-0.0214,0,0
-0.021,0,0
-0.0206,0,0
-0.0202,0.0226938,0.0170968
-0.0198,0,0
-0.0194,0,0
-0.019,0,0
-0.0186,0.0128183,0.0128418
-0.0182,0.00978068,0.0107819
-0.0178,0,0
-0.0174,0,0
-0.017,0.00442598,0.00748899
-0.0166,0,0
-0.0162,0,0
-0.0158,0.0131209,0.0131455
-0.0154,0,0
-0.015,0,0
-0.0146,0.0129532,0.0129772
-0.0142,0,0
-0.0138,0.0119235,0.0119439
-0.0134,0.0126516,0.0126745
-0.013,0,0
-0.0126,0,0
-0.0122,0,0
-0.0118,0,0
-0.0114,0,0
-0.011,0,0
-0.0106,0.0258794,0.0183334
-0.0102,0,0
-0.0098,0.0119066,0.0119268
-0.0094,0.0118169,0.0118368
-0.009,0,0
-0.0086,0.0127426,0.0127658
-0.0082,0.0137694,0.0137964
-0.0078,0.0133393,0.0133646
-0.0074,0.0030823,0.00642499
-0.007,0.00859594,0.0105546
-0.0066,0,0
-0.0062,0.0124496,0.0124717
-0.0058,0.0130638,0.0130881
-0.0054,0.0358866,0.021423
-0.005,0.0384787,0.0222589
-0.0046,0.00338443,0.00663557
-0.0042,0.0287471,0.0189031
-0.0038,0.121449,0.04081
-0.0034,0.157318,0.045801
-0.003,0.218474,0.052695
-0.0026,0.50375,0.0803816
-0.0022,0.775613,0.100176
-0.0018,1.42584,0.133645
-0.0014,2.40633,0.176795
-0.001,4.37733,0.236275
-0.0006,5.52121,0.266267
-0.0002,5.24559,0.252036
0.0002,5.57228,0.266743
0.0006,3.85805,0.225124
0.001,2.71421,0.189868
0.0014,1.18122,0.121419
0.0018,0.488486,0.0773181
0.0022,0.278162,0.0609368
0.0026,0.024894,0.0176339
0.003,0,0
0.0034,0,0
0.0038,0,0
0.0042,0,0
0.0046,0.0279718,0.0198184
0.005,0,0
0.0054,0,0
0.0058,0,0
0.0062,0,0
0.0066,0.012991,0.0130148
0.007,0.0124941,0.0125162
0.0074,0,0
0.0078,0.0133525,0.0133777
0.0082,0.0125211,0.0125433
0.0086,0,0
0.009,0.0157842,0.0144741
0.0094,0,0
0.0098,0,0
0.0102,0.0046408,0.00734326
0.0106,0,0
0.011,0,0
0.0114,0,0
0.0118,0,0
0.0122,0,0
0.0126,0,0
0.013,0,0
0.0134,0,0
0.0138,0,0
0.0142,0.014032,0.0130287
0.0146,0,0
0.015,0,0
0.0154,0,0
0.0158,0,0
0.0162,0,0
0.0166,0,0
0.017,0,0
0.0174,0,0
0.0178,0,0
0.0182,0,0
0.0186,0,0
0.019,0,0
0.0194,0.013331,0.013356
0.0198,0,0
0.0202,0,0
0.0206,0,0
0.021,0,0
0.0214,0,0
0.0218,0,0
0.0222,0,0
0.0226,0,0
0.023,0,0
0.0234,0,0
0.0238,0.013016,0.0130398
0.0242,0,0
0.0246,0,0
0.025,0,0
0.0254,0,0
0.0258,0,0
0.0262,0,0
0.0266,0.0117202,0.0117394
0.027,0.0136088,0.0136347
0.0274,0.012938,0.0129614
0.0278,0.0128987,0.012922
0.0282,0.00887774,0.010488
0.0286,0.0125867,0.0126089
0.029,0,0
0.0294,0,0
0.0298,0,0
0.0302,0,0
0.0306,0.012774,0.0127968
0.031,0,0
0.0314,0,0
0.0318,0,0
0.0322,0,0
0.0326,0,0
0.033,0,0
0.0334,0,0
0.0338,0,0
0.0342,0.0245711,0.0174042
0.0346,0,0
0.035,0,0
0.0354,0.00810801,0.010329
0.0358,0,0
0.0362,0,0
0.0366,0,0
0.037,0,0
0.0374,0,0
0.0378,0,0
0.0382,0,0
0.0386,0,0
0.039,0.0123236,0.0123447
0.0394,0.0123259,0.012347
0.0398,0,0
0.0402,0,0
0.0406,0,0
0.041,0,0
0.0414,0,0
0.0418,0,0
0.0422,0,0
0.0426,0,0
0.043,0,0
0.0434,0,0
0.0438,0,0
0.0442,0.0271046,0.019202
0.0446,0,0
0.045,0,0
0.0454,0,0
0.0458,0,0
0.0462,0,0
0.0466,0,0
0.047,0,0
0.0474,0,0
0.0478,0,0
0.0482,0.0130666,0.0130902
0.0486,0,0
0.049,0,0
0.0494,0,0
0.0498,0.0134633,0.0134884
0.0502,0,0
0.0506,0,0
0.051,0,0
0.0514,0,0
0.0518,0,0
0.0522,0.00555711,0.00849416
0.0526,0,0
0.053,0.0133195,0.0133441
0.0534,0.0120159,0.0120358
0.0538,0,0
0.0542,0,0
0.0546,0,0
0.055,0,0
0.0554,0,0
0.0558,0,0
0.0562,0,0
0.0566,0,0
0.057,0,0
0.0574,0,0
0.0578,0,0
0.0582,0.00986705,0.0123709
0.0586,0,0
0.059,0,0
0.0594,0,0
0.0598,0,0
0.0602,0,0
0.0606,0,0
0.061,0,0
0.0614,0,0
0.0618,0,0
0.0622,0.00449918,0.00775943
0.0626,0,0
0.063,0,0
0.0634,0,0
0.0638,0,0
0.0642,0,0
0.0646,0,0
0.065,0.0126256,0.0126475
0.0654,0,0
0.0658,0.013018,0.0130413
0.0662,0,0
0.0666,0.0134041,0.0134287
0.067,0.0133628,0.0133873
0.0674,0,0
0.0678,0,0
0.0682,0,0
0.0686,0,0
0.069,0,0
0.0694,0,0
0.0698,0,0
0.0702,0,0
0.0706,0,0
0.071,0,0
0.0714,0,0
0.0718,0,0
0.0722,0,0
0.0726,0,0
0.073,0,0
0.0734,0,0
0.0738,0.0134757,0.0135005
0.0742,0,0
0.0746,0,0
0.075,0,0
0.0754,0,0
0.0758,0,0
0.0762,0,0
0.0766,0,0
0.077,0,0
0.0774,0,0
0.0778,0,0
0.0782,0,0
0.0786,0,0
0.079,0,0
0.0794,0,0
0.0798,0,0
0.0802,0,0
0.0806,0,0
0.081,0,0
0.0814,0,0
0.0818,0.0251278,0.0177985
0.0822,0,0
0.0826,0.01295,0.0129728
0.083,0,0
0.0834,0,0
0.0838,0,0
0.0842,0.0120937,0.0121136
0.0846,0,0
0.085,0,0
0.0854,0,0
0.0858,0,0
0.0862,0,0
0.0866,0.0135131,0.0135379
0.087,0,0
0.0874,0,0
0.0878,0,0
0.0882,0,0
0.0886,0,0
0.089,0,0
0.0894,0,0
0.0898,0,0
0.0902,0,0
0.0906,0,0
0.091,0,0
0.0914,0,0
0.0918,0,0
0.0922,0,0
0.0926,0,0
0.093,0,0
0.0934,0,0
0.0938,0,0
0.0942,0,0
0.0946,0,0
0.095,0,0
0.0954,0,0
0.0958,0,0
0.0962,0,0
0.0966,0,0
0.097,0,0
0.0974,0,0
0.0978,0,0
0.0982,0,0
0.0986,0,0
0.099,0,0
0.0994,0,0
0.0998,0,0
0.1002,0,0
0.1006,0,0
0.101,0,0
0.1014,0,0
0.1018,0,0
0.1022,0,0
0.1026,0,0
0.103,0,0
0.1034,0.0173814,0.017422
0.1038,0,0
0.1042,0,0
0.1046,0.0158826,0.0159165
0.105,0,0
0.1054,0,0
0.1058,0,0
0.1062,0,0
0.1066,0.0170216,0.0170604
0.107,0,0
0.1074,0,0
0.1078,0,0
0.1082,0,0
0.1086,0.0172683,0.0173083
0.109,0.0325687,0.0230823
0.1094,0,0
0.1098,0,0
0.1102,0,0
0.1106,0,0
0.111,0,0
0.1114,0,0
0.1118,0.019065,0.0191136
0.1122,0,0
0.1126,0,0
0.113,0,0
0.1134,0,0
0.1138,0.0222242,0.0222902
0.1142,0,0
0.1146,0,0
0.115,0,0
0.1154,0,0
0.1158,0,0
0.1162,0,0
0.1166,0,0
0.117,0,0
0.1174,0,0
0.1178,0.0210229,0.0210818
0.1182,0,0
0.1186,0,0
0.119,0.0257231,0.0258112
0.1194,0,0
0.1198,0,0
2
-0.1198,0,0
-0.1194,0,0
-0.119,0,0
-0.1186,0,0
-0.1182,0,0
-0.1178,0,0
-0.1174,0,0
-0.117,0,0
-0.1166,0,0
-0.1162,0,0
-0.1158,0,0
-0.1154,0,0
-0.115,0.00635949,0.00637243
-0.1146,0,0
-0.1142,0,0
-0.1138,0,0
-0.1134,0,0
-0.113,0,0
-0.1126,0,0
-0.1122,0,0
-0.1118,0.00531291,0.00532194
-0.1114,0.0117255,0.00830674
-0.111,0,0
-0.1106,0,0
-0.1102,0,0
-0.1098,0,0
-0.1094,0,0
-0.109,0,0
-0.1086,0,0
-0.1082,0,0
-0.1078,0,0
-0.1074,0,0
-0.107,0,0
-0.1066,0,0
-0.1062,0,0
-0.1058,0.0058898,0.00590087
-0.1054,0,0
-0.105,0,0
-0.1046,0,0
-0.1042,0,0
-0.1038,0,0
-0.1034,0,0
-0.103,0,0
-0.1026,0,0
-0.1022,0,0
-0.1018,0,0
-0.1014,0,0
-0.101,0,0
-0.1006,0,0
-0.1002,0,0
-0.0998,0,0
-0.0994,0,0
-0.099,0,0
-0.0986,0,0
-0.0982,0,0
-0.0978,0,0
-0.0974,0,0
-0.097,0,0
-0.0966,0,0
-0.0962,0,0
-0.0958,0,0
-0.0954,0,0
-0.095,0.00591327,0.00592441
-0.0946,0,0
-0.0942,0.00561902,0.00562908
-0.0938,0,0
-0.0934,0,0
-0.093,0,0
-0.0926,0,0
-0.0922,0,0
-0.0918,0,0
-0.0914,0,0
-0.091,0,0
-0.0906,0,0
-0.0902,0,0
-0.0898,0,0
-0.0894,0,0
-0.089,0,0
-0.0886,0,0
-0.0882,0,0
-0.0878,0,0
-0.0874,0,0
-0.087,0,0
-0.0866,0,0
-0.0862,0,0
-0.0858,0,0
-0.0854,0,0
-0.085,0,0
-0.0846,0,0
-0.0842,0,0
-0.0838,0,0
-0.0834,0,0
-0.083,0,0
-0.0826,0,0
-0.0822,0,0
-0.0818,0,0
-0.0814,0,0
-0.081,0.0064816,0.00651154
-0.0806,0,0
-0.0802,0,0
-0.0798,0,0
-0.0794,0,0
-0.079,0,0
-0.0786,0.00585361,0.00586448
-0.0782,0,0
-0.0778,0,0
-0.0774,0,0
-0.077,0.000356248,0.00150175
-0.0766,0,0
-0.0762,0,0
-0.0758,0,0
-0.0754,0,0
-0.075,0,0
-0.0746,0,0
-0.0742,0.00578262,0.00579322
-0.0738,0,0
-0.0734,0,0
-0.073,0,0
-0.0726,0,0
-0.0722,0,0
-0.0718,0,0
-0.0714,0,0
-0.071,0,0
-0.0706,0.00552094,0.00553059
-0.0702,0,0
-0.0698,0,0
-0.0694,0,0
-0.069,0.00942632,0.00707342
-0.0686,0,0
-0.0682,0,0
-0.0678,0,0
-0.0674,0,0
-0.067,0,0
-0.0666,0,0
-0.0662,0,0
-0.0658,0.00914819,0.00705575
-0.0654,0,0
-0.065,0,0
-0.0646,0.0111734,0.00791726
-0.0642,0,0
-0.0638,0,0
-0.0634,0,0
-0.063,0,0
-0.0626,0,0
-0.0622,0,0
-0.0618,0,0
-0.0614,0,0
-0.061,0,0
-0.0606,0.00616938,0.00618141
-0.0602,0,0
-0.0598,0,0
-0.0594,0.00552198,0.00553161
-0.059,0.00658424,0.00659794
-0.0586,0,0
-0.0582,0,0
-0.0578,0,0
-0.0574,0,0
-0.057,0,0
-0.0566,0.0119543,0.00847457
-0.0562,0,0
-0.0558,0.00613057,0.00614243
-0.0554,0,0
-0.055,0.00348382,0.00464479
-0.0546,0,0
-0.0542,0,0
-0.0538,0,0
-0.0534,0,0
-0.053,0,0
-0.0526,0,0
-0.0522,0,0
-0.0518,0.00640702,0.00641997
-0.0514,0,0
-0.051,0,0
-0.0506,0,0
-0.0502,0,0
-0.0498,0,0
-0.0494,0.0116209,0.00831421
-0.049,0,0
-0.0486,0,0
-0.0482,0,0
-0.0478,0,0
-0.0474,0,0
-0.047,0.00542133,0.00543059
-0.0466,0,0
-0.0462,0.00571589,0.00572618
-0.0458,0,0
-0.0454,0,0
-0.045,0,0
-0.0446,0.00575888,0.00576933
-0.0442,0,0
-0.0438,0,0
-0.0434,0,0
-0.043,0.00625714,0.00626946
-0.0426,0,0
-0.0422,0,0
-0.0418,0.00529915,0.00530799
-0.0414,0,0
-0.041,0,0
-0.0406,0.00581066,0.00582129
-0.0402,0,0
-0.0398,0,0
-0.0394,0.00571116,0.00572142
-0.039,0.00655924,0.00657277
-0.0386,0.0065598,0.00657333
-0.0382,0,0
-0.0378,0,0
-0.0374,0,0
-0.037,0,0
-0.0366,0,0
-0.0362,0,0
-0.0358,0,0
-0.0354,0,0
-0.035,0,0
-0.0346,0,0
-0.0342,0.00590809,0.00600798
-0.0338,0,0
-0.0334,0,0
-0.033,0,0
-0.0326,0,0
-0.0322,0,0
-0.0318,0,0
-0.0314,0,0
-0.031,0,0
-0.0306,0.00635244,0.0063651
-0.0302,0.00399484,0.00504777
-0.0298,0.00590356,0.00591449
-0.0294,0,0
-0.029,0,0
-0.0286,0.00551678,0.00552633
-0.0282,0,0
-0.0278,0,0
-0.0274,0,0
-0.027,0.00553316,0.00554276
-0.0266,0.00557534,0.00558509
-0.0262,0.00566018,0.00567023
-0.0258,0,0
-0.0254,0.00550554,0.00551504
-0.025,0.00630339,0.00631584
-0.0246,0,0
-0.0242,0.00568333,0.00569346
-0.0238,0.00575888,0.00576928
-0.0234,0,0
-0.023,0,0
-0.0226,0,0
-0.0222,0,0
-0.0218,0.0044885,0.00510512
-0.0214,0,0
-0.021,0,0
-0.0206,0.00610086,0.00611252
-0.0202,0,0
-0.0198,0,0
-0.0194,0,0
-0.019,0,0
-0.0186,0.00585819,0.00586893
-0.0182,0.0065467,0.0060523
-0.0178,0,0
-0.0174,0.00576572,0.00577613
-0.017,0.00374615,0.00465685
-0.0166,0.00515027,0.00543936
-0.0162,0,0
-0.0158,0,0
-0.0154,0.00592781,0.0059388
-0.015,0,0
-0.0146,0.00591361,0.00592455
-0.0142,0.00527178,0.00528047
-0.0138,0,0
-0.0134,0,0
-0.013,0,0
-0.0126,0,0
-0.0122,0,0
-0.0118,0.00564298,0.00565294
-0.0114,0.0111803,0.00796471
-0.011,0,0
-0.0106,0.00191618,0.00336897
-0.0102,0.00190845,0.00336225
-0.0098,0,0
-0.0094,0,0
-0.009,0.00575994,0.0057703
-0.0086,0,0
-0.0082,0.00627585,0.00628815
-0.0078,0.00607894,0.00609048
-0.0074,0.00467503,0.00534134
-0.007,0.00530332,0.00559583
-0.0066,0.0128926,0.00884747
-0.0062,0.0057706,0.00578099
-0.0058,0,0
-0.0054,0.00595052,0.00596157
-0.005,0.0234223,0.0117337
-0.0046,0.0158938,0.00962168
-0.0042,0.0209133,0.0108995
-0.0038,0.0234485,0.011644
-0.0034,0.0696337,0.0204089
-0.003,0.0531678,0.0175336
-0.0026,0.162327,0.0307835
-0.0022,0.175305,0.0321884
-0.0018,0.342043,0.044129
-0.0014,0.715783,0.064918
-0.001,1.13524,0.081087
-0.0006,1.73813,0.100666
-0.0002,1.81378,0.0997489
0.0002,1.66948,0.0982255
0.0006,1.50862,0.0948378
0.001,1.04274,0.0793183
0.0014,0.430183,0.0495145
0.0018,0.310662,0.0417842
0.0022,0.166851,0.0317929
0.0026,0.0643184,0.0194372
0.003,0.0358714,0.0138555
0.0034,0.0154044,0.00978298
0.0038,0.0116065,0.00822192
0.0042,0,0
0.0046,0,0
0.005,0.0123125,0.00872673
0.0054,0,0
0.0058,0,0
0.0062,0,0
0.0066,0.00609372,0.00610528
0.007,0,0
0.0074,0.00567167,0.00568169
0.0078,0.0121142,0.00858221
0.0082,0,0
0.0086,0.0113365,0.00803028
0.009,0.0104922,0.00782411
0.0094,0,0
0.0098,0,0
0.0102,0.00314602,0.00407052
0.0106,0,0
0.011,0.00609247,0.00610401
0.0114,0.00578751,0.00579793
0.0118,0.00585471,0.00586538
0.0122,0,0
0.0126,0.00551522,0.00552468
0.013,0,0
0.0134,0,0
0.0138,0.00576357,0.00577389
0.0142,0.00456282,0.00499853
0.0146,0.00547734,0.00548667
0.015,0,0
0.0154,0.00580287,0.00581333
0.0158,0,0
0.0162,0.008337,0.00703158
0.0166,0,0
0.017,0,0
0.0174,0,0
0.0178,0,0
0.0182,0,0
0.0186,0,0
0.019,0,0
0.0194,0.00602457,0.00603584
0.0198,0,0
0.0202,0,0
0.0206,0.00568187,0.0056919
0.021,0,0
0.0214,0,0
0.0218,0,0
0.0222,0,0
0.0226,0,0
0.023,0.0109395,0.00774915
0.0234,0,0
0.0238,0,0
0.0242,0.0121374,0.00860302
0.0246,0,0
0.025,0,0
0.0254,0,0
0.0258,0.00596397,0.00597499
0.0262,0,0
0.0266,0.00613414,0.0061458
0.027,0,0
0.0274,0,0
0.0278,0,0
0.0282,0.00156362,0.00295467
0.0286,0,0
0.029,0,0
0.0294,0,0
0.0298,0,0
0.0302,0.00575926,0.00576954
0.0306,0,0
0.031,0,0
0.0314,0,0
0.0318,0,0
0.0322,0,0
0.0326,0,0
0.033,0,0
0.0334,0.00585737,0.00586799
0.0338,0.00571545,0.00572556
0.0342,0,0
0.0346,0.00632578,0.00633816
0.035,0,0
0.0354,0.00224907,0.00364762
0.0358,0,0
0.0362,0,0
0.0366,0,0
0.037,0.00562166,0.00563144
0.0374,0,0
0.0378,0,0
0.0382,0,0
0.0386,0,0
0.039,0,0
0.0394,0,0
0.0398,0,0
0.0402,0,0
0.0406,0.00552532,0.00553475
0.041,0,0
0.0414,0.00582638,0.00583687
0.0418,0,0
0.0422,0,0
0.0426,0.01156,0.00819575
0.043,0,0
0.0434,0,0
0.0438,0.0121565,0.0086121
0.0442,0,0
0.0446,0,0
0.045,0,0
0.0454,0.00542817,0.00548116
0.0458,0.00568207,0.00569204
0.0462,0.00570069,0.00571072
0.0466,0,0
0.047,0,0
0.0474,0,0
0.0478,0,0
0.0482,0.00181401,0.00326473
0.0486,0,0
0.049,0.0123433,0.00874469
0.0494,0,0
0.0498,0,0
0.0502,0,0
0.0506,0,0
0.051,0,0
0.0514,0,0
0.0518,0,0
0.0522,0.00330347,0.0043816
0.0526,0,0
0.053,0,0
0.0534,0,0
0.0538,0,0
0.0542,0,0
0.0546,0,0
0.055,0,0
0.0554,0,0
0.0558,0,0
0.0562,0,0
0.0566,0,0
0.057,0,0
0.0574,0,0
0.0578,0,0
0.0582,0,0
0.0586,0,0
0.059,0,0
0.0594,0,0
0.0598,0,0
0.0602,0,0
0.0606,0,0
0.061,0.0055199,0.00552927
0.0614,0,0
0.0618,0,0
0.0622,0.00989439,0.00768768
0.0626,0.00612944,0.00614099
0.063,0,0
0.0634,0,0
0.0638,0,0
0.0642,0,0
0.0646,0.00535652,0.00536534
0.065,0.0112617,0.00797705
0.0654,0,0
0.0658,0,0
0.0662,0.00597481,0.00598577
0.0666,0,0
0.067,0,0
0.0674,0,0
0.0678,0,0
0.0682,0,0
0.0686,0.0122807,0.00870015
0.069,0,0
0.0694,0,0
0.0698,0,0
0.0702,0,0
0.0706,0,0
0.071,0,0
0.0714,0,0
0.0718,0,0
0.0722,0,0
0.0726,0,0
0.073,0.00425107,0.00521136
0.0734,0,0
0.0738,0.0119889,0.00849306
0.0742,0,0
0.0746,0,0
0.075,0,0
0.0754,0.00201231,0.00334901
0.0758,0,0
0.0762,0,0
0.0766,0,0
0.077,0.00586359,0.00587412
0.0774,0.00570222,0.00571218
0.0778,0,0
0.0782,0,0
0.0786,0,0
0.079,0,0
0.0794,0,0
0.0798,0,0
0.0802,0,0
0.0806,0.00556,0.00556947
0.081,0,0
0.0814,0,0
0.0818,0,0
0.0822,0,0
0.0826,0,0
0.083,0,0
0.0834,0.00618672,0.00619843
0.0838,0.00614933,0.00616089
0.0842,0,0
0.0846,0,0
0.085,0.00636751,0.0063799
0.0854,0,0
0.0858,0,0
0.0862,0,0
0.0866,0.00537879,0.00538764
0.087,0.00539809,0.005407
0.0874,0,0
0.0878,0,0
0.0882,0,0
0.0886,0.00611957,0.00613101
0.089,0.00249248,0.00395582
0.0894,0.00625489,0.00626684
0.0898,0,0
0.0902,0,0
0.0906,0,0
0.091,0,0
0.0914,0,0
0.0918,0,0
0.0922,0,0
0.0926,0,0
0.093,0,0
0.0934,0,0
0.0938,0,0
0.0942,0.00582252,0.00583286
0.0946,0,0
0.095,0,0
0.0954,0,0
0.0958,0,0
0.0962,0,0
0.0966,0,0
0.097,0,0
0.0974,0.0062734,0.00628539
0.0978,0,0
0.0982,0,0
0.0986,0,0
0.099,0,0
0.0994,0.00619514,0.00620683
0.0998,0,0
0.1002,0,0
0.1006,0,0
0.101,0,0
0.1014,0,0
0.1018,0,0
0.1022,0,0
0.1026,0,0
0.103,0,0
0.1034,0,0
0.1038,0,0
0.1042,0,0
0.1046,0,0
0.105,0,0
0.1054,0,0
0.1058,0,0
0.1062,0,0
0.1066,0.0147792,0.0104752
0.107,0.00750225,0.00751935
0.1074,0.00824577,0.00826643
0.1078,0,0
0.1082,0,0
0.1086,0,0
0.109,0,0
0.1094,0,0
0.1098,0,0
0.1102,0.00824569,0.00826633
0.1106,0,0
0.111,0,0
0.1114,0,0
0.1118,0,0
0.1122,0,0
0.1126,0,0
0.113,0,0
0.1134,0,0
0.1138,0,0
0.1142,0,0
0.1146,0,0
0.115,0,0
0.1154,0.00920102,0.00922668
0.1158,0,0
0.1162,0,0
0.1166,0,0
0.117,0,0
0.1174,0,0
0.1178,0,0
0.1182,0,0
0.1186,0,0
0.119,0,0
0.1194,0,0
0.1198,0,0
3
-0.1198,0,0
-0.1194,0,0
-0.119,0,0
-0.1186,0,0
-0.1182,0,0
-0.1178,0,0
-0.1174,0,0
-0.117,0,0
-0.1166,0,0
-0.1162,0.00599649,0.00600753
-0.1158,0,0
-0.1154,0,0
-0.115,0,0
-0.1146,0,0
-0.1142,0.00617194,0.00618363
-0.1138,0,0
-0.1134,0.00621133,0.00622317
-0.113,0,0
-0.1126,0,0
-0.1122,0,0
-0.1118,0.00120811,0.00257293
-0.1114,0,0
-0.111,0.000257006,0.00125004
-0.1106,0,0
-0.1102,0,0
-0.1098,0,0
-0.1094,0,0
-0.109,0,0
-0.1086,0,0
-0.1082,0,0
-0.1078,0,0
-0.1074,0,0
-0.107,0,0
-0.1066,0,0
-0.1062,0,0
-0.1058,0,0
-0.1054,0,0
-0.105,0,0
-0.1046,0,0
-0.1042,0,0
-0.1038,0,0
-0.1034,0,0
-0.103,0,0
-0.1026,0,0
-0.1022,0,0
-0.1018,0,0
-0.1014,0,0
-0.101,0,0
-0.1006,0,0
-0.1002,0,0
-0.0998,0,0
-0.0994,0,0
-0.099,0,0
-0.0986,0,0
-0.0982,0,0
-0.0978,0,0
-0.0974,0,0
-0.097,0,0
-0.0966,0,0
-0.0962,0,0
-0.0958,0,0
-0.0954,0,0
-0.095,0,0
-0.0946,0.00620701,0.00621874
-0.0942,0,0
-0.0938,0,0
-0.0934,0,0
-0.093,0,0
-0.0926,0,0
-0.0922,0.00603654,0.00604763
-0.0918,0,0
-0.0914,0,0
-0.091,0,0
-0.0906,0,0
-0.0902,0,0
-0.0898,0,0
-0.0894,0,0
-0.089,0,0
-0.0886,0,0
-0.0882,0,0
-0.0878,0,0
-0.0874,0,0
-0.087,0,0
-0.0866,0,0
-0.0862,0,0
-0.0858,0.00655421,0.00656724
-0.0854,0,0
-0.085,0,0
-0.0846,0,0
-0.0842,0,0
-0.0838,0,0
-0.0834,0.00596955,0.00598035
-0.083,0,0
-0.0826,0,0
-0.0822,0,0
-0.0818,0,0
-0.0814,0,0
-0.081,0,0
-0.0806,0,0
-0.0802,0,0
-0.0798,0.00591094,0.00592151
-0.0794,0.00591217,0.00592274
-0.079,0.0119935,0.00849872
-0.0786,0,0
-0.0782,0,0
-0.0778,0,0
-0.0774,0,0
-0.077,0.00662346,0.00663671
-0.0766,0,0
-0.0762,0,0
-0.0758,0,0
-0.0754,0.00553465,0.00587317
-0.075,0,0
-0.0746,0,0
-0.0742,0,0
-0.0738,0,0
-0.0734,0,0
-0.073,0.00642133,0.00643376
-0.0726,0,0
-0.0722,0,0
-0.0718,0.00294672,0.00434655
-0.0714,0,0
-0.071,0,0
-0.0706,0,0
-0.0702,0,0
-0.0698,0,0
-0.0694,0,0
-0.069,0,0
-0.0686,0.00637631,0.00638854
-0.0682,0.00257758,0.00398893
-0.0678,0,0
-0.0674,0,0
-0.067,0.00529459,0.00550243
-0.0666,0,0
-0.0662,0.00530173,0.00561481
-0.0658,0,0
-0.0654,0,0
-0.065,0,0
-0.0646,0,0
-0.0642,0,0
-0.0638,0,0
-0.0634,0,0
-0.063,0.0051035,0.00549589
-0.0626,0,0
-0.0622,0.00612017,0.0061314
-0.0618,0,0
-0.0614,0,0
-0.061,0,0
-0.0606,0,0
-0.0602,0,0
-0.0598,0,0
-0.0594,0,0
-0.059,0,0
-0.0586,0,0
-0.0582,0,0
-0.0578,0,0
-0.0574,0,0
-0.057,0,0
-0.0566,0,0
-0.0562,0,0
-0.0558,0,0
-0.0554,0,0
-0.055,0,0
-0.0546,0.00659981,0.00661282
-0.0542,0,0
-0.0538,0,0
-0.0534,0,0
-0.053,0,0
-0.0526,0,0
-0.0522,0,0
-0.0518,0,0
-0.0514,0.00641922,0.00643151
-0.051,0,0
-0.0506,0,0
-0.0502,0,0
-0.0498,0,0
-0.0494,0,0
-0.049,0,0
-0.0486,0,0
-0.0482,0.00662374,0.00663681
-0.0478,0,0
-0.0474,0,0
-0.047,0,0
-0.0466,0,0
-0.0462,0,0
-0.0458,0.00415766,0.00527881
-0.0454,0,0
-0.045,0.00487471,0.00547786
-0.0446,0,0
-0.0442,0.0128918,0.00914645
-0.0438,0,0
-0.0434,0,0
-0.043,0.00663129,0.00664435
-0.0426,0,0
-0.0422,0,0
-0.0418,0.00561733,0.0056267
-0.0414,0,0
-0.041,0,0
-0.0406,0,0
-0.0402,0,0
-0.0398,0,0
-0.0394,0,0
-0.039,0,0
-0.0386,0,0
-0.0382,0,0
-0.0378,0.00143557,0.00289649
-0.0374,0,0
-0.037,0,0
-0.0366,0.00534893,0.00602597
-0.0362,0,0
-0.0358,0,0
-0.0354,0,0
-0.035,0,0
-0.0346,0,0
-0.0342,0.000189182,0.00110779
-0.0338,0,0
-0.0334,0,0
-0.033,0,0
-0.0326,0,0
-0.0322,0.012781,0.00905537
-0.0318,0,0
-0.0314,0,0
-0.031,0,0
-0.0306,0,0
-0.0302,0,0
-0.0298,0,0
-0.0294,0,0
-0.029,0,0
-0.0286,0,0
-0.0282,0,0
-0.0278,0,0
-0.0274,0,0
-0.027,0,0
-0.0266,0,0
-0.0262,0,0
-0.0258,0,0
-0.0254,0,0
-0.025,0,0
-0.0246,0.012402,0.00878831
-0.0242,0,0
-0.0238,0,0
-0.0234,0,0
-0.023,0,0
-0.0226,0,0
-0.0222,0,0
-0.0218,0,0
-0.0214,0,0
-0.021,0,0
-0.0206,0,0
-0.0202,0.0123959,0.00879131
-0.0198,0,0
-0.0194,0,0
-0.019,0.00613622,0.00614728
-0.0186,0,0
-0.0182,0.0115371,0.00817181
-0.0178,0,0
-0.0174,0,0
-0.017,0.00610125,0.00611218
-0.0166,0.000611786,0.00193562
-0.0162,0.00651739,0.00652985
-0.0158,0,0
-0.0154,0,0
-0.015,0.00632218,0.0063339
-0.0146,0.00630694,0.00631861
-0.0142,0,0
-0.0138,0,0
-0.0134,0,0
-0.013,0,0
-0.0126,0,0
-0.0122,0.00601672,0.00602733
-0.0118,0,0
-0.0114,0.000136423,0.000909745
-0.011,0,0
-0.0106,0.0105527,0.00816801
-0.0102,0.0062213,0.00627196
-0.0098,0.00579578,0.00580561
-0.0094,0,0
-0.009,0.00575268,0.00576237
-0.0086,0,0
-0.0082,0,0
-0.0078,0,0
-0.0074,0,0
-0.007,0,0
-0.0066,0.00561214,0.00603332
-0.0062,0,0
-0.0058,0.00616593,0.00617704
-0.0054,0.0122205,0.00865663
-0.005,0.00611114,0.00612205
-0.0046,0.0348457,0.0147118
-0.0042,0.0242546,0.0121738
-0.0038,0.0246364,0.0123631
-0.0034,0.0723254,0.0218729
-0.003,0.0688094,0.0206254
-0.0026,0.120669,0.0274344
-0.0022,0.162805,0.031993
-0.0018,0.257511,0.0395748
-0.0014,0.531677,0.0579703
-0.001,0.689515,0.0653475
-0.0006,0.770244,0.0692702
-0.0002,1.1145,0.0809009
0.0002,0.970999,0.0775963
0.0006,0.902385,0.0758526
0.001,0.664944,0.0655099
0.0014,0.318955,0.043913
0.0018,0.215114,0.0358122
0.0022,0.105655,0.0261798
0.0026,0.0124819,0.00884615
0.003,0.0259197,0.0122876
0.0034,0.023261,0.012438
0.0038,0,0
0.0042,0.0340529,0.0150693
0.0046,0.0068167,0.00683022
0.005,0,0
0.0054,0,0
0.0058,0.00604459,0.00605521
0.0062,0.00622422,0.00623548
0.0066,0,0
0.007,0,0
0.0074,0.00607426,0.00608498
0.0078,0.00668008,0.00669304
0.0082,0,0
0.0086,0,0
0.009,0.00642592,0.00643791
0.0094,0,0
0.0098,0,0
0.0102,0,0
0.0106,0,0
0.011,0,0
0.0114,0,0
0.0118,0.00627903,0.00629047
0.0122,0,0
0.0126,0,0
0.013,0,0
0.0134,0.00627615,0.00628756
0.0138,0,0
0.0142,0,0
0.0146,0,0
0.015,0,0
0.0154,0,0
0.0158,0,0
0.0162,0.0100781,0.00800951
0.0166,0.00532041,0.00569996
0.017,0,0
0.0174,0,0
0.0178,0,0
0.0182,0.00653766,0.00655003
0.0186,0.00616883,0.00617984
0.019,0,0
0.0194,0,0
0.0198,0,0
0.0202,0,0
0.0206,0.00610294,0.00611371
0.021,0,0
0.0214,0.00322951,0.00458103
0.0218,0.0123009,0.00871354
0.0222,0,0
0.0226,0,0
0.023,0,0
0.0234,0,0
0.0238,0,0
0.0242,0.00673097,0.00674405
0.0246,0,0
0.025,0,0
0.0254,0,0
0.0258,0.00599312,0.00600348
0.0262,0.000866281,0.00231466
0.0266,0,0
0.027,0,0
0.0274,0.0147635,0.00957435
0.0278,0.00191535,0.00346652
0.0282,0,0
0.0286,0,0
0.029,0,0
0.0294,0,0
0.0298,0,0
0.0302,0,0
0.0306,0,0
0.031,0,0
0.0314,0.00630873,0.00632019
0.0318,0,0
0.0322,0.00645439,0.00646638
0.0326,0,0
0.033,0,0
0.0334,0,0
0.0338,0,0
0.0342,0,0
0.0346,0,0
0.035,0,0
0.0354,0,0
0.0358,0,0
0.0362,0,0
0.0366,0,0
0.037,0,0
0.0374,0,0
0.0378,0,0
0.0382,0,0
0.0386,0.00621475,0.00622584
0.039,0.00580673,0.00581641
0.0394,0,0
0.0398,0,0
0.0402,0,0
0.0406,0,0
0.041,0,0
0.0414,0,0
0.0418,0.00627988,0.00629119
0.0422,0.00640976,0.00642154
0.0426,0,0
0.043,0,0
0.0434,0,0
0.0438,0,0
0.0442,0,0
0.0446,0,0
0.045,0,0
0.0454,9.45438e-05,0.00075113
0.0458,0,0
0.0462,0,0
0.0466,0,0
0.047,0,0
0.0474,0,0
0.0478,0,0
0.0482,0.00435808,0.00525542
0.0486,0.00558503,0.00559396
0.049,0,0
0.0494,0,0
0.0498,0,0
0.0502,0,0
0.0506,0,0
0.051,0,0
0.0514,0,0
0.0518,0.00672435,0.00673727
0.0522,0,0
0.0526,0,0
0.053,0,0
0.0534,0.00580239,0.00581201
0.0538,0,0
0.0542,0,0
0.0546,0,0
0.055,0,0
0.0554,0,0
0.0558,0,0
0.0562,0,0
0.0566,0,0
0.057,0.00647475,0.00648671
0.0574,0,0
0.0578,0,0
0.0582,0,0
0.0586,0,0
0.059,0.00644553,0.00645738
0.0594,0,0
0.0598,0,0
0.0602,0,0
0.0606,0,0
0.061,0.00613733,0.00614806
0.0614,0,0
0.0618,0,0
0.0622,0,0
0.0626,0,0
0.063,0,0
0.0634,0,0
0.0638,0.00647707,0.00648901
0.0642,0,0
0.0646,0,0
0.065,0,0
0.0654,0,0
0.0658,0,0
0.0662,0,0
0.0666,0,0
0.067,0,0
0.0674,0,0
0.0678,0,0
0.0682,0.00652029,0.00653238
0.0686,0.00663352,0.00664603
0.069,0.00621416,0.00622513
0.0694,0,0
0.0698,0,0
0.0702,0,0
0.0706,0,0
0.071,0,0
0.0714,0,0
0.0718,0,0
0.0722,0.00650395,0.00651596
0.0726,0,0
0.073,0.00915976,0.0079521
0.0734,0,0
0.0738,0,0
0.0742,0,0
0.0746,0,0
0.075,0,0
0.0754,0.00382862,0.00480245
0.0758,0,0
0.0762,0,0
0.0766,0,0
0.077,0,0
0.0774,0,0
0.0778,0,0
0.0782,0,0
0.0786,0.0131749,0.00933346
0.079,0,0
0.0794,0,0
0.0798,0.00680247,0.00681557
0.0802,0,0
0.0806,0,0
0.081,0,0
0.0814,0,0
0.0818,0,0
0.0822,0,0
0.0826,0,0
0.083,0,0
0.0834,0,0
0.0838,0,0
0.0842,0,0
0.0846,0,0
0.085,0,0
0.0854,0,0
0.0858,0,0
0.0862,0,0
0.0866,0.00647684,0.0064887
0.087,0.00583791,0.00584754
0.0874,0,0
0.0878,0,0
0.0882,0,0
0.0886,0,0
0.089,0.00406853,0.005256
0.0894,0,0
0.0898,0,0
0.0902,0,0
0.0906,0,0
0.091,0.00610496,0.00611549
0.0914,0.0059022,0.00591204
0.0918,0,0
0.0922,0,0
0.0926,0,0
0.093,0,0
0.0934,0,0
0.0938,0,0
0.0942,0,0
0.0946,0,0
0.095,0,0
0.0954,0,0
0.0958,0,0
0.0962,0,0
0.0966,0,0
0.097,0,0
0.0974,0,0
0.0978,0,0
0.0982,0,0
0.0986,0,0
0.099,0,0
0.0994,0,0
0.0998,0.00721319,0.00722785
0.1002,0,0
0.1006,0.00339983,0.0052906
0.101,0,0
0.1014,0.00745516,0.00747081
0.1018,0,0
0.1022,0.00665302,0.00666548
0.1026,0,0
0.103,0,0
0.1034,0,0
0.1038,0,0
0.1042,0,0
0.1046,0,0
0.105,0,0
0.1054,0,0
0.1058,0,0
0.1062,0,0
0.1066,0,0
0.107,0,0
0.1074,0,0
0.1078,0,0
0.1082,0,0
0.1086,0,0
0.109,0,0
0.1094,0,0
0.1098,0,0
0.1102,0,0
0.1106,0,0
0.111,0,0
0.1114,0,0
0.1118,0.000570171,0.00227945
0.1122,0,0
0.1126,0,0
0.113,0,0
0.1134,0,0
0.1138,0,0
0.1142,0,0
0.1146,0,0
0.115,0.0106641,0.0106961
0.1154,0,0
0.1158,0,0
0.1162,0.0109183,0.0109518
0.1166,0,0
0.117,0,0
0.1174,0.0102018,0.010231
0.1178,0,0
0.1182,0,0
0.1186,0,0
0.119,0,0
0.1194,0,0
0.1198,0,0
4
-0.1198,0,0
-0.1194,0,0
-0.119,0,0
-0.1186,0,0
-0.1182,0.00426039,0.00513115
-0.1178,0,0
-0.1174,0,0
-0.117,0,0
-0.1166,0,0
-0.1162,0,0
-0.1158,0,0
-0.1154,0,0
-0.115,0,0
-0.1146,0,0
-0.1142,0,0
-0.1138,0.00649548,0.00650837
-0.1134,0,0
-0.113,0.00659449,0.00660777
-0.1126,0,0
-0.1122,0,0
-0.1118,0.00427058,0.00484734
-0.1114,0,0
-0.111,0.00582504,0.00596373
-0.1106,0,0
-0.1102,0,0
-0.1098,0,0
-0.1094,0,0
-0.109,0,0
-0.1086,0,0
-0.1082,0,0
-0.1078,0,0
-0.1074,0,0
-0.107,0,0
-0.1066,0,0
-0.1062,0,0
-0.1058,0,0
-0.1054,0,0
-0.105,0,0
-0.1046,0,0
-0.1042,0.00632231,0.00633446
-0.1038,0,0
-0.1034,0,0
-0.103,0.0063816,0.00639397
-0.1026,0,0
-0.1022,0.00644199,0.0064546
-0.1018,0,0
-0.1014,0,0
-0.101,0,0
-0.1006,0,0
-0.1002,0,0
-0.0998,0,0
-0.0994,0,0
-0.099,0,0
-0.0986,0.00623777,0.00624956
-0.0982,0,0
-0.0978,0,0
-0.0974,0,0
-0.097,0,0
-0.0966,0,0
-0.0962,0.00601715,0.00602812
-0.0958,0,0
-0.0954,0,0
-0.095,0,0
-0.0946,0,0
-0.0942,0,0
-0.0938,0.00592459,0.00593521
-0.0934,0,0
-0.093,0.00617475,0.00618628
-0.0926,0,0
-0.0922,0,0
-0.0918,0,0
-0.0914,0,0
-0.091,0,0
-0.0906,0.00616925,0.00618074
-0.0902,0,0
-0.0898,0,0
-0.0894,0,0
-0.089,0,0
-0.0886,0.00673757,0.00675127
-0.0882,0,0
-0.0878,0,0
-0.0874,0,0
-0.087,0,0
-0.0866,0,0
-0.0862,0,0
-0.0858,0,0
-0.0854,0,0
-0.085,0,0
-0.0846,0,0
-0.0842,0,0
-0.0838,0,0
-0.0834,0,0
-0.083,0,0
-0.0826,0,0
-0.0822,0,0
-0.0818,0,0
-0.0814,0,0
-0.081,0,0
-0.0806,0.000671792,0.00207366
-0.0802,0,0
-0.0798,0.00594286,0.00595349
-0.0794,0,0
-0.079,0,0
-0.0786,0.0309522,0.0138682
-0.0782,0,0
-0.0778,0,0
-0.0774,0.00629361,0.00630552
-0.077,0,0
-0.0766,0,0
-0.0762,0,0
-0.0758,0,0
-0.0754,0.00067762,0.00205984
-0.075,0,0
-0.0746,0,0
-0.0742,0,0
-0.0738,0,0
-0.0734,0,0
-0.073,0.00644916,0.00646164
-0.0726,0,0
-0.0722,0,0
-0.0718,0.00988687,0.00798601
-0.0714,0,0
-0.071,0.0064294,0.00644179
-0.0706,0,0
-0.0702,0,0
-0.0698,0,0
-0.0694,0,0
-0.069,0,0
-0.0686,0,0
-0.0682,0.00358526,0.00471272
-0.0678,0,0
-0.0674,0,0
-0.067,0.0061236,0.00592744
-0.0666,0,0
-0.0662,0.000625531,0.00193172
-0.0658,0,0
-0.0654,0,0
-0.065,0,0
-0.0646,0,0
-0.0642,0,0
-0.0638,0,0
-0.0634,0,0
-0.063,0.000796238,0.00217377
-0.0626,0.00558922,0.00559857
-0.0622,0.00613609,0.00614734
-0.0618,0,0
-0.0614,0,0
-0.061,0.00615892,0.00617025
-0.0606,0,0
-0.0602,0,0
-0.0598,0.00601389,0.0060247
-0.0594,0,0
-0.059,0,0
-0.0586,0,0
-0.0582,0,0
-0.0578,0,0
-0.0574,0,0
-0.057,0,0
-0.0566,0,0
-0.0562,0,0
-0.0558,0,0
-0.0554,0,0
-0.055,0,0
-0.0546,0,0
-0.0542,0,0
-0.0538,0,0
-0.0534,0,0
-0.053,0.00634753,0.00635955
-0.0526,0,0
-0.0522,0,0
-0.0518,0,0
-0.0514,0,0
-0.051,0,0
-0.0506,0,0
-0.0502,0,0
-0.0498,0.0066263,0.00663939
-0.0494,0.00633829,0.00635026
-0.049,0.00619806,0.0062095
-0.0486,0,0
-0.0482,0,0
-0.0478,0.00600008,0.00601081
-0.0474,0,0
-0.047,0,0
-0.0466,0,0
-0.0462,0.00637454,0.00638664
-0.0458,0.00251565,0.00410415
-0.0454,0.00636949,0.00638157
-0.045,0.00125705,0.00278005
-0.0446,0.00612619,0.00613736
-0.0442,0.00609339,0.00610444
-0.0438,0,0
-0.0434,0,0
-0.043,0,0
-0.0426,0.0067107,0.00672409
-0.0422,0,0
-0.0418,0,0
-0.0414,0.00628642,0.00629818
-0.041,0,0
-0.0406,0,0
-0.0402,0,0
-0.0398,0,0
-0.0394,0.0062354,0.00624696
-0.039,0,0
-0.0386,0,0
-0.0382,0,0
-0.0378,0.00437577,0.00504962
-0.0374,0,0
-0.037,0,0
-0.0366,0.00140817,0.00308694
-0.0362,0,0
-0.0358,0,0
-0.0354,0,0
-0.035,0,0
-0.0346,0,0
-0.0342,0,0
-0.0338,0.00666623,0.00667942
-0.0334,0,0
-0.033,0,0
-0.0326,0,0
-0.0322,0,0
-0.0318,0,0
-0.0314,0,0
-0.031,0,0
-0.0306,0,0
-0.0302,0,0
-0.0298,0,0
-0.0294,0.00568776,0.00569736
-0.029,0,0
-0.0286,0,0
-0.0282,0,0
-0.0278,0.00635742,0.00636941
-0.0274,0,0
-0.027,0,0
-0.0266,0,0
-0.0262,0,0
-0.0258,0,0
-0.0254,0,0
-0.025,0.00666192,0.00667508
-0.0246,0,0
-0.0242,0,0
-0.0238,0,0
-0.0234,0,0
-0.023,0.00591665,0.00592704
-0.0226,0.00603015,0.00604093
-0.0222,0,0
-0.0218,0,0
-0.0214,0,0
-0.021,0,0
-0.0206,0,0
-0.0202,0,0
-0.0198,0,0
-0.0194,0,0
-0.019,0,0
-0.0186,0,0
-0.0182,0,0
-0.0178,0,0
-0.0174,0,0
-0.017,0,0
-0.0166,0,0
-0.0162,0,0
-0.0158,0,0
-0.0154,0,0
-0.015,0,0
-0.0146,0,0
-0.0142,0,0
-0.0138,6.57269e-06,0.000194596
-0.0134,0.00609156,0.00610256
-0.013,0,0
-0.0126,0.0059781,0.00598869
-0.0122,0.00594697,0.00595745
-0.0118,0.00589187,0.00590216
-0.0114,0,0
-0.011,0,0
-0.0106,0.00622138,0.00623286
-0.0102,0.00428694,0.00517382
-0.0098,0.00561484,0.00562418
-0.0094,0,0
-0.009,0.00567772,0.00568728
-0.0086,0.0183606,0.0106198
-0.0082,0.00661171,0.00662467
-0.0078,0,0
-0.0074,0,0
-0.007,0,0
-0.0066,0,0
-0.0062,0.0119409,0.00845846
-0.0058,0.00607493,0.00608588
-0.0054,0,0
-0.005,0.0184396,0.0106668
-0.0046,0.014518,0.00945006
-0.0042,0.0179811,0.0103999
-0.0038,0.0175513,0.0101509
-0.0034,0.0316129,0.014181
-0.003,0.05352,0.0180441
-0.0026,0.0438688,0.0164306
-0.0022,0.13479,0.0289594
-0.0018,0.209541,0.0354025
-0.0014,0.441411,0.0523383
-0.001,0.712237,0.0658175
-0.0006,0.875194,0.0731908
-0.0002,0.934048,0.0734214
0.0002,0.808219,0.0700386
0.0006,0.9265,0.0761648
0.001,0.455542,0.0537299
0.0014,0.308422,0.0427614
0.0018,0.158865,0.0307023
0.0022,0.10997,0.0264459
0.0026,0.0430312,0.0163014
0.003,0.0446537,0.0160154
0.0034,0.0259793,0.0130148
0.0038,0.00608928,0.00610029
0.0042,0.0121115,0.0088672
0.0046,0,0
0.005,0,0
0.0054,0,0
0.0058,0.0121863,0.00863259
0.0062,0,0
0.0066,0.00618032,0.00619167
0.007,0.0182727,0.0105752
0.0074,0.00594414,0.00595463
0.0078,0.00634763,0.00635959
0.0082,0,0
0.0086,0.000252195,0.00122475
0.009,0.00628118,0.0062929
0.0094,0,0
0.0098,0,0
0.0102,0,0
0.0106,0,0
0.011,0,0
0.0114,0,0
0.0118,0,0
0.0122,0,0
0.0126,0.00577103,0.00578093
0.013,0.00605813,0.00606904
0.0134,0,0
0.0138,0.00570765,0.00571734
0.0142,0,0
0.0146,0,0
0.015,0,0
0.0154,0,0
0.0158,0,0
0.0162,0,0
0.0166,0.000744454,0.00210371
0.017,0,0
0.0174,0.00635338,0.00636538
0.0178,0.00611464,0.00612576
0.0182,0.00617634,0.00618768
0.0186,0,0
0.019,0,0
0.0194,0,0
0.0198,0,0
0.0202,0,0
0.0206,0,0
0.021,0,0
0.0214,0.00315115,0.0044596
0.0218,0,0
0.0222,0,0
0.0226,0,0
0.023,0,0
0.0234,0,0
0.0238,0.00592594,0.00593639
0.0242,0.00652872,0.0065414
0.0246,0,0
0.025,0,0
0.0254,0,0
0.0258,0,0
0.0262,0.0111038,0.00815744
0.0266,0,0
0.027,0,0
0.0274,0.00979675,0.00772734
0.0278,0.00419848,0.00505028
0.0282,0,0
0.0286,0,0
0.029,0,0
0.0294,0,0
0.0298,0.00646697,0.00647942
0.0302,0,0
0.0306,0,0
0.031,0,0
0.0314,0,0
0.0318,0,0
0.0322,0,0
0.0326,0.00613401,0.00614522
0.033,0,0
0.0334,0,0
0.0338,0,0
0.0342,0,0
0.0346,0,0
0.035,0,0
0.0354,0,0
0.0358,0,0
0.0362,0.0059076,0.00591799
0.0366,0,0
0.037,0.00611291,0.00612404
0.0374,0,0
0.0378,0,0
0.0382,0,0
0.0386,0,0
0.039,0,0
0.0394,0,0
0.0398,0,0
0.0402,0,0
0.0406,0,0
0.041,0,0
0.0414,0,0
0.0418,0,0
0.0422,0,0
0.0426,0.00574638,0.00575622
0.043,0,0
0.0434,0,0
0.0438,0,0
0.0442,0,0
0.0446,0,0
0.045,0.00601997,0.00603077
0.0454,0,0
0.0458,0,0
0.0462,0,0
0.0466,0,0
0.047,0,0
0.0474,0.0061463,0.00615756
0.0478,0,0
0.0482,0,0
0.0486,0,0
0.049,0,0
0.0494,0,0
0.0498,0,0
0.0502,0.00532005,0.00532849
0.0506,0,0
0.051,0,0
0.0514,0,0
0.0518,0,0
0.0522,0,0
0.0526,0,0
0.053,0,0
0.0534,0.00602251,0.00603333
0.0538,0,0
0.0542,0,0
0.0546,0,0
0.055,0,0
0.0554,0,0
0.0558,0,0
0.0562,0,0
0.0566,0,0
0.057,0,0
0.0574,0,0
0.0578,0,0
0.0582,0,0
0.0586,0,0
0.059,0.0059217,0.00593216
0.0594,0.00612099,0.00613217
0.0598,0,0
0.0602,0.00620336,0.00621484
0.0606,0,0
0.061,0,0
0.0614,0.00585966,0.00586991
0.0618,0,0
0.0622,0,0
0.0626,0,0
0.063,0,0
0.0634,0,0
0.0638,0.00632575,0.00633769
0.0642,0.00617783,0.00618922
0.0646,0.0055171,0.00552618
0.065,0,0
0.0654,0,0
0.0658,0,0
0.0662,0,0
0.0666,0.00620089,0.00621236
0.067,0,0
0.0674,0,0
0.0678,0,0
0.0682,0,0
0.0686,0.00631732,0.00632923
0.069,0.00599034,0.00600105
0.0694,0,0
0.0698,0,0
0.0702,0,0
0.0706,0.0116829,0.00827546
0.071,0,0
0.0714,0,0
0.0718,0,0
0.0722,0,0
0.0726,0,0
0.073,0.00653943,0.0065522
0.0734,0,0
0.0738,0,0
0.0742,0,0
0.0746,0.00617575,0.00618714
0.075,0,0
0.0754,0,0
0.0758,0,0
0.0762,0,0
0.0766,0.00550884,0.00551791
0.077,0,0
0.0774,0,0
0.0778,0,0
0.0782,0,0
0.0786,0,0
0.079,0.00645072,0.00646314
0.0794,0,0
0.0798,0,0
0.0802,0.006227,0.00623858
0.0806,0,0
0.081,0,0
0.0814,0.00559121,0.00560054
0.0818,0,0
0.0822,0,0
0.0826,0,0
0.083,0,0
0.0834,0,0
0.0838,0,0
0.0842,0,0
0.0846,0,0
0.085,0,0
0.0854,0.00587336,0.00588366
0.0858,0,0
0.0862,0,0
0.0866,0.00613453,0.00614576
0.087,0,0
0.0874,0,0
0.0878,0,0
0.0882,0,0
0.0886,0,0
0.089,0.00640302,0.00641525
0.0894,0.00640313,0.00641536
0.0898,0,0
0.0902,0,0
0.0906,0,0
0.091,0,0
0.0914,0,0
0.0918,0,0
0.0922,0,0
0.0926,0.0114165,0.00808647
0.093,0.00646796,0.00648044
0.0934,0,0
0.0938,0,0
0.0942,0,0
0.0946,0,0
0.095,0,0
0.0954,0,0
0.0958,0,0
0.0962,0,0
0.0966,0.00606239,0.00607335
0.097,0,0
0.0974,0,0
0.0978,0,0
0.0982,0,0
0.0986,0,0
0.099,0,0
0.0994,0,0
0.0998,0.00655719,0.00657002
0.1002,0,0
0.1006,0.00452923,0.00593466
0.101,0,0
0.1014,0,0
0.1018,0,0
0.1022,0,0
0.1026,0,0
0.103,0.00710353,0.00711858
0.1034,0,0
0.1038,0,0
0.1042,0,0
0.1046,0,0
0.105,0,0
0.1054,0,0
0.1058,0,0
0.1062,0,0
0.1066,0,0
0.107,0.00789216,0.00791071
0.1074,0.00841384,0.00843492
0.1078,0,0
0.1082,0,0
0.1086,0,0
0.109,0,0
0.1094,0.00898298,0.009007
0.1098,0,0
0.1102,0,0
0.1106,0,0
0.111,0,0
0.1114,0,0
0.1118,0.0165746,0.0119391
0.1122,0,0
0.1126,0,0
0.113,0,0
0.1134,0,0
0.1138,0,0
0.1142,0,0
0.1146,0,0
0.115,0,0
0.1154,0.00937923,0.00940539
0.1158,0,0
0.1162,0,0
0.1166,0,0
0.117,0,0
0.1174,0,0
0.1178,0,0
0.1182,0,0
0.1186,0,0
0.119,0,0
0.1194,0,0
0.1198,0,0
5
-0.1198,0,0
-0.1194,0,0
-0.119,0,0
-0.1186,0,0
-0.1182,0.00191226,0.00345213
-0.1178,0,0
-0.1174,0,0
-0.117,0,0
-0.1166,0,0
-0.1162,0,0
-0.1158,0,0
-0.1154,0,0
-0.115,0,0
-0.1146,0,0
-0.1142,0,0
-0.1138,0,0
-0.1134,0,0
-0.113,0,0
-0.1126,0,0
-0.1122,0,0
-0.1118,0,0
-0.1114,0,0
-0.111,0,0
-0.1106,0,0
-0.1102,0.00636616,0.00637841
-0.1098,0,0
-0.1094,0,0
-0.109,0,0
-0.1086,0,0
-0.1082,0,0
-0.1078,0,0
-0.1074,0,0
-0.107,0,0
-0.1066,0,0
-0.1062,0,0
-0.1058,0,0
-0.1054,0,0
-0.105,0,0
-0.1046,0,0
-0.1042,0,0
-0.1038,0,0
-0.1034,0,0
-0.103,0,0
-0.1026,0,0
-0.1022,0,0
-0.1018,0,0
-0.1014,0,0
-0.101,0,0
-0.1006,0,0
-0.1002,0,0
-0.0998,0,0
-0.0994,0,0
-0.099,0,0
-0.0986,0,0
-0.0982,0,0
-0.0978,0,0
-0.0974,0,0
-0.097,0.00637998,0.00639216
-0.0966,0,0
-0.0962,0,0
-0.0958,0,0
-0.0954,0,0
-0.095,0,0
-0.0946,0,0
-0.0942,0,0
-0.0938,0.00599968,0.00601043
-0.0934,0,0
-0.093,0,0
-0.0926,0,0
-0.0922,0,0
-0.0918,0,0
-0.0914,0,0
-0.091,0,0
-0.0906,0,0
-0.0902,0,0
-0.0898,0,0
-0.0894,0,0
-0.089,0,0
-0.0886,0,0
-0.0882,0,0
-0.0878,0,0
-0.0874,0,0
-0.087,0,0
-0.0866,0,0
-0.0862,0,0
-0.0858,0,0
-0.0854,0.00641172,0.00642394
-0.085,0.0108769,0.00823401
-0.0846,0,0
-0.0842,0,0
-0.0838,0,0
-0.0834,0.00609282,0.00610384
-0.083,0,0
-0.0826,0,0
-0.0822,0,0
-0.0818,0,0
-0.0814,0,0
-0.081,0,0
-0.0806,0.00579181,0.0061351
-0.0802,0.00358749,0.00482892
-0.0798,0,0
-0.0794,0.00630419,0.00631596
-0.079,0,0
-0.0786,0,0
-0.0782,0,0
-0.0778,0.00687975,0.00689375
-0.0774,0,0
-0.077,0,0
-0.0766,0.00676439,0.00677792
-0.0762,0,0
-0.0758,0,0
-0.0754,0,0
-0.075,0,0
-0.0746,0,0
-0.0742,0.00620761,0.00621899
-0.0738,0,0
-0.0734,0,0
-0.073,0,0
-0.0726,0,0
-0.0722,0,0
-0.0718,0.00652247,0.00653502
-0.0714,0,0
-0.071,0,0
-0.0706,0,0
-0.0702,0.00588184,0.00589204
-0.0698,0.00597436,0.00598488
-0.0694,0,0
-0.069,0,0
-0.0686,0,0
-0.0682,0.0062813,0.00629292
-0.0678,0,0
-0.0674,0.00628664,0.00629827
-0.067,0,0
-0.0666,0,0
-0.0662,0,0
-0.0658,0,0
-0.0654,0.00668305,0.00669619
-0.065,0.00616237,0.00617353
-0.0646,0.00586172,0.00587182
-0.0642,0,0
-0.0638,0,0
-0.0634,0.00639868,0.00641071
-0.063,0,0
-0.0626,0.00569216,0.00570168
-0.0622,0.00624934,0.00626081
-0.0618,0,0
-0.0614,0,0
-0.061,0,0
-0.0606,0,0
-0.0602,0,0
-0.0598,0,0
-0.0594,0,0
-0.059,0,0
-0.0586,0.00670055,0.00671371
-0.0582,0,0
-0.0578,0,0
-0.0574,0,0
-0.057,0,0
-0.0566,0,0
-0.0562,0,0
-0.0558,0.00680931,0.00682288
-0.0554,0,0
-0.055,0,0
-0.0546,0,0
-0.0542,0,0
-0.0538,0,0
-0.0534,0,0
-0.053,0,0
-0.0526,0,0
-0.0522,0,0
-0.0518,0.00217082,0.00388185
-0.0514,0,0
-0.051,0,0
-0.0506,0,0
-0.0502,0,0
-0.0498,0,0
-0.0494,0,0
-0.049,0,0
-0.0486,0,0
-0.0482,0.0067567,0.00677003
-0.0478,0,0
-0.0474,0,0
-0.047,0,0
-0.0466,0,0
-0.0462,0.00650653,0.00651888
-0.0458,0,0
-0.0454,0.0068086,0.00682212
-0.045,0,0
-0.0446,0,0
-0.0442,0,0
-0.0438,0.00656746,0.00658003
-0.0434,0,0
-0.043,0,0
-0.0426,0,0
-0.0422,0,0
-0.0418,0,0
-0.0414,0,0
-0.041,0.00642141,0.00643342
-0.0406,0,0
-0.0402,0,0
-0.0398,0,0
-0.0394,0,0
-0.039,0,0
-0.0386,0.00654695,0.00655942
-0.0382,0,0
-0.0378,0,0
-0.0374,0,0
-0.037,0,0
-0.0366,0,0
-0.0362,0,0
-0.0358,0,0
-0.0354,0.00639316,0.00640504
-0.035,0.00626326,0.00627467
-0.0346,0,0
-0.0342,0.00639012,0.00640199
-0.0338,0.00681384,0.00682732
-0.0334,0.00650466,0.00651695
-0.033,0,0
-0.0326,0.00642242,0.0064344
-0.0322,0,0
-0.0318,0,0
-0.0314,0,0
-0.031,0,0
-0.0306,0.0132735,0.00940388
-0.0302,0,0
-0.0298,0,0
-0.0294,0,0
-0.029,0,0
-0.0286,0,0
-0.0282,0,0
-0.0278,0,0
-0.0274,0,0
-0.027,0,0
-0.0266,0,0
-0.0262,0,0
-0.0258,0,0
-0.0254,0,0
-0.025,0,0
-0.0246,0,0
-0.0242,0,0
-0.0238,0,0
-0.0234,0,0
-0.023,0,0
-0.0226,0,0
-0.0222,0,0
-0.0218,0.00625708,0.00626842
-0.0214,0,0
-0.021,0,0
-0.0206,0,0
-0.0202,0.00599262,0.00600302
-0.0198,0.00659441,0.006607
-0.0194,0.00642722,0.00643918
-0.019,0,0
-0.0186,0,0
-0.0182,0,0
-0.0178,0,0
-0.0174,0,0
-0.017,0.00623782,0.00624909
-0.0166,0.00660808,0.00662072
-0.0162,0,0
-0.0158,0,0
-0.0154,0,0
-0.015,0,0
-0.0146,0,0
-0.0142,0.0057009,0.0057103
-0.0138,0.0117636,0.00833467
-0.0134,0,0
-0.013,0.00624476,0.00625604
-0.0126,0,0
-0.0122,0.00609756,0.00610831
-0.0118,0,0
-0.0114,0,0
-0.011,0,0
-0.0106,0.00638138,0.00639314
-0.0102,0,0
-0.0098,0.00587102,0.00588098
-0.0094,0.0058259,0.00583571
-0.009,0.0062287,0.00623991
-0.0086,0,0
-0.0082,0.00678648,0.00679978
-0.0078,0,0
-0.0074,0,0
-0.007,0.0123445,0.00874865
-0.0066,0,0
-0.0062,0.00624045,0.0062517
-0.0058,0,0
-0.0054,0.00618415,0.00619519
-0.005,0,0
-0.0046,0.00623612,0.00624734
-0.0042,0.018334,0.0106045
-0.0038,0.0249253,0.0125082
-0.0034,0.0312178,0.0139863
-0.003,0.0498447,0.0176547
-0.0026,0.151081,0.0308738
-0.0022,0.186384,0.0343768
-0.0018,0.388256,0.0488784
-0.0014,0.622894,0.0630043
-0.001,0.983469,0.078556
-0.0006,1.01681,0.079976
-0.0002,1.04574,0.0786886
0.0002,1.00956,0.0794481
0.0006,0.891915,0.0757988
0.001,0.504126,0.0573442
0.0014,0.315585,0.0439616
0.0018,0.157653,0.0309831
0.0022,0.161193,0.0324822
0.0026,0.0507793,0.0179939
0.003,0.052556,0.0175539
0.0034,0.0124473,0.00884182
0.0038,0.0125361,0.00888039
0.0042,0.0199707,0.0115523
0.0046,0.0137161,0.00971796
0.005,0.0322639,0.0144559
0.0054,0.00555043,0.00555932
0.0058,0,0
0.0062,0.018908,0.0109367
0.0066,0.0129398,0.00916817
0.007,0,0
0.0074,0.00611978,0.00613059
0.0078,0,0
0.0082,0,0
0.0086,0.00584293,0.00598186
0.009,0.00646752,0.00647959
0.0094,0,0
0.0098,0,0
0.0102,0.0121033,0.00859124
0.0106,0,0
0.011,0,0
0.0114,0,0
0.0118,0,0
0.0122,0,0
0.0126,0,0
0.013,0.00623962,0.00625085
0.0134,0,0
0.0138,0,0
0.0142,0.00587923,0.00588921
0.0146,0.00686459,0.00687818
0.015,0,0
0.0154,0.0062177,0.00622886
0.0158,0,0
0.0162,0.00636305,0.00637473
0.0166,0.00610428,0.00611504
0.017,0,0
0.0174,0.0065693,0.00658175
0.0178,0,0
0.0182,0,0
0.0186,0,0
0.019,0,0
0.0194,0.00648348,0.00649561
0.0198,0.00648344,0.00649557
0.0202,0,0
0.0206,0,0
0.021,0,0
0.0214,0,0
0.0218,0.00615802,0.00616896
0.0222,0,0
0.0226,0,0
0.023,0,0
0.0234,0,0
0.0238,0,0
0.0242,0,0
0.0246,0.00665745,0.00667024
0.025,0.0131242,0.00930759
0.0254,0,0
0.0258,0,0
0.0262,0,0
0.0266,0,0
0.027,0,0
0.0274,0,0
0.0278,0,0
0.0282,0,0
0.0286,0.00609304,0.00610375
0.029,0,0
0.0294,0,0
0.0298,0,0
0.0302,0.00618651,0.00619755
0.0306,0,0
0.031,0,0
0.0314,0,0
0.0318,0,0
0.0322,0,0
0.0326,0,0
0.033,0,0
0.0334,0.0124262,0.00880312
0.0338,0,0
0.0342,0,0
0.0346,0.00620022,0.00621131
0.035,0,0
0.0354,0.00632767,0.00633922
0.0358,0,0
0.0362,0,0
0.0366,0.00638051,0.00639224
0.037,0,0
0.0374,0,0
0.0378,0.00570533,0.00571471
0.0382,0,0
0.0386,0,0
0.039,0,0
0.0394,0,0
0.0398,0.012211,0.00864969
0.0402,0,0
0.0406,0.00592783,0.00593795
0.041,0,0
0.0414,0,0
0.0418,0,0
0.0422,0.0127898,0.00906045
0.0426,0,0
0.043,0,0
0.0434,0,0
0.0438,0,0
0.0442,0,0
0.0446,0,0
0.045,0,0
0.0454,0.00591463,0.0059247
0.0458,0,0
0.0462,0,0
0.0466,0.00611318,0.00612394
0.047,0,0
0.0474,0,0
0.0478,0,0
0.0482,0,0
0.0486,0,0
0.049,0,0
0.0494,0,0
0.0498,0,0
0.0502,0,0
0.0506,0,0
0.051,0,0
0.0514,0,0
0.0518,0,0
0.0522,0,0
0.0526,0,0
0.053,0,0
0.0534,0,0
0.0538,0,0
0.0542,0,0
0.0546,0,0
0.055,0.00652712,0.00653937
0.0554,0.00652771,0.00653996
0.0558,0,0
0.0562,0,0
0.0566,0,0
0.057,0,0
0.0574,0,0
0.0578,0,0
0.0582,0,0
0.0586,0.00739691,0.00741262
0.059,0,0
0.0594,0,0
0.0598,0,0
0.0602,0,0
0.0606,0,0
0.061,0,0
0.0614,0,0
0.0618,0,0
0.0622,0,0
0.0626,0,0
0.063,0,0
0.0634,0.00677489,0.00678805
0.0638,0,0
0.0642,0,0
0.0646,0,0
0.065,0,0
0.0654,0.00645781,0.00646977
0.0658,0,0
0.0662,0.00622126,0.00623236
0.0666,0,0
0.067,0,0
0.0674,0,0
0.0678,0,0
0.0682,0.00646876,0.00648075
0.0686,0,0
0.069,0,0
0.0694,0,0
0.0698,0,0
0.0702,0.00653937,0.00655162
0.0706,0,0
0.071,0,0
0.0714,0,0
0.0718,0,0
0.0722,0,0
0.0726,0,0
0.073,0,0
0.0734,0,0
0.0738,0,0
0.0742,0,0
0.0746,0,0
0.075,0,0
0.0754,0,0
0.0758,0,0
0.0762,0.0112737,0.00798458
0.0766,0,0
0.077,0,0
0.0774,0,0
0.0778,0,0
0.0782,0.00617748,0.00618838
0.0786,0,0
0.079,0,0
0.0794,0,0
0.0798,0,0
0.0802,0,0
0.0806,0,0
0.081,0,0
0.0814,0.00585036,0.00586013
0.0818,0,0
0.0822,0,0
0.0826,0,0
0.083,0,0
0.0834,0,0
0.0838,0.00659914,0.00661155
0.0842,0,0
0.0846,0,0
0.085,0,0
0.0854,0,0
0.0858,0,0
0.0862,0,0
0.0866,0,0
0.087,0,0
0.0874,0,0
0.0878,0.00658079,0.00659311
0.0882,0,0
0.0886,0,0
0.089,0,0
0.0894,0,0
0.0898,0.00718376,0.00719843
0.0902,0,0
0.0906,0,0
0.091,0,0
0.0914,0.00586282,0.00587259
0.0918,0,0
0.0922,0,0
0.0926,0,0
0.093,0,0
0.0934,0.00687381,0.00688722
0.0938,0,0
0.0942,0,0
0.0946,0,0
0.095,0,0
0.0954,0,0
0.0958,0,0
0.0962,0,0
0.0966,0,0
0.097,0,0
0.0974,0,0
0.0978,0,0
0.0982,0,0
0.0986,0,0
0.099,0,0
0.0994,0,0
0.0998,0.00690545,0.00691896
0.1002,0,0
0.1006,0,0
0.101,0,0
0.1014,0,0
0.1018,0,0
0.1022,0,0
0.1026,0,0
0.103,0,0
0.1034,0,0
0.1038,0,0
0.1042,0,0
0.1046,0,0
0.105,0,0
0.1054,0,0
0.1058,0,0
0.1062,0,0
0.1066,0,0
0.107,0,0
0.1074,0,0
0.1078,0,0
0.1082,0.00808342,0.00810185
0.1086,0,0
0.109,0,0
0.1094,0,0
0.1098,0,0
0.1102,0,0
0.1106,0,0
0.111,0.00783323,0.00785051
0.1114,0,0
0.1118,0,0
0.1122,0,0
0.1126,0,0
0.113,0,0
0.1134,0,0
0.1138,0,0
0.1142,0,0
0.1146,0,0
0.115,0,0
0.1154,0,0
0.1158,0,0
0.1162,0,0
0.1166,0,0
0.117,0,0
0.1174,0,0
0.1178,0,0
0.1182,0,0
0.1186,0,0
0.119,0,0
0.1194,0,0
0.1198,0,0
6
-0.1198,0,0
-0.1194,0,0
-0.119,0,0
-0.1186,0,0
-0.1182,0,0
-0.1178,0,0
-0.1174,0,0
-0.117,0,0
-0.1166,0,0
-0.1162,0,0
-0.1158,0,0
-0.1154,0,0
-0.115,0,0
-0.1146,0,0
-0.1142,0,0
-0.1138,0,0
-0.1134,0,0
-0.113,0,0
-0.1126,0,0
-0.1122,0,0
-0.1118,0,0
-0.1114,0,0
-0.111,0,0
-0.1106,0,0
-0.1102,0.00666196,0.00602388
-0.1098,0,0
-0.1094,0,0
-0.109,0,0
-0.1086,0,0
-0.1082,0,0
-0.1078,0,0
-0.1074,0,0
-0.107,0,0
-0.1066,0.00505866,0.00506732
-0.1062,0,0
-0.1058,0,0
-0.1054,0,0
-0.105,0,0
-0.1046,0,0
-0.1042,0,0
-0.1038,0,0
-0.1034,0,0
-0.103,0,0
-0.1026,0,0
-0.1022,0,0
-0.1018,0,0
-0.1014,0,0
-0.101,0,0
-0.1006,0,0
-0.1002,0,0
-0.0998,0,0
-0.0994,0,0
-0.099,0,0
-0.0986,0,0
-0.0982,0,0
-0.0978,0,0
-0.0974,0,0
-0.097,0,0
-0.0966,0,0
-0.0962,0,0
-0.0958,0,0
-0.0954,0,0
-0.095,0,0
-0.0946,0,0
-0.0942,0,0
-0.0938,0,0
-0.0934,0,0
-0.093,0,0
-0.0926,0,0
-0.0922,0,0
-0.0918,0,0
-0.0914,0.0051849,0.00519387
-0.091,0,0
-0.0906,0,0
-0.0902,0,0
-0.0898,0,0
-0.0894,0,0
-0.089,0,0
-0.0886,0,0
-0.0882,0,0
-0.0878,0,0
-0.0874,0,0
-0.087,0.00582781,0.00583915
-0.0866,0,0
-0.0862,0.00571036,0.00572126
-0.0858,0,0
-0.0854,0,0
-0.085,0.0012914,0.00260925
-0.0846,0,0
-0.0842,0,0
-0.0838,0,0
-0.0834,0,0
-0.083,0,0
-0.0826,0,0
-0.0822,0,0
-0.0818,0,0
-0.0814,0,0
-0.081,0,0
-0.0806,0,0
-0.0802,0.00254344,0.003816
-0.0798,0,0
-0.0794,0,0
-0.079,0,0
-0.0786,0,0
-0.0782,0,0
-0.0778,0,0
-0.0774,0,0
-0.077,0,0
-0.0766,0,0
-0.0762,0,0
-0.0758,0,0
-0.0754,0,0
-0.075,0,0
-0.0746,0,0
-0.0742,0,0
-0.0738,0,0
-0.0734,0,0
-0.073,0,0
-0.0726,0,0
-0.0722,0,0
-0.0718,0,0
-0.0714,0,0
-0.071,0,0
-0.0706,0.0051508,0.00515981
-0.0702,0,0
-0.0698,0,0
-0.0694,0,0
-0.069,0,0
-0.0686,0,0
-0.0682,0,0
-0.0678,0,0
-0.0674,0,0
-0.067,0,0
-0.0666,0,0
-0.0662,0,0
-0.0658,0,0
-0.0654,0,0
-0.065,0,0
-0.0646,0,0
-0.0642,0,0
-0.0638,0.00561557,0.00562634
-0.0634,0,0
-0.063,0,0
-0.0626,0,0
-0.0622,0,0
-0.0618,0,0
-0.0614,0,0
-0.061,0.00537696,0.00538686
-0.0606,0.00569343,0.00570452
-0.0602,0,0
-0.0598,0,0
-0.0594,0,0
-0.059,0,0
-0.0586,0,0
-0.0582,0,0
-0.0578,0,0
-0.0574,0,0
-0.057,0,0
-0.0566,0,0
-0.0562,0,0
-0.0558,0,0
-0.0554,0,0
-0.055,0,0
-0.0546,0,0
-0.0542,0,0
-0.0538,0,0
-0.0534,0,0
-0.053,0,0
-0.0526,0,0
-0.0522,0,0
-0.0518,0.00402001,0.00486339
-0.0514,0,0
-0.051,0,0
-0.0506,0,0
-0.0502,0,0
-0.0498,0,0
-0.0494,0.0109334,0.00774566
-0.049,0,0
-0.0486,0,0
-0.0482,0.00570388,0.00571512
-0.0478,0,0
-0.0474,0,0
-0.047,0,0
-0.0466,0.0052018,0.00521117
-0.0462,0,0
-0.0458,0,0
-0.0454,0,0
-0.045,0,0
-0.0446,0,0
-0.0442,0,0
-0.0438,0,0
-0.0434,0,0
-0.043,0,0
-0.0426,0,0
-0.0422,0,0
-0.0418,0,0
-0.0414,0,0
-0.041,0,0
-0.0406,0,0
-0.0402,0.00516828,0.00517756
-0.0398,0,0
-0.0394,0,0
-0.039,0,0
-0.0386,0,0
-0.0382,0,0
-0.0378,0,0
-0.0374,0,0
-0.037,0,0
-0.0366,0,0
-0.0362,0,0
-0.0358,0,0
-0.0354,0,0
-0.035,0,0
-0.0346,0,0
-0.0342,0,0
-0.0338,0,0
-0.0334,0,0
-0.033,0,0
-0.0326,0,0
-0.0322,0,0
-0.0318,0,0
-0.0314,0,0
-0.031,0,0
-0.0306,0,0
-0.0302,0,0
-0.0298,0,0
-0.0294,0,0
-0.029,0,0
-0.0286,0,0
-0.0282,0,0
-0.0278,0,0
-0.0274,0,0
-0.027,0.00495488,0.00496348
-0.0266,0,0
-0.0262,0,0
-0.0258,0,0
-0.0254,0,0
-0.025,0,0
-0.0246,0.00533948,0.00534948
-0.0242,0.00507933,0.00508838
-0.0238,0,0
-0.0234,0.00494233,0.0049509
-0.023,0,0
-0.0226,0,0
-0.0222,0,0
-0.0218,0.00518434,0.00519377
-0.0214,0,0
-0.021,0,0
-0.0206,0,0
-0.0202,0,0
-0.0198,0,0
-0.0194,0,0
-0.019,0,0
-0.0186,0,0
-0.0182,0,0
-0.0178,0,0
-0.0174,0,0
-0.017,0,0
-0.0166,0.0054346,0.00544498
-0.0162,0,0
-0.0158,0,0
-0.0154,0.0110148,0.00780372
-0.015,0,0
-0.0146,0,0
-0.0142,0.00468222,0.00468994
-0.0138,0.00483283,0.00484106
-0.0134,0,0
-0.013,0,0
-0.0126,0,0
-0.0122,0,0
-0.0118,0,0
-0.0114,0,0
-0.011,0,0
-0.0106,0,0
-0.0102,0,0
-0.0098,0.00471986,0.00472771
-0.0094,0,0
-0.009,0,0
-0.0086,0,0
-0.0082,0,0
-0.0078,0,0
-0.0074,0.00489513,0.00490359
-0.007,0,0
-0.0066,0.00535085,0.00536095
-0.0062,0,0
-0.0058,0,0
-0.0054,0,0
-0.005,0.00505514,0.00506416
-0.0046,0,0
-0.0042,0.0100671,0.00713118
-0.0038,0.0056241,0.00563527
-0.0034,0.0275941,0.0123735
-0.003,0.0203692,0.010203
-0.0026,0.0408955,0.0145179
-0.0022,0.03638,0.0137775
-0.0018,0.135242,0.0260748
-0.0014,0.227753,0.0344148
-0.001,0.305147,0.0394784
-0.0006,0.301906,0.0393425
-0.0002,0.346941,0.0409677
0.0002,0.41067,0.0457378
0.0006,0.39261,0.0454089
0.001,0.328302,0.0417794
0.0014,0.233305,0.0340955
0.0018,0.11829,0.0242163
0.0022,0.132872,0.0266258
0.0026,0.0619995,0.0179386
0.003,0.0334833,0.0126816
0.0034,0.00545584,0.00546636
0.0038,0.015664,0.00906407
0.0042,0.0110446,0.007826
0.0046,0.0223923,0.0112184
0.005,0.0164379,0.00951239
0.0054,0.0188636,0.0094693
0.0058,0,0
0.0062,0,0
0.0066,0.0107433,0.00761108
0.007,0,0
0.0074,0,0
0.0078,0,0
0.0082,0,0
0.0086,0.00498848,0.00499726
0.009,0,0
0.0094,0.00490226,0.00491074
0.0098,0,0
0.0102,0,0
0.0106,0.00552597,0.00553673
0.011,0.00552728,0.00553805
0.0114,0,0
0.0118,0,0
0.0122,0,0
0.0126,0,0
0.013,0,0
0.0134,0.00516989,0.0051793
0.0138,0,0
0.0142,0,0
0.0146,0,0
0.015,0,0
0.0154,0,0
0.0158,0,0
0.0162,0,0
0.0166,0,0
0.017,0,0
0.0174,0,0
0.0178,0.00519417,0.00520361
0.0182,0,0
0.0186,0,0
0.019,0,0
0.0194,0,0
0.0198,0,0
0.0202,0,0
0.0206,0.00506233,0.00507126
0.021,0,0
0.0214,0,0
0.0218,0,0
0.0222,0,0
0.0226,0,0
0.023,0,0
0.0234,0,0
0.0238,0,0
0.0242,0,0
0.0246,0,0
0.025,0,0
0.0254,0,0
0.0258,0,0
0.0262,0,0
0.0266,0.00474966,0.00475744
0.027,0,0
0.0274,0,0
0.0278,0.00523452,0.00524395
0.0282,0,0
0.0286,0,0
0.029,0,0
0.0294,0.00560856,0.00561935
0.0298,0,0
0.0302,0,0
0.0306,0,0
0.031,0,0
0.0314,0.00937917,0.00710877
0.0318,0,0
0.0322,0,0
0.0326,0,0
0.033,0,0
0.0334,0.00531816,0.00532781
0.0338,0.00519196,0.00520114
0.0342,0,0
0.0346,0,0
0.035,0,0
0.0354,0,0
0.0358,0,0
0.0362,0,0
0.0366,0.00377832,0.00451194
0.037,0.00385187,0.00445297
0.0374,0,0
0.0378,0,0
0.0382,0,0
0.0386,0,0
0.039,0,0
0.0394,0,0
0.0398,0,0
0.0402,0,0
0.0406,0,0
0.041,0,0
0.0414,0,0
0.0418,0,0
0.0422,0,0
0.0426,0,0
0.043,0,0
0.0434,0.00541207,0.00542189
0.0438,0,0
0.0442,0,0
0.0446,0,0
0.045,0,0
0.0454,0,0
0.0458,0,0
0.0462,0,0
0.0466,0,0
0.047,0,0
0.0474,0,0
0.0478,0.00586974,0.00588122
0.0482,0.00268132,0.00359289
0.0486,0.00480201,0.00480968
0.049,0,0
0.0494,0.0114294,0.0080972
0.0498,0,0
0.0502,0,0
0.0506,0,0
0.051,0,0
0.0514,0,0
0.0518,0.00580425,0.00581539
0.0522,0,0
0.0526,0,0
0.053,0,0
0.0534,0,0
0.0538,0,0
0.0542,0,0
0.0546,0.00566566,0.00567624
0.055,0,0
0.0554,0,0
0.0558,0,0
0.0562,0.00322285,0.00424248
0.0566,0,0
0.057,0,0
0.0574,0,0
0.0578,0,0
0.0582,0.00614189,0.00615424
0.0586,0,0
0.059,0,0
0.0594,0.00558362,0.00559382
0.0598,0,0
0.0602,0,0
0.0606,0.00659589,0.00661009
0.061,0,0
0.0614,0,0
0.0618,0,0
0.0622,0,0
0.0626,0,0
0.063,0,0
0.0634,0,0
0.0638,0,0
0.0642,0.00276694,0.00397114
0.0646,0,0
0.065,0,0
0.0654,0,0
0.0658,0,0
0.0662,0,0
0.0666,0,0
0.067,0,0
0.0674,0,0
0.0678,0,0
0.0682,0,0
0.0686,0,0
0.069,0,0
0.0694,0,0
0.0698,0,0
0.0702,0,0
0.0706,0.00542246,0.00543191
0.071,0,0
0.0714,0,0
0.0718,0,0
0.0722,0,0
0.0726,0,0
0.073,0,0
0.0734,0,0
0.0738,0,0
0.0742,0,0
0.0746,0,0
0.075,0,0
0.0754,0,0
0.0758,0,0
0.0762,0,0
0.0766,0,0
0.077,0,0
0.0774,0,0
0.0778,0,0
0.0782,0,0
0.0786,0,0
0.079,0,0
0.0794,0,0
0.0798,0,0
0.0802,0,0
0.0806,0,0
0.081,0,0
0.0814,0,0
0.0818,0,0
0.0822,0,0
0.0826,0.00556573,0.00557552
0.083,0,0
0.0834,0,0
0.0838,0,0
0.0842,0,0
0.0846,0,0
0.085,0,0
0.0854,0,0
0.0858,0,0
0.0862,0,0
0.0866,0,0
0.087,0.00523784,0.00524645
0.0874,0,0
0.0878,0,0
0.0882,0,0
0.0886,0,0
0.089,0,0
0.0894,0.00610752,0.00611919
0.0898,0,0
0.0902,0,0
0.0906,0,0
0.091,0,0
0.0914,0,0
0.0918,0.00569682,0.00570694
0.0922,0,0
0.0926,0,0
0.093,0.00619928,0.00621124
0.0934,0,0
0.0938,0,0
0.0942,0,0
0.0946,0,0
0.095,0.00532491,0.00533371
0.0954,0,0
0.0958,0,0
0.0962,0,0
0.0966,0.00654413,0.00655739
0.097,0,0
0.0974,0,0
0.0978,0,0
0.0982,0,0
0.0986,0,0
0.099,0.00611295,0.00612448
0.0994,0,0
0.0998,0,0
0.1002,0,0
0.1006,0,0
0.101,0,0
0.1014,0,0
0.1018,0,0
0.1022,0,0
0.1026,0,0
0.103,0,0
0.1034,0,0
0.1038,0,0
0.1042,0.000559034,0.00202375
0.1046,0,0
0.105,0,0
0.1054,0,0
0.1058,0,0
0.1062,0,0
0.1066,0,0
0.107,0,0
0.1074,0,0
0.1078,0,0
0.1082,0,0
0.1086,0,0
0.109,0,0
0.1094,0,0
0.1098,0,0
0.1102,0,0
0.1106,0,0
0.111,0,0
0.1114,0,0
0.1118,0,0
0.1122,0,0
0.1126,0,0
0.113,0,0
0.1134,0.00859607,0.0086187
0.1138,0,0
0.1142,0,0
0.1146,0,0
0.115,0,0
0.1154,0,0
0.1158,0,0
0.1162,0,0
0.1166,0,0
0.117,0.00932369,0.00935038
0.1174,0.00887278,0.00889695
0.1178,0,0
0.1182,0,0
0.1186,0,0
0.119,0,0
0.1194,0.0102823,0.0103148
0.1198,0,0
7
-0.1198,0,0
-0.1194,0,0
-0.119,0,0
-0.1186,0.00577846,0.00579001
-0.1182,0,0
-0.1178,0,0
-0.1174,0.00650153,0.00651615
-0.117,0,0
-0.1166,0,0
-0.1162,0,0
-0.1158,0,0
-0.1154,0,0
-0.115,0,0
-0.1146,0,0
-0.1142,0,0
-0.1138,0,0
-0.1134,0,0
-0.113,0,0
-0.1126,0,0
-0.1122,0,0
-0.1118,0,0
-0.1114,0,0
-0.111,0,0
-0.1106,0,0
-0.1102,0.00408462,0.00465609
-0.1098,0,0
-0.1094,0,0
-0.109,0,0
-0.1086,0,0
-0.1082,0,0
-0.1078,0,0
-0.1074,0,0
-0.107,0,0
-0.1066,0,0
-0.1062,0,0
-0.1058,0,0
-0.1054,0,0
-0.105,0,0
-0.1046,0,0
-0.1042,0,0
-0.1038,0,0
-0.1034,0,0
-0.103,0,0
-0.1026,0,0
-0.1022,0,0
-0.1018,0,0
-0.1014,0,0
-0.101,0.00541025,0.00542051
-0.1006,0,0
-0.1002,0,0
-0.0998,0,0
-0.0994,0,0
-0.099,0,0
-0.0986,0,0
-0.0982,0,0
-0.0978,0,0
-0.0974,0,0
-0.097,0,0
-0.0966,0,0
-0.0962,0,0
-0.0958,0,0
-0.0954,0.00524465,0.00525435
-0.095,0,0
-0.0946,0,0
-0.0942,0,0
-0.0938,0,0
-0.0934,0,0
-0.093,0,0
-0.0926,0.00527766,0.00528751
-0.0922,0.00527528,0.00528512
-0.0918,0,0
-0.0914,0,0
-0.091,0,0
-0.0906,0,0
-0.0902,0,0
-0.0898,0.00536924,0.00537946
-0.0894,0.00536877,0.005379
-0.089,0.0053545,0.00536467
-0.0886,0,0
-0.0882,0,0
-0.0878,0.00523543,0.00524515
-0.0874,0,0
-0.087,0,0
-0.0866,0,0
-0.0862,0,0
-0.0858,0,0
-0.0854,0,0
-0.085,0,0
-0.0846,0,0
-0.0842,0,0
-0.0838,0.00538509,0.00539536
-0.0834,0,0
-0.083,0,0
-0.0826,0,0
-0.0822,0,0
-0.0818,0,0
-0.0814,0,0
-0.081,0,0
-0.0806,0,0
-0.0802,0,0
-0.0798,0,0
-0.0794,0,0
-0.079,0,0
-0.0786,0.00525892,0.00526869
-0.0782,0,0
-0.0778,0,0
-0.0774,0,0
-0.077,0,0
-0.0766,0,0
-0.0762,0,0
-0.0758,0,0
-0.0754,0,0
-0.075,0,0
-0.0746,0,0
-0.0742,0,0
-0.0738,0,0
-0.0734,0,0
-0.073,0,0
-0.0726,0,0
-0.0722,0,0
-0.0718,0,0
-0.0714,0,0
-0.071,0,0
-0.0706,0,0
-0.0702,0,0
-0.0698,0,0
-0.0694,0,0
-0.069,0,0
-0.0686,0,0
-0.0682,0,0
-0.0678,0,0
-0.0674,0,0
-0.067,0.00489499,0.00490337
-0.0666,0.00508921,0.00509826
-0.0662,0.00509118,0.00510025
-0.0658,0,0
-0.0654,0,0
-0.065,0,0
-0.0646,0,0
-0.0642,0,0
-0.0638,0,0
-0.0634,0,0
-0.063,0,0
-0.0626,0,0
-0.0622,0,0
-0.0618,0,0
-0.0614,0,0
-0.061,0,0
-0.0606,0,0
-0.0602,0,0
-0.0598,0,0
-0.0594,0,0
-0.059,0.005998,0.00601047
-0.0586,0,0
-0.0582,0,0
-0.0578,0,0
-0.0574,0,0
-0.057,0.0059333,0.00594547
-0.0566,0,0
-0.0562,0,0
-0.0558,0.00560303,0.00561387
-0.0554,0,0
-0.055,0.00564293,0.00565392
-0.0546,0,0
-0.0542,0.00570226,0.00571347
-0.0538,0,0
-0.0534,0,0
-0.053,0,0
-0.0526,0,0
-0.0522,0,0
-0.0518,0,0
-0.0514,0,0
-0.051,0,0
-0.0506,0,0
-0.0502,0,0
-0.0498,0,0
-0.0494,0,0
-0.049,0.00539582,0.00540579
-0.0486,0,0
-0.0482,0,0
-0.0478,0,0
-0.0474,0,0
-0.047,0,0
-0.0466,0,0
-0.0462,0,0
-0.0458,0,0
-0.0454,0.00557019,0.00558075
-0.045,0.00536032,0.00537009
-0.0446,0,0
-0.0442,0,0
-0.0438,0,0
-0.0434,0,0
-0.043,0,0
-0.0426,0.00581191,0.00582336
-0.0422,0,0
-0.0418,0,0
-0.0414,0,0
-0.041,0,0
-0.0406,0,0
-0.0402,0,0
-0.0398,0,0
-0.0394,0,0
-0.039,0,0
-0.0386,0,0
-0.0382,0,0
-0.0378,0,0
-0.0374,0,0
-0.037,0,0
-0.0366,0,0
-0.0362,0,0
-0.0358,0.00851656,0.00697275
-0.0354,0,0
-0.035,0.0108807,0.00770785
-0.0346,0,0
-0.0342,0,0
-0.0338,0,0
-0.0334,0,0
-0.033,0,0
-0.0326,0,0
-0.0322,0,0
-0.0318,0,0
-0.0314,0,0
-0.031,0,0
-0.0306,0,0
-0.0302,0,0
-0.0298,0.00558987,0.00560023
-0.0294,0,0
-0.029,0,0
-0.0286,0,0
-0.0282,0,0
-0.0278,0,0
-0.0274,0,0
-0.027,0,0
-0.0266,0,0
-0.0262,0,0
-0.0258,0,0
-0.0254,0.00525201,0.00526108
-0.025,0,0
-0.0246,0.0057061,0.00571678
-0.0242,0,0
-0.0238,0,0
-0.0234,0,0
-0.023,0,0
-0.0226,0,0
-0.0222,0,0
-0.0218,0,0
-0.0214,0,0
-0.021,0,0
-0.0206,0,0
-0.0202,0.0058711,0.00588231
-0.0198,0,0
-0.0194,0,0
-0.019,0,0
-0.0186,0.00565848,0.00566885
-0.0182,0,0
-0.0178,0.00523667,0.00524555
-0.0174,0,0
-0.017,0,0
-0.0166,0.00554977,0.00555971
-0.0162,0,0
-0.0158,0.00581848,0.00582939
-0.0154,0,0
-0.015,0,0
-0.0146,0,0
-0.0142,0.000807312,0.00208076
-0.0138,0,0
-0.0134,0,0
-0.013,0,0
-0.0126,0,0
-0.0122,0,0
-0.0118,0.00546255,0.00547209
-0.0114,0,0
-0.011,0,0
-0.0106,0,0
-0.0102,0,0
-0.0098,0.0150722,0.00894438
-0.0094,0,0
-0.009,0.00565592,0.0056661
-0.0086,0,0
-0.0082,0,0
-0.0078,0.00597965,0.005991
-0.0074,0,0
-0.007,0,0
-0.0066,0,0
-0.0062,0,0
-0.0058,0,0
-0.0054,0.0115181,0.00816099
-0.005,0,0
-0.0046,0.00161642,0.00304043
-0.0042,0.0111302,0.00788466
-0.0038,0.0393059,0.0149012
-0.0034,0,0
-0.003,0.0351838,0.0142002
-0.0026,0.0519678,0.0173547
-0.0022,0.0991415,0.0240534
-0.0018,0.159302,0.0299868
-0.0014,0.33762,0.0444482
-0.001,0.341275,0.0444232
-0.0006,0.478146,0.0525646
-0.0002,0.499302,0.0522416
0.0002,0.580059,0.0578524
0.0006,0.619663,0.0606174
0.001,0.526688,0.056207
0.0014,0.281847,0.0398341
0.0018,0.241189,0.0367107
0.0022,0.203073,0.035036
0.0026,0.122266,0.0267132
0.003,0.0752128,0.0200851
0.0034,0.0547704,0.0183097
0.0038,0.0235516,0.0118017
0.0042,0.00999261,0.00794325
0.0046,0.0316767,0.0141943
0.005,0.0247725,0.0122864
0.0054,0.0291855,0.0122739
0.0058,0,0
0.0062,0.0290999,0.0130375
0.0066,0.0301288,0.0135011
0.007,0.00610775,0.00611934
0.0074,0.0117581,0.00833395
0.0078,0.0182234,0.0105411
0.0082,0,0
0.0086,0.00569922,0.0057093
0.009,0.00567838,0.00568838
0.0094,0,0
0.0098,0,0
0.0102,0.00600087,0.00601203
0.0106,0,0
0.011,0,0
0.0114,0,0
0.0118,0,0
0.0122,0.00577676,0.00578708
0.0126,0.0148719,0.00907341
0.013,0.0116426,0.0082474
0.0134,0,0
0.0138,0,0
0.0142,0,0
0.0146,0.00640741,0.0064201
0.015,0.00583444,0.00584496
0.0154,0.00580419,0.0058146
0.0158,0,0
0.0162,0,0
0.0166,0,0
0.017,0,0
0.0174,0,0
0.0178,0,0
0.0182,0,0
0.0186,0,0
0.019,0.00576534,0.00577562
0.0194,0,0
0.0198,0.00566865,0.0056786
0.0202,0,0
0.0206,0,0
0.021,0.00569201,0.00570205
0.0214,0,0
0.0218,0,0
0.0222,0,0
0.0226,0,0
0.023,0,0
0.0234,0,0
0.0238,0,0
0.0242,0,0
0.0246,0,0
0.025,0,0
0.0254,0.00581087,0.00582136
0.0258,0,0
0.0262,0,0
0.0266,0,0
0.027,0,0
0.0274,0,0
0.0278,0,0
0.0282,0,0
0.0286,0,0
0.029,0,0
0.0294,0,0
0.0298,0.0061713,0.00618319
0.0302,0.0114342,0.00809968
0.0306,0.00570696,0.00571713
0.031,0,0
0.0314,0.00146855,0.00292687
0.0318,0,0
0.0322,0.0059404,0.00595143
0.0326,0,0
0.033,0.00571846,0.0057287
0.0334,0,0
0.0338,0.00565118,0.00566118
0.0342,0.00546038,0.00546972
0.0346,0.00624874,0.00626097
0.035,0,0
0.0354,0,0
0.0358,0,0
0.0362,0,0
0.0366,0.00171816,0.00316273
0.037,0.00137964,0.00276877
0.0374,0,0
0.0378,0,0
0.0382,0,0
0.0386,0,0
0.039,0,0
0.0394,0,0
0.0398,0,0
0.0402,0,0
0.0406,0,0
0.041,0,0
0.0414,0.00599272,0.00600405
0.0418,0,0
0.0422,0,0
0.0426,0,0
0.043,0,0
0.0434,0,0
0.0438,0,0
0.0442,0,0
0.0446,0,0
0.045,0,0
0.0454,0,0
0.0458,0.00553423,0.00554394
0.0462,0,0
0.0466,0,0
0.047,0,0
0.0474,0,0
0.0478,0,0
0.0482,0.00221802,0.00334427
0.0486,0.00593781,0.00594902
0.049,0,0
0.0494,0,0
0.0498,0,0
0.0502,0,0
0.0506,0,0
0.051,0,0
0.0514,0,0
0.0518,0.00601902,0.00603058
0.0522,0,0
0.0526,0.00541057,0.00541992
0.053,0,0
0.0534,0,0
0.0538,0,0
0.0542,0,0
0.0546,0,0
0.055,0,0
0.0554,0,0
0.0558,0,0
0.0562,0.00239822,0.00370376
0.0566,0.00551238,0.00552213
0.057,0,0
0.0574,0,0
0.0578,0,0
0.0582,0,0
0.0586,0,0
0.059,0,0
0.0594,0,0
0.0598,0,0
0.0602,0,0
0.0606,0,0
0.061,0,0
0.0614,0,0
0.0618,0,0
0.0622,0,0
0.0626,0,0
0.063,0,0
0.0634,0,0
0.0638,0,0
0.0642,0.0029147,0.00407801
0.0646,0,0
0.065,0,0
0.0654,0,0
0.0658,0,0
0.0662,0,0
0.0666,0,0
0.067,0,0
0.0674,0,0
0.0678,0,0
0.0682,0,0
0.0686,0,0
0.069,0,0
0.0694,0,0
0.0698,0,0
0.0702,0,0
0.0706,0,0
0.071,0,0
0.0714,0,0
0.0718,0,0
0.0722,0,0
0.0726,0,0
0.073,0,0
0.0734,0,0
0.0738,0.00560027,0.00561056
0.0742,0,0
0.0746,0,0
0.075,0,0
0.0754,0,0
0.0758,0,0
0.0762,0,0
0.0766,0,0
0.077,0,0
0.0774,0.00468545,0.00499482
0.0778,0,0
0.0782,0,0
0.0786,0,0
0.079,0,0
0.0794,0,0
0.0798,0,0
0.0802,0,0
0.0806,0,0
0.081,0,0
0.0814,0,0
0.0818,0,0
0.0822,0.00544217,0.00545196
0.0826,0,0
0.083,0,0
0.0834,0,0
0.0838,0,0
0.0842,0,0
0.0846,0,0
0.085,0,0
0.0854,0,0
0.0858,0.00544747,0.00545729
0.0862,0.00552302,0.00553311
0.0866,0,0
0.087,0,0
0.0874,0,0
0.0878,0,0
0.0882,0,0
0.0886,0,0
0.089,0,0
0.0894,0,0
0.0898,0.00604593,0.00605805
0.0902,0.00570088,0.00571166
0.0906,0,0
0.091,0.00545228,0.00546214
0.0914,0,0
0.0918,0,0
0.0922,0,0
0.0926,0,0
0.093,0,0
0.0934,0,0
0.0938,0,0
0.0942,0,0
0.0946,0,0
0.095,0,0
0.0954,0,0
0.0958,0,0
0.0962,0,0
0.0966,0.00388633,0.00487982
0.097,0,0
0.0974,0,0
0.0978,0,0
0.0982,0,0
0.0986,0,0
0.099,0,0
0.0994,0,0
0.0998,0,0
0.1002,0,0
0.1006,0,0
0.101,0,0
0.1014,0.00597511,0.00598697
0.1018,0.0059753,0.00598716
0.1022,0,0
0.1026,0,0
0.103,0,0
0.1034,0.00702603,0.00704242
0.1038,0,0
0.1042,0.00622999,0.00649794
0.1046,0,0
0.105,0,0
0.1054,0,0
0.1058,0,0
0.1062,0,0
0.1066,0,0
0.107,0,0
0.1074,0.00756277,0.00758172
0.1078,0,0
0.1082,0,0
0.1086,0,0
0.109,0,0
0.1094,0,0
0.1098,0,0
0.1102,0.0080375,0.00805886
0.1106,0.00714308,0.00715994
0.111,0,0
0.1114,0,0
0.1118,0,0
0.1122,0,0
0.1126,0,0
0.113,0.00850883,0.00853268
0.1134,0.00381594,0.00546362
0.1138,0,0
0.1142,0,0
0.1146,0,0
0.115,0,0
0.1154,0,0
0.1158,0,0
0.1162,0.00574566,0.00735258
0.1166,0,0
0.117,0,0
0.1174,0,0
0.1178,0.00377981,0.00570548
0.1182,0,0
0.1186,0,0
0.119,0,0
0.1194,0,0
0.1198,0,0
8
-0.1198,0,0
-0.1194,0,0
-0.119,0,0
-0.1186,0,0
-0.1182,0,0
-0.1178,0.00422131,0.0042298
-0.1174,0,0
-0.117,0,0
-0.1166,0.00391735,0.00392466
-0.1162,0,0
-0.1158,0,0
-0.1154,0,0
-0.115,0,0
-0.1146,0,0
-0.1142,0,0
-0.1138,0,0
-0.1134,0,0
-0.113,0,0
-0.1126,0,0
-0.1122,0,0
-0.1118,0,0
-0.1114,0,0
-0.111,0,0
-0.1106,0,0
-0.1102,0.00407231,0.00408014
-0.1098,0,0
-0.1094,0,0
-0.109,0,0
-0.1086,0,0
-0.1082,0,0
-0.1078,0,0
-0.1074,0.00383883,0.00384576
-0.107,0,0
-0.1066,0,0
-0.1062,0,0
-0.1058,0.00418458,0.0041928
-0.1054,0,0
-0.105,0,0
-0.1046,0,0
-0.1042,0,0
-0.1038,0.00424845,0.0042569
-0.1034,0,0
-0.103,0,0
-0.1026,0,0
-0.1022,0,0
-0.1018,0.00406262,0.00407032
-0.1014,0,0
-0.101,0,0
-0.1006,0,0
-0.1002,0,0
-0.0998,0,0
-0.0994,0,0
-0.099,0,0
-0.0986,0,0
-0.0982,0,0
-0.0978,0,0
-0.0974,0,0
-0.097,0,0
-0.0966,0,0
-0.0962,0.00403977,0.00404732
-0.0958,0,0
-0.0954,0.00399772,0.00400511
-0.095,0,0
-0.0946,0,0
-0.0942,0,0
-0.0938,0,0
-0.0934,0,0
-0.093,0,0
-0.0926,0.00404931,0.00405687
-0.0922,0,0
-0.0918,0,0
-0.0914,0.00188076,0.00279345
-0.091,0.00389486,0.00390183
-0.0906,0,0
-0.0902,0.0039084,0.00391542
-0.0898,0,0
-0.0894,0,0
-0.089,0,0
-0.0886,0,0
-0.0882,0,0
-0.0878,0,0
-0.0874,0.00407461,0.00408221
-0.087,0,0
-0.0866,0,0
-0.0862,0.00417364,0.00418161
-0.0858,0,0
-0.0854,0,0
-0.085,0.00385025,0.00385701
-0.0846,0.000299365,0.00113553
-0.0842,0,0
-0.0838,0.00463348,0.00464327
-0.0834,0,0
-0.083,0,0
-0.0826,0,0
-0.0822,0,0
-0.0818,0,0
-0.0814,0,0
-0.081,0,0
-0.0806,0,0
-0.0802,0,0
-0.0798,0,0
-0.0794,0,0
-0.079,0,0
-0.0786,0,0
-0.0782,0,0
-0.0778,0,0
-0.0774,0,0
-0.077,0,0
-0.0766,0,0
-0.0762,0,0
-0.0758,0,0
-0.0754,0.00414674,0.00415451
-0.075,0,0
-0.0746,0,0
-0.0742,0,0
-0.0738,0,0
-0.0734,0,0
-0.073,0,0
-0.0726,0,0
-0.0722,0,0
-0.0718,0,0
-0.0714,0,0
-0.071,0,0
-0.0706,0,0
-0.0702,0,0
-0.0698,0,0
-0.0694,0.00391242,0.00391931
-0.069,0,0
-0.0686,0.00426421,0.00427239
-0.0682,0.00411301,0.00412062
-0.0678,0,0
-0.0674,0,0
-0.067,0,0
-0.0666,0.00402914,0.00403643
-0.0662,0,0
-0.0658,0,0
-0.0654,0,0
-0.065,0,0
-0.0646,0,0
-0.0642,0,0
-0.0638,0,0
-0.0634,0,0
-0.063,0,0
-0.0626,0,0
-0.0622,0,0
-0.0618,0,0
-0.0614,0.00423224,0.00424027
-0.061,0,0
-0.0606,0,0
-0.0602,0,0
-0.0598,0,0
-0.0594,0,0
-0.059,0,0
-0.0586,0,0
-0.0582,0,0
-0.0578,0.00391211,0.00391896
-0.0574,0,0
-0.057,0,0
-0.0566,0.00149688,0.00256202
-0.0562,0,0
-0.0558,0,0
-0.0554,0.00445257,0.00446144
-0.055,0,0
-0.0546,0,0
-0.0542,0,0
-0.0538,0,0
-0.0534,0,0
-0.053,0,0
-0.0526,0.00377189,0.00377826
-0.0522,0,0
-0.0518,0,0
-0.0514,0.00427625,0.00428444
-0.051,0,0
-0.0506,0,0
-0.0502,0.0129244,0.00747633
-0.0498,0,0
-0.0494,0,0
-0.049,0,0
-0.0486,0,0
-0.0482,0.00440509,0.00441378
-0.0478,0,0
-0.0474,0,0
-0.047,0,0
-0.0466,0,0
-0.0462,0,0
-0.0458,0,0
-0.0454,0,0
-0.045,0,0
-0.0446,0,0
-0.0442,0,0
-0.0438,0.0085563,0.00606181
-0.0434,0,0
-0.043,0.00440338,0.00441205
-0.0426,0.00440377,0.00441245
-0.0422,0,0
-0.0418,0,0
-0.0414,0,0
-0.041,0,0
-0.0406,0,0
-0.0402,0,0
-0.0398,0.00420002,0.00420791
-0.0394,0.00401916,0.00402637
-0.039,0,0
-0.0386,0,0
-0.0382,0.00810171,0.00573915
-0.0378,0,0
-0.0374,0.00425529,0.00426338
-0.037,0,0
-0.0366,0,0
-0.0362,0,0
-0.0358,0.00218097,0.00308345
-0.0354,0,0
-0.035,0.00407738,0.0040848
-0.0346,0,0
-0.0342,0,0
-0.0338,0.00443584,0.00444462
-0.0334,0,0
-0.033,0,0
-0.0326,0,0
-0.0322,0,0
-0.0318,0,0
-0.0314,0,0
-0.031,0.00431978,0.0043281
-0.0306,0,0
-0.0302,0,0
-0.0298,0,0
-0.0294,0,0
-0.029,0.00378667,0.00379306
-0.0286,0,0
-0.0282,0.00427504,0.00428319
-0.0278,0.00423267,0.00424065
-0.0274,0,0
-0.027,0,0
-0.0266,0,0
-0.0262,0,0
-0.0258,0,0
-0.0254,0,0
-0.025,0.00443764,0.0044464
-0.0246,0,0
-0.0242,0.00400136,0.00400849
-0.0238,0,0
-0.0234,0,0
-0.023,0.00394249,0.0039494
-0.0226,0.00809664,0.00573567
-0.0222,0.00407327,0.00408065
-0.0218,0,0
-0.0214,0,0
-0.021,0,0
-0.0206,0,0
-0.0202,0,0
-0.0198,0,0
-0.0194,0,0
-0.019,0,0
-0.0186,0,0
-0.0182,0,0
-0.0178,0.00381302,0.00381948
-0.0174,0,0
-0.017,0,0
-0.0166,0,0
-0.0162,0.00430596,0.00431419
-0.0158,0,0
-0.0154,0.00436523,0.00437369
-0.015,0.00667419,0.00528965
-0.0146,0,0
-0.0142,0.00699831,0.00515642
-0.0138,0,0
-0.0134,0,0
-0.013,0,0
-0.0126,0.00843691,0.00597696
-0.0122,0.00399686,0.00400394
-0.0118,0.00394024,0.00394712
-0.0114,0,0
-0.011,0.0054407,0.00467154
-0.0106,0,0
-0.0102,0,0
-0.0098,0.000577193,0.00148989
-0.0094,0.00376165,0.00376791
-0.009,0.00813601,0.00576338
-0.0086,0.00820634,0.00581329
-0.0082,0.00443428,0.00444297
-0.0078,0.00853211,0.00604449
-0.0074,0,0
-0.007,0.00391158,0.00391833
-0.0066,0,0
-0.0062,0.00802292,0.00568311
-0.0058,0.00420988,0.0042177
-0.0054,0.0050007,0.00450651
-0.005,0.00822479,0.00582708
-0.0046,0.0264633,0.0104321
-0.0042,0.00403359,0.00404076
-0.0038,0.0360149,0.0120384
-0.0034,0.0515941,0.0149403
-0.003,0.0524013,0.0146511
-0.0026,0.0891436,0.0192001
-0.0022,0.174353,0.0269946
-0.0018,0.215326,0.0294713
-0.0014,0.287292,0.0346347
-0.001,0.470876,0.0440181
-0.0006,0.57382,0.0486789
-0.0002,0.568799,0.0470501
0.0002,0.550352,0.0475593
0.0006,0.501404,0.0460231
0.001,0.420637,0.042476
0.0014,0.298405,0.0346903
0.0018,0.238326,0.0306919
0.0022,0.172425,0.0272231
0.0026,0.129987,0.0232424
0.003,0.0553432,0.0146308
0.0034,0.0482567,0.0142706
0.0038,0.04172,0.0132214
0.0042,0.0238295,0.010265
0.0046,0.0135435,0.00783487
0.005,0.00389138,0.00407207
0.0054,0.00119633,0.00209371
0.0058,0.0040103,0.00401735
0.0062,0.0219043,0.0095675
0.0066,0.0235694,0.0100787
0.007,0.0164214,0.0082297
0.0074,0.00403067,0.00403778
0.0078,0.00430685,0.00431497
0.0082,0,0
0.0086,0.00402342,0.0040305
0.009,0,0
0.0094,0,0
0.0098,0,0
0.0102,0,0
0.0106,0.00870943,0.00617194
0.011,0.00445804,0.00446673
0.0114,0,0
0.0118,0,0
0.0122,0,0
0.0126,0.0011946,0.00216984
0.013,0,0
0.0134,0,0
0.0138,0,0
0.0142,0,0
0.0146,0.00609011,0.0050256
0.015,0,0
0.0154,0.00411487,0.00412225
0.0158,0.00411556,0.00412294
0.0162,0,0
0.0166,0.00404226,0.00404938
0.017,0,0
0.0174,0.00435195,0.00436019
0.0178,0.00417596,0.00418355
0.0182,0.00096543,0.00202191
0.0186,0,0
0.019,0.0080226,0.00568413
0.0194,0,0
0.0198,0.00403461,0.00404169
0.0202,0,0
0.0206,0,0
0.021,0,0
0.0214,0,0
0.0218,0,0
0.0222,0,0
0.0226,0,0
0.023,0,0
0.0234,0,0
0.0238,0,0
0.0242,0,0
0.0246,0,0
0.025,0,0
0.0254,0,0
0.0258,0.00426403,0.00427192
0.0262,0,0
0.0266,0,0
0.027,0,0
0.0274,0,0
0.0278,0,0
0.0282,0,0
0.0286,0,0
0.029,0,0
0.0294,0,0
0.0298,0.00430995,0.00431799
0.0302,0.00431085,0.00431889
0.0306,0,0
0.031,0.00411875,0.00412608
0.0314,0,0
0.0318,0.00409062,0.00409785
0.0322,0,0
0.0326,0,0
0.033,0,0
0.0334,0,0
0.0338,0,0
0.0342,0.00395991,0.00396668
0.0346,0,0
0.035,0,0
0.0354,0,0
0.0358,0,0
0.0362,0,0
0.0366,0,0
0.037,0,0
0.0374,0,0
0.0378,0,0
0.0382,0,0
0.0386,0,0
0.039,0.00397208,0.00397887
0.0394,0,0
0.0398,0,0
0.0402,0,0
0.0406,0,0
0.041,0,0
0.0414,0,0
0.0418,0,0
0.0422,0.00429231,0.00430023
0.0426,0,0
0.043,0,0
0.0434,0,0
0.0438,0,0
0.0442,0,0
0.0446,0.00865164,0.00612931
0.045,0,0
0.0454,0.00396491,0.00397166
0.0458,0,0
0.0462,0,0
0.0466,0.00412385,0.00413115
0.047,0.00426957,0.00427739
0.0474,0,0
0.0478,0,0
0.0482,0,0
0.0486,0,0
0.049,0,0
0.0494,0,0
0.0498,0.00434154,0.00434961
0.0502,0,0
0.0506,0,0
0.051,0,0
0.0514,0,0
0.0518,0,0
0.0522,0,0
0.0526,0.00404521,0.0040522
0.053,0.00430077,0.00430867
0.0534,0,0
0.0538,0.00419501,0.00420252
0.0542,0,0
0.0546,0.00437714,0.0043853
0.055,0,0
0.0554,0.00416511,0.00429017
0.0558,0,0
0.0562,0,0
0.0566,0.00809565,0.00573653
0.057,0.00434146,0.00434947
0.0574,0.00434349,0.00435151
0.0578,0,0
0.0582,0.00500119,0.00501181
0.0586,0,0
0.059,0,0
0.0594,0,0
0.0598,0,0
0.0602,0,0
0.0606,0,0
0.061,0,0
0.0614,0.00413211,0.00413933
0.0618,0,0
0.0622,0,0
0.0626,0,0
0.063,0,0
0.0634,0,0
0.0638,0,0
0.0642,0,0
0.0646,0,0
0.065,0,0
0.0654,0.00440025,0.00440839
0.0658,0.00428389,0.00429161
0.0662,0,0
0.0666,0,0
0.067,0,0
0.0674,0,0
0.0678,0,0
0.0682,0,0
0.0686,0.00421721,0.00422465
0.069,0,0
0.0694,0,0
0.0698,0,0
0.0702,0,0
0.0706,0,0
0.071,0,0
0.0714,0,0
0.0718,0,0
0.0722,0,0
0.0726,0,0
0.073,0,0
0.0734,0,0
0.0738,0.00442214,0.00443027
0.0742,0.00443682,0.00444499
0.0746,0.00443911,0.00444729
0.075,0,0
0.0754,0,0
0.0758,0,0
0.0762,0,0
0.0766,0,0
0.077,0.00433979,0.00434758
0.0774,0.000493826,0.00144647
0.0778,0,0
0.0782,0,0
0.0786,0.0045173,0.00452572
0.079,0,0
0.0794,0,0
0.0798,0.00466986,0.00467886
0.0802,0,0
0.0806,0,0
0.081,0,0
0.0814,0,0
0.0818,0,0
0.0822,0,0
0.0826,0,0
0.083,0,0
0.0834,0,0
0.0838,0,0
0.0842,0,0
0.0846,0.00399882,0.00400537
0.085,0.00926572,0.00656637
0.0854,0.00855347,0.00605882
0.0858,0.00440107,0.004409
0.0862,0,0
0.0866,0,0
0.087,0,0
0.0874,0,0
0.0878,0,0
0.0882,0,0
0.0886,0,0
0.089,0,0
0.0894,0,0
0.0898,0,0
0.0902,0,0
0.0906,0,0
0.091,0,0
0.0914,0,0
0.0918,0,0
0.0922,0,0
0.0926,0,0
0.093,0,0
0.0934,0,0
0.0938,0,0
0.0942,0,0
0.0946,0.00407427,0.00408101
0.095,0.00448583,0.00449399
0.0954,0,0
0.0958,0,0
0.0962,0.00446328,0.00447135
0.0966,0.00181752,0.0030221
0.097,0.0046725,0.00468134
0.0974,0,0
0.0978,0.00466344,0.00467224
0.0982,0,0
0.0986,0,0
0.099,0,0
0.0994,0,0
0.0998,0,0
0.1002,0,0
0.1006,0,0
0.101,0,0
0.1014,0,0
0.1018,0.00491677,0.00492653
0.1022,0,0
0.1026,0,0
0.103,0,0
0.1034,0,0
0.1038,0,0
0.1042,0,0
0.1046,0,0
0.105,0,0
0.1054,0,0
0.1058,0,0
0.1062,0,0
0.1066,0,0
0.107,0,0
0.1074,0,0
0.1078,0.00565761,0.0056705
0.1082,0,0
0.1086,0,0
0.109,0,0
0.1094,0,0
0.1098,0,0
0.1102,0,0
0.1106,0,0
0.111,0,0
0.1114,0.00663914,0.00665689
0.1118,0,0
0.1122,0,0
0.1126,0,0
0.113,0,0
0.1134,0.00324332,0.00455453
0.1138,0.00736337,0.00738519
0.1142,0,0
0.1146,0.0134537,0.009539
0.115,0.00743303,0.00745527
0.1154,0,0
0.1158,0,0
0.1162,0.00293323,0.00473815
0.1166,0,0
0.117,0,0
0.1174,0,0
0.1178,0.0108255,0.00869534
0.1182,0.00793196,0.0079573
0.1186,0.00858877,0.00861847
0.119,0,0
0.1194,0,0
0.1198,0,0
9
-0.1198,0,0
-0.1194,0,0
-0.119,0.00424431,0.00425315
-0.1186,0.00406984,0.00407797
-0.1182,0.00383765,0.00384488
-0.1178,0,0
-0.1174,0,0
-0.117,0,0
-0.1166,0,0
-0.1162,0,0
-0.1158,0,0
-0.1154,0,0
-0.115,0,0
-0.1146,0,0
-0.1142,0,0
-0.1138,0.0039197,0.00392729
-0.1134,0,0
-0.113,0,0
-0.1126,0,0
-0.1122,0,0
-0.1118,0,0
-0.1114,0,0
-0.111,0,0
-0.1106,0,0
-0.1102,0,0
-0.1098,0,0
-0.1094,0.00410981,0.00411822
-0.109,0,0
-0.1086,0,0
-0.1082,0,0
-0.1078,0,0
-0.1074,0,0
-0.107,0,0
-0.1066,0,0
-0.1062,0,0
-0.1058,0,0
-0.1054,0,0
-0.105,0,0
-0.1046,0,0
-0.1042,0,0
-0.1038,0,0
-0.1034,0,0
-0.103,0,0
-0.1026,0.00406954,0.00407787
-0.1022,0,0
-0.1018,0,0
-0.1014,0,0
-0.101,0,0
-0.1006,0,0
-0.1002,0,0
-0.0998,0,0
-0.0994,0,0
-0.099,0,0
-0.0986,0,0
-0.0982,0,0
-0.0978,0,0
-0.0974,0,0
-0.097,0,0
-0.0966,0.00368147,0.00368835
-0.0962,0,0
-0.0958,0,0
-0.0954,0,0
-0.095,0,0
-0.0946,0,0
-0.0942,0,0
-0.0938,0,0
-0.0934,0,0
-0.093,0,0
-0.0926,0.00364657,0.00365336
-0.0922,0,0
-0.0918,0,0
-0.0914,0.00202622,0.00274994
-0.091,0,0
-0.0906,0,0
-0.0902,0,0
-0.0898,0,0
-0.0894,0.00742505,0.0052603
-0.089,0,0
-0.0886,0.00370535,0.00371239
-0.0882,0,0
-0.0878,0,0
-0.0874,0,0
-0.087,0,0
-0.0866,0,0
-0.0862,0,0
-0.0858,0,0
-0.0854,0.00372934,0.0037365
-0.085,0,0
-0.0846,0.00353272,0.00366998
-0.0842,0,0
-0.0838,0,0
-0.0834,0,0
-0.083,0,0
-0.0826,0,0
-0.0822,0,0
-0.0818,0.00350604,0.00351239
-0.0814,0,0
-0.081,0,0
-0.0806,0,0
-0.0802,0,0
-0.0798,0,0
-0.0794,0,0
-0.079,0,0
-0.0786,0,0
-0.0782,0,0
-0.0778,0,0
-0.0774,0,0
-0.077,0,0
-0.0766,0,0
-0.0762,0.00346741,0.00347367
-0.0758,0,0
-0.0754,0.00719921,0.00510015
-0.075,0,0
-0.0746,0,0
-0.0742,0,0
-0.0738,0,0
-0.0734,0,0
-0.073,0,0
-0.0726,0.0036028,0.00360957
-0.0722,0,0
-0.0718,0,0
-0.0714,0,0
-0.071,0,0
-0.0706,0,0
-0.0702,0.00331405,0.00331979
-0.0698,0,0
-0.0694,0.00333607,0.00334189
-0.069,0,0
-0.0686,0.00366125,0.00366827
-0.0682,0,0
-0.0678,0,0
-0.0674,0.00352904,0.00353557
-0.067,0,0
-0.0666,0.00344986,0.0034561
-0.0662,0,0
-0.0658,0,0
-0.0654,0.00374181,0.00374916
-0.065,0.00360135,0.00360816
-0.0646,0,0
-0.0642,0.00373031,0.00373762
-0.0638,0,0
-0.0634,0,0
-0.063,0,0
-0.0626,0.00635194,0.00449901
-0.0622,0.00348505,0.00349144
-0.0618,0.00366746,0.00367453
-0.0614,0,0
-0.061,0.00349347,0.0034999
-0.0606,0,0
-0.0602,0,0
-0.0598,0,0
-0.0594,0,0
-0.059,0,0
-0.0586,0,0
-0.0582,0.00373706,0.00374443
-0.0578,0,0
-0.0574,0.0033559,0.00336184
-0.057,0,0
-0.0566,0.00243229,0.00300593
-0.0562,0,0
-0.0558,0.00365948,0.00366655
-0.0554,0,0
-0.055,0.00367968,0.00368685
-0.0546,0,0
-0.0542,0.00349608,0.00350255
-0.0538,0,0
-0.0534,0.00346519,0.00347155
-0.053,0,0
-0.0526,0,0
-0.0522,0,0
-0.0518,0.00742225,0.00526059
-0.0514,0.00360981,0.00361672
-0.051,0,0
-0.0506,0,0
-0.0502,0,0
-0.0498,0.00355771,0.00356443
-0.0494,0.00703429,0.0049836
-0.049,0.00352935,0.00353596
-0.0486,0.00352813,0.00353474
-0.0482,0.0037109,0.00371821
-0.0478,0,0
-0.0474,0.00336036,0.00336636
-0.047,0.00321087,0.00321635
-0.0466,0,0
-0.0462,0.00694758,0.00492348
-0.0458,0.00372818,0.00373558
-0.0454,0.00355908,0.00356582
-0.045,0.00369544,0.00370271
-0.0446,0.00342037,0.0034266
-0.0442,0.0105843,0.00613046
-0.0438,0,0
-0.0434,0.00330901,0.00331485
-0.043,0,0
-0.0426,0.00373754,0.003745
-0.0422,0,0
-0.0418,0,0
-0.0414,0,0
-0.041,0.00338874,0.00339488
-0.0406,0.00338742,0.00339356
-0.0402,0,0
-0.0398,0.00350487,0.00351145
-0.0394,0,0
-0.039,0.00730578,0.00518352
-0.0386,0,0
-0.0382,0.00324202,0.00324766
-0.0378,0.00321522,0.00322077
-0.0374,0,0
-0.037,0.00356745,0.00357429
-0.0366,0,0
-0.0362,0.00328146,0.00328725
-0.0358,0,0
-0.0354,0.00345293,0.00345935
-0.035,0.00343643,0.00344278
-0.0346,0,0
-0.0342,0.00344564,0.00345204
-0.0338,0,0
-0.0334,0.00700694,0.00496402
-0.033,0,0
-0.0326,0.0101974,0.00589867
-0.0322,0.00345379,0.00346023
-0.0318,0.00320155,0.00320708
-0.0314,0.00319993,0.00320546
-0.031,0.00634923,0.0044973
-0.0306,0.00724575,0.00513433
-0.0302,0,0
-0.0298,0,0
-0.0294,0.0129903,0.00651202
-0.029,0.0031932,0.00319872
-0.0286,0.00978462,0.00566177
-0.0282,0.00351134,0.00351803
-0.0278,0,0
-0.0274,0.00672073,0.00476094
-0.027,0.00319407,0.00319961
-0.0266,0,0
-0.0262,0,0
-0.0258,0,0
-0.0254,0.00656396,0.0046524
-0.025,0,0
-0.0246,0.00687191,0.00486827
-0.0242,0.00653525,0.00462935
-0.0238,0,0
-0.0234,0,0
-0.023,0.00321376,0.00321939
-0.0226,0.00332264,0.00332867
-0.0222,0,0
-0.0218,0.00332901,0.00333506
-0.0214,0,0
-0.021,0,0
-0.0206,0.00665803,0.00472202
-0.0202,0.00348506,0.00349171
-0.0198,0,0
-0.0194,0.00678599,0.00480735
-0.019,0.00328631,0.00329223
-0.0186,0,0
-0.0182,0,0
-0.0178,0.012802,0.00641371
-0.0174,0.00328203,0.00328795
-0.017,0,0
-0.0166,0,0
-0.0162,0.00347324,0.00347988
-0.0158,0.00340234,0.00340871
-0.0154,0.00672761,0.00476596
-0.015,0.00807579,0.0052203
-0.0146,0.00933031,0.00539612
-0.0142,0,0
-0.0138,0.00616099,0.00436389
-0.0134,0.00336681,0.00337307
-0.013,0,0
-0.0126,0,0
-0.0122,0,0
-0.0118,0,0
-0.0114,0.0127539,0.00638825
-0.011,0.0150905,0.00702079
-0.0106,0.00665471,0.00471428
-0.0102,0.00332167,0.00332779
-0.0098,0.00916125,0.00529823
-0.0094,0.0120121,0.00601618
-0.009,0.00647141,0.00458421
-0.0086,0.0162232,0.00726842
-0.0082,0.00325895,0.00326486
-0.0078,0.0271226,0.0096075
-0.0074,0.00340638,0.00341285
-0.007,0.0222732,0.00843745
-0.0066,0.0303708,0.0101431
-0.0062,0.00957,0.00553528
-0.0058,0.016428,0.00736114
-0.0054,0.015477,0.007105
-0.005,0.00978113,0.00565806
-0.0046,0.0136979,0.00665049
-0.0042,0.0221589,0.00839048
-0.0038,0.0385335,0.0111643
-0.0034,0.0625048,0.0147731
-0.003,0.0481215,0.0124475
-0.0026,0.0755526,0.01566
-0.0022,0.117739,0.0196485
-0.0018,0.176757,0.0236435
-0.0014,0.390989,0.0357866
-0.001,0.534558,0.0414866
-0.0006,0.731989,0.0486556
-0.0002,0.728487,0.0470721
0.0002,0.614007,0.044373
0.0006,0.551852,0.0426786
0.001,0.406873,0.03686
0.0014,0.246597,0.0279188
0.0018,0.0991783,0.0175948
0.0022,0.0734332,0.0156859
0.0026,0.0626983,0.0142196
0.003,0.0583359,0.013217
0.0034,0.0278146,0.00958755
0.0038,0.0294186,0.00982847
0.0042,0.0274211,0.00971465
0.0046,0.0209907,0.0085864
0.005,0.0236471,0.00895868
0.0054,0.00849501,0.00491246
0.0058,0.00932124,0.00539109
0.0062,0.0152461,0.00701649
0.0066,0.0247862,0.00906317
0.007,0.0196348,0.00803536
0.0074,0.0189097,0.00773612
0.0078,0.00684883,0.00485225
0.0082,0.00654109,0.00463891
0.0086,0.00622106,0.00440673
0.009,0.0065778,0.00465988
0.0094,0.00304734,0.0030526
0.0098,0.00610175,0.00432915
0.0102,0,0
0.0106,0.0034292,0.00343588
0.011,0.00333443,0.00334075
0.0114,0,0
0.0118,0.00320172,0.00320755
0.0122,0,0
0.0126,0,0
0.013,0.00632475,0.00448032
0.0134,0,0
0.0138,0,0
0.0142,0.00347578,0.00348266
0.0146,0.00826247,0.00523017
0.015,0,0
0.0154,0,0
0.0158,0,0
0.0162,0,0
0.0166,0.00308487,0.0030903
0.017,0,0
0.0174,0,0
0.0178,0.00318169,0.00318748
0.0182,0.00569089,0.00428397
0.0186,0,0
0.019,0.00610409,0.00432484
0.0194,0,0
0.0198,0,0
0.0202,0,0
0.0206,0.00609856,0.00431987
0.021,0.00307907,0.0030845
0.0214,0.00326441,0.00327051
0.0218,0,0
0.0222,0.00316975,0.00317551
0.0226,0.00934873,0.00540919
0.023,0,0
0.0234,0,0
0.0238,0.00952439,0.00550894
0.0242,0,0
0.0246,0,0
0.025,0.00344667,0.00345349
0.0254,0.00929697,0.00537832
0.0258,0,0
0.0262,0.00952583,0.00551075
0.0266,0,0
0.027,0,0
0.0274,0.00314235,0.00314803
0.0278,0.00607832,0.00430554
0.0282,0,0
0.0286,0.00610544,0.00432479
0.029,0,0
0.0294,0.00334272,0.00334915
0.0298,0.00323805,0.00324409
0.0302,0,0
0.0306,0,0
0.031,0.00614212,0.00435083
0.0314,0.00321155,0.00321749
0.0318,0,0
0.0322,0.00306604,0.00307146
0.0326,0,0
0.033,0.00619961,0.00439163
0.0334,0,0
0.0338,0,0
0.0342,0.00888391,0.00513791
0.0346,0.00338929,0.00339593
0.035,0,0
0.0354,0.00315635,0.0031621
0.0358,0,0
0.0362,0,0
0.0366,0,0
0.037,0,0
0.0374,0,0
0.0378,0,0
0.0382,0,0
0.0386,0,0
0.039,0,0
0.0394,0,0
0.0398,0,0
0.0402,0.00872677,0.0050469
0.0406,0,0
0.041,0.00653941,0.00463284
0.0414,0,0
0.0418,0,0
0.0422,0.00633842,0.00449018
0.0426,0.00590598,0.00418331
0.043,0,0
0.0434,0.00625905,0.00443385
0.0438,0,0
0.0442,0,0
0.0446,0,0
0.045,0,0
0.0454,0.00293299,0.00293798
0.0458,0.00604122,0.00427928
0.0462,0,0
0.0466,0,0
0.047,0.00315391,0.00315969
0.0474,0.00652295,0.00462349
0.0478,0.00336413,0.0033707
0.0482,0.00310747,0.00311309
0.0486,0.00324713,0.00325326
0.049,0,0
0.0494,0.00325494,0.00326109
0.0498,0.00319613,0.00320207
0.0502,0,0
0.0506,0.00273628,0.00274063
0.051,0.00609565,0.00432223
0.0514,0.00602688,0.0042716
0.0518,0.0064123,0.00454451
0.0522,0.00612619,0.0043396
0.0526,0,0
0.053,0,0
0.0534,0.00284082,0.00284552
0.0538,0,0
0.0542,0,0
0.0546,0,0
0.055,0,0
0.0554,0.000173166,0.000747181
0.0558,0,0
0.0562,0.00302834,0.0030337
0.0566,0.00286566,0.00287046
0.057,0.00315792,0.00316375
0.0574,0.00309079,0.00309638
0.0578,0.00308973,0.00309531
0.0582,0,0
0.0586,0,0
0.059,0,0
0.0594,0,0
0.0598,0.00664275,0.00470628
0.0602,0,0
0.0606,0,0
0.061,0,0
0.0614,0,0
0.0618,0.00306481,0.00307032
0.0622,0.00929557,0.00537674
0.0626,0,0
0.063,0.00330653,0.00331295
0.0634,0.00661081,0.00468363
0.0638,0.00320921,0.00321527
0.0642,0,0
0.0646,0.00279713,0.00280174
0.065,0.00293887,0.00294396
0.0654,0.00314345,0.00314926
0.0658,0.0030266,0.00303199
0.0662,0.00311384,0.00311955
0.0666,0,0
0.067,0,0
0.0674,0.00324679,0.00325301
0.0678,0.00312785,0.00313362
0.0682,0.00319216,0.00319817
0.0686,0,0
0.069,0.00298771,0.00299298
0.0694,0,0
0.0698,0.00286765,0.00287251
0.0702,0,0
0.0706,0.00588986,0.00417202
0.071,0.00324282,0.00324905
0.0714,0,0
0.0718,0,0
0.0722,0,0
0.0726,0,0
0.073,0.00328896,0.00329537
0.0734,0,0
0.0738,0.00618982,0.00438491
0.0742,0,0
0.0746,0,0
0.075,0,0
0.0754,0.00286197,0.00286684
0.0758,0,0
0.0762,0,0
0.0766,0,0
0.077,0.00301478,0.00302019
0.0774,0,0
0.0778,0,0
0.0782,0.00308579,0.00309146
0.0786,0,0
0.079,0,0
0.0794,0,0
0.0798,0.00644618,0.00456692
0.0802,0.00284623,0.00285107
0.0806,0,0
0.081,0.0030131,0.00301853
0.0814,0,0
0.0818,0,0
0.0822,0.00599921,0.00424971
0.0826,0,0
0.083,0.00322104,0.00322726
0.0834,0,0
0.0838,0.00626569,0.00443885
0.0842,0.00273113,0.00273561
0.0846,0.00308219,0.00308789
0.085,0,0
0.0854,0,0
0.0858,0.00303803,0.00304358
0.0862,0,0
0.0866,0.00545949,0.00386679
0.087,0,0
0.0874,0.00296838,0.00297369
0.0878,0,0
0.0882,0.00598795,0.00424177
0.0886,0.00309858,0.00310437
0.089,0.00316562,0.00317167
0.0894,0,0
0.0898,0.00670141,0.00474842
0.0902,0,0
0.0906,0,0
0.091,0.00299166,0.00299707
0.0914,0.00275562,0.00276021
0.0918,0.00589062,0.00417274
0.0922,0.00587272,0.00416002
0.0926,0.00584774,0.00414519
0.093,0.00491232,0.00393089
0.0934,0,0
0.0938,0,0
0.0942,0,0
0.0946,0,0
0.095,0,0
0.0954,0.0060056,0.00425433
0.0958,0.00278438,0.00278907
0.0962,0.00276798,0.00277262
0.0966,0,0
0.097,0,0
0.0974,0,0
0.0978,0.00311238,0.00311825
0.0982,0,0
0.0986,0.00330431,0.00331092
0.099,0,0
0.0994,0.00311273,0.0031186
0.0998,0,0
0.1002,0,0
0.1006,0,0
0.101,0.00327983,0.00328635
0.1014,0,0
0.1018,0.00654738,0.00463889
0.1022,0,0
0.1026,0,0
0.103,0,0
0.1034,0,0
0.1038,0,0
0.1042,0.00720565,0.00510791
0.1046,0,0
0.105,0,0
0.1054,0,0
0.1058,0.00376909,0.00377771
0.1062,0,0
0.1066,0.00375849,0.00376706
0.107,0,0
0.1074,0,0
0.1078,0.00812057,0.00575626
0.1082,0,0
0.1086,0,0
0.109,0.00364023,0.00364827
0.1094,0,0
0.1098,0,0
0.1102,0,0
0.1106,0.0077751,0.0055108
0.111,0.00440353,0.0044153
0.1114,0,0
0.1118,0.00419319,0.00420386
0.1122,0,0
0.1126,0,0
0.113,0,0
0.1134,0,0
0.1138,0,0
0.1142,0.00412389,0.00413422
0.1146,0.00445815,0.00447022
0.115,0,0
0.1154,0.00918067,0.00650983
0.1158,0,0
0.1162,0,0
0.1166,0.00504087,0.0050563
0.117,0,0
0.1174,0,0
0.1178,0,0
0.1182,0,0
0.1186,0.00569156,0.00571124
0.119,0.00562631,0.00564554
0.1194,3.8477e-07,4.48677e-05
0.1198,0,0
