# X , Y , E Distribution=true
1
-0.1198,0,0
-0.1194,0,0
-0.119,0,0
-0.1186,0.0262134,0.0185722
-0.1182,0,0
-0.1178,0,0
-0.1174,0,0
-0.117,0,0
-0.1166,0,0
-0.1162,0,0
-0.1158,0,0
-0.1154,0,0
-0.115,0,0
-0.1146,0,0
-0.1142,0,0
-0.1138,0,0
-0.1134,0,0
-0.113,0,0
-0.1126,0,0
-0.1122,0,0
-0.1118,0,0
-0.1114,0,0
-0.111,0,0
-0.1106,0,0
-0.1102,0,0
-0.1098,0,0
-0.1094,0,0
-0.109,0,0
-0.1086,0,0
-0.1082,0,0
-0.1078,0,0
-0.1074,0,0
-0.107,0,0
-0.1066,0,0
-0.1062,0,0
-0.1058,0.0116312,0.0121474
-0.1054,0,0
-0.105,0,0
-0.1046,0,0
-0.1042,0,0
-0.1038,0,0
-0.1034,0,0
-0.103,0.0124616,0.0124848
-0.1026,0.00678929,0.00921872
-0.1022,0,0
-0.1018,0,0
-0.1014,0,0
-0.101,0,0
-0.1006,0,0
-0.1002,0,0
-0.0998,0,0
-0.0994,0.0127455,0.0127696
-0.099,0,0
-0.0986,0,0
-0.0982,0,0
-0.0978,0,0
-0.0974,0,0
-0.097,0,0
-0.0966,0,0
-0.0962,0,0
-0.0958,0,0
-0.0954,0,0
-0.095,0,0
-0.0946,0,0
-0.0942,0,0
-0.0938,0.00727809,0.00930878
-0.0934,0,0
-0.093,0,0
-0.0926,0,0
-0.0922,0,0
-0.0918,0,0
-0.0914,0,0
-0.091,0,0
-0.0906,0,0
-0.0902,0,0
-0.0898,0,0
-0.0894,0,0
-0.089,0,0
-0.0886,0,0
-0.0882,0,0
-0.0878,0,0
-0.0874,0,0
-0.087,0,0
-0.0866,0.0129037,0.0129283
-0.0862,0,0
-0.0858,0.0128454,0.0128698
-0.0854,0,0
-0.085,0,0
-0.0846,0.0123466,0.0123691
-0.0842,0,0
-0.0838,0,0
-0.0834,0,0
-0.083,0.00634867,0.00875098
-0.0826,0,0
-0.0822,0,0
-0.0818,0.0129403,0.012965
-0.0814,0,0
-0.081,0,0
-0.0806,0,0
-0.0802,0,0
-0.0798,0,0
-0.0794,0,0
-0.079,0,0
-0.0786,0,0
-0.0782,0,0
-0.0778,0,0
-0.0774,0,0
-0.077,0,0
-0.0766,0,0
-0.0762,0,0
-0.0758,0,0
-0.0754,0,0
-0.075,0,0
-0.0746,0,0
-0.0742,0.0117593,0.0117796
-0.0738,0,0
-0.0734,0,0
-0.073,0.0119546,0.0119756
-0.0726,0,0
-0.0722,0,0
-0.0718,0,0
-0.0714,0,0
-0.071,0,0
-0.0706,0,0
-0.0702,0,0
-0.0698,0,0
-0.0694,0,0
-0.069,0,0
-0.0686,0,0
-0.0682,0,0
-0.0678,0,0
-0.0674,0,0
-0.067,0,0
-0.0666,0,0
-0.0662,0,0
-0.0658,0.0132872,0.013313
-0.0654,0.0136762,0.0137036
-0.065,0.0128231,0.0128471
-0.0646,0,0
-0.0642,0,0
-0.0638,0,0
-0.0634,0,0
-0.063,0,0
-0.0626,0,0
-0.0622,0,0
-0.0618,0.0131618,0.0131871
-0.0614,0,0
-0.061,0,0
-0.0606,0,0
-0.0602,0,0
-0.0598,0,0
-0.0594,0,0
-0.059,0,0
-0.0586,0,0
-0.0582,0,0
-0.0578,0,0
-0.0574,0,0
-0.057,0,0
-0.0566,0.0139274,0.0139557
-0.0562,0,0
-0.0558,0,0
-0.0554,0,0
-0.055,0,0
-0.0546,0,0
-0.0542,0,0
-0.0538,0,0
-0.0534,0,0
-0.053,0,0
-0.0526,0,0
-0.0522,0,0
-0.0518,0,0
-0.0514,0,0
-0.051,0,0
-0.0506,0,0
-0.0502,0.0132643,0.0132899
-0.0498,0,0
-0.0494,0,0
-0.049,0,0
-0.0486,0,0
-0.0482,0.0115924,0.0116119
-0.0478,0,0
-0.0474,0,0
-0.047,0,0
-0.0466,0,0
-0.0462,0,0
-0.0458,0,0
-0.0454,0,0
-0.045,0,0
-0.0446,0.00858343,0.0104653
-0.0442,0,0
-0.0438,0,0
-0.0434,0,0
-0.043,0,0
-0.0426,0,0
-0.0422,0,0
-0.0418,0.023391,0.0165848
-0.0414,0,0
-0.041,0,0
-0.0406,0,0
-0.0402,0,0
-0.0398,0,0
-0.0394,0.0031782,0.00623068
-0.039,0,0
-0.0386,0,0
-0.0382,0,0
-0.0378,0,0
-0.0374,0,0
-0.037,0,0
-0.0366,0,0
-0.0362,0,0
-0.0358,0,0
-0.0354,0,0
-0.035,0,0
-0.0346,0,0
-0.0342,0,0
-0.0338,0,0
-0.0334,0.00351329,0.00666445
-0.033,0.0120782,0.0120992
-0.0326,0,0
-0.0322,0,0
-0.0318,0,0
-0.0314,0,0
-0.031,0,0
-0.0306,0,0
-0.0302,0,0
-0.0298,0,0
-0.0294,0,0
-0.029,0,0
-0.0286,0,0
-0.0282,0,0
-0.0278,0,0
-0.0274,0,0
-0.027,0.0127007,0.0127239
-0.0266,0,0
-0.0262,0,0
-0.0258,0.0135503,0.0135767
-0.0254,0,0
-0.025,0.0117165,0.0117362
-0.0246,0,0
-0.0242,0,0
-0.0238,0,0
-0.0234,0,0
-0.023,0,0
-0.0226,0,0
-0.0222,0,0
-0.0218,0,0
-0.0214,0,0
-0.021,0,0
-0.0206,0,0
-0.0202,0.00954162,0.0110285
-0.0198,0,0
-0.0194,0,0
-0.019,0,0
-0.0186,0,0
-0.0182,0,0
-0.0178,0,0
-0.0174,0,0
-0.017,0,0
-0.0166,0,0
-0.0162,0,0
-0.0158,0.0120023,0.0120229
-0.0154,0,0
-0.015,0,0
-0.0146,0,0
-0.0142,0,0
-0.0138,0.0173898,0.0149975
-0.0134,0,0
-0.013,0.0125128,0.0125351
-0.0126,0,0
-0.0122,0,0
-0.0118,0.0133856,0.0134112
-0.0114,0.0129868,0.0130109
-0.011,0.0139882,0.0140161
-0.0106,0,0
-0.0102,0,0
-0.0098,0,0
-0.0094,0.0121867,0.0122079
-0.009,0,0
-0.0086,0,0
-0.0082,0,0
-0.0078,0,0
-0.0074,0,0
-0.007,0.0129826,0.0130066
-0.0066,0,0
-0.0062,0,0
-0.0058,0,0
-0.0054,0,0
-0.005,0.0425702,0.0233968
-0.0046,0.0260525,0.0184561
-0.0042,0.0873044,0.0330635
-0.0038,0.167718,0.0460952
-0.0034,0.203242,0.0508502
-0.003,0.294102,0.0609623
-0.0026,0.430236,0.0748601
-0.0022,0.731121,0.0980033
-0.0018,1.54896,0.140132
-0.0014,2.44826,0.177777
-0.001,4.54888,0.247917
-0.0006,5.5359,0.270037
-0.0002,5.78402,0.279157
0.0002,4.78581,0.248417
0.0006,3.5508,0.211463
0.001,2.41917,0.182102
0.0014,1.41889,0.141734
0.0018,0.649824,0.0917036
0.0022,0.188201,0.0491675
0.0026,0.0934628,0.0353959
0.003,0.0245457,0.0173867
0.0034,0.0122752,0.0122965
0.0038,0.0126282,0.0126508
0.0042,0,0
0.0046,0,0
0.005,0.0144529,0.0144824
0.0054,0.0129867,0.0130106
0.0058,0.0125415,0.0125638
0.0062,0,0
0.0066,0.0130377,0.0130618
0.007,0.0128407,0.012864
0.0074,0,0
0.0078,0,0
0.0082,0,0
0.0086,0,0
0.009,0,0
0.0094,0,0
0.0098,0,0
0.0102,0.0120649,0.0120854
0.0106,0,0
0.011,0,0
0.0114,0,0
0.0118,0.012783,0.0128061
0.0122,0,0
0.0126,0,0
0.013,0,0
0.0134,0.0202655,0.0168153
0.0138,0,0
0.0142,0,0
0.0146,0,0
0.015,0,0
0.0154,0,0
0.0158,0,0
0.0162,0,0
0.0166,0,0
0.017,0.0125965,0.0126188
0.0174,0,0
0.0178,0,0
0.0182,0,0
0.0186,0,0
0.019,0,0
0.0194,0,0
0.0198,0,0
0.0202,0,0
0.0206,0,0
0.021,0,0
0.0214,0,0
0.0218,0,0
0.0222,0.013019,0.0130428
0.0226,0,0
0.023,0,0
0.0234,0,0
0.0238,0,0
0.0242,0,0
0.0246,0,0
0.025,0,0
0.0254,0,0
0.0258,0,0
0.0262,0,0
0.0266,0,0
0.027,0,0
0.0274,0,0
0.0278,0,0
0.0282,0,0
0.0286,0,0
0.029,0,0
0.0294,0,0
0.0298,0,0
0.0302,0,0
0.0306,0,0
0.031,0,0
0.0314,0,0
0.0318,0,0
0.0322,0,0
0.0326,0,0
0.033,0,0
0.0334,0,0
0.0338,0,0
0.0342,0,0
0.0346,0,0
0.035,0,0
0.0354,0,0
0.0358,0,0
0.0362,0,0
0.0366,0,0
0.037,0,0
0.0374,0.0124931,0.0125148
0.0378,0,0
0.0382,0,0
0.0386,0,0
0.039,0,0
0.0394,0,0
0.0398,0,0
0.0402,0,0
0.0406,0,0
0.041,0,0
0.0414,0,0
0.0418,0,0
0.0422,0,0
0.0426,0,0
0.043,0,0
0.0434,0.0132209,0.0132451
0.0438,0,0
0.0442,0,0
0.0446,0.0136487,0.0136745
0.045,0,0
0.0454,0,0
0.0458,0.0135196,0.0135449
0.0462,0.0126608,0.012683
0.0466,0,0
0.047,0,0
0.0474,0,0
0.0478,0,0
0.0482,0,0
0.0486,0,0
0.049,0.0136518,0.0136776
0.0494,0,0
0.0498,0,0
0.0502,0,0
0.0506,0,0
0.051,0.0131281,0.0131519
0.0514,0,0
0.0518,0,0
0.0522,0,0
0.0526,0,0
0.053,0,0
0.0534,0,0
0.0538,0.0120367,0.0120567
0.0542,0,0
0.0546,0,0
0.055,0,0
0.0554,0,0
0.0558,0,0
0.0562,0,0
0.0566,0,0
0.057,0,0
0.0574,0.0127421,0.0127645
0.0578,0,0
0.0582,0,0
0.0586,0,0
0.059,0,0
0.0594,0,0
0.0598,0,0
0.0602,0,0
0.0606,0,0
0.061,0,0
0.0614,0,0
0.0618,0,0
0.0622,0,0
0.0626,0,0
0.063,0,0
0.0634,0,0
0.0638,0,0
0.0642,0,0
0.0646,0,0
0.065,0.0129834,0.0130066
0.0654,0,0
0.0658,0,0
0.0662,0.0140005,0.0140274
0.0666,0,0
0.067,0,0
0.0674,0,0
0.0678,0,0
0.0682,0,0
0.0686,0.0129817,0.0130048
0.069,0,0
0.0694,0,0
0.0698,0,0
0.0702,0,0
0.0706,0,0
0.071,0.01242,0.0124411
0.0714,0,0
0.0718,0,0
0.0722,0,0
0.0726,0,0
0.073,0,0
0.0734,0,0
0.0738,0,0
0.0742,0,0
0.0746,0,0
0.075,0,0
0.0754,0,0
0.0758,0,0
0.0762,0,0
0.0766,0,0
0.077,0,0
0.0774,0,0
0.0778,0,0
0.0782,0,0
0.0786,0.0123853,0.0124063
0.079,0,0
0.0794,0,0
0.0798,0,0
0.0802,0,0
0.0806,0.0132176,0.0132414
0.081,0,0
0.0814,0,0
0.0818,0,0
0.0822,0.0124688,0.0124899
0.0826,0,0
0.083,0,0
0.0834,0,0
0.0838,0,0
0.0842,0,0
0.0846,0.0129446,0.0129674
0.085,0,0
0.0854,0,0
0.0858,0,0
0.0862,0,0
0.0866,0,0
0.087,0,0
0.0874,0,0
0.0878,0,0
0.0882,0,0
0.0886,0.00157317,0.00459724
0.089,0,0
0.0894,0,0
0.0898,0,0
0.0902,0.0135115,0.0135362
0.0906,0,0
0.091,0,0
0.0914,0.0141289,0.0141559
0.0918,0,0
0.0922,0,0
0.0926,0,0
0.093,0.0134322,0.0134566
0.0934,0,0
0.0938,0,0
0.0942,0,0
0.0946,0,0
0.095,0,0
0.0954,0.0137722,0.0137979
0.0958,0,0
0.0962,0,0
0.0966,0,0
0.097,0,0
0.0974,0,0
0.0978,0,0
0.0982,0,0
0.0986,0,0
0.099,0,0
0.0994,0.0142918,0.0143193
0.0998,0,0
0.1002,0,0
0.1006,0,0
0.101,0,0
0.1014,0,0
0.1018,0,0
0.1022,0,0
0.1026,0,0
0.103,0,0
0.1034,0.0152823,0.0153137
0.1038,0,0
0.1042,0.0179368,0.01798
0.1046,0,0
0.105,0,0
0.1054,0,0
0.1058,0,0
0.1062,0,0
0.1066,0,0
0.107,0,0
0.1074,0.0167536,0.0167912
0.1078,0,0
0.1082,0,0
0.1086,0,0
0.109,0,0
0.1094,0,0
0.1098,0,0
0.1102,0,0
0.1106,0,0
0.111,0,0
0.1114,0,0
0.1118,0,0
0.1122,0,0
0.1126,0,0
0.113,0,0
0.1134,0,0
0.1138,0,0
0.1142,0,0
0.1146,0,0
0.115,0,0
0.1154,0,0
0.1158,0,0
0.1162,0,0
0.1166,0,0
0.117,0,0
0.1174,0,0
0.1178,0,0
0.1182,0,0
0.1186,0,0
0.119,0,0
0.1194,0,0
0.1198,0,0
2
-0.1198,0,0
-0.1194,0,0
-0.119,0.00611267,0.00612464
-0.1186,0,0
-0.1182,0,0
-0.1178,0.00580683,0.00581762
-0.1174,0,0
-0.117,0,0
-0.1166,0,0
-0.1162,0,0
-0.1158,0,0
-0.1154,0,0
-0.115,0,0
-0.1146,0,0
-0.1142,0,0
-0.1138,0,0
-0.1134,0,0
-0.113,0,0
-0.1126,0,0
-0.1122,0,0
-0.1118,0,0
-0.1114,0,0
-0.111,0,0
-0.1106,0,0
-0.1102,0,0
-0.1098,0,0
-0.1094,0,0
-0.109,0,0
-0.1086,0,0
-0.1082,0,0
-0.1078,0,0
-0.1074,0,0
-0.107,0,0
-0.1066,0,0
-0.1062,0,0
-0.1058,0.000470071,0.00166803
-0.1054,0,0
-0.105,0,0
-0.1046,0,0
-0.1042,0,0
-0.1038,0,0
-0.1034,0,0
-0.103,0,0
-0.1026,0.00264891,0.00393168
-0.1022,0,0
-0.1018,0,0
-0.1014,0.00633826,0.00635107
-0.101,0,0
-0.1006,0,0
-0.1002,0,0
-0.0998,0,0
-0.0994,0,0
-0.099,0,0
-0.0986,0.00553291,0.00554267
-0.0982,0,0
-0.0978,0,0
-0.0974,0,0
-0.097,0,0
-0.0966,0,0
-0.0962,0,0
-0.0958,0,0
-0.0954,0,0
-0.095,0,0
-0.0946,0,0
-0.0942,0,0
-0.0938,0.00213361,0.00343773
-0.0934,0.00575945,0.00577001
-0.093,0.00588402,0.00589505
-0.0926,0,0
-0.0922,0,0
-0.0918,0,0
-0.0914,0.00607489,0.00608663
-0.091,0,0
-0.0906,0,0
-0.0902,0,0
-0.0898,0,0
-0.0894,0,0
-0.089,0,0
-0.0886,0,0
-0.0882,0,0
-0.0878,0,0
-0.0874,0,0
-0.087,0,0
-0.0866,0,0
-0.0862,0,0
-0.0858,0,0
-0.0854,0,0
-0.085,0,0
-0.0846,0.00573118,0.00574162
-0.0842,0,0
-0.0838,0,0
-0.0834,0.00591645,0.00592757
-0.083,0,0
-0.0826,0,0
-0.0822,0.00607854,0.00609027
-0.0818,0,0
-0.0814,0,0
-0.081,0,0
-0.0806,0,0
-0.0802,0.00539439,0.00540363
-0.0798,0,0
-0.0794,0,0
-0.079,0,0
-0.0786,0,0
-0.0782,0,0
-0.0778,0,0
-0.0774,0.00606449,0.00607616
-0.077,0,0
-0.0766,0,0
-0.0762,0.00524812,0.00525686
-0.0758,0,0
-0.0754,0,0
-0.075,0.00370938,0.0047296
-0.0746,0,0
-0.0742,0,0
-0.0738,0.00544623,0.00545563
-0.0734,0,0
-0.073,0,0
-0.0726,0,0
-0.0722,0,0
-0.0718,0.00580785,0.00581853
-0.0714,0,0
-0.071,0,0
-0.0706,0,0
-0.0702,0,0
-0.0698,0,0
-0.0694,0.00656637,0.00658002
-0.069,0,0
-0.0686,0,0
-0.0682,0.00565299,0.00566311
-0.0678,0,0
-0.0674,0,0
-0.067,0,0
-0.0666,0,0
-0.0662,0,0
-0.0658,0,0
-0.0654,0,0
-0.065,0,0
-0.0646,0,0
-0.0642,0,0
-0.0638,0,0
-0.0634,0,0
-0.063,0.00564689,0.00565698
-0.0626,0.00618242,0.0061945
-0.0622,0,0
-0.0618,0,0
-0.0614,0,0
-0.061,0,0
-0.0606,0,0
-0.0602,0,0
-0.0598,0,0
-0.0594,0,0
-0.059,0.00661859,0.00663243
-0.0586,0.00573656,0.00574695
-0.0582,0,0
-0.0578,0,0
-0.0574,0,0
-0.057,0,0
-0.0566,0,0
-0.0562,0,0
-0.0558,0,0
-0.0554,0,0
-0.055,0,0
-0.0546,0,0
-0.0542,0.00608318,0.00609486
-0.0538,0,0
-0.0534,0,0
-0.053,0.00589459,0.00590555
-0.0526,0,0
-0.0522,0,0
-0.0518,0.00580466,0.00581529
-0.0514,0,0
-0.051,0,0
-0.0506,0,0
-0.0502,0,0
-0.0498,0,0
-0.0494,0,0
-0.049,0,0
-0.0486,0,0
-0.0482,0,0
-0.0478,0.00598096,0.00599224
-0.0474,0,0
-0.047,0,0
-0.0466,0.0123757,0.00876801
-0.0462,0,0
-0.0458,0,0
-0.0454,0,0
-0.045,0.00592586,0.00593692
-0.0446,0.00189892,0.00333797
-0.0442,0,0
-0.0438,0,0
-0.0434,0.00383893,0.00440097
-0.043,0,0
-0.0426,0,0
-0.0422,0,0
-0.0418,0,0
-0.0414,0,0
-0.041,0,0
-0.0406,0,0
-0.0402,0,0
-0.0398,0.00602467,0.00603609
-0.0394,0.00413113,0.00481438
-0.039,0,0
-0.0386,0,0
-0.0382,0,0
-0.0378,0,0
-0.0374,0,0
-0.037,0,0
-0.0366,0,0
-0.0362,0.0108011,0.00765048
-0.0358,0,0
-0.0354,0.00602751,0.00603892
-0.035,0,0
-0.0346,0.0117808,0.00834771
-0.0342,0,0
-0.0338,0,0
-0.0334,0.00416651,0.00491548
-0.033,0,0
-0.0326,0,0
-0.0322,0,0
-0.0318,0,0
-0.0314,0,0
-0.031,0.00633765,0.00635026
-0.0306,0,0
-0.0302,0,0
-0.0298,0,0
-0.0294,0.00574043,0.00575077
-0.029,0.00611716,0.0061289
-0.0286,0,0
-0.0282,0,0
-0.0278,0.00592046,0.00593145
-0.0274,0,0
-0.027,0,0
-0.0266,0.00601326,0.0060246
-0.0262,0,0
-0.0258,0.00613345,0.00614525
-0.0254,0.00536359,0.00537261
-0.025,0,0
-0.0246,0,0
-0.0242,0,0
-0.0238,0,0
-0.0234,0,0
-0.023,0,0
-0.0226,0,0
-0.0222,0,0
-0.0218,0,0
-0.0214,0,0
-0.021,0,0
-0.0206,0,0
-0.0202,0.00144444,0.00290149
-0.0198,0,0
-0.0194,0,0
-0.019,0,0
-0.0186,0.00391257,0.00474621
-0.0182,0,0
-0.0178,0,0
-0.0174,0,0
-0.017,0,0
-0.0166,0,0
-0.0162,0,0
-0.0158,0,0
-0.0154,0.0110095,0.00779898
-0.015,0,0
-0.0146,0,0
-0.0142,0.0123228,0.00873031
-0.0138,0.00382664,0.00475302
-0.0134,0,0
-0.013,0,0
-0.0126,0,0
-0.0122,0,0
-0.0118,0,0
-0.0114,0.00592398,0.00593495
-0.011,0,0
-0.0106,0,0
-0.0102,0,0
-0.0098,0,0
-0.0094,0,0
-0.009,0,0
-0.0086,0,0
-0.0082,0.00595565,0.00596673
-0.0078,0,0
-0.0074,0,0
-0.007,0.00591499,0.00592592
-0.0066,0.00568848,0.00569859
-0.0062,0,0
-0.0058,0.00586649,0.00587724
-0.0054,0.0177521,0.0102693
-0.005,0.0255633,0.0122572
-0.0046,0.0118645,0.00840505
-0.0042,0.0336587,0.0137653
-0.0038,0.0245567,0.0118062
-0.0034,0.0478542,0.0166713
-0.003,0.0665641,0.019552
-0.0026,0.116422,0.0263081
-0.0022,0.261464,0.0394636
-0.0018,0.482615,0.0527396
-0.0014,0.765549,0.0669678
-0.001,1.26769,0.0882192
-0.0006,1.75964,0.10253
-0.0002,2.1245,0.113966
0.0002,1.87767,0.104787
0.0006,1.50584,0.0928086
0.001,1.16633,0.0855453
0.0014,0.716361,0.0677792
0.0018,0.313835,0.0429399
0.0022,0.173474,0.0315928
0.0026,0.0619898,0.0194674
0.003,0.0295947,0.0132747
0.0034,0.0112169,0.00794553
0.0038,0.00573581,0.00574606
0.0042,0.00573621,0.00574646
0.0046,0.00627358,0.00628584
0.005,0,0
0.0054,0.0115886,0.00821047
0.0058,0,0
0.0062,0.00591608,0.00592697
0.0066,0.0119568,0.00847093
0.007,0,0
0.0074,0,0
0.0078,0.00534624,0.00535514
0.0082,0,0
0.0086,0,0
0.009,0.00561333,0.00562313
0.0094,0,0
0.0098,0.0107277,0.00759831
0.0102,0.0110653,0.0078384
0.0106,0,0
0.011,0,0
0.0114,0,0
0.0118,0,0
0.0122,0,0
0.0126,0,0
0.013,0.00616325,0.00617506
0.0134,0.015866,0.00997149
0.0138,0,0
0.0142,0,0
0.0146,0.0107638,0.00813109
0.015,0,0
0.0154,0,0
0.0158,0,0
0.0162,0,0
0.0166,0,0
0.017,0,0
0.0174,0.00590718,0.00591802
0.0178,0,0
0.0182,0.0059352,0.00594614
0.0186,0.00523175,0.00560024
0.019,0,0
0.0194,0.00571303,0.00572317
0.0198,0,0
0.0202,0,0
0.0206,0,0
0.021,0,0
0.0214,0,0
0.0218,0,0
0.0222,0.00573579,0.005746
0.0226,0,0
0.023,0.00616155,0.00617333
0.0234,0,0
0.0238,0,0
0.0242,0,0
0.0246,0,0
0.025,0,0
0.0254,0,0
0.0258,0,0
0.0262,0,0
0.0266,0,0
0.027,0,0
0.0274,0,0
0.0278,0,0
0.0282,0,0
0.0286,0.00593989,0.00595082
0.029,0,0
0.0294,0,0
0.0298,0.00596986,0.0059809
0.0302,0,0
0.0306,0,0
0.031,0.00560205,0.00561177
0.0314,0.00551274,0.00552215
0.0318,0,0
0.0322,0,0
0.0326,0,0
0.033,0,0
0.0334,0,0
0.0338,0,0
0.0342,0,0
0.0346,0,0
0.035,0,0
0.0354,0,0
0.0358,0,0
0.0362,0,0
0.0366,0,0
0.037,0.00609915,0.00611066
0.0374,0,0
0.0378,0.00537341,0.00538234
0.0382,0.00593094,0.00594182
0.0386,0.0119596,0.0084724
0.039,0,0
0.0394,0,0
0.0398,0,0
0.0402,0,0
0.0406,0,0
0.041,0,0
0.0414,0,0
0.0418,0,0
0.0422,0,0
0.0426,0.00586953,0.00588018
0.043,0,0
0.0434,0,0
0.0438,0,0
0.0442,0,0
0.0446,0.00612106,0.00613263
0.045,0.00566527,0.00567518
0.0454,0,0
0.0458,0,0
0.0462,0,0
0.0466,0,0
0.047,0,0
0.0474,0,0
0.0478,0,0
0.0482,0.00589583,0.00590655
0.0486,0.00368599,0.00458645
0.049,0,0
0.0494,0,0
0.0498,0,0
0.0502,0,0
0.0506,0,0
0.051,0,0
0.0514,0,0
0.0518,0,0
0.0522,0.00591162,0.00592239
0.0526,0,0
0.053,0,0
0.0534,0,0
0.0538,0,0
0.0542,0,0
0.0546,0,0
0.055,0,0
0.0554,0,0
0.0558,0,0
0.0562,0,0
0.0566,0,0
0.057,0,0
0.0574,0,0
0.0578,0,0
0.0582,0,0
0.0586,0.00603533,0.00604654
0.059,0,0
0.0594,0,0
0.0598,0,0
0.0602,0.00574421,0.00575437
0.0606,0,0
0.061,0,0
0.0614,0,0
0.0618,0,0
0.0622,0,0
0.0626,0,0
0.063,0,0
0.0634,0,0
0.0638,0,0
0.0642,0,0
0.0646,0,0
0.065,0,0
0.0654,0.00568726,0.0056972
0.0658,0,0
0.0662,0,0
0.0666,0.005523,0.00553237
0.067,0,0
0.0674,0,0
0.0678,0,0
0.0682,0,0
0.0686,0,0
0.069,0,0
0.0694,0,0
0.0698,0,0
0.0702,0.0117116,0.00829627
0.0706,0,0
0.071,0,0
0.0714,0,0
0.0718,0,0
0.0722,0.00136231,0.00291746
0.0726,0,0
0.073,0,0
0.0734,0,0
0.0738,0,0
0.0742,0,0
0.0746,0,0
0.075,0.00554637,0.0055558
0.0754,0,0
0.0758,0.0057333,0.00574338
0.0762,0,0
0.0766,0,0
0.077,0,0
0.0774,0,0
0.0778,0,0
0.0782,0,0
0.0786,0,0
0.079,0,0
0.0794,0,0
0.0798,0,0
0.0802,0,0
0.0806,0,0
0.081,0,0
0.0814,0,0
0.0818,0,0
0.0822,0,0
0.0826,0,0
0.083,0,0
0.0834,0,0
0.0838,0,0
0.0842,0,0
0.0846,0,0
0.085,0,0
0.0854,0,0
0.0858,0,0
0.0862,0,0
0.0866,0,0
0.087,0,0
0.0874,0,0
0.0878,0,0
0.0882,0.0118105,0.00836644
0.0886,0.0165357,0.00976712
0.089,0,0
0.0894,0,0
0.0898,0.00606789,0.00607914
0.0902,0.00598222,0.00599315
0.0906,0,0
0.091,0,0
0.0914,0,0
0.0918,0,0
0.0922,0.00628668,0.00629875
0.0926,0,0
0.093,0,0
0.0934,0,0
0.0938,0,0
0.0942,0,0
0.0946,0,0
0.095,0,0
0.0954,0,0
0.0958,0.00669601,0.00670968
0.0962,0,0
0.0966,0,0
0.097,0.00648257,0.00649538
0.0974,0,0
0.0978,0,0
0.0982,0,0
0.0986,0,0
0.099,0,0
0.0994,0,0
0.0998,0,0
0.1002,0.00678294,0.00679696
0.1006,0,0
0.101,0,0
0.1014,0,0
0.1018,0,0
0.1022,0,0
0.1026,0,0
0.103,0,0
0.1034,0,0
0.1038,0,0
0.1042,0,0
0.1046,0,0
0.105,0.00676519,0.00677911
0.1054,0,0
0.1058,0,0
0.1062,0,0
0.1066,0.00838213,0.00840349
0.107,0,0
0.1074,0,0
0.1078,0.00752329,0.00754049
0.1082,0,0
0.1086,0,0
0.109,0.0073019,0.0073181
0.1094,0,0
0.1098,0,0
0.1102,0.00704159,0.00705666
0.1106,0,0
0.111,0,0
0.1114,0,0
0.1118,0,0
0.1122,0,0
0.1126,0,0
0.113,0,0
0.1134,0,0
0.1138,0,0
0.1142,0,0
0.1146,0,0
0.115,0,0
0.1154,0,0
0.1158,0,0
0.1162,0,0
0.1166,0,0
0.117,0,0
0.1174,0,0
0.1178,0.0100357,0.0100662
0.1182,0,0
0.1186,0.00665719,0.00766241
0.119,0,0
0.1194,0.0106522,0.0106865
0.1198,0,0
3
-0.1198,0,0
-0.1194,0,0
-0.119,0,0
-0.1186,0,0
-0.1182,0,0
-0.1178,0,0
-0.1174,0,0
-0.117,0,0
-0.1166,0,0
-0.1162,0,0
-0.1158,0,0
-0.1154,0,0
-0.115,0,0
-0.1146,0,0
-0.1142,0,0
-0.1138,0,0
-0.1134,0.00621378,0.00622562
-0.113,0,0
-0.1126,0,0
-0.1122,0,0
-0.1118,0,0
-0.1114,0,0
-0.111,0,0
-0.1106,0,0
-0.1102,0.00304034,0.00429624
-0.1098,0,0
-0.1094,0,0
-0.109,0,0
-0.1086,0,0
-0.1082,0,0
-0.1078,0,0
-0.1074,0,0
-0.107,0,0
-0.1066,0,0
-0.1062,0,0
-0.1058,0,0
-0.1054,0,0
-0.105,0,0
-0.1046,0,0
-0.1042,0,0
-0.1038,0,0
-0.1034,0,0
-0.103,0,0
-0.1026,0,0
-0.1022,0,0
-0.1018,0,0
-0.1014,0,0
-0.101,0,0
-0.1006,0.00626098,0.00627295
-0.1002,0,0
-0.0998,0,0
-0.0994,0,0
-0.099,0,0
-0.0986,0,0
-0.0982,0,0
-0.0978,0,0
-0.0974,0,0
-0.097,0,0
-0.0966,0,0
-0.0962,0,0
-0.0958,0,0
-0.0954,0,0
-0.095,0,0
-0.0946,0,0
-0.0942,0,0
-0.0938,0,0
-0.0934,0,0
-0.093,0,0
-0.0926,0,0
-0.0922,0.00567282,0.00568261
-0.0918,0,0
-0.0914,0,0
-0.091,0,0
-0.0906,0,0
-0.0902,0.00619762,0.00620929
-0.0898,0,0
-0.0894,0.0056934,0.00570325
-0.089,0.00647353,0.00648625
-0.0886,0,0
-0.0882,0,0
-0.0878,0,0
-0.0874,0,0
-0.087,0.00601073,0.00602169
-0.0866,0,0
-0.0862,0,0
-0.0858,0,0
-0.0854,0,0
-0.085,0,0
-0.0846,0,0
-0.0842,0,0
-0.0838,0,0
-0.0834,0,0
-0.083,0,0
-0.0826,0,0
-0.0822,0,0
-0.0818,0,0
-0.0814,0.006172,0.00618353
-0.081,0,0
-0.0806,0,0
-0.0802,0,0
-0.0798,0,0
-0.0794,0,0
-0.079,0,0
-0.0786,0,0
-0.0782,0,0
-0.0778,0,0
-0.0774,0,0
-0.077,0,0
-0.0766,0,0
-0.0762,0,0
-0.0758,0,0
-0.0754,0,0
-0.075,0.00241535,0.0039126
-0.0746,0,0
-0.0742,0,0
-0.0738,0.00607047,0.00608159
-0.0734,0,0
-0.073,0,0
-0.0726,0,0
-0.0722,0,0
-0.0718,0,0
-0.0714,0,0
-0.071,0,0
-0.0706,0,0
-0.0702,0,0
-0.0698,0,0
-0.0694,0,0
-0.069,0,0
-0.0686,0.00618566,0.00619716
-0.0682,0,0
-0.0678,0,0
-0.0674,0,0
-0.067,0,0
-0.0666,0.00626222,0.006274
-0.0662,0,0
-0.0658,0,0
-0.0654,0,0
-0.065,0,0
-0.0646,0,0
-0.0642,0,0
-0.0638,0,0
-0.0634,0,0
-0.063,0,0
-0.0626,0,0
-0.0622,0,0
-0.0618,0,0
-0.0614,0.00583029,0.00584048
-0.061,0,0
-0.0606,0,0
-0.0602,0,0
-0.0598,0,0
-0.0594,0.00637927,0.00639146
-0.059,0,0
-0.0586,0,0
-0.0582,0,0
-0.0578,0,0
-0.0574,0.00649318,0.00650579
-0.057,0,0
-0.0566,0,0
-0.0562,0,0
-0.0558,0,0
-0.0554,0,0
-0.055,0,0
-0.0546,0,0
-0.0542,0.0064283,0.00644064
-0.0538,0,0
-0.0534,0,0
-0.053,0,0
-0.0526,0,0
-0.0522,0,0
-0.0518,0,0
-0.0514,0,0
-0.051,0,0
-0.0506,0,0
-0.0502,0,0
-0.0498,0,0
-0.0494,0,0
-0.049,0,0
-0.0486,0,0
-0.0482,0,0
-0.0478,0,0
-0.0474,0,0
-0.047,0,0
-0.0466,0,0
-0.0462,0,0
-0.0458,0.00591397,0.00592437
-0.0454,0,0
-0.045,0,0
-0.0446,0,0
-0.0442,0,0
-0.0438,0.00559633,0.00560564
-0.0434,0.0012615,0.00259704
-0.043,0,0
-0.0426,0,0
-0.0422,0,0
-0.0418,0,0
-0.0414,0,0
-0.041,0,0
-0.0406,0,0
-0.0402,0,0
-0.0398,0,0
-0.0394,0.00617577,0.00618709
-0.039,0.00593077,0.0059412
-0.0386,0,0
-0.0382,0.00621796,0.00622942
-0.0378,0,0
-0.0374,0.00563496,0.00598182
-0.037,0,0
-0.0366,0,0
-0.0362,0,0
-0.0358,0,0
-0.0354,0,0
-0.035,0,0
-0.0346,0,0
-0.0342,0,0
-0.0338,0,0
-0.0334,0,0
-0.033,0,0
-0.0326,0,0
-0.0322,0,0
-0.0318,0,0
-0.0314,0,0
-0.031,0,0
-0.0306,0,0
-0.0302,0,0
-0.0298,0,0
-0.0294,0,0
-0.029,0.00635526,0.00636719
-0.0286,0,0
-0.0282,0,0
-0.0278,0,0
-0.0274,0,0
-0.027,0.0058108,0.00595361
-0.0266,0,0
-0.0262,0,0
-0.0258,0,0
-0.0254,0,0
-0.025,0,0
-0.0246,0,0
-0.0242,0,0
-0.0238,0,0
-0.0234,0.00611888,0.00612991
-0.023,0,0
-0.0226,0,0
-0.0222,0,0
-0.0218,0.00648162,0.00649399
-0.0214,0,0
-0.021,0.00600338,0.00601399
-0.0206,0,0
-0.0202,0,0
-0.0198,0,0
-0.0194,0,0
-0.019,0,0
-0.0186,0.00194388,0.00345333
-0.0182,0,0
-0.0178,0,0
-0.0174,0,0
-0.017,0,0
-0.0166,0,0
-0.0162,0,0
-0.0158,0,0
-0.0154,0,0
-0.015,0,0
-0.0146,0,0
-0.0142,0,0
-0.0138,0,0
-0.0134,0,0
-0.013,0,0
-0.0126,0,0
-0.0122,0.00672239,0.00673563
-0.0118,0,0
-0.0114,0,0
-0.011,0,0
-0.0106,0,0
-0.0102,0.00653229,0.00654478
-0.0098,0,0
-0.0094,0,0
-0.009,0.00593279,0.00594309
-0.0086,0.00608677,0.00609761
-0.0082,0.00636008,0.00637191
-0.0078,0,0
-0.0074,0,0
-0.007,0.00148051,0.00302986
-0.0066,0,0
-0.0062,0.00595039,0.00596074
-0.0058,0,0
-0.0054,0.00639008,0.00640201
-0.005,0.00192307,0.00345625
-0.0046,0.00633994,0.00635168
-0.0042,0.0122463,0.00867684
-0.0038,0.0181484,0.0104995
-0.0034,0.0341865,0.0145975
-0.003,0.0579754,0.0188637
-0.0026,0.0801575,0.022467
-0.0022,0.161667,0.0321243
-0.0018,0.225508,0.0372693
-0.0014,0.337038,0.0460583
-0.001,0.789839,0.0720117
-0.0006,1.06325,0.0824171
-0.0002,1.21471,0.0890716
0.0002,1.12925,0.0840368
0.0006,0.89814,0.0741534
0.001,0.748124,0.070819
0.0014,0.521051,0.0598519
0.0018,0.181777,0.0338592
0.0022,0.0879412,0.0233263
0.0026,0.0527393,0.0185288
0.003,0.0140411,0.00943768
0.0034,0.00478487,0.00538449
0.0038,0.00867738,0.00740597
0.0042,0,0
0.0046,0.00608915,0.00609994
0.005,0,0
0.0054,0,0
0.0058,0,0
0.0062,0,0
0.0066,0,0
0.007,0,0
0.0074,0,0
0.0078,0,0
0.0082,0.00570094,0.00571038
0.0086,0.00601503,0.00602553
0.009,0,0
0.0094,0,0
0.0098,0.00586161,0.00587159
0.0102,0,0
0.0106,0.0060008,0.00601125
0.011,0,0
0.0114,0.00617192,0.00618297
0.0118,0,0
0.0122,0.00181437,0.00335611
0.0126,0,0
0.013,0.00661135,0.00662402
0.0134,0.00661247,0.00662514
0.0138,0,0
0.0142,0.00662551,0.00663823
0.0146,0.0015818,0.00322887
0.015,0,0
0.0154,0,0
0.0158,0,0
0.0162,0,0
0.0166,0,0
0.017,0,0
0.0174,0.00314585,0.00439425
0.0178,0,0
0.0182,0,0
0.0186,0.00720838,0.00681167
0.019,0,0
0.0194,0,0
0.0198,0.00651313,0.00652539
0.0202,0.00696356,0.00697758
0.0206,0,0
0.021,0,0
0.0214,0,0
0.0218,0,0
0.0222,0,0
0.0226,0,0
0.023,0.00646317,0.00647524
0.0234,0,0
0.0238,0,0
0.0242,0.0124061,0.00879097
0.0246,0,0
0.025,0,0
0.0254,0.00666999,0.00668282
0.0258,0,0
0.0262,0,0
0.0266,0,0
0.027,0,0
0.0274,0,0
0.0278,0.00617757,0.00618857
0.0282,0.00241881,0.00381737
0.0286,0,0
0.029,0,0
0.0294,0,0
0.0298,0,0
0.0302,0,0
0.0306,0,0
0.031,0.00602747,0.00603793
0.0314,0,0
0.0318,0,0
0.0322,0,0
0.0326,0,0
0.033,0,0
0.0334,0,0
0.0338,0,0
0.0342,0,0
0.0346,0,0
0.035,0,0
0.0354,0,0
0.0358,0,0
0.0362,0,0
0.0366,0,0
0.037,0,0
0.0374,0,0
0.0378,0.00177078,0.00320668
0.0382,0,0
0.0386,0,0
0.039,0,0
0.0394,0,0
0.0398,0,0
0.0402,0,0
0.0406,0.00579674,0.00580638
0.041,0,0
0.0414,0,0
0.0418,0.00633886,0.00635038
0.0422,0,0
0.0426,0.00632647,0.00633795
0.043,0,0
0.0434,0,0
0.0438,0,0
0.0442,0,0
0.0446,0.00619045,0.00620143
0.045,0,0
0.0454,0.00653508,0.00654731
0.0458,0,0
0.0462,0.00612045,0.00613118
0.0466,0.00631039,0.00632179
0.047,0,0
0.0474,0,0
0.0478,0,0
0.0482,0,0
0.0486,0.00215831,0.003645
0.049,0,0
0.0494,0,0
0.0498,0,0
0.0502,0,0
0.0506,0.00263279,0.0039406
0.051,0.000702357,0.00211437
0.0514,0,0
0.0518,0,0
0.0522,0,0
0.0526,0,0
0.053,0,0
0.0534,0.00614414,0.00615492
0.0538,0,0
0.0542,0,0
0.0546,0,0
0.055,0.00218532,0.00371664
0.0554,0,0
0.0558,0.00189592,0.00345956
0.0562,0,0
0.0566,0,0
0.057,0,0
0.0574,0,0
0.0578,0,0
0.0582,0,0
0.0586,0,0
0.059,0,0
0.0594,0,0
0.0598,0,0
0.0602,0,0
0.0606,0,0
0.061,0,0
0.0614,0,0
0.0618,0,0
0.0622,0,0
0.0626,0,0
0.063,0.00595864,0.00596875
0.0634,0,0
0.0638,0,0
0.0642,0,0
0.0646,0,0
0.065,0,0
0.0654,0.0122865,0.00870309
0.0658,0.00640384,0.00641551
0.0662,0,0
0.0666,0,0
0.067,0,0
0.0674,0,0
0.0678,0,0
0.0682,0,0
0.0686,0,0
0.069,0,0
0.0694,0,0
0.0698,0.00626041,0.00627155
0.0702,0,0
0.0706,0,0
0.071,0,0
0.0714,0,0
0.0718,0,0
0.0722,0.00525342,0.00595539
0.0726,0,0
0.073,0,0
0.0734,0,0
0.0738,0,0
0.0742,0,0
0.0746,0,0
0.075,0.00638233,0.00639388
0.0754,0,0
0.0758,0,0
0.0762,0,0
0.0766,0,0
0.077,0.0069124,0.00692594
0.0774,0,0
0.0778,0,0
0.0782,0,0
0.0786,0.0119735,0.00848114
0.079,0,0
0.0794,0,0
0.0798,0,0
0.0802,0,0
0.0806,0,0
0.081,0,0
0.0814,0,0
0.0818,0,0
0.0822,0,0
0.0826,0,0
0.083,0,0
0.0834,0.00108546,0.00254713
0.0838,0,0
0.0842,0,0
0.0846,0,0
0.085,0,0
0.0854,0,0
0.0858,0,0
0.0862,0,0
0.0866,0,0
0.087,0.00623628,0.00624727
0.0874,0,0
0.0878,0,0
0.0882,0,0
0.0886,0,0
0.089,0,0
0.0894,0,0
0.0898,0,0
0.0902,0,0
0.0906,0,0
0.091,0,0
0.0914,0,0
0.0918,0,0
0.0922,0,0
0.0926,0.00631632,0.00632758
0.093,0,0
0.0934,0,0
0.0938,0,0
0.0942,0,0
0.0946,0,0
0.095,0,0
0.0954,0,0
0.0958,0,0
0.0962,0.00374203,0.0047508
0.0966,0,0
0.097,0,0
0.0974,0.00786337,0.0078808
0.0978,0,0
0.0982,0,0
0.0986,0,0
0.099,0,0
0.0994,0,0
0.0998,0,0
0.1002,0,0
0.1006,0,0
0.101,0,0
0.1014,0,0
0.1018,0,0
0.1022,0,0
0.1026,0,0
0.103,0,0
0.1034,0,0
0.1038,0,0
0.1042,0,0
0.1046,0,0
0.105,0,0
0.1054,0,0
0.1058,0,0
0.1062,0,0
0.1066,0,0
0.107,0,0
0.1074,0,0
0.1078,0,0
0.1082,0,0
0.1086,0,0
0.109,0,0
0.1094,0.00850199,0.00852231
0.1098,0,0
0.1102,0.00761044,0.00762672
0.1106,0,0
0.111,0,0
0.1114,0,0
0.1118,0,0
0.1122,0,0
0.1126,0.00949347,0.00951878
0.113,0,0
0.1134,0,0
0.1138,0,0
0.1142,0,0
0.1146,0.0102318,0.0102612
0.115,0,0
0.1154,0,0
0.1158,0.00894073,0.00896317
0.1162,0,0
0.1166,0.0107188,0.010751
0.117,0,0
0.1174,0,0
0.1178,0,0
0.1182,0,0
0.1186,0.00228433,0.00466408
0.119,0,0
0.1194,0,0
0.1198,0,0
4
-0.1198,0,0
-0.1194,0,0
-0.119,0,0
-0.1186,0,0
-0.1182,0,0
-0.1178,0,0
-0.1174,0,0
-0.117,0.00660124,0.00661458
-0.1166,0,0
-0.1162,0,0
-0.1158,0,0
-0.1154,0,0
-0.115,0,0
-0.1146,0,0
-0.1142,0,0
-0.1138,0,0
-0.1134,0,0
-0.113,0,0
-0.1126,0,0
-0.1122,0,0
-0.1118,0,0
-0.1114,0,0
-0.111,0,0
-0.1106,0,0
-0.1102,0.00302123,0.00429201
-0.1098,0,0
-0.1094,0,0
-0.109,0.00616404,0.00617562
-0.1086,0,0
-0.1082,0,0
-0.1078,0,0
-0.1074,0.00633137,0.00634358
-0.107,0,0
-0.1066,0.00608257,0.00609384
-0.1062,0,0
-0.1058,0.00618672,0.00619837
-0.1054,0,0
-0.105,0,0
-0.1046,0,0
-0.1042,0,0
-0.1038,0,0
-0.1034,0,0
-0.103,0,0
-0.1026,0,0
-0.1022,0,0
-0.1018,0,0
-0.1014,0,0
-0.101,0,0
-0.1006,0,0
-0.1002,0,0
-0.0998,0,0
-0.0994,0,0
-0.099,0,0
-0.0986,0,0
-0.0982,0,0
-0.0978,0,0
-0.0974,0,0
-0.097,0,0
-0.0966,0,0
-0.0962,0,0
-0.0958,0,0
-0.0954,0,0
-0.095,0,0
-0.0946,0,0
-0.0942,0,0
-0.0938,0,0
-0.0934,0,0
-0.093,0,0
-0.0926,0,0
-0.0922,0,0
-0.0918,0,0
-0.0914,0,0
-0.091,0,0
-0.0906,0.00622954,0.00624127
-0.0902,0,0
-0.0898,0.00684961,0.00686378
-0.0894,0,0
-0.089,0,0
-0.0886,0,0
-0.0882,0,0
-0.0878,0,0
-0.0874,0,0
-0.087,0,0
-0.0866,0,0
-0.0862,0,0
-0.0858,0,0
-0.0854,0,0
-0.085,0,0
-0.0846,0,0
-0.0842,0,0
-0.0838,0,0
-0.0834,0,0
-0.083,0,0
-0.0826,0,0
-0.0822,0,0
-0.0818,0,0
-0.0814,0,0
-0.081,0,0
-0.0806,0,0
-0.0802,0,0
-0.0798,0,0
-0.0794,0,0
-0.079,0,0
-0.0786,0,0
-0.0782,0,0
-0.0778,0,0
-0.0774,0,0
-0.077,0,0
-0.0766,0,0
-0.0762,0,0
-0.0758,0,0
-0.0754,0,0
-0.075,0,0
-0.0746,0,0
-0.0742,0.00589546,0.0059059
-0.0738,0,0
-0.0734,0,0
-0.073,0,0
-0.0726,0,0
-0.0722,0,0
-0.0718,0,0
-0.0714,0,0
-0.071,0,0
-0.0706,0,0
-0.0702,0,0
-0.0698,0,0
-0.0694,0,0
-0.069,0,0
-0.0686,0,0
-0.0682,0,0
-0.0678,0,0
-0.0674,0,0
-0.067,0,0
-0.0666,0,0
-0.0662,0,0
-0.0658,0,0
-0.0654,0,0
-0.065,0,0
-0.0646,0.00560469,0.00561409
-0.0642,0,0
-0.0638,0,0
-0.0634,0,0
-0.063,0,0
-0.0626,0,0
-0.0622,0,0
-0.0618,0.00642594,0.00643828
-0.0614,0,0
-0.061,0,0
-0.0606,0,0
-0.0602,0,0
-0.0598,0,0
-0.0594,0,0
-0.059,0.00700014,0.00701477
-0.0586,0,0
-0.0582,0,0
-0.0578,0,0
-0.0574,0.00650432,0.00651695
-0.057,0,0
-0.0566,0,0
-0.0562,0,0
-0.0558,0,0
-0.0554,0,0
-0.055,0.00616587,0.00617722
-0.0546,0,0
-0.0542,0.00684911,0.00686311
-0.0538,0.00140859,0.00299694
-0.0534,0,0
-0.053,0,0
-0.0526,0,0
-0.0522,0,0
-0.0518,0,0
-0.0514,0,0
-0.051,0,0
-0.0506,0,0
-0.0502,0.00164964,0.00327111
-0.0498,0,0
-0.0494,0,0
-0.049,0,0
-0.0486,0,0
-0.0482,0,0
-0.0478,0,0
-0.0474,0,0
-0.047,0,0
-0.0466,0,0
-0.0462,0,0
-0.0458,0,0
-0.0454,0.0057519,0.00576175
-0.045,0,0
-0.0446,0.00618535,0.00619673
-0.0442,0,0
-0.0438,0,0
-0.0434,0,0
-0.043,0,0
-0.0426,0.00643417,0.00644648
-0.0422,0,0
-0.0418,0,0
-0.0414,0,0
-0.041,0,0
-0.0406,0,0
-0.0402,0,0
-0.0398,0,0
-0.0394,0.00591476,0.00592516
-0.039,0.00591522,0.00592562
-0.0386,0,0
-0.0382,0,0
-0.0378,0,0
-0.0374,0.000689284,0.00208899
-0.037,0,0
-0.0366,0,0
-0.0362,0,0
-0.0358,0,0
-0.0354,0,0
-0.035,0,0
-0.0346,0,0
-0.0342,0,0
-0.0338,0,0
-0.0334,0,0
-0.033,0,0
-0.0326,0,0
-0.0322,0,0
-0.0318,0,0
-0.0314,0,0
-0.031,0.00383813,0.00472328
-0.0306,0,0
-0.0302,0,0
-0.0298,0,0
-0.0294,0,0
-0.029,0,0
-0.0286,0,0
-0.0282,0,0
-0.0278,0,0
-0.0274,0,0
-0.027,0.000265748,0.00126945
-0.0266,0,0
-0.0262,0,0
-0.0258,0,0
-0.0254,0,0
-0.025,0,0
-0.0246,0,0
-0.0242,0,0
-0.0238,0.00569276,0.00570237
-0.0234,0,0
-0.023,0,0
-0.0226,0.00647209,0.00648451
-0.0222,0.0126886,0.00898992
-0.0218,0,0
-0.0214,0,0
-0.021,0,0
-0.0206,0,0
-0.0202,0,0
-0.0198,0,0
-0.0194,0,0
-0.019,0.00615715,0.00616839
-0.0186,0,0
-0.0182,0,0
-0.0178,0.00658926,0.00660213
-0.0174,0,0
-0.017,0,0
-0.0166,0.000264971,0.00125666
-0.0162,0.00602495,0.00603572
-0.0158,0.00578523,0.00579515
-0.0154,0,0
-0.015,0,0
-0.0146,0,0
-0.0142,0,0
-0.0138,0,0
-0.0134,0.00681332,0.00682708
-0.013,0,0
-0.0126,0,0
-0.0122,0,0
-0.0118,0,0
-0.0114,0.00624656,0.00625812
-0.011,0.0065052,0.00651774
-0.0106,0.00645786,0.00647023
-0.0102,0,0
-0.0098,0,0
-0.0094,0.00585551,0.00586568
-0.009,0,0
-0.0086,0,0
-0.0082,0,0
-0.0078,0.00578385,0.00579377
-0.0074,0,0
-0.007,0.0231806,0.0119766
-0.0066,0.0179689,0.0103929
-0.0062,0,0
-0.0058,0,0
-0.0054,0,0
-0.005,0.00624006,0.00625161
-0.0046,0.00624223,0.00625378
-0.0042,0.00590252,0.00591285
-0.0038,0.0298706,0.0133864
-0.0034,0.0122717,0.00869321
-0.003,0.0450466,0.0164578
-0.0026,0.0433863,0.0164688
-0.0022,0.17552,0.0331134
-0.0018,0.339653,0.0453712
-0.0014,0.57549,0.0595333
-0.001,0.777726,0.0707292
-0.0006,1.05478,0.0814927
-0.0002,1.25091,0.0896242
0.0002,1.10813,0.08262
0.0006,0.868397,0.0722706
0.001,0.607635,0.0630919
0.0014,0.459948,0.0557544
0.0018,0.191149,0.0343985
0.0022,0.0712911,0.0208433
0.0026,0.0613691,0.0197566
0.003,0.0295977,0.013588
0.0034,0.0248382,0.0121304
0.0038,0.00997107,0.00784501
0.0042,0,0
0.0046,0,0
0.005,0.00658078,0.00659363
0.0054,0,0
0.0058,0,0
0.0062,0,0
0.0066,0.00620255,0.00621398
0.007,0,0
0.0074,0,0
0.0078,0.00560246,0.00561178
0.0082,0,0
0.0086,0,0
0.009,0.00604677,0.00605764
0.0094,0,0
0.0098,0,0
0.0102,0,0
0.0106,0,0
0.011,0,0
0.0114,0,0
0.0118,0,0
0.0122,0.00426544,0.00508311
0.0126,0,0
0.013,0,0
0.0134,0,0
0.0138,0,0
0.0142,0,0
0.0146,0,0
0.015,0,0
0.0154,0,0
0.0158,0.00617039,0.00618171
0.0162,0,0
0.0166,0,0
0.017,0,0
0.0174,0.00289068,0.00415524
0.0178,0.00604168,0.00605254
0.0182,0.0126558,0.00896779
0.0186,0,0
0.019,0.00623662,0.00624819
0.0194,0,0
0.0198,0.00571168,0.00572139
0.0202,0.00582333,0.00583342
0.0206,0,0
0.021,0.00637366,0.00638575
0.0214,0,0
0.0218,0.00641578,0.00642803
0.0222,0,0
0.0226,0,0
0.023,0.00627237,0.00628408
0.0234,0,0
0.0238,0,0
0.0242,0,0
0.0246,0,0
0.025,0.00646581,0.00647826
0.0254,0.00646564,0.00647808
0.0258,0,0
0.0262,0,0
0.0266,0,0
0.027,0,0
0.0274,0,0
0.0278,0,0
0.0282,0.00347062,0.00449911
0.0286,0,0
0.029,0,0
0.0294,0,0
0.0298,0,0
0.0302,0,0
0.0306,0,0
0.031,0,0
0.0314,0,0
0.0318,0,0
0.0322,0,0
0.0326,0,0
0.033,0,0
0.0334,0,0
0.0338,0,0
0.0342,0,0
0.0346,0,0
0.035,0,0
0.0354,0,0
0.0358,0,0
0.0362,0,0
0.0366,0,0
0.037,0,0
0.0374,0.00591966,0.0059301
0.0378,0.0150295,0.00917203
0.0382,0,0
0.0386,0,0
0.039,0,0
0.0394,0,0
0.0398,0,0
0.0402,0,0
0.0406,0,0
0.041,0.0116457,0.00824904
0.0414,0,0
0.0418,0,0
0.0422,0,0
0.0426,0,0
0.043,0,0
0.0434,0,0
0.0438,0,0
0.0442,0,0
0.0446,0,0
0.045,0,0
0.0454,0,0
0.0458,0,0
0.0462,0,0
0.0466,0,0
0.047,0,0
0.0474,0,0
0.0478,0,0
0.0482,0,0
0.0486,0,0
0.049,0,0
0.0494,0,0
0.0498,0,0
0.0502,0,0
0.0506,0.00311063,0.00419335
0.051,0.00540447,0.00574151
0.0514,0,0
0.0518,0,0
0.0522,0,0
0.0526,0,0
0.053,0,0
0.0534,0,0
0.0538,0.00586644,0.00587671
0.0542,0,0
0.0546,0,0
0.055,0.00393535,0.0048786
0.0554,0,0
0.0558,0.00420322,0.00503789
0.0562,0,0
0.0566,0,0
0.057,0,0
0.0574,0.0058776,0.0058879
0.0578,0,0
0.0582,0,0
0.0586,0,0
0.059,0,0
0.0594,0,0
0.0598,0,0
0.0602,0,0
0.0606,0,0
0.061,0,0
0.0614,0,0
0.0618,0,0
0.0622,0,0
0.0626,0,0
0.063,0,0
0.0634,0,0
0.0638,0.00615535,0.00616666
0.0642,0,0
0.0646,0,0
0.065,0,0
0.0654,0,0
0.0658,0,0
0.0662,0,0
0.0666,0,0
0.067,0,0
0.0674,0,0
0.0678,0,0
0.0682,0,0
0.0686,0,0
0.069,0,0
0.0694,0,0
0.0698,0,0
0.0702,0,0
0.0706,0,0
0.071,0,0
0.0714,0,0
0.0718,0,0
0.0722,0,0
0.0726,0,0
0.073,0,0
0.0734,0,0
0.0738,0,0
0.0742,0,0
0.0746,0,0
0.075,0,0
0.0754,0.00588728,0.00589763
0.0758,0,0
0.0762,0,0
0.0766,0,0
0.077,0,0
0.0774,0,0
0.0778,0.00594209,0.00595263
0.0782,0,0
0.0786,0,0
0.079,0,0
0.0794,0,0
0.0798,0,0
0.0802,0,0
0.0806,0,0
0.081,0,0
0.0814,0,0
0.0818,0,0
0.0822,0,0
0.0826,0,0
0.083,0,0
0.0834,0.00461755,0.00511475
0.0838,0,0
0.0842,0.00646467,0.00647715
0.0846,0,0
0.085,0,0
0.0854,0,0
0.0858,0,0
0.0862,0,0
0.0866,0,0
0.087,0,0
0.0874,0,0
0.0878,0,0
0.0882,0,0
0.0886,0,0
0.089,0,0
0.0894,0,0
0.0898,0,0
0.0902,0,0
0.0906,0,0
0.091,0,0
0.0914,0,0
0.0918,0,0
0.0922,0,0
0.0926,0,0
0.093,0,0
0.0934,0,0
0.0938,0,0
0.0942,0,0
0.0946,0.00591144,0.00592187
0.095,0,0
0.0954,0,0
0.0958,0,0
0.0962,0.00214474,0.00349672
0.0966,0,0
0.097,0,0
0.0974,0,0
0.0978,0,0
0.0982,0,0
0.0986,0,0
0.099,0,0
0.0994,0,0
0.0998,0,0
0.1002,0,0
0.1006,0,0
0.101,0,0
0.1014,0,0
0.1018,0,0
0.1022,0,0
0.1026,0,0
0.103,0,0
0.1034,0,0
0.1038,0,0
0.1042,0,0
0.1046,0,0
0.105,0.00729447,0.00731033
0.1054,0.00729486,0.00731072
0.1058,0,0
0.1062,0,0
0.1066,0,0
0.107,0,0
0.1074,0,0
0.1078,0,0
0.1082,0,0
0.1086,0,0
0.109,0,0
0.1094,0,0
0.1098,0,0
0.1102,0,0
0.1106,0,0
0.111,0.00857298,0.00859486
0.1114,0,0
0.1118,0,0
0.1122,0,0
0.1126,0,0
0.113,0,0
0.1134,0,0
0.1138,0,0
0.1142,0,0
0.1146,0,0
0.115,0,0
0.1154,0,0
0.1158,0,0
0.1162,0,0
0.1166,0,0
0.117,0,0
0.1174,0,0
0.1178,0,0
0.1182,0,0
0.1186,0,0
0.119,0,0
0.1194,0,0
0.1198,0,0
5
-0.1198,0,0
-0.1194,0,0
-0.119,0,0
-0.1186,0,0
-0.1182,0,0
-0.1178,0,0
-0.1174,0,0
-0.117,0,0
-0.1166,0,0
-0.1162,0,0
-0.1158,0,0
-0.1154,0,0
-0.115,0,0
-0.1146,0,0
-0.1142,0,0
-0.1138,0,0
-0.1134,0,0
-0.113,0,0
-0.1126,0,0
-0.1122,0.00644278,0.00645535
-0.1118,0.00644461,0.00645717
-0.1114,0,0
-0.111,0,0
-0.1106,0,0
-0.1102,0,0
-0.1098,0,0
-0.1094,0.00500889,0.00563243
-0.109,0,0
-0.1086,0,0
-0.1082,0,0
-0.1078,0,0
-0.1074,0,0
-0.107,0,0
-0.1066,0,0
-0.1062,0,0
-0.1058,0,0
-0.1054,0,0
-0.105,0,0
-0.1046,0,0
-0.1042,0,0
-0.1038,0,0
-0.1034,0,0
-0.103,0,0
-0.1026,0,0
-0.1022,0,0
-0.1018,0,0
-0.1014,0,0
-0.101,0,0
-0.1006,0,0
-0.1002,0,0
-0.0998,0,0
-0.0994,0,0
-0.099,0,0
-0.0986,0,0
-0.0982,0,0
-0.0978,0,0
-0.0974,0,0
-0.097,0,0
-0.0966,0,0
-0.0962,0,0
-0.0958,0,0
-0.0954,0,0
-0.095,0,0
-0.0946,0,0
-0.0942,0,0
-0.0938,0,0
-0.0934,0,0
-0.093,0,0
-0.0926,0,0
-0.0922,0,0
-0.0918,0,0
-0.0914,0,0
-0.091,0,0
-0.0906,0,0
-0.0902,0,0
-0.0898,0,0
-0.0894,0,0
-0.089,0,0
-0.0886,0,0
-0.0882,0.00618447,0.00619586
-0.0878,0,0
-0.0874,0,0
-0.087,0,0
-0.0866,0,0
-0.0862,0,0
-0.0858,0,0
-0.0854,0,0
-0.085,0,0
-0.0846,0,0
-0.0842,0,0
-0.0838,0,0
-0.0834,0.00633276,0.00634467
-0.083,0,0
-0.0826,0,0
-0.0822,0,0
-0.0818,0,0
-0.0814,0,0
-0.081,0.00647943,0.00649188
-0.0806,0,0
-0.0802,0,0
-0.0798,0,0
-0.0794,0,0
-0.079,0,0
-0.0786,0,0
-0.0782,0.00653997,0.00655263
-0.0778,0,0
-0.0774,0,0
-0.077,0,0
-0.0766,0,0
-0.0762,0.00563066,0.00564003
-0.0758,0,0
-0.0754,0.00630222,0.00631395
-0.075,0,0
-0.0746,0.00670426,0.00671754
-0.0742,0,0
-0.0738,0,0
-0.0734,0,0
-0.073,0,0
-0.0726,0,0
-0.0722,0.00627166,0.00628327
-0.0718,0,0
-0.0714,0,0
-0.071,0,0
-0.0706,0,0
-0.0702,0,0
-0.0698,0,0
-0.0694,0,0
-0.069,0,0
-0.0686,0,0
-0.0682,0,0
-0.0678,0,0
-0.0674,0,0
-0.067,0,0
-0.0666,0,0
-0.0662,0,0
-0.0658,0.00660732,0.00662016
-0.0654,0,0
-0.065,0,0
-0.0646,0.00570628,0.00571585
-0.0642,0,0
-0.0638,0,0
-0.0634,0.00665093,0.00666392
-0.063,0,0
-0.0626,0,0
-0.0622,0,0
-0.0618,0,0
-0.0614,0,0
-0.061,0,0
-0.0606,0,0
-0.0602,0,0
-0.0598,0,0
-0.0594,0,0
-0.059,0,0
-0.0586,0,0
-0.0582,0,0
-0.0578,0,0
-0.0574,0,0
-0.057,0,0
-0.0566,0,0
-0.0562,0.0069084,0.00692237
-0.0558,0.00632665,0.00633837
-0.0554,0,0
-0.055,0.00628598,0.00629755
-0.0546,0,0
-0.0542,0,0
-0.0538,0.00504104,0.00572507
-0.0534,0,0
-0.053,0,0
-0.0526,0.00241064,0.00396539
-0.0522,0,0
-0.0518,0,0
-0.0514,0,0
-0.051,0,0
-0.0506,0,0
-0.0502,0.00490888,0.00569939
-0.0498,0,0
-0.0494,0,0
-0.049,0,0
-0.0486,0.00644442,0.00645655
-0.0482,0,0
-0.0478,0,0
-0.0474,0,0
-0.047,0,0
-0.0466,0,0
-0.0462,0,0
-0.0458,0.00690222,0.00691611
-0.0454,0,0
-0.045,0,0
-0.0446,0,0
-0.0442,0,0
-0.0438,0,0
-0.0434,0,0
-0.043,0.00682747,0.00684105
-0.0426,0,0
-0.0422,0,0
-0.0418,0,0
-0.0414,0,0
-0.041,0.00624217,0.00625352
-0.0406,0,0
-0.0402,0.00225437,0.00379475
-0.0398,0,0
-0.0394,0,0
-0.039,0,0
-0.0386,0,0
-0.0382,0,0
-0.0378,0,0
-0.0374,0.00644496,0.00645704
-0.037,0,0
-0.0366,0,0
-0.0362,0,0
-0.0358,0,0
-0.0354,0,0
-0.035,0.00648825,0.00650049
-0.0346,0,0
-0.0342,0,0
-0.0338,0,0
-0.0334,0,0
-0.033,0,0
-0.0326,0,0
-0.0322,0.00624463,0.00625595
-0.0318,0,0
-0.0314,0,0
-0.031,0.00199846,0.00344636
-0.0306,0,0
-0.0302,0,0
-0.0298,0,0
-0.0294,0.00646484,0.00647697
-0.029,0,0
-0.0286,0,0
-0.0282,0.00634696,0.00635865
-0.0278,0,0
-0.0274,0,0
-0.027,0,0
-0.0266,0,0
-0.0262,0,0
-0.0258,0.00663325,0.006646
-0.0254,0.00580092,0.00581068
-0.025,0,0
-0.0246,0,0
-0.0242,0,0
-0.0238,0,0
-0.0234,0,0
-0.023,0,0
-0.0226,0.00662457,0.00663728
-0.0222,0,0
-0.0218,0.00658389,0.00659644
-0.0214,0,0
-0.021,0.00609699,0.00610776
-0.0206,0,0
-0.0202,0.00719633,0.00721132
-0.0198,0,0
-0.0194,0,0
-0.019,0,0
-0.0186,0,0
-0.0182,0,0
-0.0178,0.00624542,0.00625671
-0.0174,0,0
-0.017,0,0
-0.0166,0.00581271,0.00595736
-0.0162,0,0
-0.0158,0,0
-0.0154,0,0
-0.015,0.00587467,0.00588466
-0.0146,0,0
-0.0142,0,0
-0.0138,0,0
-0.0134,0,0
-0.013,0,0
-0.0126,0,0
-0.0122,0,0
-0.0118,0,0
-0.0114,0,0
-0.011,0.00712617,0.00702576
-0.0106,0.00689987,0.00691362
-0.0102,0,0
-0.0098,0,0
-0.0094,0.00600821,0.00601864
-0.009,0,0
-0.0086,0,0
-0.0082,0,0
-0.0078,0,0
-0.0074,0.00629385,0.00630529
-0.007,0,0
-0.0066,0,0
-0.0062,0.00602321,0.00603368
-0.0058,0.0128107,0.00907575
-0.0054,0,0
-0.005,0.00641202,0.00642389
-0.0046,0.0192456,0.0111321
-0.0042,0.018458,0.0106778
-0.0038,0.0123432,0.00874626
-0.0034,0.0435773,0.0165042
-0.003,0.0435065,0.016475
-0.0026,0.140735,0.0300588
-0.0022,0.282414,0.0426632
-0.0018,0.396898,0.0497009
-0.0014,0.58281,0.0608211
-0.001,1.06408,0.0839515
-0.0006,1.26067,0.0903024
-0.0002,1.42001,0.0968317
0.0002,1.04999,0.0813876
0.0006,0.791044,0.0698817
0.001,0.591555,0.0631673
0.0014,0.361273,0.050111
0.0018,0.221405,0.0375331
0.0022,0.0506459,0.0179447
0.0026,0.0593178,0.0198117
0.003,0.0253299,0.0127034
0.0034,0.00609271,0.00610342
0.0038,0.0192339,0.0111253
0.0042,0.0184773,0.010687
0.0046,0.00677438,0.00678762
0.005,0,0
0.0054,0.0125112,0.00886412
0.0058,0,0
0.0062,0,0
0.0066,0,0
0.007,0,0
0.0074,0,0
0.0078,0,0
0.0082,0,0
0.0086,0,0
0.009,0,0
0.0094,0,0
0.0098,0,0
0.0102,0.00589688,0.00590692
0.0106,0.00622237,0.00623354
0.011,0,0
0.0114,0,0
0.0118,0,0
0.0122,0,0
0.0126,0,0
0.013,0,0
0.0134,0,0
0.0138,0,0
0.0142,0,0
0.0146,0,0
0.015,0,0
0.0154,0,0
0.0158,0,0
0.0162,0,0
0.0166,0,0
0.017,0,0
0.0174,0.00613382,0.00614468
0.0178,0,0
0.0182,0,0
0.0186,0,0
0.019,0.00642829,0.00644021
0.0194,0.00652593,0.00653821
0.0198,0,0
0.0202,0,0
0.0206,0,0
0.021,0,0
0.0214,0,0
0.0218,0,0
0.0222,0,0
0.0226,0,0
0.023,0,0
0.0234,0,0
0.0238,0,0
0.0242,0,0
0.0246,0.00581985,0.00582962
0.025,0,0
0.0254,0.0066697,0.00668253
0.0258,0,0
0.0262,0,0
0.0266,0,0
0.027,0,0
0.0274,0,0
0.0278,0,0
0.0282,0.00599831,0.00600869
0.0286,0,0
0.029,0,0
0.0294,0,0
0.0298,0,0
0.0302,0,0
0.0306,0,0
0.031,0,0
0.0314,0,0
0.0318,0,0
0.0322,0,0
0.0326,0,0
0.033,0,0
0.0334,0.00672172,0.00673474
0.0338,0,0
0.0342,0,0
0.0346,0,0
0.035,0,0
0.0354,0,0
0.0358,0,0
0.0362,0,0
0.0366,0,0
0.037,0,0
0.0374,0,0
0.0378,0,0
0.0382,0,0
0.0386,0,0
0.039,0,0
0.0394,0,0
0.0398,0,0
0.0402,0,0
0.0406,0,0
0.041,0,0
0.0414,0,0
0.0418,0.00630952,0.00632099
0.0422,0,0
0.0426,0,0
0.043,0,0
0.0434,0,0
0.0438,0,0
0.0442,0,0
0.0446,0,0
0.045,0,0
0.0454,0,0
0.0458,0,0
0.0462,0,0
0.0466,0,0
0.047,0.00639359,0.00640535
0.0474,0,0
0.0478,0,0
0.0482,0,0
0.0486,0,0
0.049,0,0
0.0494,0,0
0.0498,0,0
0.0502,0,0
0.0506,0,0
0.051,0,0
0.0514,0,0
0.0518,0,0
0.0522,0,0
0.0526,0.00618548,0.00619648
0.053,0,0
0.0534,0,0
0.0538,0,0
0.0542,0,0
0.0546,0,0
0.055,0,0
0.0554,0,0
0.0558,0,0
0.0562,0,0
0.0566,0,0
0.057,0,0
0.0574,0,0
0.0578,0,0
0.0582,0,0
0.0586,0.00616742,0.00617835
0.059,0.00646824,0.00648026
0.0594,0.00644623,0.00645817
0.0598,0,0
0.0602,0.00615553,0.00616641
0.0606,0,0
0.061,0,0
0.0614,0,0
0.0618,0,0
0.0622,0,0
0.0626,0,0
0.063,0,0
0.0634,0,0
0.0638,0,0
0.0642,0,0
0.0646,0,0
0.065,0,0
0.0654,0,0
0.0658,0,0
0.0662,0,0
0.0666,0,0
0.067,0,0
0.0674,0,0
0.0678,0,0
0.0682,0.00201225,0.0034636
0.0686,0,0
0.069,0,0
0.0694,0,0
0.0698,0,0
0.0702,0,0
0.0706,0,0
0.071,0,0
0.0714,0,0
0.0718,0,0
0.0722,0.00612263,0.00613336
0.0726,0,0
0.073,0,0
0.0734,0,0
0.0738,0,0
0.0742,0,0
0.0746,0,0
0.075,0,0
0.0754,0,0
0.0758,0,0
0.0762,0,0
0.0766,0,0
0.077,0,0
0.0774,0,0
0.0778,0,0
0.0782,0,0
0.0786,0,0
0.079,0,0
0.0794,0,0
0.0798,0,0
0.0802,0,0
0.0806,0,0
0.081,0,0
0.0814,0,0
0.0818,0,0
0.0822,0,0
0.0826,0,0
0.083,0,0
0.0834,0.00591206,0.00592203
0.0838,0,0
0.0842,0,0
0.0846,0,0
0.085,0.00609229,0.00610287
0.0854,0,0
0.0858,0,0
0.0862,0,0
0.0866,0,0
0.087,0,0
0.0874,0,0
0.0878,0,0
0.0882,0,0
0.0886,0,0
0.089,0.00577181,0.00578129
0.0894,0,0
0.0898,0,0
0.0902,0,0
0.0906,0,0
0.091,0,0
0.0914,0,0
0.0918,0,0
0.0922,0,0
0.0926,0,0
0.093,0,0
0.0934,0,0
0.0938,0,0
0.0942,0,0
0.0946,0,0
0.095,0,0
0.0954,0,0
0.0958,0,0
0.0962,0,0
0.0966,0,0
0.097,0,0
0.0974,0,0
0.0978,0,0
0.0982,0,0
0.0986,0,0
0.099,0,0
0.0994,0.00678888,0.00680193
0.0998,0,0
0.1002,0,0
0.1006,0.00657589,0.00658813
0.101,0,0
0.1014,0,0
0.1018,0,0
0.1022,0,0
0.1026,0,0
0.103,0,0
0.1034,0,0
0.1038,0,0
0.1042,0,0
0.1046,0,0
0.105,0,0
0.1054,0,0
0.1058,0,0
0.1062,0,0
0.1066,0.00902948,0.00905249
0.107,0,0
0.1074,0,0
0.1078,0,0
0.1082,0,0
0.1086,0,0
0.109,0,0
0.1094,0,0
0.1098,0,0
0.1102,0,0
0.1106,0.00832493,0.00834446
0.111,0,0
0.1114,0,0
0.1118,0.00932711,0.0093516
0.1122,0,0
0.1126,0.00996159,0.00998951
0.113,0,0
0.1134,0,0
0.1138,0,0
0.1142,0,0
0.1146,0,0
0.115,0,0
0.1154,0,0
0.1158,0,0
0.1162,0,0
0.1166,0,0
0.117,0,0
0.1174,0,0
0.1178,0,0
0.1182,0,0
0.1186,0,0
0.119,0,0
0.1194,0,0
0.1198,0,0
6
-0.1198,0,0
-0.1194,0,0
-0.119,0,0
-0.1186,0,0
-0.1182,0,0
-0.1178,0,0
-0.1174,0,0
-0.117,0,0
-0.1166,0,0
-0.1162,0,0
-0.1158,0,0
-0.1154,0,0
-0.115,0,0
-0.1146,0,0
-0.1142,0,0
-0.1138,0,0
-0.1134,0,0
-0.113,0,0
-0.1126,0,0
-0.1122,0,0
-0.1118,0,0
-0.1114,0,0
-0.111,0,0
-0.1106,0,0
-0.1102,0,0
-0.1098,0,0
-0.1094,0.00115917,0.00255795
-0.109,0,0
-0.1086,0,0
-0.1082,0,0
-0.1078,0,0
-0.1074,0,0
-0.107,0,0
-0.1066,0,0
-0.1062,0,0
-0.1058,0,0
-0.1054,0,0
-0.105,0,0
-0.1046,0,0
-0.1042,0,0
-0.1038,0,0
-0.1034,0,0
-0.103,0,0
-0.1026,0.0055043,0.00551451
-0.1022,0,0
-0.1018,0,0
-0.1014,0,0
-0.101,0,0
-0.1006,0,0
-0.1002,0,0
-0.0998,0,0
-0.0994,0,0
-0.099,0,0
-0.0986,0,0
-0.0982,0,0
-0.0978,0,0
-0.0974,0,0
-0.097,0,0
-0.0966,0.0052051,0.00521418
-0.0962,0,0
-0.0958,0,0
-0.0954,0,0
-0.095,0,0
-0.0946,0,0
-0.0942,0,0
-0.0938,0,0
-0.0934,0,0
-0.093,0,0
-0.0926,0,0
-0.0922,0,0
-0.0918,0,0
-0.0914,0,0
-0.091,0,0
-0.0906,0,0
-0.0902,0,0
-0.0898,0,0
-0.0894,0,0
-0.089,0,0
-0.0886,0,0
-0.0882,0,0
-0.0878,0,0
-0.0874,0,0
-0.087,0,0
-0.0866,0,0
-0.0862,0,0
-0.0858,0,0
-0.0854,0,0
-0.085,0,0
-0.0846,0.0054388,0.0054487
-0.0842,0,0
-0.0838,0,0
-0.0834,0,0
-0.083,0.0052825,0.00529186
-0.0826,0,0
-0.0822,0,0
-0.0818,0,0
-0.0814,0,0
-0.081,0,0
-0.0806,0,0
-0.0802,0,0
-0.0798,0,0
-0.0794,0,0
-0.079,0,0
-0.0786,0,0
-0.0782,0,0
-0.0778,0.00546588,0.00547595
-0.0774,0,0
-0.077,0,0
-0.0766,0,0
-0.0762,0,0
-0.0758,0,0
-0.0754,0,0
-0.075,0,0
-0.0746,0,0
-0.0742,0,0
-0.0738,0,0
-0.0734,0,0
-0.073,0,0
-0.0726,0,0
-0.0722,0,0
-0.0718,0,0
-0.0714,0,0
-0.071,0,0
-0.0706,0,0
-0.0702,0,0
-0.0698,0,0
-0.0694,0,0
-0.069,0,0
-0.0686,0,0
-0.0682,0,0
-0.0678,0.00521784,0.00522711
-0.0674,0,0
-0.067,0,0
-0.0666,0,0
-0.0662,0,0
-0.0658,0,0
-0.0654,0,0
-0.065,0,0
-0.0646,0,0
-0.0642,0,0
-0.0638,0,0
-0.0634,0,0
-0.063,0,0
-0.0626,0,0
-0.0622,0,0
-0.0618,0,0
-0.0614,0,0
-0.061,0,0
-0.0606,0,0
-0.0602,0,0
-0.0598,0,0
-0.0594,0,0
-0.059,0,0
-0.0586,0,0
-0.0582,0,0
-0.0578,0,0
-0.0574,0,0
-0.057,0,0
-0.0566,0,0
-0.0562,0,0
-0.0558,0,0
-0.0554,0,0
-0.055,0,0
-0.0546,0,0
-0.0542,0,0
-0.0538,0,0
-0.0534,0,0
-0.053,0,0
-0.0526,0.00346778,0.00438066
-0.0522,0.00541846,0.00542858
-0.0518,0,0
-0.0514,0,0
-0.051,0,0
-0.0506,0,0
-0.0502,0,0
-0.0498,0.00548848,0.00549888
-0.0494,0,0
-0.049,0,0
-0.0486,0,0
-0.0482,0,0
-0.0478,0,0
-0.0474,0,0
-0.047,0,0
-0.0466,0,0
-0.0462,0,0
-0.0458,0,0
-0.0454,0,0
-0.045,0.00558664,0.00559745
-0.0446,0,0
-0.0442,0,0
-0.0438,0,0
-0.0434,0.00456378,0.00457101
-0.043,0,0
-0.0426,0.0055149,0.00552545
-0.0422,0,0
-0.0418,0,0
-0.0414,0,0
-0.041,0,0
-0.0406,0,0
-0.0402,0.00344123,0.00429022
-0.0398,0,0
-0.0394,0,0
-0.039,0,0
-0.0386,0,0
-0.0382,0,0
-0.0378,0,0
-0.0374,0,0
-0.037,0,0
-0.0366,0,0
-0.0362,0,0
-0.0358,0.00590884,0.005921
-0.0354,0,0
-0.035,0,0
-0.0346,0,0
-0.0342,0,0
-0.0338,0,0
-0.0334,0,0
-0.033,0,0
-0.0326,0,0
-0.0322,0,0
-0.0318,0,0
-0.0314,0,0
-0.031,0,0
-0.0306,0.00551354,0.00552417
-0.0302,0,0
-0.0298,0,0
-0.0294,0,0
-0.029,0,0
-0.0286,0,0
-0.0282,0,0
-0.0278,0,0
-0.0274,0,0
-0.027,0,0
-0.0266,0,0
-0.0262,0,0
-0.0258,0,0
-0.0254,0,0
-0.025,0,0
-0.0246,0,0
-0.0242,0,0
-0.0238,0,0
-0.0234,0,0
-0.023,0,0
-0.0226,0,0
-0.0222,0.00528564,0.00529545
-0.0218,0,0
-0.0214,0,0
-0.021,0,0
-0.0206,0,0
-0.0202,0,0
-0.0198,0,0
-0.0194,0,0
-0.019,0,0
-0.0186,0,0
-0.0182,0,0
-0.0178,0,0
-0.0174,0,0
-0.017,0,0
-0.0166,0,0
-0.0162,0,0
-0.0158,0,0
-0.0154,0,0
-0.015,0,0
-0.0146,0,0
-0.0142,0,0
-0.0138,0,0
-0.0134,0,0
-0.013,0,0
-0.0126,0,0
-0.0122,0,0
-0.0118,0,0
-0.0114,0,0
-0.011,0.0054706,0.00557394
-0.0106,0,0
-0.0102,0,0
-0.0098,0,0
-0.0094,0,0
-0.009,0.00522278,0.0052324
-0.0086,0,0
-0.0082,0,0
-0.0078,0.00515101,0.00516037
-0.0074,0.00511808,0.00512732
-0.007,0,0
-0.0066,0.0100638,0.00712884
-0.0062,0,0
-0.0058,0,0
-0.0054,0.00512031,0.00512956
-0.005,0.0103608,0.00734012
-0.0046,0.00524052,0.00525021
-0.0042,0.00495698,0.00496566
-0.0038,0.00516702,0.00517645
-0.0034,0.0199019,0.0099706
-0.003,0.0202089,0.0101232
-0.0026,0.0627269,0.0181459
-0.0022,0.0726839,0.0194647
-0.0018,0.121826,0.0249141
-0.0014,0.144847,0.0274303
-0.001,0.301523,0.0403877
-0.0006,0.314374,0.0406758
-0.0002,0.380447,0.0452516
0.0002,0.383131,0.0443473
0.0006,0.432898,0.0467478
0.001,0.372014,0.0452568
0.0014,0.259668,0.0383712
0.0018,0.139734,0.0269126
0.0022,0.0932434,0.0220255
0.0026,0.069709,0.0193722
0.003,0.0610022,0.0176613
0.0034,0.0198893,0.00996221
0.0038,0.0156974,0.00907968
0.0042,0.0151251,0.00874813
0.0046,0.0260978,0.0117068
0.005,0.0221211,0.0110822
0.0054,0.0103939,0.0073631
0.0058,0.0104415,0.00740247
0.0062,0,0
0.0066,0,0
0.007,0.00532515,0.00533516
0.0074,0.00471287,0.00472072
0.0078,0,0
0.0082,0,0
0.0086,0,0
0.009,0,0
0.0094,0,0
0.0098,0,0
0.0102,0,0
0.0106,0,0
0.011,0,0
0.0114,0,0
0.0118,0,0
0.0122,0.0050928,0.00510194
0.0126,0,0
0.013,0,0
0.0134,0,0
0.0138,0.00505741,0.00512097
0.0142,0,0
0.0146,0,0
0.015,0,0
0.0154,0,0
0.0158,0,0
0.0162,0,0
0.0166,0,0
0.017,0,0
0.0174,0,0
0.0178,0,0
0.0182,0,0
0.0186,0,0
0.019,0,0
0.0194,0,0
0.0198,0,0
0.0202,0,0
0.0206,0,0
0.021,0.00497604,0.00498466
0.0214,0,0
0.0218,0.00556821,0.00557899
0.0222,0,0
0.0226,0,0
0.023,0,0
0.0234,0,0
0.0238,0,0
0.0242,0,0
0.0246,0,0
0.025,0,0
0.0254,0,0
0.0258,0,0
0.0262,0,0
0.0266,0,0
0.027,0,0
0.0274,0,0
0.0278,0,0
0.0282,0,0
0.0286,0,0
0.029,0,0
0.0294,0,0
0.0298,0,0
0.0302,0.0042134,0.00463775
0.0306,0,0
0.031,0,0
0.0314,0,0
0.0318,0,0
0.0322,0,0
0.0326,0,0
0.033,0,0
0.0334,0,0
0.0338,0,0
0.0342,0,0
0.0346,0,0
0.035,0,0
0.0354,0,0
0.0358,0,0
0.0362,0,0
0.0366,0,0
0.037,0,0
0.0374,0,0
0.0378,0,0
0.0382,0,0
0.0386,0.00528632,0.00529577
0.039,0,0
0.0394,0,0
0.0398,0,0
0.0402,0.00544705,0.00545705
0.0406,0,0
0.041,0,0
0.0414,0,0
0.0418,0,0
0.0422,0,0
0.0426,0,0
0.043,0,0
0.0434,0,0
0.0438,0,0
0.0442,0,0
0.0446,0,0
0.045,0.00522788,0.00523703
0.0454,0,0
0.0458,0.00559991,0.00561038
0.0462,0,0
0.0466,0,0
0.047,0,0
0.0474,0,0
0.0478,0,0
0.0482,0,0
0.0486,0,0
0.049,0,0
0.0494,0,0
0.0498,0,0
0.0502,0,0
0.0506,0,0
0.051,0,0
0.0514,0,0
0.0518,0,0
0.0522,0,0
0.0526,0,0
0.053,0,0
0.0534,0,0
0.0538,0,0
0.0542,0,0
0.0546,0,0
0.055,0,0
0.0554,0,0
0.0558,0,0
0.0562,0,0
0.0566,0,0
0.057,0,0
0.0574,0.00311006,0.00408406
0.0578,0,0
0.0582,0,0
0.0586,0,0
0.059,0,0
0.0594,0,0
0.0598,0,0
0.0602,0,0
0.0606,0,0
0.061,0,0
0.0614,0,0
0.0618,0,0
0.0622,0,0
0.0626,0,0
0.063,0,0
0.0634,0,0
0.0638,0,0
0.0642,0,0
0.0646,0,0
0.065,0,0
0.0654,0,0
0.0658,0,0
0.0662,0,0
0.0666,0,0
0.067,0,0
0.0674,0,0
0.0678,0,0
0.0682,0.00348881,0.00429743
0.0686,0,0
0.069,0,0
0.0694,0,0
0.0698,0,0
0.0702,0,0
0.0706,0,0
0.071,0,0
0.0714,0,0
0.0718,0,0
0.0722,0,0
0.0726,0,0
0.073,0,0
0.0734,0,0
0.0738,0,0
0.0742,0,0
0.0746,0,0
0.075,0,0
0.0754,0,0
0.0758,0,0
0.0762,0,0
0.0766,0,0
0.077,0,0
0.0774,0,0
0.0778,0.00557605,0.00558594
0.0782,0,0
0.0786,0.0053732,0.00538238
0.079,0,0
0.0794,0,0
0.0798,0,0
0.0802,0,0
0.0806,0,0
0.081,0,0
0.0814,0,0
0.0818,0,0
0.0822,0,0
0.0826,0,0
0.083,0,0
0.0834,0,0
0.0838,0,0
0.0842,0,0
0.0846,0,0
0.085,0,0
0.0854,0,0
0.0858,0,0
0.0862,0.00526957,0.0052783
0.0866,0,0
0.087,0,0
0.0874,0,0
0.0878,0,0
0.0882,0,0
0.0886,0,0
0.089,0,0
0.0894,0.00560616,0.00561599
0.0898,0,0
0.0902,0,0
0.0906,0,0
0.091,0.00547223,0.00548158
0.0914,0.00611981,0.00613149
0.0918,0,0
0.0922,0,0
0.0926,0,0
0.093,0,0
0.0934,0,0
0.0938,0,0
0.0942,0,0
0.0946,0,0
0.095,0,0
0.0954,0,0
0.0958,0,0
0.0962,0,0
0.0966,0,0
0.097,0,0
0.0974,0,0
0.0978,0,0
0.0982,0,0
0.0986,0,0
0.099,0,0
0.0994,0,0
0.0998,0,0
0.1002,0,0
0.1006,0,0
0.101,0,0
0.1014,0,0
0.1018,0,0
0.1022,0,0
0.1026,0.00679014,0.00680432
0.103,0,0
0.1034,0,0
0.1038,0,0
0.1042,0,0
0.1046,0,0
0.105,0,0
0.1054,0,0
0.1058,0,0
0.1062,0,0
0.1066,0,0
0.107,0,0
0.1074,0,0
0.1078,0,0
0.1082,0,0
0.1086,0,0
0.109,0,0
0.1094,0,0
0.1098,0,0
0.1102,0,0
0.1106,0,0
0.111,0,0
0.1114,0,0
0.1118,0,0
0.1122,0,0
0.1126,0,0
0.113,0.00870673,0.00872994
0.1134,0,0
0.1138,0,0
0.1142,0,0
0.1146,0.0187411,0.01329
0.115,0,0
0.1154,0,0
0.1158,0,0
0.1162,0,0
0.1166,0,0
0.117,0,0
0.1174,0,0
0.1178,0,0
0.1182,0,0
0.1186,0,0
0.119,0,0
0.1194,0,0
0.1198,0,0
7
-0.1198,0,0
-0.1194,0,0
-0.119,0,0
-0.1186,0,0
-0.1182,0,0
-0.1178,0,0
-0.1174,0,0
-0.117,0,0
-0.1166,0,0
-0.1162,0,0
-0.1158,0,0
-0.1154,0,0
-0.115,0,0
-0.1146,0,0
-0.1142,0,0
-0.1138,0,0
-0.1134,0,0
-0.113,0,0
-0.1126,0,0
-0.1122,0,0
-0.1118,0,0
-0.1114,0,0
-0.111,0,0
-0.1106,0,0
-0.1102,0,0
-0.1098,0,0
-0.1094,0,0
-0.109,0,0
-0.1086,0,0
-0.1082,0,0
-0.1078,0,0
-0.1074,0,0
-0.107,0,0
-0.1066,0,0
-0.1062,0,0
-0.1058,0,0
-0.1054,0,0
-0.105,0,0
-0.1046,0.00578705,0.00579875
-0.1042,0,0
-0.1038,0,0
-0.1034,0,0
-0.103,0,0
-0.1026,0,0
-0.1022,0,0
-0.1018,0.00521187,0.00522139
-0.1014,0,0
-0.101,0,0
-0.1006,0,0
-0.1002,0,0
-0.0998,0,0
-0.0994,0,0
-0.099,0,0
-0.0986,0,0
-0.0982,0,0
-0.0978,0,0
-0.0974,0.00581925,0.00583116
-0.097,0,0
-0.0966,0,0
-0.0962,0,0
-0.0958,0,0
-0.0954,0,0
-0.095,0,0
-0.0946,0,0
-0.0942,0,0
-0.0938,0,0
-0.0934,0,0
-0.093,0,0
-0.0926,0,0
-0.0922,0,0
-0.0918,0,0
-0.0914,0,0
-0.091,0,0
-0.0906,0,0
-0.0902,0.00531157,0.00532157
-0.0898,0,0
-0.0894,0,0
-0.089,0,0
-0.0886,0,0
-0.0882,0,0
-0.0878,0,0
-0.0874,0,0
-0.087,0,0
-0.0866,0,0
-0.0862,0,0
-0.0858,0.00535137,0.00536152
-0.0854,0,0
-0.085,0,0
-0.0846,0,0
-0.0842,0,0
-0.0838,0,0
-0.0834,0,0
-0.083,0,0
-0.0826,0,0
-0.0822,0,0
-0.0818,0.00538998,0.00540025
-0.0814,0,0
-0.081,0,0
-0.0806,0,0
-0.0802,0,0
-0.0798,0,0
-0.0794,0,0
-0.079,0,0
-0.0786,0,0
-0.0782,0,0
-0.0778,0,0
-0.0774,0,0
-0.077,0,0
-0.0766,0,0
-0.0762,0,0
-0.0758,0,0
-0.0754,0,0
-0.075,0,0
-0.0746,0,0
-0.0742,0,0
-0.0738,0,0
-0.0734,0,0
-0.073,0,0
-0.0726,0,0
-0.0722,0,0
-0.0718,0,0
-0.0714,0,0
-0.071,0,0
-0.0706,0,0
-0.0702,0.00581792,0.0058298
-0.0698,0,0
-0.0694,0,0
-0.069,0,0
-0.0686,0,0
-0.0682,0.0053105,0.00532037
-0.0678,0,0
-0.0674,0,0
-0.067,0,0
-0.0666,0,0
-0.0662,0,0
-0.0658,0,0
-0.0654,0,0
-0.065,0,0
-0.0646,0,0
-0.0642,0.00554282,0.00555353
-0.0638,0,0
-0.0634,0,0
-0.063,0,0
-0.0626,0.00561369,0.00562466
-0.0622,0,0
-0.0618,0.0055217,0.00553231
-0.0614,0,0
-0.061,0,0
-0.0606,0,0
-0.0602,0,0
-0.0598,0,0
-0.0594,0,0
-0.059,0,0
-0.0586,0.00518423,0.00519355
-0.0582,0,0
-0.0578,0,0
-0.0574,0,0
-0.057,0,0
-0.0566,0,0
-0.0562,0,0
-0.0558,0,0
-0.0554,0,0
-0.055,0,0
-0.0546,0.0051547,0.00516386
-0.0542,0,0
-0.0538,0,0
-0.0534,0,0
-0.053,0,0
-0.0526,0,0
-0.0522,0,0
-0.0518,0.00532914,0.00533889
-0.0514,0,0
-0.051,0,0
-0.0506,0,0
-0.0502,0,0
-0.0498,0,0
-0.0494,0.0108249,0.00766855
-0.049,0,0
-0.0486,0,0
-0.0482,0,0
-0.0478,0,0
-0.0474,0,0
-0.047,0,0
-0.0466,0,0
-0.0462,0,0
-0.0458,0,0
-0.0454,0,0
-0.045,0,0
-0.0446,0,0
-0.0442,0,0
-0.0438,0,0
-0.0434,0,0
-0.043,0,0
-0.0426,0,0
-0.0422,0,0
-0.0418,0,0
-0.0414,0,0
-0.041,0,0
-0.0406,0,0
-0.0402,0,0
-0.0398,0,0
-0.0394,0,0
-0.039,0,0
-0.0386,0,0
-0.0382,0.00547746,0.00548756
-0.0378,0.00557513,0.00558558
-0.0374,0,0
-0.037,0,0
-0.0366,0,0
-0.0362,0,0
-0.0358,0,0
-0.0354,0,0
-0.035,0,0
-0.0346,0,0
-0.0342,0,0
-0.0338,0,0
-0.0334,0,0
-0.033,0,0
-0.0326,0,0
-0.0322,0.00267623,0.00382501
-0.0318,0.00539896,0.00540865
-0.0314,0,0
-0.031,0,0
-0.0306,0.00580682,0.00581801
-0.0302,0,0
-0.0298,0,0
-0.0294,0,0
-0.029,0,0
-0.0286,0,0
-0.0282,0,0
-0.0278,0,0
-0.0274,0,0
-0.027,0,0
-0.0266,0,0
-0.0262,0,0
-0.0258,0,0
-0.0254,0,0
-0.025,0,0
-0.0246,0,0
-0.0242,0,0
-0.0238,0.0054994,0.00550931
-0.0234,0,0
-0.023,0,0
-0.0226,0.00587242,0.00588368
-0.0222,0.00568163,0.00569217
-0.0218,0,0
-0.0214,0,0
-0.021,0,0
-0.0206,0,0
-0.0202,0.00276159,0.00393688
-0.0198,0,0
-0.0194,0,0
-0.019,0,0
-0.0186,0,0
-0.0182,0,0
-0.0178,0,0
-0.0174,0.00551635,0.00552618
-0.017,0,0
-0.0166,0,0
-0.0162,0,0
-0.0158,0,0
-0.0154,0.00542002,0.00542947
-0.015,0,0
-0.0146,0,0
-0.0142,0,0
-0.0138,0,0
-0.0134,0,0
-0.013,0,0
-0.0126,0,0
-0.0122,0.0123118,0.00872289
-0.0118,0,0
-0.0114,0,0
-0.011,0,0
-0.0106,0,0
-0.0102,0,0
-0.0098,0,0
-0.0094,0.00540884,0.00541816
-0.009,0,0
-0.0086,0,0
-0.0082,0,0
-0.0078,0,0
-0.0074,0,0
-0.007,0,0
-0.0066,0,0
-0.0062,0,0
-0.0058,0.0058992,0.00591021
-0.0054,0,0
-0.005,0.00697613,0.0064033
-0.0046,0.00586221,0.00587306
-0.0042,0.011093,0.00785767
-0.0038,0.0289297,0.0129615
-0.0034,0.0398873,0.0151066
-0.003,0.0567291,0.017973
-0.0026,0.0588617,0.0186488
-0.0022,0.0938839,0.0235181
-0.0018,0.214634,0.0350116
-0.0014,0.278931,0.0402525
-0.001,0.465609,0.0531797
-0.0006,0.563752,0.0578355
-0.0002,0.70316,0.0653151
0.0002,0.727747,0.0650234
0.0006,0.632943,0.0600479
0.001,0.536353,0.0578953
0.0014,0.414975,0.0514584
0.0018,0.322208,0.0434899
0.0022,0.162206,0.0307047
0.0026,0.143491,0.029596
0.003,0.0351633,0.0141391
0.0034,0.0396595,0.0150194
0.0038,0.0451726,0.0163629
0.0042,0.0114174,0.00808777
0.0046,0.00627323,0.00628549
0.005,0.0388102,0.0158798
0.0054,0.0218006,0.0115046
0.0058,0.0465169,0.016486
0.0062,0.0396259,0.0155423
0.0066,0.0135281,0.00906497
0.007,0.00605396,0.00606535
0.0074,0.0112297,0.00795444
0.0078,0,0
0.0082,0.00553394,0.00554344
0.0086,0.00533897,0.00534781
0.009,0,0
0.0094,0.00571269,0.0057228
0.0098,0,0
0.0102,0.0056214,0.00563119
0.0106,0.00579741,0.00580782
0.011,0,0
0.0114,0,0
0.0118,0,0
0.0122,0.0057026,0.00571266
0.0126,0,0
0.013,0,0
0.0134,0,0
0.0138,0.00633283,0.00627918
0.0142,0,0
0.0146,0,0
0.015,0,0
0.0154,0,0
0.0158,0,0
0.0162,0.00577964,0.00578996
0.0166,0,0
0.017,0,0
0.0174,0,0
0.0178,0,0
0.0182,0,0
0.0186,0,0
0.019,0.00599371,0.00600483
0.0194,0,0
0.0198,0,0
0.0202,0,0
0.0206,0,0
0.021,0,0
0.0214,0,0
0.0218,0,0
0.0222,0.0057392,0.00574942
0.0226,0,0
0.023,0,0
0.0234,0,0
0.0238,0,0
0.0242,0,0
0.0246,0,0
0.025,0.0177689,0.0102831
0.0254,0,0
0.0258,0.0054232,0.00543235
0.0262,0,0
0.0266,0,0
0.027,0.00616537,0.0061772
0.0274,0,0
0.0278,0,0
0.0282,0,0
0.0286,0,0
0.029,0,0
0.0294,0,0
0.0298,0.00597061,0.00598173
0.0302,0.00654815,0.00605981
0.0306,0.0016513,0.0030425
0.031,0,0
0.0314,0,0
0.0318,0,0
0.0322,0,0
0.0326,0,0
0.033,0,0
0.0334,0,0
0.0338,0,0
0.0342,0,0
0.0346,0,0
0.035,0.0055838,0.00559357
0.0354,0,0
0.0358,0,0
0.0362,0,0
0.0366,0,0
0.037,0.00561524,0.00562515
0.0374,0,0
0.0378,0,0
0.0382,0.00568442,0.00569458
0.0386,0.00568209,0.00569224
0.039,0,0
0.0394,0,0
0.0398,0,0
0.0402,0,0
0.0406,0,0
0.041,0,0
0.0414,0,0
0.0418,0.00575951,0.00576998
0.0422,0,0
0.0426,0,0
0.043,0,0
0.0434,0,0
0.0438,0,0
0.0442,0.00560422,0.00561416
0.0446,0,0
0.045,0,0
0.0454,0,0
0.0458,0,0
0.0462,0,0
0.0466,0,0
0.047,0,0
0.0474,0,0
0.0478,0,0
0.0482,0,0
0.0486,0.00572098,0.00573139
0.049,0,0
0.0494,0,0
0.0498,0,0
0.0502,0,0
0.0506,0.00527131,0.00528017
0.051,0.00568401,0.00569431
0.0514,0,0
0.0518,0,0
0.0522,0,0
0.0526,0,0
0.053,0,0
0.0534,0,0
0.0538,0,0
0.0542,0,0
0.0546,0,0
0.055,0,0
0.0554,0,0
0.0558,0,0
0.0562,0.00548934,0.00549901
0.0566,0,0
0.057,0,0
0.0574,0.00228072,0.00353354
0.0578,0,0
0.0582,0,0
0.0586,0,0
0.059,0,0
0.0594,0,0
0.0598,0,0
0.0602,0,0
0.0606,0,0
0.061,0,0
0.0614,0,0
0.0618,0,0
0.0622,0,0
0.0626,0.00514054,0.00514909
0.063,0,0
0.0634,0,0
0.0638,0,0
0.0642,0,0
0.0646,0,0
0.065,0,0
0.0654,0,0
0.0658,0,0
0.0662,0,0
0.0666,0,0
0.067,0.00521147,0.00522031
0.0674,0,0
0.0678,0.00579032,0.00580124
0.0682,0,0
0.0686,0,0
0.069,0,0
0.0694,0,0
0.0698,0,0
0.0702,0,0
0.0706,0,0
0.071,0,0
0.0714,0.0114477,0.00811384
0.0718,0,0
0.0722,0,0
0.0726,0,0
0.073,0,0
0.0734,0,0
0.0738,0.00544566,0.00545539
0.0742,0,0
0.0746,0,0
0.075,0,0
0.0754,0,0
0.0758,0,0
0.0762,0,0
0.0766,0,0
0.077,0,0
0.0774,0,0
0.0778,0,0
0.0782,0,0
0.0786,0,0
0.079,0,0
0.0794,0,0
0.0798,0,0
0.0802,0,0
0.0806,0,0
0.081,0,0
0.0814,0,0
0.0818,0,0
0.0822,0.00512553,0.00513421
0.0826,0,0
0.083,0,0
0.0834,0,0
0.0838,0,0
0.0842,0.00537922,0.00538879
0.0846,0,0
0.085,0,0
0.0854,0,0
0.0858,0,0
0.0862,0,0
0.0866,0,0
0.087,0,0
0.0874,0.00510901,0.00511766
0.0878,0,0
0.0882,0,0
0.0886,0,0
0.089,0.0106029,0.00752677
0.0894,0,0
0.0898,0,0
0.0902,0,0
0.0906,0,0
0.091,0,0
0.0914,0,0
0.0918,0,0
0.0922,0,0
0.0926,0,0
0.093,0,0
0.0934,0,0
0.0938,0.00559819,0.0056086
0.0942,0.0054894,0.00549941
0.0946,0.00531127,0.00532064
0.095,0,0
0.0954,0,0
0.0958,0,0
0.0962,0,0
0.0966,0,0
0.097,0,0
0.0974,0,0
0.0978,0,0
0.0982,0,0
0.0986,0.00647415,0.00648807
0.099,0,0
0.0994,0,0
0.0998,0,0
0.1002,0,0
0.1006,0,0
0.101,0,0
0.1014,0,0
0.1018,0,0
0.1022,0,0
0.1026,0.00628729,0.00630042
0.103,0,0
0.1034,0,0
0.1038,0,0
0.1042,0,0
0.1046,0.00403209,0.0051608
0.105,0,0
0.1054,0,0
0.1058,0,0
0.1062,0,0
0.1066,0,0
0.107,0,0
0.1074,0,0
0.1078,0,0
0.1082,0,0
0.1086,0.0069938,0.00701
0.109,0,0
0.1094,0,0
0.1098,0,0
0.1102,0.00646796,0.00648179
0.1106,0,0
0.111,0,0
0.1114,0,0
0.1118,0,0
0.1122,0,0
0.1126,0,0
0.113,0,0
0.1134,0,0
0.1138,0,0
0.1142,0,0
0.1146,0,0
0.115,0,0
0.1154,0,0
0.1158,0,0
0.1162,0,0
0.1166,0,0
0.117,0,0
0.1174,0,0
0.1178,0,0
0.1182,0,0
0.1186,0,0
0.119,0,0
0.1194,0.00972575,0.00975656
0.1198,0,0
8
-0.1198,0,0
-0.1194,0,0
-0.119,0.00386665,0.00387378
-0.1186,0,0
-0.1182,0,0
-0.1178,0,0
-0.1174,0,0
-0.117,0,0
-0.1166,0,0
-0.1162,0,0
-0.1158,0,0
-0.1154,0,0
-0.115,0.00416638,0.00417462
-0.1146,0,0
-0.1142,0,0
-0.1138,0,0
-0.1134,0,0
-0.113,0.00393347,0.0039408
-0.1126,0,0
-0.1122,0,0
-0.1118,0,0
-0.1114,0,0
-0.111,0,0
-0.1106,0,0
-0.1102,0,0
-0.1098,0,0
-0.1094,0,0
-0.109,0,0
-0.1086,0,0
-0.1082,0,0
-0.1078,0.00395963,0.00396701
-0.1074,0.00409682,0.00410472
-0.107,0,0
-0.1066,0,0
-0.1062,0,0
-0.1058,0.00394751,0.00395482
-0.1054,0,0
-0.105,0.00433224,0.00434104
-0.1046,0,0
-0.1042,0,0
-0.1038,0,0
-0.1034,0,0
-0.103,0.00396304,0.00397038
-0.1026,0,0
-0.1022,0,0
-0.1018,0,0
-0.1014,0,0
-0.101,0,0
-0.1006,0,0
-0.1002,0,0
-0.0998,0,0
-0.0994,0,0
-0.099,0,0
-0.0986,0,0
-0.0982,0,0
-0.0978,0,0
-0.0974,0,0
-0.097,0.00424594,0.00425429
-0.0966,0,0
-0.0962,0,0
-0.0958,0,0
-0.0954,0,0
-0.095,0.00386521,0.00387212
-0.0946,0,0
-0.0942,0,0
-0.0938,0,0
-0.0934,0,0
-0.093,0,0
-0.0926,0,0
-0.0922,0.00374481,0.00375127
-0.0918,0,0
-0.0914,0,0
-0.091,0,0
-0.0906,0,0
-0.0902,0,0
-0.0898,0,0
-0.0894,0.00404508,0.00405259
-0.089,0,0
-0.0886,0,0
-0.0882,0,0
-0.0878,0,0
-0.0874,0,0
-0.087,0,0
-0.0866,0.00415194,0.00415982
-0.0862,0,0
-0.0858,0,0
-0.0854,0,0
-0.085,0,0
-0.0846,0,0
-0.0842,0,0
-0.0838,0,0
-0.0834,0,0
-0.083,0,0
-0.0826,0,0
-0.0822,0.00424209,0.00425028
-0.0818,0,0
-0.0814,0,0
-0.081,0,0
-0.0806,0,0
-0.0802,0,0
-0.0798,0,0
-0.0794,0.00417136,0.00417925
-0.079,0,0
-0.0786,0,0
-0.0782,0.00427239,0.00428065
-0.0778,0,0
-0.0774,0,0
-0.077,0.00394503,0.00395207
-0.0766,0,0
-0.0762,0,0
-0.0758,0,0
-0.0754,0,0
-0.075,0.00843427,0.00597529
-0.0746,0,0
-0.0742,0,0
-0.0738,0,0
-0.0734,0,0
-0.073,0,0
-0.0726,0,0
-0.0722,0.00410474,0.00411233
-0.0718,0,0
-0.0714,0,0
-0.071,0,0
-0.0706,0,0
-0.0702,0,0
-0.0698,0,0
-0.0694,0,0
-0.069,0.0042272,0.00423523
-0.0686,0,0
-0.0682,0,0
-0.0678,0,0
-0.0674,0,0
-0.067,0.00409725,0.00410479
-0.0666,0,0
-0.0662,0,0
-0.0658,0,0
-0.0654,0,0
-0.065,0,0
-0.0646,0,0
-0.0642,0,0
-0.0638,0.00427395,0.00428214
-0.0634,0,0
-0.063,0,0
-0.0626,0,0
-0.0622,0.0041636,0.00417137
-0.0618,0,0
-0.0614,0,0
-0.061,0.00399591,0.00400307
-0.0606,0,0
-0.0602,0.00415121,0.00415893
-0.0598,0,0
-0.0594,0,0
-0.059,0,0
-0.0586,0,0
-0.0582,0,0
-0.0578,0.00166063,0.0028394
-0.0574,0,0
-0.057,0.00398009,0.00398718
-0.0566,0,0
-0.0562,0,0
-0.0558,0,0
-0.0554,0,0
-0.055,0,0
-0.0546,0,0
-0.0542,0,0
-0.0538,0,0
-0.0534,0,0
-0.053,0,0
-0.0526,0,0
-0.0522,0,0
-0.0518,0,0
-0.0514,0,0
-0.051,0,0
-0.0506,0,0
-0.0502,0.00430089,0.00430917
-0.0498,0,0
-0.0494,0,0
-0.049,0,0
-0.0486,0.00420205,0.00420996
-0.0482,0,0
-0.0478,0.00378055,0.00378695
-0.0474,0,0
-0.047,0.00425603,0.00426414
-0.0466,0,0
-0.0462,0.00849122,0.00602627
-0.0458,0,0
-0.0454,0,0
-0.045,0,0
-0.0446,0,0
-0.0442,0,0
-0.0438,0.00756406,0.00535846
-0.0434,0,0
-0.043,0,0
-0.0426,0.00427981,0.004288
-0.0422,0.00412176,0.00412936
-0.0418,0,0
-0.0414,0.00456003,0.00456933
-0.041,0,0
-0.0406,0,0
-0.0402,0,0
-0.0398,0,0
-0.0394,0.00393448,0.0039414
-0.039,0,0
-0.0386,0,0
-0.0382,0,0
-0.0378,0,0
-0.0374,0,0
-0.037,0,0
-0.0366,0.00393595,0.00394287
-0.0362,0,0
-0.0358,0.0046129,0.00462239
-0.0354,0,0
-0.035,0,0
-0.0346,0,0
-0.0342,0,0
-0.0338,0,0
-0.0334,0,0
-0.033,0,0
-0.0326,0,0
-0.0322,0.0020678,0.00290447
-0.0318,0,0
-0.0314,0,0
-0.031,0,0
-0.0306,0,0
-0.0302,0,0
-0.0298,0,0
-0.0294,0,0
-0.029,0,0
-0.0286,0,0
-0.0282,0,0
-0.0278,0,0
-0.0274,0,0
-0.027,0,0
-0.0266,0.00423311,0.00424109
-0.0262,0.00431751,0.00432581
-0.0258,0.00436806,0.00437655
-0.0254,0,0
-0.025,0,0
-0.0246,0,0
-0.0242,0,0
-0.0238,0,0
-0.0234,0,0
-0.023,0,0
-0.0226,0,0
-0.0222,0,0
-0.0218,0,0
-0.0214,0.0038456,0.00385217
-0.021,0,0
-0.0206,0,0
-0.0202,0.00206997,0.00291481
-0.0198,0.0045295,0.00453862
-0.0194,0,0
-0.019,0,0
-0.0186,0,0
-0.0182,0.00406696,0.00407431
-0.0178,0,0
-0.0174,0,0
-0.017,0.00401407,0.00402123
-0.0166,0,0
-0.0162,0,0
-0.0158,0,0
-0.0154,0,0
-0.015,0.00382762,0.00383412
-0.0146,0,0
-0.0142,0,0
-0.0138,0.00414564,0.00415326
-0.0134,0.00238921,0.00330455
-0.013,0,0
-0.0126,0,0
-0.0122,0,0
-0.0118,0.0129206,0.00747399
-0.0114,0,0
-0.011,0.00435294,0.00436133
-0.0106,0,0
-0.0102,0,0
-0.0098,0,0
-0.0094,0,0
-0.009,0.00832946,0.00590067
-0.0086,0.00402678,0.00403394
-0.0082,0.00420818,0.00421601
-0.0078,0,0
-0.0074,0,0
-0.007,0,0
-0.0066,0.0120689,0.00698038
-0.0062,0.00414947,0.00415707
-0.0058,0.0125473,0.00725349
-0.0054,0.0040985,0.00410591
-0.005,0.0116906,0.00698893
-0.0046,0.00419986,0.00420763
-0.0042,0.023183,0.00961315
-0.0038,0.0281917,0.0106777
-0.0034,0.0407693,0.0128864
-0.003,0.0689748,0.0167604
-0.0026,0.0879217,0.0192131
-0.0022,0.146365,0.0248617
-0.0018,0.234684,0.0309484
-0.0014,0.325663,0.0368119
-0.001,0.636682,0.0525683
-0.0006,0.677017,0.0535682
-0.0002,0.688078,0.0545096
0.0002,0.695097,0.0536673
0.0006,0.501747,0.0451526
0.001,0.487902,0.046391
0.0014,0.357392,0.0403074
0.0018,0.230209,0.0309891
0.0022,0.179842,0.0273487
0.0026,0.11506,0.0222955
0.003,0.0565076,0.0151006
0.0034,0.0647487,0.0162085
0.0038,0.0308359,0.0113963
0.0042,0.0209615,0.00923397
0.0046,0,0
0.005,0.00466133,0.00467085
0.0054,0.0145036,0.00791289
0.0058,0.0171605,0.00860115
0.0062,0.0192524,0.00909534
0.0066,0.0161605,0.00834484
0.007,0.0292952,0.0110945
0.0074,0.0205684,0.0090259
0.0078,0.00392196,0.00392869
0.0082,0.00570136,0.00468091
0.0086,0.00777605,0.00550984
0.009,0.00399282,0.00399979
0.0094,0,0
0.0098,0,0
0.0102,0.00389134,0.00389796
0.0106,0,0
0.011,0,0
0.0114,0,0
0.0118,0,0
0.0122,0,0
0.0126,0,0
0.013,0,0
0.0134,0.0087817,0.00622151
0.0138,0,0
0.0142,0,0
0.0146,0,0
0.015,0.00436139,0.00436968
0.0154,0,0
0.0158,0,0
0.0162,0,0
0.0166,0,0
0.017,0.00406281,0.00407
0.0174,0.00842662,0.00596946
0.0178,0,0
0.0182,0,0
0.0186,0,0
0.019,0,0
0.0194,0,0
0.0198,0,0
0.0202,0,0
0.0206,0,0
0.021,0,0
0.0214,0.00439106,0.00439944
0.0218,0,0
0.0222,0,0
0.0226,0.000745587,0.00177263
0.023,0,0
0.0234,0,0
0.0238,0.00422806,0.00423582
0.0242,0,0
0.0246,0,0
0.025,0,0
0.0254,0,0
0.0258,0,0
0.0262,0.00441141,0.00441985
0.0266,0,0
0.027,0,0
0.0274,0.0082398,0.00583683
0.0278,0,0
0.0282,0,0
0.0286,0,0
0.029,0,0
0.0294,0,0
0.0298,0,0
0.0302,0,0
0.0306,0.00283937,0.00338898
0.031,0,0
0.0314,0.00394793,0.00395467
0.0318,0,0
0.0322,0,0
0.0326,0.00450759,0.00451637
0.033,0,0
0.0334,0.00448558,0.00449427
0.0338,0,0
0.0342,0.00885797,0.00627552
0.0346,0,0
0.035,0,0
0.0354,0,0
0.0358,0,0
0.0362,0,0
0.0366,0,0
0.037,0,0
0.0374,0,0
0.0378,0,0
0.0382,0,0
0.0386,0,0
0.039,0.00429157,0.0042995
0.0394,0,0
0.0398,0,0
0.0402,0,0
0.0406,0,0
0.041,0.00403102,0.00403801
0.0414,0,0
0.0418,0,0
0.0422,0,0
0.0426,0,0
0.043,0,0
0.0434,0,0
0.0438,0,0
0.0442,0.00412584,0.00413315
0.0446,0,0
0.045,0.00407197,0.00407909
0.0454,0,0
0.0458,0.00435767,0.00436582
0.0462,0,0
0.0466,0,0
0.047,0,0
0.0474,0,0
0.0478,0,0
0.0482,0,0
0.0486,0,0
0.049,0,0
0.0494,0,0
0.0498,0,0
0.0502,0.00419301,0.00420053
0.0506,0,0
0.051,0,0
0.0514,0,0
0.0518,0.00435797,0.00436609
0.0522,0,0
0.0526,0.00416221,0.00416961
0.053,0,0
0.0534,0,0
0.0538,0,0
0.0542,0.00418069,0.00418815
0.0546,0,0
0.055,0,0
0.0554,0,0
0.0558,0,0
0.0562,0,0
0.0566,0,0
0.057,0,0
0.0574,0,0
0.0578,0,0
0.0582,0,0
0.0586,0,0
0.059,0,0
0.0594,0,0
0.0598,0,0
0.0602,0,0
0.0606,0,0
0.061,0,0
0.0614,0,0
0.0618,0,0
0.0622,0,0
0.0626,0,0
0.063,0.00266274,0.00327638
0.0634,0,0
0.0638,0.00417164,0.00417898
0.0642,0,0
0.0646,0,0
0.065,0,0
0.0654,0,0
0.0658,0,0
0.0662,0,0
0.0666,0,0
0.067,0,0
0.0674,0,0
0.0678,0,0
0.0682,0,0
0.0686,0,0
0.069,0,0
0.0694,0,0
0.0698,0,0
0.0702,0,0
0.0706,0,0
0.071,0,0
0.0714,0,0
0.0718,0,0
0.0722,0,0
0.0726,0,0
0.073,0.00421365,0.00422104
0.0734,0.00452122,0.00452971
0.0738,0,0
0.0742,0.00445747,0.00446572
0.0746,0,0
0.075,0,0
0.0754,0,0
0.0758,0.00430741,0.0043151
0.0762,0,0
0.0766,0,0
0.077,0,0
0.0774,0,0
0.0778,0,0
0.0782,0,0
0.0786,0,0
0.079,0.00455948,0.00456806
0.0794,0,0
0.0798,0,0
0.0802,0.00443878,0.00444691
0.0806,0,0
0.081,0,0
0.0814,0.0085632,0.00606631
0.0818,0,0
0.0822,0,0
0.0826,0,0
0.083,0,0
0.0834,0,0
0.0838,0,0
0.0842,0,0
0.0846,0,0
0.085,0,0
0.0854,0,0
0.0858,0,0
0.0862,0,0
0.0866,0,0
0.087,0,0
0.0874,0,0
0.0878,0,0
0.0882,0,0
0.0886,0,0
0.089,0,0
0.0894,0,0
0.0898,0.00430031,0.00430785
0.0902,0,0
0.0906,0.00407421,0.00408097
0.091,0,0
0.0914,0,0
0.0918,0,0
0.0922,0.00471784,0.00472689
0.0926,0,0
0.093,0.00884789,0.00626789
0.0934,0,0
0.0938,0,0
0.0942,0,0
0.0946,0,0
0.095,0,0
0.0954,0,0
0.0958,0,0
0.0962,0,0
0.0966,0,0
0.097,0,0
0.0974,0,0
0.0978,0,0
0.0982,0.00482863,0.00483806
0.0986,0,0
0.099,0,0
0.0994,0,0
0.0998,0,0
0.1002,0,0
0.1006,0,0
0.101,0,0
0.1014,0,0
0.1018,0.00514037,0.00515103
0.1022,0,0
0.1026,0,0
0.103,0,0
0.1034,0.00508444,0.00509487
0.1038,0,0
0.1042,0,0
0.1046,0.00750795,0.00638915
0.105,0,0
0.1054,0,0
0.1058,0,0
0.1062,0,0
0.1066,0,0
0.107,0,0
0.1074,0.00556807,0.00558056
0.1078,0,0
0.1082,0,0
0.1086,0,0
0.109,0,0
0.1094,0.00593194,0.00594611
0.1098,0,0
0.1102,0,0
0.1106,0,0
0.111,0,0
0.1114,0.00625356,0.0062693
0.1118,0,0
0.1122,0,0
0.1126,0,0
0.113,0,0
0.1134,0,0
0.1138,0.0116648,0.00826763
0.1142,0.00675386,0.00677222
0.1146,0,0
0.115,0,0
0.1154,0,0
0.1158,0,0
0.1162,0,0
0.1166,0,0
0.117,0,0
0.1174,0,0
0.1178,0,0
0.1182,0,0
0.1186,0,0
0.119,0.00786258,0.00788748
0.1194,0,0
0.1198,0.00224458,0.00425193
9
-0.1198,0,0
-0.1194,0,0
-0.119,0,0
-0.1186,0,0
-0.1182,0.00374527,0.00375216
-0.1178,0,0
-0.1174,0.00377845,0.00378547
-0.117,0,0
-0.1166,0,0
-0.1162,0,0
-0.1158,0.00359629,0.00360267
-0.1154,0,0
-0.115,0,0
-0.1146,0,0
-0.1142,0,0
-0.1138,0.00386192,0.0038693
-0.1134,0,0
-0.113,0,0
-0.1126,0,0
-0.1122,0,0
-0.1118,0,0
-0.1114,0,0
-0.111,0,0
-0.1106,0,0
-0.1102,0,0
-0.1098,0,0
-0.1094,0,0
-0.109,0,0
-0.1086,0,0
-0.1082,0,0
-0.1078,0,0
-0.1074,0,0
-0.107,0,0
-0.1066,0,0
-0.1062,0,0
-0.1058,0,0
-0.1054,0.00387129,0.00387879
-0.105,0,0
-0.1046,0,0
-0.1042,0,0
-0.1038,0,0
-0.1034,0,0
-0.103,0.00736987,0.00522094
-0.1026,0,0
-0.1022,0,0
-0.1018,0,0
-0.1014,0,0
-0.101,0,0
-0.1006,0,0
-0.1002,0,0
-0.0998,0,0
-0.0994,0,0
-0.099,0.00351579,0.00352205
-0.0986,0,0
-0.0982,0,0
-0.0978,0.00403708,0.00404534
-0.0974,0,0
-0.097,0,0
-0.0966,0,0
-0.0962,0,0
-0.0958,0,0
-0.0954,0,0
-0.095,0,0
-0.0946,0.00379382,0.00380115
-0.0942,0,0
-0.0938,0,0
-0.0934,0,0
-0.093,0,0
-0.0926,0,0
-0.0922,0,0
-0.0918,0.0037009,0.0037079
-0.0914,0,0
-0.091,0,0
-0.0906,0,0
-0.0902,0,0
-0.0898,0.0040347,0.00404304
-0.0894,0,0
-0.089,0,0
-0.0886,0,0
-0.0882,0,0
-0.0878,0,0
-0.0874,0.00371346,0.00372054
-0.087,0,0
-0.0866,0,0
-0.0862,0,0
-0.0858,0,0
-0.0854,0,0
-0.085,0,0
-0.0846,0.00353164,0.00353807
-0.0842,0,0
-0.0838,0.00364181,0.00364865
-0.0834,0,0
-0.083,0,0
-0.0826,0.00346744,0.00347365
-0.0822,0,0
-0.0818,0,0
-0.0814,0,0
-0.081,0,0
-0.0806,0,0
-0.0802,0,0
-0.0798,0.00359328,0.00359997
-0.0794,0,0
-0.079,0,0
-0.0786,0,0
-0.0782,0,0
-0.0778,0.00354885,0.00355539
-0.0774,0,0
-0.077,0,0
-0.0766,0,0
-0.0762,0.00322758,0.00323299
-0.0758,0,0
-0.0754,0,0
-0.075,0,0
-0.0746,0,0
-0.0742,0,0
-0.0738,0.00331174,0.00331745
-0.0734,0,0
-0.073,0,0
-0.0726,0,0
-0.0722,0.00688448,0.00487895
-0.0718,0,0
-0.0714,0,0
-0.071,0,0
-0.0706,0,0
-0.0702,0,0
-0.0698,0,0
-0.0694,0,0
-0.069,0,0
-0.0686,0,0
-0.0682,0,0
-0.0678,0,0
-0.0674,0,0
-0.067,0.00351002,0.00351648
-0.0666,0,0
-0.0662,0,0
-0.0658,0,0
-0.0654,0,0
-0.065,0,0
-0.0646,0,0
-0.0642,0,0
-0.0638,0.00365573,0.00366276
-0.0634,0,0
-0.063,0,0
-0.0626,0.00742868,0.00526314
-0.0622,0,0
-0.0618,0,0
-0.0614,0,0
-0.061,0,0
-0.0606,0.0106185,0.00614204
-0.0602,0,0
-0.0598,0.00705423,0.00499738
-0.0594,0,0
-0.059,0.00736804,0.00523514
-0.0586,0,0
-0.0582,0,0
-0.0578,0.00679012,0.00528719
-0.0574,0,0
-0.057,0,0
-0.0566,0,0
-0.0562,0,0
-0.0558,0,0
-0.0554,0.00360667,0.00361355
-0.055,0,0
-0.0546,0,0
-0.0542,0,0
-0.0538,0,0
-0.0534,0,0
-0.053,0,0
-0.0526,0,0
-0.0522,0.00352402,0.0035306
-0.0518,0.00345306,0.00345937
-0.0514,0.0033885,0.00339459
-0.051,0,0
-0.0506,0,0
-0.0502,0,0
-0.0498,0,0
-0.0494,0,0
-0.049,0,0
-0.0486,0,0
-0.0482,0,0
-0.0478,0,0
-0.0474,0,0
-0.047,0,0
-0.0466,0,0
-0.0462,0,0
-0.0458,0,0
-0.0454,0.00330156,0.00330736
-0.045,0,0
-0.0446,0,0
-0.0442,0,0
-0.0438,0.00634316,0.00449356
-0.0434,0,0
-0.043,0.00354951,0.00355624
-0.0426,0,0
-0.0422,0.00344932,0.00345568
-0.0418,0.00302236,0.00302724
-0.0414,0.00381265,0.00382042
-0.041,0,0
-0.0406,0,0
-0.0402,0.00345983,0.00346624
-0.0398,0,0
-0.0394,0.00341774,0.003424
-0.039,0.0034728,0.00347926
-0.0386,0,0
-0.0382,0,0
-0.0378,0.00349201,0.00349855
-0.0374,0,0
-0.037,0.00323366,0.00323927
-0.0366,0.00315801,0.00316337
-0.0362,0.00315659,0.00316195
-0.0358,0.00382879,0.00383667
-0.0354,0.0035195,0.00352616
-0.035,0,0
-0.0346,0,0
-0.0342,0,0
-0.0338,0.00337301,0.00337914
-0.0334,0,0
-0.033,0,0
-0.0326,0,0
-0.0322,0.00335781,0.0033639
-0.0318,0.00664815,0.0047094
-0.0314,0,0
-0.031,0,0
-0.0306,0,0
-0.0302,0,0
-0.0298,0,0
-0.0294,0.00332462,0.00333061
-0.029,0.00346081,0.0034673
-0.0286,0.00353942,0.00354621
-0.0282,0.00329737,0.00330327
-0.0278,0.0032374,0.00324308
-0.0274,0.00660169,0.00467647
-0.027,0,0
-0.0266,0,0
-0.0262,0.00646092,0.00457659
-0.0258,0,0
-0.0254,0,0
-0.025,0.00347002,0.00347658
-0.0246,0,0
-0.0242,0,0
-0.0238,0.00330327,0.00330922
-0.0234,0.00330168,0.00330762
-0.023,0,0
-0.0226,0,0
-0.0222,0,0
-0.0218,0.00348802,0.00349467
-0.0214,0,0
-0.021,0.00645251,0.00457067
-0.0206,0.00380543,0.00381335
-0.0202,0.0033193,0.00332533
-0.0198,0,0
-0.0194,0,0
-0.019,0.00665326,0.00471316
-0.0186,0.00328521,0.00329114
-0.0182,0,0
-0.0178,0,0
-0.0174,0.00346692,0.00347352
-0.017,0,0
-0.0166,0.00351758,0.00352439
-0.0162,0,0
-0.0158,0.00311242,0.00311776
-0.0154,0.00316491,0.00317043
-0.015,0,0
-0.0146,0,0
-0.0142,0,0
-0.0138,0.00665907,0.00471734
-0.0134,0.00173595,0.00252345
-0.013,0.00645633,0.00457347
-0.0126,0.00343843,0.00344497
-0.0122,0.00355749,0.00356449
-0.0118,0,0
-0.0114,0,0
-0.011,0.00695416,0.00492682
-0.0106,0.00359358,0.00360074
-0.0102,0.0103327,0.00597701
-0.0098,0.00336599,0.00337228
-0.0094,0.00312314,0.00312856
-0.009,0,0
-0.0086,0.00319997,0.00320566
-0.0082,0.00653953,0.00463368
-0.0078,0.00615671,0.00436092
-0.0074,0.0260265,0.00921856
-0.007,0.0297348,0.0099302
-0.0066,0.0128596,0.00644231
-0.0062,0.00951024,0.00550215
-0.0058,0.00654553,0.00464108
-0.0054,0.00991594,0.0057362
-0.005,0.00985311,0.0056995
-0.0046,0.0198554,0.00812097
-0.0042,0.00989616,0.00557349
-0.0038,0.0319615,0.0101283
-0.0034,0.0479737,0.0124328
-0.003,0.0444555,0.0119031
-0.0026,0.0985748,0.0180389
-0.0022,0.145904,0.0219897
-0.0018,0.205781,0.0256608
-0.0014,0.468648,0.0391167
-0.001,0.628887,0.0462589
-0.0006,0.736628,0.0494245
-0.0002,0.854375,0.05378
0.0002,0.83116,0.0519294
0.0006,0.585265,0.0430734
0.001,0.374467,0.0359342
0.0014,0.221526,0.0280491
0.0018,0.137781,0.0211806
0.0022,0.0816594,0.0161918
0.0026,0.0691745,0.0152489
0.003,0.0573994,0.0136796
0.0034,0.0217295,0.00824063
0.0038,0.0292603,0.00977241
0.0042,0.0246586,0.00882898
0.0046,0.0172933,0.00774892
0.005,0.0141463,0.00708912
0.0054,0.0129894,0.00650663
0.0058,0.016177,0.0072532
0.0062,0.0199691,0.00818725
0.0066,0.0131532,0.00658919
0.007,0.00960926,0.00555798
0.0074,0.0303582,0.00972416
0.0078,0.0117456,0.0058826
0.0082,0.00738961,0.0046716
0.0086,0,0
0.009,0.00633212,0.00448553
0.0094,0.00311979,0.00312531
0.0098,0,0
0.0102,0,0
0.0106,0.00306476,0.00307009
0.011,0,0
0.0114,0.0094462,0.00546354
0.0118,0,0
0.0122,0.00310093,0.0031064
0.0126,0,0
0.013,0,0
0.0134,0,0
0.0138,0,0
0.0142,0,0
0.0146,0.00333663,0.00334297
0.015,0.00324491,0.00325092
0.0154,0,0
0.0158,0,0
0.0162,0,0
0.0166,0.00319656,0.00320239
0.017,0.00317724,0.003183
0.0174,0.00309775,0.00310323
0.0178,0.00314362,0.00314927
0.0182,0.00322455,0.00323049
0.0186,0.00335816,0.00336461
0.019,0,0
0.0194,0,0
0.0198,0.00593633,0.00420475
0.0202,0.00351584,0.00352291
0.0206,0,0
0.021,0,0
0.0214,0,0
0.0218,0,0
0.0222,0,0
0.0226,0.00579658,0.00430167
0.023,0,0
0.0234,0,0
0.0238,0.00319823,0.00320409
0.0242,0,0
0.0246,0,0
0.025,0.00313187,0.0031375
0.0254,0.00293527,0.00294021
0.0258,0,0
0.0262,0,0
0.0266,0,0
0.027,0.00333651,0.00334291
0.0274,0,0
0.0278,0,0
0.0282,0,0
0.0286,0,0
0.029,0,0
0.0294,0.00332114,0.00332749
0.0298,0,0
0.0302,0.00302644,0.00303171
0.0306,0.0031523,0.00315803
0.031,0,0
0.0314,0.00321401,0.00321996
0.0318,0,0
0.0322,0.00310805,0.00311362
0.0326,0,0
0.033,0,0
0.0334,0,0
0.0338,0.00323388,0.00323991
0.0342,0,0
0.0346,0,0
0.035,0.00302913,0.00303443
0.0354,0,0
0.0358,0,0
0.0362,0,0
0.0366,0,0
0.037,0,0
0.0374,0,0
0.0378,0.00287243,0.0028772
0.0382,0,0
0.0386,0,0
0.039,0.00319396,0.00319986
0.0394,0.00322134,0.00322735
0.0398,0.0033755,0.0033821
0.0402,0.00317083,0.00317665
0.0406,0.0029946,0.0029998
0.041,0,0
0.0414,0,0
0.0418,0.00313526,0.00314095
0.0422,0,0
0.0426,0,0
0.043,0,0
0.0434,0.00315804,0.00316382
0.0438,0,0
0.0442,0.00594943,0.00421571
0.0446,0.00325668,0.00326283
0.045,0.00602661,0.00426891
0.0454,0,0
0.0458,0,0
0.0462,0.0028777,0.0028825
0.0466,0,0
0.047,0,0
0.0474,0.00338171,0.00338835
0.0478,0,0
0.0482,0,0
0.0486,0.00614616,0.00435447
0.049,0.00603366,0.00427393
0.0494,0.0029587,0.00296379
0.0498,0.00578405,0.00409683
0.0502,0,0
0.0506,0.00306936,0.00307485
0.051,0.00306857,0.00307405
0.0514,0,0
0.0518,0.00319883,0.00320478
0.0522,0.00312705,0.00313275
0.0526,0,0
0.053,0,0
0.0534,0,0
0.0538,0,0
0.0542,0.00305665,0.0030621
0.0546,0,0
0.055,0,0
0.0554,0.00615514,0.00436017
0.0558,0,0
0.0562,0,0
0.0566,0.00301321,0.00301851
0.057,0,0
0.0574,0,0
0.0578,0.00305534,0.0030608
0.0582,0,0
0.0586,0,0
0.059,0,0
0.0594,0,0
0.0598,0,0
0.0602,0.00301396,0.00301929
0.0606,0.00940439,0.00543962
0.061,0.00313363,0.00313939
0.0614,0,0
0.0618,0,0
0.0622,0.00287337,0.00287822
0.0626,0,0
0.063,0.000973337,0.00167886
0.0634,0.00290075,0.00290569
0.0638,0,0
0.0642,0.00890215,0.00514864
0.0646,0.0029663,0.00297147
0.065,0,0
0.0654,0,0
0.0658,0,0
0.0662,0,0
0.0666,0.00575396,0.00407557
0.067,0,0
0.0674,0,0
0.0678,0,0
0.0682,0,0
0.0686,0,0
0.069,0,0
0.0694,0.00606103,0.00429432
0.0698,0.003007,0.00301234
0.0702,0,0
0.0706,0.00309259,0.00309825
0.071,0.00286492,0.00286978
0.0714,0,0
0.0718,0.00325942,0.00326571
0.0722,0,0
0.0726,0,0
0.073,0,0
0.0734,0,0
0.0738,0.003118,0.00312377
0.0742,0,0
0.0746,0.00286035,0.00286521
0.075,0,0
0.0754,0.00304288,0.00304838
0.0758,0,0
0.0762,0,0
0.0766,0,0
0.077,0,0
0.0774,0.00599987,0.00425014
0.0778,0,0
0.0782,0,0
0.0786,0,0
0.079,0,0
0.0794,0.00294523,0.00295041
0.0798,0,0
0.0802,0,0
0.0806,0,0
0.081,0.00299898,0.00300436
0.0814,0.00581085,0.00411604
0.0818,0,0
0.0822,0.00282505,0.00282983
0.0826,0,0
0.083,0,0
0.0834,0,0
0.0838,0,0
0.0842,0.00296131,0.00296658
0.0846,0,0
0.085,0,0
0.0854,0,0
0.0858,0,0
0.0862,0.00308568,0.00309141
0.0866,0,0
0.087,0.00567056,0.00401857
0.0874,0.00292393,0.00292909
0.0878,0.00284493,0.00284981
0.0882,0,0
0.0886,0,0
0.089,0,0
0.0894,0.00871456,0.00504019
0.0898,0.0030686,0.00307429
0.0902,0.00306772,0.0030734
0.0906,0,0
0.091,0.00282604,0.00283086
0.0914,0,0
0.0918,0.00306297,0.00306865
0.0922,0,0
0.0926,0,0
0.093,0,0
0.0934,0,0
0.0938,0.00306911,0.00307481
0.0942,0,0
0.0946,0.0029116,0.00291673
0.095,0,0
0.0954,0,0
0.0958,0,0
0.0962,0,0
0.0966,0.00285888,0.00286383
0.097,0.00326039,0.00326683
0.0974,0,0
0.0978,0.00322194,0.00322823
0.0982,0.00322176,0.00322805
0.0986,0,0
0.099,0,0
0.0994,0,0
0.0998,0,0
0.1002,0,0
0.1006,0,0
0.101,0,0
0.1014,0,0
0.1018,0.0102674,0.00594017
0.1022,0,0
0.1026,0,0
0.103,0,0
0.1034,0.0033823,0.00338923
0.1038,0,0
0.1042,0,0
0.1046,0.00359886,0.00360672
0.105,0.0137598,0.00689628
0.1054,0.00358293,0.00359071
0.1058,0.00730782,0.00517891
0.1062,0,0
0.1066,0,0
0.107,0.00836768,0.00593186
0.1074,0.00369747,0.00370577
0.1078,0,0
0.1082,0.00381526,0.00382409
0.1086,0.00365439,0.00366249
0.109,0,0
0.1094,0.00367814,0.00368635
0.1098,0.00393547,0.00394487
0.1102,0,0
0.1106,0,0
0.111,0,0
0.1114,0,0
0.1118,0.00432308,0.00433443
0.1122,0.00893763,0.00634044
0.1126,0,0
0.113,0.00861914,0.00611165
0.1134,0,0
0.1138,0.00773208,0.00548025
0.1142,0.00447624,0.00448841
0.1146,0,0
0.115,0,0
0.1154,0.00458167,0.00459443
0.1158,0.00825726,0.00585342
0.1162,0,0
0.1166,0,0
0.117,0,0
0.1174,0,0
0.1178,0,0
0.1182,0.00469815,0.00471157
0.1186,0.00454451,0.00455707
0.119,0.00454405,0.0045566
0.1194,0,0
0.1198,0.00911965,0.00697705
