# X , Y , E Distribution=true
1
-0.1198,0,0
-0.1194,0,0
-0.119,0,0
-0.1186,0,0
-0.1182,0,0
-0.1178,0,0
-0.1174,0.0136412,0.0136691
-0.117,0.0138518,0.0138805
-0.1166,0,0
-0.1162,0,0
-0.1158,0.0286361,0.0202923
-0.1154,0,0
-0.115,0,0
-0.1146,0,0
-0.1142,0,0
-0.1138,0,0
-0.1134,0,0
-0.113,0,0
-0.1126,0,0
-0.1122,0,0
-0.1118,0,0
-0.1114,0,0
-0.111,0,0
-0.1106,0,0
-0.1102,0,0
-0.1098,0.012532,0.0125555
-0.1094,0,0
-0.109,0,0
-0.1086,0,0
-0.1082,0,0
-0.1078,0,0
-0.1074,0,0
-0.107,0,0
-0.1066,0,0
-0.1062,0,0
-0.1058,0,0
-0.1054,0,0
-0.105,0.0108653,0.0108829
-0.1046,0,0
-0.1042,0,0
-0.1038,0,0
-0.1034,0,0
-0.103,0,0
-0.1026,0,0
-0.1022,0,0
-0.1018,0,0
-0.1014,0,0
-0.101,0,0
-0.1006,0,0
-0.1002,0,0
-0.0998,0,0
-0.0994,0,0
-0.099,0,0
-0.0986,0,0
-0.0982,0,0
-0.0978,0,0
-0.0974,0.0129319,0.0129568
-0.097,0,0
-0.0966,0,0
-0.0962,0,0
-0.0958,0,0
-0.0954,0,0
-0.095,0,0
-0.0946,0,0
-0.0942,0,0
-0.0938,0,0
-0.0934,0,0
-0.093,0,0
-0.0926,0,0
-0.0922,0,0
-0.0918,0,0
-0.0914,0,0
-0.091,0,0
-0.0906,0,0
-0.0902,0,0
-0.0898,0,0
-0.0894,0,0
-0.089,0,0
-0.0886,0,0
-0.0882,0,0
-0.0878,0,0
-0.0874,0,0
-0.087,0,0
-0.0866,0,0
-0.0862,0,0
-0.0858,0,0
-0.0854,0,0
-0.085,0,0
-0.0846,0,0
-0.0842,0,0
-0.0838,0,0
-0.0834,0,0
-0.083,0,0
-0.0826,0.0126687,0.0126924
-0.0822,0,0
-0.0818,0.0117566,0.011777
-0.0814,0,0
-0.081,0,0
-0.0806,0,0
-0.0802,0,0
-0.0798,0,0
-0.0794,0,0
-0.079,0,0
-0.0786,0,0
-0.0782,0,0
-0.0778,0,0
-0.0774,0,0
-0.077,0,0
-0.0766,0,0
-0.0762,0,0
-0.0758,0,0
-0.0754,0,0
-0.075,0,0
-0.0746,0,0
-0.0742,0,0
-0.0738,0,0
-0.0734,0,0
-0.073,0,0
-0.0726,0,0
-0.0722,0.0132566,0.0132824
-0.0718,0,0
-0.0714,0,0
-0.071,0,0
-0.0706,0,0
-0.0702,0,0
-0.0698,0,0
-0.0694,0,0
-0.069,0,0
-0.0686,0,0
-0.0682,0.0126153,0.0126387
-0.0678,0,0
-0.0674,0,0
-0.067,0,0
-0.0666,0.0136136,0.0127686
-0.0662,0,0
-0.0658,0,0
-0.0654,0.0131368,0.0131621
-0.065,0,0
-0.0646,0,0
-0.0642,0,0
-0.0638,0,0
-0.0634,0,0
-0.063,0,0
-0.0626,0,0
-0.0622,0,0
-0.0618,0,0
-0.0614,0,0
-0.061,0,0
-0.0606,0,0
-0.0602,0,0
-0.0598,0.0057918,0.00849171
-0.0594,0,0
-0.059,0,0
-0.0586,0,0
-0.0582,0,0
-0.0578,0,0
-0.0574,0,0
-0.057,0,0
-0.0566,0,0
-0.0562,0,0
-0.0558,0,0
-0.0554,0,0
-0.055,0,0
-0.0546,0,0
-0.0542,0,0
-0.0538,0,0
-0.0534,0,0
-0.053,0,0
-0.0526,0,0
-0.0522,0,0
-0.0518,0.00547149,0.00840494
-0.0514,0,0
-0.051,0,0
-0.0506,0,0
-0.0502,0,0
-0.0498,0,0
-0.0494,0,0
-0.049,0,0
-0.0486,0,0
-0.0482,0,0
-0.0478,0,0
-0.0474,0.0123537,0.0123759
-0.047,0,0
-0.0466,0,0
-0.0462,0,0
-0.0458,0,0
-0.0454,0,0
-0.045,0,0
-0.0446,0,0
-0.0442,0,0
-0.0438,0,0
-0.0434,0,0
-0.043,0,0
-0.0426,0,0
-0.0422,0,0
-0.0418,0.0116452,0.0116649
-0.0414,0,0
-0.041,0,0
-0.0406,0,0
-0.0402,0.0137336,0.0137609
-0.0398,0,0
-0.0394,0,0
-0.039,0,0
-0.0386,0,0
-0.0382,0,0
-0.0378,0,0
-0.0374,0,0
-0.037,0,0
-0.0366,0,0
-0.0362,0,0
-0.0358,0,0
-0.0354,0,0
-0.035,0,0
-0.0346,0,0
-0.0342,0,0
-0.0338,0,0
-0.0334,0,0
-0.033,0,0
-0.0326,0.0030277,0.00610223
-0.0322,0,0
-0.0318,0,0
-0.0314,0,0
-0.031,0,0
-0.0306,0,0
-0.0302,0,0
-0.0298,0,0
-0.0294,0,0
-0.029,0,0
-0.0286,0,0
-0.0282,0.0127932,0.0128167
-0.0278,0,0
-0.0274,0,0
-0.027,0,0
-0.0266,0,0
-0.0262,0,0
-0.0258,0,0
-0.0254,0,0
-0.025,0,0
-0.0246,0,0
-0.0242,0.0244334,0.0173074
-0.0238,0,0
-0.0234,0,0
-0.023,0,0
-0.0226,0,0
-0.0222,0,0
-0.0218,0.0131893,0.0132143
-0.0214,0,0
-0.021,0,0
-0.0206,0,0
-0.0202,0.0122545,0.0122761
-0.0198,0,0
-0.0194,0,0
-0.019,0,0
-0.0186,0,0
-0.0182,0.0186696,0.0161272
-0.0178,0,0
-0.0174,0.0361295,0.0208956
-0.017,0,0
-0.0166,0,0
-0.0162,0.0251769,0.01785
-0.0158,0,0
-0.0154,0,0
-0.015,0,0
-0.0146,0,0
-0.0142,0,0
-0.0138,0,0
-0.0134,0.0133838,0.0135091
-0.013,0.0140545,0.0140827
-0.0126,0,0
-0.0122,0,0
-0.0118,0.0160355,0.0144223
-0.0114,0,0
-0.011,0.0268196,0.0190012
-0.0106,0.0135066,0.0135326
-0.0102,0.0133246,0.01335
-0.0098,0,0
-0.0094,0,0
-0.009,0,0
-0.0086,0.0121304,0.0121514
-0.0082,0,0
-0.0078,0.0131323,0.0131569
-0.0074,0,0
-0.007,0,0
-0.0066,0.0129061,0.0129299
-0.0062,0.0250213,0.0177244
-0.0058,0.016341,0.0150149
-0.0054,0.0168127,0.015296
-0.005,0.0411246,0.0237987
-0.0046,0.0413849,0.0239407
-0.0042,0.0486242,0.0243559
-0.0038,0.0750662,0.0307171
-0.0034,0.113775,0.0379985
-0.003,0.276736,0.0598222
-0.0026,0.526306,0.0831278
-0.0022,0.900704,0.111327
-0.0018,1.45478,0.140637
-0.0014,2.72586,0.189013
-0.001,4.03088,0.225833
-0.0006,5.08526,0.260839
-0.0002,5.42713,0.263798
0.0002,5.04945,0.256181
0.0006,3.8265,0.222393
0.001,2.30747,0.167575
0.0014,1.31315,0.125723
0.0018,0.529635,0.0809403
0.0022,0.250177,0.0564794
0.0026,0.059593,0.0280104
0.003,0.0393585,0.0228204
0.0034,0.0127795,0.0128026
0.0038,0.0113489,0.0113672
0.0042,0.0386113,0.0223331
0.0046,0,0
0.005,0.0125097,0.0125319
0.0054,0,0
0.0058,0,0
0.0062,0.0116162,0.0120687
0.0066,0.0134473,0.0134729
0.007,0,0
0.0074,0,0
0.0078,0,0
0.0082,0,0
0.0086,0,0
0.009,0.0127046,0.0127274
0.0094,0.0125098,0.0128225
0.0098,0.0254192,0.0180064
0.0102,0,0
0.0106,0,0
0.011,0,0
0.0114,0,0
0.0118,0.013607,0.0136331
0.0122,0,0
0.0126,0,0
0.013,0.01301,0.0130338
0.0134,0,0
0.0138,0,0
0.0142,0,0
0.0146,0,0
0.015,0,0
0.0154,0,0
0.0158,0,0
0.0162,0,0
0.0166,0,0
0.017,0,0
0.0174,0,0
0.0178,0,0
0.0182,0,0
0.0186,0,0
0.019,0,0
0.0194,0,0
0.0198,0,0
0.0202,0,0
0.0206,0,0
0.021,0.012806,0.012829
0.0214,0,0
0.0218,0,0
0.0222,0,0
0.0226,0,0
0.023,0,0
0.0234,0,0
0.0238,0,0
0.0242,0,0
0.0246,0,0
0.025,0,0
0.0254,0,0
0.0258,0,0
0.0262,0,0
0.0266,0,0
0.027,0,0
0.0274,0,0
0.0278,0,0
0.0282,0,0
0.0286,0,0
0.029,0,0
0.0294,0,0
0.0298,0.00323865,0.00669785
0.0302,0,0
0.0306,0.0271946,0.0192661
0.031,0.0135342,0.0135598
0.0314,0,0
0.0318,0,0
0.0322,0,0
0.0326,0,0
0.033,0,0
0.0334,0,0
0.0338,0,0
0.0342,0,0
0.0346,0,0
0.035,0,0
0.0354,0,0
0.0358,0,0
0.0362,0,0
0.0366,0,0
0.037,0,0
0.0374,0,0
0.0378,0,0
0.0382,0,0
0.0386,0,0
0.039,0.0269297,0.0190779
0.0394,0.0134674,0.0134926
0.0398,0,0
0.0402,0,0
0.0406,0,0
0.041,0,0
0.0414,0,0
0.0418,0,0
0.0422,0,0
0.0426,0,0
0.043,0,0
0.0434,0,0
0.0438,0,0
0.0442,0,0
0.0446,0,0
0.045,0,0
0.0454,0,0
0.0458,0,0
0.0462,0.0133022,0.0133268
0.0466,0,0
0.047,0,0
0.0474,0,0
0.0478,0,0
0.0482,0,0
0.0486,0,0
0.049,0,0
0.0494,0,0
0.0498,0,0
0.0502,0,0
0.0506,0,0
0.051,0,0
0.0514,0,0
0.0518,0,0
0.0522,0,0
0.0526,0,0
0.053,0.0133641,0.0133888
0.0534,0,0
0.0538,0.0132062,0.0132303
0.0542,0,0
0.0546,0,0
0.055,0,0
0.0554,0,0
0.0558,0,0
0.0562,0,0
0.0566,0,0
0.057,0.0133742,0.0133989
0.0574,0,0
0.0578,0,0
0.0582,0,0
0.0586,0,0
0.059,0,0
0.0594,0.012872,0.0128949
0.0598,0,0
0.0602,0,0
0.0606,0.0132429,0.013267
0.061,0,0
0.0614,0.0130695,0.013093
0.0618,0,0
0.0622,0,0
0.0626,0,0
0.063,0,0
0.0634,0,0
0.0638,0,0
0.0642,0,0
0.0646,0,0
0.065,0,0
0.0654,0,0
0.0658,0,0
0.0662,0,0
0.0666,0,0
0.067,0,0
0.0674,0.00971266,0.0112724
0.0678,0,0
0.0682,0,0
0.0686,0,0
0.069,0,0
0.0694,0,0
0.0698,0,0
0.0702,0.0140103,0.0137532
0.0706,0,0
0.071,0.0129242,0.0129471
0.0714,0,0
0.0718,0,0
0.0722,0,0
0.0726,0,0
0.073,0,0
0.0734,0,0
0.0738,0.0139868,0.0140135
0.0742,0,0
0.0746,0.0143169,0.0143448
0.075,0,0
0.0754,0,0
0.0758,0,0
0.0762,0.0095467,0.0110891
0.0766,0,0
0.077,0,0
0.0774,0,0
0.0778,0,0
0.0782,0,0
0.0786,0,0
0.079,0,0
0.0794,0,0
0.0798,0,0
0.0802,0,0
0.0806,0.0124781,0.0124993
0.081,0,0
0.0814,0,0
0.0818,0,0
0.0822,0,0
0.0826,0,0
0.083,0,0
0.0834,0,0
0.0838,0.00133293,0.00432302
0.0842,0,0
0.0846,0.01128,0.0112973
0.085,0.0131049,0.0131282
0.0854,0,0
0.0858,0,0
0.0862,0,0
0.0866,0,0
0.087,0,0
0.0874,0,0
0.0878,0.0133516,0.0133758
0.0882,0,0
0.0886,0,0
0.089,0,0
0.0894,0,0
0.0898,0,0
0.0902,0,0
0.0906,0,0
0.091,0,0
0.0914,0,0
0.0918,0,0
0.0922,0.0128187,0.0128409
0.0926,0,0
0.093,0,0
0.0934,0.0126305,0.0126521
0.0938,0,0
0.0942,0,0
0.0946,0,0
0.095,0,0
0.0954,0,0
0.0958,0.0127647,0.0127867
0.0962,0,0
0.0966,0,0
0.097,0,0
0.0974,0,0
0.0978,0,0
0.0982,0,0
0.0986,0.0137669,0.0137925
0.099,0,0
0.0994,0.0119833,0.0133245
0.0998,0,0
0.1002,0,0
0.1006,0,0
0.101,0,0
0.1014,0,0
0.1018,0,0
0.1022,0,0
0.1026,0,0
0.103,0,0
0.1034,0.0137479,0.0137733
0.1038,0,0
0.1042,0,0
0.1046,0,0
0.105,0,0
0.1054,0,0
0.1058,0,0
0.1062,0,0
0.1066,0,0
0.107,0,0
0.1074,0,0
0.1078,0,0
0.1082,0,0
0.1086,0,0
0.109,0,0
0.1094,0,0
0.1098,0,0
0.1102,0,0
0.1106,0,0
0.111,0,0
0.1114,0,0
0.1118,0,0
0.1122,0.0166698,0.0184672
0.1126,0,0
0.113,0,0
0.1134,0,0
0.1138,0,0
0.1142,0,0
0.1146,0,0
0.115,0,0
0.1154,0,0
0.1158,0,0
0.1162,0,0
0.1166,0.0219892,0.0220537
0.117,0,0
0.1174,0,0
0.1178,0,0
0.1182,0,0
0.1186,0,0
0.119,0,0
0.1194,0.0221626,0.022228
0.1198,0.0221674,0.0222328
2
-0.1198,0.00540514,0.0054145
-0.1194,0.0114529,0.0081133
-0.119,0,0
-0.1186,0,0
-0.1182,0,0
-0.1178,0,0
-0.1174,0,0
-0.117,0,0
-0.1166,0,0
-0.1162,0,0
-0.1158,0,0
-0.1154,0,0
-0.115,0,0
-0.1146,0.00627016,0.00628274
-0.1142,0,0
-0.1138,0,0
-0.1134,0,0
-0.113,0,0
-0.1126,0,0
-0.1122,0,0
-0.1118,0,0
-0.1114,0,0
-0.111,0,0
-0.1106,0,0
-0.1102,0,0
-0.1098,0,0
-0.1094,0,0
-0.109,0,0
-0.1086,0,0
-0.1082,0,0
-0.1078,0,0
-0.1074,0,0
-0.107,0,0
-0.1066,0,0
-0.1062,0,0
-0.1058,0,0
-0.1054,0,0
-0.105,0,0
-0.1046,0,0
-0.1042,0,0
-0.1038,0,0
-0.1034,0,0
-0.103,0,0
-0.1026,0,0
-0.1022,0.00538594,0.00539519
-0.1018,0,0
-0.1014,0,0
-0.101,0,0
-0.1006,0,0
-0.1002,0,0
-0.0998,0,0
-0.0994,0,0
-0.099,0,0
-0.0986,0,0
-0.0982,0,0
-0.0978,0,0
-0.0974,0.00563545,0.00564557
-0.097,0,0
-0.0966,0.0123463,0.00874736
-0.0962,0,0
-0.0958,0,0
-0.0954,0,0
-0.095,0,0
-0.0946,0,0
-0.0942,0.00594315,0.0059544
-0.0938,0,0
-0.0934,0,0
-0.093,0,0
-0.0926,0,0
-0.0922,0,0
-0.0918,0.00581742,0.0058282
-0.0914,0,0
-0.091,0,0
-0.0906,0,0
-0.0902,0,0
-0.0898,0,0
-0.0894,0,0
-0.089,0,0
-0.0886,0,0
-0.0882,0,0
-0.0878,0,0
-0.0874,0,0
-0.087,0,0
-0.0866,0.00538457,0.00539379
-0.0862,0,0
-0.0858,0,0
-0.0854,0,0
-0.085,0,0
-0.0846,0,0
-0.0842,0,0
-0.0838,0,0
-0.0834,0,0
-0.083,0,0
-0.0826,0.00602943,0.00604097
-0.0822,0,0
-0.0818,0,0
-0.0814,0,0
-0.081,0,0
-0.0806,0,0
-0.0802,0.00616178,0.00617384
-0.0798,0,0
-0.0794,0,0
-0.079,0,0
-0.0786,0,0
-0.0782,0,0
-0.0778,0,0
-0.0774,0.0176505,0.0102096
-0.077,0,0
-0.0766,0,0
-0.0762,0,0
-0.0758,0,0
-0.0754,0,0
-0.075,0,0
-0.0746,0,0
-0.0742,0.0064594,0.00647262
-0.0738,0,0
-0.0734,0,0
-0.073,0,0
-0.0726,0,0
-0.0722,0.00631471,0.00632734
-0.0718,0,0
-0.0714,0,0
-0.071,0,0
-0.0706,0,0
-0.0702,0,0
-0.0698,0.00556325,0.00557305
-0.0694,0,0
-0.069,0.00432954,0.00509778
-0.0686,0,0
-0.0682,0,0
-0.0678,0,0
-0.0674,0.00571188,0.00572221
-0.067,0,0
-0.0666,0.00485803,0.00525041
-0.0662,0,0
-0.0658,0,0
-0.0654,0,0
-0.065,0,0
-0.0646,0,0
-0.0642,0,0
-0.0638,0,0
-0.0634,0.000268612,0.00124435
-0.063,0,0
-0.0626,0,0
-0.0622,0,0
-0.0618,0,0
-0.0614,0,0
-0.061,0,0
-0.0606,0,0
-0.0602,0,0
-0.0598,0.00305212,0.00418769
-0.0594,0,0
-0.059,0,0
-0.0586,0,0
-0.0582,0,0
-0.0578,0.00568682,0.00569703
-0.0574,0,0
-0.057,0,0
-0.0566,0,0
-0.0562,0,0
-0.0558,0,0
-0.0554,0,0
-0.055,0,0
-0.0546,0,0
-0.0542,0.00564516,0.00565521
-0.0538,0,0
-0.0534,0,0
-0.053,0,0
-0.0526,0,0
-0.0522,0,0
-0.0518,0.00340461,0.00449969
-0.0514,0.00572945,0.0057398
-0.051,0,0
-0.0506,0,0
-0.0502,0.00577573,0.00578625
-0.0498,0,0
-0.0494,0,0
-0.049,0,0
-0.0486,0,0
-0.0482,0,0
-0.0478,0,0
-0.0474,0,0
-0.047,0,0
-0.0466,0,0
-0.0462,0,0
-0.0458,0.00569427,0.00570448
-0.0454,0,0
-0.045,0,0
-0.0446,0,0
-0.0442,0,0
-0.0438,0,0
-0.0434,0,0
-0.043,0,0
-0.0426,0.0117699,0.00833804
-0.0422,0,0
-0.0418,0,0
-0.0414,0,0
-0.041,0,0
-0.0406,0,0
-0.0402,0,0
-0.0398,0,0
-0.0394,0,0
-0.039,0,0
-0.0386,0,0
-0.0382,0,0
-0.0378,0,0
-0.0374,0,0
-0.037,0,0
-0.0366,0,0
-0.0362,0,0
-0.0358,0,0
-0.0354,0,0
-0.035,0.00583864,0.00584935
-0.0346,0,0
-0.0342,0,0
-0.0338,0,0
-0.0334,0.00572193,0.00573221
-0.033,0,0
-0.0326,0.00423219,0.00488593
-0.0322,0,0
-0.0318,0,0
-0.0314,0,0
-0.031,0.0113015,0.00800559
-0.0306,0,0
-0.0302,0,0
-0.0298,0,0
-0.0294,0,0
-0.029,0,0
-0.0286,0,0
-0.0282,0,0
-0.0278,0,0
-0.0274,0,0
-0.027,0,0
-0.0266,0,0
-0.0262,0,0
-0.0258,0.00578352,0.00579401
-0.0254,0,0
-0.025,0.00486936,0.00547985
-0.0246,0,0
-0.0242,0,0
-0.0238,0,0
-0.0234,0.00610449,0.00611617
-0.023,0,0
-0.0226,0.00615602,0.0061679
-0.0222,0,0
-0.0218,0.00630595,0.00631841
-0.0214,0.00601779,0.00602913
-0.021,0,0
-0.0206,0,0
-0.0202,0,0
-0.0198,0,0
-0.0194,0.00370182,0.00493731
-0.019,0,0
-0.0186,0,0
-0.0182,0.00415041,0.00514031
-0.0178,0,0
-0.0174,0,0
-0.017,0,0
-0.0166,0,0
-0.0162,0,0
-0.0158,0,0
-0.0154,0.00552844,0.005538
-0.015,0.00581861,0.0058292
-0.0146,0,0
-0.0142,0,0
-0.0138,0.00556557,0.00557526
-0.0134,0.00629001,0.00625653
-0.013,0.0064139,0.00642676
-0.0126,0.00590758,0.00591849
-0.0122,0,0
-0.0118,0.00447642,0.00514694
-0.0114,0,0
-0.011,0.00615942,0.00617128
-0.0106,0.00612755,0.00613928
-0.0102,0.00607899,0.00609054
-0.0098,0.00247789,0.00388864
-0.0094,0.00615766,0.00616951
-0.009,0.00552889,0.00553844
-0.0086,0,0
-0.0082,0,0
-0.0078,0.0119692,0.00847937
-0.0074,0.00598763,0.00599882
-0.007,0.00598814,0.00599934
-0.0066,0.0117587,0.00832992
-0.0062,0,0
-0.0058,0.0113346,0.00843928
-0.0054,0.010971,0.00822517
-0.005,0.0438154,0.0165988
-0.0046,0.0125619,0.00890004
-0.0042,0.0260282,0.0119981
-0.0038,0.0279536,0.0125305
-0.0034,0.050962,0.0171311
-0.003,0.0734041,0.0206019
-0.0026,0.113863,0.0261811
-0.0022,0.23501,0.038293
-0.0018,0.463803,0.053612
-0.0014,0.733456,0.0660168
-0.001,1.2094,0.0832991
-0.0006,1.77211,0.103687
-0.0002,1.70223,0.0994686
0.0002,1.94318,0.106974
0.0006,1.43668,0.0918198
0.001,1.11039,0.078336
0.0014,0.533618,0.0540166
0.0018,0.256766,0.0380403
0.0022,0.0881346,0.0226654
0.0026,0.0605624,0.0188292
0.003,0.0252922,0.0126937
0.0034,0,0
0.0038,0.0103093,0.00730151
0.0042,0,0
0.0046,0,0
0.005,0,0
0.0054,0.00607098,0.00608246
0.0058,0,0
0.0062,0.0230048,0.0114229
0.0066,0.00610234,0.00611393
0.007,0,0
0.0074,0.00591966,0.00593057
0.0078,0,0
0.0082,0.0117174,0.00830066
0.0086,0,0
0.009,0,0
0.0094,0,0
0.0098,0.0115234,0.00816291
0.0102,0.00567796,0.00568799
0.0106,0.00576684,0.00577718
0.011,0,0
0.0114,0,0
0.0118,0.00273381,0.00411301
0.0122,0.0113293,0.00802519
0.0126,0.00580555,0.00581603
0.013,0.00570271,0.00571283
0.0134,0,0
0.0138,0.00652093,0.00653415
0.0142,0.00652157,0.00653479
0.0146,0,0
0.015,0.0120614,0.00855286
0.0154,0,0
0.0158,0,0
0.0162,0,0
0.0166,0,0
0.017,0,0
0.0174,0,0
0.0178,0,0
0.0182,0.0121754,0.00862609
0.0186,0.00615425,0.00616601
0.019,0.00578865,0.00579905
0.0194,0,0
0.0198,0.00527677,0.00528541
0.0202,0,0
0.0206,0.00565915,0.00566909
0.021,0,0
0.0214,0,0
0.0218,0.012,0.00850109
0.0222,0,0
0.0226,0,0
0.023,0,0
0.0234,0,0
0.0238,0,0
0.0242,0,0
0.0246,0,0
0.025,0,0
0.0254,0,0
0.0258,0,0
0.0262,0.00536038,0.0053693
0.0266,0,0
0.027,0.0106684,0.00784272
0.0274,0,0
0.0278,0.00530622,0.00531495
0.0282,0,0
0.0286,0.00579667,0.00580709
0.029,0,0
0.0294,0.0021857,0.00353336
0.0298,0.0109704,0.00827278
0.0302,0,0
0.0306,0,0
0.031,0.000815817,0.00223375
0.0314,0,0
0.0318,0.00606422,0.00607561
0.0322,0,0
0.0326,0,0
0.033,0.00550404,0.00551342
0.0334,0,0
0.0338,0,0
0.0342,0,0
0.0346,0,0
0.035,0,0
0.0354,0.00583962,0.00585017
0.0358,0,0
0.0362,0,0
0.0366,0,0
0.037,0,0
0.0374,0,0
0.0378,0.00639158,0.00640421
0.0382,0,0
0.0386,0.0060006,0.00601174
0.039,0,0
0.0394,0,0
0.0398,0.00646537,0.00647829
0.0402,0.00477152,0.00533938
0.0406,0,0
0.041,0,0
0.0414,0.00330122,0.00428722
0.0418,0,0
0.0422,0,0
0.0426,0,0
0.043,0,0
0.0434,0,0
0.0438,0,0
0.0442,0,0
0.0446,0,0
0.045,0,0
0.0454,0,0
0.0458,0.00570031,0.00571035
0.0462,0.0059635,0.00597448
0.0466,0,0
0.047,0.00578921,0.00579956
0.0474,0,0
0.0478,0,0
0.0482,0,0
0.0486,0,0
0.049,0,0
0.0494,0,0
0.0498,0,0
0.0502,0,0
0.0506,0,0
0.051,0,0
0.0514,0,0
0.0518,0.0059284,0.00593923
0.0522,0,0
0.0526,0,0
0.053,0,0
0.0534,0,0
0.0538,0,0
0.0542,0,0
0.0546,0,0
0.055,0,0
0.0554,0,0
0.0558,0,0
0.0562,0,0
0.0566,0,0
0.057,0,0
0.0574,0,0
0.0578,0.00596236,0.0059733
0.0582,0,0
0.0586,0,0
0.059,0,0
0.0594,0,0
0.0598,0,0
0.0602,0,0
0.0606,0,0
0.061,0,0
0.0614,0,0
0.0618,0,0
0.0622,0,0
0.0626,0,0
0.063,0,0
0.0634,0,0
0.0638,0,0
0.0642,0,0
0.0646,0,0
0.065,0,0
0.0654,0.00575374,0.00576391
0.0658,0,0
0.0662,0,0
0.0666,0,0
0.067,0,0
0.0674,0,0
0.0678,0,0
0.0682,0,0
0.0686,0,0
0.069,0,0
0.0694,0,0
0.0698,0,0
0.0702,0.00574066,0.00587461
0.0706,0.0175765,0.0101661
0.071,0,0
0.0714,0,0
0.0718,0.00628015,0.00629225
0.0722,0,0
0.0726,0,0
0.073,0,0
0.0734,0,0
0.0738,0.00622176,0.00623363
0.0742,0,0
0.0746,0.00636718,0.00637961
0.075,0,0
0.0754,0.00604177,0.00605295
0.0758,0,0
0.0762,0,0
0.0766,0,0
0.077,0,0
0.0774,0,0
0.0778,0.00584527,0.00585573
0.0782,0,0
0.0786,0,0
0.079,0,0
0.0794,0,0
0.0798,0,0
0.0802,0,0
0.0806,0.000864725,0.00219245
0.081,0,0
0.0814,0.00612138,0.00613285
0.0818,0.0111636,0.00790734
0.0822,0.0058352,0.00584562
0.0826,0,0
0.083,0,0
0.0834,0,0
0.0838,0.0117999,0.00856652
0.0842,0,0
0.0846,0.00616196,0.00617357
0.085,0,0
0.0854,0,0
0.0858,0,0
0.0862,0,0
0.0866,0,0
0.087,0,0
0.0874,0,0
0.0878,0.00591536,0.00592605
0.0882,0,0
0.0886,0,0
0.089,0,0
0.0894,0,0
0.0898,0,0
0.0902,0,0
0.0906,0,0
0.091,0,0
0.0914,0.0066172,0.00663057
0.0918,0,0
0.0922,0,0
0.0926,0,0
0.093,0,0
0.0934,0,0
0.0938,0,0
0.0942,0,0
0.0946,0.00615819,0.00616976
0.095,0,0
0.0954,0,0
0.0958,0,0
0.0962,0.00565208,0.00566182
0.0966,0,0
0.097,0,0
0.0974,0,0
0.0978,0,0
0.0982,0.00586276,0.00587324
0.0986,0,0
0.099,0,0
0.0994,0,0
0.0998,0,0
0.1002,0,0
0.1006,0,0
0.101,0,0
0.1014,0,0
0.1018,0,0
0.1022,0,0
0.1026,0.003713,0.00495881
0.103,0,0
0.1034,0,0
0.1038,0,0
0.1042,0,0
0.1046,0,0
0.105,0,0
0.1054,0,0
0.1058,0,0
0.1062,0,0
0.1066,0,0
0.107,0,0
0.1074,0,0
0.1078,0,0
0.1082,0,0
0.1086,0,0
0.109,0.0156829,0.011116
0.1094,0,0
0.1098,0,0
0.1102,0,0
0.1106,0,0
0.111,0,0
0.1114,0,0
0.1118,0,0
0.1122,0.00161835,0.00381695
0.1126,0,0
0.113,0,0
0.1134,0.00879442,0.00881788
0.1138,0.00879515,0.00881861
0.1142,0,0
0.1146,0,0
0.115,0,0
0.1154,0,0
0.1158,0,0
0.1162,0,0
0.1166,0,0
0.117,0,0
0.1174,0,0
0.1178,0,0
0.1182,0,0
0.1186,0,0
0.119,0,0
0.1194,0,0
0.1198,0.00973332,0.009762
3
-0.1198,0.00563223,0.00564198
-0.1194,0,0
-0.119,0,0
-0.1186,0,0
-0.1182,0,0
-0.1178,0,0
-0.1174,0,0
-0.117,0,0
-0.1166,0,0
-0.1162,0,0
-0.1158,0.00698014,0.00699509
-0.1154,0,0
-0.115,0,0
-0.1146,0,0
-0.1142,0,0
-0.1138,0,0
-0.1134,0,0
-0.113,0,0
-0.1126,0,0
-0.1122,0,0
-0.1118,0,0
-0.1114,0,0
-0.111,0.00647015,0.00648297
-0.1106,0,0
-0.1102,0,0
-0.1098,0,0
-0.1094,0,0
-0.109,0,0
-0.1086,0,0
-0.1082,0,0
-0.1078,0,0
-0.1074,0,0
-0.107,0,0
-0.1066,0,0
-0.1062,0,0
-0.1058,0,0
-0.1054,0,0
-0.105,0,0
-0.1046,0,0
-0.1042,0,0
-0.1038,0,0
-0.1034,0,0
-0.103,0,0
-0.1026,0,0
-0.1022,0.00562691,0.00563658
-0.1018,0,0
-0.1014,0,0
-0.101,0,0
-0.1006,0,0
-0.1002,0,0
-0.0998,0,0
-0.0994,0,0
-0.099,0,0
-0.0986,0,0
-0.0982,0.00247594,0.00394089
-0.0978,0,0
-0.0974,0,0
-0.097,0,0
-0.0966,0,0
-0.0962,0,0
-0.0958,0,0
-0.0954,0,0
-0.095,0,0
-0.0946,0,0
-0.0942,0,0
-0.0938,0,0
-0.0934,0,0
-0.093,0,0
-0.0926,0,0
-0.0922,0,0
-0.0918,0,0
-0.0914,0,0
-0.091,0,0
-0.0906,0.00684757,0.00686182
-0.0902,0.00560699,0.00561655
-0.0898,0,0
-0.0894,0.00576749,0.0057776
-0.089,0,0
-0.0886,0,0
-0.0882,0,0
-0.0878,0,0
-0.0874,0,0
-0.087,0,0
-0.0866,0,0
-0.0862,0.00401072,0.00499491
-0.0858,0,0
-0.0854,0,0
-0.085,0,0
-0.0846,0,0
-0.0842,0,0
-0.0838,0,0
-0.0834,0,0
-0.083,0,0
-0.0826,0.00632472,0.00633684
-0.0822,0,0
-0.0818,0,0
-0.0814,0,0
-0.081,0,0
-0.0806,0,0
-0.0802,0,0
-0.0798,0,0
-0.0794,0,0
-0.079,0,0
-0.0786,0,0
-0.0782,0,0
-0.0778,0,0
-0.0774,0,0
-0.077,0,0
-0.0766,0,0
-0.0762,0,0
-0.0758,0,0
-0.0754,0,0
-0.075,0,0
-0.0746,0,0
-0.0742,0,0
-0.0738,0,0
-0.0734,0,0
-0.073,0,0
-0.0726,0,0
-0.0722,0,0
-0.0718,0,0
-0.0714,0,0
-0.071,0,0
-0.0706,0,0
-0.0702,0,0
-0.0698,0,0
-0.0694,0,0
-0.069,0.00173704,0.00331292
-0.0686,0.00564389,0.00565347
-0.0682,0,0
-0.0678,0,0
-0.0674,0,0
-0.067,0.00620641,0.00621798
-0.0666,0,0
-0.0662,0,0
-0.0658,0,0
-0.0654,0,0
-0.065,0,0
-0.0646,0,0
-0.0642,0,0
-0.0638,0,0
-0.0634,0.00577219,0.00592284
-0.063,0,0
-0.0626,0,0
-0.0622,0,0
-0.0618,0,0
-0.0614,0,0
-0.061,0,0
-0.0606,0,0
-0.0602,0.00618969,0.00620116
-0.0598,0.00619085,0.00620233
-0.0594,0,0
-0.059,0,0
-0.0586,0.0125899,0.00892
-0.0582,0,0
-0.0578,0.012008,0.00850622
-0.0574,0.00627116,0.00628292
-0.057,0.00614328,0.00615457
-0.0566,0,0
-0.0562,0,0
-0.0558,0.00196667,0.00343829
-0.0554,0,0
-0.055,0.0113,0.00827285
-0.0546,0,0
-0.0542,0,0
-0.0538,0,0
-0.0534,0,0
-0.053,0.00602675,0.00603759
-0.0526,0,0
-0.0522,0,0
-0.0518,0,0
-0.0514,0,0
-0.051,0,0
-0.0506,0,0
-0.0502,0,0
-0.0498,0,0
-0.0494,0,0
-0.049,0.00470961,0.00558061
-0.0486,0,0
-0.0482,0,0
-0.0478,0,0
-0.0474,0,0
-0.047,0,0
-0.0466,0,0
-0.0462,0,0
-0.0458,0,0
-0.0454,0,0
-0.045,0,0
-0.0446,0,0
-0.0442,0,0
-0.0438,0,0
-0.0434,0.0115888,0.00820864
-0.043,0,0
-0.0426,0.0108603,0.00830335
-0.0422,0,0
-0.0418,0,0
-0.0414,0.00636508,0.00637711
-0.041,0,0
-0.0406,0,0
-0.0402,0.00426353,0.00535146
-0.0398,0,0
-0.0394,0,0
-0.039,0,0
-0.0386,0,0
-0.0382,0,0
-0.0378,0,0
-0.0374,0.0132256,0.00937025
-0.037,0,0
-0.0366,0,0
-0.0362,0,0
-0.0358,0.00654621,0.0065589
-0.0354,0,0
-0.035,0,0
-0.0346,0,0
-0.0342,0.0102965,0.00789779
-0.0338,0,0
-0.0334,0,0
-0.033,0,0
-0.0326,0,0
-0.0322,0.00626071,0.0062723
-0.0318,0,0
-0.0314,0,0
-0.031,0,0
-0.0306,0.00600498,0.00601564
-0.0302,0,0
-0.0298,0,0
-0.0294,0,0
-0.029,0.00623993,0.00625142
-0.0286,0,0
-0.0282,0,0
-0.0278,0,0
-0.0274,0,0
-0.027,0,0
-0.0266,0,0
-0.0262,0,0
-0.0258,0,0
-0.0254,0.00547605,0.00548489
-0.025,0.00789144,0.00719571
-0.0246,0.00594949,0.00595992
-0.0242,0,0
-0.0238,0,0
-0.0234,0,0
-0.023,0,0
-0.0226,0,0
-0.0222,0,0
-0.0218,0,0
-0.0214,0.00640804,0.00642012
-0.021,0.00579367,0.00580355
-0.0206,0,0
-0.0202,0,0
-0.0198,0,0
-0.0194,0.00304302,0.0046204
-0.019,0,0
-0.0186,0,0
-0.0182,0,0
-0.0178,0,0
-0.0174,0,0
-0.017,0.00590876,0.00591901
-0.0166,0.00638023,0.00639218
-0.0162,0,0
-0.0158,0,0
-0.0154,0.00589521,0.00590541
-0.015,0,0
-0.0146,0.00373502,0.00492799
-0.0142,0.00202274,0.00352973
-0.0138,0,0
-0.0134,0,0
-0.013,0,0
-0.0126,0,0
-0.0122,0,0
-0.0118,0,0
-0.0114,0,0
-0.011,0.00392026,0.00508629
-0.0106,0.00654005,0.00655257
-0.0102,0,0
-0.0098,0.0103348,0.0082054
-0.0094,0,0
-0.009,0,0
-0.0086,0,0
-0.0082,0,0
-0.0078,0,0
-0.0074,0,0
-0.007,0,0
-0.0066,0,0
-0.0062,0.023639,0.0121976
-0.0058,0,0
-0.0054,0.0128274,0.00908738
-0.005,0,0
-0.0046,0,0
-0.0042,0.00759787,0.00673549
-0.0038,0.0116169,0.00822838
-0.0034,0.0555419,0.0184296
-0.003,0.0453336,0.0168343
-0.0026,0.104536,0.0258006
-0.0022,0.133074,0.0297328
-0.0018,0.208647,0.0371145
-0.0014,0.497669,0.0561775
-0.001,0.582777,0.0597626
-0.0006,1.22563,0.0892075
-0.0002,1.20907,0.0866828
0.0002,1.02359,0.0802902
0.0006,1.06641,0.0817321
0.001,0.551049,0.0569797
0.0014,0.289692,0.0411994
0.0018,0.145269,0.0295303
0.0022,0.0783557,0.0222929
0.0026,0.0250316,0.0124498
0.003,0.0210029,0.0121508
0.0034,0.012429,0.00880453
0.0038,0,0
0.0042,0.0124262,0.00880279
0.0046,0,0
0.005,0.0060825,0.00609326
0.0054,0.00650128,0.00651357
0.0058,0.00643311,0.00644514
0.0062,0.0060738,0.00608453
0.0066,0,0
0.007,0.00656627,0.0065788
0.0074,0,0
0.0078,0,0
0.0082,0,0
0.0086,0,0
0.009,0.0189303,0.0109508
0.0094,0.00636328,0.00637504
0.0098,0,0
0.0102,0,0
0.0106,0,0
0.011,0,0
0.0114,0,0
0.0118,0.0102896,0.00826329
0.0122,0,0
0.0126,0,0
0.013,0,0
0.0134,0.0188042,0.0108766
0.0138,0,0
0.0142,0.00699719,0.00701137
0.0146,0.00603911,0.00604967
0.015,0.0129435,0.00917833
0.0154,0,0
0.0158,0,0
0.0162,0,0
0.0166,0.00568987,0.00569924
0.017,0,0
0.0174,0,0
0.0178,0,0
0.0182,0,0
0.0186,0,0
0.019,0,0
0.0194,0.0014008,0.00291119
0.0198,0,0
0.0202,0,0
0.0206,0,0
0.021,0,0
0.0214,0,0
0.0218,0.00644572,0.00645772
0.0222,0,0
0.0226,0,0
0.023,0,0
0.0234,0.0131037,0.00928326
0.0238,0.00655264,0.00656503
0.0242,0,0
0.0246,0.0137053,0.00971031
0.025,0.00638164,0.00639339
0.0254,0,0
0.0258,0.00645912,0.00647116
0.0262,0,0
0.0266,0,0
0.027,0.000873251,0.00231478
0.0274,0,0
0.0278,0,0
0.0282,0,0
0.0286,0,0
0.029,0,0
0.0294,0.00989424,0.00779701
0.0298,0.00665449,0.00666724
0.0302,0.00621171,0.00622282
0.0306,0,0
0.031,0.00567838,0.00611304
0.0314,0,0
0.0318,0.00641158,0.00642341
0.0322,0,0
0.0326,0.0063218,0.0063333
0.033,0,0
0.0334,0,0
0.0338,0,0
0.0342,0,0
0.0346,0,0
0.035,0,0
0.0354,0,0
0.0358,0.00670793,0.00672086
0.0362,0.00640708,0.00641888
0.0366,0,0
0.037,0,0
0.0374,0,0
0.0378,0,0
0.0382,0,0
0.0386,0.00615006,0.00616092
0.039,0,0
0.0394,0,0
0.0398,0,0
0.0402,0.00768726,0.00703492
0.0406,0,0
0.041,0,0
0.0414,0.002422,0.00381212
0.0418,0,0
0.0422,0,0
0.0426,0,0
0.043,0,0
0.0434,0,0
0.0438,0.00609206,0.00610269
0.0442,0,0
0.0446,0,0
0.045,0,0
0.0454,0,0
0.0458,0,0
0.0462,0,0
0.0466,0,0
0.047,0,0
0.0474,0,0
0.0478,0,0
0.0482,0.00614885,0.00615967
0.0486,0,0
0.049,0,0
0.0494,0,0
0.0498,0,0
0.0502,0,0
0.0506,0,0
0.051,0,0
0.0514,0,0
0.0518,0,0
0.0522,0,0
0.0526,0,0
0.053,0,0
0.0534,0,0
0.0538,0,0
0.0542,0,0
0.0546,0.00650237,0.00651444
0.055,0,0
0.0554,0,0
0.0558,0,0
0.0562,0,0
0.0566,0,0
0.057,0,0
0.0574,0,0
0.0578,0,0
0.0582,0,0
0.0586,0,0
0.059,0,0
0.0594,0,0
0.0598,0,0
0.0602,0,0
0.0606,0,0
0.061,0,0
0.0614,0,0
0.0618,0.00599863,0.00600888
0.0622,0,0
0.0626,0,0
0.063,0.00182451,0.0034227
0.0634,0,0
0.0638,0,0
0.0642,0,0
0.0646,0,0
0.065,0,0
0.0654,0,0
0.0658,0,0
0.0662,0,0
0.0666,0,0
0.067,0,0
0.0674,0,0
0.0678,0,0
0.0682,0,0
0.0686,0,0
0.069,0,0
0.0694,0,0
0.0698,0.0017194,0.00329554
0.0702,0,0
0.0706,0,0
0.071,0,0
0.0714,0,0
0.0718,0,0
0.0722,0,0
0.0726,0.00613875,0.00614945
0.073,0,0
0.0734,0,0
0.0738,0,0
0.0742,0,0
0.0746,0,0
0.075,0.00622362,0.00623461
0.0754,0.00652998,0.00654207
0.0758,0,0
0.0762,0,0
0.0766,0,0
0.077,0,0
0.0774,0,0
0.0778,0,0
0.0782,0,0
0.0786,0,0
0.079,0.0130513,0.00925438
0.0794,0,0
0.0798,0,0
0.0802,0.0063544,0.00636584
0.0806,0.00505478,0.00551175
0.081,0,0
0.0814,0,0
0.0818,0,0
0.0822,0,0
0.0826,0,0
0.083,0,0
0.0834,0,0
0.0838,0,0
0.0842,0.00632698,0.0063383
0.0846,0,0
0.085,0,0
0.0854,0.00623825,0.00624926
0.0858,0,0
0.0862,0,0
0.0866,0,0
0.087,0.00632358,0.00633488
0.0874,0,0
0.0878,0,0
0.0882,0.00651194,0.00652392
0.0886,0,0
0.089,0,0
0.0894,0.00590251,0.00591235
0.0898,0,0
0.0902,0.0056228,0.00563173
0.0906,0,0
0.091,0,0
0.0914,0,0
0.0918,0,0
0.0922,0,0
0.0926,0,0
0.093,0,0
0.0934,0,0
0.0938,0,0
0.0942,0.00633732,0.00634865
0.0946,0,0
0.095,0,0
0.0954,0,0
0.0958,0,0
0.0962,0,0
0.0966,0,0
0.097,0,0
0.0974,0,0
0.0978,0,0
0.0982,0.00650137,0.00651329
0.0986,0,0
0.099,0,0
0.0994,0.00704706,0.00706105
0.0998,0,0
0.1002,0,0
0.1006,0,0
0.101,0,0
0.1014,0,0
0.1018,0,0
0.1022,0,0
0.1026,0.00311775,0.00472525
0.103,0,0
0.1034,0,0
0.1038,0,0
0.1042,0.000848643,0.00254035
0.1046,0,0
0.105,0,0
0.1054,0,0
0.1058,0,0
0.1062,0,0
0.1066,0,0
0.107,0,0
0.1074,0,0
0.1078,0,0
0.1082,0,0
0.1086,0,0
0.109,0.00847602,0.00849622
0.1094,0,0
0.1098,0.0083111,0.00833051
0.1102,0,0
0.1106,0,0
0.111,0,0
0.1114,0,0
0.1118,0,0
0.1122,0,0
0.1126,0,0
0.113,0,0
0.1134,0,0
0.1138,0,0
0.1142,0,0
0.1146,0,0
0.115,0,0
0.1154,0,0
0.1158,0,0
0.1162,0,0
0.1166,0,0
0.117,0,0
0.1174,0,0
0.1178,0,0
0.1182,0,0
0.1186,0,0
0.119,0,0
0.1194,0,0
0.1198,0,0
4
-0.1198,0,0
-0.1194,0,0
-0.119,0,0
-0.1186,0,0
-0.1182,0,0
-0.1178,0,0
-0.1174,0,0
-0.117,0,0
-0.1166,0,0
-0.1162,0,0
-0.1158,0,0
-0.1154,4.38787e-05,0.000543688
-0.115,0.00655997,0.00657313
-0.1146,0,0
-0.1142,0,0
-0.1138,0,0
-0.1134,0,0
-0.113,0,0
-0.1126,0,0
-0.1122,0.0119044,0.00843726
-0.1118,0,0
-0.1114,0,0
-0.111,0,0
-0.1106,0,0
-0.1102,0,0
-0.1098,0,0
-0.1094,0,0
-0.109,0,0
-0.1086,0,0
-0.1082,0,0
-0.1078,0,0
-0.1074,0,0
-0.107,0,0
-0.1066,0,0
-0.1062,0,0
-0.1058,0,0
-0.1054,0,0
-0.105,0,0
-0.1046,0,0
-0.1042,0,0
-0.1038,0,0
-0.1034,0,0
-0.103,0,0
-0.1026,0,0
-0.1022,0,0
-0.1018,0.00640081,0.00641325
-0.1014,0,0
-0.101,0,0
-0.1006,0,0
-0.1002,0,0
-0.0998,0,0
-0.0994,0,0
-0.099,0.0123606,0.00875668
-0.0986,0.00624499,0.00625682
-0.0982,0.00379419,0.00489224
-0.0978,0,0
-0.0974,0,0
-0.097,0.00589876,0.00599832
-0.0966,0,0
-0.0962,0,0
-0.0958,0,0
-0.0954,0,0
-0.095,0,0
-0.0946,0,0
-0.0942,0,0
-0.0938,0,0
-0.0934,0,0
-0.093,0,0
-0.0926,0,0
-0.0922,0.00589175,0.00590225
-0.0918,0,0
-0.0914,0,0
-0.091,0,0
-0.0906,0,0
-0.0902,0,0
-0.0898,0,0
-0.0894,0,0
-0.089,0,0
-0.0886,0,0
-0.0882,0,0
-0.0878,0,0
-0.0874,0,0
-0.087,0,0
-0.0866,0.00563243,0.005642
-0.0862,0.00219962,0.00371007
-0.0858,0,0
-0.0854,0,0
-0.085,0.00624423,0.00625598
-0.0846,0,0
-0.0842,0,0
-0.0838,0,0
-0.0834,0,0
-0.083,0,0
-0.0826,0,0
-0.0822,0,0
-0.0818,0,0
-0.0814,0,0
-0.081,0,0
-0.0806,0,0
-0.0802,0,0
-0.0798,0,0
-0.0794,0.00669519,0.00670867
-0.079,0.00647901,0.00649163
-0.0786,0,0
-0.0782,0,0
-0.0778,0,0
-0.0774,0.00642085,0.00643324
-0.077,0,0
-0.0766,0.00633102,0.00634306
-0.0762,0,0
-0.0758,0,0
-0.0754,0,0
-0.075,0,0
-0.0746,0,0
-0.0742,0,0
-0.0738,0,0
-0.0734,0,0
-0.073,0,0
-0.0726,0,0
-0.0722,0,0
-0.0718,0,0
-0.0714,0,0
-0.071,0,0
-0.0706,0,0
-0.0702,0.00212775,0.00357229
-0.0698,0,0
-0.0694,0,0
-0.069,0,0
-0.0686,0,0
-0.0682,0.00616416,0.00617555
-0.0678,0,0
-0.0674,0,0
-0.067,0,0
-0.0666,0,0
-0.0662,0,0
-0.0658,0,0
-0.0654,0,0
-0.065,0,0
-0.0646,0,0
-0.0642,0,0
-0.0638,0,0
-0.0634,0,0
-0.063,0,0
-0.0626,0,0
-0.0622,0,0
-0.0618,0,0
-0.0614,0,0
-0.061,0,0
-0.0606,0,0
-0.0602,0,0
-0.0598,0,0
-0.0594,0,0
-0.059,0.00623931,0.00625095
-0.0586,0,0
-0.0582,0,0
-0.0578,0.0012414,0.00273746
-0.0574,0,0
-0.057,0,0
-0.0566,0,0
-0.0562,0,0
-0.0558,0.00402861,0.00492447
-0.0554,0,0
-0.055,0.000741127,0.00208935
-0.0546,0,0
-0.0542,0.00597196,0.0059826
-0.0538,0,0
-0.0534,0.00110181,0.00267866
-0.053,0.00615921,0.00617052
-0.0526,0.0116223,0.00824733
-0.0522,0,0
-0.0518,0,0
-0.0514,0,0
-0.051,0,0
-0.0506,0.00613712,0.00614834
-0.0502,0.00611072,0.00612185
-0.0498,0,0
-0.0494,0,0
-0.049,0.00187689,0.00352266
-0.0486,0,0
-0.0482,0,0
-0.0478,0,0
-0.0474,0.00601451,0.00602529
-0.047,0,0
-0.0466,0,0
-0.0462,0,0
-0.0458,0,0
-0.0454,0,0
-0.045,0.0005727,0.00195518
-0.0446,0,0
-0.0442,0,0
-0.0438,0.00599276,0.00600345
-0.0434,0,0
-0.043,0,0
-0.0426,0.00175975,0.00331621
-0.0422,0,0
-0.0418,0.000415811,0.00153703
-0.0414,0,0
-0.041,0,0
-0.0406,0.00602883,0.00603964
-0.0402,0.00909661,0.0078079
-0.0398,0,0
-0.0394,0.00639861,0.00641078
-0.039,0,0
-0.0386,0,0
-0.0382,0,0
-0.0378,0,0
-0.0374,0,0
-0.037,0,0
-0.0366,0.0163176,0.00943623
-0.0362,0,0
-0.0358,0,0
-0.0354,0,0
-0.035,0,0
-0.0346,0,0
-0.0342,0.00178557,0.00329839
-0.0338,0,0
-0.0334,0,0
-0.033,0,0
-0.0326,0,0
-0.0322,0,0
-0.0318,0,0
-0.0314,0,0
-0.031,0,0
-0.0306,0,0
-0.0302,0,0
-0.0298,0,0
-0.0294,0,0
-0.029,0,0
-0.0286,0,0
-0.0282,0,0
-0.0278,0,0
-0.0274,0,0
-0.027,0,0
-0.0266,0,0
-0.0262,0,0
-0.0258,0,0
-0.0254,0.00611358,0.00612467
-0.025,0,0
-0.0246,0,0
-0.0242,0,0
-0.0238,0,0
-0.0234,0,0
-0.023,0.00627105,0.00628271
-0.0226,0,0
-0.0222,0,0
-0.0218,0.0133242,0.00944023
-0.0214,0,0
-0.021,0,0
-0.0206,0,0
-0.0202,0,0
-0.0198,0,0
-0.0194,0.00145816,0.00310904
-0.019,0,0
-0.0186,0,0
-0.0182,0,0
-0.0178,0,0
-0.0174,0,0
-0.017,0,0
-0.0166,0.0188557,0.0109067
-0.0162,0.00582017,0.00583022
-0.0158,0,0
-0.0154,0,0
-0.015,0,0
-0.0146,0.0151132,0.00972711
-0.0142,0.00407046,0.00498023
-0.0138,0.00587205,0.00588228
-0.0134,0.0130802,0.00926707
-0.013,0.00676571,0.00677928
-0.0126,0.0191592,0.0110842
-0.0122,0.00614177,0.00615295
-0.0118,0,0
-0.0114,0,0
-0.011,0.00262142,0.00413396
-0.0106,0,0
-0.0102,0.00640511,0.00641728
-0.0098,0,0
-0.0094,0,0
-0.009,0.00617533,0.00618663
-0.0086,0.00588654,0.00589681
-0.0082,0.00588147,0.00589173
-0.0078,0,0
-0.0074,0.00630642,0.00631822
-0.007,0,0
-0.0066,0.00619091,0.00620228
-0.0062,0.0074835,0.00677786
-0.0058,0,0
-0.0054,0.0126306,0.0089497
-0.005,0.0066955,0.0067088
-0.0046,0.000836209,0.00235549
-0.0042,0.00585787,0.00586805
-0.0038,0.00571693,0.00572663
-0.0034,0.029877,0.0134041
-0.003,0.0611162,0.0193908
-0.0026,0.0811438,0.0225476
-0.0022,0.172218,0.0336719
-0.0018,0.279332,0.042545
-0.0014,0.388464,0.0490986
-0.001,0.619201,0.061116
-0.0006,0.95824,0.0781438
-0.0002,0.924149,0.0751071
0.0002,1.13411,0.083773
0.0006,0.777976,0.0692873
0.001,0.464506,0.0517003
0.0014,0.317523,0.0426878
0.0018,0.196504,0.0340036
0.0022,0.0902055,0.0235704
0.0026,0.0241917,0.0121223
0.003,0.0109256,0.0084599
0.0034,0.0115011,0.00816087
0.0038,0.00779763,0.00650464
0.0042,0.0121765,0.00862593
0.0046,0.00589043,0.00590073
0.005,0,0
0.0054,0,0
0.0058,0.00629864,0.00631042
0.0062,0,0
0.0066,0,0
0.007,0,0
0.0074,0,0
0.0078,0,0
0.0082,0.0122778,0.00869764
0.0086,0.006161,0.00617228
0.009,0,0
0.0094,0,0
0.0098,0,0
0.0102,0.0140114,0.00992823
0.0106,0,0
0.011,0,0
0.0114,0,0
0.0118,0,0
0.0122,0,0
0.0126,0,0
0.013,0,0
0.0134,0,0
0.0138,0.00650321,0.00651578
0.0142,0.00316329,0.00465437
0.0146,0,0
0.015,0,0
0.0154,0,0
0.0158,0,0
0.0162,0.00609905,0.00611011
0.0166,0.00553933,0.00554846
0.017,0,0
0.0174,0,0
0.0178,0,0
0.0182,0,0
0.0186,0,0
0.019,0,0
0.0194,0.0103487,0.00780189
0.0198,0,0
0.0202,0.00659451,0.00660744
0.0206,0,0
0.021,0.0123276,0.00873292
0.0214,0,0
0.0218,0,0
0.0222,0,0
0.0226,0.00632551,0.00633741
0.023,0,0
0.0234,0,0
0.0238,0,0
0.0242,0,0
0.0246,0,0
0.025,0.00618742,0.00619881
0.0254,0.0065766,0.00658947
0.0258,0,0
0.0262,0,0
0.0266,0.00621535,0.00622685
0.027,0.00592284,0.00593328
0.0274,0,0
0.0278,0,0
0.0282,0,0
0.0286,0.00608004,0.00609104
0.029,0,0
0.0294,0,0
0.0298,0,0
0.0302,0,0
0.0306,0,0
0.031,0,0
0.0314,0,0
0.0318,0,0
0.0322,0,0
0.0326,0,0
0.033,0,0
0.0334,0.00650038,0.00651296
0.0338,0,0
0.0342,0,0
0.0346,0,0
0.035,0,0
0.0354,0,0
0.0358,0,0
0.0362,0,0
0.0366,0,0
0.037,0,0
0.0374,0,0
0.0378,0,0
0.0382,0,0
0.0386,0,0
0.039,0,0
0.0394,0,0
0.0398,0,0
0.0402,0.00617612,0.00618749
0.0406,0.00597633,0.00598698
0.041,0,0
0.0414,0.00575449,0.00576436
0.0418,0,0
0.0422,0,0
0.0426,0,0
0.043,0,0
0.0434,0,0
0.0438,0,0
0.0442,0.00583154,0.00584168
0.0446,0,0
0.045,0,0
0.0454,0,0
0.0458,0,0
0.0462,0.00617536,0.00618673
0.0466,0,0
0.047,0,0
0.0474,0,0
0.0478,0,0
0.0482,0,0
0.0486,0,0
0.049,0.00625378,0.00626544
0.0494,0,0
0.0498,0,0
0.0502,0,0
0.0506,0,0
0.051,0,0
0.0514,0,0
0.0518,0,0
0.0522,0,0
0.0526,0,0
0.053,0.00569569,0.00570537
0.0534,0,0
0.0538,0,0
0.0542,0,0
0.0546,0,0
0.055,0.0124741,0.0088502
0.0554,0,0
0.0558,0,0
0.0562,0,0
0.0566,0,0
0.057,0,0
0.0574,0,0
0.0578,0,0
0.0582,0.006265,0.00627671
0.0586,0,0
0.059,0,0
0.0594,0,0
0.0598,0,0
0.0602,0,0
0.0606,0,0
0.061,0,0
0.0614,0,0
0.0618,0,0
0.0622,0,0
0.0626,0,0
0.063,0.00436303,0.00516991
0.0634,0,0
0.0638,0,0
0.0642,0,0
0.0646,0,0
0.065,0,0
0.0654,0,0
0.0658,0,0
0.0662,0,0
0.0666,0.00597744,0.00598811
0.067,0,0
0.0674,0,0
0.0678,0.00605171,0.00606264
0.0682,0,0
0.0686,0,0
0.069,0,0
0.0694,0,0
0.0698,0.00435492,0.00511732
0.0702,0,0
0.0706,0.00602446,0.00603529
0.071,0.00591588,0.00592633
0.0714,0,0
0.0718,0,0
0.0722,0,0
0.0726,0,0
0.073,0,0
0.0734,0,0
0.0738,0,0
0.0742,0,0
0.0746,0,0
0.075,0,0
0.0754,0,0
0.0758,0,0
0.0762,0,0
0.0766,0,0
0.077,0,0
0.0774,0,0
0.0778,0.00599914,0.00600988
0.0782,0,0
0.0786,0,0
0.079,0,0
0.0794,0,0
0.0798,0,0
0.0802,0,0
0.0806,0,0
0.081,0,0
0.0814,0,0
0.0818,0,0
0.0822,0,0
0.0826,0.00598199,0.00599267
0.083,0,0
0.0834,0,0
0.0838,0,0
0.0842,0,0
0.0846,0,0
0.085,0,0
0.0854,0,0
0.0858,0,0
0.0862,0,0
0.0866,0,0
0.087,0.005972,0.00598264
0.0874,0,0
0.0878,0,0
0.0882,0,0
0.0886,0,0
0.089,0,0
0.0894,0,0
0.0898,0,0
0.0902,0,0
0.0906,0,0
0.091,0,0
0.0914,0,0
0.0918,0,0
0.0922,0,0
0.0926,0,0
0.093,0,0
0.0934,0,0
0.0938,0,0
0.0942,0,0
0.0946,0,0
0.095,0,0
0.0954,0,0
0.0958,0,0
0.0962,0,0
0.0966,0.0124441,0.00881569
0.097,0,0
0.0974,0,0
0.0978,0,0
0.0982,0,0
0.0986,0,0
0.099,0,0
0.0994,0,0
0.0998,0,0
0.1002,0,0
0.1006,0,0
0.101,0,0
0.1014,0,0
0.1018,0,0
0.1022,0,0
0.1026,0.00673569,0.00674921
0.103,0,0
0.1034,0,0
0.1038,0,0
0.1042,0.00634805,0.00675113
0.1046,0.00739256,0.00740885
0.105,0,0
0.1054,0.00754761,0.00756458
0.1058,0,0
0.1062,0.00786772,0.00788617
0.1066,0,0
0.107,0,0
0.1074,0,0
0.1078,0,0
0.1082,0,0
0.1086,0,0
0.109,0,0
0.1094,0,0
0.1098,0,0
0.1102,0,0
0.1106,0,0
0.111,0,0
0.1114,0,0
0.1118,0,0
0.1122,0,0
0.1126,0,0
0.113,0,0
0.1134,0,0
0.1138,0,0
0.1142,0,0
0.1146,0,0
0.115,0,0
0.1154,0,0
0.1158,0,0
0.1162,0,0
0.1166,0.00981989,0.00984856
0.117,0,0
0.1174,0,0
0.1178,0,0
0.1182,0,0
0.1186,0,0
0.119,0,0
0.1194,0,0
0.1198,0,0
5
-0.1198,0,0
-0.1194,0.00603368,0.00604475
-0.119,0,0
-0.1186,0,0
-0.1182,0,0
-0.1178,0,0
-0.1174,0,0
-0.117,0,0
-0.1166,0,0
-0.1162,0,0
-0.1158,0,0
-0.1154,0.00672171,0.00675763
-0.115,0,0
-0.1146,0,0
-0.1142,0.00630724,0.0063193
-0.1138,0,0
-0.1134,0.00607454,0.00608572
-0.113,0,0
-0.1126,0,0
-0.1122,0,0
-0.1118,0,0
-0.1114,0,0
-0.111,0,0
-0.1106,0,0
-0.1102,0,0
-0.1098,0,0
-0.1094,0,0
-0.109,0,0
-0.1086,0,0
-0.1082,0,0
-0.1078,0,0
-0.1074,0.00631028,0.00632229
-0.107,0,0
-0.1066,0,0
-0.1062,0,0
-0.1058,0,0
-0.1054,0,0
-0.105,0,0
-0.1046,0,0
-0.1042,0.00596536,0.00597607
-0.1038,0,0
-0.1034,0,0
-0.103,0,0
-0.1026,0,0
-0.1022,0.00647069,0.00648327
-0.1018,0,0
-0.1014,0,0
-0.101,0,0
-0.1006,0,0
-0.1002,0.00628951,0.00630137
-0.0998,0,0
-0.0994,0,0
-0.099,0,0
-0.0986,0,0
-0.0982,0,0
-0.0978,0,0
-0.0974,0,0
-0.097,0.000180567,0.0010558
-0.0966,0,0
-0.0962,0,0
-0.0958,0,0
-0.0954,0.006647,0.00666022
-0.095,0,0
-0.0946,0,0
-0.0942,0,0
-0.0938,0,0
-0.0934,0,0
-0.093,0,0
-0.0926,0,0
-0.0922,0.00620468,0.00621617
-0.0918,0,0
-0.0914,0,0
-0.091,0.000625024,0.00194485
-0.0906,0,0
-0.0902,0.00593301,0.00594351
-0.0898,0,0
-0.0894,0.00588111,0.00589142
-0.089,0,0
-0.0886,0,0
-0.0882,0,0
-0.0878,0,0
-0.0874,0,0
-0.087,0,0
-0.0866,0.00575642,0.00576627
-0.0862,0,0
-0.0858,0,0
-0.0854,0,0
-0.085,0,0
-0.0846,0.00650727,0.00651984
-0.0842,0,0
-0.0838,0,0
-0.0834,0,0
-0.083,0,0
-0.0826,0,0
-0.0822,0,0
-0.0818,0,0
-0.0814,0,0
-0.081,0,0
-0.0806,0,0
-0.0802,0,0
-0.0798,0.00660289,0.00661581
-0.0794,0.00679932,0.00681301
-0.079,0,0
-0.0786,0,0
-0.0782,0,0
-0.0778,0,0
-0.0774,0.00631004,0.00632182
-0.077,0,0
-0.0766,0,0
-0.0762,0,0
-0.0758,0,0
-0.0754,0,0
-0.075,0,0
-0.0746,0,0
-0.0742,0,0
-0.0738,0,0
-0.0734,0,0
-0.073,0.00701929,0.00703383
-0.0726,0.00604987,0.00606067
-0.0722,0,0
-0.0718,0,0
-0.0714,0,0
-0.071,0,0
-0.0706,0,0
-0.0702,0.00391529,0.00488779
-0.0698,0,0
-0.0694,0,0
-0.069,0,0
-0.0686,0,0
-0.0682,0,0
-0.0678,0,0
-0.0674,0,0
-0.067,0.00633825,0.00635007
-0.0666,0,0
-0.0662,0.00606345,0.00607426
-0.0658,0,0
-0.0654,0,0
-0.065,0,0
-0.0646,0,0
-0.0642,0,0
-0.0638,0.00634009,0.0063519
-0.0634,0,0
-0.063,0,0
-0.0626,0,0
-0.0622,0,0
-0.0618,0,0
-0.0614,0,0
-0.061,0,0
-0.0606,0,0
-0.0602,0,0
-0.0598,0,0
-0.0594,0,0
-0.059,0.00666772,0.00652299
-0.0586,0,0
-0.0582,0,0
-0.0578,0.00486487,0.00547074
-0.0574,0.00640259,0.0064146
-0.057,0.0068105,0.00682409
-0.0566,0,0
-0.0562,0,0
-0.0558,0,0
-0.0554,0,0
-0.055,0,0
-0.0546,0,0
-0.0542,0,0
-0.0538,0,0
-0.0534,0.00549161,0.00603892
-0.053,0,0
-0.0526,0,0
-0.0522,0,0
-0.0518,0,0
-0.0514,0.00638729,0.00639922
-0.051,0,0
-0.0506,0,0
-0.0502,0,0
-0.0498,0,0
-0.0494,0,0
-0.049,0,0
-0.0486,0,0
-0.0482,0,0
-0.0478,0,0
-0.0474,0,0
-0.047,0,0
-0.0466,0,0
-0.0462,0,0
-0.0458,0,0
-0.0454,0.00615092,0.00616196
-0.045,0.0125352,0.00908385
-0.0446,0,0
-0.0442,0,0
-0.0438,0,0
-0.0434,0,0
-0.043,0,0
-0.0426,0,0
-0.0422,0,0
-0.0418,0.0111414,0.00804047
-0.0414,0,0
-0.041,0.0072818,0.00729724
-0.0406,0,0
-0.0402,0,0
-0.0398,0.00653547,0.0065479
-0.0394,0,0
-0.039,0,0
-0.0386,0,0
-0.0382,0.0123758,0.00876703
-0.0378,0,0
-0.0374,0,0
-0.037,0.00647488,0.00648708
-0.0366,0,0
-0.0362,0,0
-0.0358,0,0
-0.0354,0,0
-0.035,0,0
-0.0346,0,0
-0.0342,0,0
-0.0338,0,0
-0.0334,0,0
-0.033,0,0
-0.0326,0,0
-0.0322,0,0
-0.0318,0,0
-0.0314,0,0
-0.031,0.00611029,0.00612113
-0.0306,0,0
-0.0302,0,0
-0.0298,0.00675429,0.00676753
-0.0294,0,0
-0.029,0,0
-0.0286,0.00634901,0.00636071
-0.0282,0.0063389,0.00635056
-0.0278,0,0
-0.0274,0,0
-0.027,0,0
-0.0266,0,0
-0.0262,0,0
-0.0258,0.0062549,0.00626625
-0.0254,0,0
-0.025,0,0
-0.0246,0,0
-0.0242,0.00604791,0.00605851
-0.0238,0,0
-0.0234,0,0
-0.023,0,0
-0.0226,0,0
-0.0222,0,0
-0.0218,0,0
-0.0214,0,0
-0.021,0,0
-0.0206,0,0
-0.0202,0,0
-0.0198,0,0
-0.0194,0.00526846,0.0059802
-0.019,0,0
-0.0186,0,0
-0.0182,0,0
-0.0178,0,0
-0.0174,0,0
-0.017,0,0
-0.0166,0.00647259,0.00648471
-0.0162,0,0
-0.0158,0,0
-0.0154,0,0
-0.015,0,0
-0.0146,0.00656784,0.00658031
-0.0142,0,0
-0.0138,0,0
-0.0134,0,0
-0.013,0.00693578,0.00694969
-0.0126,0,0
-0.0122,0.0062976,0.00630907
-0.0118,0,0
-0.0114,0.00682423,0.00683769
-0.011,0,0
-0.0106,0,0
-0.0102,0,0
-0.0098,0.0066582,0.00667101
-0.0094,0,0
-0.009,0,0
-0.0086,0.00597919,0.00598952
-0.0082,0,0
-0.0078,0,0
-0.0074,0,0
-0.007,0.00620162,0.00621273
-0.0066,0.000271283,0.00131576
-0.0062,0.0123252,0.00873077
-0.0058,0.0135378,0.00959139
-0.0054,0.00683171,0.00684248
-0.005,0,0
-0.0046,0.0127252,0.0093152
-0.0042,0.0120417,0.00852957
-0.0038,0.0243528,0.0122053
-0.0034,0.0499586,0.017682
-0.003,0.114272,0.0269853
-0.0026,0.102704,0.0257246
-0.0022,0.2015,0.0368697
-0.0018,0.393547,0.0513179
-0.0014,0.654711,0.0650508
-0.001,0.947909,0.076694
-0.0006,1.06993,0.083753
-0.0002,1.0551,0.0813934
0.0002,0.993124,0.0795651
0.0006,0.829146,0.0727027
0.001,0.49501,0.0541612
0.0014,0.237156,0.0374333
0.0018,0.165072,0.031627
0.0022,0.0698306,0.0211004
0.0026,0.0808249,0.0224658
0.003,0.0160773,0.0105933
0.0034,0.0266734,0.0133863
0.0038,0.00867597,0.00696129
0.0042,0.0251596,0.0126029
0.0046,0.0245701,0.0123079
0.005,0.00613281,0.00614366
0.0054,0.00655423,0.00656662
0.0058,0.00648415,0.00649628
0.0062,0.012242,0.00867168
0.0066,0,0
0.007,0.0132293,0.00937237
0.0074,0,0
0.0078,0,0
0.0082,0,0
0.0086,0,0
0.009,0,0
0.0094,0.00640304,0.00641487
0.0098,0,0
0.0102,0,0
0.0106,0.00621826,0.00622942
0.011,0.0126097,0.0089335
0.0114,0,0
0.0118,0,0
0.0122,0,0
0.0126,0,0
0.013,0,0
0.0134,0,0
0.0138,0,0
0.0142,0.00376751,0.00515541
0.0146,0,0
0.015,0,0
0.0154,0.00643211,0.00644405
0.0158,0,0
0.0162,0,0
0.0166,0.00570774,0.00571715
0.017,0.0128174,0.00908006
0.0174,0,0
0.0178,0,0
0.0182,0,0
0.0186,0,0
0.019,0,0
0.0194,0,0
0.0198,0,0
0.0202,0,0
0.0206,0,0
0.021,0,0
0.0214,0,0
0.0218,0,0
0.0222,0,0
0.0226,0,0
0.023,0,0
0.0234,0,0
0.0238,0.00655617,0.00656857
0.0242,0,0
0.0246,0,0
0.025,0,0
0.0254,0.00678429,0.00679757
0.0258,0,0
0.0262,0,0
0.0266,0,0
0.027,0,0
0.0274,0,0
0.0278,0,0
0.0282,0,0
0.0286,0,0
0.029,0,0
0.0294,0,0
0.0298,0,0
0.0302,0,0
0.0306,0,0
0.031,0,0
0.0314,0,0
0.0318,0,0
0.0322,0,0
0.0326,0,0
0.033,0,0
0.0334,0,0
0.0338,0.00705024,0.00706457
0.0342,0,0
0.0346,0.00401812,0.0049306
0.035,0,0
0.0354,0,0
0.0358,0,0
0.0362,0,0
0.0366,0,0
0.037,0,0
0.0374,0,0
0.0378,0,0
0.0382,0,0
0.0386,0,0
0.039,0,0
0.0394,0,0
0.0398,0,0
0.0402,0,0
0.0406,0,0
0.041,0,0
0.0414,0,0
0.0418,0,0
0.0422,0,0
0.0426,0,0
0.043,0,0
0.0434,0.00566128,0.00567051
0.0438,0,0
0.0442,0,0
0.0446,0,0
0.045,0,0
0.0454,0.00632567,0.00633719
0.0458,0.00616937,0.00618033
0.0462,0,0
0.0466,0,0
0.047,0.00620711,0.0062182
0.0474,0,0
0.0478,0,0
0.0482,0,0
0.0486,0.00648008,0.00649216
0.049,0.0064804,0.00649249
0.0494,0,0
0.0498,0,0
0.0502,0,0
0.0506,0,0
0.051,0.00655627,0.00656863
0.0514,0,0
0.0518,0,0
0.0522,0.0186661,0.0107975
0.0526,0,0
0.053,0,0
0.0534,0,0
0.0538,0,0
0.0542,0,0
0.0546,0,0
0.055,0,0
0.0554,0,0
0.0558,0,0
0.0562,0.00625983,0.00627109
0.0566,0,0
0.057,0,0
0.0574,0,0
0.0578,0.00638971,0.00640144
0.0582,0,0
0.0586,0,0
0.059,0,0
0.0594,0.00652166,0.00653387
0.0598,0,0
0.0602,0.00591578,0.00592583
0.0606,0,0
0.061,0,0
0.0614,0,0
0.0618,0,0
0.0622,0,0
0.0626,0,0
0.063,0.00588761,0.00612465
0.0634,0,0
0.0638,0.00579451,0.00580415
0.0642,0,0
0.0646,0.0062634,0.00627465
0.065,0,0
0.0654,0,0
0.0658,0,0
0.0662,0,0
0.0666,0,0
0.067,0,0
0.0674,0,0
0.0678,0,0
0.0682,0,0
0.0686,0,0
0.069,0,0
0.0694,0,0
0.0698,0,0
0.0702,0,0
0.0706,0,0
0.071,0,0
0.0714,0.00616827,0.00617917
0.0718,0,0
0.0722,0,0
0.0726,0,0
0.073,0,0
0.0734,0,0
0.0738,0,0
0.0742,0,0
0.0746,0,0
0.075,0,0
0.0754,0,0
0.0758,0,0
0.0762,0,0
0.0766,0,0
0.077,0,0
0.0774,0,0
0.0778,0,0
0.0782,0,0
0.0786,0,0
0.079,0,0
0.0794,0,0
0.0798,0,0
0.0802,0,0
0.0806,0,0
0.081,0,0
0.0814,0,0
0.0818,0,0
0.0822,0,0
0.0826,0,0
0.083,0,0
0.0834,0,0
0.0838,0,0
0.0842,0,0
0.0846,0,0
0.085,0,0
0.0854,0,0
0.0858,0,0
0.0862,0.0126745,0.00898088
0.0866,0,0
0.087,0,0
0.0874,0,0
0.0878,0,0
0.0882,0,0
0.0886,0,0
0.089,0,0
0.0894,0,0
0.0898,0,0
0.0902,0,0
0.0906,0,0
0.091,0.00626494,0.0062761
0.0914,0,0
0.0918,0,0
0.0922,0,0
0.0926,0,0
0.093,0.00600309,0.00601333
0.0934,0,0
0.0938,0.00637103,0.00638256
0.0942,0,0
0.0946,0,0
0.095,0,0
0.0954,0,0
0.0958,0.00606588,0.00607632
0.0962,0,0
0.0966,0,0
0.097,0,0
0.0974,0,0
0.0978,0,0
0.0982,0.00630567,0.00631694
0.0986,0,0
0.099,0,0
0.0994,0,0
0.0998,0,0
0.1002,0,0
0.1006,0,0
0.101,0,0
0.1014,0,0
0.1018,0,0
0.1022,0,0
0.1026,0,0
0.103,0,0
0.1034,0,0
0.1038,0,0
0.1042,0.00754079,0.00755685
0.1046,0,0
0.105,0,0
0.1054,0,0
0.1058,0,0
0.1062,0,0
0.1066,0,0
0.107,0,0
0.1074,0,0
0.1078,0.00781512,0.00783235
0.1082,0,0
0.1086,0,0
0.109,0.00941124,0.00943621
0.1094,0,0
0.1098,0,0
0.1102,0,0
0.1106,0,0
0.111,0.00858168,0.00860242
0.1114,0,0
0.1118,0,0
0.1122,0,0
0.1126,0,0
0.113,0,0
0.1134,0,0
0.1138,0,0
0.1142,0,0
0.1146,0,0
0.115,0,0
0.1154,0,0
0.1158,0,0
0.1162,0,0
0.1166,0.0104307,0.0104612
0.117,0,0
0.1174,0.00952159,0.00954704
0.1178,0,0
0.1182,0,0
0.1186,0,0
0.119,0,0
0.1194,0,0
0.1198,0,0
6
-0.1198,0,0
-0.1194,0,0
-0.119,0,0
-0.1186,0,0
-0.1182,0,0
-0.1178,0,0
-0.1174,0,0
-0.117,0,0
-0.1166,0,0
-0.1162,0,0
-0.1158,0,0
-0.1154,0,0
-0.115,0,0
-0.1146,0,0
-0.1142,0,0
-0.1138,0,0
-0.1134,0,0
-0.113,0,0
-0.1126,0,0
-0.1122,0,0
-0.1118,0,0
-0.1114,0,0
-0.111,0.00584365,0.00585523
-0.1106,0,0
-0.1102,0,0
-0.1098,0,0
-0.1094,0,0
-0.109,0,0
-0.1086,0,0
-0.1082,0,0
-0.1078,0,0
-0.1074,0,0
-0.107,0,0
-0.1066,0,0
-0.1062,0,0
-0.1058,0,0
-0.1054,0,0
-0.105,0,0
-0.1046,0,0
-0.1042,0,0
-0.1038,0,0
-0.1034,0,0
-0.103,0,0
-0.1026,0,0
-0.1022,0,0
-0.1018,0,0
-0.1014,0,0
-0.101,0,0
-0.1006,0,0
-0.1002,0.00588006,0.00589169
-0.0998,0,0
-0.0994,0,0
-0.099,0,0
-0.0986,0.00563761,0.00564828
-0.0982,0,0
-0.0978,0,0
-0.0974,0,0
-0.097,0,0
-0.0966,0,0
-0.0962,0,0
-0.0958,0,0
-0.0954,0,0
-0.095,0,0
-0.0946,0,0
-0.0942,0,0
-0.0938,0,0
-0.0934,0,0
-0.093,0,0
-0.0926,0,0
-0.0922,0,0
-0.0918,0,0
-0.0914,0,0
-0.091,0.0102203,0.0074351
-0.0906,0,0
-0.0902,0.00530348,0.00531286
-0.0898,0,0
-0.0894,0,0
-0.089,0,0
-0.0886,0,0
-0.0882,0,0
-0.0878,0,0
-0.0874,0,0
-0.087,0,0
-0.0866,0,0
-0.0862,0,0
-0.0858,0,0
-0.0854,0,0
-0.085,0,0
-0.0846,0,0
-0.0842,0,0
-0.0838,0,0
-0.0834,0,0
-0.083,0,0
-0.0826,0,0
-0.0822,0,0
-0.0818,0,0
-0.0814,0,0
-0.081,0,0
-0.0806,0,0
-0.0802,0,0
-0.0798,0,0
-0.0794,0,0
-0.079,0,0
-0.0786,0,0
-0.0782,0,0
-0.0778,0,0
-0.0774,0,0
-0.077,0,0
-0.0766,0,0
-0.0762,0,0
-0.0758,0,0
-0.0754,0,0
-0.075,0,0
-0.0746,0,0
-0.0742,0,0
-0.0738,0,0
-0.0734,0,0
-0.073,0,0
-0.0726,0,0
-0.0722,0,0
-0.0718,0,0
-0.0714,0,0
-0.071,0.00590361,0.00591543
-0.0706,0.00590144,0.00591326
-0.0702,0,0
-0.0698,0,0
-0.0694,0,0
-0.069,0,0
-0.0686,0,0
-0.0682,0,0
-0.0678,0,0
-0.0674,0,0
-0.067,0,0
-0.0666,0.00510564,0.00511452
-0.0662,0.00523227,0.00524161
-0.0658,0,0
-0.0654,0,0
-0.065,0,0
-0.0646,0,0
-0.0642,0,0
-0.0638,0,0
-0.0634,0,0
-0.063,0,0
-0.0626,0,0
-0.0622,0,0
-0.0618,0,0
-0.0614,0,0
-0.061,0.00582383,0.00583544
-0.0606,0,0
-0.0602,0,0
-0.0598,0,0
-0.0594,0,0
-0.059,0.00517022,0.00531097
-0.0586,0,0
-0.0582,0,0
-0.0578,0,0
-0.0574,0,0
-0.057,0,0
-0.0566,0.00534665,0.00535647
-0.0562,0,0
-0.0558,0,0
-0.0554,0,0
-0.055,0,0
-0.0546,0,0
-0.0542,0,0
-0.0538,0,0
-0.0534,0,0
-0.053,0,0
-0.0526,0,0
-0.0522,0,0
-0.0518,0,0
-0.0514,0,0
-0.051,0,0
-0.0506,0,0
-0.0502,0.00527425,0.00528385
-0.0498,0,0
-0.0494,0,0
-0.049,0,0
-0.0486,0,0
-0.0482,0,0
-0.0478,0,0
-0.0474,0,0
-0.047,0,0
-0.0466,0,0
-0.0462,0,0
-0.0458,0.00505182,0.00506066
-0.0454,0,0
-0.045,0,0
-0.0446,0,0
-0.0442,0,0
-0.0438,0,0
-0.0434,0,0
-0.043,0,0
-0.0426,0,0
-0.0422,0,0
-0.0418,0,0
-0.0414,0,0
-0.041,0,0
-0.0406,0,0
-0.0402,0,0
-0.0398,0,0
-0.0394,0,0
-0.039,0,0
-0.0386,0,0
-0.0382,0,0
-0.0378,0,0
-0.0374,0,0
-0.037,0,0
-0.0366,0,0
-0.0362,0,0
-0.0358,0,0
-0.0354,0,0
-0.035,0,0
-0.0346,0,0
-0.0342,0,0
-0.0338,0,0
-0.0334,0,0
-0.033,0.00505552,0.00506445
-0.0326,0,0
-0.0322,0,0
-0.0318,0,0
-0.0314,0,0
-0.031,0,0
-0.0306,0,0
-0.0302,0,0
-0.0298,0,0
-0.0294,0,0
-0.029,0.00591582,0.00592806
-0.0286,0,0
-0.0282,0,0
-0.0278,0.00565247,0.00566365
-0.0274,0,0
-0.027,0,0
-0.0266,0,0
-0.0262,0.00503701,0.0050459
-0.0258,0,0
-0.0254,0,0
-0.025,0,0
-0.0246,0,0
-0.0242,0,0
-0.0238,0,0
-0.0234,0.00479213,0.00480019
-0.023,0,0
-0.0226,0,0
-0.0222,0,0
-0.0218,0,0
-0.0214,0,0
-0.021,0,0
-0.0206,0,0
-0.0202,0.00582266,0.00583457
-0.0198,0,0
-0.0194,0,0
-0.019,0,0
-0.0186,0,0
-0.0182,0.00564549,0.00565669
-0.0178,0,0
-0.0174,0,0
-0.017,0,0
-0.0166,0,0
-0.0162,0,0
-0.0158,0.0050554,0.00506439
-0.0154,0,0
-0.015,0.00539641,0.00540666
-0.0146,0,0
-0.0142,0,0
-0.0138,0,0
-0.0134,0,0
-0.013,0,0
-0.0126,0,0
-0.0122,0,0
-0.0118,0,0
-0.0114,0,0
-0.011,0,0
-0.0106,0.00543148,0.00544188
-0.0102,0.00538716,0.00539739
-0.0098,0.00545538,0.00546587
-0.0094,0,0
-0.009,0,0
-0.0086,0,0
-0.0082,0,0
-0.0078,0,0
-0.0074,0,0
-0.007,0.00507411,0.0050832
-0.0066,0.00497924,0.00509832
-0.0062,0,0
-0.0058,0,0
-0.0054,0,0
-0.005,0,0
-0.0046,0.00562305,0.00563421
-0.0042,0.00983886,0.00696923
-0.0038,0.00514662,0.00515597
-0.0034,0.0154383,0.00892952
-0.003,0.0364398,0.0138004
-0.0026,0.057573,0.0173915
-0.0022,0.0601634,0.0181792
-0.0018,0.118443,0.025306
-0.0014,0.188174,0.03146
-0.001,0.206496,0.0323098
-0.0006,0.260933,0.0373664
-0.0002,0.37269,0.0437051
0.0002,0.388805,0.0449393
0.0006,0.340237,0.0419494
0.001,0.315081,0.0391503
0.0014,0.220704,0.0325999
0.0018,0.163356,0.0284384
0.0022,0.134208,0.0263776
0.0026,0.0512799,0.0162536
0.003,0.0115318,0.00817085
0.0034,0.0211187,0.0105942
0.0038,0.0272632,0.0111481
0.0042,0.0153085,0.00885452
0.0046,0.0149773,0.00866308
0.005,0.0150196,0.00868696
0.0054,0.0100139,0.00709344
0.0058,0.0261766,0.0117313
0.0062,0.00499862,0.00500745
0.0066,0,0
0.007,0,0
0.0074,0,0
0.0078,0,0
0.0082,0,0
0.0086,0,0
0.009,0,0
0.0094,0,0
0.0098,0.00508238,0.00509149
0.0102,0,0
0.0106,0,0
0.011,0,0
0.0114,0,0
0.0118,0,0
0.0122,0.00500196,0.00501077
0.0126,0,0
0.013,0,0
0.0134,0.00514135,0.00515065
0.0138,0,0
0.0142,0.00497545,0.00498416
0.0146,0.005565,0.00557588
0.015,0.0051032,0.00511235
0.0154,0,0
0.0158,0,0
0.0162,0,0
0.0166,0,0
0.017,0,0
0.0174,0,0
0.0178,0,0
0.0182,0,0
0.0186,0,0
0.019,0,0
0.0194,0,0
0.0198,0,0
0.0202,0,0
0.0206,0.00475776,0.00501285
0.021,0,0
0.0214,0.00530429,0.00531408
0.0218,0,0
0.0222,0,0
0.0226,0.00541981,0.00543001
0.023,0,0
0.0234,0,0
0.0238,0,0
0.0242,0,0
0.0246,0,0
0.025,0,0
0.0254,0,0
0.0258,0,0
0.0262,0,0
0.0266,0.00511126,0.00512027
0.027,0.00521129,0.00522065
0.0274,0,0
0.0278,0,0
0.0282,0,0
0.0286,0.0052259,0.00523529
0.029,0,0
0.0294,0,0
0.0298,0,0
0.0302,0,0
0.0306,0.00413963,0.00479613
0.031,0,0
0.0314,0,0
0.0318,0.00549296,0.00550327
0.0322,0.00405127,0.00465237
0.0326,0,0
0.033,0,0
0.0334,0,0
0.0338,0,0
0.0342,0,0
0.0346,0.00170369,0.00295495
0.035,0,0
0.0354,0,0
0.0358,0,0
0.0362,0,0
0.0366,0,0
0.037,0.00454933,0.00512904
0.0374,0,0
0.0378,0,0
0.0382,0,0
0.0386,0,0
0.039,0,0
0.0394,0,0
0.0398,0,0
0.0402,0,0
0.0406,0.00387009,0.00453035
0.041,0,0
0.0414,0,0
0.0418,0,0
0.0422,0.00548414,0.00549425
0.0426,0,0
0.043,0.00530093,0.00531036
0.0434,0.00520334,0.00521243
0.0438,0,0
0.0442,0,0
0.0446,0,0
0.045,0.00529856,0.00530795
0.0454,0,0
0.0458,0,0
0.0462,0,0
0.0466,0,0
0.047,0,0
0.0474,0,0
0.0478,0,0
0.0482,0,0
0.0486,0.00560551,0.00561596
0.049,0,0
0.0494,0,0
0.0498,0,0
0.0502,0.00577942,0.0057905
0.0506,0,0
0.051,0,0
0.0514,0,0
0.0518,0,0
0.0522,0,0
0.0526,0,0
0.053,0.00514263,0.00515137
0.0534,0,0
0.0538,0,0
0.0542,0,0
0.0546,0,0
0.055,0.00534127,0.00535066
0.0554,0,0
0.0558,0,0
0.0562,0,0
0.0566,0,0
0.057,0,0
0.0574,0,0
0.0578,0,0
0.0582,0,0
0.0586,0,0
0.059,0,0
0.0594,0,0
0.0598,0.00508979,0.00509826
0.0602,0,0
0.0606,0,0
0.061,0,0
0.0614,0,0
0.0618,0.00524305,0.00525201
0.0622,0,0
0.0626,0,0
0.063,0.000406196,0.00151091
0.0634,0,0
0.0638,0.00226677,0.00341132
0.0642,0,0
0.0646,0,0
0.065,0,0
0.0654,0,0
0.0658,0,0
0.0662,0,0
0.0666,0,0
0.067,0,0
0.0674,0,0
0.0678,0,0
0.0682,0,0
0.0686,0,0
0.069,0,0
0.0694,0,0
0.0698,0.00206783,0.00342266
0.0702,0,0
0.0706,0,0
0.071,0,0
0.0714,0,0
0.0718,0,0
0.0722,0,0
0.0726,0,0
0.073,0,0
0.0734,0,0
0.0738,0,0
0.0742,0,0
0.0746,0,0
0.075,0,0
0.0754,0.00580126,0.005812
0.0758,0,0
0.0762,0,0
0.0766,0.00591772,0.00592888
0.077,0,0
0.0774,0.00554235,0.00555212
0.0778,0,0
0.0782,0,0
0.0786,0,0
0.079,0,0
0.0794,0,0
0.0798,0,0
0.0802,0,0
0.0806,0,0
0.081,0,0
0.0814,0,0
0.0818,0,0
0.0822,0,0
0.0826,0,0
0.083,0,0
0.0834,0,0
0.0838,0,0
0.0842,0,0
0.0846,0,0
0.085,0,0
0.0854,0,0
0.0858,0,0
0.0862,0.00587719,0.00588804
0.0866,0,0
0.087,0,0
0.0874,0,0
0.0878,0,0
0.0882,0,0
0.0886,0.00614546,0.00615729
0.089,0,0
0.0894,0,0
0.0898,0,0
0.0902,0,0
0.0906,0,0
0.091,0,0
0.0914,0,0
0.0918,0,0
0.0922,0,0
0.0926,0,0
0.093,0,0
0.0934,0,0
0.0938,0,0
0.0942,0,0
0.0946,0,0
0.095,0,0
0.0954,0,0
0.0958,0,0
0.0962,0,0
0.0966,0.00599146,0.00600258
0.097,0,0
0.0974,0,0
0.0978,0.00675018,0.00676427
0.0982,0,0
0.0986,0,0
0.099,0,0
0.0994,0.000203776,0.00114718
0.0998,0,0
0.1002,0,0
0.1006,0,0
0.101,0,0
0.1014,0,0
0.1018,0,0
0.1022,0,0
0.1026,0,0
0.103,0,0
0.1034,0,0
0.1038,0.00689721,0.00691182
0.1042,0,0
0.1046,0,0
0.105,0,0
0.1054,0,0
0.1058,0,0
0.1062,0,0
0.1066,0,0
0.107,0,0
0.1074,0,0
0.1078,0.00719459,0.00721045
0.1082,0,0
0.1086,0,0
0.109,0,0
0.1094,0,0
0.1098,0,0
0.1102,0,0
0.1106,0,0
0.111,0,0
0.1114,0,0
0.1118,0,0
0.1122,0,0
0.1126,0,0
0.113,0,0
0.1134,0,0
0.1138,0,0
0.1142,0,0
0.1146,0,0
0.115,0,0
0.1154,0,0
0.1158,0,0
0.1162,0,0
0.1166,0,0
0.117,0,0
0.1174,0,0
0.1178,0,0
0.1182,0,0
0.1186,0,0
0.119,0.00986162,0.0098915
0.1194,0,0
0.1198,0,0
7
-0.1198,0,0
-0.1194,0,0
-0.119,0,0
-0.1186,0,0
-0.1182,0,0
-0.1178,0,0
-0.1174,0,0
-0.117,0,0
-0.1166,0,0
-0.1162,0,0
-0.1158,0,0
-0.1154,0,0
-0.115,0,0
-0.1146,0.00570304,0.00571432
-0.1142,0,0
-0.1138,0,0
-0.1134,0,0
-0.113,0,0
-0.1126,0,0
-0.1122,0,0
-0.1118,0,0
-0.1114,0,0
-0.111,0,0
-0.1106,0,0
-0.1102,0,0
-0.1098,0,0
-0.1094,0.00551274,0.00552332
-0.109,0,0
-0.1086,0,0
-0.1082,0,0
-0.1078,0,0
-0.1074,0,0
-0.107,0,0
-0.1066,0,0
-0.1062,0,0
-0.1058,0,0
-0.1054,0,0
-0.105,0,0
-0.1046,0,0
-0.1042,0,0
-0.1038,0,0
-0.1034,0,0
-0.103,0,0
-0.1026,0.00506891,0.00507791
-0.1022,0,0
-0.1018,0,0
-0.1014,0,0
-0.101,0,0
-0.1006,0,0
-0.1002,0,0
-0.0998,0.00531811,0.00532804
-0.0994,0,0
-0.099,0,0
-0.0986,0.00538697,0.00539717
-0.0982,0,0
-0.0978,0.00545457,0.00546504
-0.0974,0,0
-0.097,0,0
-0.0966,0.00558419,0.00559518
-0.0962,0,0
-0.0958,0,0
-0.0954,0,0
-0.095,0,0
-0.0946,0,0
-0.0942,0,0
-0.0938,0,0
-0.0934,0,0
-0.093,0,0
-0.0926,0,0
-0.0922,0,0
-0.0918,0,0
-0.0914,0,0
-0.091,0,0
-0.0906,0,0
-0.0902,0,0
-0.0898,0,0
-0.0894,0,0
-0.089,0,0
-0.0886,0,0
-0.0882,0,0
-0.0878,0,0
-0.0874,0.00540619,0.00541655
-0.087,0,0
-0.0866,0,0
-0.0862,0,0
-0.0858,0,0
-0.0854,0,0
-0.085,0,0
-0.0846,0,0
-0.0842,0,0
-0.0838,0,0
-0.0834,0,0
-0.083,0,0
-0.0826,0,0
-0.0822,0,0
-0.0818,0,0
-0.0814,0,0
-0.081,0,0
-0.0806,0,0
-0.0802,0,0
-0.0798,0,0
-0.0794,0,0
-0.079,0,0
-0.0786,0,0
-0.0782,0,0
-0.0778,0,0
-0.0774,0,0
-0.077,0,0
-0.0766,0.00526675,0.00527653
-0.0762,0,0
-0.0758,0,0
-0.0754,0,0
-0.075,0,0
-0.0746,0,0
-0.0742,0,0
-0.0738,0,0
-0.0734,0.00555063,0.00556148
-0.073,0,0
-0.0726,0,0
-0.0722,0,0
-0.0718,0.000711673,0.0020054
-0.0714,0,0
-0.071,0.00544303,0.00545344
-0.0706,0,0
-0.0702,0,0
-0.0698,0,0
-0.0694,0,0
-0.069,0.00535187,0.00538652
-0.0686,0,0
-0.0682,0,0
-0.0678,0.0048788,0.00488714
-0.0674,0,0
-0.067,0,0
-0.0666,0,0
-0.0662,0.00510185,0.00511095
-0.0658,0,0
-0.0654,0.00549891,0.00550947
-0.065,0,0
-0.0646,0,0
-0.0642,0,0
-0.0638,0,0
-0.0634,0,0
-0.063,0,0
-0.0626,0,0
-0.0622,0.00499189,0.00500056
-0.0618,0,0
-0.0614,0,0
-0.061,0,0
-0.0606,0,0
-0.0602,0.00533813,0.00534803
-0.0598,0.00521181,0.00522124
-0.0594,0,0
-0.059,0,0
-0.0586,0.00468256,0.00508794
-0.0582,0,0
-0.0578,0.00518674,0.00519605
-0.0574,0,0
-0.057,0.00493137,0.00534321
-0.0566,0,0
-0.0562,0.00514311,0.00515226
-0.0558,0,0
-0.0554,0,0
-0.055,0,0
-0.0546,0,0
-0.0542,0.0051685,0.00517771
-0.0538,0,0
-0.0534,0,0
-0.053,0,0
-0.0526,0,0
-0.0522,0.0101699,0.0072206
-0.0518,0,0
-0.0514,0.00543635,0.0054465
-0.051,0,0
-0.0506,0,0
-0.0502,0,0
-0.0498,0.0051519,0.00516099
-0.0494,0,0
-0.049,0,0
-0.0486,0,0
-0.0482,0,0
-0.0478,0,0
-0.0474,0,0
-0.047,0,0
-0.0466,0,0
-0.0462,0,0
-0.0458,0,0
-0.0454,0,0
-0.045,0,0
-0.0446,0.00543078,0.00544081
-0.0442,0,0
-0.0438,0,0
-0.0434,0,0
-0.043,0,0
-0.0426,0,0
-0.0422,0,0
-0.0418,0.00497617,0.00498455
-0.0414,0,0
-0.041,0,0
-0.0406,0,0
-0.0402,0,0
-0.0398,0,0
-0.0394,0,0
-0.039,0,0
-0.0386,0,0
-0.0382,0,0
-0.0378,0,0
-0.0374,0.00583143,0.00584285
-0.037,0,0
-0.0366,0,0
-0.0362,0.00578071,0.00579191
-0.0358,0.0057845,0.00579571
-0.0354,0,0
-0.035,0.0054752,0.00548523
-0.0346,0,0
-0.0342,0,0
-0.0338,0,0
-0.0334,0,0
-0.033,0,0
-0.0326,0,0
-0.0322,0.00555937,0.00556966
-0.0318,0,0
-0.0314,0,0
-0.031,0.00534006,0.00534953
-0.0306,0,0
-0.0302,0,0
-0.0298,0,0
-0.0294,0.00624996,0.0062629
-0.029,0,0
-0.0286,0,0
-0.0282,0,0
-0.0278,0,0
-0.0274,0,0
-0.027,0,0
-0.0266,0,0
-0.0262,0,0
-0.0258,0,0
-0.0254,0,0
-0.025,0,0
-0.0246,0,0
-0.0242,0,0
-0.0238,0.00538702,0.00539653
-0.0234,0,0
-0.023,0,0
-0.0226,0,0
-0.0222,0,0
-0.0218,0,0
-0.0214,0,0
-0.021,0,0
-0.0206,0.00530318,0.00531234
-0.0202,0.00629007,0.00630293
-0.0198,0.000467751,0.00172283
-0.0194,0,0
-0.019,0,0
-0.0186,0,0
-0.0182,0.00561839,0.00562861
-0.0178,0.00550411,0.00551392
-0.0174,0,0
-0.017,0.00576782,0.00577857
-0.0166,0.00577279,0.00578354
-0.0162,0,0
-0.0158,0.00552207,0.0055319
-0.0154,0.00537255,0.00538184
-0.015,0.00565856,0.00566886
-0.0146,0.000271502,0.00124822
-0.0142,0,0
-0.0138,0.00542379,0.00543323
-0.0134,0,0
-0.013,0,0
-0.0126,0,0
-0.0122,0,0
-0.0118,0,0
-0.0114,0.006174,0.00618617
-0.011,0,0
-0.0106,0,0
-0.0102,0,0
-0.0098,0.00596231,0.00597364
-0.0094,0.00604277,0.0060544
-0.009,0,0
-0.0086,0.00543265,0.00544203
-0.0082,0,0
-0.0078,0,0
-0.0074,0,0
-0.007,0.00589728,0.00590831
-0.0066,0,0
-0.0062,0,0
-0.0058,0,0
-0.0054,0.00623098,0.00624326
-0.005,0.00628309,0.00629556
-0.0046,0.0151412,0.0097133
-0.0042,0.0110092,0.00779821
-0.0038,0.00537586,0.00538498
-0.0034,0.0537954,0.0175164
-0.003,0.0274762,0.0125872
-0.0026,0.0944195,0.0236521
-0.0022,0.114954,0.026675
-0.0018,0.0984415,0.0243735
-0.0014,0.305033,0.0425882
-0.001,0.294113,0.0409225
-0.0006,0.46699,0.0530502
-0.0002,0.567011,0.0572146
0.0002,0.706242,0.0642862
0.0006,0.64078,0.0611097
0.001,0.432376,0.0487089
0.0014,0.405809,0.0469794
0.0018,0.295645,0.0406883
0.0022,0.196476,0.0340482
0.0026,0.118456,0.0263566
0.003,0.0728933,0.0215123
0.0034,0.0561365,0.0183386
0.0038,0.01545,0.00893441
0.0042,0.0233697,0.0117062
0.0046,0.0282205,0.0126436
0.005,0.00561755,0.00562738
0.0054,0.0178359,0.0103217
0.0058,0.0489334,0.016879
0.0062,0.0113591,0.00804627
0.0066,0.012228,0.00866291
0.007,0.0122597,0.00868543
0.0074,0,0
0.0078,0,0
0.0082,0,0
0.0086,0,0
0.009,0.00597311,0.00598417
0.0094,0,0
0.0098,0,0
0.0102,0,0
0.0106,0,0
0.011,0,0
0.0114,0,0
0.0118,0.00139335,0.00294377
0.0122,0,0
0.0126,0,0
0.013,0.00592303,0.00593388
0.0134,0,0
0.0138,0.0062518,0.00626388
0.0142,0,0
0.0146,0,0
0.015,0.00579998,0.00581037
0.0154,0,0
0.0158,0,0
0.0162,0.00586658,0.00587722
0.0166,0,0
0.017,0.00572318,0.0057333
0.0174,0,0
0.0178,0,0
0.0182,0,0
0.0186,0,0
0.019,0,0
0.0194,0,0
0.0198,0,0
0.0202,0,0
0.0206,0.000567461,0.00183599
0.021,0,0
0.0214,0,0
0.0218,0,0
0.0222,0,0
0.0226,0,0
0.023,0.00609833,0.00610987
0.0234,0,0
0.0238,0,0
0.0242,0,0
0.0246,0.00636483,0.00637742
0.025,0,0
0.0254,0,0
0.0258,0,0
0.0262,0,0
0.0266,0.00566549,0.00567547
0.027,0,0
0.0274,0,0
0.0278,0.00528021,0.0052889
0.0282,0,0
0.0286,0.00576389,0.00577425
0.029,0.00548512,0.0054945
0.0294,0,0
0.0298,0.00614332,0.00615509
0.0302,0.00573148,0.00574173
0.0306,0.00760674,0.0068106
0.031,0,0
0.0314,0,0
0.0318,0,0
0.0322,0.00139018,0.00284908
0.0326,0,0
0.033,0.00579062,0.00580111
0.0334,0,0
0.0338,0,0
0.0342,0,0
0.0346,0,0
0.035,0,0
0.0354,0,0
0.0358,0,0
0.0362,0,0
0.0366,0,0
0.037,0.00752448,0.00685322
0.0374,0,0
0.0378,0,0
0.0382,0,0
0.0386,0.00589935,0.00591029
0.039,0,0
0.0394,0,0
0.0398,0,0
0.0402,0,0
0.0406,0.00151217,0.00292816
0.041,0.00564748,0.00565754
0.0414,0,0
0.0418,0.00587074,0.00588162
0.0422,0.00583841,0.00584917
0.0426,0,0
0.043,0,0
0.0434,0,0
0.0438,0,0
0.0442,0,0
0.0446,0,0
0.045,0,0
0.0454,0,0
0.0458,0,0
0.0462,0,0
0.0466,0,0
0.047,0,0
0.0474,0,0
0.0478,0.0055745,0.00558437
0.0482,0,0
0.0486,0.00586446,0.0058754
0.049,0,0
0.0494,0,0
0.0498,0,0
0.0502,0,0
0.0506,0,0
0.051,0.00591419,0.00592534
0.0514,0,0
0.0518,0,0
0.0522,0,0
0.0526,0,0
0.053,0,0
0.0534,0,0
0.0538,0,0
0.0542,0,0
0.0546,0,0
0.055,0,0
0.0554,0,0
0.0558,0,0
0.0562,0,0
0.0566,0.00538869,0.00539801
0.057,0,0
0.0574,0.00543242,0.0054419
0.0578,0,0
0.0582,0,0
0.0586,0,0
0.059,0,0
0.0594,0,0
0.0598,0,0
0.0602,0,0
0.0606,0,0
0.061,0,0
0.0614,0,0
0.0618,0,0
0.0622,0,0
0.0626,0,0
0.063,0,0
0.0634,0,0
0.0638,0.0028564,0.00383368
0.0642,0,0
0.0646,0,0
0.065,0,0
0.0654,0,0
0.0658,0,0
0.0662,0,0
0.0666,0,0
0.067,0,0
0.0674,0,0
0.0678,0,0
0.0682,0,0
0.0686,0,0
0.069,0,0
0.0694,0,0
0.0698,0.00352313,0.0044339
0.0702,0,0
0.0706,0,0
0.071,0,0
0.0714,0,0
0.0718,0.00588205,0.00589339
0.0722,0,0
0.0726,0,0
0.073,0,0
0.0734,0,0
0.0738,0,0
0.0742,0,0
0.0746,0.00594301,0.00595461
0.075,0,0
0.0754,0.00552082,0.0055875
0.0758,0,0
0.0762,0,0
0.0766,0,0
0.077,0,0
0.0774,0,0
0.0778,0,0
0.0782,0,0
0.0786,0,0
0.079,0,0
0.0794,0,0
0.0798,0,0
0.0802,0,0
0.0806,0,0
0.081,0,0
0.0814,0,0
0.0818,0,0
0.0822,0.0105212,0.00745256
0.0826,0,0
0.083,0,0
0.0834,0,0
0.0838,0,0
0.0842,0,0
0.0846,0,0
0.085,0,0
0.0854,0,0
0.0858,0,0
0.0862,0,0
0.0866,0,0
0.087,0,0
0.0874,0.0105998,0.00750834
0.0878,0,0
0.0882,0.00555255,0.00556276
0.0886,0,0
0.089,0,0
0.0894,0.00502941,0.0050378
0.0898,0,0
0.0902,0,0
0.0906,0,0
0.091,0,0
0.0914,0,0
0.0918,0,0
0.0922,0,0
0.0926,0,0
0.093,0,0
0.0934,0,0
0.0938,0,0
0.0942,0,0
0.0946,0,0
0.095,0,0
0.0954,0,0
0.0958,0,0
0.0962,0,0
0.0966,0,0
0.097,0,0
0.0974,0,0
0.0978,0,0
0.0982,0,0
0.0986,0,0
0.099,0,0
0.0994,0.00578549,0.00589103
0.0998,0,0
0.1002,0.0061911,0.00620384
0.1006,0,0
0.101,0,0
0.1014,0,0
0.1018,0,0
0.1022,0.00619393,0.00620668
0.1026,0,0
0.103,0,0
0.1034,0,0
0.1038,0,0
0.1042,0,0
0.1046,0,0
0.105,0,0
0.1054,0,0
0.1058,0,0
0.1062,0.00710269,0.00711942
0.1066,0,0
0.107,0,0
0.1074,0,0
0.1078,0,0
0.1082,0,0
0.1086,0,0
0.109,0,0
0.1094,0,0
0.1098,0.00706099,0.00707748
0.1102,0,0
0.1106,0,0
0.111,0,0
0.1114,0,0
0.1118,0,0
0.1122,0,0
0.1126,0,0
0.113,0,0
0.1134,0,0
0.1138,0,0
0.1142,0,0
0.1146,0,0
0.115,0,0
0.1154,0,0
0.1158,0,0
0.1162,0,0
0.1166,0,0
0.117,0.00895185,0.00897807
0.1174,0,0
0.1178,0,0
0.1182,0,0
0.1186,0,0
0.119,0,0
0.1194,0,0
0.1198,0,0
8
-0.1198,0,0
-0.1194,0,0
-0.119,0,0
-0.1186,0,0
-0.1182,0,0
-0.1178,0,0
-0.1174,0,0
-0.117,0.00404859,0.00405639
-0.1166,0,0
-0.1162,0.00422678,0.00423528
-0.1158,0.00450505,0.00451469
-0.1154,0,0
-0.115,0.00422171,0.00423017
-0.1146,0,0
-0.1142,0,0
-0.1138,0,0
-0.1134,0,0
-0.113,0,0
-0.1126,0,0
-0.1122,0,0
-0.1118,0,0
-0.1114,0,0
-0.111,0,0
-0.1106,0,0
-0.1102,0.00393296,0.00394027
-0.1098,0,0
-0.1094,0.00406738,0.00407518
-0.109,0,0
-0.1086,0,0
-0.1082,0,0
-0.1078,0,0
-0.1074,0,0
-0.107,0,0
-0.1066,0,0
-0.1062,0,0
-0.1058,0,0
-0.1054,0,0
-0.105,0,0
-0.1046,0,0
-0.1042,0,0
-0.1038,0,0
-0.1034,0,0
-0.103,0,0
-0.1026,0,0
-0.1022,0,0
-0.1018,0,0
-0.1014,0,0
-0.101,0,0
-0.1006,0.00404803,0.00405567
-0.1002,0,0
-0.0998,0,0
-0.0994,0,0
-0.099,0,0
-0.0986,0,0
-0.0982,0,0
-0.0978,0.00410443,0.00411225
-0.0974,0,0
-0.097,0,0
-0.0966,0,0
-0.0962,0,0
-0.0958,0,0
-0.0954,0.00412808,0.00413596
-0.095,0,0
-0.0946,0,0
-0.0942,0.00409769,0.00410544
-0.0938,0,0
-0.0934,0,0
-0.093,0,0
-0.0926,0,0
-0.0922,0,0
-0.0918,0,0
-0.0914,0,0
-0.091,0,0
-0.0906,0.00452621,0.00453563
-0.0902,0,0
-0.0898,0,0
-0.0894,0,0
-0.089,0,0
-0.0886,0,0
-0.0882,0.00405574,0.00406328
-0.0878,0,0
-0.0874,0,0
-0.087,0,0
-0.0866,0,0
-0.0862,0,0
-0.0858,0,0
-0.0854,0,0
-0.085,0,0
-0.0846,0,0
-0.0842,0,0
-0.0838,0,0
-0.0834,0,0
-0.083,0,0
-0.0826,0.00420607,0.00421413
-0.0822,0,0
-0.0818,0,0
-0.0814,0,0
-0.081,0,0
-0.0806,0,0
-0.0802,0,0
-0.0798,0.00423827,0.00424642
-0.0794,0,0
-0.079,0,0
-0.0786,0,0
-0.0782,0,0
-0.0778,0,0
-0.0774,0,0
-0.077,0,0
-0.0766,0,0
-0.0762,0,0
-0.0758,0,0
-0.0754,0,0
-0.075,0,0
-0.0746,0,0
-0.0742,0,0
-0.0738,0,0
-0.0734,0.000826101,0.00190839
-0.073,0,0
-0.0726,0,0
-0.0722,0,0
-0.0718,0.00383524,0.00411153
-0.0714,0,0
-0.071,0,0
-0.0706,0,0
-0.0702,0,0
-0.0698,0,0
-0.0694,0,0
-0.069,3.82312e-05,0.000401905
-0.0686,0,0
-0.0682,0,0
-0.0678,0,0
-0.0674,0,0
-0.067,0.00415061,0.00415835
-0.0666,0,0
-0.0662,0.00397089,0.00397797
-0.0658,0,0
-0.0654,0.00427812,0.00428634
-0.065,0,0
-0.0646,0,0
-0.0642,0,0
-0.0638,0,0
-0.0634,0.00383012,0.0038367
-0.063,0,0
-0.0626,0,0
-0.0622,0.0036479,0.00365387
-0.0618,0,0
-0.0614,0,0
-0.061,0,0
-0.0606,0,0
-0.0602,0,0
-0.0598,0.00403771,0.00404501
-0.0594,0,0
-0.059,0,0
-0.0586,0.0049,0.00457846
-0.0582,0,0
-0.0578,0.00401054,0.00401774
-0.0574,0.00445441,0.0044633
-0.057,0.000645095,0.00169857
-0.0566,0.0041025,0.00411003
-0.0562,0,0
-0.0558,0,0
-0.0554,0,0
-0.055,0,0
-0.0546,0,0
-0.0542,0,0
-0.0538,0,0
-0.0534,0,0
-0.053,0.00812079,0.00575303
-0.0526,0,0
-0.0522,0,0
-0.0518,0,0
-0.0514,0,0
-0.051,0,0
-0.0506,0,0
-0.0502,0,0
-0.0498,0,0
-0.0494,0,0
-0.049,0,0
-0.0486,0,0
-0.0482,0,0
-0.0478,0,0
-0.0474,0,0
-0.047,0.00397272,0.00397978
-0.0466,0.00438996,0.00439858
-0.0462,0.00399723,0.00400438
-0.0458,0,0
-0.0454,0.00400955,0.00401674
-0.045,0.00854794,0.00605954
-0.0446,0,0
-0.0442,0,0
-0.0438,0,0
-0.0434,0,0
-0.043,0,0
-0.0426,0,0
-0.0422,0.0042084,0.00421632
-0.0418,0,0
-0.0414,0.00439227,0.00440089
-0.041,0,0
-0.0406,0,0
-0.0402,0,0
-0.0398,0,0
-0.0394,0,0
-0.039,0,0
-0.0386,0,0
-0.0382,0,0
-0.0378,0,0
-0.0374,0,0
-0.037,0,0
-0.0366,0,0
-0.0362,0,0
-0.0358,0,0
-0.0354,0.00397765,0.00398471
-0.035,0,0
-0.0346,0,0
-0.0342,0,0
-0.0338,0,0
-0.0334,0,0
-0.033,0.00845398,0.00598915
-0.0326,0,0
-0.0322,0.00426927,0.0042774
-0.0318,0.00391382,0.00392065
-0.0314,0.00417985,0.00418764
-0.031,0.0039775,0.00398455
-0.0306,0,0
-0.0302,0,0
-0.0298,0.00445735,0.00446621
-0.0294,0,0
-0.029,0,0
-0.0286,0,0
-0.0282,0,0
-0.0278,0,0
-0.0274,0,0
-0.027,0,0
-0.0266,0,0
-0.0262,0,0
-0.0258,0,0
-0.0254,0.00362392,0.00362977
-0.025,0,0
-0.0246,0.00424447,0.00425249
-0.0242,0.00227876,0.00300047
-0.0238,0,0
-0.0234,0,0
-0.023,0,0
-0.0226,0,0
-0.0222,0,0
-0.0218,0,0
-0.0214,0,0
-0.021,0.00383113,0.00383766
-0.0206,0,0
-0.0202,0,0
-0.0198,0.00427652,0.00445327
-0.0194,0.00440324,0.00441185
-0.019,0,0
-0.0186,0.00468536,0.00469511
-0.0182,0,0
-0.0178,0,0
-0.0174,0,0
-0.017,0,0
-0.0166,0.00421587,0.00422376
-0.0162,0,0
-0.0158,0,0
-0.0154,0,0
-0.015,0.00409965,0.00410711
-0.0146,0.00394326,0.00404778
-0.0142,0,0
-0.0138,0,0
-0.0134,0.00889011,0.00629957
-0.013,0.00452137,0.00453043
-0.0126,0.00416509,0.00417278
-0.0122,0,0
-0.0118,0,0
-0.0114,0,0
-0.011,0.00428472,0.00429285
-0.0106,0,0
-0.0102,0.00428874,0.00429688
-0.0098,0,0
-0.0094,0,0
-0.009,0.0117685,0.00699182
-0.0086,0.0078117,0.00553325
-0.0082,0.0078894,0.00558838
-0.0078,0.00437059,0.00437903
-0.0074,0,0
-0.007,0,0
-0.0066,0,0
-0.0062,0.00403116,0.00403833
-0.0058,0.0311124,0.0117826
-0.0054,0.00446735,0.00447615
-0.005,0,0
-0.0046,0.0322668,0.0120019
-0.0042,0.0196162,0.00878828
-0.0038,0.020074,0.00899848
-0.0034,0.038584,0.0125123
-0.003,0.0914797,0.019448
-0.0026,0.114352,0.0219971
-0.0022,0.138206,0.0247769
-0.0018,0.20667,0.0300451
-0.0014,0.272372,0.0338559
-0.001,0.423746,0.0414877
-0.0006,0.579091,0.049866
-0.0002,0.621944,0.0506131
0.0002,0.551317,0.0479795
0.0006,0.547729,0.0477122
0.001,0.402816,0.0397258
0.0014,0.299853,0.0341084
0.0018,0.169894,0.0260199
0.0022,0.149729,0.0249813
0.0026,0.105804,0.0210113
0.003,0.0812731,0.0190127
0.0034,0.0713936,0.017284
0.0038,0.023273,0.00924446
0.0042,0.0244392,0.0100672
0.0046,0.0160573,0.00804331
0.005,0.0200827,0.00899728
0.0054,0.0129393,0.00748466
0.0058,0.032297,0.0116567
0.0062,0.0160645,0.00804647
0.0066,0.022865,0.00977282
0.007,0.0304799,0.0115424
0.0074,0.00841664,0.00596244
0.0078,0.00902437,0.0063938
0.0082,0.00418138,0.00418903
0.0086,0.00505396,0.00460595
0.009,0.000747809,0.00178245
0.0094,0.00844698,0.00598396
0.0098,0.00819875,0.00580779
0.0102,0.00476056,0.00477047
0.0106,0,0
0.011,0,0
0.0114,0.00457056,0.00457968
0.0118,0.00340193,0.00387147
0.0122,0.00403362,0.00404073
0.0126,0,0
0.013,0,0
0.0134,0.00414484,0.00415234
0.0138,0,0
0.0142,0,0
0.0146,0,0
0.015,0.00448508,0.00449385
0.0154,0.00425646,0.00426436
0.0158,0.00779063,0.00551817
0.0162,0,0
0.0166,0,0
0.017,0,0
0.0174,0,0
0.0178,0,0
0.0182,0,0
0.0186,0,0
0.019,0.00426398,0.00427189
0.0194,0.00800463,0.00567296
0.0198,0,0
0.0202,0,0
0.0206,0.00403992,0.00404701
0.021,0,0
0.0214,0,0
0.0218,0,0
0.0222,0,0
0.0226,0,0
0.023,0,0
0.0234,0.00435802,0.00436627
0.0238,0.0063614,0.00514962
0.0242,0,0
0.0246,0.00424291,0.00425072
0.025,0.0042438,0.00425162
0.0254,0,0
0.0258,0.00148151,0.00252744
0.0262,0.00383271,0.00383908
0.0266,0.00303156,0.00351723
0.027,0.00406716,0.00407433
0.0274,0,0
0.0278,0.00105843,0.00200769
0.0282,0,0
0.0286,0,0
0.029,0,0
0.0294,0,0
0.0298,0.00442787,0.00443636
0.0302,0,0
0.0306,0,0
0.031,0.00438425,0.00439256
0.0314,0,0
0.0318,0,0
0.0322,0,0
0.0326,0,0
0.033,0,0
0.0334,0.000713004,0.00179075
0.0338,0,0
0.0342,0,0
0.0346,0,0
0.035,0,0
0.0354,0,0
0.0358,0,0
0.0362,0.00457916,0.00458821
0.0366,0,0
0.037,0,0
0.0374,0,0
0.0378,0.00386624,0.00387268
0.0382,0,0
0.0386,0,0
0.039,0,0
0.0394,0,0
0.0398,0.00420503,0.00421265
0.0402,0.00427344,0.0042813
0.0406,0,0
0.041,0,0
0.0414,0,0
0.0418,0.00398537,0.00399221
0.0422,0.0085916,0.00608643
0.0426,0,0
0.043,0.00792941,0.00562189
0.0434,0,0
0.0438,0,0
0.0442,0,0
0.0446,0,0
0.045,0.00454629,0.00455517
0.0454,0,0
0.0458,0,0
0.0462,0,0
0.0466,0,0
0.047,0.004163,0.00417044
0.0474,0,0
0.0478,0,0
0.0482,0,0
0.0486,0,0
0.049,0,0
0.0494,0,0
0.0498,0.00429532,0.00430322
0.0502,0,0
0.0506,0,0
0.051,0,0
0.0514,0,0
0.0518,0,0
0.0522,0,0
0.0526,0,0
0.053,0,0
0.0534,0.00452458,0.00453332
0.0538,0,0
0.0542,0,0
0.0546,0,0
0.055,0,0
0.0554,0,0
0.0558,0,0
0.0562,0,0
0.0566,0.00422681,0.00423441
0.057,0,0
0.0574,0.00791678,0.00586062
0.0578,0,0
0.0582,0.00459264,0.0046016
0.0586,0.00918982,0.00651087
0.059,0.00440764,0.00441589
0.0594,0,0
0.0598,0,0
0.0602,0.00712347,0.00535227
0.0606,0,0
0.061,0,0
0.0614,0.00424165,0.00424926
0.0618,0,0
0.0622,0,0
0.0626,0,0
0.063,0,0
0.0634,0.00393904,0.00394559
0.0638,0,0
0.0642,0,0
0.0646,0.00435153,0.0043595
0.065,0,0
0.0654,0,0
0.0658,0,0
0.0662,0.00425858,0.00426619
0.0666,0,0
0.067,0,0
0.0674,0,0
0.0678,0,0
0.0682,0,0
0.0686,0,0
0.069,0,0
0.0694,0,0
0.0698,0.00427807,0.00428572
0.0702,0,0
0.0706,0,0
0.071,0,0
0.0714,0,0
0.0718,0.0044385,0.0044467
0.0722,0,0
0.0726,0,0
0.073,0,0
0.0734,0,0
0.0738,0,0
0.0742,0,0
0.0746,0,0
0.075,0,0
0.0754,8.97581e-05,0.000634197
0.0758,0,0
0.0762,0.00421956,0.00422694
0.0766,0,0
0.077,0,0
0.0774,0.00839404,0.0059458
0.0778,0,0
0.0782,0,0
0.0786,0,0
0.079,0,0
0.0794,0,0
0.0798,0,0
0.0802,0,0
0.0806,0,0
0.081,0.00135576,0.00246709
0.0814,0.00454996,0.00455848
0.0818,0.00415032,0.00415741
0.0822,0,0
0.0826,0,0
0.083,0,0
0.0834,0,0
0.0838,0.00461527,0.00462401
0.0842,0,0
0.0846,0,0
0.085,0.00433367,0.00434137
0.0854,0,0
0.0858,0,0
0.0862,0,0
0.0866,0.00430637,0.00431396
0.087,0,0
0.0874,0,0
0.0878,0,0
0.0882,0,0
0.0886,0,0
0.089,0,0
0.0894,0.00430914,0.00431672
0.0898,0,0
0.0902,0,0
0.0906,0.0043569,0.00436463
0.091,0.00437179,0.00437957
0.0914,0,0
0.0918,0,0
0.0922,0,0
0.0926,0,0
0.093,0,0
0.0934,0.00445242,0.00446048
0.0938,0,0
0.0942,0,0
0.0946,0.00463014,0.00463884
0.095,0,0
0.0954,0,0
0.0958,0,0
0.0962,0,0
0.0966,0,0
0.097,0,0
0.0974,0,0
0.0978,0,0
0.0982,0.00883333,0.00625727
0.0986,0,0
0.099,0,0
0.0994,0,0
0.0998,0,0
0.1002,0.00509129,0.00510176
0.1006,0,0
0.101,0,0
0.1014,0,0
0.1018,0,0
0.1022,0,0
0.1026,0,0
0.103,0,0
0.1034,0.00484444,0.0048539
0.1038,0,0
0.1042,0,0
0.1046,0,0
0.105,0,0
0.1054,0,0
0.1058,0,0
0.1062,0,0
0.1066,0.00528483,0.00529608
0.107,0,0
0.1074,0.00580211,0.00581568
0.1078,0,0
0.1082,0,0
0.1086,0,0
0.109,0.00658545,0.00660291
0.1094,0,0
0.1098,0.00579825,0.00581179
0.1102,3.83302e-07,4.79827e-05
0.1106,0.00526341,0.00527457
0.111,0,0
0.1114,0,0
0.1118,0,0
0.1122,0,0
0.1126,0,0
0.113,0,0
0.1134,0,0
0.1138,0,0
0.1142,0,0
0.1146,0,0
0.115,0,0
0.1154,0.00709255,0.0071128
0.1158,0,0
0.1162,0.00724956,0.00727072
0.1166,0,0
0.117,0,0
0.1174,0.00663421,0.00665194
0.1178,0,0
0.1182,0.00732653,0.00734815
0.1186,0,0
0.119,0,0
0.1194,0,0
0.1198,0,0
9
-0.1198,0,0
-0.1194,0.00373889,0.00374574
-0.119,0,0
-0.1186,0,0
-0.1182,0,0
-0.1178,0,0
-0.1174,0,0
-0.117,0,0
-0.1166,0.0039248,0.00393238
-0.1162,0,0
-0.1158,0,0
-0.1154,0,0
-0.115,0,0
-0.1146,0,0
-0.1142,0,0
-0.1138,0,0
-0.1134,0.00377779,0.00378485
-0.113,0,0
-0.1126,0,0
-0.1122,0,0
-0.1118,0.00366768,0.00367435
-0.1114,0,0
-0.111,0,0
-0.1106,0,0
-0.1102,0,0
-0.1098,0,0
-0.1094,0,0
-0.109,0,0
-0.1086,0,0
-0.1082,0.00376089,0.00376795
-0.1078,0,0
-0.1074,0,0
-0.107,0,0
-0.1066,0,0
-0.1062,0,0
-0.1058,0,0
-0.1054,0,0
-0.105,0.003226,0.00323122
-0.1046,0,0
-0.1042,0,0
-0.1038,0,0
-0.1034,0,0
-0.103,0,0
-0.1026,0,0
-0.1022,0,0
-0.1018,0,0
-0.1014,0,0
-0.101,0,0
-0.1006,0,0
-0.1002,0.00391316,0.00392089
-0.0998,0.00369228,0.00369917
-0.0994,0.00368976,0.00369664
-0.099,0,0
-0.0986,0,0
-0.0982,0,0
-0.0978,0,0
-0.0974,0.00353774,0.00354409
-0.097,0,0
-0.0966,0,0
-0.0962,0,0
-0.0958,0,0
-0.0954,0,0
-0.095,0,0
-0.0946,0,0
-0.0942,0,0
-0.0938,0.0037139,0.00372093
-0.0934,0,0
-0.093,0,0
-0.0926,0,0
-0.0922,0,0
-0.0918,0,0
-0.0914,0,0
-0.091,0,0
-0.0906,0,0
-0.0902,0,0
-0.0898,0,0
-0.0894,0,0
-0.089,0,0
-0.0886,0,0
-0.0882,0,0
-0.0878,0,0
-0.0874,0,0
-0.087,0.00330272,0.00330833
-0.0866,0,0
-0.0862,0,0
-0.0858,0,0
-0.0854,0,0
-0.085,0,0
-0.0846,0,0
-0.0842,0.00727842,0.00515628
-0.0838,0,0
-0.0834,0,0
-0.083,0,0
-0.0826,0.00361284,0.00361959
-0.0822,0,0
-0.0818,0.00334874,0.00335453
-0.0814,0,0
-0.081,0,0
-0.0806,0,0
-0.0802,0,0
-0.0798,0,0
-0.0794,0,0
-0.079,0.00375617,0.00376349
-0.0786,0,0
-0.0782,0,0
-0.0778,0,0
-0.0774,0,0
-0.077,0.00366023,0.00366719
-0.0766,0,0
-0.0762,0.00344798,0.00345416
-0.0758,0,0
-0.0754,0,0
-0.075,0,0
-0.0746,0,0
-0.0742,0,0
-0.0738,0.00785647,0.00556674
-0.0734,0.00308424,0.00342975
-0.073,0,0
-0.0726,0,0
-0.0722,0,0
-0.0718,0.00363919,0.0036461
-0.0714,0,0
-0.071,0,0
-0.0706,0,0
-0.0702,0,0
-0.0698,0.00336759,0.00337352
-0.0694,0,0
-0.069,0,0
-0.0686,0,0
-0.0682,0,0
-0.0678,0.00325936,0.00326492
-0.0674,0,0
-0.067,0.00355606,0.00356269
-0.0666,0.00341057,0.00341667
-0.0662,0.00331464,0.0033204
-0.0658,0,0
-0.0654,0.0036574,0.00366442
-0.065,0.00366613,0.00367318
-0.0646,0,0
-0.0642,0.00351058,0.00351705
-0.0638,0.00354274,0.00354933
-0.0634,0.00326659,0.0032722
-0.063,0,0
-0.0626,0,0
-0.0622,0.00660088,0.00467564
-0.0618,0.00310579,0.00311087
-0.0614,0,0
-0.061,0.00378401,0.00379155
-0.0606,0,0
-0.0602,0.00694234,0.00491838
-0.0598,0,0
-0.0594,0,0
-0.059,0.010596,0.006129
-0.0586,0.00713787,0.0050572
-0.0582,0,0
-0.0578,0.00340099,0.0034071
-0.0574,0,0
-0.057,0,0
-0.0566,0,0
-0.0562,0.00336194,0.00336791
-0.0558,0,0
-0.0554,0,0
-0.055,0,0
-0.0546,0,0
-0.0542,0,0
-0.0538,0.00344048,0.00344674
-0.0534,0,0
-0.053,0,0
-0.0526,0,0
-0.0522,0.00659537,0.0046827
-0.0518,0.0140986,0.00706248
-0.0514,0,0
-0.051,0.00340637,0.00341252
-0.0506,0.00344725,0.00345355
-0.0502,0.00343142,0.00343767
-0.0498,0,0
-0.0494,0,0
-0.049,0,0
-0.0486,0,0
-0.0482,0,0
-0.0478,0,0
-0.0474,0,0
-0.047,0,0
-0.0466,0,0
-0.0462,0,0
-0.0458,0.00336822,0.00337425
-0.0454,0.00336838,0.00337442
-0.045,0,0
-0.0446,0.00682954,0.0048385
-0.0442,0.00336512,0.00337115
-0.0438,0,0
-0.0434,0.00347154,0.00347797
-0.043,0,0
-0.0426,0,0
-0.0422,0,0
-0.0418,0,0
-0.0414,0.00720519,0.00510562
-0.041,0.00396304,0.00397143
-0.0406,0.0106609,0.00618722
-0.0402,0,0
-0.0398,0.00710261,0.00503186
-0.0394,0,0
-0.039,0,0
-0.0386,0,0
-0.0382,0,0
-0.0378,0.00332951,0.00333546
-0.0374,0,0
-0.037,0.00350483,0.00351143
-0.0366,0.012028,0.00602375
-0.0362,0.00336696,0.00337305
-0.0358,0,0
-0.0354,0,0
-0.035,0,0
-0.0346,0.00329289,0.00329873
-0.0342,0.00663745,0.00470194
-0.0338,0,0
-0.0334,0,0
-0.033,0,0
-0.0326,0.00352814,0.00353485
-0.0322,0,0
-0.0318,0.0096933,0.00560621
-0.0314,0,0
-0.031,0,0
-0.0306,0,0
-0.0302,0,0
-0.0298,0,0
-0.0294,0.00733517,0.00519706
-0.029,0.00679615,0.00481446
-0.0286,0.00330388,0.0033098
-0.0282,0.00330243,0.00330834
-0.0278,0,0
-0.0274,0.00333131,0.00333734
-0.027,0.00332969,0.00333571
-0.0266,0.00341167,0.00341799
-0.0262,0,0
-0.0258,0.00660042,0.00467582
-0.0254,0.00926075,0.00536413
-0.025,0.00353627,0.00354307
-0.0246,0,0
-0.0242,0.00459138,0.0038582
-0.0238,0.00323575,0.00324146
-0.0234,0,0
-0.023,0,0
-0.0226,0,0
-0.0222,0,0
-0.0218,0.0106828,0.00618107
-0.0214,0.00344602,0.00345251
-0.021,0,0
-0.0206,0.00315221,0.00315765
-0.0202,0,0
-0.0198,0.00374615,0.00375383
-0.0194,0.00713932,0.00505814
-0.019,0,0
-0.0186,0.00723136,0.0051235
-0.0182,0.00692651,0.00491177
-0.0178,0,0
-0.0174,0.00939624,0.00543427
-0.017,0.00315348,0.00315894
-0.0166,0.00676991,0.00479597
-0.0162,0.00313281,0.00313821
-0.0158,0.00322903,0.00323478
-0.0154,0.0031372,0.00314262
-0.015,0,0
-0.0146,0.00665957,0.00471768
-0.0142,0.00325899,0.00326485
-0.0138,0,0
-0.0134,0.010642,0.00615704
-0.013,0.00362613,0.00363339
-0.0126,0,0
-0.0122,0.00346072,0.00346734
-0.0118,0.00665419,0.0047139
-0.0114,0,0
-0.011,0,0
-0.0106,0,0
-0.0102,0.010289,0.00595172
-0.0098,0.00346329,0.00346994
-0.0094,0.010384,0.00600675
-0.009,0.00362094,0.00337361
-0.0086,0.00937666,0.00542311
-0.0082,0.0156653,0.00701799
-0.0078,0.0170006,0.00761835
-0.0074,0.0204606,0.00837002
-0.007,0.0129868,0.00650636
-0.0066,0.00978956,0.00566269
-0.0062,0.013374,0.00670688
-0.0058,0.0245475,0.0092964
-0.0054,0.010405,0.00602064
-0.005,0.0140055,0.00701865
-0.0046,0.00807445,0.00532975
-0.0042,0.0246857,0.00874333
-0.0038,0.0218527,0.00827901
-0.0034,0.0351999,0.0106396
-0.003,0.0613267,0.0140978
-0.0026,0.0756876,0.015858
-0.0022,0.155875,0.023261
-0.0018,0.198894,0.0261525
-0.0014,0.375356,0.0350868
-0.001,0.601101,0.0437643
-0.0006,0.776205,0.0511202
-0.0002,0.842864,0.0521069
0.0002,0.711884,0.0481884
0.0006,0.564332,0.0428547
0.001,0.36102,0.0332423
0.0014,0.134183,0.0201434
0.0018,0.137236,0.0206796
0.0022,0.082815,0.0164444
0.0026,0.0519487,0.0129248
0.003,0.0558828,0.0140235
0.0034,0.0236879,0.00872221
0.0038,0.0382441,0.0107962
0.0042,0.0258763,0.00911723
0.0046,0.00619125,0.00438553
0.005,0.0187082,0.00765121
0.0054,0.0131243,0.00657678
0.0058,0.029072,0.0097936
0.0062,0.0187017,0.00764849
0.0066,0.0212907,0.00837386
0.007,0.0235448,0.00891614
0.0074,0.0391495,0.0113231
0.0078,0.0441944,0.01229
0.0082,0.0128425,0.006433
0.0086,0.00578149,0.00432728
0.009,0.0188003,0.00780596
0.0094,0.00650999,0.00461176
0.0098,0.00682374,0.00484797
0.0102,0.00311044,0.00311593
0.0106,0,0
0.011,0,0
0.0114,0.00351225,0.00351926
0.0118,0,0
0.0122,0,0
0.0126,0.00628787,0.00445434
0.013,0,0
0.0134,0.00317643,0.00318218
0.0138,0,0
0.0142,0,0
0.0146,0.00306873,0.00307409
0.015,0.00343008,0.00343678
0.0154,0,0
0.0158,0.00297599,0.00298104
0.0162,0.00317702,0.00318277
0.0166,0.00309871,0.00310419
0.017,0,0
0.0174,0.00349427,0.00350124
0.0178,0,0
0.0182,0,0
0.0186,0.0100273,0.00580033
0.019,0.00314256,0.00314821
0.0194,0,0
0.0198,0,0
0.0202,0.00342611,0.00343283
0.0206,0.00613509,0.00434579
0.021,0.00320081,0.00320667
0.0214,0,0
0.0218,0,0
0.0222,0.00328264,0.00328881
0.0226,0,0
0.023,0,0
0.0234,0.00329638,0.00330261
0.0238,0.00153707,0.00225492
0.0242,0.00302598,0.00303124
0.0246,0.00688722,0.00487963
0.025,0.00320557,0.00321147
0.0254,0.00299042,0.00299555
0.0258,0.00536572,0.00417851
0.0262,0.00289124,0.00289604
0.0266,0.0070633,0.00471403
0.027,0,0
0.0274,0,0
0.0278,0.00791059,0.00480468
0.0282,0,0
0.0286,0.00312046,0.00312606
0.029,0,0
0.0294,0.00640488,0.00454168
0.0298,0,0
0.0302,0,0
0.0306,0.00639346,0.00453114
0.031,0,0
0.0314,0.00644207,0.00456398
0.0318,0.00651216,0.00461344
0.0322,0,0
0.0326,0.00313974,0.00314543
0.033,0.00295279,0.00295782
0.0334,0.00617272,0.00455834
0.0338,0.00299869,0.00300388
0.0342,0.00299795,0.00300314
0.0346,0,0
0.035,0.00309032,0.00309584
0.0354,0.00312695,0.0031326
0.0358,0.00675294,0.00478473
0.0362,0.00318405,0.00318991
0.0366,0.00337654,0.00338313
0.037,0,0
0.0374,0.00330612,0.00331244
0.0378,0.00288074,0.00288554
0.0382,0,0
0.0386,0.00305018,0.00305556
0.039,0,0
0.0394,0,0
0.0398,0,0
0.0402,0.00317674,0.00318259
0.0406,0.00323254,0.00323859
0.041,0.00307289,0.00307836
0.0414,0,0
0.0418,0,0
0.0422,0.00317906,0.00318491
0.0426,0.00299359,0.00299878
0.043,0,0
0.0434,0.00581952,0.00412438
0.0438,0.0029956,0.00300081
0.0442,0.00318478,0.00319066
0.0446,0.00673017,0.00476824
0.045,0.00305376,0.00305917
0.0454,0.00313679,0.0031425
0.0458,0.0060889,0.00431317
0.0462,0,0
0.0466,0,0
0.047,0.00307522,0.00308072
0.0474,0.00292774,0.00293271
0.0478,0,0
0.0482,0,0
0.0486,0,0
0.049,0,0
0.0494,0.00311717,0.00312282
0.0498,0.0063249,0.00448061
0.0502,0,0
0.0506,0,0
0.051,0.00299044,0.00299564
0.0514,0,0
0.0518,0,0
0.0522,0,0
0.0526,0,0
0.053,0.00291356,0.00291851
0.0534,0.0031601,0.00316592
0.0538,0,0
0.0542,0.00636076,0.00450608
0.0546,0,0
0.055,0.00637229,0.00452104
0.0554,0,0
0.0558,0,0
0.0562,0,0
0.0566,0.00295952,0.00296464
0.057,0,0
0.0574,0.00367697,0.00340779
0.0578,0,0
0.0582,0,0
0.0586,0,0
0.059,0,0
0.0594,0.00603982,0.00427835
0.0598,0.00283841,0.00284313
0.0602,0.000644838,0.00136901
0.0606,0.00283198,0.00283668
0.061,0.005662,0.00401029
0.0614,0.00305774,0.00306322
0.0618,0,0
0.0622,0,0
0.0626,0.012056,0.00603867
0.063,0,0
0.0634,0,0
0.0638,0.00307336,0.00307891
0.0642,0.00307233,0.00307788
0.0646,0.00311452,0.00312022
0.065,0,0
0.0654,0.00300157,0.00300687
0.0658,0,0
0.0662,0,0
0.0666,0.00616579,0.00436858
0.067,0,0
0.0674,0,0
0.0678,0.00917668,0.00530773
0.0682,0,0
0.0686,0,0
0.069,0.00610578,0.00432718
0.0694,0,0
0.0698,0,0
0.0702,0.00310656,0.00311227
0.0706,0,0
0.071,0,0
0.0714,0,0
0.0718,0.0031211,0.00312687
0.0722,0.00324921,0.00325546
0.0726,0.00293746,0.00294258
0.073,0,0
0.0734,0,0
0.0738,0.00295455,0.00295973
0.0742,0.00649633,0.00460277
0.0746,0.00328412,0.00329052
0.075,0,0
0.0754,0,0
0.0758,0.00301442,0.00301982
0.0762,0.00293682,0.00294195
0.0766,0,0
0.077,0,0
0.0774,0.00295889,0.00296411
0.0778,0,0
0.0782,0.0033132,0.00331975
0.0786,0,0
0.079,0.00296203,0.00296727
0.0794,0,0
0.0798,0,0
0.0802,0,0
0.0806,0,0
0.081,0.00214553,0.00257484
0.0814,0.00625792,0.00443331
0.0818,0.0028516,0.00285647
0.0822,0.00587877,0.00416463
0.0826,0,0
0.083,0,0
0.0834,0.00316264,0.00316864
0.0838,0.00315638,0.00316236
0.0842,0,0
0.0846,0,0
0.085,0,0
0.0854,0,0
0.0858,0,0
0.0862,0.0121302,0.00607742
0.0866,0,0
0.087,0.00593205,0.00420209
0.0874,0.00291234,0.00291745
0.0878,0,0
0.0882,0.00305011,0.00305572
0.0886,0.00318993,0.00319606
0.089,0.00582609,0.00412691
0.0894,0.00276115,0.00276575
0.0898,0,0
0.0902,0.00297516,0.0029805
0.0906,0.00293787,0.00294308
0.091,0.00589179,0.00417354
0.0914,0,0
0.0918,0.0028629,0.00286786
0.0922,0,0
0.0926,0.00291871,0.00292386
0.093,0,0
0.0934,0,0
0.0938,0.00298736,0.00299276
0.0942,0.00590359,0.00418193
0.0946,0,0
0.095,0,0
0.0954,0,0
0.0958,0.00610087,0.00432195
0.0962,0.00873793,0.0050566
0.0966,0.00284353,0.00284843
0.097,0,0
0.0974,0,0
0.0978,0,0
0.0982,0.00302177,0.0030273
0.0986,0.00294685,0.00295211
0.099,0.00305579,0.00306145
0.0994,0,0
0.0998,0,0
0.1002,0.00336519,0.00337205
0.1006,0,0
0.101,0.003242,0.00324837
0.1014,0,0
0.1018,0.00323029,0.00323662
0.1022,0,0
0.1026,0.00339281,0.00339979
0.103,0,0
0.1034,0.00608544,0.004311
0.1038,0.00349363,0.00350103
0.1042,0.00702574,0.00497854
0.1046,0.00726367,0.00514751
0.105,0.00382449,0.00383336
0.1054,0.00353896,0.00354681
0.1058,0.0075705,0.00536661
0.1062,0,0
0.1066,0.00388224,0.00389138
0.107,0,0
0.1074,0.00385259,0.00386159
0.1078,0,0
0.1082,0.00748203,0.00530261
0.1086,0,0
0.109,0,0
0.1094,0,0
0.1098,0.00769369,0.00545297
0.1102,0.00396518,0.00397485
0.1106,0,0
0.111,0.00795923,0.00564163
0.1114,0,0
0.1118,0.00447448,0.00448664
0.1122,0,0
0.1126,0,0
0.113,0.00406388,0.00407391
0.1134,0,0
0.1138,0,0
0.1142,0,0
0.1146,0,0
0.115,0.00511294,0.00512881
0.1154,0,0
0.1158,0.00472263,0.00473618
0.1162,0.00457059,0.00458328
0.1166,0,0
0.117,0,0
0.1174,0.00439642,0.00440816
0.1178,0.00470972,0.0047232
0.1182,0.00485498,0.00486931
0.1186,0,0
0.119,0.0049853,0.0050004
0.1194,0,0
0.1198,0,0
