# X , Y , E Distribution=true
1
-0.1198,0,0
-0.1194,0,0
-0.119,0,0
-0.1186,0,0
-0.1182,0,0
-0.1178,0,0
-0.1174,0.0125863,0.01261
-0.117,0,0
-0.1166,0,0
-0.1162,0,0
-0.1158,0,0
-0.1154,0,0
-0.115,0,0
-0.1146,0.0127097,0.0127339
-0.1142,0,0
-0.1138,0.0104844,0.0114008
-0.1134,0,0
-0.113,0,0
-0.1126,0,0
-0.1122,0,0
-0.1118,0,0
-0.1114,0,0
-0.111,0,0
-0.1106,0,0
-0.1102,0,0
-0.1098,0,0
-0.1094,0,0
-0.109,0,0
-0.1086,0,0
-0.1082,0,0
-0.1078,0,0
-0.1074,0,0
-0.107,0,0
-0.1066,0,0
-0.1062,0,0
-0.1058,0,0
-0.1054,0,0
-0.105,0,0
-0.1046,0,0
-0.1042,0.0146638,0.0146958
-0.1038,0.0125956,0.013122
-0.1034,0,0
-0.103,0,0
-0.1026,0,0
-0.1022,0,0
-0.1018,0,0
-0.1014,0,0
-0.101,0,0
-0.1006,0,0
-0.1002,0,0
-0.0998,0,0
-0.0994,0,0
-0.099,0,0
-0.0986,0,0
-0.0982,0,0
-0.0978,0,0
-0.0974,0,0
-0.097,0,0
-0.0966,0,0
-0.0962,0,0
-0.0958,0,0
-0.0954,0,0
-0.095,0,0
-0.0946,0,0
-0.0942,0,0
-0.0938,0,0
-0.0934,0,0
-0.093,0,0
-0.0926,0.0138944,0.013923
-0.0922,0,0
-0.0918,0,0
-0.0914,0,0
-0.091,0,0
-0.0906,0,0
-0.0902,0,0
-0.0898,0,0
-0.0894,0,0
-0.089,0,0
-0.0886,0,0
-0.0882,0,0
-0.0878,0,0
-0.0874,0,0
-0.087,0,0
-0.0866,0,0
-0.0862,0.0130881,0.0131134
-0.0858,0,0
-0.0854,0,0
-0.085,0,0
-0.0846,0,0
-0.0842,0,0
-0.0838,0,0
-0.0834,0,0
-0.083,0,0
-0.0826,0,0
-0.0822,0.00127705,0.00403083
-0.0818,0,0
-0.0814,0,0
-0.081,0,0
-0.0806,0,0
-0.0802,0,0
-0.0798,0,0
-0.0794,0,0
-0.079,0,0
-0.0786,0,0
-0.0782,0.0117204,0.0117407
-0.0778,0,0
-0.0774,0,0
-0.077,0,0
-0.0766,0.0135183,0.0135452
-0.0762,0.00959514,0.0116824
-0.0758,0.01364,0.0136674
-0.0754,0,0
-0.075,0,0
-0.0746,0,0
-0.0742,0.00997026,0.0115609
-0.0738,0,0
-0.0734,0,0
-0.073,0,0
-0.0726,0,0
-0.0722,0,0
-0.0718,0.0121294,0.0121511
-0.0714,0.013164,0.0131895
-0.071,0,0
-0.0706,0,0
-0.0702,0.0122798,0.0123019
-0.0698,0,0
-0.0694,0.0126804,0.0127039
-0.069,0,0
-0.0686,0,0
-0.0682,0,0
-0.0678,0,0
-0.0674,0,0
-0.067,0,0
-0.0666,0,0
-0.0662,0.0132593,0.0132851
-0.0658,0,0
-0.0654,0,0
-0.065,0,0
-0.0646,0,0
-0.0642,0.011847,0.0118676
-0.0638,0,0
-0.0634,0,0
-0.063,0,0
-0.0626,0.0133977,0.013424
-0.0622,0,0
-0.0618,0,0
-0.0614,0,0
-0.061,0,0
-0.0606,0,0
-0.0602,0.011066,0.0121277
-0.0598,0,0
-0.0594,0,0
-0.059,0,0
-0.0586,0,0
-0.0582,0,0
-0.0578,0,0
-0.0574,0,0
-0.057,0,0
-0.0566,0,0
-0.0562,0,0
-0.0558,0,0
-0.0554,0,0
-0.055,0,0
-0.0546,0,0
-0.0542,0,0
-0.0538,0,0
-0.0534,0,0
-0.053,0,0
-0.0526,0,0
-0.0522,0,0
-0.0518,0,0
-0.0514,0,0
-0.051,0,0
-0.0506,0,0
-0.0502,0,0
-0.0498,0,0
-0.0494,0,0
-0.049,0.0122864,0.0123084
-0.0486,0,0
-0.0482,0,0
-0.0478,0.0140623,0.014091
-0.0474,0,0
-0.047,0.013041,0.0130657
-0.0466,0,0
-0.0462,0,0
-0.0458,0,0
-0.0454,0,0
-0.045,0,0
-0.0446,0.00236207,0.00555339
-0.0442,0,0
-0.0438,0,0
-0.0434,0,0
-0.043,0,0
-0.0426,0,0
-0.0422,0,0
-0.0418,0,0
-0.0414,0,0
-0.041,0.0131068,0.0131317
-0.0406,0,0
-0.0402,0,0
-0.0398,0,0
-0.0394,0,0
-0.039,0,0
-0.0386,0,0
-0.0382,0.0128905,0.0129145
-0.0378,0.017532,0.0149216
-0.0374,0,0
-0.037,0,0
-0.0366,0,0
-0.0362,0,0
-0.0358,0,0
-0.0354,0,0
-0.035,0,0
-0.0346,0,0
-0.0342,0,0
-0.0338,0,0
-0.0334,0,0
-0.033,0,0
-0.0326,0.00496581,0.00796842
-0.0322,0,0
-0.0318,0,0
-0.0314,0,0
-0.031,0.0132921,0.0133175
-0.0306,0,0
-0.0302,0,0
-0.0298,0,0
-0.0294,0.0127239,0.0127472
-0.029,0,0
-0.0286,0,0
-0.0282,0,0
-0.0278,0,0
-0.0274,0,0
-0.027,0,0
-0.0266,0,0
-0.0262,0,0
-0.0258,0.0128813,0.0129051
-0.0254,0,0
-0.025,0,0
-0.0246,0,0
-0.0242,0,0
-0.0238,0,0
-0.0234,0,0
-0.023,0.0126996,0.0127227
-0.0226,0.012702,0.0127252
-0.0222,0,0
-0.0218,0,0
-0.0214,0,0
-0.021,0,0
-0.0206,0,0
-0.0202,0,0
-0.0198,0,0
-0.0194,0.012774,0.0127974
-0.019,0,0
-0.0186,0,0
-0.0182,0,0
-0.0178,0,0
-0.0174,0,0
-0.017,0.0135825,0.0136089
-0.0166,0,0
-0.0162,0,0
-0.0158,0.013324,0.0133494
-0.0154,0,0
-0.015,0,0
-0.0146,0,0
-0.0142,0,0
-0.0138,0,0
-0.0134,0.013553,0.0135792
-0.013,0,0
-0.0126,0.0127135,0.0127366
-0.0122,0,0
-0.0118,0,0
-0.0114,0.0267627,0.0189617
-0.011,0.0140288,0.0140569
-0.0106,0.0140314,0.0140595
-0.0102,0,0
-0.0098,0,0
-0.0094,0,0
-0.009,0.0124822,0.0125044
-0.0086,0,0
-0.0082,0.00871956,0.0105241
-0.0078,0,0
-0.0074,0.0122452,0.0122665
-0.007,0.00943699,0.0110201
-0.0066,0.0233957,0.017281
-0.0062,0.023892,0.0178589
-0.0058,0,0
-0.0054,0.0183047,0.0154493
-0.005,0.0123079,0.0123295
-0.0046,0.0512809,0.0256944
-0.0042,0.0242549,0.0171805
-0.0038,0.0427207,0.0232104
-0.0034,0.0948776,0.0350835
-0.003,0.236923,0.0553581
-0.0026,0.47372,0.0813506
-0.0022,0.771132,0.100461
-0.0018,1.35298,0.13231
-0.0014,2.43613,0.176102
-0.001,4.01232,0.230117
-0.0006,5.39495,0.275816
-0.0002,5.59011,0.269958
0.0002,4.90192,0.250584
0.0006,4.03974,0.230676
0.001,2.13418,0.165861
0.0014,1.39366,0.132481
0.0018,0.726958,0.102996
0.0022,0.22575,0.0539661
0.0026,0.0898515,0.0339459
0.003,0.0263467,0.0186648
0.0034,0.012388,0.0124098
0.0038,0.0127099,0.0127328
0.0042,0,0
0.0046,0.0133879,0.0129768
0.005,0.0139623,0.0135217
0.0054,0,0
0.0058,0.0117801,0.011964
0.0062,0,0
0.0066,0,0
0.007,0,0
0.0074,0.0120349,0.0120554
0.0078,0,0
0.0082,0.00914074,0.0107263
0.0086,0,0
0.009,0.0135752,0.0136013
0.0094,0.0135784,0.0136044
0.0098,0.0121869,0.0122079
0.0102,0,0
0.0106,0.012778,0.0128011
0.011,0.0169777,0.0145321
0.0114,0.0126509,0.0126735
0.0118,0,0
0.0122,0,0
0.0126,0,0
0.013,0,0
0.0134,0,0
0.0138,0.0116476,0.0116667
0.0142,0,0
0.0146,0,0
0.015,0,0
0.0154,0,0
0.0158,0,0
0.0162,0.00868487,0.0105246
0.0166,0,0
0.017,0,0
0.0174,0,0
0.0178,0,0
0.0182,0,0
0.0186,0,0
0.019,0,0
0.0194,0.0113002,0.0113182
0.0198,0,0
0.0202,0,0
0.0206,0,0
0.021,0,0
0.0214,0.0125486,0.0125707
0.0218,0,0
0.0222,0,0
0.0226,0,0
0.023,0,0
0.0234,0,0
0.0238,0,0
0.0242,0,0
0.0246,0,0
0.025,0,0
0.0254,0,0
0.0258,0,0
0.0262,0,0
0.0266,0,0
0.027,0.00633729,0.0089562
0.0274,0,0
0.0278,0,0
0.0282,0,0
0.0286,0,0
0.029,0.0124728,0.0124945
0.0294,0,0
0.0298,0,0
0.0302,0,0
0.0306,0,0
0.031,0,0
0.0314,0,0
0.0318,0,0
0.0322,0,0
0.0326,0,0
0.033,0,0
0.0334,0,0
0.0338,0,0
0.0342,0,0
0.0346,0,0
0.035,0,0
0.0354,0,0
0.0358,0,0
0.0362,0,0
0.0366,0.0140935,0.0141211
0.037,0,0
0.0374,0,0
0.0378,0,0
0.0382,0,0
0.0386,0,0
0.039,0,0
0.0394,0,0
0.0398,0,0
0.0402,0,0
0.0406,0,0
0.041,0,0
0.0414,0,0
0.0418,0,0
0.0422,0,0
0.0426,0.00320488,0.00657479
0.043,0,0
0.0434,0,0
0.0438,0,0
0.0442,0,0
0.0446,0,0
0.045,0,0
0.0454,0,0
0.0458,0,0
0.0462,0,0
0.0466,0,0
0.047,0,0
0.0474,0,0
0.0478,0.0129954,0.0130188
0.0482,0,0
0.0486,0,0
0.049,0,0
0.0494,0,0
0.0498,0,0
0.0502,0,0
0.0506,0.0136716,0.0136975
0.051,0,0
0.0514,0,0
0.0518,0,0
0.0522,0.0126668,0.012689
0.0526,0,0
0.053,0,0
0.0534,0,0
0.0538,0,0
0.0542,0,0
0.0546,0,0
0.055,0,0
0.0554,0,0
0.0558,0,0
0.0562,0,0
0.0566,0,0
0.057,0,0
0.0574,0,0
0.0578,0,0
0.0582,0,0
0.0586,0,0
0.059,0,0
0.0594,0,0
0.0598,0,0
0.0602,0.011728,0.0117469
0.0606,0.0146347,0.0134245
0.061,0.0122754,0.0122961
0.0614,0,0
0.0618,0,0
0.0622,0,0
0.0626,0,0
0.063,0,0
0.0634,0,0
0.0638,0,0
0.0642,0.0133556,0.0133801
0.0646,0,0
0.065,0,0
0.0654,0,0
0.0658,0,0
0.0662,0,0
0.0666,0,0
0.067,0,0
0.0674,0,0
0.0678,0,0
0.0682,0,0
0.0686,0,0
0.069,0.0135383,0.0135634
0.0694,0,0
0.0698,0,0
0.0702,0,0
0.0706,0,0
0.071,0,0
0.0714,0.0124693,0.0124906
0.0718,0,0
0.0722,0,0
0.0726,0,0
0.073,0,0
0.0734,0,0
0.0738,0,0
0.0742,0,0
0.0746,0,0
0.075,0,0
0.0754,0,0
0.0758,0,0
0.0762,0,0
0.0766,0,0
0.077,0,0
0.0774,0,0
0.0778,0,0
0.0782,0,0
0.0786,0,0
0.079,0,0
0.0794,0,0
0.0798,0,0
0.0802,0,0
0.0806,0,0
0.081,0,0
0.0814,0,0
0.0818,0,0
0.0822,0,0
0.0826,0.0139836,0.0140102
0.083,0,0
0.0834,0,0
0.0838,0,0
0.0842,0,0
0.0846,0,0
0.085,0,0
0.0854,0.00912795,0.0109818
0.0858,0.0134179,0.0134424
0.0862,0,0
0.0866,0,0
0.087,0,0
0.0874,0,0
0.0878,0,0
0.0882,0,0
0.0886,0,0
0.089,0,0
0.0894,0,0
0.0898,0,0
0.0902,0,0
0.0906,0,0
0.091,0,0
0.0914,0,0
0.0918,0.0133054,0.0133293
0.0922,0.00214869,0.00545008
0.0926,0,0
0.093,0,0
0.0934,0,0
0.0938,0,0
0.0942,0,0
0.0946,0,0
0.095,0,0
0.0954,0.0201787,0.0165185
0.0958,0.0138137,0.0138395
0.0962,0.0135052,0.0135298
0.0966,0,0
0.097,0,0
0.0974,0.0143602,0.014388
0.0978,0,0
0.0982,0.014694,0.0147231
0.0986,0,0
0.099,0,0
0.0994,0,0
0.0998,0.0147735,0.0148029
0.1002,0.0147329,0.0147622
0.1006,0,0
0.101,0.0133289,0.01444
0.1014,0,0
0.1018,0,0
0.1022,0,0
0.1026,0,0
0.103,0,0
0.1034,0,0
0.1038,0.0158518,0.0158856
0.1042,0,0
0.1046,0,0
0.105,0,0
0.1054,0,0
0.1058,0,0
0.1062,0,0
0.1066,0.0150943,0.0155911
0.107,0,0
0.1074,0,0
0.1078,0,0
0.1082,0,0
0.1086,0,0
0.109,0,0
0.1094,0,0
0.1098,0,0
0.1102,0,0
0.1106,0,0
0.111,0,0
0.1114,0.0181835,0.0182277
0.1118,0,0
0.1122,0,0
0.1126,0,0
0.113,0.0218831,0.0219471
0.1134,0,0
0.1138,0,0
0.1142,0,0
0.1146,0,0
0.115,0,0
0.1154,0,0
0.1158,0,0
0.1162,0.0207857,0.0208433
0.1166,0,0
0.117,0,0
0.1174,0,0
0.1178,0,0
0.1182,0,0
0.1186,0,0
0.119,0,0
0.1194,0,0
0.1198,0,0
2
-0.1198,0.00566787,0.00567816
-0.1194,0,0
-0.119,0.00585798,0.00586897
-0.1186,0,0
-0.1182,0,0
-0.1178,0,0
-0.1174,0,0
-0.117,0,0
-0.1166,0,0
-0.1162,0,0
-0.1158,0,0
-0.1154,0,0
-0.115,0,0
-0.1146,0,0
-0.1142,0,0
-0.1138,0.000872778,0.00224889
-0.1134,0,0
-0.113,0,0
-0.1126,0,0
-0.1122,0,0
-0.1118,0,0
-0.1114,0,0
-0.111,0,0
-0.1106,0,0
-0.1102,0,0
-0.1098,0.00562519,0.0056353
-0.1094,0,0
-0.109,0,0
-0.1086,0,0
-0.1082,0,0
-0.1078,0,0
-0.1074,0,0
-0.107,0,0
-0.1066,0,0
-0.1062,0,0
-0.1058,0,0
-0.1054,0,0
-0.105,0,0
-0.1046,0,0
-0.1042,0,0
-0.1038,0.000475502,0.00174107
-0.1034,0,0
-0.103,0,0
-0.1026,0,0
-0.1022,0,0
-0.1018,0,0
-0.1014,0,0
-0.101,0,0
-0.1006,0,0
-0.1002,0.0069582,0.00613838
-0.0998,0,0
-0.0994,0,0
-0.099,0,0
-0.0986,0,0
-0.0982,0,0
-0.0978,0,0
-0.0974,0,0
-0.097,0,0
-0.0966,0,0
-0.0962,0,0
-0.0958,0,0
-0.0954,0.00608404,0.00609583
-0.095,0,0
-0.0946,0,0
-0.0942,0,0
-0.0938,0,0
-0.0934,0,0
-0.093,0,0
-0.0926,0,0
-0.0922,0,0
-0.0918,0,0
-0.0914,0,0
-0.091,0,0
-0.0906,0,0
-0.0902,0,0
-0.0898,0,0
-0.0894,0,0
-0.089,0,0
-0.0886,0,0
-0.0882,0,0
-0.0878,0.00609533,0.00610714
-0.0874,0,0
-0.087,0,0
-0.0866,0,0
-0.0862,0,0
-0.0858,0,0
-0.0854,0,0
-0.085,0,0
-0.0846,0,0
-0.0842,0.00619952,0.00621173
-0.0838,0,0
-0.0834,0,0
-0.083,0,0
-0.0826,0.00640821,0.00642125
-0.0822,0.00528796,0.00558674
-0.0818,0,0
-0.0814,0,0
-0.081,0,0
-0.0806,0,0
-0.0802,0,0
-0.0798,0,0
-0.0794,0,0
-0.079,0,0
-0.0786,0,0
-0.0782,0,0
-0.0778,0.00583462,0.00584542
-0.0774,0,0
-0.077,0,0
-0.0766,0,0
-0.0762,0,0
-0.0758,0,0
-0.0754,0,0
-0.075,0.00540907,0.00541835
-0.0746,0,0
-0.0742,0.0125249,0.00887476
-0.0738,0,0
-0.0734,0,0
-0.073,0.00542036,0.00542967
-0.0726,0,0
-0.0722,0,0
-0.0718,0,0
-0.0714,0,0
-0.071,0.00584948,0.00586031
-0.0706,0,0
-0.0702,0,0
-0.0698,0.00587557,0.00588651
-0.0694,0,0
-0.069,0,0
-0.0686,0,0
-0.0682,0,0
-0.0678,0,0
-0.0674,0,0
-0.067,0,0
-0.0666,0,0
-0.0662,0,0
-0.0658,0.00622849,0.00624076
-0.0654,0,0
-0.065,0,0
-0.0646,0,0
-0.0642,0,0
-0.0638,0,0
-0.0634,0,0
-0.063,0,0
-0.0626,0,0
-0.0622,0,0
-0.0618,0.00562333,0.00563333
-0.0614,0,0
-0.061,0,0
-0.0606,0,0
-0.0602,0.00100342,0.00248102
-0.0598,0,0
-0.0594,0,0
-0.059,0,0
-0.0586,0,0
-0.0582,0,0
-0.0578,0.00587256,0.00588345
-0.0574,0,0
-0.057,0.00583587,0.00584662
-0.0566,0,0
-0.0562,0,0
-0.0558,0,0
-0.0554,0,0
-0.055,0,0
-0.0546,0,0
-0.0542,0,0
-0.0538,0.0059475,0.00595866
-0.0534,0.00583875,0.0058495
-0.053,0.00421991,0.00515309
-0.0526,0,0
-0.0522,0,0
-0.0518,0,0
-0.0514,0,0
-0.051,0.0238829,0.0119657
-0.0506,0,0
-0.0502,0,0
-0.0498,0,0
-0.0494,0.00565517,0.00566526
-0.049,0,0
-0.0486,0,0
-0.0482,0,0
-0.0478,0.0064714,0.0064846
-0.0474,0,0
-0.047,0,0
-0.0466,0,0
-0.0462,0,0
-0.0458,0,0
-0.0454,0.0056364,0.0056464
-0.045,0,0
-0.0446,0.00489535,0.00542146
-0.0442,0.00623402,0.00624626
-0.0438,0,0
-0.0434,0,0
-0.043,0.0052239,0.00523249
-0.0426,0,0
-0.0422,0,0
-0.0418,0,0
-0.0414,0,0
-0.041,0,0
-0.0406,0.0120578,0.00854237
-0.0402,0,0
-0.0398,0,0
-0.0394,0.00583754,0.00584826
-0.039,0,0
-0.0386,0,0
-0.0382,0,0
-0.0378,0.00374377,0.00479094
-0.0374,0,0
-0.037,0,0
-0.0366,0,0
-0.0362,0.00583916,0.00584988
-0.0358,0,0
-0.0354,0,0
-0.035,0,0
-0.0346,0,0
-0.0342,0,0
-0.0338,0,0
-0.0334,0,0
-0.033,0,0
-0.0326,0.00356539,0.00457259
-0.0322,0,0
-0.0318,0.00745484,0.0068265
-0.0314,0.00853243,0.00679731
-0.031,0,0
-0.0306,0.00615705,0.00616894
-0.0302,0,0
-0.0298,0,0
-0.0294,0,0
-0.029,0,0
-0.0286,0.0058146,0.0058252
-0.0282,0,0
-0.0278,0,0
-0.0274,0,0
-0.027,0,0
-0.0266,0.00583351,0.00584418
-0.0262,0,0
-0.0258,0,0
-0.0254,0,0
-0.025,0,0
-0.0246,0,0
-0.0242,0,0
-0.0238,0,0
-0.0234,0,0
-0.023,0.00599401,0.00600527
-0.0226,0.00567628,0.00568638
-0.0222,0.00612521,0.00613696
-0.0218,0,0
-0.0214,0.0118836,0.00841862
-0.021,0,0
-0.0206,0,0
-0.0202,0,0
-0.0198,0,0
-0.0194,0,0
-0.019,0,0
-0.0186,0,0
-0.0182,0,0
-0.0178,0,0
-0.0174,0,0
-0.017,0,0
-0.0166,0.00580568,0.00581623
-0.0162,0,0
-0.0158,0,0
-0.0154,0,0
-0.015,0,0
-0.0146,0.00581047,0.00582103
-0.0142,0,0
-0.0138,0.0060918,0.0061034
-0.0134,0,0
-0.013,0,0
-0.0126,0.0116025,0.0082191
-0.0122,0,0
-0.0118,0,0
-0.0114,0,0
-0.011,0,0
-0.0106,0,0
-0.0102,0,0
-0.0098,0,0
-0.0094,0,0
-0.009,0,0
-0.0086,0.0120884,0.00856392
-0.0082,0,0
-0.0078,0,0
-0.0074,0.00584162,0.00585228
-0.007,0.00154228,0.00300712
-0.0066,0.0125176,0.00853163
-0.0062,0.0129489,0.00874695
-0.0058,0.0173954,0.0103916
-0.0054,0.00941292,0.00747638
-0.005,0.0171098,0.00989595
-0.0046,0.0119414,0.00845963
-0.0042,0.0480268,0.01702
-0.0038,0.0296022,0.0129776
-0.0034,0.0679152,0.0200403
-0.003,0.0857038,0.0224597
-0.0026,0.207099,0.0363117
-0.0022,0.189999,0.0336747
-0.0018,0.374726,0.0469616
-0.0014,0.736282,0.065264
-0.001,1.33966,0.0897135
-0.0006,1.76762,0.106293
-0.0002,1.94245,0.107012
0.0002,1.861,0.103947
0.0006,1.45846,0.0933378
0.001,1.051,0.078484
0.0014,0.515089,0.0541976
0.0018,0.261984,0.0415217
0.0022,0.105924,0.0249216
0.0026,0.0636218,0.0192462
0.003,0.0354622,0.0145065
0.0034,0.0112548,0.00797229
0.0038,0.0115457,0.00817876
0.0042,0.0113485,0.00819924
0.0046,0.00532921,0.00553049
0.005,0.011255,0.00811822
0.0054,0.00554895,0.00579323
0.0058,0.00555731,0.00549257
0.0062,0,0
0.0066,0,0
0.007,0.0115667,0.00819364
0.0074,0.00546005,0.00546933
0.0078,0,0
0.0082,0.00154293,0.00296793
0.0086,0.00537942,0.00538843
0.009,0.00615596,0.00616775
0.0094,0,0
0.0098,0,0
0.0102,0,0
0.0106,0.0115822,0.00820463
0.011,0.00942906,0.00739905
0.0114,0.00578558,0.00579599
0.0118,0.00582214,0.00583269
0.0122,0.00544977,0.00545901
0.0126,0.00545018,0.00545942
0.013,0.00601873,0.00603
0.0134,0.0060192,0.00603046
0.0138,0,0
0.0142,0.00434488,0.00507146
0.0146,0.011797,0.00835704
0.015,0,0
0.0154,0,0
0.0158,0,0
0.0162,0.00182022,0.00324066
0.0166,0,0
0.017,0.0186248,0.0107738
0.0174,0.00620883,0.0062208
0.0178,0,0
0.0182,0.00549284,0.00550222
0.0186,0.00637605,0.00638868
0.019,0,0
0.0194,0,0
0.0198,0,0
0.0202,0.00566258,0.00567253
0.0206,0,0
0.021,0,0
0.0214,0,0
0.0218,0,0
0.0222,0,0
0.0226,0.00613537,0.00614705
0.023,0,0
0.0234,0,0
0.0238,0,0
0.0242,0.00553341,0.00554291
0.0246,0,0
0.025,0,0
0.0254,0,0
0.0258,0,0
0.0262,0.0122734,0.00869515
0.0266,0,0
0.027,0.00282903,0.00401774
0.0274,0.0116174,0.00823057
0.0278,0,0
0.0282,0,0
0.0286,0,0
0.029,0,0
0.0294,0,0
0.0298,0.0121845,0.00863201
0.0302,0,0
0.0306,0,0
0.031,0,0
0.0314,0,0
0.0318,0,0
0.0322,0,0
0.0326,0.00140417,0.00293876
0.033,0,0
0.0334,0,0
0.0338,0.00571549,0.0057256
0.0342,0,0
0.0346,0,0
0.035,0.00557754,0.00558717
0.0354,0,0
0.0358,0,0
0.0362,0,0
0.0366,0,0
0.037,0,0
0.0374,0,0
0.0378,0.00463755,0.00516236
0.0382,0,0
0.0386,0,0
0.039,0,0
0.0394,0,0
0.0398,0.00543718,0.00544632
0.0402,0,0
0.0406,0,0
0.041,0,0
0.0414,0.00595955,0.00597052
0.0418,0.0059599,0.00597087
0.0422,0,0
0.0426,0.00459182,0.00527176
0.043,0,0
0.0434,0.00573137,0.00574152
0.0438,0,0
0.0442,0,0
0.0446,0,0
0.045,0,0
0.0454,0.00592743,0.00593828
0.0458,0,0
0.0462,0.00573462,0.00574477
0.0466,0.00577391,0.0057842
0.047,0,0
0.0474,0,0
0.0478,0.00553144,0.00554088
0.0482,0,0
0.0486,0,0
0.049,0,0
0.0494,0,0
0.0498,0,0
0.0502,0,0
0.0506,0,0
0.051,0,0
0.0514,0,0
0.0518,0,0
0.0522,0,0
0.0526,0,0
0.053,0,0
0.0534,0,0
0.0538,0.00591592,0.00592671
0.0542,0,0
0.0546,0,0
0.055,0,0
0.0554,0,0
0.0558,0.00514817,0.00515633
0.0562,0,0
0.0566,0,0
0.057,0,0
0.0574,0,0
0.0578,0,0
0.0582,0.00596457,0.00597552
0.0586,0,0
0.059,0,0
0.0594,0,0
0.0598,0,0
0.0602,0.00523789,0.00524634
0.0606,0.00442583,0.00493337
0.061,0.00548119,0.00549043
0.0614,0.00523759,0.00524603
0.0618,0.0057074,0.00571742
0.0622,0.00570777,0.00571779
0.0626,0,0
0.063,0.00578612,0.00579642
0.0634,0,0
0.0638,0,0
0.0642,0,0
0.0646,0,0
0.065,0,0
0.0654,0,0
0.0658,0,0
0.0662,0,0
0.0666,0,0
0.067,0,0
0.0674,0.00156128,0.00300749
0.0678,0,0
0.0682,0,0
0.0686,0,0
0.069,0,0
0.0694,0,0
0.0698,0.00578945,0.00579974
0.0702,0.00588827,0.00589891
0.0706,0,0
0.071,0,0
0.0714,0,0
0.0718,0,0
0.0722,0,0
0.0726,0,0
0.073,0,0
0.0734,0,0
0.0738,0,0
0.0742,0,0
0.0746,0,0
0.075,0,0
0.0754,0.00567857,0.00568845
0.0758,0,0
0.0762,0.00588881,0.00589944
0.0766,0.00575759,0.00576775
0.077,0,0
0.0774,0,0
0.0778,0,0
0.0782,0,0
0.0786,0.00575254,0.00576267
0.079,0,0
0.0794,0,0
0.0798,0,0
0.0802,0,0
0.0806,0,0
0.081,0,0
0.0814,0,0
0.0818,0,0
0.0822,0,0
0.0826,0,0
0.083,0.00603759,0.00604874
0.0834,0,0
0.0838,0,0
0.0842,0,0
0.0846,0,0
0.085,0.00597292,0.00598383
0.0854,0,0
0.0858,0,0
0.0862,0,0
0.0866,0.00308779,0.0041857
0.087,0,0
0.0874,0,0
0.0878,0,0
0.0882,0.00595261,0.00596344
0.0886,0.00605403,0.00606523
0.089,0,0
0.0894,0.00561626,0.00562589
0.0898,0,0
0.0902,0,0
0.0906,0.00555628,0.00556571
0.091,0,0
0.0914,0,0
0.0918,0,0
0.0922,0.00514348,0.00560913
0.0926,0,0
0.093,0,0
0.0934,0,0
0.0938,0,0
0.0942,0.00574318,0.00575325
0.0946,0,0
0.095,0,0
0.0954,0.00889626,0.00729164
0.0958,0,0
0.0962,0,0
0.0966,0,0
0.097,0,0
0.0974,0.00634466,0.00635693
0.0978,0,0
0.0982,0,0
0.0986,0,0
0.099,0.00636607,0.00637842
0.0994,0,0
0.0998,0,0
0.1002,0,0
0.1006,0,0
0.101,0.000992777,0.0026181
0.1014,0,0
0.1018,0,0
0.1022,0,0
0.1026,0,0
0.103,0.00656314,0.00657626
0.1034,0,0
0.1038,0,0
0.1042,0,0
0.1046,0,0
0.105,0,0
0.1054,0,0
0.1058,0,0
0.1062,0,0
0.1066,0.00748193,0.00728726
0.107,0,0
0.1074,0,0
0.1078,0.00614005,0.00668805
0.1082,0,0
0.1086,0,0
0.109,0,0
0.1094,0,0
0.1098,0,0
0.1102,0,0
0.1106,0.00791055,0.00792955
0.111,0,0
0.1114,0,0
0.1118,0,0
0.1122,0,0
0.1126,0,0
0.113,0,0
0.1134,0,0
0.1138,0,0
0.1142,0,0
0.1146,0,0
0.115,0,0
0.1154,0,0
0.1158,0,0
0.1162,0,0
0.1166,0.0183794,0.0130326
0.117,0,0
0.1174,0,0
0.1178,0.00965186,0.00968008
0.1182,0,0
0.1186,0,0
0.119,0,0
0.1194,0,0
0.1198,0,0
3
-0.1198,0,0
-0.1194,0.0058321,0.00584255
-0.119,0,0
-0.1186,0,0
-0.1182,0,0
-0.1178,0,0
-0.1174,0,0
-0.117,0,0
-0.1166,0,0
-0.1162,0,0
-0.1158,0,0
-0.1154,0,0
-0.115,0,0
-0.1146,0,0
-0.1142,0,0
-0.1138,0,0
-0.1134,0,0
-0.113,0,0
-0.1126,0,0
-0.1122,0,0
-0.1118,0.00667185,0.00668549
-0.1114,0,0
-0.111,0,0
-0.1106,0,0
-0.1102,0,0
-0.1098,0,0
-0.1094,0.00587021,0.00588076
-0.109,0,0
-0.1086,0,0
-0.1082,0,0
-0.1078,0,0
-0.1074,0,0
-0.107,0,0
-0.1066,0,0
-0.1062,0,0
-0.1058,0,0
-0.1054,0,0
-0.105,0,0
-0.1046,0.00678359,0.00679765
-0.1042,0,0
-0.1038,0,0
-0.1034,0,0
-0.103,0,0
-0.1026,0,0
-0.1022,0,0
-0.1018,0,0
-0.1014,0,0
-0.101,0,0
-0.1006,0,0
-0.1002,0.00400788,0.00476258
-0.0998,0,0
-0.0994,0,0
-0.099,0,0
-0.0986,0,0
-0.0982,0,0
-0.0978,0,0
-0.0974,0,0
-0.097,0,0
-0.0966,0,0
-0.0962,0,0
-0.0958,0,0
-0.0954,0,0
-0.095,0,0
-0.0946,0,0
-0.0942,0,0
-0.0938,0,0
-0.0934,0,0
-0.093,0,0
-0.0926,0.00676308,0.00677699
-0.0922,0,0
-0.0918,0,0
-0.0914,0,0
-0.091,0.00584798,0.00585838
-0.0906,0,0
-0.0902,0.00586219,0.00587264
-0.0898,0,0
-0.0894,0,0
-0.089,0,0
-0.0886,0,0
-0.0882,0,0
-0.0878,0,0
-0.0874,0,0
-0.087,0,0
-0.0866,0,0
-0.0862,0.00610512,0.00611643
-0.0858,0,0
-0.0854,0,0
-0.085,0,0
-0.0846,0,0
-0.0842,0.0064121,0.00642456
-0.0838,0,0
-0.0834,0,0
-0.083,0,0
-0.0826,0,0
-0.0822,0,0
-0.0818,0,0
-0.0814,0,0
-0.081,0,0
-0.0806,0,0
-0.0802,0,0
-0.0798,0,0
-0.0794,0,0
-0.079,0,0
-0.0786,0,0
-0.0782,0,0
-0.0778,0,0
-0.0774,0,0
-0.077,0,0
-0.0766,0,0
-0.0762,0.0068951,0.00690945
-0.0758,0,0
-0.0754,0,0
-0.075,0,0
-0.0746,0,0
-0.0742,0,0
-0.0738,0,0
-0.0734,0.00616182,0.00617327
-0.073,0,0
-0.0726,0,0
-0.0722,0.00574487,0.00575481
-0.0718,0,0
-0.0714,0,0
-0.071,0.00615401,0.00616541
-0.0706,0,0
-0.0702,0,0
-0.0698,0,0
-0.0694,0,0
-0.069,0,0
-0.0686,0.0060701,0.00608118
-0.0682,0,0
-0.0678,0,0
-0.0674,0,0
-0.067,0,0
-0.0666,0,0
-0.0662,0,0
-0.0658,0,0
-0.0654,0,0
-0.065,0,0
-0.0646,0.00643692,0.00644936
-0.0642,0,0
-0.0638,0,0
-0.0634,0,0
-0.063,0,0
-0.0626,0,0
-0.0622,0,0
-0.0618,0,0
-0.0614,0.011959,0.00847173
-0.061,0,0
-0.0606,0,0
-0.0602,0,0
-0.0598,0.00659463,0.00660765
-0.0594,0,0
-0.059,0,0
-0.0586,0,0
-0.0582,0.0132218,0.00936775
-0.0578,0,0
-0.0574,0,0
-0.057,0,0
-0.0566,0,0
-0.0562,0,0
-0.0558,0,0
-0.0554,0.00315252,0.0044443
-0.055,0,0
-0.0546,0,0
-0.0542,0,0
-0.0538,0,0
-0.0534,0,0
-0.053,0.0021648,0.00379469
-0.0526,0,0
-0.0522,0,0
-0.0518,0.00649762,0.00651021
-0.0514,0,0
-0.051,0,0
-0.0506,0,0
-0.0502,0,0
-0.0498,0.00622218,0.00623372
-0.0494,0,0
-0.049,0.0049694,0.0054633
-0.0486,0,0
-0.0482,0,0
-0.0478,0,0
-0.0474,0,0
-0.047,0,0
-0.0466,0,0
-0.0462,0,0
-0.0458,0,0
-0.0454,0,0
-0.045,0,0
-0.0446,0,0
-0.0442,0,0
-0.0438,0,0
-0.0434,0,0
-0.043,0,0
-0.0426,0.00619437,0.00620577
-0.0422,0,0
-0.0418,0,0
-0.0414,0,0
-0.041,0,0
-0.0406,0,0
-0.0402,0,0
-0.0398,0.0047063,0.00535351
-0.0394,0,0
-0.039,0,0
-0.0386,0,0
-0.0382,0,0
-0.0378,0,0
-0.0374,0,0
-0.037,0,0
-0.0366,0,0
-0.0362,0,0
-0.0358,0.00275968,0.00421574
-0.0354,0,0
-0.035,0.00609385,0.00610485
-0.0346,0,0
-0.0342,0,0
-0.0338,0,0
-0.0334,0,0
-0.033,0,0
-0.0326,0,0
-0.0322,0,0
-0.0318,0.0103417,0.00828704
-0.0314,0.00240204,0.00371732
-0.031,0,0
-0.0306,0,0
-0.0302,0,0
-0.0298,0,0
-0.0294,0.00592371,0.00593407
-0.029,0,0
-0.0286,0,0
-0.0282,0,0
-0.0278,0,0
-0.0274,0,0
-0.027,0,0
-0.0266,0,0
-0.0262,0,0
-0.0258,0.00657725,0.00659
-0.0254,0,0
-0.025,0,0
-0.0246,0,0
-0.0242,0,0
-0.0238,0.00607612,0.00608699
-0.0234,0.00110166,0.00265581
-0.023,0.00638029,0.00639227
-0.0226,0,0
-0.0222,0.00604354,0.00605429
-0.0218,0,0
-0.0214,0,0
-0.021,0,0
-0.0206,0,0
-0.0202,0,0
-0.0198,0.00611888,0.00612989
-0.0194,0,0
-0.019,0.00625457,0.00626606
-0.0186,0,0
-0.0182,0,0
-0.0178,0.00682614,0.00683982
-0.0174,0.00659602,0.00660879
-0.017,0,0
-0.0166,0,0
-0.0162,0,0
-0.0158,0,0
-0.0154,0,0
-0.015,0,0
-0.0146,0.00415722,0.00508482
-0.0142,0,0
-0.0138,0,0
-0.0134,0.00659864,0.00661141
-0.013,0,0
-0.0126,0,0
-0.0122,0,0
-0.0118,0.00980174,0.00803785
-0.0114,0.00643767,0.0064498
-0.011,0.0268415,0.0134494
-0.0106,0.00628363,0.00629519
-0.0102,0,0
-0.0098,0.0148061,0.00961065
-0.0094,0,0
-0.009,0,0
-0.0086,0,0
-0.0082,0,0
-0.0078,0,0
-0.0074,0.00623912,0.0062505
-0.007,0.0133117,0.00943115
-0.0066,0.0123788,0.00876898
-0.0062,0.00273027,0.00413522
-0.0058,0.00121686,0.00284059
-0.0054,0.005988,0.00599848
-0.005,0.00346134,0.0046011
-0.0046,0.0127616,0.00904068
-0.0042,0.0194696,0.0112621
-0.0038,0.0144526,0.00942052
-0.0034,0.0386699,0.015648
-0.003,0.0363076,0.015114
-0.0026,0.0648862,0.0209723
-0.0022,0.122487,0.02793
-0.0018,0.256915,0.0402955
-0.0014,0.444745,0.0524436
-0.001,0.655844,0.0648462
-0.0006,0.980438,0.0819396
-0.0002,1.0479,0.0813287
0.0002,1.11651,0.0833602
0.0006,0.779234,0.0705638
0.001,0.634938,0.0630219
0.0014,0.262022,0.0399149
0.0018,0.233201,0.0407352
0.0022,0.103859,0.0255169
0.0026,0.0471905,0.0171453
0.003,0.0249048,0.0124768
0.0034,0,0
0.0038,0.0123606,0.00875603
0.0042,0.00226018,0.00371695
0.0046,0.00609206,0.00610286
0.005,0.0153837,0.0097618
0.0054,0.0193027,0.0110304
0.0058,0.0116786,0.00827236
0.0062,0,0
0.0066,0,0
0.007,0.00619585,0.00620701
0.0074,0,0
0.0078,0,0
0.0082,0.00675906,0.00677233
0.0086,0,0
0.009,0.00272423,0.00396988
0.0094,0.00623208,0.00624335
0.0098,0.00592211,0.00593229
0.0102,0,0
0.0106,0,0
0.011,0,0
0.0114,0.00614635,0.00615731
0.0118,0,0
0.0122,0.0127414,0.00902617
0.0126,0,0
0.013,0.0129129,0.00914795
0.0134,0,0
0.0138,0.00565743,0.00566671
0.0142,0.00166635,0.00325327
0.0146,0.00630297,0.00631448
0.015,0.00610647,0.00621575
0.0154,0,0
0.0158,0,0
0.0162,0.00617059,0.00618161
0.0166,0,0
0.017,0,0
0.0174,0,0
0.0178,0.0061407,0.00615161
0.0182,0,0
0.0186,0,0
0.019,0,0
0.0194,0,0
0.0198,0,0
0.0202,0.0121637,0.00861614
0.0206,0,0
0.021,0.00641066,0.00642254
0.0214,0.00608794,0.00609865
0.0218,0,0
0.0222,0.00580745,0.00619867
0.0226,0.00659218,0.00660473
0.023,0,0
0.0234,0,0
0.0238,0.00622746,0.00623865
0.0242,0,0
0.0246,0,0
0.025,0,0
0.0254,0,0
0.0258,0.00625961,0.00627092
0.0262,0,0
0.0266,0,0
0.027,0,0
0.0274,0,0
0.0278,0.00612725,0.00613807
0.0282,0,0
0.0286,0.00202843,0.00351454
0.029,0,0
0.0294,0.00566989,0.00567915
0.0298,0,0
0.0302,0,0
0.0306,0,0
0.031,0,0
0.0314,0,0
0.0318,0,0
0.0322,0,0
0.0326,0.0116776,0.00879205
0.033,0,0
0.0334,0,0
0.0338,0,0
0.0342,0,0
0.0346,0,0
0.035,0,0
0.0354,0,0
0.0358,0,0
0.0362,0.00682019,0.00683356
0.0366,0.00160966,0.00332003
0.037,0,0
0.0374,0,0
0.0378,0.00117266,0.00269413
0.0382,0,0
0.0386,0,0
0.039,0,0
0.0394,0,0
0.0398,0,0
0.0402,0,0
0.0406,0,0
0.041,0,0
0.0414,0,0
0.0418,0,0
0.0422,0,0
0.0426,0,0
0.043,0,0
0.0434,0,0
0.0438,0,0
0.0442,0,0
0.0446,0,0
0.045,0,0
0.0454,0,0
0.0458,0.00639189,0.00640359
0.0462,0.00662955,0.00664213
0.0466,0,0
0.047,0.0123308,0.00873458
0.0474,0,0
0.0478,0,0
0.0482,0,0
0.0486,0,0
0.049,0,0
0.0494,0,0
0.0498,0,0
0.0502,0,0
0.0506,0,0
0.051,0,0
0.0514,0,0
0.0518,0,0
0.0522,0,0
0.0526,0,0
0.053,0,0
0.0534,0,0
0.0538,0,0
0.0542,0,0
0.0546,0,0
0.055,0,0
0.0554,0,0
0.0558,0,0
0.0562,0,0
0.0566,0,0
0.057,0,0
0.0574,0.00630981,0.00632117
0.0578,0,0
0.0582,0,0
0.0586,0,0
0.059,0,0
0.0594,0,0
0.0598,0,0
0.0602,0,0
0.0606,0,0
0.061,0,0
0.0614,0,0
0.0618,0,0
0.0622,0,0
0.0626,0,0
0.063,0,0
0.0634,0,0
0.0638,0,0
0.0642,0,0
0.0646,0,0
0.065,0,0
0.0654,0,0
0.0658,0,0
0.0662,0,0
0.0666,0,0
0.067,0,0
0.0674,0.0045496,0.005336
0.0678,0,0
0.0682,0,0
0.0686,0,0
0.069,0,0
0.0694,0,0
0.0698,0,0
0.0702,0,0
0.0706,0,0
0.071,0,0
0.0714,0,0
0.0718,0,0
0.0722,0,0
0.0726,0,0
0.073,0.0062837,0.00629491
0.0734,0.00604362,0.00605399
0.0738,0,0
0.0742,0,0
0.0746,0,0
0.075,0,0
0.0754,0,0
0.0758,0,0
0.0762,0,0
0.0766,0.00622309,0.00623408
0.077,0.0134082,0.00952821
0.0774,0,0
0.0778,0,0
0.0782,0,0
0.0786,0,0
0.079,0,0
0.0794,0,0
0.0798,0,0
0.0802,0,0
0.0806,0,0
0.081,0,0
0.0814,0,0
0.0818,0,0
0.0822,0,0
0.0826,0,0
0.083,0,0
0.0834,0,0
0.0838,0,0
0.0842,0.00556324,0.00557199
0.0846,0,0
0.085,0,0
0.0854,0,0
0.0858,0.00698174,0.00699552
0.0862,0,0
0.0866,0.00277571,0.00412702
0.087,0,0
0.0874,0,0
0.0878,0,0
0.0882,0.00643796,0.00644967
0.0886,0,0
0.089,0,0
0.0894,0,0
0.0898,0,0
0.0902,0.00341137,0.00453506
0.0906,0,0
0.091,0.00650863,0.0065206
0.0914,0,0
0.0918,0,0
0.0922,0,0
0.0926,0,0
0.093,0.00637625,0.00638773
0.0934,0,0
0.0938,0,0
0.0942,0,0
0.0946,0,0
0.095,0,0
0.0954,0,0
0.0958,0.00473929,0.00542333
0.0962,0,0
0.0966,0,0
0.097,0,0
0.0974,0,0
0.0978,0,0
0.0982,0,0
0.0986,0,0
0.099,0,0
0.0994,0,0
0.0998,0,0
0.1002,0,0
0.1006,0,0
0.101,0,0
0.1014,0,0
0.1018,0,0
0.1022,0,0
0.1026,0,0
0.103,0,0
0.1034,0,0
0.1038,0,0
0.1042,0,0
0.1046,0,0
0.105,0,0
0.1054,0,0
0.1058,0,0
0.1062,0,0
0.1066,0,0
0.107,0,0
0.1074,0,0
0.1078,0.00120305,0.00307799
0.1082,0,0
0.1086,0,0
0.109,0,0
0.1094,0,0
0.1098,0,0
0.1102,0.00790345,0.00792101
0.1106,0.00854904,0.00856957
0.111,0,0
0.1114,0,0
0.1118,0,0
0.1122,0.00932142,0.00934582
0.1126,0,0
0.113,0,0
0.1134,0,0
0.1138,0,0
0.1142,0,0
0.1146,0,0
0.115,0,0
0.1154,0,0
0.1158,0,0
0.1162,0,0
0.1166,0,0
0.117,0,0
0.1174,0,0
0.1178,0,0
0.1182,0,0
0.1186,0,0
0.119,0,0
0.1194,0,0
0.1198,0,0
4
-0.1198,0,0
-0.1194,0.00260326,0.00390849
-0.119,0,0
-0.1186,0,0
-0.1182,0,0
-0.1178,0,0
-0.1174,0,0
-0.117,0,0
-0.1166,0,0
-0.1162,0,0
-0.1158,0,0
-0.1154,0.00636814,0.00638054
-0.115,0,0
-0.1146,0,0
-0.1142,0,0
-0.1138,0.00589352,0.00590414
-0.1134,0,0
-0.113,0,0
-0.1126,0,0
-0.1122,0,0
-0.1118,0,0
-0.1114,0,0
-0.111,0,0
-0.1106,0.00634485,0.00635713
-0.1102,0,0
-0.1098,0,0
-0.1094,0.00689757,0.00645276
-0.109,0,0
-0.1086,0,0
-0.1082,0,0
-0.1078,0,0
-0.1074,0,0
-0.107,0,0
-0.1066,0,0
-0.1062,0,0
-0.1058,0,0
-0.1054,0,0
-0.105,0,0
-0.1046,0,0
-0.1042,0,0
-0.1038,0.00644297,0.00645559
-0.1034,0,0
-0.103,0,0
-0.1026,0,0
-0.1022,0,0
-0.1018,0,0
-0.1014,0,0
-0.101,0.00616245,0.00617398
-0.1006,0,0
-0.1002,0,0
-0.0998,0,0
-0.0994,0,0
-0.099,0,0
-0.0986,0,0
-0.0982,0,0
-0.0978,0,0
-0.0974,0,0
-0.097,0,0
-0.0966,0,0
-0.0962,0,0
-0.0958,0,0
-0.0954,0.00689849,0.0069129
-0.095,0,0
-0.0946,0,0
-0.0942,0,0
-0.0938,0,0
-0.0934,0,0
-0.093,0,0
-0.0926,0,0
-0.0922,0,0
-0.0918,0,0
-0.0914,0,0
-0.091,0,0
-0.0906,0,0
-0.0902,0,0
-0.0898,0,0
-0.0894,0,0
-0.089,0,0
-0.0886,0,0
-0.0882,0,0
-0.0878,0.00630462,0.00631661
-0.0874,0,0
-0.087,0,0
-0.0866,0,0
-0.0862,0,0
-0.0858,0,0
-0.0854,0,0
-0.085,0,0
-0.0846,0,0
-0.0842,0,0
-0.0838,0,0
-0.0834,0,0
-0.083,0,0
-0.0826,0,0
-0.0822,0,0
-0.0818,0,0
-0.0814,0,0
-0.081,0,0
-0.0806,0,0
-0.0802,0,0
-0.0798,0,0
-0.0794,0,0
-0.079,0.0059836,0.00599437
-0.0786,0.00573328,0.00574317
-0.0782,0,0
-0.0778,0.0062712,0.00628302
-0.0774,0,0
-0.077,0,0
-0.0766,0,0
-0.0762,0,0
-0.0758,0,0
-0.0754,0,0
-0.075,0,0
-0.0746,0,0
-0.0742,0,0
-0.0738,0,0
-0.0734,0,0
-0.073,0,0
-0.0726,0,0
-0.0722,0,0
-0.0718,0,0
-0.0714,0,0
-0.071,0,0
-0.0706,0,0
-0.0702,0,0
-0.0698,0,0
-0.0694,0,0
-0.069,0,0
-0.0686,0,0
-0.0682,0,0
-0.0678,0.00621303,0.0062246
-0.0674,0,0
-0.067,0,0
-0.0666,0,0
-0.0662,0,0
-0.0658,0,0
-0.0654,0,0
-0.065,0,0
-0.0646,0,0
-0.0642,0,0
-0.0638,0,0
-0.0634,0,0
-0.063,0,0
-0.0626,0.00654168,0.00655447
-0.0622,0,0
-0.0618,0,0
-0.0614,0,0
-0.061,0,0
-0.0606,0,0
-0.0602,0.00646251,0.00647499
-0.0598,0,0
-0.0594,0,0
-0.059,0,0
-0.0586,0.0068864,0.00690056
-0.0582,0,0
-0.0578,0,0
-0.0574,0,0
-0.057,0,0
-0.0566,0,0
-0.0562,0,0
-0.0558,0,0
-0.0554,0.00309367,0.00440553
-0.055,0,0
-0.0546,0,0
-0.0542,0,0
-0.0538,0,0
-0.0534,0,0
-0.053,0,0
-0.0526,0,0
-0.0522,0,0
-0.0518,0,0
-0.0514,0.0129327,0.00916328
-0.051,0,0
-0.0506,0,0
-0.0502,0,0
-0.0498,0,0
-0.0494,0,0
-0.049,0.00101537,0.00246932
-0.0486,0,0
-0.0482,0,0
-0.0478,0,0
-0.0474,0,0
-0.047,0,0
-0.0466,0,0
-0.0462,0,0
-0.0458,0,0
-0.0454,0,0
-0.045,0,0
-0.0446,0,0
-0.0442,0,0
-0.0438,0,0
-0.0434,0,0
-0.043,0,0
-0.0426,0.00618348,0.00619486
-0.0422,0.00630909,0.00632093
-0.0418,0,0
-0.0414,0.00616818,0.0061795
-0.041,0,0
-0.0406,0,0
-0.0402,0,0
-0.0398,0.00135828,0.00287257
-0.0394,0.00617583,0.00618717
-0.039,0,0
-0.0386,0,0
-0.0382,0,0
-0.0378,0,0
-0.0374,0.00611857,0.0061297
-0.037,0,0
-0.0366,0,0
-0.0362,0,0
-0.0358,0.00364359,0.00483584
-0.0354,0.00634448,0.00635644
-0.035,0,0
-0.0346,0,0
-0.0342,0,0
-0.0338,0,0
-0.0334,0.00604121,0.00605205
-0.033,0,0
-0.0326,0,0
-0.0322,0,0
-0.0318,0.00157605,0.00322787
-0.0314,0,0
-0.031,0.00594714,0.00595764
-0.0306,0,0
-0.0302,0,0
-0.0298,0,0
-0.0294,0,0
-0.029,0,0
-0.0286,0,0
-0.0282,0,0
-0.0278,0,0
-0.0274,0,0
-0.027,0,0
-0.0266,0,0
-0.0262,0.0137043,0.0097101
-0.0258,0,0
-0.0254,0,0
-0.025,0,0
-0.0246,0,0
-0.0242,0,0
-0.0238,0.0120029,0.00850261
-0.0234,0.0052392,0.00577102
-0.023,0,0
-0.0226,0.00614077,0.00615195
-0.0222,0,0
-0.0218,0,0
-0.0214,0,0
-0.021,0,0
-0.0206,0.00589866,0.00590898
-0.0202,0,0
-0.0198,0,0
-0.0194,0,0
-0.019,0,0
-0.0186,0,0
-0.0182,0,0
-0.0178,0,0
-0.0174,0,0
-0.017,0.00653839,0.00655107
-0.0166,0.00653831,0.00655098
-0.0162,0,0
-0.0158,0,0
-0.0154,0.0066024,0.00661532
-0.015,0,0
-0.0146,0.014041,0.00921855
-0.0142,0.00648583,0.0064983
-0.0138,0,0
-0.0134,0.00652549,0.00653811
-0.013,0,0
-0.0126,0,0
-0.0122,0,0
-0.0118,0.00978001,0.00798153
-0.0114,0,0
-0.011,0.00674664,0.00676013
-0.0106,0,0
-0.0102,0,0
-0.0098,0.00992916,0.00782032
-0.0094,0.00654305,0.00655574
-0.009,0.00692752,0.00694175
-0.0086,0,0
-0.0082,0.0057773,0.0057872
-0.0078,0,0
-0.0074,0.00615251,0.00616373
-0.007,0,0
-0.0066,0.00610071,0.00611175
-0.0062,0.00960879,0.0077011
-0.0058,0.0132831,0.00941107
-0.0054,0,0
-0.005,0.0025932,0.00395222
-0.0046,0.00628293,0.00629464
-0.0042,0.012198,0.00865073
-0.0038,0.0116173,0.00822881
-0.0034,0.0188724,0.0109164
-0.003,0.0590698,0.0191224
-0.0026,0.0939414,0.0251591
-0.0022,0.147095,0.0303443
-0.0018,0.259883,0.0401002
-0.0014,0.420284,0.0505318
-0.001,0.711972,0.0668776
-0.0006,0.970812,0.0805862
-0.0002,1.00392,0.0789554
0.0002,0.828786,0.071034
0.0006,0.816815,0.071583
0.001,0.44201,0.0521366
0.0014,0.32999,0.0446141
0.0018,0.213541,0.0384313
0.0022,0.0777766,0.0218878
0.0026,0.0329237,0.0141987
0.003,0.0841473,0.0228469
0.0034,0.0178684,0.0103354
0.0038,0.0121146,0.00858177
0.0042,0.0105873,0.00813
0.0046,0,0
0.005,0.00315732,0.00444242
0.0054,0,0
0.0058,0,0
0.0062,0,0
0.0066,0.00577987,0.00578979
0.007,0,0
0.0074,0,0
0.0078,0,0
0.0082,0.00596135,0.00597191
0.0086,0,0
0.009,0.00860878,0.0069771
0.0094,0,0
0.0098,0.00620649,0.00621793
0.0102,0.00620603,0.00621748
0.0106,0,0
0.011,0,0
0.0114,0,0
0.0118,0.0123107,0.00872135
0.0122,0.00570337,0.00571304
0.0126,0,0
0.013,0,0
0.0134,0.0060072,0.00601792
0.0138,0.00551575,0.00552479
0.0142,0,0
0.0146,0,0
0.015,0.000192403,0.00108907
0.0154,0,0
0.0158,0,0
0.0162,0,0
0.0166,0.00592794,0.00593839
0.017,0,0
0.0174,0,0
0.0178,0,0
0.0182,0,0
0.0186,0,0
0.019,0.00567564,0.00568523
0.0194,0.00567551,0.00568509
0.0198,0.00463951,0.00513681
0.0202,0,0
0.0206,0,0
0.021,0,0
0.0214,0,0
0.0218,0,0
0.0222,0.0196314,0.011137
0.0226,0,0
0.023,0,0
0.0234,0.0129288,0.00915965
0.0238,0,0
0.0242,0.00576829,0.00577819
0.0246,0,0
0.025,0,0
0.0254,0,0
0.0258,0,0
0.0262,0,0
0.0266,0,0
0.027,0,0
0.0274,0,0
0.0278,0,0
0.0282,0.00599888,0.0060096
0.0286,0.00391017,0.00480071
0.029,0,0
0.0294,0,0
0.0298,0.00633999,0.00635196
0.0302,0.00540896,0.00563152
0.0306,0.00595643,0.005967
0.031,0,0
0.0314,0,0
0.0318,0,0
0.0322,0,0
0.0326,0,0
0.033,0,0
0.0334,0,0
0.0338,0,0
0.0342,0,0
0.0346,0,0
0.035,0,0
0.0354,0,0
0.0358,0,0
0.0362,0,0
0.0366,0.00502601,0.00576132
0.037,0.00658476,0.00659768
0.0374,0,0
0.0378,0.00594522,0.00595575
0.0382,0,0
0.0386,0,0
0.039,0,0
0.0394,0,0
0.0398,0,0
0.0402,0,0
0.0406,0,0
0.041,0,0
0.0414,0,0
0.0418,0,0
0.0422,0,0
0.0426,0,0
0.043,0,0
0.0434,0,0
0.0438,0,0
0.0442,0,0
0.0446,0,0
0.045,0,0
0.0454,0,0
0.0458,0,0
0.0462,0,0
0.0466,0,0
0.047,0.00591889,0.00592934
0.0474,0,0
0.0478,0.00572528,0.00573505
0.0482,0,0
0.0486,0,0
0.049,0.00617348,0.00618484
0.0494,0,0
0.0498,0,0
0.0502,0,0
0.0506,0,0
0.051,0,0
0.0514,0,0
0.0518,0,0
0.0522,0,0
0.0526,0,0
0.053,0,0
0.0534,0,0
0.0538,0,0
0.0542,0,0
0.0546,0,0
0.055,0,0
0.0554,0,0
0.0558,0,0
0.0562,0,0
0.0566,0,0
0.057,0,0
0.0574,0,0
0.0578,0,0
0.0582,0,0
0.0586,0,0
0.059,0,0
0.0594,0.00204323,0.00346105
0.0598,0,0
0.0602,0.00540149,0.00541019
0.0606,0,0
0.061,0,0
0.0614,0,0
0.0618,0,0
0.0622,0,0
0.0626,0,0
0.063,0,0
0.0634,0,0
0.0638,0.00622921,0.00624078
0.0642,0,0
0.0646,0,0
0.065,0,0
0.0654,0,0
0.0658,0,0
0.0662,0.00621272,0.00622424
0.0666,0,0
0.067,0,0
0.0674,0,0
0.0678,0,0
0.0682,0.00634298,0.00635499
0.0686,0,0
0.069,0,0
0.0694,0,0
0.0698,0,0
0.0702,0,0
0.0706,0,0
0.071,0,0
0.0714,0,0
0.0718,0,0
0.0722,0,0
0.0726,0,0
0.073,0,0
0.0734,0,0
0.0738,0,0
0.0742,0,0
0.0746,0,0
0.075,0,0
0.0754,0,0
0.0758,0,0
0.0762,0,0
0.0766,0,0
0.077,0.00686385,0.00687791
0.0774,0,0
0.0778,0,0
0.0782,0,0
0.0786,0,0
0.079,0,0
0.0794,0.00565235,0.00566189
0.0798,0,0
0.0802,0.00613993,0.00615118
0.0806,0,0
0.081,0,0
0.0814,0.00599605,0.00600679
0.0818,0,0
0.0822,0,0
0.0826,0,0
0.083,0,0
0.0834,0,0
0.0838,0,0
0.0842,0,0
0.0846,0,0
0.085,0.00598009,0.00599076
0.0854,0,0
0.0858,0,0
0.0862,0,0
0.0866,0,0
0.087,0,0
0.0874,0,0
0.0878,0,0
0.0882,0,0
0.0886,0,0
0.089,0.00619853,0.00621
0.0894,0,0
0.0898,0,0
0.0902,0.00245783,0.00374475
0.0906,0.00604665,0.00605756
0.091,0,0
0.0914,0,0
0.0918,0.00602459,0.00603543
0.0922,0,0
0.0926,0,0
0.093,0,0
0.0934,0,0
0.0938,0,0
0.0942,0,0
0.0946,0,0
0.095,0,0
0.0954,0,0
0.0958,0.00136611,0.00283091
0.0962,0,0
0.0966,0,0
0.097,0,0
0.0974,0,0
0.0978,0,0
0.0982,0.00653817,0.00655092
0.0986,0,0
0.099,0,0
0.0994,0,0
0.0998,0,0
0.1002,0,0
0.1006,0.00522693,0.00600356
0.101,0,0
0.1014,0,0
0.1018,0,0
0.1022,0,0
0.1026,0,0
0.103,0,0
0.1034,0.00656053,0.00657336
0.1038,0,0
0.1042,0,0
0.1046,0,0
0.105,0,0
0.1054,0,0
0.1058,0,0
0.1062,0.00143407,0.0032198
0.1066,0,0
0.107,0,0
0.1074,0.00740008,0.00741639
0.1078,0,0
0.1082,0,0
0.1086,0,0
0.109,0.00722704,0.0072426
0.1094,0,0
0.1098,0,0
0.1102,0,0
0.1106,0,0
0.111,0,0
0.1114,0,0
0.1118,0,0
0.1122,0,0
0.1126,0.01712,0.0121387
0.113,0.00872151,0.00874415
0.1134,0,0
0.1138,0,0
0.1142,0,0
0.1146,0,0
0.115,0,0
0.1154,0,0
0.1158,0,0
0.1162,0,0
0.1166,0,0
0.117,0.0178185,0.012633
0.1174,0,0
0.1178,0,0
0.1182,0.0098619,0.00989081
0.1186,0,0
0.119,0,0
0.1194,0,0
0.1198,0,0
5
-0.1198,0,0
-0.1194,0.00327146,0.00440005
-0.119,0,0
-0.1186,0.0064785,0.00649126
-0.1182,0,0
-0.1178,0,0
-0.1174,0,0
-0.117,0,0
-0.1166,0,0
-0.1162,0,0
-0.1158,0,0
-0.1154,0.00615332,0.00616481
-0.115,0,0
-0.1146,0,0
-0.1142,0,0
-0.1138,0,0
-0.1134,0,0
-0.113,0,0
-0.1126,0,0
-0.1122,0,0
-0.1118,0,0
-0.1114,0,0
-0.111,0,0
-0.1106,0,0
-0.1102,0,0
-0.1098,0,0
-0.1094,0.0125392,0.0092359
-0.109,0,0
-0.1086,0,0
-0.1082,0,0
-0.1078,0,0
-0.1074,0,0
-0.107,0,0
-0.1066,0,0
-0.1062,0,0
-0.1058,0,0
-0.1054,0,0
-0.105,0,0
-0.1046,0,0
-0.1042,0,0
-0.1038,0,0
-0.1034,0,0
-0.103,0,0
-0.1026,0,0
-0.1022,0,0
-0.1018,0,0
-0.1014,0,0
-0.101,0,0
-0.1006,0.00623995,0.00625164
-0.1002,0,0
-0.0998,0,0
-0.0994,0,0
-0.099,0,0
-0.0986,0,0
-0.0982,0,0
-0.0978,0,0
-0.0974,0,0
-0.097,0,0
-0.0966,0,0
-0.0962,0,0
-0.0958,0,0
-0.0954,0,0
-0.095,0.00698558,0.00700017
-0.0946,0,0
-0.0942,0,0
-0.0938,0,0
-0.0934,0,0
-0.093,0,0
-0.0926,0,0
-0.0922,0,0
-0.0918,0,0
-0.0914,0,0
-0.091,0,0
-0.0906,0,0
-0.0902,0,0
-0.0898,0.00619741,0.00620886
-0.0894,0,0
-0.089,0.00650244,0.00651503
-0.0886,0,0
-0.0882,0.0067779,0.00679158
-0.0878,0,0
-0.0874,0,0
-0.087,0,0
-0.0866,0,0
-0.0862,0,0
-0.0858,0,0
-0.0854,0,0
-0.085,0,0
-0.0846,0,0
-0.0842,0,0
-0.0838,0,0
-0.0834,0,0
-0.083,0,0
-0.0826,0.00686103,0.006875
-0.0822,0,0
-0.0818,0,0
-0.0814,0,0
-0.081,0,0
-0.0806,0,0
-0.0802,0.00585437,0.00586453
-0.0798,0,0
-0.0794,0,0
-0.079,0,0
-0.0786,0,0
-0.0782,0,0
-0.0778,0.00637088,0.00638289
-0.0774,0,0
-0.077,0,0
-0.0766,0,0
-0.0762,0,0
-0.0758,0,0
-0.0754,0.00588002,0.00589024
-0.075,0,0
-0.0746,0,0
-0.0742,0,0
-0.0738,0,0
-0.0734,0,0
-0.073,0,0
-0.0726,0,0
-0.0722,0,0
-0.0718,0,0
-0.0714,0,0
-0.071,0,0
-0.0706,0,0
-0.0702,0.0061065,0.00611749
-0.0698,0,0
-0.0694,0.00608166,0.00609256
-0.069,0,0
-0.0686,0,0
-0.0682,0,0
-0.0678,0,0
-0.0674,0,0
-0.067,0,0
-0.0666,0,0
-0.0662,0.00659351,0.0066063
-0.0658,0,0
-0.0654,0,0
-0.065,0,0
-0.0646,0,0
-0.0642,0,0
-0.0638,0,0
-0.0634,0,0
-0.063,0,0
-0.0626,0,0
-0.0622,0,0
-0.0618,0,0
-0.0614,0,0
-0.061,0,0
-0.0606,0,0
-0.0602,0,0
-0.0598,0,0
-0.0594,0,0
-0.059,0,0
-0.0586,0,0
-0.0582,0,0
-0.0578,0,0
-0.0574,0,0
-0.057,0,0
-0.0566,0,0
-0.0562,0,0
-0.0558,0,0
-0.0554,0,0
-0.055,0,0
-0.0546,0,0
-0.0542,0,0
-0.0538,0.00634089,0.00635265
-0.0534,0,0
-0.053,0,0
-0.0526,0,0
-0.0522,0,0
-0.0518,0,0
-0.0514,0,0
-0.051,0.00135399,0.00291533
-0.0506,0,0
-0.0502,0,0
-0.0498,0,0
-0.0494,0,0
-0.049,0,0
-0.0486,0.0124968,0.00885471
-0.0482,0.00672868,0.0067419
-0.0478,0,0
-0.0474,0,0
-0.047,0,0
-0.0466,0,0
-0.0462,0,0
-0.0458,0,0
-0.0454,0,0
-0.045,0,0
-0.0446,0.00646147,0.00647364
-0.0442,0.00269695,0.00428427
-0.0438,0,0
-0.0434,0,0
-0.043,0,0
-0.0426,0,0
-0.0422,0,0
-0.0418,0,0
-0.0414,0,0
-0.041,0,0
-0.0406,0,0
-0.0402,0.00618288,0.00619401
-0.0398,0.00618363,0.00619476
-0.0394,0.00622591,0.00623719
-0.039,0.00138096,0.00296342
-0.0386,0,0
-0.0382,0.00639793,0.00640984
-0.0378,0,0
-0.0374,0.00614722,0.00615822
-0.037,0.00612477,0.00613568
-0.0366,0,0
-0.0362,0,0
-0.0358,0,0
-0.0354,0,0
-0.035,0.00620591,0.00621711
-0.0346,0.00647492,0.0064871
-0.0342,0.00647544,0.00648763
-0.0338,0,0
-0.0334,0.0123519,0.0087498
-0.033,0,0
-0.0326,0,0
-0.0322,0.0063307,0.00634234
-0.0318,0,0
-0.0314,0,0
-0.031,0,0
-0.0306,0,0
-0.0302,0.00671247,0.00672555
-0.0298,0,0
-0.0294,0,0
-0.029,0.0014712,0.00298265
-0.0286,0.00628818,0.00629965
-0.0282,0,0
-0.0278,0,0
-0.0274,0,0
-0.027,0.0124944,0.00885302
-0.0266,0,0
-0.0262,0.00668654,0.0066995
-0.0258,0,0
-0.0254,0,0
-0.025,0,0
-0.0246,0,0
-0.0242,0,0
-0.0238,0.00610926,0.00612008
-0.0234,0,0
-0.023,0,0
-0.0226,0,0
-0.0222,0,0
-0.0218,0,0
-0.0214,0,0
-0.021,0,0
-0.0206,0,0
-0.0202,0,0
-0.0198,0,0
-0.0194,0.0126278,0.00894552
-0.019,0,0
-0.0186,0,0
-0.0182,0,0
-0.0178,0,0
-0.0174,0,0
-0.017,0.0134084,0.00949961
-0.0166,0.00627876,0.00629017
-0.0162,0,0
-0.0158,0.00658041,0.00659293
-0.0154,0,0
-0.015,0,0
-0.0146,0.00628327,0.00629469
-0.0142,0.00664686,0.00665964
-0.0138,0,0
-0.0134,0,0
-0.013,0,0
-0.0126,0,0
-0.0122,0.00679597,0.00680932
-0.0118,0,0
-0.0114,0,0
-0.011,0.00667877,0.00669166
-0.0106,0,0
-0.0102,0.006699,0.00640205
-0.0098,0.0130094,0.00922109
-0.0094,0,0
-0.009,0,0
-0.0086,0,0
-0.0082,0,0
-0.0078,0,0
-0.0074,0.0123508,0.00875126
-0.007,0.00631758,0.00632911
-0.0066,0.0130047,0.00921915
-0.0062,0.0068223,0.00683574
-0.0058,0.000244235,0.00129342
-0.0054,0.0060605,0.0060711
-0.005,0.0122287,0.00866263
-0.0046,0.0258275,0.0129379
-0.0042,0.0316408,0.0141914
-0.0038,0.0248756,0.0124702
-0.0034,0.0128069,0.00907302
-0.003,0.0762205,0.0220254
-0.0026,0.117379,0.0285323
-0.0022,0.291013,0.0433276
-0.0018,0.400025,0.0505123
-0.0014,0.74085,0.0680588
-0.001,1.08481,0.0839157
-0.0006,1.25096,0.0930559
-0.0002,1.10634,0.0840331
0.0002,0.985568,0.0786713
0.0006,0.812945,0.0724421
0.001,0.575477,0.060303
0.0014,0.286032,0.0419659
0.0018,0.215087,0.0389137
0.0022,0.119914,0.0275615
0.0026,0.0436648,0.0165539
0.003,0.0213643,0.0116452
0.0034,0.00607849,0.00608915
0.0038,0.0252788,0.012666
0.0042,0.00614405,0.00615494
0.0046,0.0492465,0.0174426
0.005,0,0
0.0054,0.00593363,0.00594379
0.0058,0,0
0.0062,0.00593953,0.00594971
0.0066,0,0
0.007,0,0
0.0074,0,0
0.0078,0,0
0.0082,0,0
0.0086,0,0
0.009,0,0
0.0094,0,0
0.0098,0.0183074,0.0105944
0.0102,0,0
0.0106,0,0
0.011,0,0
0.0114,0.00617898,0.00619
0.0118,0,0
0.0122,0,0
0.0126,0.00587369,0.00588365
0.013,0,0
0.0134,0,0
0.0138,0,0
0.0142,0,0
0.0146,0.00635411,0.00636576
0.015,0,0
0.0154,0,0
0.0158,0.0068457,0.00685922
0.0162,0.00619091,0.00620198
0.0166,0,0
0.017,0,0
0.0174,0,0
0.0178,0,0
0.0182,0,0
0.0186,0.00676593,0.00677913
0.019,0,0
0.0194,0.00549545,0.00550417
0.0198,0.0010605,0.0024935
0.0202,0,0
0.0206,0,0
0.021,0,0
0.0214,0,0
0.0218,0.00618664,0.00619769
0.0222,0,0
0.0226,0,0
0.023,0,0
0.0234,0,0
0.0238,0.0119608,0.00847216
0.0242,0.00594944,0.00595965
0.0246,0,0
0.025,0,0
0.0254,0,0
0.0258,0.00625849,0.00626979
0.0262,0,0
0.0266,0,0
0.027,0,0
0.0274,0,0
0.0278,0.0063419,0.0063535
0.0282,0,0
0.0286,0,0
0.029,0,0
0.0294,0,0
0.0298,0,0
0.0302,0.000447958,0.00164662
0.0306,0,0
0.031,0.0128033,0.00907007
0.0314,0.0128537,0.00910581
0.0318,0.0126937,0.00899276
0.0322,0,0
0.0326,0,0
0.033,0,0
0.0334,0,0
0.0338,0.00650755,0.00651976
0.0342,0,0
0.0346,0,0
0.035,0,0
0.0354,0.00643902,0.00645097
0.0358,0.00643937,0.00645132
0.0362,0.00634415,0.00635575
0.0366,0.00628884,0.00630024
0.037,0,0
0.0374,0,0
0.0378,0,0
0.0382,0,0
0.0386,0,0
0.039,0,0
0.0394,0,0
0.0398,0.0116682,0.00826455
0.0402,0,0
0.0406,0,0
0.041,0,0
0.0414,0,0
0.0418,0,0
0.0422,0,0
0.0426,0,0
0.043,0,0
0.0434,0,0
0.0438,0,0
0.0442,0,0
0.0446,0,0
0.045,0,0
0.0454,0,0
0.0458,0,0
0.0462,0,0
0.0466,0,0
0.047,0,0
0.0474,0,0
0.0478,0,0
0.0482,0,0
0.0486,0,0
0.049,0,0
0.0494,0.00639756,0.00640934
0.0498,0,0
0.0502,0.00601954,0.00602997
0.0506,0,0
0.051,0.00632109,0.00633258
0.0514,0,0
0.0518,0,0
0.0522,0,0
0.0526,0,0
0.053,0,0
0.0534,0,0
0.0538,0,0
0.0542,0,0
0.0546,0,0
0.055,0,0
0.0554,0,0
0.0558,0,0
0.0562,0,0
0.0566,0.00642717,0.00643904
0.057,0,0
0.0574,0.0125272,0.00887403
0.0578,0,0
0.0582,0.00617868,0.00629592
0.0586,0,0
0.059,0,0
0.0594,0.00394707,0.00490324
0.0598,0,0
0.0602,0,0
0.0606,0.00587315,0.00588305
0.061,0,0
0.0614,0,0
0.0618,0.00611627,0.006127
0.0622,0,0
0.0626,0,0
0.063,0,0
0.0634,0.0062663,0.00627756
0.0638,0,0
0.0642,0,0
0.0646,0,0
0.065,0,0
0.0654,0,0
0.0658,0,0
0.0662,0,0
0.0666,0,0
0.067,0,0
0.0674,0,0
0.0678,0,0
0.0682,0.00660711,0.00661962
0.0686,0,0
0.069,0.0130026,0.00921153
0.0694,0,0
0.0698,0,0
0.0702,0,0
0.0706,0,0
0.071,0.00600559,0.00601592
0.0714,0,0
0.0718,0,0
0.0722,0,0
0.0726,0,0
0.073,0,0
0.0734,0,0
0.0738,0,0
0.0742,0,0
0.0746,0,0
0.075,0,0
0.0754,0,0
0.0758,0,0
0.0762,0,0
0.0766,0,0
0.077,0,0
0.0774,0,0
0.0778,0,0
0.0782,0,0
0.0786,0,0
0.079,0,0
0.0794,0,0
0.0798,0,0
0.0802,0,0
0.0806,0,0
0.081,0,0
0.0814,0,0
0.0818,0,0
0.0822,0,0
0.0826,0,0
0.083,0,0
0.0834,0,0
0.0838,0,0
0.0842,0,0
0.0846,0,0
0.085,0,0
0.0854,0,0
0.0858,0,0
0.0862,0,0
0.0866,0,0
0.087,0,0
0.0874,0,0
0.0878,0,0
0.0882,0,0
0.0886,0,0
0.089,0,0
0.0894,0,0
0.0898,0,0
0.0902,0.00596755,0.00597768
0.0906,0,0
0.091,0,0
0.0914,0,0
0.0918,0,0
0.0922,0,0
0.0926,0,0
0.093,0.00653554,0.00654767
0.0934,0,0
0.0938,0,0
0.0942,0,0
0.0946,0,0
0.095,0,0
0.0954,0,0
0.0958,0.0061476,0.00615833
0.0962,0,0
0.0966,0,0
0.097,0,0
0.0974,0.0068234,0.0068366
0.0978,0,0
0.0982,0,0
0.0986,0,0
0.099,0,0
0.0994,0,0
0.0998,0,0
0.1002,0.00699786,0.00701172
0.1006,0.00172817,0.00354307
0.101,0,0
0.1014,0,0
0.1018,0,0
0.1022,0,0
0.1026,0,0
0.103,0,0
0.1034,0,0
0.1038,0.0075269,0.00754291
0.1042,0.00758038,0.00759662
0.1046,0,0
0.105,0,0
0.1054,0,0
0.1058,0,0
0.1062,0.00608371,0.00681308
0.1066,0,0
0.107,0.00746245,0.00747817
0.1074,0,0
0.1078,0,0
0.1082,0.00862983,0.00865083
0.1086,0,0
0.109,0,0
0.1094,0,0
0.1098,0,0
0.1102,0,0
0.1106,0,0
0.111,0,0
0.1114,0,0
0.1118,0,0
0.1122,0,0
0.1126,0,0
0.113,0,0
0.1134,0,0
0.1138,0,0
0.1142,0,0
0.1146,0,0
0.115,0,0
0.1154,0,0
0.1158,0,0
0.1162,0,0
0.1166,0,0
0.117,0,0
0.1174,0,0
0.1178,0,0
0.1182,0,0
0.1186,0,0
0.119,0,0
0.1194,0,0
0.1198,0,0
6
-0.1198,0,0
-0.1194,0,0
-0.119,0,0
-0.1186,0,0
-0.1182,0,0
-0.1178,0,0
-0.1174,0,0
-0.117,0,0
-0.1166,0.00547173,0.00548194
-0.1162,0,0
-0.1158,0,0
-0.1154,0,0
-0.115,0,0
-0.1146,0,0
-0.1142,0,0
-0.1138,0,0
-0.1134,0,0
-0.113,0.00142516,0.00276233
-0.1126,0,0
-0.1122,0,0
-0.1118,0,0
-0.1114,0,0
-0.111,0,0
-0.1106,0,0
-0.1102,0,0
-0.1098,0,0
-0.1094,0,0
-0.109,0,0
-0.1086,0,0
-0.1082,0,0
-0.1078,0,0
-0.1074,0,0
-0.107,0,0
-0.1066,0,0
-0.1062,0,0
-0.1058,0,0
-0.1054,0.00546463,0.00547471
-0.105,0,0
-0.1046,0,0
-0.1042,0,0
-0.1038,0,0
-0.1034,0,0
-0.103,0,0
-0.1026,0,0
-0.1022,0,0
-0.1018,0,0
-0.1014,0,0
-0.101,0,0
-0.1006,0,0
-0.1002,0.0051165,0.0051253
-0.0998,0,0
-0.0994,0,0
-0.099,0,0
-0.0986,0,0
-0.0982,0,0
-0.0978,0.00560989,0.00562045
-0.0974,0,0
-0.097,0,0
-0.0966,0.0057012,0.00571209
-0.0962,0,0
-0.0958,0,0
-0.0954,0,0
-0.095,0,0
-0.0946,0,0
-0.0942,0,0
-0.0938,0,0
-0.0934,0,0
-0.093,0,0
-0.0926,0,0
-0.0922,0,0
-0.0918,0,0
-0.0914,0,0
-0.091,0,0
-0.0906,0,0
-0.0902,0,0
-0.0898,0,0
-0.0894,0,0
-0.089,0,0
-0.0886,0,0
-0.0882,0,0
-0.0878,0,0
-0.0874,0,0
-0.087,0,0
-0.0866,0,0
-0.0862,0,0
-0.0858,0,0
-0.0854,0,0
-0.085,0,0
-0.0846,0,0
-0.0842,0,0
-0.0838,0,0
-0.0834,0,0
-0.083,0,0
-0.0826,0,0
-0.0822,0,0
-0.0818,0,0
-0.0814,0,0
-0.081,0,0
-0.0806,0,0
-0.0802,0,0
-0.0798,0,0
-0.0794,0,0
-0.079,0,0
-0.0786,0.00511656,0.00512538
-0.0782,0,0
-0.0778,0,0
-0.0774,0,0
-0.077,0,0
-0.0766,0,0
-0.0762,0.00616329,0.00617611
-0.0758,0,0
-0.0754,0,0
-0.075,0.00507255,0.00508125
-0.0746,0,0
-0.0742,0.00579351,0.00580487
-0.0738,0,0
-0.0734,0.00548584,0.00549603
-0.073,0,0
-0.0726,0,0
-0.0722,0,0
-0.0718,0,0
-0.0714,0,0
-0.071,0,0
-0.0706,0,0
-0.0702,0,0
-0.0698,0,0
-0.0694,0,0
-0.069,0,0
-0.0686,0,0
-0.0682,0,0
-0.0678,0,0
-0.0674,0,0
-0.067,0,0
-0.0666,0,0
-0.0662,0,0
-0.0658,0,0
-0.0654,0,0
-0.065,0,0
-0.0646,0,0
-0.0642,0,0
-0.0638,0,0
-0.0634,0.00539102,0.00540095
-0.063,0.0110474,0.00782878
-0.0626,0,0
-0.0622,0,0
-0.0618,0,0
-0.0614,0,0
-0.061,0,0
-0.0606,0,0
-0.0602,0,0
-0.0598,0,0
-0.0594,0,0
-0.059,0,0
-0.0586,0,0
-0.0582,0.00576464,0.00577604
-0.0578,0,0
-0.0574,0,0
-0.057,0,0
-0.0566,0.00523255,0.00524195
-0.0562,0,0
-0.0558,0,0
-0.0554,0,0
-0.055,0.00537665,0.0053866
-0.0546,0,0
-0.0542,0,0
-0.0538,0,0
-0.0534,0,0
-0.053,0,0
-0.0526,0,0
-0.0522,0,0
-0.0518,0,0
-0.0514,0,0
-0.051,0.00414976,0.00469671
-0.0506,0,0
-0.0502,0,0
-0.0498,0.00523855,0.00524803
-0.0494,0.00536693,0.00537688
-0.049,0,0
-0.0486,0,0
-0.0482,0.0115785,0.00820508
-0.0478,0,0
-0.0474,0,0
-0.047,0,0
-0.0466,0.00513138,0.00514049
-0.0462,0,0
-0.0458,0,0
-0.0454,0,0
-0.045,0,0
-0.0446,0,0
-0.0442,0.00343163,0.00443098
-0.0438,0,0
-0.0434,0.00474001,0.00474781
-0.043,0.00475117,0.004759
-0.0426,0,0
-0.0422,0,0
-0.0418,0,0
-0.0414,0,0
-0.041,0,0
-0.0406,0,0
-0.0402,0,0
-0.0398,0.00521063,0.00522007
-0.0394,0,0
-0.039,0.00414417,0.00469485
-0.0386,0,0
-0.0382,0,0
-0.0378,0,0
-0.0374,0,0
-0.037,0,0
-0.0366,0,0
-0.0362,0,0
-0.0358,0.00544945,0.0054598
-0.0354,0,0
-0.035,0,0
-0.0346,0,0
-0.0342,0,0
-0.0338,0,0
-0.0334,0,0
-0.033,0,0
-0.0326,0,0
-0.0322,0,0
-0.0318,0.00559546,0.00560639
-0.0314,0,0
-0.031,0.00547309,0.00548356
-0.0306,0,0
-0.0302,0,0
-0.0298,0,0
-0.0294,0,0
-0.029,0.0037769,0.00435187
-0.0286,0,0
-0.0282,0,0
-0.0278,0,0
-0.0274,0,0
-0.027,0.00506109,0.00507006
-0.0266,0,0
-0.0262,0.00580126,0.00581305
-0.0258,0,0
-0.0254,0,0
-0.025,0.00510077,0.00510989
-0.0246,0.0108474,0.00768952
-0.0242,0,0
-0.0238,0,0
-0.0234,0,0
-0.023,0,0
-0.0226,0,0
-0.0222,0.00506669,0.0050757
-0.0218,0,0
-0.0214,0.00530053,0.00531039
-0.021,0,0
-0.0206,0,0
-0.0202,0,0
-0.0198,0,0
-0.0194,0,0
-0.019,0,0
-0.0186,0,0
-0.0182,0,0
-0.0178,0.00570058,0.00571201
-0.0174,0,0
-0.017,0.0055202,0.00553092
-0.0166,0,0
-0.0162,0,0
-0.0158,0,0
-0.0154,0,0
-0.015,0,0
-0.0146,0,0
-0.0142,0,0
-0.0138,0,0
-0.0134,0,0
-0.013,0,0
-0.0126,0,0
-0.0122,0,0
-0.0118,0,0
-0.0114,0.00534936,0.00535945
-0.011,0,0
-0.0106,0,0
-0.0102,0.00450267,0.00475137
-0.0098,0,0
-0.0094,0,0
-0.009,0,0
-0.0086,0.00535175,0.00536186
-0.0082,0,0
-0.0078,0,0
-0.0074,0,0
-0.007,0,0
-0.0066,0.00512531,0.00513458
-0.0062,0,0
-0.0058,0.0165373,0.00962427
-0.0054,0.0101853,0.00721774
-0.005,0,0
-0.0046,0.00527662,0.00528645
-0.0042,0,0
-0.0038,0,0
-0.0034,0,0
-0.003,0.0413293,0.0146575
-0.0026,0.0217326,0.0108974
-0.0022,0.067925,0.0188964
-0.0018,0.0777358,0.0201142
-0.0014,0.203262,0.0321991
-0.001,0.24252,0.0358363
-0.0006,0.383795,0.04665
-0.0002,0.398072,0.0454658
0.0002,0.398724,0.0452526
0.0006,0.298982,0.0396794
0.001,0.333121,0.0414006
0.0014,0.239895,0.0347028
0.0018,0.193694,0.0333414
0.0022,0.139102,0.0268203
0.0026,0.0512627,0.0162268
0.003,0.0578403,0.0174733
0.0034,0.0148818,0.0086071
0.0038,0.0152659,0.00882963
0.0042,0.0103796,0.00735714
0.0046,0.00504109,0.00505007
0.005,0.0104672,0.0074151
0.0054,0,0
0.0058,0,0
0.0062,0.00961773,0.00681258
0.0066,0,0
0.007,0.00486058,0.00486892
0.0074,0.00481359,0.00482177
0.0078,0.0150521,0.00870574
0.0082,0,0
0.0086,0,0
0.009,0,0
0.0094,0,0
0.0098,0.00487345,0.00488183
0.0102,0,0
0.0106,0,0
0.011,0,0
0.0114,0.00505941,0.00506843
0.0118,0,0
0.0122,0,0
0.0126,0,0
0.013,0,0
0.0134,0.0053189,0.00532885
0.0138,0,0
0.0142,0,0
0.0146,0,0
0.015,0,0
0.0154,0,0
0.0158,0,0
0.0162,0,0
0.0166,0,0
0.017,0.00531399,0.00532388
0.0174,0,0
0.0178,0.00507476,0.00508378
0.0182,0,0
0.0186,0,0
0.019,0,0
0.0194,0,0
0.0198,0,0
0.0202,0,0
0.0206,0,0
0.021,0,0
0.0214,0,0
0.0218,0,0
0.0222,0,0
0.0226,0,0
0.023,0,0
0.0234,0,0
0.0238,0,0
0.0242,0.00495652,0.00496502
0.0246,0,0
0.025,0.0048972,0.00490549
0.0254,0,0
0.0258,0,0
0.0262,0,0
0.0266,0,0
0.027,0.00514058,0.00514969
0.0274,0,0
0.0278,0,0
0.0282,0,0
0.0286,0,0
0.029,0,0
0.0294,0,0
0.0298,0,0
0.0302,0,0
0.0306,0.00517632,0.0051855
0.031,0,0
0.0314,0,0
0.0318,0,0
0.0322,0,0
0.0326,0,0
0.033,0,0
0.0334,0,0
0.0338,0.00410251,0.00462338
0.0342,0,0
0.0346,0,0
0.035,0,0
0.0354,0,0
0.0358,0,0
0.0362,0,0
0.0366,0,0
0.037,0.00534734,0.00535703
0.0374,0,0
0.0378,0,0
0.0382,0,0
0.0386,0,0
0.039,0.0049834,0.00499179
0.0394,0,0
0.0398,0,0
0.0402,0,0
0.0406,0,0
0.041,0,0
0.0414,0,0
0.0418,0,0
0.0422,0,0
0.0426,0,0
0.043,0,0
0.0434,0.00527762,0.00528696
0.0438,0,0
0.0442,0,0
0.0446,0,0
0.045,0.00383071,0.00454837
0.0454,0,0
0.0458,0,0
0.0462,0,0
0.0466,0,0
0.047,0,0
0.0474,0.00338145,0.00418843
0.0478,0,0
0.0482,0,0
0.0486,0,0
0.049,0,0
0.0494,0,0
0.0498,0,0
0.0502,0,0
0.0506,0,0
0.051,0,0
0.0514,0,0
0.0518,0,0
0.0522,0.00528372,0.00529295
0.0526,0,0
0.053,0.00571984,0.00573065
0.0534,0.00541975,0.00542945
0.0538,0,0
0.0542,0,0
0.0546,0,0
0.055,0.00542014,0.00542982
0.0554,0,0
0.0558,0,0
0.0562,0,0
0.0566,0,0
0.057,0,0
0.0574,0,0
0.0578,0,0
0.0582,0.000186905,0.00102523
0.0586,0,0
0.059,0,0
0.0594,0,0
0.0598,0,0
0.0602,0,0
0.0606,0,0
0.061,0,0
0.0614,0,0
0.0618,0,0
0.0622,0,0
0.0626,0,0
0.063,0,0
0.0634,0,0
0.0638,0,0
0.0642,0.00564088,0.00565121
0.0646,0,0
0.065,0,0
0.0654,0.00557747,0.00558755
0.0658,0,0
0.0662,0,0
0.0666,0.00545267,0.00546229
0.067,0,0
0.0674,0,0
0.0678,0,0
0.0682,0,0
0.0686,0,0
0.069,0,0
0.0694,0,0
0.0698,0,0
0.0702,0,0
0.0706,0,0
0.071,0,0
0.0714,0,0
0.0718,0,0
0.0722,0,0
0.0726,0,0
0.073,0,0
0.0734,0,0
0.0738,0,0
0.0742,0,0
0.0746,0,0
0.075,0,0
0.0754,0,0
0.0758,0.00801537,0.00681354
0.0762,0,0
0.0766,0,0
0.077,0.00550158,0.00551122
0.0774,0.00135828,0.00288228
0.0778,0,0
0.0782,0,0
0.0786,0,0
0.079,0.0100228,0.00709846
0.0794,0,0
0.0798,0,0
0.0802,0.00588431,0.00589528
0.0806,0.00685449,0.00598637
0.081,0,0
0.0814,0,0
0.0818,0,0
0.0822,0,0
0.0826,0,0
0.083,0,0
0.0834,0,0
0.0838,0,0
0.0842,0,0
0.0846,0,0
0.085,0,0
0.0854,0,0
0.0858,0.00578394,0.00579445
0.0862,0,0
0.0866,0,0
0.087,0,0
0.0874,0,0
0.0878,0,0
0.0882,0,0
0.0886,0,0
0.089,0.00590917,0.0059201
0.0894,0,0
0.0898,0,0
0.0902,0,0
0.0906,0,0
0.091,0,0
0.0914,0,0
0.0918,0,0
0.0922,0,0
0.0926,0,0
0.093,0,0
0.0934,0,0
0.0938,0,0
0.0942,0.00563822,0.0056481
0.0946,0,0
0.095,0,0
0.0954,0,0
0.0958,0,0
0.0962,0,0
0.0966,0,0
0.097,0,0
0.0974,0,0
0.0978,0,0
0.0982,0,0
0.0986,0,0
0.099,0,0
0.0994,0,0
0.0998,0,0
0.1002,0,0
0.1006,0,0
0.101,0,0
0.1014,0,0
0.1018,0,0
0.1022,0.00609116,0.00610258
0.1026,0,0
0.103,0.00649721,0.00651018
0.1034,0,0
0.1038,0,0
0.1042,0,0
0.1046,0.0139112,0.00985972
0.105,0,0
0.1054,0,0
0.1058,0,0
0.1062,0.00690805,0.00692269
0.1066,0,0
0.107,0,0
0.1074,0,0
0.1078,0,0
0.1082,0.000188385,0.00122629
0.1086,0,0
0.109,0,0
0.1094,0,0
0.1098,0,0
0.1102,0,0
0.1106,0,0
0.111,0,0
0.1114,0,0
0.1118,0,0
0.1122,0,0
0.1126,0,0
0.113,0,0
0.1134,0.00953775,0.0095656
0.1138,0,0
0.1142,0,0
0.1146,0,0
0.115,0,0
0.1154,0,0
0.1158,0,0
0.1162,0.0172298,0.0122296
0.1166,0,0
0.117,0,0
0.1174,0,0
0.1178,0,0
0.1182,0,0
0.1186,0,0
0.119,0,0
0.1194,0,0
0.1198,0,0
7
-0.1198,0,0
-0.1194,0,0
-0.119,0,0
-0.1186,0.0111139,0.00787616
-0.1182,0,0
-0.1178,0,0
-0.1174,0,0
-0.117,0,0
-0.1166,0,0
-0.1162,0,0
-0.1158,0,0
-0.1154,0,0
-0.115,0,0
-0.1146,0,0
-0.1142,0,0
-0.1138,0,0
-0.1134,0,0
-0.113,0.00382593,0.00447729
-0.1126,0.00574508,0.00575654
-0.1122,0.00574338,0.00575483
-0.1118,0,0
-0.1114,0,0
-0.111,0,0
-0.1106,0,0
-0.1102,0,0
-0.1098,0,0
-0.1094,0,0
-0.109,0,0
-0.1086,0,0
-0.1082,0,0
-0.1078,0,0
-0.1074,0,0
-0.107,0,0
-0.1066,0,0
-0.1062,0,0
-0.1058,0,0
-0.1054,0.00528372,0.00529347
-0.105,0.00546824,0.00547869
-0.1046,0,0
-0.1042,0,0
-0.1038,0.00579198,0.00580371
-0.1034,0,0
-0.103,0,0
-0.1026,0,0
-0.1022,0,0
-0.1018,0,0
-0.1014,0.00533637,0.00534635
-0.101,0,0
-0.1006,0,0
-0.1002,0,0
-0.0998,0,0
-0.0994,0,0
-0.099,0,0
-0.0986,0,0
-0.0982,0,0
-0.0978,0,0
-0.0974,0,0
-0.097,0,0
-0.0966,0.00555587,0.00556674
-0.0962,0,0
-0.0958,0,0
-0.0954,0,0
-0.095,0,0
-0.0946,0.00513743,0.00514674
-0.0942,0,0
-0.0938,0,0
-0.0934,0,0
-0.093,0,0
-0.0926,0,0
-0.0922,0,0
-0.0918,0,0
-0.0914,0,0
-0.091,0,0
-0.0906,0,0
-0.0902,0,0
-0.0898,0.00521143,0.00522106
-0.0894,0,0
-0.089,0,0
-0.0886,0,0
-0.0882,0.00527099,0.00528084
-0.0878,0,0
-0.0874,0.00546582,0.00547641
-0.087,0,0
-0.0866,0,0
-0.0862,0,0
-0.0858,0,0
-0.0854,0.00539322,0.00540352
-0.085,0,0
-0.0846,0,0
-0.0842,0,0
-0.0838,0,0
-0.0834,0,0
-0.083,0,0
-0.0826,0,0
-0.0822,0,0
-0.0818,0,0
-0.0814,0,0
-0.081,0,0
-0.0806,0,0
-0.0802,0,0
-0.0798,0.00511917,0.00512843
-0.0794,0,0
-0.079,0.00547758,0.00548817
-0.0786,0,0
-0.0782,0,0
-0.0778,0,0
-0.0774,0,0
-0.077,0,0
-0.0766,0,0
-0.0762,0,0
-0.0758,0,0
-0.0754,0.00492888,0.00493745
-0.075,8.3127e-05,0.000637154
-0.0746,0,0
-0.0742,0.00556638,0.00557729
-0.0738,0,0
-0.0734,0,0
-0.073,0,0
-0.0726,0,0
-0.0722,0,0
-0.0718,0,0
-0.0714,0,0
-0.071,0,0
-0.0706,0,0
-0.0702,0,0
-0.0698,0,0
-0.0694,0,0
-0.069,0,0
-0.0686,0,0
-0.0682,0,0
-0.0678,0.00520309,0.00521257
-0.0674,0,0
-0.067,0,0
-0.0666,0,0
-0.0662,0,0
-0.0658,0,0
-0.0654,0,0
-0.065,0,0
-0.0646,0,0
-0.0642,0,0
-0.0638,0,0
-0.0634,0,0
-0.063,0,0
-0.0626,0,0
-0.0622,0,0
-0.0618,0,0
-0.0614,0.00519382,0.0052032
-0.061,0,0
-0.0606,0.00555828,0.00556902
-0.0602,0.00571536,0.0057267
-0.0598,0.0113767,0.00806046
-0.0594,0,0
-0.059,0,0
-0.0586,0,0
-0.0582,0,0
-0.0578,0,0
-0.0574,0,0
-0.057,0,0
-0.0566,0,0
-0.0562,0.0106666,0.00755634
-0.0558,0.00540311,0.00541319
-0.0554,0,0
-0.055,0,0
-0.0546,0,0
-0.0542,0,0
-0.0538,0,0
-0.0534,0,0
-0.053,0.00574608,0.00575744
-0.0526,0,0
-0.0522,0.0106697,0.00757076
-0.0518,0,0
-0.0514,0,0
-0.051,0,0
-0.0506,0,0
-0.0502,0,0
-0.0498,0,0
-0.0494,0,0
-0.049,0.0104188,0.00738038
-0.0486,0.00522017,0.00522949
-0.0482,0,0
-0.0478,0.00559392,0.00560461
-0.0474,0,0
-0.047,0,0
-0.0466,0,0
-0.0462,0,0
-0.0458,0,0
-0.0454,0.00541097,0.00542094
-0.045,0.0039335,0.00455608
-0.0446,0,0
-0.0442,0,0
-0.0438,0,0
-0.0434,0,0
-0.043,0,0
-0.0426,0,0
-0.0422,0.00543181,0.00544181
-0.0418,0,0
-0.0414,0.00462981,0.00486721
-0.041,0,0
-0.0406,0,0
-0.0402,0,0
-0.0398,0,0
-0.0394,0.00544617,0.00545617
-0.039,0,0
-0.0386,0,0
-0.0382,0,0
-0.0378,0,0
-0.0374,0,0
-0.037,0,0
-0.0366,0,0
-0.0362,0.00566537,0.00567613
-0.0358,0.00562506,0.00563566
-0.0354,0,0
-0.035,0,0
-0.0346,0.00564643,0.00565709
-0.0342,0,0
-0.0338,0,0
-0.0334,0,0
-0.033,0,0
-0.0326,0.00550734,0.00551744
-0.0322,0,0
-0.0318,0,0
-0.0314,0,0
-0.031,0.00531443,0.00532381
-0.0306,0,0
-0.0302,0,0
-0.0298,0,0
-0.0294,0,0
-0.029,0,0
-0.0286,0,0
-0.0282,0.00582648,0.0058377
-0.0278,0.00519909,0.00520802
-0.0274,0,0
-0.027,0,0
-0.0266,0,0
-0.0262,0,0
-0.0258,0.0083454,0.00686296
-0.0254,0.0054993,0.00550924
-0.025,0.0109494,0.00775641
-0.0246,0.00559514,0.00560541
-0.0242,0,0
-0.0238,0.00546206,0.00547183
-0.0234,0.00573748,0.00574826
-0.023,0,0
-0.0226,0,0
-0.0222,0,0
-0.0218,0.00575068,0.00576147
-0.0214,0,0
-0.021,0,0
-0.0206,0,0
-0.0202,0.00537775,0.00538716
-0.0198,0.0051167,0.00537563
-0.0194,0,0
-0.019,0,0
-0.0186,0.00566585,0.00567626
-0.0182,0,0
-0.0178,0.00619531,0.00620773
-0.0174,0,0
-0.017,0,0
-0.0166,0,0
-0.0162,0,0
-0.0158,0,0
-0.0154,0,0
-0.015,0.00542913,0.00543861
-0.0146,0.0165215,0.00955734
-0.0142,0,0
-0.0138,0,0
-0.0134,0,0
-0.013,0.00603666,0.00604833
-0.0126,0,0
-0.0122,0,0
-0.0118,0,0
-0.0114,0.00604184,0.0060535
-0.011,0.00604614,0.00605781
-0.0106,0,0
-0.0102,0,0
-0.0098,0,0
-0.0094,0,0
-0.009,0,0
-0.0086,0.0115298,0.00817149
-0.0082,0,0
-0.0078,0.00548816,0.00549772
-0.0074,0.00574946,0.00575995
-0.007,0,0
-0.0066,0.00570924,0.00571957
-0.0062,0,0
-0.0058,0,0
-0.0054,0.00583989,0.00585067
-0.005,0.00563254,0.00564257
-0.0046,0,0
-0.0042,0.0174664,0.0101127
-0.0038,0.0139074,0.00894908
-0.0034,0.00580292,0.00581353
-0.003,0.0476387,0.0166638
-0.0026,0.0625443,0.0198289
-0.0022,0.0945624,0.0236404
-0.0018,0.180161,0.0325283
-0.0014,0.220429,0.0355583
-0.001,0.337485,0.0447963
-0.0006,0.554931,0.0593959
-0.0002,0.645019,0.0614839
0.0002,0.558704,0.0567202
0.0006,0.580606,0.0587431
0.001,0.512959,0.0546329
0.0014,0.366371,0.0459301
0.0018,0.256372,0.0407983
0.0022,0.190165,0.0333392
0.0026,0.0839835,0.0220679
0.003,0.0652647,0.019717
0.0034,0.0576581,0.0181744
0.0038,0.0422821,0.0157054
0.0042,0.0178532,0.0103318
0.0046,0.017127,0.00990592
0.005,0.0464268,0.016447
0.0054,0.0197352,0.0108987
0.0058,0.0383423,0.0145173
0.0062,0.0108334,0.00767326
0.0066,0.0220738,0.0110559
0.007,0.0113221,0.00802233
0.0074,0.0109482,0.00775475
0.0078,0.0114143,0.00808542
0.0082,0.00570703,0.00571714
0.0086,0.0126596,0.00896927
0.009,0.00539975,0.00540879
0.0094,0,0
0.0098,0.00595087,0.00596184
0.0102,0,0
0.0106,0,0
0.011,0,0
0.0114,0,0
0.0118,0,0
0.0122,0,0
0.0126,0,0
0.013,0,0
0.0134,0,0
0.0138,0,0
0.0142,0.0058825,0.00589319
0.0146,0,0
0.015,0,0
0.0154,0,0
0.0158,0,0
0.0162,0,0
0.0166,0,0
0.017,0,0
0.0174,0.00617778,0.00618958
0.0178,0,0
0.0182,0.011031,0.00781342
0.0186,0,0
0.019,0,0
0.0194,0,0
0.0198,0,0
0.0202,0.00567648,0.00568646
0.0206,0.00597994,0.00599102
0.021,0.00567632,0.00568631
0.0214,0,0
0.0218,0,0
0.0222,0.00603403,0.00604533
0.0226,0,0
0.023,0.00593096,0.00594187
0.0234,0,0
0.0238,0,0
0.0242,0.0110528,0.00782898
0.0246,0,0
0.025,0,0
0.0254,0,0
0.0258,0.00562452,0.00563436
0.0262,0,0
0.0266,0,0
0.027,0.00566256,0.00567254
0.0274,0,0
0.0278,0,0
0.0282,0,0
0.0286,0,0
0.029,0,0
0.0294,0,0
0.0298,0,0
0.0302,0,0
0.0306,0,0
0.031,0.00588833,0.00589916
0.0314,0,0
0.0318,0,0
0.0322,0.005999,0.00601025
0.0326,0,0
0.033,0.00598919,0.00600042
0.0334,0.011488,0.00813788
0.0338,0.00118583,0.00259326
0.0342,0.00599022,0.00600146
0.0346,0,0
0.035,0,0
0.0354,0,0
0.0358,0,0
0.0362,0,0
0.0366,0.00624218,0.00625441
0.037,0,0
0.0374,0,0
0.0378,0.00563497,0.00564495
0.0382,0.00536939,0.00537845
0.0386,0,0
0.039,0,0
0.0394,0.00534866,0.00535767
0.0398,0,0
0.0402,0,0
0.0406,0.00563336,0.00564337
0.041,0,0
0.0414,0.0057921,0.00580268
0.0418,0,0
0.0422,0,0
0.0426,0,0
0.043,0,0
0.0434,0,0
0.0438,0,0
0.0442,0,0
0.0446,0,0
0.045,0.00163808,0.00305726
0.0454,0,0
0.0458,0,0
0.0462,0,0
0.0466,0,0
0.047,0,0
0.0474,0.00187757,0.00319759
0.0478,0,0
0.0482,0.00565404,0.0056642
0.0486,0,0
0.049,0,0
0.0494,0,0
0.0498,0.00526615,0.00527498
0.0502,0,0
0.0506,0.0059231,0.00593429
0.051,0,0
0.0514,0,0
0.0518,0,0
0.0522,0,0
0.0526,0,0
0.053,0,0
0.0534,0,0
0.0538,0,0
0.0542,0.00550522,0.00551492
0.0546,0,0
0.055,0,0
0.0554,0,0
0.0558,0,0
0.0562,0,0
0.0566,0,0
0.057,0.00574893,0.00575955
0.0574,0,0
0.0578,0,0
0.0582,0,0
0.0586,0,0
0.059,0.00541194,0.00542138
0.0594,0,0
0.0598,0.00573659,0.0057472
0.0602,0,0
0.0606,0,0
0.061,0.00522147,0.00523027
0.0614,0,0
0.0618,0.00542998,0.00543951
0.0622,0.00560091,0.00561105
0.0626,0,0
0.063,0.0054947,0.00550447
0.0634,0,0
0.0638,0,0
0.0642,0.0171104,0.00989725
0.0646,0,0
0.065,0,0
0.0654,0,0
0.0658,0.00556092,0.00557097
0.0662,0,0
0.0666,0.00542053,0.00543009
0.067,0,0
0.0674,0,0
0.0678,0,0
0.0682,0.00580534,0.00581632
0.0686,0,0
0.069,0,0
0.0694,0,0
0.0698,0,0
0.0702,0.0055272,0.00553719
0.0706,0,0
0.071,0.00535656,0.00536595
0.0714,0,0
0.0718,0.00519938,0.00520823
0.0722,0.00595935,0.00597099
0.0726,0,0
0.073,0,0
0.0734,0,0
0.0738,0,0
0.0742,0.00540716,0.00541676
0.0746,0,0
0.075,0,0
0.0754,0,0
0.0758,0.00342091,0.00438446
0.0762,0,0
0.0766,0,0
0.077,0,0
0.0774,0.00457651,0.00520173
0.0778,0,0
0.0782,0,0
0.0786,0,0
0.079,0,0
0.0794,0.00511721,0.00512584
0.0798,0,0
0.0802,0,0
0.0806,0.00842684,0.00650329
0.081,0.0054038,0.00541344
0.0814,0,0
0.0818,0,0
0.0822,0,0
0.0826,0,0
0.083,0,0
0.0834,0,0
0.0838,0.00509979,0.0051084
0.0842,0.00475832,0.00476581
0.0846,0.0055905,0.00560083
0.085,0,0
0.0854,0,0
0.0858,0,0
0.0862,0,0
0.0866,0.010441,0.00739567
0.087,0,0
0.0874,0,0
0.0878,0,0
0.0882,0,0
0.0886,0,0
0.089,0,0
0.0894,0,0
0.0898,0,0
0.0902,0,0
0.0906,0,0
0.091,0,0
0.0914,0,0
0.0918,0,0
0.0922,0,0
0.0926,0,0
0.093,0.0055929,0.00560328
0.0934,0.00528757,0.00541957
0.0938,0,0
0.0942,0.00527797,0.00528722
0.0946,0.00517021,0.00517909
0.095,0.00586113,0.00587254
0.0954,0,0
0.0958,0.00525092,0.00526008
0.0962,0.00348327,0.00442727
0.0966,0,0
0.097,0.00582245,0.00583371
0.0974,0,0
0.0978,0,0
0.0982,0,0
0.0986,0,0
0.099,0,0
0.0994,0,0
0.0998,0,0
0.1002,0.00596229,0.0059741
0.1006,0,0
0.101,0,0
0.1014,0.00566224,0.0056729
0.1018,0,0
0.1022,0,0
0.1026,0,0
0.103,0,0
0.1034,0,0
0.1038,0,0
0.1042,0,0
0.1046,0,0
0.105,0,0
0.1054,0,0
0.1058,0,0
0.1062,0,0
0.1066,0,0
0.107,0,0
0.1074,0,0
0.1078,0,0
0.1082,0.00717329,0.00727755
0.1086,0,0
0.109,0,0
0.1094,0,0
0.1098,0,0
0.1102,0,0
0.1106,0.00726849,0.00728595
0.111,0,0
0.1114,0,0
0.1118,0,0
0.1122,0,0
0.1126,0.003802,0.00538249
0.113,0,0
0.1134,0,0
0.1138,0.00402953,0.00600057
0.1142,0,0
0.1146,0,0
0.115,0,0
0.1154,0.00825891,0.00828129
0.1158,0,0
0.1162,0,0
0.1166,0.00845793,0.00848135
0.117,0,0
0.1174,0,0
0.1178,0,0
0.1182,0,0
0.1186,0,0
0.119,0,0
0.1194,0,0
0.1198,0,0
8
-0.1198,0,0
-0.1194,0,0
-0.119,0,0
-0.1186,0,0
-0.1182,0,0
-0.1178,0,0
-0.1174,0,0
-0.117,0,0
-0.1166,0,0
-0.1162,0,0
-0.1158,0,0
-0.1154,0,0
-0.115,0,0
-0.1146,0,0
-0.1142,0,0
-0.1138,0,0
-0.1134,0,0
-0.113,0,0
-0.1126,0.00378185,0.00378863
-0.1122,0,0
-0.1118,0,0
-0.1114,0,0
-0.111,0,0
-0.1106,0,0
-0.1102,0,0
-0.1098,0,0
-0.1094,0,0
-0.109,0.00105178,0.00202734
-0.1086,0,0
-0.1082,0,0
-0.1078,0,0
-0.1074,0,0
-0.107,0,0
-0.1066,0,0
-0.1062,0,0
-0.1058,0,0
-0.1054,0,0
-0.105,0,0
-0.1046,0,0
-0.1042,0.00516143,0.00486376
-0.1038,0,0
-0.1034,0,0
-0.103,0,0
-0.1026,0,0
-0.1022,0,0
-0.1018,0,0
-0.1014,0,0
-0.101,0,0
-0.1006,0,0
-0.1002,0.00738788,0.00523302
-0.0998,0,0
-0.0994,0,0
-0.099,0,0
-0.0986,0,0
-0.0982,0,0
-0.0978,0.00381386,0.00382061
-0.0974,0,0
-0.097,0,0
-0.0966,0,0
-0.0962,0,0
-0.0958,0,0
-0.0954,0,0
-0.095,0,0
-0.0946,0,0
-0.0942,0,0
-0.0938,0,0
-0.0934,0,0
-0.093,0,0
-0.0926,0,0
-0.0922,0,0
-0.0918,0,0
-0.0914,0,0
-0.091,0,0
-0.0906,0,0
-0.0902,0,0
-0.0898,0.00402359,0.00403102
-0.0894,0,0
-0.089,0,0
-0.0886,0.0039361,0.0039432
-0.0882,0,0
-0.0878,0,0
-0.0874,0,0
-0.087,0,0
-0.0866,0,0
-0.0862,0,0
-0.0858,0,0
-0.0854,0,0
-0.085,0,0
-0.0846,0,0
-0.0842,0,0
-0.0838,0,0
-0.0834,0,0
-0.083,0,0
-0.0826,0,0
-0.0822,0,0
-0.0818,0,0
-0.0814,0,0
-0.081,0,0
-0.0806,0.0044175,0.00442636
-0.0802,0,0
-0.0798,0,0
-0.0794,0,0
-0.079,0,0
-0.0786,0.00380352,0.00381007
-0.0782,0,0
-0.0778,0,0
-0.0774,0,0
-0.077,0,0
-0.0766,0,0
-0.0762,0,0
-0.0758,0,0
-0.0754,0.00444162,0.00445053
-0.075,0.00373222,0.00377097
-0.0746,0,0
-0.0742,0,0
-0.0738,0,0
-0.0734,0,0
-0.073,0.00380899,0.00381553
-0.0726,0,0
-0.0722,0,0
-0.0718,0,0
-0.0714,0,0
-0.071,0,0
-0.0706,0,0
-0.0702,0.0039977,0.0040049
-0.0698,0,0
-0.0694,0.00398188,0.00398901
-0.069,0,0
-0.0686,0,0
-0.0682,0,0
-0.0678,0,0
-0.0674,0.00414157,0.00414928
-0.067,0,0
-0.0666,0,0
-0.0662,0,0
-0.0658,0,0
-0.0654,0,0
-0.065,0,0
-0.0646,0,0
-0.0642,0.00385787,0.00386455
-0.0638,0,0
-0.0634,0.00410591,0.00411347
-0.063,0,0
-0.0626,0,0
-0.0622,0,0
-0.0618,0,0
-0.0614,0.00396557,0.00397262
-0.061,0,0
-0.0606,0.00430918,0.0043175
-0.0602,0,0
-0.0598,0,0
-0.0594,0,0
-0.059,0,0
-0.0586,0,0
-0.0582,0,0
-0.0578,0.000624752,0.00157303
-0.0574,0.00424419,0.00425225
-0.057,0.00823027,0.00583041
-0.0566,0,0
-0.0562,0,0
-0.0558,0,0
-0.0554,0,0
-0.055,0.00416577,0.00417354
-0.0546,0,0
-0.0542,0,0
-0.0538,0.00414353,0.00415121
-0.0534,0.00411529,0.00412287
-0.053,0,0
-0.0526,0,0
-0.0522,0,0
-0.0518,0,0
-0.0514,0,0
-0.051,0.000488846,0.00141521
-0.0506,0,0
-0.0502,0.00393981,0.00394676
-0.0498,0,0
-0.0494,0.0039817,0.0039888
-0.049,0,0
-0.0486,0,0
-0.0482,0,0
-0.0478,0,0
-0.0474,0.0042686,0.00427676
-0.047,0.00422345,0.00423143
-0.0466,0.00371632,0.00384703
-0.0462,0.00391103,0.00391787
-0.0458,0,0
-0.0454,0,0
-0.045,0.00100711,0.00200997
-0.0446,0.00438665,0.00439525
-0.0442,0,0
-0.0438,0,0
-0.0434,0,0
-0.043,0.0036858,0.00369187
-0.0426,0,0
-0.0422,0,0
-0.0418,0.00365241,0.00365838
-0.0414,0.00445805,0.00427442
-0.041,0.00809573,0.0057413
-0.0406,0,0
-0.0402,0,0
-0.0398,0.00402651,0.00403375
-0.0394,0.00405391,0.00406125
-0.039,0.00412529,0.00413289
-0.0386,0.00447513,0.00448408
-0.0382,0.00416576,0.00417351
-0.0378,0.00429821,0.00430647
-0.0374,0,0
-0.037,0.00398771,0.00399481
-0.0366,0,0
-0.0362,0,0
-0.0358,0,0
-0.0354,0,0
-0.035,0,0
-0.0346,0.00422941,0.00423739
-0.0342,0,0
-0.0338,0,0
-0.0334,0.0119373,0.00690501
-0.033,0,0
-0.0326,0,0
-0.0322,0,0
-0.0318,0,0
-0.0314,0.00379855,0.00380498
-0.031,0.00395843,0.00396542
-0.0306,0,0
-0.0302,0,0
-0.0298,0.00428534,0.00429352
-0.0294,0,0
-0.029,0.00392246,0.00392931
-0.0286,0,0
-0.0282,0,0
-0.0278,0.00385213,0.00385874
-0.0274,0,0
-0.027,0.00415451,0.0041622
-0.0266,0,0
-0.0262,0,0
-0.0258,0.00629445,0.00512191
-0.0254,0,0
-0.025,0,0
-0.0246,0,0
-0.0242,0,0
-0.0238,0.0040198,0.00402699
-0.0234,0.00421956,0.00422748
-0.023,0.00422022,0.00422815
-0.0226,0,0
-0.0222,0,0
-0.0218,0.00431311,0.00432138
-0.0214,0.00418392,0.00419171
-0.021,0,0
-0.0206,0.0038594,0.00386603
-0.0202,0,0
-0.0198,0.000372962,0.00124069
-0.0194,0,0
-0.019,0.00428996,0.00429814
-0.0186,0.00826953,0.0058582
-0.0182,0.00470331,0.00471313
-0.0178,0,0
-0.0174,0.00201992,0.00297299
-0.017,0.00436249,0.00437094
-0.0166,0,0
-0.0162,0,0
-0.0158,0,0
-0.0154,0.00440714,0.00441576
-0.015,0.00126724,0.0021913
-0.0146,0,0
-0.0142,0.00300291,0.00361351
-0.0138,0,0
-0.0134,0.0041017,0.00410916
-0.013,0,0
-0.0126,0.00409011,0.00409753
-0.0122,0.00704975,0.00560047
-0.0118,0,0
-0.0114,0.00435617,0.00436458
-0.011,0,0
-0.0106,0.0083084,0.00588574
-0.0102,0.00397947,0.00398648
-0.0098,0,0
-0.0094,0,0
-0.009,0.0040186,0.00402574
-0.0086,0,0
-0.0082,0,0
-0.0078,0.00387593,0.00388257
-0.0074,0,0
-0.007,0,0
-0.0066,0.00409786,0.00410527
-0.0062,0.00413208,0.00413962
-0.0058,0.0265051,0.0108448
-0.0054,0.00418688,0.00419461
-0.005,0.0119708,0.00692376
-0.0046,0.0136933,0.0075206
-0.0042,0.0318005,0.0117154
-0.0038,0.0304459,0.0110919
-0.0034,0.0251665,0.0102937
-0.003,0.0825567,0.0185536
-0.0026,0.12012,0.0233295
-0.0022,0.146794,0.0248821
-0.0018,0.177981,0.0272141
-0.0014,0.292555,0.034631
-0.001,0.452429,0.0438833
-0.0006,0.590859,0.0518498
-0.0002,0.652982,0.0522862
0.0002,0.632351,0.0510252
0.0006,0.486105,0.0453666
0.001,0.315048,0.0361497
0.0014,0.263935,0.0327086
0.0018,0.227599,0.0325523
0.0022,0.132052,0.0234306
0.0026,0.143217,0.0243012
0.003,0.0765218,0.0179924
0.0034,0.0859937,0.0186501
0.0038,0.044845,0.0137247
0.0042,0.00933794,0.00634968
0.0046,0.0247748,0.0100412
0.005,0.016871,0.00845113
0.0054,0.0111752,0.00680833
0.0058,0.00642541,0.00499368
0.0062,0.0359657,0.0118105
0.0066,0.0273996,0.0103739
0.007,0.0296364,0.0110243
0.0074,0.0116457,0.00673512
0.0078,0.0242747,0.00992772
0.0082,0.0114788,0.0071119
0.0086,0.00382586,0.00383227
0.009,0.00820545,0.00582578
0.0094,0.00413627,0.00414375
0.0098,0,0
0.0102,0.00347802,0.00383694
0.0106,0.00790206,0.00559726
0.011,0.00395191,0.00395873
0.0114,0,0
0.0118,0,0
0.0122,0.00388068,0.00388726
0.0126,0.00439124,0.00439966
0.013,0.00428703,0.00429505
0.0134,0.00409047,0.00409777
0.0138,0,0
0.0142,0,0
0.0146,0,0
0.015,0.00406336,0.00407056
0.0154,0,0
0.0158,0,0
0.0162,0,0
0.0166,0.00427468,0.00428264
0.017,0,0
0.0174,0,0
0.0178,0.00407994,0.00408718
0.0182,0,0
0.0186,0.00454904,0.00455804
0.019,0,0
0.0194,0.00728828,0.00516177
0.0198,0.00387565,0.00388219
0.0202,0.0104683,0.00671938
0.0206,0.00445834,0.00446698
0.021,0,0
0.0214,0,0
0.0218,0,0
0.0222,0.00430713,0.00431518
0.0226,0,0
0.023,0,0
0.0234,0,0
0.0238,0,0
0.0242,0,0
0.0246,0.00471508,0.00472473
0.025,0,0
0.0254,0.00407505,0.00408225
0.0258,0,0
0.0262,0,0
0.0266,0.00923835,0.00654559
0.027,0,0
0.0274,0,0
0.0278,0,0
0.0282,0,0
0.0286,0.00403701,0.00404407
0.029,0,0
0.0294,0.00436006,0.00436829
0.0298,0,0
0.0302,0,0
0.0306,0,0
0.031,0.00425132,0.00425914
0.0314,0,0
0.0318,0,0
0.0322,0,0
0.0326,0.00872802,0.0061834
0.033,0,0
0.0334,0,0
0.0338,0.00409579,0.00410303
0.0342,0,0
0.0346,0.00805745,0.00570757
0.035,0.00429575,0.00430371
0.0354,0,0
0.0358,0,0
0.0362,0,0
0.0366,0,0
0.037,0,0
0.0374,0,0
0.0378,0,0
0.0382,0.00417255,0.00418005
0.0386,0,0
0.039,0,0
0.0394,0,0
0.0398,0.00365568,0.00366144
0.0402,0.00784464,0.00555638
0.0406,0,0
0.041,0,0
0.0414,0,0
0.0418,0,0
0.0422,0,0
0.0426,0,0
0.043,0.00379599,0.00380219
0.0434,0,0
0.0438,0,0
0.0442,0,0
0.0446,0,0
0.045,0,0
0.0454,0,0
0.0458,0,0
0.0462,0,0
0.0466,0.00830359,0.005882
0.047,0.0123343,0.00713379
0.0474,0,0
0.0478,0.00816761,0.00578742
0.0482,0.0037741,0.00378021
0.0486,0,0
0.049,0,0
0.0494,0,0
0.0498,0,0
0.0502,0,0
0.0506,0.00895561,0.00634546
0.051,0.00879594,0.006235
0.0514,0,0
0.0518,0,0
0.0522,0,0
0.0526,0,0
0.053,0,0
0.0534,0,0
0.0538,0,0
0.0542,0,0
0.0546,0,0
0.055,0,0
0.0554,0.00397035,0.00397707
0.0558,0,0
0.0562,0,0
0.0566,0,0
0.057,0,0
0.0574,0,0
0.0578,0,0
0.0582,0.0043221,0.00433003
0.0586,0,0
0.059,0,0
0.0594,0,0
0.0598,0.0043622,0.00437026
0.0602,0,0
0.0606,0.00903472,0.00640074
0.061,0.00398279,0.00398951
0.0614,0,0
0.0618,0,0
0.0622,0,0
0.0626,0.00421142,0.00421891
0.063,0,0
0.0634,0.00319369,0.00369514
0.0638,0,0
0.0642,0.00434463,0.00435258
0.0646,0,0
0.065,0,0
0.0654,0,0
0.0658,0,0
0.0662,0.00442505,0.00443328
0.0666,0,0
0.067,0,0
0.0674,0.0042263,0.00423379
0.0678,0,0
0.0682,0.00451775,0.0045263
0.0686,0,0
0.069,0,0
0.0694,0.00442688,0.00443507
0.0698,0,0
0.0702,0,0
0.0706,0,0
0.071,0,0
0.0714,0,0
0.0718,0,0
0.0722,0,0
0.0726,0.00447276,0.00448108
0.073,0.00428599,0.00429363
0.0734,0.00412394,0.00413102
0.0738,0,0
0.0742,0,0
0.0746,0.00442681,0.00443495
0.075,0,0
0.0754,0,0
0.0758,0,0
0.0762,0,0
0.0766,0.0042595,0.00426702
0.077,0,0
0.0774,0.00361996,0.00412673
0.0778,0,0
0.0782,0,0
0.0786,0,0
0.079,0,0
0.0794,0,0
0.0798,0,0
0.0802,0,0
0.0806,0.00400512,0.00401173
0.081,0.00432977,0.00433749
0.0814,0,0
0.0818,0,0
0.0822,0,0
0.0826,0,0
0.083,0,0
0.0834,0,0
0.0838,0,0
0.0842,0,0
0.0846,0.0038357,0.00384173
0.085,0.00750742,0.00579338
0.0854,0,0
0.0858,0,0
0.0862,0,0
0.0866,0,0
0.087,0.0022295,0.00308422
0.0874,0,0
0.0878,0,0
0.0882,0,0
0.0886,0,0
0.089,0,0
0.0894,0.00420459,0.00421181
0.0898,0,0
0.0902,0,0
0.0906,0,0
0.091,0.00451168,0.00451996
0.0914,0,0
0.0918,0,0
0.0922,0,0
0.0926,0,0
0.093,0,0
0.0934,0.00020176,0.000956921
0.0938,0,0
0.0942,0.00431696,0.00432452
0.0946,0.00482651,0.00483596
0.095,0.00482828,0.00483773
0.0954,0,0
0.0958,0.00459448,0.00460304
0.0962,0.00174035,0.00283341
0.0966,0,0
0.097,0.00477707,0.0047863
0.0974,0,0
0.0978,0,0
0.0982,0,0
0.0986,0,0
0.099,0,0
0.0994,0,0
0.0998,0,0
0.1002,0,0
0.1006,0,0
0.101,0.00518445,0.00519531
0.1014,0,0
0.1018,0,0
0.1022,0,0
0.1026,0,0
0.103,0,0
0.1034,0,0
0.1038,0,0
0.1042,0,0
0.1046,0.00518913,0.00519999
0.105,0,0
0.1054,0,0
0.1058,0.00525527,0.0052664
0.1062,0.00532067,0.00533208
0.1066,0,0
0.107,0.0053313,0.00534275
0.1074,0.00627161,0.00628745
0.1078,0.00143766,0.00281063
0.1082,0,0
0.1086,0,0
0.109,0.00580259,0.00581615
0.1094,0,0
0.1098,0,0
0.1102,0.00526822,0.0052794
0.1106,0,0
0.111,0,0
0.1114,0,0
0.1118,0,0
0.1122,0,0
0.1126,0.00309437,0.0043934
0.113,0.00725367,0.00727485
0.1134,0,0
0.1138,0.00396607,0.00538102
0.1142,0,0
0.1146,0,0
0.115,0,0
0.1154,0,0
0.1158,0,0
0.1162,0,0
0.1166,0.0138283,0.0098055
0.117,0,0
0.1174,0,0
0.1178,0.00678039,0.00679891
0.1182,0,0
0.1186,0,0
0.119,0,0
0.1194,0.00159377,0.00341479
0.1198,0,0
9
-0.1198,0,0
-0.1194,0,0
-0.119,0.00371541,0.00372218
-0.1186,0,0
-0.1182,0.00418083,0.00418941
-0.1178,0,0
-0.1174,0,0
-0.117,0,0
-0.1166,0,0
-0.1162,0,0
-0.1158,0,0
-0.1154,0,0
-0.115,0,0
-0.1146,0,0
-0.1142,0,0
-0.1138,0,0
-0.1134,0.00727637,0.00515444
-0.113,0.00365985,0.00366648
-0.1126,0,0
-0.1122,0,0
-0.1118,0,0
-0.1114,0,0
-0.111,0.00383831,0.00384563
-0.1106,0,0
-0.1102,0,0
-0.1098,0,0
-0.1094,0,0
-0.109,0.00268938,0.00315377
-0.1086,0,0
-0.1082,0,0
-0.1078,0,0
-0.1074,0,0
-0.107,0,0
-0.1066,0.00356382,0.00357017
-0.1062,0,0
-0.1058,0,0
-0.1054,0,0
-0.105,0,0
-0.1046,0,0
-0.1042,0.00370102,0.00397861
-0.1038,0,0
-0.1034,0.00394661,0.00395444
-0.103,0,0
-0.1026,0.00368662,0.00369346
-0.1022,0,0
-0.1018,0,0
-0.1014,0,0
-0.101,0,0
-0.1006,0,0
-0.1002,0,0
-0.0998,0,0
-0.0994,0,0
-0.099,0,0
-0.0986,0,0
-0.0982,0,0
-0.0978,0,0
-0.0974,0,0
-0.097,0,0
-0.0966,0.00385055,0.00385808
-0.0962,0,0
-0.0958,0.00345452,0.00346059
-0.0954,0.00380702,0.00381439
-0.095,0,0
-0.0946,0.010634,0.00615073
-0.0942,0,0
-0.0938,0,0
-0.0934,0,0
-0.093,0,0
-0.0926,0,0
-0.0922,0.00716094,0.00507285
-0.0918,0,0
-0.0914,0,0
-0.091,0,0
-0.0906,0,0
-0.0902,0,0
-0.0898,0.00360511,0.00361177
-0.0894,0,0
-0.089,0,0
-0.0886,0,0
-0.0882,0,0
-0.0878,0,0
-0.0874,0,0
-0.087,0,0
-0.0866,0,0
-0.0862,0,0
-0.0858,0,0
-0.0854,0.00370789,0.00371497
-0.085,0,0
-0.0846,0,0
-0.0842,0,0
-0.0838,0,0
-0.0834,0.00383405,0.00384163
-0.083,0.00733487,0.00519637
-0.0826,0,0
-0.0822,0,0
-0.0818,0,0
-0.0814,0,0
-0.081,0.0038317,0.0038393
-0.0806,0.00387514,0.00388291
-0.0802,0,0
-0.0798,0.00349106,0.00349737
-0.0794,0,0
-0.079,0.00373122,0.00373844
-0.0786,0,0
-0.0782,0.00353338,0.00353985
-0.0778,0,0
-0.0774,0.00356334,0.00356993
-0.077,0,0
-0.0766,0,0
-0.0762,0,0
-0.0758,0,0
-0.0754,0.00333791,0.00334371
-0.075,0,0
-0.0746,0.00389423,0.00390212
-0.0742,0.00385778,0.00386553
-0.0738,0,0
-0.0734,0,0
-0.073,0,0
-0.0726,0.0067629,0.00479055
-0.0722,0,0
-0.0718,0,0
-0.0714,0,0
-0.071,0.00354523,0.00355179
-0.0706,0.00357395,0.00358062
-0.0702,0,0
-0.0698,0,0
-0.0694,0.00342301,0.00342914
-0.069,0,0
-0.0686,0,0
-0.0682,0,0
-0.0678,0,0
-0.0674,0,0
-0.067,0,0
-0.0666,0,0
-0.0662,0,0
-0.0658,0.00355661,0.00356325
-0.0654,0,0
-0.065,0.00370537,0.00371257
-0.0646,0,0
-0.0642,0,0
-0.0638,0,0
-0.0634,0,0
-0.063,0,0
-0.0626,0,0
-0.0622,0.00384404,0.00385181
-0.0618,0.00675101,0.00478218
-0.0614,0,0
-0.061,0,0
-0.0606,0.00366378,0.00367085
-0.0602,0.00366277,0.00366984
-0.0598,0,0
-0.0594,0,0
-0.059,0,0
-0.0586,0,0
-0.0582,0,0
-0.0578,0.00632901,0.00467347
-0.0574,0,0
-0.057,0,0
-0.0566,0,0
-0.0562,0,0
-0.0558,0,0
-0.0554,0,0
-0.055,0,0
-0.0546,0.00404213,0.00405077
-0.0542,0.00354489,0.00355154
-0.0538,0.0105494,0.00610216
-0.0534,0,0
-0.053,0.00746418,0.00528841
-0.0526,0.00339067,0.00339676
-0.0522,0,0
-0.0518,0,0
-0.0514,0,0
-0.051,0.0064777,0.00473267
-0.0506,0.0104922,0.0060693
-0.0502,0,0
-0.0498,0,0
-0.0494,0,0
-0.049,0,0
-0.0486,0,0
-0.0482,0,0
-0.0478,0.00383594,0.00384376
-0.0474,0.00371296,0.00372029
-0.047,0,0
-0.0466,0.000211889,0.000842459
-0.0462,0.00328839,0.00329415
-0.0458,0,0
-0.0454,0.00333234,0.00333826
-0.045,0.00335656,0.00336256
-0.0446,0,0
-0.0442,0.00368065,0.00368787
-0.0438,0,0
-0.0434,0,0
-0.043,0,0
-0.0426,0,0
-0.0422,0,0
-0.0418,0.00916532,0.00530025
-0.0414,0.00665544,0.00471674
-0.041,0,0
-0.0406,0,0
-0.0402,0,0
-0.0398,0.00335999,0.00336603
-0.0394,0,0
-0.039,0,0
-0.0386,0.00745745,0.00528376
-0.0382,0.003469,0.00347545
-0.0378,0.00357739,0.00358425
-0.0374,0.0033292,0.00333515
-0.037,0.00994598,0.00575255
-0.0366,0,0
-0.0362,0.00341289,0.00341915
-0.0358,0,0
-0.0354,0.0107723,0.00623142
-0.035,0,0
-0.0346,0,0
-0.0342,0.00349167,0.00349824
-0.0338,0.00681588,0.00482841
-0.0334,0,0
-0.033,0,0
-0.0326,0.00339879,0.00340502
-0.0322,0,0
-0.0318,0.00361827,0.00362534
-0.0314,0,0
-0.031,0,0
-0.0306,0,0
-0.0302,0.00359904,0.00360605
-0.0298,0.00352776,0.0035345
-0.0294,0,0
-0.029,0.0064519,0.00457016
-0.0286,0,0
-0.0282,0,0
-0.0278,0.00330039,0.0033063
-0.0274,0,0
-0.027,0.00340676,0.00341307
-0.0266,0,0
-0.0262,0,0
-0.0258,0.00356318,0.00357009
-0.0254,0.00664022,0.00470383
-0.025,0,0
-0.0246,0,0
-0.0242,0.00721882,0.00511452
-0.0238,0.00324599,0.00325174
-0.0234,0.00688361,0.00487659
-0.023,0,0
-0.0226,0.00333378,0.00333984
-0.0222,0,0
-0.0218,0.00343172,0.00343815
-0.0214,0,0
-0.021,0,0
-0.0206,0.00638771,0.00452469
-0.0202,0,0
-0.0198,0.0100068,0.00578797
-0.0194,0,0
-0.019,0,0
-0.0186,0.00334778,0.00335393
-0.0182,0,0
-0.0178,0.00364797,0.00365528
-0.0174,0.00189022,0.0025854
-0.017,0.00352997,0.00353682
-0.0166,0.00352134,0.00352816
-0.0162,0.00304212,0.00304721
-0.0158,0.00345505,0.00346162
-0.0154,0,0
-0.015,0.00505959,0.00392834
-0.0146,0,0
-0.0142,0.00435914,0.00382148
-0.0138,0.0103764,0.00600234
-0.0134,0.00658386,0.00466396
-0.013,0.00677674,0.00480336
-0.0126,0,0
-0.0122,0.00145234,0.00227471
-0.0118,0,0
-0.0114,0.00688425,0.00487753
-0.011,0.00696115,0.00493177
-0.0106,0.00331566,0.00332175
-0.0102,0.00317327,0.00317886
-0.0098,0.0131,0.00656193
-0.0094,0.00369515,0.00370273
-0.009,0.00688948,0.00489369
-0.0086,0.00339308,0.00339948
-0.0082,0.00647226,0.00458483
-0.0078,0.0278331,0.00929408
-0.0074,0.0255975,0.0090687
-0.007,0.0100314,0.00580519
-0.0066,0.0299153,0.00999641
-0.0062,0.0294,0.00981794
-0.0058,0.0105788,0.00611968
-0.0054,0.0196537,0.00803992
-0.005,0.0159189,0.00713187
-0.0046,0.00541748,0.00419956
-0.0042,0.0285165,0.00974755
-0.0038,0.0251271,0.00890503
-0.0034,0.0395118,0.0114278
-0.003,0.0617719,0.0142261
-0.0026,0.102969,0.0190512
-0.0022,0.12201,0.0200966
-0.0018,0.174207,0.0239283
-0.0014,0.332129,0.0326645
-0.001,0.542769,0.0424456
-0.0006,0.720825,0.0506224
-0.0002,0.715124,0.048352
0.0002,0.728362,0.0484426
0.0006,0.456865,0.038883
0.001,0.31373,0.0318817
0.0014,0.174267,0.0234383
0.0018,0.11181,0.020149
0.0022,0.0757835,0.0156752
0.0026,0.0595286,0.013828
0.003,0.0616628,0.0142351
0.0034,0.0268349,0.00919676
0.0038,0.029016,0.0096921
0.0042,0.0124515,0.00637907
0.0046,0.0185401,0.00765259
0.005,0.00969522,0.00560864
0.0054,0.0099083,0.00573139
0.0058,0.0250375,0.00868555
0.0062,0.0259272,0.00880806
0.0066,0.0272632,0.00910341
0.007,0.0273577,0.00926995
0.0074,0.0243077,0.00861106
0.0078,0.0187517,0.00766896
0.0082,0.010897,0.00594485
0.0086,0.00692341,0.0049052
0.009,0.0130808,0.00656302
0.0094,0.00318789,0.00319365
0.0098,0.00324771,0.0032537
0.0102,0.00381573,0.00352617
0.0106,0.00303993,0.00304518
0.011,0,0
0.0114,0.00627158,0.00444259
0.0118,0.00318376,0.00318953
0.0122,0.00324688,0.00325288
0.0126,0.00634681,0.00450456
0.013,0,0
0.0134,0,0
0.0138,0,0
0.0142,0,0
0.0146,0.00321631,0.0032222
0.015,0,0
0.0154,0,0
0.0158,0,0
0.0162,0.0062591,0.00443376
0.0166,0.00326217,0.00326824
0.017,0,0
0.0174,0.00334307,0.00334945
0.0178,0,0
0.0182,0.00298417,0.00298926
0.0186,0.00687663,0.0048722
0.019,0,0
0.0194,0,0
0.0198,0,0
0.0202,0.0052766,0.00423524
0.0206,0,0
0.021,0,0
0.0214,0.00321695,0.00322288
0.0218,0,0
0.0222,0,0
0.0226,0.00663906,0.00470346
0.023,0.00670609,0.00475104
0.0234,0,0
0.0238,0,0
0.0242,0.00298971,0.00299484
0.0246,0,0
0.025,0,0
0.0254,0.00304419,0.00304951
0.0258,0,0
0.0262,0,0
0.0266,0.00696514,0.00493496
0.027,0.00306461,0.00307001
0.0274,0.00625972,0.00443483
0.0278,0,0
0.0282,0,0
0.0286,0.00303699,0.00304229
0.029,0.0028362,0.00284083
0.0294,0,0
0.0298,0.00327632,0.0032825
0.0302,0,0
0.0306,0,0
0.031,0.0031898,0.00319566
0.0314,0.00320636,0.00321228
0.0318,0,0
0.0322,0.00964202,0.0055779
0.0326,0.00657578,0.0046586
0.033,0.00653377,0.00462888
0.0334,0,0
0.0338,0.00324936,0.00325546
0.0342,0,0
0.0346,0,0
0.035,0,0
0.0354,0,0
0.0358,0,0
0.0362,0.00316309,0.00316887
0.0366,0.00652331,0.00462491
0.037,0.00339118,0.00339783
0.0374,0,0
0.0378,0,0
0.0382,0,0
0.0386,0.00621164,0.00440019
0.039,0,0
0.0394,0.00271906,0.00272334
0.0398,0.00290225,0.00290713
0.0402,0,0
0.0406,0.00306449,0.00306993
0.041,0,0
0.0414,0,0
0.0418,0.00294839,0.00295343
0.0422,0,0
0.0426,0,0
0.043,0.00611835,0.00433401
0.0434,0,0
0.0438,0,0
0.0442,0.00299074,0.00299592
0.0446,0.00627902,0.00445309
0.045,0.00620277,0.00439392
0.0454,0.003154,0.00315977
0.0458,0.00326799,0.00327419
0.0462,0,0
0.0466,0,0
0.047,0.00303695,0.0030423
0.0474,0.0059308,0.00420093
0.0478,0,0
0.0482,0,0
0.0486,0,0
0.049,0,0
0.0494,0.00613417,0.00434525
0.0498,0.00288205,0.00288688
0.0502,0.00297558,0.00298073
0.0506,0,0
0.051,0,0
0.0514,0.00311121,0.00311685
0.0518,0.00310565,0.00311126
0.0522,0,0
0.0526,0,0
0.053,0,0
0.0534,0.0030678,0.00307329
0.0538,0.00288672,0.00289158
0.0542,0,0
0.0546,0,0
0.055,0,0
0.0554,0,0
0.0558,0.00271377,0.00271807
0.0562,0.00271291,0.00271721
0.0566,0,0
0.057,0,0
0.0574,0,0
0.0578,0.00305438,0.00305984
0.0582,0,0
0.0586,0,0
0.059,0.00297565,0.00298083
0.0594,0.00306637,0.00307188
0.0598,0.00622064,0.00440714
0.0602,0.00549727,0.00389342
0.0606,0,0
0.061,0.00287358,0.00287842
0.0614,0,0
0.0618,0.00298956,0.0029948
0.0622,0.00298841,0.00299365
0.0626,0.00900504,0.00520824
0.063,0,0
0.0634,0.000765244,0.00153229
0.0638,0.00937649,0.00542415
0.0642,0.00622478,0.00440964
0.0646,0.0062224,0.00440796
0.065,0,0
0.0654,0,0
0.0658,0,0
0.0662,0.00315504,0.0031609
0.0666,0.00628775,0.00445436
0.067,0,0
0.0674,0.00600839,0.00425611
0.0678,0,0
0.0682,0,0
0.0686,0.00609361,0.00431659
0.069,0.00316882,0.00317475
0.0694,0.00585321,0.00414601
0.0698,0,0
0.0702,0.00305393,0.00305945
0.0706,0,0
0.071,0.00870904,0.00503682
0.0714,0,0
0.0718,0.00287328,0.00287817
0.0722,0,0
0.0726,0.00594172,0.00420883
0.073,0,0
0.0734,0,0
0.0738,0.00305299,0.00305852
0.0742,0,0
0.0746,0.0029868,0.0029921
0.075,0,0
0.0754,0.00299486,0.0030002
0.0758,0.00292459,0.00292968
0.0762,0.0030309,0.00303637
0.0766,0.00590295,0.00418138
0.077,0,0
0.0774,0.00742896,0.00498933
0.0778,0.00325097,0.00325727
0.0782,0,0
0.0786,0.00297363,0.00297891
0.079,0,0
0.0794,0,0
0.0798,0,0
0.0802,0,0
0.0806,0,0
0.081,0,0
0.0814,0,0
0.0818,0.00285789,0.00286278
0.0822,0,0
0.0826,0,0
0.083,0,0
0.0834,0,0
0.0838,0,0
0.0842,0.00315934,0.00316534
0.0846,0,0
0.085,0.00399368,0.00348954
0.0854,0.00296707,0.00297236
0.0858,0,0
0.0862,0,0
0.0866,0.00282181,0.0028266
0.087,0.00419382,0.00345851
0.0874,0.00595449,0.00422001
0.0878,0,0
0.0882,0,0
0.0886,0.00594488,0.0042112
0.089,0,0
0.0894,0.00284146,0.00284634
0.0898,0,0
0.0902,0.00303904,0.00304462
0.0906,0.00298581,0.0029912
0.091,0,0
0.0914,0.00590387,0.00418223
0.0918,0,0
0.0922,0,0
0.0926,0,0
0.093,0,0
0.0934,0.00303473,0.0030403
0.0938,0,0
0.0942,0,0
0.0946,0.00283415,0.00283902
0.095,0,0
0.0954,0,0
0.0958,0,0
0.0962,0,0
0.0966,0.00300273,0.00300819
0.097,0.00319087,0.00319704
0.0974,0,0
0.0978,0,0
0.0982,0.00321608,0.00322235
0.0986,0,0
0.099,0,0
0.0994,0,0
0.0998,0.00655348,0.00464322
0.1002,0,0
0.1006,0.00664387,0.00470803
0.101,0.00655566,0.00465147
0.1014,0,0
0.1018,0,0
0.1022,0.00309047,0.00309626
0.1026,0,0
0.103,0,0
0.1034,0,0
0.1038,0,0
0.1042,0,0
0.1046,0,0
0.105,0.00718394,0.00509491
0.1054,0.00373408,0.00374253
0.1058,0.00349188,0.00349928
0.1062,0,0
0.1066,0,0
0.107,0,0
0.1074,0,0
0.1078,0.00630961,0.0047977
0.1082,0,0
0.1086,0,0
0.109,0,0
0.1094,0.00385026,0.00385925
0.1098,0.00699013,0.00495326
0.1102,0,0
0.1106,0,0
0.111,0,0
0.1114,0,0
0.1118,0,0
0.1122,0.00431021,0.00432148
0.1126,0,0
0.113,0.0048087,0.00482274
0.1134,0.0092191,0.00654328
0.1138,0.00962244,0.00682398
0.1142,0.00481071,0.00482476
0.1146,0.00437845,0.00439009
0.115,0,0
0.1154,0,0
0.1158,0,0
0.1162,0.00828357,0.00587212
0.1166,0,0
0.117,0.00435797,0.00436951
0.1174,0,0
0.1178,0,0
0.1182,0.0048215,0.00483563
0.1186,0,0
0.119,0.00968644,0.00686959
0.1194,0.00376422,0.00427219
0.1198,0,0
