# X , Y , E Distribution=true
1
-0.1198,0,0
-0.1194,0,0
-0.119,0,0
-0.1186,0,0
-0.1182,0,0
-0.1178,0,0
-0.1174,0,0
-0.117,0,0
-0.1166,0,0
-0.1162,0,0
-0.1158,0,0
-0.1154,0,0
-0.115,0,0
-0.1146,0,0
-0.1142,0,0
-0.1138,0,0
-0.1134,0,0
-0.113,0,0
-0.1126,0,0
-0.1122,0,0
-0.1118,0,0
-0.1114,0,0
-0.111,0,0
-0.1106,0,0
-0.1102,0,0
-0.1098,0,0
-0.1094,0,0
-0.109,0,0
-0.1086,0,0
-0.1082,0,0
-0.1078,0,0
-0.1074,0,0
-0.107,0,0
-0.1066,0,0
-0.1062,0,0
-0.1058,0,0
-0.1054,0.0136309,0.0136586
-0.105,0,0
-0.1046,0,0
-0.1042,0,0
-0.1038,0,0
-0.1034,0,0
-0.103,0,0
-0.1026,0,0
-0.1022,0,0
-0.1018,0,0
-0.1014,0,0
-0.101,0,0
-0.1006,0,0
-0.1002,0,0
-0.0998,0,0
-0.0994,0,0
-0.099,0,0
-0.0986,0,0
-0.0982,0,0
-0.0978,0,0
-0.0974,0,0
-0.097,0,0
-0.0966,0,0
-0.0962,0,0
-0.0958,0,0
-0.0954,0,0
-0.095,0,0
-0.0946,0,0
-0.0942,0,0
-0.0938,0,0
-0.0934,0,0
-0.093,0,0
-0.0926,0,0
-0.0922,0,0
-0.0918,0,0
-0.0914,0,0
-0.091,0,0
-0.0906,0,0
-0.0902,0,0
-0.0898,0,0
-0.0894,0,0
-0.089,0,0
-0.0886,0,0
-0.0882,0,0
-0.0878,0,0
-0.0874,0,0
-0.087,0,0
-0.0866,0,0
-0.0862,0,0
-0.0858,0,0
-0.0854,0,0
-0.085,0,0
-0.0846,0,0
-0.0842,0,0
-0.0838,0.0129104,0.0129351
-0.0834,0,0
-0.083,0,0
-0.0826,0,0
-0.0822,0,0
-0.0818,0,0
-0.0814,0.00973322,0.0112483
-0.081,0,0
-0.0806,0,0
-0.0802,0,0
-0.0798,0,0
-0.0794,0,0
-0.079,0,0
-0.0786,0,0
-0.0782,0,0
-0.0778,0,0
-0.0774,0,0
-0.077,0,0
-0.0766,0,0
-0.0762,0,0
-0.0758,0,0
-0.0754,0,0
-0.075,0,0
-0.0746,0,0
-0.0742,0,0
-0.0738,0,0
-0.0734,0,0
-0.073,0,0
-0.0726,0,0
-0.0722,0.0128858,0.0129101
-0.0718,0,0
-0.0714,0,0
-0.071,0,0
-0.0706,0,0
-0.0702,0,0
-0.0698,0.0130045,0.0130294
-0.0694,0,0
-0.069,0,0
-0.0686,0,0
-0.0682,0,0
-0.0678,0,0
-0.0674,0,0
-0.067,0,0
-0.0666,0.0135053,0.013532
-0.0662,0.0127452,0.012769
-0.0658,0,0
-0.0654,0,0
-0.065,0.0120843,0.0121056
-0.0646,0,0
-0.0642,0,0
-0.0638,0.000316373,0.00206545
-0.0634,0,0
-0.063,0,0
-0.0626,0,0
-0.0622,0.00164637,0.00447434
-0.0618,0,0
-0.0614,0,0
-0.061,0,0
-0.0606,0.0118279,0.0118483
-0.0602,0,0
-0.0598,0,0
-0.0594,0,0
-0.059,0,0
-0.0586,0,0
-0.0582,0,0
-0.0578,0,0
-0.0574,0,0
-0.057,0,0
-0.0566,0,0
-0.0562,0,0
-0.0558,0.0127449,0.0127686
-0.0554,0,0
-0.055,0,0
-0.0546,0,0
-0.0542,0,0
-0.0538,0,0
-0.0534,0,0
-0.053,0.0130197,0.0130444
-0.0526,0,0
-0.0522,0,0
-0.0518,0,0
-0.0514,0,0
-0.051,0.0256325,0.0181588
-0.0506,0,0
-0.0502,0.00140664,0.00429203
-0.0498,0,0
-0.0494,0,0
-0.049,0,0
-0.0486,0,0
-0.0482,0,0
-0.0478,0,0
-0.0474,0,0
-0.047,0,0
-0.0466,0,0
-0.0462,0,0
-0.0458,0,0
-0.0454,0,0
-0.045,0,0
-0.0446,0,0
-0.0442,0,0
-0.0438,0,0
-0.0434,0.00830558,0.0102519
-0.043,0,0
-0.0426,0,0
-0.0422,0,0
-0.0418,0,0
-0.0414,0,0
-0.041,0.0125422,0.012565
-0.0406,0.0130263,0.0130509
-0.0402,0,0
-0.0398,0,0
-0.0394,0,0
-0.039,0,0
-0.0386,0,0
-0.0382,0,0
-0.0378,0,0
-0.0374,0,0
-0.037,0.0126155,0.0126385
-0.0366,0.0128825,0.0129064
-0.0362,0,0
-0.0358,0,0
-0.0354,0,0
-0.035,0,0
-0.0346,0,0
-0.0342,0,0
-0.0338,0,0
-0.0334,0,0
-0.033,0,0
-0.0326,0,0
-0.0322,0,0
-0.0318,0,0
-0.0314,0,0
-0.031,0,0
-0.0306,0,0
-0.0302,0,0
-0.0298,0,0
-0.0294,0.0125246,0.0125472
-0.029,0,0
-0.0286,0,0
-0.0282,0,0
-0.0278,0,0
-0.0274,0,0
-0.027,0,0
-0.0266,0,0
-0.0262,0.00170034,0.00468619
-0.0258,0,0
-0.0254,0,0
-0.025,0,0
-0.0246,0,0
-0.0242,0,0
-0.0238,0,0
-0.0234,0,0
-0.023,0,0
-0.0226,0.0103859,0.0118557
-0.0222,0,0
-0.0218,0,0
-0.0214,0,0
-0.021,0,0
-0.0206,0.014407,0.0144368
-0.0202,0,0
-0.0198,0,0
-0.0194,0.0115359,0.0116426
-0.019,0,0
-0.0186,0.0134979,0.013524
-0.0182,0,0
-0.0178,0,0
-0.0174,0,0
-0.017,0,0
-0.0166,0,0
-0.0162,0.00644924,0.00952184
-0.0158,0,0
-0.0154,0,0
-0.015,0.011836,0.011856
-0.0146,0.0136217,0.0136482
-0.0142,0,0
-0.0138,0.0131126,0.0131372
-0.0134,0,0
-0.013,0.021651,0.0166977
-0.0126,0.00866228,0.0110935
-0.0122,0,0
-0.0118,0.0125413,0.0125637
-0.0114,0,0
-0.011,0.0119373,0.0121723
-0.0106,0.0212532,0.0169438
-0.0102,0.0124083,0.0124303
-0.0098,0.0127668,0.0127901
-0.0094,0.0125721,0.0125946
-0.009,0,0
-0.0086,0,0
-0.0082,0,0
-0.0078,0,0
-0.0074,0.0248074,0.0175726
-0.007,0,0
-0.0066,0.0130705,0.0130949
-0.0062,0,0
-0.0058,0,0
-0.0054,0,0
-0.005,0.0280885,0.0199013
-0.0046,0.0145306,0.0132269
-0.0042,0.101744,0.0371497
-0.0038,0.0693149,0.0310829
-0.0034,0.155781,0.0436518
-0.003,0.221156,0.0508675
-0.0026,0.542734,0.0859064
-0.0022,0.919563,0.112681
-0.0018,1.61943,0.150491
-0.0014,2.71167,0.190299
-0.001,4.01457,0.226853
-0.0006,4.97238,0.245362
-0.0002,5.45757,0.261983
0.0002,5.87113,0.279288
0.0006,3.88684,0.22464
0.001,2.64178,0.192502
0.0014,1.32492,0.133514
0.0018,0.679164,0.0937929
0.0022,0.203078,0.0545474
0.0026,0.0806803,0.0330268
0.003,0.0259181,0.0183054
0.0034,0,0
0.0038,0.0415593,0.0240416
0.0042,0,0
0.0046,0.0143351,0.0143642
0.005,0.0282923,0.0200459
0.0054,0,0
0.0058,0.0123922,0.0124139
0.0062,0,0
0.0066,0,0
0.007,0,0
0.0074,0,0
0.0078,0.00357028,0.00667563
0.0082,0,0
0.0086,0.0125739,0.0125962
0.009,0,0
0.0094,0,0
0.0098,0,0
0.0102,0,0
0.0106,0,0
0.011,0,0
0.0114,0,0
0.0118,0,0
0.0122,0,0
0.0126,0,0
0.013,0,0
0.0134,0,0
0.0138,0,0
0.0142,0.0140846,0.0141125
0.0146,0,0
0.015,0.00223886,0.00557577
0.0154,0,0
0.0158,0,0
0.0162,0.0132263,0.0129729
0.0166,0.0123649,0.0123865
0.017,0.0127571,0.01278
0.0174,0,0
0.0178,0.0116156,0.0118392
0.0182,0,0
0.0186,0,0
0.019,0,0
0.0194,0,0
0.0198,0,0
0.0202,0,0
0.0206,0.0134003,0.0134256
0.021,0,0
0.0214,0,0
0.0218,0,0
0.0222,0,0
0.0226,0,0
0.023,0,0
0.0234,0,0
0.0238,0,0
0.0242,0,0
0.0246,0,0
0.025,0,0
0.0254,0,0
0.0258,0,0
0.0262,0,0
0.0266,0,0
0.027,0,0
0.0274,0,0
0.0278,0,0
0.0282,0,0
0.0286,0,0
0.029,0,0
0.0294,0,0
0.0298,0,0
0.0302,0,0
0.0306,0,0
0.031,0,0
0.0314,0,0
0.0318,0,0
0.0322,0,0
0.0326,0,0
0.033,0,0
0.0334,0,0
0.0338,0.0128036,0.0128265
0.0342,0,0
0.0346,0,0
0.035,0,0
0.0354,0,0
0.0358,0,0
0.0362,0,0
0.0366,0,0
0.037,0,0
0.0374,0,0
0.0378,0,0
0.0382,0.00354234,0.00710592
0.0386,0.0122399,0.0122608
0.039,0,0
0.0394,0,0
0.0398,0,0
0.0402,0,0
0.0406,0,0
0.041,0,0
0.0414,0,0
0.0418,0,0
0.0422,0,0
0.0426,0,0
0.043,0.0128245,0.0128473
0.0434,0,0
0.0438,0,0
0.0442,0,0
0.0446,0,0
0.045,0.0127699,0.0127925
0.0454,0,0
0.0458,0,0
0.0462,0,0
0.0466,0,0
0.047,0.0126629,0.0126851
0.0474,0,0
0.0478,0,0
0.0482,0,0
0.0486,0,0
0.049,0,0
0.0494,0.0124347,0.0124561
0.0498,0.0121802,0.0122008
0.0502,0,0
0.0506,0,0
0.051,0.0133539,0.0133785
0.0514,0,0
0.0518,0,0
0.0522,0,0
0.0526,0,0
0.053,0,0
0.0534,0,0
0.0538,0,0
0.0542,0,0
0.0546,0,0
0.055,0,0
0.0554,0.0124624,0.0124838
0.0558,0,0
0.0562,0,0
0.0566,0,0
0.057,0,0
0.0574,0,0
0.0578,0,0
0.0582,0,0
0.0586,0,0
0.059,0.0129697,0.0127852
0.0594,0,0
0.0598,0,0
0.0602,0,0
0.0606,0,0
0.061,0,0
0.0614,0,0
0.0618,0,0
0.0622,0,0
0.0626,0,0
0.063,0.0135971,0.0136225
0.0634,0,0
0.0638,0,0
0.0642,0.0137953,0.0138215
0.0646,0,0
0.065,0.0141969,0.0142245
0.0654,0,0
0.0658,0,0
0.0662,0,0
0.0666,0.0132341,0.0132581
0.067,0,0
0.0674,0,0
0.0678,0,0
0.0682,0,0
0.0686,0,0
0.069,0,0
0.0694,0,0
0.0698,0,0
0.0702,0,0
0.0706,0.000494816,0.00246253
0.071,0,0
0.0714,0,0
0.0718,0,0
0.0722,0,0
0.0726,0,0
0.073,0.00995435,0.0114698
0.0734,0,0
0.0738,0.0124174,0.0124385
0.0742,0.0135966,0.0136218
0.0746,0,0
0.075,0,0
0.0754,0,0
0.0758,0,0
0.0762,0,0
0.0766,0,0
0.077,0,0
0.0774,0,0
0.0778,0,0
0.0782,0,0
0.0786,0,0
0.079,0,0
0.0794,0,0
0.0798,0,0
0.0802,0,0
0.0806,0,0
0.081,0,0
0.0814,0,0
0.0818,0.0120919,0.0121118
0.0822,0,0
0.0826,0,0
0.083,0,0
0.0834,0,0
0.0838,0,0
0.0842,0,0
0.0846,0,0
0.085,0,0
0.0854,0,0
0.0858,0,0
0.0862,0,0
0.0866,0,0
0.087,0,0
0.0874,0,0
0.0878,0,0
0.0882,0,0
0.0886,0,0
0.089,0,0
0.0894,0,0
0.0898,0,0
0.0902,0,0
0.0906,0.0134313,0.0134557
0.091,0,0
0.0914,0,0
0.0918,0.0136363,0.0138536
0.0922,0,0
0.0926,0,0
0.093,0.000987615,0.00373432
0.0934,0,0
0.0938,0,0
0.0942,0,0
0.0946,0,0
0.095,0,0
0.0954,0,0
0.0958,0,0
0.0962,0,0
0.0966,0,0
0.097,0,0
0.0974,0,0
0.0978,0,0
0.0982,0,0
0.0986,0,0
0.099,0,0
0.0994,0.00862642,0.011841
0.0998,0,0
0.1002,0,0
0.1006,0,0
0.101,0,0
0.1014,0,0
0.1018,0,0
0.1022,0.0115254,0.0133212
0.1026,0,0
0.103,0,0
0.1034,0,0
0.1038,0,0
0.1042,0,0
0.1046,0,0
0.105,0,0
0.1054,0,0
0.1058,0,0
0.1062,0,0
0.1066,0.015725,0.0157581
0.107,0,0
0.1074,0,0
0.1078,0,0
0.1082,0,0
0.1086,0,0
0.109,0,0
0.1094,0,0
0.1098,0,0
0.1102,0,0
0.1106,0,0
0.111,0,0
0.1114,0,0
0.1118,0,0
0.1122,0,0
0.1126,0.0200858,0.0201397
0.113,0,0
0.1134,0,0
0.1138,0,0
0.1142,0,0
0.1146,0.0188125,0.0188598
0.115,0,0
0.1154,0,0
0.1158,0,0
0.1162,0.0168859,0.01886
0.1166,0,0
0.117,0,0
0.1174,0,0
0.1178,0,0
0.1182,0,0
0.1186,0,0
0.119,0,0
0.1194,0,0
0.1198,0,0
2
-0.1198,0,0
-0.1194,0,0
-0.119,0,0
-0.1186,0,0
-0.1182,0,0
-0.1178,0,0
-0.1174,0,0
-0.117,0,0
-0.1166,0,0
-0.1162,0,0
-0.1158,0,0
-0.1154,0,0
-0.115,0,0
-0.1146,0,0
-0.1142,0,0
-0.1138,0,0
-0.1134,0,0
-0.113,0,0
-0.1126,0,0
-0.1122,0,0
-0.1118,0,0
-0.1114,0,0
-0.111,0,0
-0.1106,0,0
-0.1102,0,0
-0.1098,0,0
-0.1094,0,0
-0.109,0,0
-0.1086,0,0
-0.1082,0.00633271,0.00634552
-0.1078,0.00583256,0.00584342
-0.1074,0.0061207,0.00613266
-0.107,0,0
-0.1066,0,0
-0.1062,0,0
-0.1058,0,0
-0.1054,0,0
-0.105,0,0
-0.1046,0.00631563,0.00632836
-0.1042,0,0
-0.1038,0,0
-0.1034,0,0
-0.103,0,0
-0.1026,0,0
-0.1022,0,0
-0.1018,0,0
-0.1014,0.00598846,0.0059999
-0.101,0.00622231,0.00623465
-0.1006,0,0
-0.1002,0,0
-0.0998,0,0
-0.0994,0,0
-0.099,0,0
-0.0986,0,0
-0.0982,0,0
-0.0978,0,0
-0.0974,0,0
-0.097,0,0
-0.0966,0,0
-0.0962,0,0
-0.0958,0,0
-0.0954,0,0
-0.095,0.00602546,0.00603702
-0.0946,0,0
-0.0942,0,0
-0.0938,0,0
-0.0934,0,0
-0.093,0,0
-0.0926,0,0
-0.0922,0,0
-0.0918,0,0
-0.0914,0,0
-0.091,0,0
-0.0906,0.00583171,0.00584253
-0.0902,0,0
-0.0898,0,0
-0.0894,0,0
-0.089,0.00623697,0.00624934
-0.0886,0,0
-0.0882,0,0
-0.0878,0,0
-0.0874,0,0
-0.087,0,0
-0.0866,0,0
-0.0862,0,0
-0.0858,0,0
-0.0854,0,0
-0.085,0,0
-0.0846,0,0
-0.0842,0,0
-0.0838,0,0
-0.0834,0,0
-0.083,0,0
-0.0826,0,0
-0.0822,0,0
-0.0818,0.00585782,0.00586872
-0.0814,0.00149194,0.00299926
-0.081,0,0
-0.0806,0,0
-0.0802,0,0
-0.0798,0,0
-0.0794,0,0
-0.079,0,0
-0.0786,0,0
-0.0782,0,0
-0.0778,0,0
-0.0774,0,0
-0.077,0,0
-0.0766,0,0
-0.0762,0,0
-0.0758,0,0
-0.0754,0,0
-0.075,0.00203613,0.00352189
-0.0746,0,0
-0.0742,0.00580541,0.0058161
-0.0738,0,0
-0.0734,0.00568698,0.00569723
-0.073,0,0
-0.0726,0,0
-0.0722,0,0
-0.0718,0,0
-0.0714,0,0
-0.071,0,0
-0.0706,0,0
-0.0702,0,0
-0.0698,0,0
-0.0694,0,0
-0.069,0,0
-0.0686,0,0
-0.0682,0,0
-0.0678,0,0
-0.0674,0,0
-0.067,0,0
-0.0666,0,0
-0.0662,0,0
-0.0658,0,0
-0.0654,0,0
-0.065,0,0
-0.0646,0,0
-0.0642,0,0
-0.0638,0.00605856,0.00614323
-0.0634,0,0
-0.063,0.00547503,0.00548451
-0.0626,0,0
-0.0622,0.0141956,0.00917885
-0.0618,0,0
-0.0614,0,0
-0.061,0,0
-0.0606,0,0
-0.0602,0,0
-0.0598,0,0
-0.0594,0,0
-0.059,0,0
-0.0586,0,0
-0.0582,0,0
-0.0578,0,0
-0.0574,0,0
-0.057,0,0
-0.0566,0,0
-0.0562,0,0
-0.0558,0.00587628,0.00588718
-0.0554,0,0
-0.055,0.00574998,0.00576042
-0.0546,0,0
-0.0542,0,0
-0.0538,0,0
-0.0534,0,0
-0.053,0,0
-0.0526,0,0
-0.0522,0,0
-0.0518,0,0
-0.0514,0,0
-0.051,0,0
-0.0506,0,0
-0.0502,0.00535968,0.00568503
-0.0498,0,0
-0.0494,0,0
-0.049,0,0
-0.0486,0,0
-0.0482,0,0
-0.0478,0,0
-0.0474,0,0
-0.047,0.00612597,0.00613779
-0.0466,0,0
-0.0462,0.00562609,0.00563607
-0.0458,0,0
-0.0454,0,0
-0.045,0,0
-0.0446,0,0
-0.0442,0,0
-0.0438,0,0
-0.0434,0.00197805,0.00339225
-0.043,0,0
-0.0426,0.0058932,0.00590414
-0.0422,0,0
-0.0418,0,0
-0.0414,0,0
-0.041,0,0
-0.0406,0,0
-0.0402,0,0
-0.0398,0.00580494,0.00581554
-0.0394,0,0
-0.039,0,0
-0.0386,0,0
-0.0382,0,0
-0.0378,0,0
-0.0374,0,0
-0.037,0.00579147,0.00580202
-0.0366,0,0
-0.0362,0.00568801,0.00569818
-0.0358,0.00216756,0.00360851
-0.0354,0.00596474,0.00597592
-0.035,0.00569775,0.00570795
-0.0346,0,0
-0.0342,0,0
-0.0338,0.00573721,0.00574755
-0.0334,0.00587675,0.00588759
-0.033,0,0
-0.0326,0,0
-0.0322,0,0
-0.0318,0,0
-0.0314,0.00604088,0.00605234
-0.031,0,0
-0.0306,0,0
-0.0302,0,0
-0.0298,0,0
-0.0294,0,0
-0.029,0,0
-0.0286,0,0
-0.0282,0,0
-0.0278,0.00565532,0.00566536
-0.0274,0,0
-0.027,0,0
-0.0266,0,0
-0.0262,0.00511418,0.00549988
-0.0258,0,0
-0.0254,0,0
-0.025,0.00557219,0.00558193
-0.0246,0,0
-0.0242,0,0
-0.0238,0,0
-0.0234,0.00527289,0.00528161
-0.023,0.0060904,0.00610202
-0.0226,0,0
-0.0222,0,0
-0.0218,0,0
-0.0214,0,0
-0.021,0,0
-0.0206,0.00658816,0.00660175
-0.0202,0,0
-0.0198,0.00569194,0.00570208
-0.0194,0.0111258,0.00785519
-0.019,0,0
-0.0186,0,0
-0.0182,0,0
-0.0178,0,0
-0.0174,0,0
-0.017,0,0
-0.0166,0,0
-0.0162,0.00344976,0.00470647
-0.0158,0.00636321,0.00637588
-0.0154,0,0
-0.015,0,0
-0.0146,0,0
-0.0142,0,0
-0.0138,0,0
-0.0134,0.00615454,0.00616639
-0.013,0.00190329,0.00342932
-0.0126,0.00645681,0.00646984
-0.0122,0.00645733,0.00647036
-0.0118,0,0
-0.0114,0,0
-0.011,0.000196507,0.00105473
-0.0106,0.00871813,0.0073286
-0.0102,0.00582072,0.00583131
-0.0098,0,0
-0.0094,0,0
-0.009,0,0
-0.0086,0.00593096,0.00594195
-0.0082,0.00937851,0.00760271
-0.0078,0.00571222,0.00572241
-0.0074,0.00556411,0.00557377
-0.007,0,0
-0.0066,0.00595452,0.00596559
-0.0062,0,0
-0.0058,0.0115464,0.00817924
-0.0054,0.00628872,0.00630106
-0.005,0,0
-0.0046,0.0186483,0.0101109
-0.0042,0.00538167,0.0059291
-0.0038,0.0125228,0.00887912
-0.0034,0.0247713,0.0117381
-0.003,0.048701,0.0161146
-0.0026,0.140017,0.0294037
-0.0022,0.226489,0.0378328
-0.0018,0.450934,0.0535192
-0.0014,0.770665,0.068426
-0.001,1.17826,0.0827704
-0.0006,1.54699,0.0922164
-0.0002,1.97791,0.106179
0.0002,1.91067,0.107301
0.0006,1.45946,0.0926609
0.001,1.13606,0.0852192
0.0014,0.62173,0.0615055
0.0018,0.272109,0.0400541
0.0022,0.110049,0.0270038
0.0026,0.0506202,0.0176045
0.003,0.0174605,0.0101197
0.0034,0,0
0.0038,0,0
0.0042,0,0
0.0046,0.00618425,0.00619616
0.005,0,0
0.0054,0.0115916,0.0082113
0.0058,0,0
0.0062,0.0117963,0.00835661
0.0066,0,0
0.007,0,0
0.0074,0.0121358,0.00859753
0.0078,0.00402277,0.0047726
0.0082,0,0
0.0086,0,0
0.009,0.00578264,0.00579305
0.0094,0.00606013,0.00607155
0.0098,0.00575749,0.00576781
0.0102,0,0
0.0106,0,0
0.011,0,0
0.0114,0.00555316,0.00583184
0.0118,0,0
0.0122,0,0
0.0126,0,0
0.013,0,0
0.0134,0.00590759,0.00591844
0.0138,0.0122878,0.00871159
0.0142,0,0
0.0146,0.00608302,0.00609452
0.015,0.0115063,0.00850334
0.0154,0,0
0.0158,0,0
0.0162,0.0112236,0.0080377
0.0166,0,0
0.017,0,0
0.0174,0.00569101,0.00570107
0.0178,0.0110609,0.0077684
0.0182,0,0
0.0186,0,0
0.019,0.00627594,0.00628817
0.0194,0,0
0.0198,0,0
0.0202,0.0117516,0.00832484
0.0206,0,0
0.021,0,0
0.0214,0,0
0.0218,0,0
0.0222,0,0
0.0226,0,0
0.023,0,0
0.0234,0,0
0.0238,0,0
0.0242,0,0
0.0246,0,0
0.025,0.00592997,0.00594088
0.0254,0.00563731,0.00564716
0.0258,0,0
0.0262,0.00610839,0.00611996
0.0266,0,0
0.027,0,0
0.0274,0.00595426,0.00596525
0.0278,0.00568957,0.0056996
0.0282,0,0
0.0286,0.00631132,0.00632366
0.029,0,0
0.0294,0,0
0.0298,0,0
0.0302,0,0
0.0306,0,0
0.031,0,0
0.0314,0,0
0.0318,0.00598178,0.00599287
0.0322,0,0
0.0326,0,0
0.033,0,0
0.0334,0,0
0.0338,0,0
0.0342,0,0
0.0346,0,0
0.035,0,0
0.0354,0,0
0.0358,0.00579356,0.00580395
0.0362,0.00548754,0.00549686
0.0366,0,0
0.037,0,0
0.0374,0,0
0.0378,0,0
0.0382,0.00478714,0.00553673
0.0386,0,0
0.039,0,0
0.0394,0,0
0.0398,0,0
0.0402,0,0
0.0406,0.00628986,0.00630209
0.041,0,0
0.0414,0.00617643,0.00618822
0.0418,0,0
0.0422,0,0
0.0426,0,0
0.043,0,0
0.0434,0,0
0.0438,0,0
0.0442,0,0
0.0446,0,0
0.045,0,0
0.0454,0.0057072,0.00571725
0.0458,0,0
0.0462,0.00596579,0.00597678
0.0466,0,0
0.047,0.00565965,0.00566954
0.0474,0,0
0.0478,0,0
0.0482,0,0
0.0486,0,0
0.049,0,0
0.0494,0,0
0.0498,0.00386797,0.00460123
0.0502,0,0
0.0506,0,0
0.051,0,0
0.0514,0,0
0.0518,0,0
0.0522,0.0124946,0.00885202
0.0526,0.00598672,0.00599776
0.053,0,0
0.0534,0.00622469,0.00623662
0.0538,0,0
0.0542,0,0
0.0546,0,0
0.055,0,0
0.0554,0.00560743,0.00561711
0.0558,0.00557414,0.00558371
0.0562,0,0
0.0566,0,0
0.057,0,0
0.0574,0,0
0.0578,0,0
0.0582,0,0
0.0586,0.0119692,0.00847922
0.059,0.00582129,0.00593015
0.0594,0,0
0.0598,0,0
0.0602,0,0
0.0606,0,0
0.061,0,0
0.0614,0,0
0.0618,0,0
0.0622,0,0
0.0626,0,0
0.063,0,0
0.0634,0,0
0.0638,0,0
0.0642,9.86431e-05,0.000750184
0.0646,0,0
0.065,0,0
0.0654,0,0
0.0658,0,0
0.0662,0,0
0.0666,0,0
0.067,0,0
0.0674,0,0
0.0678,0,0
0.0682,0.00559718,0.0056068
0.0686,0,0
0.069,0,0
0.0694,0,0
0.0698,0,0
0.0702,0,0
0.0706,0.0106566,0.00762555
0.071,0.0058747,0.00588529
0.0714,0,0
0.0718,0.00650605,0.00651903
0.0722,0,0
0.0726,0,0
0.073,0,0
0.0734,0,0
0.0738,0,0
0.0742,0,0
0.0746,0,0
0.075,0,0
0.0754,0,0
0.0758,0,0
0.0762,0,0
0.0766,0,0
0.077,0,0
0.0774,0,0
0.0778,0,0
0.0782,0,0
0.0786,0,0
0.079,0,0
0.0794,0,0
0.0798,0,0
0.0802,0,0
0.0806,0,0
0.081,0,0
0.0814,0,0
0.0818,0,0
0.0822,0,0
0.0826,0,0
0.083,0,0
0.0834,0,0
0.0838,0,0
0.0842,0,0
0.0846,0.00519496,0.00574911
0.085,0.00608108,0.00609239
0.0854,0,0
0.0858,0,0
0.0862,0,0
0.0866,0,0
0.087,0.00557396,0.00558346
0.0874,0,0
0.0878,0,0
0.0882,0,0
0.0886,0,0
0.089,0,0
0.0894,0,0
0.0898,0,0
0.0902,0,0
0.0906,0,0
0.091,0,0
0.0914,0.00622627,0.00623811
0.0918,0,0
0.0922,0,0
0.0926,0,0
0.093,0.0057859,0.00601177
0.0934,0,0
0.0938,0,0
0.0942,0,0
0.0946,0,0
0.095,0,0
0.0954,0,0
0.0958,0,0
0.0962,0,0
0.0966,0,0
0.097,0,0
0.0974,0,0
0.0978,0,0
0.0982,0,0
0.0986,0,0
0.099,0.0130198,0.00922465
0.0994,0.00333653,0.00489338
0.0998,0,0
0.1002,0,0
0.1006,0,0
0.101,0,0
0.1014,0,0
0.1018,0,0
0.1022,0,0
0.1026,0.00714625,0.00716179
0.103,0,0
0.1034,0,0
0.1038,0,0
0.1042,0.00691931,0.00693388
0.1046,0,0
0.105,0,0
0.1054,0.00752349,0.0075407
0.1058,0.007576,0.00759345
0.1062,0,0
0.1066,0,0
0.107,0,0
0.1074,0,0
0.1078,0,0
0.1082,0,0
0.1086,0,0
0.109,0,0
0.1094,0,0
0.1098,0,0
0.1102,0,0
0.1106,0,0
0.111,0.0054833,0.00676895
0.1114,0,0
0.1118,0,0
0.1122,0.00823416,0.00825474
0.1126,0,0
0.113,0,0
0.1134,0,0
0.1138,0,0
0.1142,0,0
0.1146,0,0
0.115,0.00852457,0.00854661
0.1154,0,0
0.1158,0,0
0.1162,0.00178533,0.00406574
0.1166,0,0
0.117,0.00930048,0.00932669
0.1174,0,0
0.1178,0,0
0.1182,0,0
0.1186,0,0
0.119,0.0105126,0.0105461
0.1194,0,0
0.1198,0,0
3
-0.1198,0.00469971,0.00539848
-0.1194,0,0
-0.119,0,0
-0.1186,0,0
-0.1182,0,0
-0.1178,0,0
-0.1174,0,0
-0.117,0,0
-0.1166,0.00533095,0.00561152
-0.1162,0,0
-0.1158,0,0
-0.1154,0,0
-0.115,0,0
-0.1146,0,0
-0.1142,0,0
-0.1138,0,0
-0.1134,0,0
-0.113,0,0
-0.1126,0,0
-0.1122,0,0
-0.1118,0,0
-0.1114,0,0
-0.111,0,0
-0.1106,0,0
-0.1102,0,0
-0.1098,0,0
-0.1094,0,0
-0.109,0,0
-0.1086,0,0
-0.1082,0,0
-0.1078,0,0
-0.1074,0.00604993,0.00606112
-0.107,0,0
-0.1066,0,0
-0.1062,0,0
-0.1058,0,0
-0.1054,0,0
-0.105,0,0
-0.1046,0,0
-0.1042,0.00589246,0.00590307
-0.1038,0,0
-0.1034,0,0
-0.103,0,0
-0.1026,0,0
-0.1022,0,0
-0.1018,0,0
-0.1014,0,0
-0.101,0.00630082,0.00631293
-0.1006,0,0
-0.1002,0,0
-0.0998,0,0
-0.0994,0,0
-0.099,0,0
-0.0986,0,0
-0.0982,0,0
-0.0978,0,0
-0.0974,0,0
-0.097,0.00630435,0.00631646
-0.0966,0,0
-0.0962,0,0
-0.0958,0,0
-0.0954,0,0
-0.095,0,0
-0.0946,0,0
-0.0942,0,0
-0.0938,0,0
-0.0934,0,0
-0.093,0,0
-0.0926,0,0
-0.0922,0,0
-0.0918,0,0
-0.0914,0,0
-0.091,0,0
-0.0906,0,0
-0.0902,0,0
-0.0898,0,0
-0.0894,0,0
-0.089,0,0
-0.0886,0,0
-0.0882,0,0
-0.0878,0,0
-0.0874,0,0
-0.087,0,0
-0.0866,0,0
-0.0862,0,0
-0.0858,0,0
-0.0854,0,0
-0.085,0,0
-0.0846,0,0
-0.0842,0,0
-0.0838,0,0
-0.0834,0,0
-0.083,0,0
-0.0826,0,0
-0.0822,0,0
-0.0818,0,0
-0.0814,0,0
-0.081,0,0
-0.0806,0.0053163,0.00532486
-0.0802,0,0
-0.0798,0,0
-0.0794,0,0
-0.079,0,0
-0.0786,0,0
-0.0782,0,0
-0.0778,0,0
-0.0774,0,0
-0.077,0,0
-0.0766,0,0
-0.0762,0,0
-0.0758,0,0
-0.0754,0,0
-0.075,0.004238,0.00520902
-0.0746,0,0
-0.0742,0,0
-0.0738,0,0
-0.0734,0.00597947,0.00599025
-0.073,0,0
-0.0726,0,0
-0.0722,0,0
-0.0718,0,0
-0.0714,0,0
-0.071,0,0
-0.0706,0,0
-0.0702,0.00639631,0.00640862
-0.0698,0,0
-0.0694,0,0
-0.069,0,0
-0.0686,0,0
-0.0682,0,0
-0.0678,0,0
-0.0674,0,0
-0.067,0,0
-0.0666,0,0
-0.0662,0,0
-0.0658,0,0
-0.0654,0,0
-0.065,0,0
-0.0646,0,0
-0.0642,0,0
-0.0638,0,0
-0.0634,0,0
-0.063,0.00577302,0.00578301
-0.0626,0,0
-0.0622,0.00294559,0.00435316
-0.0618,0,0
-0.0614,0,0
-0.061,0,0
-0.0606,0,0
-0.0602,0,0
-0.0598,0.00165549,0.00306974
-0.0594,0.00657374,0.00658668
-0.059,0,0
-0.0586,0,0
-0.0582,0,0
-0.0578,0,0
-0.0574,0,0
-0.057,0,0
-0.0566,0.00615061,0.00616193
-0.0562,0,0
-0.0558,0,0
-0.0554,0.00593248,0.005943
-0.055,0.00743459,0.0067325
-0.0546,0,0
-0.0542,0.00613798,0.00614923
-0.0538,0,0
-0.0534,0,0
-0.053,0,0
-0.0526,0,0
-0.0522,0.00620404,0.00621552
-0.0518,0,0
-0.0514,0,0
-0.051,0,0
-0.0506,0,0
-0.0502,0,0
-0.0498,0,0
-0.0494,0,0
-0.049,0,0
-0.0486,0,0
-0.0482,0.0193049,0.0111671
-0.0478,0,0
-0.0474,0,0
-0.047,0,0
-0.0466,0,0
-0.0462,0,0
-0.0458,0.00623773,0.0062493
-0.0454,0,0
-0.045,0,0
-0.0446,0,0
-0.0442,0,0
-0.0438,0.00595285,0.00596338
-0.0434,0.0186259,0.0107748
-0.043,0.00473995,0.00549331
-0.0426,0.00624627,0.00625786
-0.0422,0.00623474,0.00624628
-0.0418,0,0
-0.0414,0.00610927,0.00612035
-0.041,0,0
-0.0406,0,0
-0.0402,0,0
-0.0398,0,0
-0.0394,0,0
-0.039,0,0
-0.0386,0,0
-0.0382,0.00483795,0.00554335
-0.0378,0,0
-0.0374,0,0
-0.037,0,0
-0.0366,0,0
-0.0362,0,0
-0.0358,0.00405178,0.00508288
-0.0354,0.00635364,0.00636559
-0.035,0,0
-0.0346,0,0
-0.0342,0,0
-0.0338,0,0
-0.0334,0,0
-0.033,0,0
-0.0326,0,0
-0.0322,0,0
-0.0318,0,0
-0.0314,0,0
-0.031,0,0
-0.0306,0.0136695,0.00969554
-0.0302,0,0
-0.0298,0,0
-0.0294,0.00650648,0.00651898
-0.029,0,0
-0.0286,0,0
-0.0282,0.00614516,0.00615631
-0.0278,0,0
-0.0274,0,0
-0.027,0,0
-0.0266,0,0
-0.0262,0,0
-0.0258,0.00654268,0.0065553
-0.0254,0,0
-0.025,0,0
-0.0246,0,0
-0.0242,0,0
-0.0238,0,0
-0.0234,0,0
-0.023,0,0
-0.0226,0,0
-0.0222,0,0
-0.0218,0,0
-0.0214,0,0
-0.021,0,0
-0.0206,0,0
-0.0202,0,0
-0.0198,0,0
-0.0194,0.00201787,0.00339804
-0.019,0,0
-0.0186,0,0
-0.0182,0.00657706,0.00658977
-0.0178,0,0
-0.0174,0,0
-0.017,0,0
-0.0166,0,0
-0.0162,0,0
-0.0158,0.0067844,0.00679791
-0.0154,0,0
-0.015,0,0
-0.0146,0,0
-0.0142,0,0
-0.0138,0,0
-0.0134,0,0
-0.013,0,0
-0.0126,0.012895,0.00915694
-0.0122,0.00642491,0.00643701
-0.0118,0,0
-0.0114,0,0
-0.011,0,0
-0.0106,0,0
-0.0102,0.00601948,0.00604037
-0.0098,0.0124264,0.00880276
-0.0094,0.018452,0.0106728
-0.009,0.00560604,0.00561524
-0.0086,0.00633342,0.00634515
-0.0082,0.00687021,0.00672431
-0.0078,0,0
-0.0074,0.0060366,0.00604725
-0.007,0.00266423,0.00401776
-0.0066,0,0
-0.0062,0,0
-0.0058,0,0
-0.0054,0.00654633,0.00655885
-0.005,0,0
-0.0046,0.00991484,0.00762145
-0.0042,0.0207512,0.011686
-0.0038,0.0229822,0.0123974
-0.0034,0.0344646,0.014758
-0.003,0.0447034,0.0158948
-0.0026,0.0949177,0.0248356
-0.0022,0.159768,0.0327516
-0.0018,0.210512,0.0377846
-0.0014,0.590722,0.0619252
-0.001,0.76663,0.069071
-0.0006,0.857004,0.070907
-0.0002,1.18508,0.0849556
0.0002,1.12154,0.08498
0.0006,0.848784,0.072891
0.001,0.729751,0.0704179
0.0014,0.354355,0.0478312
0.0018,0.136853,0.0293492
0.0022,0.0917988,0.0258111
0.0026,0.0244909,0.0124546
0.003,0.0096601,0.00778863
0.0034,0.00642865,0.00644068
0.0038,0.00673632,0.00674952
0.0042,0,0
0.0046,0,0
0.005,0.00687782,0.00689158
0.0054,0,0
0.0058,0,0
0.0062,0,0
0.0066,0,0
0.007,0.0125179,0.00886778
0.0074,0,0
0.0078,0,0
0.0082,0,0
0.0086,0.00197848,0.0034833
0.009,0.00619721,0.00620836
0.0094,0,0
0.0098,0.00614583,0.00615679
0.0102,0,0
0.0106,0.00594982,0.0059601
0.011,0,0
0.0114,0.000587808,0.00196479
0.0118,0,0
0.0122,0.00628908,0.00630055
0.0126,0.00629018,0.00630165
0.013,0,0
0.0134,0,0
0.0138,0,0
0.0142,0,0
0.0146,0,0
0.015,0,0
0.0154,0,0
0.0158,0,0
0.0162,0,0
0.0166,0,0
0.017,0,0
0.0174,0,0
0.0178,0,0
0.0182,0,0
0.0186,0,0
0.019,0,0
0.0194,0.00674034,0.00675347
0.0198,0.00674214,0.00684569
0.0202,0,0
0.0206,0,0
0.021,0,0
0.0214,0,0
0.0218,0,0
0.0222,0,0
0.0226,0,0
0.023,0,0
0.0234,0,0
0.0238,0,0
0.0242,0,0
0.0246,0,0
0.025,0,0
0.0254,0,0
0.0258,0.00180805,0.00338133
0.0262,0,0
0.0266,0,0
0.027,0.00582593,0.00583572
0.0274,0,0
0.0278,0,0
0.0282,0.00678703,0.0068003
0.0286,0,0
0.029,0.00577759,0.00578721
0.0294,0,0
0.0298,0,0
0.0302,0,0
0.0306,0,0
0.031,0,0
0.0314,0,0
0.0318,0,0
0.0322,0,0
0.0326,0,0
0.033,0,0
0.0334,0.00656925,0.00658166
0.0338,0,0
0.0342,0,0
0.0346,0,0
0.035,0.011885,0.00841848
0.0354,0,0
0.0358,0,0
0.0362,0.00596645,0.00597669
0.0366,0,0
0.037,0.0067629,0.00677604
0.0374,0.00575243,0.00576193
0.0378,0.00686987,0.00688343
0.0382,0,0
0.0386,0,0
0.039,0,0
0.0394,0,0
0.0398,0,0
0.0402,0,0
0.0406,0.00677749,0.00679066
0.041,0,0
0.0414,0,0
0.0418,0,0
0.0422,0,0
0.0426,0,0
0.043,0,0
0.0434,0,0
0.0438,0,0
0.0442,0,0
0.0446,0,0
0.045,0,0
0.0454,0,0
0.0458,0,0
0.0462,0,0
0.0466,0,0
0.047,0,0
0.0474,0,0
0.0478,0.00632572,0.00633717
0.0482,0,0
0.0486,0,0
0.049,0,0
0.0494,0.00228851,0.00374868
0.0498,0.00171221,0.00317966
0.0502,0,0
0.0506,0.00609064,0.00610124
0.051,0,0
0.0514,0.00608229,0.00609287
0.0518,0,0
0.0522,0,0
0.0526,0,0
0.053,0,0
0.0534,0.00667726,0.00668999
0.0538,0,0
0.0542,0,0
0.0546,0.00685862,0.00687205
0.055,0,0
0.0554,0,0
0.0558,0,0
0.0562,0,0
0.0566,0,0
0.057,0,0
0.0574,0,0
0.0578,0.0122676,0.00869131
0.0582,0,0
0.0586,0,0
0.059,0,0
0.0594,0,0
0.0598,0,0
0.0602,0,0
0.0606,0,0
0.061,0,0
0.0614,0,0
0.0618,0,0
0.0622,0,0
0.0626,0,0
0.063,0,0
0.0634,0,0
0.0638,0.00245152,0.00378619
0.0642,0.0121749,0.0086617
0.0646,0,0
0.065,0.0068392,0.0068525
0.0654,0,0
0.0658,0.00636939,0.00638094
0.0662,0,0
0.0666,0,0
0.067,0,0
0.0674,0,0
0.0678,0,0
0.0682,0.0060466,0.006057
0.0686,0,0
0.069,0,0
0.0694,0,0
0.0698,0,0
0.0702,0,0
0.0706,0,0
0.071,0,0
0.0714,0,0
0.0718,0,0
0.0722,0,0
0.0726,0,0
0.073,0,0
0.0734,0,0
0.0738,0,0
0.0742,0,0
0.0746,0,0
0.075,0,0
0.0754,0,0
0.0758,0,0
0.0762,0,0
0.0766,0.00592976,0.00593974
0.077,0,0
0.0774,0,0
0.0778,0,0
0.0782,0,0
0.0786,0,0
0.079,0,0
0.0794,0,0
0.0798,0,0
0.0802,0.00650502,0.006517
0.0806,0,0
0.081,0,0
0.0814,0,0
0.0818,0,0
0.0822,0,0
0.0826,0,0
0.083,0,0
0.0834,0.00626244,0.00627353
0.0838,0,0
0.0842,0,0
0.0846,0.00123581,0.00291586
0.085,0,0
0.0854,0,0
0.0858,0,0
0.0862,0,0
0.0866,0,0
0.087,0,0
0.0874,0,0
0.0878,0,0
0.0882,0,0
0.0886,0,0
0.089,0.00589763,0.00590746
0.0894,0,0
0.0898,0,0
0.0902,0,0
0.0906,0,0
0.091,0,0
0.0914,0,0
0.0918,0,0
0.0922,0,0
0.0926,0.00642501,0.00643667
0.093,0,0
0.0934,0,0
0.0938,0,0
0.0942,0,0
0.0946,0,0
0.095,0,0
0.0954,0,0
0.0958,0,0
0.0962,0,0
0.0966,0,0
0.097,0,0
0.0974,0,0
0.0978,0,0
0.0982,0,0
0.0986,0,0
0.099,0,0
0.0994,0,0
0.0998,0,0
0.1002,0.0070859,0.00710004
0.1006,0.0068542,0.00686744
0.101,0,0
0.1014,0,0
0.1018,0,0
0.1022,0.00731603,0.0073311
0.1026,0,0
0.103,0,0
0.1034,0,0
0.1038,0,0
0.1042,0,0
0.1046,0,0
0.105,0,0
0.1054,0.000465174,0.00194966
0.1058,0,0
0.1062,0.00749156,0.00750735
0.1066,0,0
0.107,0,0
0.1074,0,0
0.1078,0,0
0.1082,0,0
0.1086,0,0
0.109,0,0
0.1094,0.000334083,0.00172008
0.1098,0,0
0.1102,0,0
0.1106,0,0
0.111,0.00305923,0.0052561
0.1114,0,0
0.1118,0,0
0.1122,0,0
0.1126,0,0
0.113,0.0180346,0.0127847
0.1134,0,0
0.1138,0,0
0.1142,0,0
0.1146,0,0
0.115,0,0
0.1154,0,0
0.1158,0,0
0.1162,0.0102115,0.0102408
0.1166,0,0
0.117,0.00948613,0.00951138
0.1174,0.0100453,0.0100736
0.1178,0,0
0.1182,0,0
0.1186,0,0
0.119,0,0
0.1194,0,0
0.1198,0,0
4
-0.1198,0.0014817,0.00303504
-0.1194,0,0
-0.119,0,0
-0.1186,0,0
-0.1182,0,0
-0.1178,0.00606804,0.00607932
-0.1174,0,0
-0.117,0,0
-0.1166,0.000556394,0.00181577
-0.1162,0,0
-0.1158,0,0
-0.1154,0,0
-0.115,0,0
-0.1146,0.00393515,0.0047394
-0.1142,0,0
-0.1138,0,0
-0.1134,0,0
-0.113,0,0
-0.1126,0,0
-0.1122,0,0
-0.1118,0,0
-0.1114,0,0
-0.111,0,0
-0.1106,0,0
-0.1102,0,0
-0.1098,0,0
-0.1094,0,0
-0.109,0,0
-0.1086,0,0
-0.1082,0,0
-0.1078,0,0
-0.1074,0,0
-0.107,0.00554655,0.00555592
-0.1066,0,0
-0.1062,0,0
-0.1058,0,0
-0.1054,0,0
-0.105,0,0
-0.1046,0,0
-0.1042,0,0
-0.1038,0,0
-0.1034,0,0
-0.103,0,0
-0.1026,0,0
-0.1022,0,0
-0.1018,0,0
-0.1014,0,0
-0.101,0,0
-0.1006,0,0
-0.1002,0,0
-0.0998,0,0
-0.0994,0,0
-0.099,0,0
-0.0986,0,0
-0.0982,0,0
-0.0978,0,0
-0.0974,0,0
-0.097,0.00640259,0.00641501
-0.0966,0,0
-0.0962,0,0
-0.0958,0,0
-0.0954,0.0126044,0.00892969
-0.095,0,0
-0.0946,0,0
-0.0942,0,0
-0.0938,0,0
-0.0934,0,0
-0.093,0,0
-0.0926,0,0
-0.0922,0.00599478,0.00600564
-0.0918,0,0
-0.0914,0.00664536,0.0066587
-0.091,0,0
-0.0906,0,0
-0.0902,0.00588432,0.00589478
-0.0898,0,0
-0.0894,0,0
-0.089,0,0
-0.0886,0.00657307,0.0065861
-0.0882,0,0
-0.0878,0,0
-0.0874,0,0
-0.087,0,0
-0.0866,0,0
-0.0862,0,0
-0.0858,0,0
-0.0854,0,0
-0.085,0.00654942,0.00656234
-0.0846,0,0
-0.0842,0,0
-0.0838,0,0
-0.0834,0,0
-0.083,0,0
-0.0826,0,0
-0.0822,0,0
-0.0818,0,0
-0.0814,0,0
-0.081,0.00625887,0.00627066
-0.0806,0,0
-0.0802,0,0
-0.0798,0,0
-0.0794,0,0
-0.079,0,0
-0.0786,0,0
-0.0782,0,0
-0.0778,0,0
-0.0774,0,0
-0.077,0,0
-0.0766,0.00603094,0.00659379
-0.0762,0,0
-0.0758,0.0018454,0.00342953
-0.0754,0,0
-0.075,0,0
-0.0746,0,0
-0.0742,0,0
-0.0738,0,0
-0.0734,0,0
-0.073,0,0
-0.0726,0,0
-0.0722,0,0
-0.0718,0,0
-0.0714,0,0
-0.071,0,0
-0.0706,0,0
-0.0702,0,0
-0.0698,0,0
-0.0694,0.00667891,0.00669228
-0.069,0,0
-0.0686,0,0
-0.0682,0,0
-0.0678,0.00617276,0.00618418
-0.0674,0,0
-0.067,0,0
-0.0666,0.00659794,0.00661097
-0.0662,0,0
-0.0658,0,0
-0.0654,0,0
-0.065,0,0
-0.0646,0,0
-0.0642,0,0
-0.0638,0,0
-0.0634,0,0
-0.063,0,0
-0.0626,0,0
-0.0622,0,0
-0.0618,0,0
-0.0614,0,0
-0.061,0,0
-0.0606,0,0
-0.0602,0,0
-0.0598,0.00402609,0.00479238
-0.0594,0,0
-0.059,0,0
-0.0586,0,0
-0.0582,0,0
-0.0578,0,0
-0.0574,0.00592031,0.00593078
-0.057,0,0
-0.0566,0,0
-0.0562,0.00653103,0.00654376
-0.0558,0,0
-0.0554,0,0
-0.055,0.00472045,0.00536791
-0.0546,0,0
-0.0542,0,0
-0.0538,0,0
-0.0534,0.00584032,0.0058505
-0.053,0,0
-0.0526,0,0
-0.0522,0.00620788,0.00621937
-0.0518,0,0
-0.0514,0,0
-0.051,0,0
-0.0506,0,0
-0.0502,0,0
-0.0498,0,0
-0.0494,0,0
-0.049,0,0
-0.0486,0.00622482,0.00623636
-0.0482,0,0
-0.0478,0,0
-0.0474,0.000642968,0.00201833
-0.047,0.0129637,0.00918444
-0.0466,0,0
-0.0462,0,0
-0.0458,0,0
-0.0454,0,0
-0.045,0,0
-0.0446,0,0
-0.0442,0,0
-0.0438,0.00594387,0.00595439
-0.0434,0,0
-0.043,0.00159984,0.00318873
-0.0426,0,0
-0.0422,0.0059841,0.0062944
-0.0418,0,0
-0.0414,0,0
-0.041,0,0
-0.0406,0.0063006,0.0063124
-0.0402,0,0
-0.0398,0,0
-0.0394,0,0
-0.039,0,0
-0.0386,0,0
-0.0382,0.00148573,0.00306763
-0.0378,0,0
-0.0374,0,0
-0.037,0,0
-0.0366,0,0
-0.0362,0,0
-0.0358,0,0
-0.0354,0,0
-0.035,0,0
-0.0346,0,0
-0.0342,0,0
-0.0338,0,0
-0.0334,0,0
-0.033,0,0
-0.0326,0,0
-0.0322,0,0
-0.0318,0,0
-0.0314,0,0
-0.031,0,0
-0.0306,0,0
-0.0302,0,0
-0.0298,0,0
-0.0294,0,0
-0.029,0,0
-0.0286,0,0
-0.0282,0,0
-0.0278,0,0
-0.0274,0,0
-0.027,0.0126083,0.00893759
-0.0266,0,0
-0.0262,0,0
-0.0258,0,0
-0.0254,0,0
-0.025,0,0
-0.0246,0,0
-0.0242,0,0
-0.0238,0,0
-0.0234,0,0
-0.023,0,0
-0.0226,0,0
-0.0222,0,0
-0.0218,0,0
-0.0214,0.00648627,0.00649874
-0.021,0,0
-0.0206,0,0
-0.0202,0,0
-0.0198,0.00597615,0.00598674
-0.0194,0.00365339,0.00455247
-0.019,0,0
-0.0186,0,0
-0.0182,0,0
-0.0178,0.00648313,0.00649559
-0.0174,0,0
-0.017,0,0
-0.0166,0,0
-0.0162,0,0
-0.0158,0.00496848,0.00578811
-0.0154,0,0
-0.015,0.00656242,0.00657519
-0.0146,0,0
-0.0142,0,0
-0.0138,0,0
-0.0134,0,0
-0.013,0,0
-0.0126,0,0
-0.0122,0.0028805,0.00428503
-0.0118,0,0
-0.0114,0,0
-0.011,0,0
-0.0106,0,0
-0.0102,2.02091e-05,0.000347801
-0.0098,0.00613348,0.00614464
-0.0094,0.00613318,0.00614434
-0.009,0.00553297,0.00554205
-0.0086,0.0055327,0.00554177
-0.0082,0.00274626,0.00422275
-0.0078,0,0
-0.0074,0,0
-0.007,0.00939846,0.00754168
-0.0066,0,0
-0.0062,0,0
-0.0058,0,0
-0.0054,0.00644845,0.00646078
-0.005,0.0201907,0.0116804
-0.0046,0.0163737,0.0100551
-0.0042,0.0136901,0.00970006
-0.0038,0.0163879,0.0102982
-0.0034,0.0299997,0.0134708
-0.003,0.0336858,0.0137032
-0.0026,0.0515925,0.0182632
-0.0022,0.148829,0.0314189
-0.0018,0.292036,0.0441615
-0.0014,0.460354,0.0541153
-0.001,0.758171,0.0679748
-0.0006,0.878467,0.0711516
-0.0002,1.12039,0.081744
0.0002,0.981632,0.0788227
0.0006,0.827216,0.0716259
0.001,0.615575,0.0644375
0.0014,0.291531,0.0431918
0.0018,0.150516,0.0304991
0.0022,0.0873832,0.0248182
0.0026,0.0533795,0.018629
0.003,0.030606,0.0137253
0.0034,0.0122405,0.00867111
0.0038,0.00660223,0.00661517
0.0042,0.00608081,0.00609178
0.0046,0.00648739,0.00649989
0.005,0,0
0.0054,0,0
0.0058,0,0
0.0062,0,0
0.0066,0.00618363,0.00619498
0.007,0,0
0.0074,0.00608703,0.00609804
0.0078,0,0
0.0082,0,0
0.0086,0.0040402,0.00492177
0.009,0.00605767,0.00606857
0.0094,0,0
0.0098,0.00603017,0.00604097
0.0102,0.00621993,0.00623143
0.0106,0.0171227,0.0101194
0.011,0,0
0.0114,0,0
0.0118,0.00626267,0.00627433
0.0122,0,0
0.0126,0,0
0.013,0,0
0.0134,0,0
0.0138,0,0
0.0142,0,0
0.0146,0,0
0.015,0.00654496,0.00655769
0.0154,0,0
0.0158,0.0059948,0.00600549
0.0162,0,0
0.0166,0.00584434,0.0058545
0.017,0,0
0.0174,0,0
0.0178,0,0
0.0182,0,0
0.0186,0,0
0.019,0,0
0.0194,0.00655268,0.00656545
0.0198,0.000175872,0.00109005
0.0202,0,0
0.0206,0,0
0.021,0,0
0.0214,0.0126974,0.0089954
0.0218,0.00628233,0.00629408
0.0222,0,0
0.0226,0,0
0.023,0.0062779,0.00628962
0.0234,0,0
0.0238,0,0
0.0242,0,0
0.0246,0,0
0.025,0,0
0.0254,0,0
0.0258,0.00435424,0.00516587
0.0262,0,0
0.0266,0,0
0.027,0.00299776,0.00411995
0.0274,0,0
0.0278,0,0
0.0282,0,0
0.0286,0,0
0.029,0,0
0.0294,0,0
0.0298,0,0
0.0302,0.00582972,0.00583984
0.0306,0,0
0.031,0,0
0.0314,0,0
0.0318,0,0
0.0322,0,0
0.0326,0,0
0.033,0,0
0.0334,0,0
0.0338,0,0
0.0342,0,0
0.0346,0,0
0.035,0,0
0.0354,0,0
0.0358,0,0
0.0362,0,0
0.0366,0,0
0.037,0,0
0.0374,0.00662274,0.00663581
0.0378,0,0
0.0382,0,0
0.0386,0.0059907,0.00600139
0.039,0,0
0.0394,0,0
0.0398,0,0
0.0402,0,0
0.0406,0,0
0.041,0.00597568,0.00598688
0.0414,0,0
0.0418,0.00578448,0.00579445
0.0422,0,0
0.0426,0,0
0.043,0,0
0.0434,0,0
0.0438,0,0
0.0442,0,0
0.0446,0,0
0.045,0,0
0.0454,0,0
0.0458,0,0
0.0462,0,0
0.0466,0,0
0.047,0,0
0.0474,0,0
0.0478,0,0
0.0482,0,0
0.0486,0,0
0.049,0,0
0.0494,0.00367329,0.00465077
0.0498,0,0
0.0502,0,0
0.0506,0,0
0.051,0.00618208,0.00619348
0.0514,0,0
0.0518,0,0
0.0522,0,0
0.0526,0,0
0.053,0,0
0.0534,0,0
0.0538,0.00643079,0.00644312
0.0542,0,0
0.0546,0.00656317,0.00657602
0.055,0,0
0.0554,0,0
0.0558,0,0
0.0562,0,0
0.0566,0,0
0.057,0,0
0.0574,0,0
0.0578,0,0
0.0582,0,0
0.0586,0,0
0.059,0,0
0.0594,0,0
0.0598,0,0
0.0602,0,0
0.0606,0,0
0.061,0.00597404,0.00598469
0.0614,0,0
0.0618,0,0
0.0622,0,0
0.0626,0,0
0.063,0,0
0.0634,0,0
0.0638,0.00322066,0.00423827
0.0642,0,0
0.0646,0,0
0.065,0,0
0.0654,0,0
0.0658,0,0
0.0662,0,0
0.0666,0,0
0.067,0.00607268,0.00608369
0.0674,0,0
0.0678,0,0
0.0682,0,0
0.0686,0,0
0.069,0,0
0.0694,0,0
0.0698,0,0
0.0702,0,0
0.0706,0,0
0.071,0,0
0.0714,0,0
0.0718,0,0
0.0722,0,0
0.0726,0,0
0.073,0,0
0.0734,0.0128027,0.0090702
0.0738,0.00574564,0.0057555
0.0742,0,0
0.0746,0,0
0.075,0,0
0.0754,0,0
0.0758,0,0
0.0762,0,0
0.0766,0,0
0.077,0,0
0.0774,0,0
0.0778,0,0
0.0782,0,0
0.0786,0,0
0.079,0,0
0.0794,0,0
0.0798,0.00614577,0.00615705
0.0802,0,0
0.0806,0,0
0.081,0,0
0.0814,0,0
0.0818,0,0
0.0822,0,0
0.0826,0.00564811,0.00565763
0.083,0,0
0.0834,0,0
0.0838,0,0
0.0842,0,0
0.0846,0,0
0.085,0,0
0.0854,0,0
0.0858,0,0
0.0862,0,0
0.0866,0,0
0.087,0,0
0.0874,0,0
0.0878,0,0
0.0882,0,0
0.0886,0,0
0.089,0,0
0.0894,0.00563339,0.00564286
0.0898,0,0
0.0902,0.00665272,0.00666593
0.0906,0,0
0.091,0,0
0.0914,0,0
0.0918,0,0
0.0922,0,0
0.0926,0,0
0.093,0,0
0.0934,0,0
0.0938,0,0
0.0942,0,0
0.0946,0.00630503,0.00631689
0.095,0,0
0.0954,0,0
0.0958,0,0
0.0962,0,0
0.0966,0,0
0.097,0.0061329,0.00614413
0.0974,0,0
0.0978,0,0
0.0982,0,0
0.0986,0,0
0.099,0,0
0.0994,0,0
0.0998,0,0
0.1002,0,0
0.1006,0,0
0.101,0,0
0.1014,0.0126018,0.00892756
0.1018,0,0
0.1022,0,0
0.1026,0,0
0.103,0,0
0.1034,0,0
0.1038,0,0
0.1042,0,0
0.1046,0,0
0.105,0.00535849,0.00626943
0.1054,0.00724012,0.00747352
0.1058,0,0
0.1062,0,0
0.1066,0,0
0.107,0,0
0.1074,0,0
0.1078,0,0
0.1082,0,0
0.1086,0,0
0.109,0.0170601,0.012094
0.1094,0.00800176,0.0081781
0.1098,0,0
0.1102,0,0
0.1106,0,0
0.111,0,0
0.1114,0,0
0.1118,0,0
0.1122,0,0
0.1126,0,0
0.113,0,0
0.1134,0,0
0.1138,0,0
0.1142,0.00668038,0.00778857
0.1146,0,0
0.115,0,0
0.1154,0,0
0.1158,0,0
0.1162,0,0
0.1166,0,0
0.117,0,0
0.1174,0,0
0.1178,0,0
0.1182,0,0
0.1186,0,0
0.119,0,0
0.1194,0.0104991,0.0105318
0.1198,0,0
5
-0.1198,0,0
-0.1194,0,0
-0.119,0,0
-0.1186,0,0
-0.1182,0,0
-0.1178,0,0
-0.1174,0,0
-0.117,0,0
-0.1166,0,0
-0.1162,0,0
-0.1158,0,0
-0.1154,0,0
-0.115,0,0
-0.1146,0.00176802,0.00319027
-0.1142,0,0
-0.1138,0.00583298,0.00584329
-0.1134,0,0
-0.113,0,0
-0.1126,0.00626293,0.00641952
-0.1122,0,0
-0.1118,0,0
-0.1114,0,0
-0.111,0,0
-0.1106,0,0
-0.1102,0,0
-0.1098,0,0
-0.1094,0,0
-0.109,0,0
-0.1086,0,0
-0.1082,0,0
-0.1078,0,0
-0.1074,0,0
-0.107,0,0
-0.1066,0,0
-0.1062,0.00435571,0.00533687
-0.1058,0,0
-0.1054,0.00674192,0.00675561
-0.105,0,0
-0.1046,0,0
-0.1042,0,0
-0.1038,0.00598692,0.0059977
-0.1034,0.00625947,0.00627125
-0.103,0,0
-0.1026,0,0
-0.1022,0,0
-0.1018,0,0
-0.1014,0,0
-0.101,0,0
-0.1006,0,0
-0.1002,0,0
-0.0998,0,0
-0.0994,0,0
-0.099,0.00660679,0.00661987
-0.0986,0,0
-0.0982,0,0
-0.0978,0,0
-0.0974,0,0
-0.097,0,0
-0.0966,0,0
-0.0962,0,0
-0.0958,0,0
-0.0954,0,0
-0.095,0,0
-0.0946,0,0
-0.0942,0,0
-0.0938,0,0
-0.0934,0,0
-0.093,0,0
-0.0926,0,0
-0.0922,0,0
-0.0918,0,0
-0.0914,0,0
-0.091,0,0
-0.0906,0,0
-0.0902,0,0
-0.0898,0,0
-0.0894,0,0
-0.089,0,0
-0.0886,0,0
-0.0882,0,0
-0.0878,0,0
-0.0874,0,0
-0.087,0,0
-0.0866,0,0
-0.0862,0,0
-0.0858,0,0
-0.0854,0.00690868,0.00692286
-0.085,0,0
-0.0846,0,0
-0.0842,0,0
-0.0838,0,0
-0.0834,0,0
-0.083,0,0
-0.0826,0,0
-0.0822,0,0
-0.0818,0,0
-0.0814,0,0
-0.081,0,0
-0.0806,0,0
-0.0802,0,0
-0.0798,0,0
-0.0794,0,0
-0.079,0,0
-0.0786,0,0
-0.0782,0.00609104,0.00610202
-0.0778,0,0
-0.0774,0,0
-0.077,0.00641267,0.00642483
-0.0766,0.00116577,0.00292231
-0.0762,0,0
-0.0758,0.00457743,0.00544524
-0.0754,0,0
-0.075,0.00605974,0.00607059
-0.0746,0,0
-0.0742,0,0
-0.0738,0,0
-0.0734,0,0
-0.073,0,0
-0.0726,0,0
-0.0722,0,0
-0.0718,0.00607851,0.00608941
-0.0714,0,0
-0.071,0,0
-0.0706,0,0
-0.0702,0,0
-0.0698,0,0
-0.0694,0,0
-0.069,0,0
-0.0686,0,0
-0.0682,0,0
-0.0678,0,0
-0.0674,0,0
-0.067,0,0
-0.0666,0,0
-0.0662,0,0
-0.0658,0,0
-0.0654,0,0
-0.065,0,0
-0.0646,0,0
-0.0642,0,0
-0.0638,0,0
-0.0634,0.0066804,0.00669351
-0.063,0.00589485,0.00590506
-0.0626,0,0
-0.0622,0,0
-0.0618,0,0
-0.0614,0,0
-0.061,0,0
-0.0606,0,0
-0.0602,0,0
-0.0598,0,0
-0.0594,0,0
-0.059,0,0
-0.0586,0,0
-0.0582,0.00568568,0.00569516
-0.0578,0,0
-0.0574,0,0
-0.057,0,0
-0.0566,0,0
-0.0562,0,0
-0.0558,0,0
-0.0554,0,0
-0.055,0,0
-0.0546,0,0
-0.0542,0,0
-0.0538,0,0
-0.0534,0,0
-0.053,0,0
-0.0526,0,0
-0.0522,0,0
-0.0518,0,0
-0.0514,0,0
-0.051,0,0
-0.0506,0,0
-0.0502,0,0
-0.0498,0,0
-0.0494,0,0
-0.049,0,0
-0.0486,0,0
-0.0482,0,0
-0.0478,0,0
-0.0474,0.0118594,0.00862744
-0.047,0,0
-0.0466,0,0
-0.0462,0,0
-0.0458,0,0
-0.0454,0,0
-0.045,0,0
-0.0446,0.00644047,0.00645257
-0.0442,0,0
-0.0438,0,0
-0.0434,0,0
-0.043,0,0
-0.0426,0,0
-0.0422,0.00697923,0.00669024
-0.0418,0,0
-0.0414,0,0
-0.041,0,0
-0.0406,0,0
-0.0402,0,0
-0.0398,0,0
-0.0394,0,0
-0.039,0,0
-0.0386,0,0
-0.0382,0,0
-0.0378,0,0
-0.0374,0.00667047,0.00668341
-0.037,0,0
-0.0366,0,0
-0.0362,0,0
-0.0358,0.00647029,0.00648246
-0.0354,0,0
-0.035,0,0
-0.0346,0,0
-0.0342,0,0
-0.0338,0.00620292,0.0062141
-0.0334,0,0
-0.033,0.00628077,0.00629223
-0.0326,0,0
-0.0322,0,0
-0.0318,0,0
-0.0314,0,0
-0.031,0,0
-0.0306,0.00727353,0.00728889
-0.0302,0,0
-0.0298,0,0
-0.0294,0,0
-0.029,0,0
-0.0286,0.00643443,0.00644644
-0.0282,0,0
-0.0278,0,0
-0.0274,0,0
-0.027,0,0
-0.0266,0,0
-0.0262,0,0
-0.0258,0,0
-0.0254,0,0
-0.025,0,0
-0.0246,0,0
-0.0242,0,0
-0.0238,0,0
-0.0234,0,0
-0.023,0,0
-0.0226,0,0
-0.0222,0,0
-0.0218,0,0
-0.0214,0,0
-0.021,0,0
-0.0206,0.00649735,0.00650958
-0.0202,0,0
-0.0198,0,0
-0.0194,0.00578979,0.0057995
-0.019,0,0
-0.0186,0,0
-0.0182,0.00663995,0.00665271
-0.0178,0.00670806,0.00672108
-0.0174,0,0
-0.017,0,0
-0.0166,0,0
-0.0162,0.00619972,0.00621084
-0.0158,0.00179068,0.00351728
-0.0154,0,0
-0.015,0,0
-0.0146,0,0
-0.0142,0.00687051,0.00688416
-0.0138,0,0
-0.0134,0,0
-0.013,0,0
-0.0126,0.0069821,0.00699619
-0.0122,0.00355785,0.00482218
-0.0118,0,0
-0.0114,0,0
-0.011,0,0
-0.0106,0.00663637,0.0066491
-0.0102,0,0
-0.0098,0,0
-0.0094,0.00619828,0.00620938
-0.009,0.0118766,0.00842057
-0.0086,0,0
-0.0082,0.00663893,0.00665166
-0.0078,0,0
-0.0074,0,0
-0.007,0.00623588,0.00624711
-0.0066,0,0
-0.0062,0,0
-0.0058,0.00624332,0.00625458
-0.0054,0.00680082,0.00681417
-0.005,0.00691607,0.00692988
-0.0046,0.0118164,0.00836973
-0.0042,0.0318631,0.0142759
-0.0038,0.0281436,0.0141005
-0.0034,0.0551754,0.0184683
-0.003,0.0458875,0.016251
-0.0026,0.0970025,0.0251504
-0.0022,0.198108,0.0367559
-0.0018,0.323486,0.0471494
-0.0014,0.726041,0.0690389
-0.001,0.851321,0.0732245
-0.0006,1.11238,0.0812454
-0.0002,1.16778,0.0845841
0.0002,1.34495,0.0935562
0.0006,0.720349,0.0676771
0.001,0.537467,0.0604768
0.0014,0.277331,0.0425144
0.0018,0.201486,0.0357737
0.0022,0.137781,0.0315188
0.0026,0.0710593,0.0219316
0.003,0.021832,0.0117493
0.0034,0.0190866,0.011041
0.0038,0.0135922,0.00962997
0.0042,0.032135,0.0144054
0.0046,0,0
0.005,0.0209929,0.012145
0.0054,0.0185869,0.0107514
0.0058,0,0
0.0062,0,0
0.0066,0,0
0.007,0,0
0.0074,0,0
0.0078,0.0244045,0.0122238
0.0082,0,0
0.0086,0,0
0.009,0,0
0.0094,0,0
0.0098,0.0061831,0.00619413
0.0102,0,0
0.0106,0.0067237,0.00635393
0.011,0,0
0.0114,0.00652293,0.0065352
0.0118,0.00644952,0.00646153
0.0122,0.00659468,0.00660723
0.0126,0,0
0.013,0,0
0.0134,0,0
0.0138,0.00637067,0.00638238
0.0142,0,0
0.0146,0.0126898,0.00901427
0.015,0,0
0.0154,0,0
0.0158,0.00603494,0.00604545
0.0162,0,0
0.0166,0,0
0.017,0,0
0.0174,0,0
0.0178,0.00585382,0.00586371
0.0182,0,0
0.0186,0.00713614,0.00715083
0.019,0,0
0.0194,0,0
0.0198,0,0
0.0202,0,0
0.0206,0,0
0.021,0,0
0.0214,0,0
0.0218,0,0
0.0222,0,0
0.0226,0,0
0.023,0,0
0.0234,0.00660918,0.00662178
0.0238,0,0
0.0242,0,0
0.0246,0,0
0.025,0,0
0.0254,0,0
0.0258,0,0
0.0262,0,0
0.0266,0,0
0.027,0.00855272,0.00706893
0.0274,0,0
0.0278,0,0
0.0282,0,0
0.0286,0,0
0.029,0.00577094,0.00578055
0.0294,0,0
0.0298,0,0
0.0302,0.00601821,0.00602865
0.0306,0,0
0.031,0,0
0.0314,0,0
0.0318,0,0
0.0322,0,0
0.0326,0,0
0.033,0,0
0.0334,0.00655278,0.00656517
0.0338,0,0
0.0342,0,0
0.0346,0,0
0.035,0,0
0.0354,0,0
0.0358,0,0
0.0362,0,0
0.0366,0,0
0.037,0,0
0.0374,0.00573214,0.00574162
0.0378,0,0
0.0382,0,0
0.0386,0,0
0.039,0,0
0.0394,0.0065518,0.00656417
0.0398,0,0
0.0402,0,0
0.0406,0,0
0.041,1.1586e-06,8.47825e-05
0.0414,0,0
0.0418,0,0
0.0422,0,0
0.0426,0.00597973,0.00599003
0.043,0.00617159,0.00618256
0.0434,0.00635197,0.00636359
0.0438,0,0
0.0442,0,0
0.0446,0,0
0.045,0,0
0.0454,0,0
0.0458,0,0
0.0462,0.00641483,0.00642668
0.0466,0,0
0.047,0.00606868,0.00607928
0.0474,0,0
0.0478,0.00628813,0.00629951
0.0482,0,0
0.0486,0,0
0.049,0,0
0.0494,0,0
0.0498,0,0
0.0502,0,0
0.0506,0,0
0.051,0,0
0.0514,0,0
0.0518,0.0063759,0.00638759
0.0522,0,0
0.0526,0,0
0.053,0,0
0.0534,0.00667138,0.00668418
0.0538,0,0
0.0542,0,0
0.0546,0,0
0.055,0,0
0.0554,0,0
0.0558,0,0
0.0562,0,0
0.0566,0.00622296,0.00623409
0.057,0,0
0.0574,0,0
0.0578,0.00597075,0.00598099
0.0582,0,0
0.0586,0,0
0.059,0,0
0.0594,0,0
0.0598,0,0
0.0602,0.0062471,0.0062583
0.0606,0,0
0.061,0,0
0.0614,0,0
0.0618,0,0
0.0622,0.0061432,0.00615403
0.0626,0.00638684,0.00639854
0.063,0,0
0.0634,0,0
0.0638,0,0
0.0642,0,0
0.0646,0,0
0.065,0,0
0.0654,0,0
0.0658,0,0
0.0662,0,0
0.0666,0,0
0.067,0,0
0.0674,0,0
0.0678,0,0
0.0682,0,0
0.0686,0,0
0.069,0,0
0.0694,0,0
0.0698,0,0
0.0702,0,0
0.0706,0,0
0.071,0,0
0.0714,0.00697301,0.00698693
0.0718,0,0
0.0722,0,0
0.0726,0,0
0.073,0,0
0.0734,0,0
0.0738,0,0
0.0742,0,0
0.0746,0.00648858,0.00650062
0.075,0,0
0.0754,0.00600109,0.00601139
0.0758,0,0
0.0762,0,0
0.0766,0,0
0.077,0,0
0.0774,0,0
0.0778,0,0
0.0782,0.012,0.00849988
0.0786,0,0
0.079,0,0
0.0794,0,0
0.0798,0,0
0.0802,0,0
0.0806,0,0
0.081,0,0
0.0814,0.00580983,0.00581947
0.0818,0,0
0.0822,0.00591139,0.00592136
0.0826,0,0
0.083,0,0
0.0834,0,0
0.0838,0,0
0.0842,0,0
0.0846,0,0
0.085,0,0
0.0854,0,0
0.0858,0,0
0.0862,0,0
0.0866,0,0
0.087,0,0
0.0874,0,0
0.0878,0,0
0.0882,0,0
0.0886,0,0
0.089,0,0
0.0894,0,0
0.0898,0,0
0.0902,0,0
0.0906,0,0
0.091,0.0065201,0.00653218
0.0914,0,0
0.0918,0,0
0.0922,0,0
0.0926,0,0
0.093,0,0
0.0934,0,0
0.0938,0,0
0.0942,0.00671997,0.00673279
0.0946,0.0066275,0.00663997
0.095,0,0
0.0954,0,0
0.0958,0,0
0.0962,0,0
0.0966,0,0
0.097,0,0
0.0974,0,0
0.0978,0,0
0.0982,0,0
0.0986,0,0
0.099,0,0
0.0994,0,0
0.0998,0,0
0.1002,0,0
0.1006,0,0
0.101,0,0
0.1014,0,0
0.1018,0,0
0.1022,0,0
0.1026,0.00769263,0.00770937
0.103,0,0
0.1034,0,0
0.1038,0,0
0.1042,0,0
0.1046,0,0
0.105,0.00205188,0.00398479
0.1054,0,0
0.1058,0,0
0.1062,0,0
0.1066,0,0
0.107,0,0
0.1074,0.00983564,0.00986292
0.1078,0,0
0.1082,0,0
0.1086,0,0
0.109,0,0
0.1094,0,0
0.1098,0,0
0.1102,0.00477822,0.00641767
0.1106,0,0
0.111,0,0
0.1114,0,0
0.1118,0,0
0.1122,0,0
0.1126,0,0
0.113,0,0
0.1134,0,0
0.1138,0,0
0.1142,0.0024883,0.00488962
0.1146,0,0
0.115,0,0
0.1154,0,0
0.1158,0,0
0.1162,0,0
0.1166,0,0
0.117,0,0
0.1174,0,0
0.1178,0,0
0.1182,0,0
0.1186,0,0
0.119,0,0
0.1194,0,0
0.1198,0,0
6
-0.1198,0,0
-0.1194,0,0
-0.119,0,0
-0.1186,0,0
-0.1182,0,0
-0.1178,0,0
-0.1174,0,0
-0.117,0,0
-0.1166,0,0
-0.1162,0,0
-0.1158,0,0
-0.1154,0,0
-0.115,0,0
-0.1146,0,0
-0.1142,0.0051959,0.00520508
-0.1138,0.00140425,0.00270637
-0.1134,0,0
-0.113,0,0
-0.1126,0.000259397,0.00123333
-0.1122,0,0
-0.1118,0,0
-0.1114,0,0
-0.111,0,0
-0.1106,0,0
-0.1102,0,0
-0.1098,0,0
-0.1094,0,0
-0.109,0,0
-0.1086,0,0
-0.1082,0,0
-0.1078,0,0
-0.1074,0,0
-0.107,0,0
-0.1066,0,0
-0.1062,0.00192345,0.00334838
-0.1058,0,0
-0.1054,0,0
-0.105,0,0
-0.1046,0,0
-0.1042,0,0
-0.1038,0,0
-0.1034,0,0
-0.103,0,0
-0.1026,0,0
-0.1022,0.00547262,0.00548271
-0.1018,0.00539346,0.00540325
-0.1014,0,0
-0.101,0.00589649,0.00590819
-0.1006,0,0
-0.1002,0,0
-0.0998,0,0
-0.0994,0,0
-0.099,0,0
-0.0986,0,0
-0.0982,0,0
-0.0978,0,0
-0.0974,0,0
-0.097,0,0
-0.0966,0,0
-0.0962,0,0
-0.0958,0,0
-0.0954,0,0
-0.095,0,0
-0.0946,0,0
-0.0942,0,0
-0.0938,0,0
-0.0934,0,0
-0.093,0,0
-0.0926,0,0
-0.0922,0,0
-0.0918,0,0
-0.0914,0,0
-0.091,0,0
-0.0906,0,0
-0.0902,0,0
-0.0898,0,0
-0.0894,0.00577655,0.00578767
-0.089,0,0
-0.0886,0,0
-0.0882,0,0
-0.0878,0,0
-0.0874,0,0
-0.087,0,0
-0.0866,0,0
-0.0862,0,0
-0.0858,0,0
-0.0854,0,0
-0.085,0,0
-0.0846,0,0
-0.0842,0,0
-0.0838,0,0
-0.0834,0,0
-0.083,0,0
-0.0826,0,0
-0.0822,0,0
-0.0818,0,0
-0.0814,0,0
-0.081,0,0
-0.0806,0,0
-0.0802,0,0
-0.0798,0,0
-0.0794,0,0
-0.079,0,0
-0.0786,0,0
-0.0782,0,0
-0.0778,0,0
-0.0774,0,0
-0.077,0,0
-0.0766,0,0
-0.0762,0,0
-0.0758,0,0
-0.0754,0,0
-0.075,0.00569114,0.00570209
-0.0746,0,0
-0.0742,0,0
-0.0738,0,0
-0.0734,0,0
-0.073,0,0
-0.0726,0,0
-0.0722,0,0
-0.0718,0,0
-0.0714,0,0
-0.071,0,0
-0.0706,0,0
-0.0702,0,0
-0.0698,0,0
-0.0694,0,0
-0.069,0.00532027,0.00532989
-0.0686,0,0
-0.0682,0,0
-0.0678,0.00543301,0.00544305
-0.0674,0,0
-0.067,0,0
-0.0666,0,0
-0.0662,0,0
-0.0658,0,0
-0.0654,0,0
-0.065,0,0
-0.0646,0,0
-0.0642,0,0
-0.0638,0,0
-0.0634,0,0
-0.063,0,0
-0.0626,0,0
-0.0622,0,0
-0.0618,0,0
-0.0614,0,0
-0.061,0,0
-0.0606,0,0
-0.0602,0,0
-0.0598,0.00531846,0.00532815
-0.0594,0,0
-0.059,0,0
-0.0586,0,0
-0.0582,0,0
-0.0578,0,0
-0.0574,0,0
-0.057,0,0
-0.0566,0,0
-0.0562,0,0
-0.0558,0,0
-0.0554,0,0
-0.055,0,0
-0.0546,0.00532679,0.00533655
-0.0542,0,0
-0.0538,0.004715,0.00472266
-0.0534,0,0
-0.053,0,0
-0.0526,0,0
-0.0522,0,0
-0.0518,0,0
-0.0514,0,0
-0.051,0,0
-0.0506,0,0
-0.0502,0,0
-0.0498,0,0
-0.0494,0,0
-0.049,0,0
-0.0486,0,0
-0.0482,0,0
-0.0478,0,0
-0.0474,0,0
-0.047,0.00557776,0.00558852
-0.0466,0,0
-0.0462,0,0
-0.0458,0.00540634,0.00541646
-0.0454,0,0
-0.045,0,0
-0.0446,0,0
-0.0442,0,0
-0.0438,0,0
-0.0434,0,0
-0.043,0,0
-0.0426,0,0
-0.0422,0,0
-0.0418,0.0054764,0.00548682
-0.0414,0,0
-0.041,0,0
-0.0406,0,0
-0.0402,0,0
-0.0398,0,0
-0.0394,0,0
-0.039,0,0
-0.0386,0,0
-0.0382,0,0
-0.0378,0,0
-0.0374,0,0
-0.037,0,0
-0.0366,0,0
-0.0362,0.00512979,0.00513896
-0.0358,0,0
-0.0354,0,0
-0.035,0,0
-0.0346,0,0
-0.0342,0,0
-0.0338,0,0
-0.0334,0,0
-0.033,0,0
-0.0326,0,0
-0.0322,0,0
-0.0318,0,0
-0.0314,0,0
-0.031,0,0
-0.0306,0,0
-0.0302,0,0
-0.0298,0,0
-0.0294,0,0
-0.029,0,0
-0.0286,0,0
-0.0282,0,0
-0.0278,0,0
-0.0274,0,0
-0.027,0,0
-0.0266,0,0
-0.0262,0,0
-0.0258,0,0
-0.0254,0,0
-0.025,0,0
-0.0246,0,0
-0.0242,0,0
-0.0238,0,0
-0.0234,0,0
-0.023,0,0
-0.0226,0,0
-0.0222,0,0
-0.0218,0,0
-0.0214,0,0
-0.021,0,0
-0.0206,0,0
-0.0202,0,0
-0.0198,0,0
-0.0194,0,0
-0.019,0,0
-0.0186,0,0
-0.0182,0,0
-0.0178,0,0
-0.0174,0,0
-0.017,0,0
-0.0166,0,0
-0.0162,0,0
-0.0158,0,0
-0.0154,0,0
-0.015,0,0
-0.0146,0,0
-0.0142,0,0
-0.0138,0,0
-0.0134,0.00555043,0.00556128
-0.013,0,0
-0.0126,0,0
-0.0122,0.005342,0.00535205
-0.0118,0,0
-0.0114,0,0
-0.011,0,0
-0.0106,0,0
-0.0102,0,0
-0.0098,0,0
-0.0094,0,0
-0.009,0,0
-0.0086,0,0
-0.0082,0,0
-0.0078,0,0
-0.0074,0,0
-0.007,0,0
-0.0066,0.00526756,0.00527735
-0.0062,0,0
-0.0058,0,0
-0.0054,0.0109762,0.00777704
-0.005,0,0
-0.0046,0.00482845,0.00483668
-0.0042,0.0052071,0.00521667
-0.0038,0.00574828,0.00575995
-0.0034,0.020569,0.0103208
-0.003,0.0186335,0.00933238
-0.0026,0.0266715,0.0119721
-0.0022,0.0491778,0.0164245
-0.0018,0.122542,0.0261994
-0.0014,0.181229,0.0311495
-0.001,0.209998,0.0328631
-0.0006,0.326549,0.0396759
-0.0002,0.386117,0.0440719
0.0002,0.380545,0.0449417
0.0006,0.395983,0.0452255
0.001,0.283277,0.0397757
0.0014,0.229087,0.0350319
0.0018,0.137505,0.0265619
0.0022,0.147492,0.029571
0.0026,0.0693918,0.019297
0.003,0.0257391,0.011532
0.0034,0.0267226,0.0119755
0.0038,0.0268571,0.0120434
0.0042,0.0102177,0.00723807
0.0046,0,0
0.005,0.00566121,0.00567253
0.0054,0.0204144,0.0102307
0.0058,0.0148745,0.0086029
0.0062,0,0
0.0066,0.00518078,0.00519026
0.007,0,0
0.0074,0,0
0.0078,0.00497462,0.00498335
0.0082,0.00481279,0.00482097
0.0086,0.00502835,0.00503727
0.009,0,0
0.0094,0,0
0.0098,0.00507871,0.00508781
0.0102,0,0
0.0106,0.00524129,0.00525097
0.011,0,0
0.0114,0,0
0.0118,0,0
0.0122,0,0
0.0126,0,0
0.013,0,0
0.0134,0,0
0.0138,0,0
0.0142,0,0
0.0146,4.75701e-05,0.000492749
0.015,0,0
0.0154,0,0
0.0158,0,0
0.0162,0,0
0.0166,0,0
0.017,0,0
0.0174,0,0
0.0178,0,0
0.0182,0,0
0.0186,0,0
0.019,0,0
0.0194,0,0
0.0198,0,0
0.0202,0,0
0.0206,0,0
0.021,0,0
0.0214,0,0
0.0218,0,0
0.0222,0,0
0.0226,0,0
0.023,0,0
0.0234,0.00549887,0.00550935
0.0238,0,0
0.0242,0,0
0.0246,0,0
0.025,0,0
0.0254,0,0
0.0258,0,0
0.0262,0,0
0.0266,0,0
0.027,0,0
0.0274,0,0
0.0278,0,0
0.0282,0,0
0.0286,0.00509274,0.00543051
0.029,0.0101397,0.00718941
0.0294,0,0
0.0298,0,0
0.0302,0,0
0.0306,0,0
0.031,0,0
0.0314,0,0
0.0318,0,0
0.0322,0,0
0.0326,0.00534053,0.00535027
0.033,0.00562049,0.00563127
0.0334,0,0
0.0338,0,0
0.0342,0,0
0.0346,0,0
0.035,0,0
0.0354,0,0
0.0358,0,0
0.0362,0,0
0.0366,0.00572687,0.00573799
0.037,0,0
0.0374,0,0
0.0378,0,0
0.0382,0,0
0.0386,0,0
0.039,0,0
0.0394,0.0036958,0.00440874
0.0398,0,0
0.0402,0,0
0.0406,0,0
0.041,0,0
0.0414,0,0
0.0418,0.0051251,0.00513393
0.0422,0,0
0.0426,0,0
0.043,0,0
0.0434,0,0
0.0438,0,0
0.0442,0,0
0.0446,0,0
0.045,0.00528498,0.00529433
0.0454,0,0
0.0458,0,0
0.0462,0,0
0.0466,0,0
0.047,0,0
0.0474,0.00377622,0.00459378
0.0478,0,0
0.0482,0,0
0.0486,0,0
0.049,0,0
0.0494,0,0
0.0498,0,0
0.0502,0,0
0.0506,0,0
0.051,0,0
0.0514,0,0
0.0518,0,0
0.0522,0,0
0.0526,0,0
0.053,0.00583786,0.00584912
0.0534,0.00581,0.00582114
0.0538,0,0
0.0542,0,0
0.0546,0,0
0.055,0,0
0.0554,0,0
0.0558,0,0
0.0562,0,0
0.0566,0,0
0.057,0,0
0.0574,0,0
0.0578,0,0
0.0582,0,0
0.0586,0,0
0.059,0,0
0.0594,0,0
0.0598,0.00524325,0.00525224
0.0602,0,0
0.0606,0,0
0.061,0.00546351,0.00547325
0.0614,0,0
0.0618,0,0
0.0622,0,0
0.0626,0,0
0.063,0,0
0.0634,0,0
0.0638,0,0
0.0642,0,0
0.0646,0,0
0.065,0,0
0.0654,0,0
0.0658,0,0
0.0662,0,0
0.0666,0,0
0.067,0,0
0.0674,0,0
0.0678,0.00522384,0.00523265
0.0682,0,0
0.0686,0,0
0.069,0,0
0.0694,0,0
0.0698,0.00234313,0.00360132
0.0702,0,0
0.0706,0,0
0.071,0,0
0.0714,0,0
0.0718,0,0
0.0722,0.00526181,0.00527069
0.0726,0,0
0.073,0,0
0.0734,0,0
0.0738,0,0
0.0742,0,0
0.0746,0,0
0.075,0,0
0.0754,0,0
0.0758,0.0021685,0.00353155
0.0762,0,0
0.0766,0,0
0.077,0,0
0.0774,0,0
0.0778,0,0
0.0782,0,0
0.0786,0,0
0.079,0,0
0.0794,0.0018038,0.00313906
0.0798,0.00578401,0.00579462
0.0802,0,0
0.0806,0,0
0.081,0,0
0.0814,0,0
0.0818,0,0
0.0822,0,0
0.0826,0,0
0.083,0,0
0.0834,0,0
0.0838,0,0
0.0842,0,0
0.0846,0,0
0.085,0,0
0.0854,0,0
0.0858,0,0
0.0862,0,0
0.0866,0,0
0.087,0,0
0.0874,0,0
0.0878,0,0
0.0882,0,0
0.0886,0,0
0.089,0,0
0.0894,0,0
0.0898,0,0
0.0902,0,0
0.0906,0,0
0.091,0,0
0.0914,0,0
0.0918,0,0
0.0922,0,0
0.0926,0,0
0.093,0,0
0.0934,0,0
0.0938,0,0
0.0942,0,0
0.0946,0,0
0.095,0,0
0.0954,0.00586383,0.0058745
0.0958,0.00620414,0.00621608
0.0962,0,0
0.0966,0,0
0.097,0,0
0.0974,0,0
0.0978,0,0
0.0982,0,0
0.0986,0.00633076,0.00634314
0.099,0.00642415,0.00643689
0.0994,0,0
0.0998,0,0
0.1002,0,0
0.1006,0,0
0.101,0,0
0.1014,0,0
0.1018,0,0
0.1022,0,0
0.1026,0,0
0.103,0,0
0.1034,0,0
0.1038,0.00645781,0.00647062
0.1042,0,0
0.1046,0,0
0.105,0,0
0.1054,0,0
0.1058,0.00751065,0.00752795
0.1062,0,0
0.1066,0,0
0.107,0,0
0.1074,0,0
0.1078,0,0
0.1082,0,0
0.1086,0,0
0.109,0,0
0.1094,0,0
0.1098,0,0
0.1102,0.00349665,0.00526634
0.1106,0,0
0.111,0,0
0.1114,0,0
0.1118,0,0
0.1122,0,0
0.1126,0,0
0.113,0,0
0.1134,0,0
0.1138,0,0
0.1142,0.00876862,0.00879218
0.1146,0,0
0.115,0,0
0.1154,0,0
0.1158,0,0
0.1162,0,0
0.1166,0,0
0.117,0,0
0.1174,0,0
0.1178,0,0
0.1182,0,0
0.1186,0,0
0.119,0,0
0.1194,0.0101468,0.0101785
0.1198,0,0
7
-0.1198,0,0
-0.1194,0,0
-0.119,0,0
-0.1186,0,0
-0.1182,0,0
-0.1178,0,0
-0.1174,0,0
-0.117,0,0
-0.1166,0,0
-0.1162,0,0
-0.1158,0,0
-0.1154,0,0
-0.115,0,0
-0.1146,0,0
-0.1142,0,0
-0.1138,0.00371674,0.00435833
-0.1134,0,0
-0.113,0,0
-0.1126,0,0
-0.1122,0.0123864,0.00877738
-0.1118,0,0
-0.1114,0.00024207,0.00111987
-0.111,0,0
-0.1106,0,0
-0.1102,0,0
-0.1098,0,0
-0.1094,0,0
-0.109,0,0
-0.1086,0,0
-0.1082,0,0
-0.1078,0,0
-0.1074,0,0
-0.107,0,0
-0.1066,0,0
-0.1062,0,0
-0.1058,0,0
-0.1054,0,0
-0.105,0,0
-0.1046,0.00568204,0.00569333
-0.1042,0,0
-0.1038,0,0
-0.1034,0,0
-0.103,0,0
-0.1026,0,0
-0.1022,0,0
-0.1018,0,0
-0.1014,0,0
-0.101,0,0
-0.1006,0,0
-0.1002,0,0
-0.0998,0,0
-0.0994,0,0
-0.099,0,0
-0.0986,0,0
-0.0982,0,0
-0.0978,0,0
-0.0974,0,0
-0.097,0,0
-0.0966,0,0
-0.0962,0,0
-0.0958,0,0
-0.0954,0,0
-0.095,0,0
-0.0946,0,0
-0.0942,0,0
-0.0938,0,0
-0.0934,0,0
-0.093,0,0
-0.0926,0,0
-0.0922,0,0
-0.0918,0,0
-0.0914,0,0
-0.091,0,0
-0.0906,0,0
-0.0902,0.0052608,0.00527061
-0.0898,0,0
-0.0894,0,0
-0.089,0,0
-0.0886,0,0
-0.0882,0,0
-0.0878,0,0
-0.0874,0,0
-0.087,0,0
-0.0866,0,0
-0.0862,0.00548912,0.0054998
-0.0858,0,0
-0.0854,0,0
-0.085,0,0
-0.0846,0.0054059,0.00541625
-0.0842,0,0
-0.0838,0,0
-0.0834,0,0
-0.083,0,0
-0.0826,0,0
-0.0822,0,0
-0.0818,0,0
-0.0814,0,0
-0.081,0,0
-0.0806,0,0
-0.0802,0,0
-0.0798,0,0
-0.0794,0,0
-0.079,0,0
-0.0786,0.00510322,0.00511242
-0.0782,0,0
-0.0778,0.00559609,0.00560715
-0.0774,0.0115901,0.00821222
-0.077,0,0
-0.0766,0,0
-0.0762,0.00543209,0.0054425
-0.0758,0,0
-0.0754,0,0
-0.075,0,0
-0.0746,0,0
-0.0742,0.00522587,0.00523549
-0.0738,0,0
-0.0734,0.00512149,0.00513073
-0.073,0.00547794,0.0054885
-0.0726,0,0
-0.0722,0,0
-0.0718,0,0
-0.0714,0,0
-0.071,0.00532506,0.00533502
-0.0706,0,0
-0.0702,0,0
-0.0698,0,0
-0.0694,0,0
-0.069,0,0
-0.0686,0,0
-0.0682,0,0
-0.0678,0,0
-0.0674,0,0
-0.067,0,0
-0.0666,0,0
-0.0662,0,0
-0.0658,0,0
-0.0654,0,0
-0.065,0,0
-0.0646,0.00578071,0.00579237
-0.0642,0,0
-0.0638,0.0108393,0.00768474
-0.0634,0.00490307,0.00491145
-0.063,0,0
-0.0626,0,0
-0.0622,0,0
-0.0618,0,0
-0.0614,0,0
-0.061,0,0
-0.0606,0.00496621,0.00497478
-0.0602,0,0
-0.0598,0,0
-0.0594,0,0
-0.059,0.00532359,0.00533342
-0.0586,0,0
-0.0582,0,0
-0.0578,0.00562254,0.00563349
-0.0574,0,0
-0.057,0,0
-0.0566,0,0
-0.0562,0,0
-0.0558,0,0
-0.0554,0,0
-0.055,0,0
-0.0546,0,0
-0.0542,0,0
-0.0538,0,0
-0.0534,0,0
-0.053,0,0
-0.0526,0,0
-0.0522,0,0
-0.0518,0,0
-0.0514,0.00569407,0.0057052
-0.051,0,0
-0.0506,0,0
-0.0502,0,0
-0.0498,0,0
-0.0494,0,0
-0.049,0.00537527,0.00538516
-0.0486,0,0
-0.0482,0.00536987,0.00537973
-0.0478,0,0
-0.0474,0,0
-0.047,0,0
-0.0466,0,0
-0.0462,0,0
-0.0458,0,0
-0.0454,0.0055838,0.00559442
-0.045,0,0
-0.0446,0,0
-0.0442,0,0
-0.0438,0,0
-0.0434,0,0
-0.043,0,0
-0.0426,0,0
-0.0422,0,0
-0.0418,0,0
-0.0414,0,0
-0.041,0,0
-0.0406,0,0
-0.0402,0,0
-0.0398,0,0
-0.0394,0,0
-0.039,0.00522461,0.00523381
-0.0386,0,0
-0.0382,0,0
-0.0378,0,0
-0.0374,0,0
-0.037,0,0
-0.0366,0,0
-0.0362,0,0
-0.0358,0,0
-0.0354,0,0
-0.035,0,0
-0.0346,0,0
-0.0342,0,0
-0.0338,0,0
-0.0334,0,0
-0.033,0,0
-0.0326,0,0
-0.0322,0,0
-0.0318,0,0
-0.0314,0,0
-0.031,0,0
-0.0306,0.00580414,0.00581532
-0.0302,0,0
-0.0298,0.00365249,0.00461017
-0.0294,0,0
-0.029,0,0
-0.0286,0,0
-0.0282,0,0
-0.0278,0,0
-0.0274,0.00544912,0.00545891
-0.027,0.00587128,0.00588264
-0.0266,0,0
-0.0262,0,0
-0.0258,0,0
-0.0254,0,0
-0.025,0,0
-0.0246,0.00602992,0.00604184
-0.0242,0,0
-0.0238,0,0
-0.0234,0,0
-0.023,0,0
-0.0226,0.00235682,0.00374041
-0.0222,0.00579239,0.00580334
-0.0218,0,0
-0.0214,0,0
-0.021,0,0
-0.0206,0.00578089,0.00579177
-0.0202,0,0
-0.0198,0,0
-0.0194,0,0
-0.019,0,0
-0.0186,0,0
-0.0182,0,0
-0.0178,0,0
-0.0174,0,0
-0.017,0.00566588,0.00567625
-0.0166,0,0
-0.0162,0,0
-0.0158,0,0
-0.0154,0,0
-0.015,0,0
-0.0146,0,0
-0.0142,0,0
-0.0138,0,0
-0.0134,0,0
-0.013,0,0
-0.0126,0.00630503,0.00631775
-0.0122,0.00588363,0.0058947
-0.0118,0.005594,0.005604
-0.0114,0.0059925,0.00600397
-0.011,0.00552262,0.00553236
-0.0106,0.0060116,0.00602312
-0.0102,0,0
-0.0098,0,0
-0.0094,0,0
-0.009,0,0
-0.0086,0,0
-0.0082,0.0118671,0.00840843
-0.0078,0,0
-0.0074,0.00547642,0.00548594
-0.007,0,0
-0.0066,0.00586738,0.00587828
-0.0062,0,0
-0.0058,0,0
-0.0054,0,0
-0.005,0.0123669,0.00876382
-0.0046,0.013595,0.00858183
-0.0042,0.0233054,0.0116742
-0.0038,0.0188249,0.0108974
-0.0034,0.0318624,0.0130491
-0.003,0.0422718,0.0149269
-0.0026,0.058026,0.018436
-0.0022,0.127013,0.0281804
-0.0018,0.17259,0.0329286
-0.0014,0.162932,0.0314232
-0.001,0.413904,0.0489475
-0.0006,0.534914,0.0539785
-0.0002,0.804101,0.0673953
0.0002,0.677867,0.0637367
0.0006,0.682878,0.0631217
0.001,0.645306,0.0639897
0.0014,0.36043,0.0466376
0.0018,0.308562,0.0430103
0.0022,0.188035,0.035293
0.0026,0.0880059,0.0232753
0.003,0.034963,0.0142998
0.0034,0.0238155,0.0119309
0.0038,0.0089819,0.00743883
0.0042,0.0181549,0.0105064
0.0046,0.0276884,0.0133526
0.005,0.0387258,0.015842
0.0054,0.0174234,0.010071
0.0058,0.0117647,0.00834175
0.0062,0.0302219,0.0135435
0.0066,0.0106599,0.00793737
0.007,0.0175314,0.0101403
0.0074,0,0
0.0078,0,0
0.0082,0,0
0.0086,0.00281656,0.0040217
0.009,0.00580376,0.0058142
0.0094,0,0
0.0098,0,0
0.0102,0,0
0.0106,0,0
0.011,0,0
0.0114,0.00613163,0.00614327
0.0118,0.00601409,0.00602528
0.0122,0,0
0.0126,0,0
0.013,0.00583371,0.00584424
0.0134,0,0
0.0138,0,0
0.0142,0,0
0.0146,0,0
0.015,0,0
0.0154,0.00553147,0.00554093
0.0158,0,0
0.0162,0,0
0.0166,0.00229362,0.00359699
0.017,0,0
0.0174,0.0057179,0.00572801
0.0178,0.0054617,0.00547093
0.0182,0.00606666,0.00607805
0.0186,0,0
0.019,0,0
0.0194,0,0
0.0198,0.00646425,0.00647719
0.0202,0,0
0.0206,0,0
0.021,0,0
0.0214,0,0
0.0218,0.00571915,0.0057293
0.0222,0.0108063,0.00765406
0.0226,0,0
0.023,0,0
0.0234,0,0
0.0238,0,0
0.0242,0,0
0.0246,0,0
0.025,0,0
0.0254,0.00628078,0.00606248
0.0258,0.00609073,0.00610227
0.0262,0,0
0.0266,0.00539543,0.00540449
0.027,0,0
0.0274,0,0
0.0278,0,0
0.0282,0.00553244,0.00554198
0.0286,0.000744555,0.00218066
0.029,0,0
0.0294,0,0
0.0298,0,0
0.0302,0,0
0.0306,0,0
0.031,0,0
0.0314,0,0
0.0318,0,0
0.0322,0.00592546,0.00593644
0.0326,0,0
0.033,0.00613028,0.00614203
0.0334,0.00603673,0.00604814
0.0338,0,0
0.0342,0.00601272,0.00602404
0.0346,0.00576918,0.00577961
0.035,0.0108995,0.00772048
0.0354,0,0
0.0358,0,0
0.0362,0,0
0.0366,0.00546088,0.00547024
0.037,0,0
0.0374,0,0
0.0378,0,0
0.0382,0,0
0.0386,0,0
0.039,0,0
0.0394,0.00165699,0.00305729
0.0398,0.0055323,0.00554194
0.0402,0,0
0.0406,0.00616831,0.0061803
0.041,0,0
0.0414,0,0
0.0418,0.00604822,0.00605977
0.0422,0,0
0.0426,0,0
0.043,0.00562545,0.00563545
0.0434,0,0
0.0438,0,0
0.0442,0,0
0.0446,0,0
0.045,0,0
0.0454,0,0
0.0458,0,0
0.0462,0,0
0.0466,0,0
0.047,0,0
0.0474,0.00188046,0.00332124
0.0478,0,0
0.0482,0,0
0.0486,0,0
0.049,0,0
0.0494,0,0
0.0498,0,0
0.0502,0,0
0.0506,0,0
0.051,0,0
0.0514,0,0
0.0518,0,0
0.0522,0,0
0.0526,0,0
0.053,0,0
0.0534,0,0
0.0538,0,0
0.0542,0,0
0.0546,0.00611272,0.00612468
0.055,0,0
0.0554,0,0
0.0558,0,0
0.0562,0,0
0.0566,0,0
0.057,0,0
0.0574,0,0
0.0578,0,0
0.0582,0,0
0.0586,0,0
0.059,0,0
0.0594,0,0
0.0598,0,0
0.0602,0,0
0.0606,0,0
0.061,0,0
0.0614,0,0
0.0618,0,0
0.0622,0,0
0.0626,0,0
0.063,0,0
0.0634,0,0
0.0638,0,0
0.0642,0,0
0.0646,0.00582995,0.00584097
0.065,0,0
0.0654,0,0
0.0658,0,0
0.0662,0,0
0.0666,0,0
0.067,0,0
0.0674,0,0
0.0678,0,0
0.0682,0,0
0.0686,0,0
0.069,0,0
0.0694,0,0
0.0698,0.00312477,0.0041275
0.0702,0,0
0.0706,0,0
0.071,0,0
0.0714,0,0
0.0718,0,0
0.0722,0.00515006,0.00515875
0.0726,0,0
0.073,0,0
0.0734,0,0
0.0738,0,0
0.0742,0,0
0.0746,0,0
0.075,0,0
0.0754,0,0
0.0758,0.00345588,0.00439138
0.0762,0,0
0.0766,0,0
0.077,0,0
0.0774,0,0
0.0778,0,0
0.0782,0.00520138,0.0052103
0.0786,0,0
0.079,0,0
0.0794,0.00350339,0.00429176
0.0798,0,0
0.0802,0,0
0.0806,0,0
0.081,0,0
0.0814,0,0
0.0818,0,0
0.0822,0,0
0.0826,0,0
0.083,0,0
0.0834,0.00547905,0.00548898
0.0838,0,0
0.0842,0.00546333,0.0054732
0.0846,0,0
0.085,0,0
0.0854,0,0
0.0858,0.00555885,0.00556908
0.0862,0,0
0.0866,0,0
0.087,0,0
0.0874,0.00549825,0.00550826
0.0878,0,0
0.0882,0,0
0.0886,0.00528154,0.00529079
0.089,0,0
0.0894,0,0
0.0898,0,0
0.0902,0,0
0.0906,0,0
0.091,0,0
0.0914,0.00573092,0.00574181
0.0918,0,0
0.0922,0,0
0.0926,0,0
0.093,0,0
0.0934,0,0
0.0938,0,0
0.0942,0,0
0.0946,0,0
0.095,0,0
0.0954,0,0
0.0958,0,0
0.0962,0,0
0.0966,0,0
0.097,0,0
0.0974,0,0
0.0978,0,0
0.0982,0,0
0.0986,0.00570121,0.00571201
0.099,0,0
0.0994,0,0
0.0998,0,0
0.1002,0,0
0.1006,0,0
0.101,0,0
0.1014,0,0
0.1018,0,0
0.1022,0,0
0.1026,0,0
0.103,0.0063872,0.00640075
0.1034,0,0
0.1038,0,0
0.1042,0,0
0.1046,0,0
0.105,0,0
0.1054,0,0
0.1058,0.00694492,0.00696091
0.1062,0,0
0.1066,0,0
0.107,0,0
0.1074,0.00837234,0.00839556
0.1078,0,0
0.1082,0,0
0.1086,0.00763955,0.00765887
0.109,0,0
0.1094,0,0
0.1098,0,0
0.1102,0,0
0.1106,0,0
0.111,0,0
0.1114,0,0
0.1118,0,0
0.1122,0.00715802,0.00717493
0.1126,0,0
0.113,0,0
0.1134,0,0
0.1138,0.0168662,0.0119594
0.1142,0,0
0.1146,0,0
0.115,0,0
0.1154,0,0
0.1158,0.00868208,0.00870679
0.1162,0,0
0.1166,0,0
0.117,0,0
0.1174,0,0
0.1178,0,0
0.1182,0,0
0.1186,0,0
0.119,0,0
0.1194,0.00957692,0.00960679
0.1198,0,0
8
-0.1198,0,0
-0.1194,0,0
-0.119,0,0
-0.1186,0,0
-0.1182,0,0
-0.1178,0,0
-0.1174,0,0
-0.117,0,0
-0.1166,0,0
-0.1162,0,0
-0.1158,0,0
-0.1154,0,0
-0.115,0.000578689,0.00146651
-0.1146,0,0
-0.1142,0,0
-0.1138,0,0
-0.1134,0,0
-0.113,0,0
-0.1126,0,0
-0.1122,0,0
-0.1118,0,0
-0.1114,0.0036154,0.00370991
-0.111,0,0
-0.1106,0,0
-0.1102,0.00399722,0.00400477
-0.1098,0,0
-0.1094,0,0
-0.109,0,0
-0.1086,0,0
-0.1082,0,0
-0.1078,0.00395611,0.00396348
-0.1074,0,0
-0.107,0,0
-0.1066,0,0
-0.1062,0,0
-0.1058,0,0
-0.1054,0,0
-0.105,0,0
-0.1046,0,0
-0.1042,0,0
-0.1038,0,0
-0.1034,0,0
-0.103,0,0
-0.1026,0,0
-0.1022,0,0
-0.1018,0,0
-0.1014,0,0
-0.101,0,0
-0.1006,0,0
-0.1002,0,0
-0.0998,0,0
-0.0994,0,0
-0.099,0,0
-0.0986,0,0
-0.0982,0.00423282,0.00424113
-0.0978,0,0
-0.0974,0.00428191,0.00429041
-0.097,0,0
-0.0966,0,0
-0.0962,0,0
-0.0958,0,0
-0.0954,0,0
-0.095,0.00415063,0.00415859
-0.0946,0.00389245,0.00389945
-0.0942,0,0
-0.0938,0,0
-0.0934,0.00409451,0.00410224
-0.093,0,0
-0.0926,0,0
-0.0922,0,0
-0.0918,0.00436085,0.0043696
-0.0914,0,0
-0.091,0,0
-0.0906,0,0
-0.0902,0,0
-0.0898,0,0
-0.0894,0,0
-0.089,0,0
-0.0886,0,0
-0.0882,0,0
-0.0878,0,0
-0.0874,0,0
-0.087,0.00379838,0.00380499
-0.0866,0,0
-0.0862,0,0
-0.0858,0,0
-0.0854,0,0
-0.085,0,0
-0.0846,0,0
-0.0842,0,0
-0.0838,0,0
-0.0834,0.00417671,0.00418466
-0.083,0,0
-0.0826,0.00418369,0.00419166
-0.0822,0,0
-0.0818,0,0
-0.0814,0,0
-0.081,0,0
-0.0806,0,0
-0.0802,0,0
-0.0798,0,0
-0.0794,0,0
-0.079,0.00414768,0.00415548
-0.0786,0,0
-0.0782,0,0
-0.0778,0,0
-0.0774,0,0
-0.077,0,0
-0.0766,0,0
-0.0762,0,0
-0.0758,0,0
-0.0754,0,0
-0.075,0,0
-0.0746,0,0
-0.0742,0,0
-0.0738,0,0
-0.0734,0,0
-0.073,0,0
-0.0726,0,0
-0.0722,0,0
-0.0718,0.002284,0.00302001
-0.0714,0,0
-0.071,0,0
-0.0706,0,0
-0.0702,0,0
-0.0698,0,0
-0.0694,0,0
-0.069,0,0
-0.0686,0,0
-0.0682,0,0
-0.0678,0.00392513,0.00393205
-0.0674,0,0
-0.067,0,0
-0.0666,0,0
-0.0662,0,0
-0.0658,0,0
-0.0654,0,0
-0.065,0,0
-0.0646,0.00449512,0.00450418
-0.0642,0,0
-0.0638,0,0
-0.0634,0.00380934,0.00381585
-0.063,0,0
-0.0626,0,0
-0.0622,0,0
-0.0618,0,0
-0.0614,0,0
-0.061,0,0
-0.0606,0,0
-0.0602,0,0
-0.0598,0,0
-0.0594,0,0
-0.059,0,0
-0.0586,0,0
-0.0582,0.00372025,0.00372645
-0.0578,0,0
-0.0574,0,0
-0.057,0,0
-0.0566,0,0
-0.0562,0,0
-0.0558,0,0
-0.0554,0,0
-0.055,0,0
-0.0546,0.00409452,0.00410202
-0.0542,0,0
-0.0538,0,0
-0.0534,0,0
-0.053,0,0
-0.0526,0.00436707,0.0043756
-0.0522,0,0
-0.0518,0,0
-0.0514,0,0
-0.051,0,0
-0.0506,0,0
-0.0502,0,0
-0.0498,0.00406964,0.00407705
-0.0494,0.00406956,0.00407698
-0.049,0,0
-0.0486,0,0
-0.0482,0.00412464,0.00420941
-0.0478,0.00409982,0.00410734
-0.0474,0,0
-0.047,0,0
-0.0466,0,0
-0.0462,0.00791903,0.00560953
-0.0458,0.00414513,0.00415282
-0.0454,0,0
-0.045,0,0
-0.0446,0,0
-0.0442,0,0
-0.0438,0,0
-0.0434,0.00815819,0.00577924
-0.043,0,0
-0.0426,0,0
-0.0422,0,0
-0.0418,0,0
-0.0414,0,0
-0.041,0,0
-0.0406,0,0
-0.0402,0,0
-0.0398,0,0
-0.0394,0,0
-0.039,0,0
-0.0386,0.00388747,0.00389423
-0.0382,0.00845635,0.005991
-0.0378,0,0
-0.0374,0,0
-0.037,0.00407613,0.00408355
-0.0366,0,0
-0.0362,0,0
-0.0358,0,0
-0.0354,0,0
-0.035,0,0
-0.0346,0,0
-0.0342,0,0
-0.0338,0,0
-0.0334,0,0
-0.033,0.0042832,0.00429138
-0.0326,0,0
-0.0322,0,0
-0.0318,0,0
-0.0314,0,0
-0.031,0,0
-0.0306,0,0
-0.0302,0,0
-0.0298,0.00159403,0.00262596
-0.0294,0,0
-0.029,0.00410456,0.00411207
-0.0286,0,0
-0.0282,0,0
-0.0278,0,0
-0.0274,0.00810084,0.0057385
-0.027,0,0
-0.0266,0.00414793,0.00415559
-0.0262,0,0
-0.0258,0,0
-0.0254,0,0
-0.025,0.00369855,0.00370464
-0.0246,0,0
-0.0242,0,0
-0.0238,0,0
-0.0234,0,0
-0.023,0,0
-0.0226,0.00261189,0.0033744
-0.0222,0,0
-0.0218,0,0
-0.0214,0,0
-0.021,0,0
-0.0206,0,0
-0.0202,0,0
-0.0198,0,0
-0.0194,0,0
-0.019,0,0
-0.0186,0,0
-0.0182,0,0
-0.0178,0,0
-0.0174,0,0
-0.017,0,0
-0.0166,0,0
-0.0162,0.00450483,0.00451384
-0.0158,0.00448241,0.00449133
-0.0154,0,0
-0.015,0,0
-0.0146,0,0
-0.0142,0.00437697,0.00438546
-0.0138,0,0
-0.0134,0.00440677,0.00441538
-0.013,0,0
-0.0126,0.00396871,0.00397569
-0.0122,0,0
-0.0118,0,0
-0.0114,0,0
-0.011,0,0
-0.0106,0.00274781,0.00345759
-0.0102,0,0
-0.0098,0,0
-0.0094,0.00404723,0.00405448
-0.009,0,0
-0.0086,0,0
-0.0082,0.0086759,0.00614656
-0.0078,0,0
-0.0074,0,0
-0.007,0,0
-0.0066,0.00842239,0.00596661
-0.0062,0,0
-0.0058,0.0112901,0.00684393
-0.0054,0.00433557,0.00434385
-0.005,0.0308203,0.0118001
-0.0046,0.00639154,0.00527407
-0.0042,0.0228544,0.00988563
-0.0038,0.0266063,0.0108917
-0.0034,0.0281714,0.0106917
-0.003,0.0485415,0.0135101
-0.0026,0.0990874,0.0208206
-0.0022,0.123374,0.0234262
-0.0018,0.289357,0.0361146
-0.0014,0.376921,0.0402217
-0.001,0.523721,0.0464628
-0.0006,0.533894,0.0456288
-0.0002,0.67328,0.0521388
0.0002,0.71444,0.0552113
0.0006,0.506989,0.0458264
0.001,0.428634,0.0440745
0.0014,0.359714,0.0392616
0.0018,0.204041,0.0295446
0.0022,0.202334,0.0307149
0.0026,0.121869,0.0230344
0.003,0.107774,0.0211755
0.0034,0.0339875,0.0120395
0.0038,0.0417055,0.0135414
0.0042,0.0299147,0.0113338
0.0046,0.0272201,0.0111187
0.005,0.0136876,0.00791834
0.0054,0.012353,0.00714493
0.0058,0.00699885,0.00529827
0.0062,0.0212815,0.00953683
0.0066,0.0242095,0.0100809
0.007,0.0123838,0.00716276
0.0074,0.0126477,0.00731963
0.0078,0.00803238,0.00568974
0.0082,0.000560153,0.00150184
0.0086,0.00999752,0.00632564
0.009,0,0
0.0094,0,0
0.0098,0,0
0.0102,0,0
0.0106,0,0
0.011,0.00430657,0.00431467
0.0114,0,0
0.0118,0.00852043,0.00603607
0.0122,0,0
0.0126,0,0
0.013,0,0
0.0134,0.00420817,0.0042159
0.0138,0.00421246,0.0042202
0.0142,0,0
0.0146,0,0
0.015,0,0
0.0154,0.0044621,0.00447078
0.0158,0,0
0.0162,0.00408924,0.00409652
0.0166,0.00236084,0.00307372
0.017,0,0
0.0174,0.00411535,0.00412272
0.0178,0,0
0.0182,0.00472935,0.00473909
0.0186,0,0
0.019,0,0
0.0194,0,0
0.0198,0,0
0.0202,0,0
0.0206,0,0
0.021,0.0041474,0.00415488
0.0214,0,0
0.0218,0,0
0.0222,0,0
0.0226,0,0
0.023,0,0
0.0234,0,0
0.0238,0,0
0.0242,0,0
0.0246,0,0
0.025,0,0
0.0254,0.0079077,0.00571416
0.0258,0,0
0.0262,0,0
0.0266,0,0
0.027,0,0
0.0274,0,0
0.0278,0.00397844,0.0039853
0.0282,0,0
0.0286,0.00457782,0.00458689
0.029,0,0
0.0294,0,0
0.0298,0,0
0.0302,0,0
0.0306,0.00401161,0.00401857
0.031,0,0
0.0314,0,0
0.0318,0.00428416,0.0042921
0.0322,0,0
0.0326,0,0
0.033,0.00443803,0.00444654
0.0334,0,0
0.0338,0.00412695,0.00413431
0.0342,0,0
0.0346,0,0
0.035,0,0
0.0354,0,0
0.0358,0,0
0.0362,0.00393529,0.00394197
0.0366,0,0
0.037,0,0
0.0374,0.00383129,0.00383762
0.0378,0,0
0.0382,0,0
0.0386,0.00414138,0.00414877
0.039,0,0
0.0394,0,0
0.0398,0,0
0.0402,0,0
0.0406,0,0
0.041,0,0
0.0414,0.00443524,0.0044437
0.0418,0,0
0.0422,0,0
0.0426,0,0
0.043,0,0
0.0434,0,0
0.0438,0.0043042,0.00431217
0.0442,0,0
0.0446,0,0
0.045,0,0
0.0454,0,0
0.0458,0,0
0.0462,0,0
0.0466,0,0
0.047,0.000530012,0.00147133
0.0474,0,0
0.0478,0.00421856,0.00422619
0.0482,0,0
0.0486,0,0
0.049,0.00408215,0.00408929
0.0494,0,0
0.0498,0,0
0.0502,0,0
0.0506,0,0
0.051,0.00430799,0.00431593
0.0514,0,0
0.0518,0,0
0.0522,0,0
0.0526,0.00431795,0.00432591
0.053,0,0
0.0534,0,0
0.0538,0,0
0.0542,0,0
0.0546,0,0
0.055,0,0
0.0554,0,0
0.0558,0,0
0.0562,0,0
0.0566,0.0042421,0.00424975
0.057,0.00425206,0.00425975
0.0574,0,0
0.0578,0,0
0.0582,0,0
0.0586,0,0
0.059,0,0
0.0594,0,0
0.0598,0,0
0.0602,0,0
0.0606,0,0
0.061,0,0
0.0614,0.00865244,0.0061294
0.0618,0,0
0.0622,0,0
0.0626,0,0
0.063,0,0
0.0634,0,0
0.0638,0,0
0.0642,0,0
0.0646,0,0
0.065,0,0
0.0654,0.00439335,0.00440147
0.0658,0,0
0.0662,0,0
0.0666,0,0
0.067,0.00414498,0.00415219
0.0674,0,0
0.0678,0.00402297,0.00402975
0.0682,0,0
0.0686,0.00440873,0.00441687
0.069,0,0
0.0694,0,0
0.0698,0,0
0.0702,0,0
0.0706,0.00399744,0.00400411
0.071,0.00437289,0.00438087
0.0714,0,0
0.0718,0,0
0.0722,0.00433282,0.00434064
0.0726,0,0
0.073,0,0
0.0734,0,0
0.0738,0,0
0.0742,0.00853981,0.0060555
0.0746,0,0
0.075,0,0
0.0754,0,0
0.0758,0,0
0.0762,0,0
0.0766,0.00405867,0.00406549
0.077,0.00823186,0.00583073
0.0774,0.00439471,0.0044027
0.0778,0,0
0.0782,0,0
0.0786,0,0
0.079,0,0
0.0794,0,0
0.0798,0.00444656,0.00445472
0.0802,0,0
0.0806,0,0
0.081,0,0
0.0814,0,0
0.0818,0,0
0.0822,0,0
0.0826,0,0
0.083,0,0
0.0834,0,0
0.0838,0,0
0.0842,0,0
0.0846,0,0
0.085,0,0
0.0854,0,0
0.0858,0.00413725,0.00414426
0.0862,0,0
0.0866,0,0
0.087,0.00416449,0.00417158
0.0874,0,0
0.0878,0,0
0.0882,0,0
0.0886,0,0
0.089,0.00528077,0.00529215
0.0894,0,0
0.0898,0,0
0.0902,0,0
0.0906,0,0
0.091,0.00455023,0.00455866
0.0914,0,0
0.0918,0,0
0.0922,0,0
0.0926,0,0
0.093,0,0
0.0934,0.00443875,0.00444675
0.0938,0,0
0.0942,0,0
0.0946,0,0
0.095,0.00401745,0.00402399
0.0954,0,0
0.0958,0,0
0.0962,0.00469044,0.00469935
0.0966,0,0
0.097,0,0
0.0974,0,0
0.0978,0,0
0.0982,0.00468258,0.00469144
0.0986,0,0
0.099,0,0
0.0994,0,0
0.0998,0.00538666,0.00539838
0.1002,0,0
0.1006,0,0
0.101,0,0
0.1014,0,0
0.1018,0,0
0.1022,0,0
0.1026,0,0
0.103,0,0
0.1034,0,0
0.1038,0,0
0.1042,0,0
0.1046,0,0
0.105,0,0
0.1054,0,0
0.1058,0,0
0.1062,0.00522728,0.00523829
0.1066,0,0
0.107,0,0
0.1074,0,0
0.1078,0,0
0.1082,0.00569689,0.00570996
0.1086,0,0
0.109,0,0
0.1094,0,0
0.1098,0,0
0.1102,0,0
0.1106,0,0
0.111,0,0
0.1114,0.00657709,0.00659451
0.1118,0,0
0.1122,0,0
0.1126,0,0
0.113,0,0
0.1134,0,0
0.1138,0.00689003,0.00690914
0.1142,0,0
0.1146,0,0
0.115,0,0
0.1154,0,0
0.1158,0,0
0.1162,0,0
0.1166,0.00692848,0.00694781
0.117,0,0
0.1174,0,0
0.1178,0,0
0.1182,0,0
0.1186,0,0
0.119,0,0
0.1194,0,0
0.1198,0,0
9
-0.1198,0,0
-0.1194,0,0
-0.119,0,0
-0.1186,0,0
-0.1182,0,0
-0.1178,0.00377925,0.00378627
-0.1174,0,0
-0.117,0,0
-0.1166,0,0
-0.1162,0,0
-0.1158,0,0
-0.1154,0,0
-0.115,0.00300685,0.00327922
-0.1146,0,0
-0.1142,0.00351751,0.00352362
-0.1138,0,0
-0.1134,0,0
-0.113,0,0
-0.1126,0,0
-0.1122,0,0
-0.1118,0,0
-0.1114,0,0
-0.111,0.00380452,0.00381171
-0.1106,0,0
-0.1102,0,0
-0.1098,0,0
-0.1094,0,0
-0.109,0,0
-0.1086,0,0
-0.1082,0,0
-0.1078,0,0
-0.1074,0,0
-0.107,0,0
-0.1066,0,0
-0.1062,0,0
-0.1058,0,0
-0.1054,0,0
-0.105,0,0
-0.1046,0,0
-0.1042,0,0
-0.1038,0,0
-0.1034,0,0
-0.103,0.00387207,0.00387961
-0.1026,0,0
-0.1022,0,0
-0.1018,0,0
-0.1014,0,0
-0.101,0,0
-0.1006,0,0
-0.1002,0.00373282,0.00373986
-0.0998,0.00354533,0.00355168
-0.0994,0,0
-0.099,0,0
-0.0986,0,0
-0.0982,0,0
-0.0978,0,0
-0.0974,0,0
-0.097,0,0
-0.0966,0,0
-0.0962,0,0
-0.0958,0,0
-0.0954,0,0
-0.095,0,0
-0.0946,0,0
-0.0942,0,0
-0.0938,0,0
-0.0934,0,0
-0.093,0.00351051,0.0035168
-0.0926,0,0
-0.0922,0,0
-0.0918,0,0
-0.0914,0.00392467,0.00393255
-0.091,0,0
-0.0906,0.00362326,0.00362998
-0.0902,0,0
-0.0898,0,0
-0.0894,0,0
-0.089,0,0
-0.0886,0,0
-0.0882,0,0
-0.0878,0,0
-0.0874,0,0
-0.087,0,0
-0.0866,0,0
-0.0862,0,0
-0.0858,0,0
-0.0854,0.00398481,0.00399299
-0.085,0,0
-0.0846,0,0
-0.0842,0,0
-0.0838,0.00386218,0.00386988
-0.0834,0.00396076,0.00396886
-0.083,0,0
-0.0826,0,0
-0.0822,0,0
-0.0818,0,0
-0.0814,0,0
-0.081,0.00310713,0.00311213
-0.0806,0,0
-0.0802,0,0
-0.0798,0,0
-0.0794,0,0
-0.079,0,0
-0.0786,0,0
-0.0782,0,0
-0.0778,0,0
-0.0774,0,0
-0.077,0,0
-0.0766,0,0
-0.0762,0,0
-0.0758,0,0
-0.0754,0,0
-0.075,0,0
-0.0746,0,0
-0.0742,0,0
-0.0738,0,0
-0.0734,0,0
-0.073,0,0
-0.0726,0.0036215,0.00362834
-0.0722,0,0
-0.0718,0.00146227,0.00224447
-0.0714,0,0
-0.071,0,0
-0.0706,0,0
-0.0702,0,0
-0.0698,0.0035048,0.00351122
-0.0694,0,0
-0.069,0,0
-0.0686,0,0
-0.0682,0,0
-0.0678,0.00352821,0.00353473
-0.0674,0,0
-0.067,0,0
-0.0666,0.00376585,0.00377329
-0.0662,0,0
-0.0658,0.00372284,0.00373011
-0.0654,0,0
-0.065,0.00672704,0.00476514
-0.0646,0.003839,0.00384674
-0.0642,0,0
-0.0638,0.0037321,0.00373942
-0.0634,0,0
-0.063,0,0
-0.0626,0,0
-0.0622,0,0
-0.0618,0.00341691,0.00342306
-0.0614,0,0
-0.061,0.00326834,0.00327397
-0.0606,0,0
-0.0602,0,0
-0.0598,0.00345587,0.00346216
-0.0594,0.00670653,0.00475063
-0.059,0.00335223,0.00335816
-0.0586,0,0
-0.0582,0.00315571,0.00316097
-0.0578,0.00737266,0.00522341
-0.0574,0,0
-0.057,0,0
-0.0566,0,0
-0.0562,0.00737419,0.0052245
-0.0558,0,0
-0.0554,0.00335097,0.00335691
-0.055,0,0
-0.0546,0.00657392,0.00465655
-0.0542,0,0
-0.0538,0,0
-0.0534,0,0
-0.053,0,0
-0.0526,0,0
-0.0522,0.0034918,0.00349826
-0.0518,0,0
-0.0514,0.00368676,0.00369396
-0.051,0,0
-0.0506,0.0033135,0.00331932
-0.0502,0,0
-0.0498,0,0
-0.0494,0,0
-0.049,0,0
-0.0486,0,0
-0.0482,0.000130456,0.0006871
-0.0478,0,0
-0.0474,0.00333282,0.00333873
-0.047,0.00362826,0.00363526
-0.0466,0,0
-0.0462,0,0
-0.0458,0,0
-0.0454,0.00356777,0.00357455
-0.045,0,0
-0.0446,0,0
-0.0442,0.00351258,0.00351916
-0.0438,0,0
-0.0434,0,0
-0.043,0.00352826,0.0035349
-0.0426,0.0034728,0.00347924
-0.0422,0,0
-0.0418,0.00336457,0.00337062
-0.0414,0,0
-0.041,0,0
-0.0406,0,0
-0.0402,0.00348072,0.00348721
-0.0398,0.00340885,0.00341507
-0.0394,0.00333749,0.00334345
-0.039,0,0
-0.0386,0,0
-0.0382,0,0
-0.0378,0.00354465,0.00355139
-0.0374,0.00361249,0.0036195
-0.037,0,0
-0.0366,0,0
-0.0362,0.00332479,0.00333074
-0.0358,0,0
-0.0354,0.00696569,0.00493472
-0.035,0.00665014,0.00471078
-0.0346,0.00321582,0.00322139
-0.0342,0.00970439,0.00561511
-0.0338,0.00336938,0.0033755
-0.0334,0,0
-0.033,0,0
-0.0326,0.00369472,0.00370209
-0.0322,0.00934769,0.00540598
-0.0318,0,0
-0.0314,0,0
-0.031,0,0
-0.0306,0.00780465,0.00553037
-0.0302,0,0
-0.0298,0,0
-0.0294,0,0
-0.029,0.00337515,0.00338133
-0.0286,0,0
-0.0282,0.00334218,0.00334824
-0.0278,0,0
-0.0274,0,0
-0.027,0,0
-0.0266,0,0
-0.0262,0.00339767,0.00340395
-0.0258,0,0
-0.0254,0.00320904,0.00321464
-0.025,0,0
-0.0246,0,0
-0.0242,0.00349217,0.00349881
-0.0238,0.00605937,0.0042917
-0.0234,0.00328421,0.00329009
-0.023,0,0
-0.0226,0.00353828,0.00354512
-0.0222,0.00692224,0.00490402
-0.0218,0.00331908,0.0033251
-0.0214,0.00713297,0.00505413
-0.021,0.00683766,0.00484401
-0.0206,0.00343597,0.00344243
-0.0202,0,0
-0.0198,0.0097354,0.00563077
-0.0194,0,0
-0.019,0,0
-0.0186,0.00703695,0.00498549
-0.0182,0,0
-0.0178,0.00353279,0.00353964
-0.0174,0,0
-0.017,0.00644748,0.0045695
-0.0166,0.00311894,0.00312429
-0.0162,0.00325717,0.00326301
-0.0158,0,0
-0.0154,0.0122842,0.00615251
-0.015,0.00612938,0.00434146
-0.0146,0.00351991,0.00352675
-0.0142,0,0
-0.0138,0.00359673,0.00360387
-0.0134,0.00696333,0.0049333
-0.013,0,0
-0.0126,0.00729609,0.00516953
-0.0122,0.00364608,0.00365344
-0.0118,0.00668464,0.00473827
-0.0114,0.00345423,0.00346084
-0.011,0,0
-0.0106,0.00126602,0.00209668
-0.0102,0.00646076,0.0045771
-0.0098,0.00327421,0.00328017
-0.0094,0,0
-0.009,0.00294952,0.00295435
-0.0086,0.00332963,0.00333579
-0.0082,0.0169821,0.00761205
-0.0078,0.0224181,0.0084884
-0.0074,0.0157847,0.00707171
-0.007,0.0160166,0.00717603
-0.0066,0.0198878,0.00813477
-0.0062,0.0184302,0.00753702
-0.0058,0.0110171,0.00611294
-0.0054,0.0172916,0.00774864
-0.005,0.0146635,0.00721402
-0.0046,0.0096642,0.00560599
-0.0042,0.0184874,0.00780825
-0.0038,0.0242889,0.00920527
-0.0034,0.0241951,0.00858561
-0.003,0.0235773,0.00834987
-0.0026,0.106537,0.0191217
-0.0022,0.166265,0.0241161
-0.0018,0.270557,0.0309209
-0.0014,0.435758,0.0383331
-0.001,0.534266,0.0414811
-0.0006,0.740031,0.04749
-0.0002,0.849935,0.0518082
0.0002,0.799115,0.0516835
0.0006,0.62788,0.0453247
0.001,0.394783,0.0373496
0.0014,0.238857,0.0283148
0.0018,0.141591,0.0215075
0.0022,0.120428,0.0210686
0.0026,0.045717,0.0124847
0.003,0.0548462,0.0133267
0.0034,0.0232717,0.00881437
0.0038,0.0173611,0.00777937
0.0042,0.0164121,0.00735712
0.0046,0.0195923,0.00825427
0.005,0.00358727,0.00359454
0.0054,0.00948214,0.00548485
0.0058,0.0134337,0.0065333
0.0062,0.0234728,0.00888955
0.0066,0.0207163,0.00820312
0.007,0.0127707,0.00639692
0.0074,0.0198635,0.00812557
0.0078,0.00621167,0.00440005
0.0082,0.0180539,0.00747139
0.0086,0.00312924,0.00313479
0.009,0.00312816,0.00313371
0.0094,0,0
0.0098,0.0031553,0.00316095
0.0102,0,0
0.0106,0,0
0.011,0.00331147,0.0033177
0.0114,0,0
0.0118,0.00327202,0.00327811
0.0122,0,0
0.0126,0,0
0.013,0.00316909,0.0031748
0.0134,0.00645017,0.00456934
0.0138,0,0
0.0142,0.00627345,0.00444393
0.0146,0,0
0.015,0,0
0.0154,0,0
0.0158,0,0
0.0162,0.00624483,0.00442363
0.0166,0.00911295,0.0052705
0.017,0.0060676,0.00429788
0.0174,0.00309431,0.00309978
0.0178,0,0
0.0182,0,0
0.0186,0.00360058,0.00360799
0.019,0.00340727,0.0034139
0.0194,0.00323747,0.00324346
0.0198,0,0
0.0202,0.00637244,0.00451422
0.0206,0,0
0.021,0,0
0.0214,0,0
0.0218,0,0
0.0222,0.00292289,0.00292778
0.0226,0.00304244,0.00304775
0.023,0,0
0.0234,0,0
0.0238,0.00293973,0.00294468
0.0242,0.00985944,0.0057031
0.0246,0,0
0.025,0,0
0.0254,0.00620577,0.0043968
0.0258,0.00329548,0.00330171
0.0262,0,0
0.0266,0,0
0.027,0,0
0.0274,0,0
0.0278,0,0
0.0282,0,0
0.0286,0,0
0.029,0,0
0.0294,0,0
0.0298,0.00649489,0.00460117
0.0302,0.00903576,0.00522586
0.0306,0.00599549,0.00424678
0.031,0.00335008,0.00335655
0.0314,0,0
0.0318,0.0033354,0.00334182
0.0322,0,0
0.0326,0,0
0.033,0,0
0.0334,0.003273,0.00327918
0.0338,0.00326149,0.00326763
0.0342,0.0063906,0.00452814
0.0346,0.00293869,0.00294367
0.035,0,0
0.0354,0.00605532,0.00429055
0.0358,0.00310122,0.00310678
0.0362,0.00587324,0.00416006
0.0366,0,0
0.037,0.00335852,0.00336504
0.0374,0,0
0.0378,0,0
0.0382,0.00340873,0.00341545
0.0386,0,0
0.039,0,0
0.0394,0,0
0.0398,0,0
0.0402,0,0
0.0406,0,0
0.041,0.00307304,0.00307851
0.0414,0,0
0.0418,0,0
0.0422,0.00294175,0.00294677
0.0426,0,0
0.043,0.00306467,0.00307012
0.0434,0,0
0.0438,0.00630587,0.00446708
0.0442,0,0
0.0446,0,0
0.045,0.00304594,0.00305132
0.0454,0.00303497,0.00304031
0.0458,0,0
0.0462,0.00317946,0.00318533
0.0466,0.00301539,0.00302067
0.047,0.00862795,0.00510201
0.0474,0.0063866,0.00452439
0.0478,0,0
0.0482,0,0
0.0486,0.00619907,0.00439131
0.049,0,0
0.0494,0,0
0.0498,0.00289158,0.00289645
0.0502,0,0
0.0506,0.0029417,0.00294674
0.051,0.00298962,0.00299482
0.0514,0,0
0.0518,0.00613049,0.00434422
0.0522,0.0033046,0.00331096
0.0526,0.00330839,0.00331477
0.053,0.00654012,0.00463338
0.0534,0.00326917,0.0032754
0.0538,0,0
0.0542,0,0
0.0546,0,0
0.055,0,0
0.0554,0,0
0.0558,0,0
0.0562,0.00305956,0.00306503
0.0566,0,0
0.057,0,0
0.0574,0,0
0.0578,0,0
0.0582,0,0
0.0586,0.00625586,0.00443167
0.059,0,0
0.0594,0,0
0.0598,0.00292379,0.0029288
0.0602,0,0
0.0606,0,0
0.061,0,0
0.0614,0.00311868,0.00312439
0.0618,0.00309363,0.00309925
0.0622,0,0
0.0626,0,0
0.063,0,0
0.0634,0,0
0.0638,0.00282028,0.00282495
0.0642,0,0
0.0646,0,0
0.065,0.00991428,0.00573516
0.0654,0,0
0.0658,0.0061491,0.00435595
0.0662,0,0
0.0666,0,0
0.067,0.00307185,0.00307742
0.0674,0,0
0.0678,0.00285676,0.00286158
0.0682,0,0
0.0686,0.0031246,0.00313036
0.069,0,0
0.0694,0,0
0.0698,0,0
0.0702,0.00290961,0.00291462
0.0706,0,0
0.071,0.00924264,0.00534599
0.0714,0.00336886,0.00337558
0.0718,0,0
0.0722,0,0
0.0726,0,0
0.073,0,0
0.0734,0,0
0.0738,0.00577445,0.00409016
0.0742,0,0
0.0746,0,0
0.075,0.0062401,0.00442061
0.0754,0,0
0.0758,0.0030717,0.00307731
0.0762,0,0
0.0766,0,0
0.077,0.00305147,0.00305702
0.0774,0.00281454,0.00281926
0.0778,0.00281328,0.002818
0.0782,0,0
0.0786,0.00321336,0.00321952
0.079,0.00298281,0.00298812
0.0794,0,0
0.0798,0,0
0.0802,0,0
0.0806,0,0
0.081,0,0
0.0814,0,0
0.0818,0.00274173,0.00274623
0.0822,0,0
0.0826,0,0
0.083,0,0
0.0834,0,0
0.0838,0,0
0.0842,0.00326995,0.00327637
0.0846,0,0
0.085,0.00309288,0.00309862
0.0854,0,0
0.0858,0.00587342,0.00416399
0.0862,0,0
0.0866,0.00272302,0.00272749
0.087,0.00282741,0.00283222
0.0874,0.00282641,0.00283122
0.0878,0,0
0.0882,0.00293198,0.00293716
0.0886,0.00566157,0.0040114
0.089,0.00357144,0.00357913
0.0894,0,0
0.0898,0,0
0.0902,0.003286,0.00329252
0.0906,0.00300476,0.00301022
0.091,0.00306599,0.00307167
0.0914,0,0
0.0918,0,0
0.0922,0,0
0.0926,0.00299666,0.00300209
0.093,0,0
0.0934,0.00595759,0.00422025
0.0938,0,0
0.0942,0,0
0.0946,0.00310545,0.00311129
0.095,0.00189126,0.00225909
0.0954,0,0
0.0958,0,0
0.0962,0.00672938,0.00477924
0.0966,0.00313515,0.0031411
0.097,0.0030178,0.00302332
0.0974,0,0
0.0978,0.00286833,0.00287331
0.0982,0.00599252,0.00424896
0.0986,0,0
0.099,0,0
0.0994,0.0032712,0.00327769
0.0998,0,0
0.1002,0,0
0.1006,0,0
0.101,0,0
0.1014,0,0
0.1018,0,0
0.1022,0,0
0.1026,0,0
0.103,0,0
0.1034,0,0
0.1038,0,0
0.1042,0.00347076,0.00347807
0.1046,0.00351704,0.00352454
0.105,0.00358758,0.00359539
0.1054,0,0
0.1058,0.00379726,0.003806
0.1062,0,0
0.1066,0,0
0.107,0,0
0.1074,0,0
0.1078,0.0037326,0.00374105
0.1082,0,0
0.1086,0,0
0.109,0,0
0.1094,0,0
0.1098,0,0
0.1102,0,0
0.1106,0,0
0.111,0,0
0.1114,0.00436173,0.00437328
0.1118,0,0
0.1122,0.00388736,0.00389654
0.1126,0.00411397,0.00412425
0.113,0,0
0.1134,0,0
0.1138,0.00869743,0.0061741
0.1142,0,0
0.1146,0,0
0.115,0,0
0.1154,0,0
0.1158,0.00939899,0.00666511
0.1162,0.00942969,0.00668691
0.1166,0,0
0.117,0,0
0.1174,0,0
0.1178,0,0
0.1182,0,0
0.1186,0,0
0.119,0,0
0.1194,0.0051304,0.0051464
0.1198,0,0
