# X , Y , E Distribution=true
1
-0.1198,0,0
-0.1194,0,0
-0.119,0,0
-0.1186,0,0
-0.1182,0,0
-0.1178,0,0
-0.1174,0,0
-0.117,0,0
-0.1166,0,0
-0.1162,0,0
-0.1158,0,0
-0.1154,0,0
-0.115,0,0
-0.1146,0.0121027,0.0121247
-0.1142,0,0
-0.1138,0,0
-0.1134,0.0114412,0.0114608
-0.113,0,0
-0.1126,0,0
-0.1122,0.0121529,0.012175
-0.1118,0.0120354,0.0120571
-0.1114,0,0
-0.111,0,0
-0.1106,0,0
-0.1102,0,0
-0.1098,0,0
-0.1094,0,0
-0.109,0,0
-0.1086,0,0
-0.1082,0,0
-0.1078,0,0
-0.1074,0,0
-0.107,0,0
-0.1066,0,0
-0.1062,0,0
-0.1058,0,0
-0.1054,0,0
-0.105,0,0
-0.1046,0,0
-0.1042,0,0
-0.1038,0,0
-0.1034,0,0
-0.103,0,0
-0.1026,0,0
-0.1022,0,0
-0.1018,0,0
-0.1014,0.0137269,0.013755
-0.101,0,0
-0.1006,0,0
-0.1002,0,0
-0.0998,0,0
-0.0994,0.0116411,0.0116613
-0.099,0,0
-0.0986,0,0
-0.0982,0,0
-0.0978,0,0
-0.0974,0,0
-0.097,0,0
-0.0966,0,0
-0.0962,0.01171,0.0117303
-0.0958,0,0
-0.0954,0,0
-0.095,0,0
-0.0946,0,0
-0.0942,0,0
-0.0938,0,0
-0.0934,0,0
-0.093,0.0100236,0.011137
-0.0926,0,0
-0.0922,0,0
-0.0918,0,0
-0.0914,0,0
-0.091,0.0139923,0.0140213
-0.0906,0,0
-0.0902,0.012286,0.0123084
-0.0898,0,0
-0.0894,0,0
-0.089,0,0
-0.0886,0,0
-0.0882,0,0
-0.0878,0,0
-0.0874,0,0
-0.087,0,0
-0.0866,0,0
-0.0862,0,0
-0.0858,0,0
-0.0854,0,0
-0.085,0,0
-0.0846,0.00866922,0.0106982
-0.0842,0,0
-0.0838,0,0
-0.0834,0,0
-0.083,0,0
-0.0826,0.0132486,0.0132745
-0.0822,0,0
-0.0818,0.0139968,0.0140257
-0.0814,0,0
-0.081,0,0
-0.0806,0,0
-0.0802,0,0
-0.0798,0,0
-0.0794,0,0
-0.079,0,0
-0.0786,0.0120572,0.0120786
-0.0782,0,0
-0.0778,0,0
-0.0774,0,0
-0.077,0,0
-0.0766,0.0082203,0.0106497
-0.0762,0,0
-0.0758,0,0
-0.0754,0,0
-0.075,0,0
-0.0746,0,0
-0.0742,0,0
-0.0738,0,0
-0.0734,0,0
-0.073,0,0
-0.0726,0.0126765,0.0127001
-0.0722,0,0
-0.0718,0,0
-0.0714,0,0
-0.071,0,0
-0.0706,0,0
-0.0702,0,0
-0.0698,0,0
-0.0694,0,0
-0.069,0,0
-0.0686,0,0
-0.0682,0,0
-0.0678,0,0
-0.0674,0,0
-0.067,0.0123269,0.0123492
-0.0666,0.0128965,0.0129208
-0.0662,0,0
-0.0658,0,0
-0.0654,0,0
-0.065,0,0
-0.0646,0,0
-0.0642,0,0
-0.0638,0,0
-0.0634,0,0
-0.063,0.0121451,0.0121667
-0.0626,0,0
-0.0622,0,0
-0.0618,0,0
-0.0614,0,0
-0.061,0,0
-0.0606,0,0
-0.0602,0,0
-0.0598,0,0
-0.0594,0,0
-0.059,0,0
-0.0586,0.0116031,0.0116228
-0.0582,0,0
-0.0578,0,0
-0.0574,0.0130151,0.0130398
-0.057,0,0
-0.0566,0.00580769,0.00878861
-0.0562,0,0
-0.0558,0,0
-0.0554,0,0
-0.055,0,0
-0.0546,0,0
-0.0542,0,0
-0.0538,0,0
-0.0534,0,0
-0.053,0,0
-0.0526,0,0
-0.0522,0,0
-0.0518,0,0
-0.0514,0.0125287,0.0125515
-0.051,0.019606,0.0158678
-0.0506,0.0118897,0.0119103
-0.0502,0,0
-0.0498,0,0
-0.0494,0,0
-0.049,0,0
-0.0486,0,0
-0.0482,0.0127799,0.0128036
-0.0478,0,0
-0.0474,0,0
-0.047,0.0138051,0.012756
-0.0466,0.00407759,0.00737875
-0.0462,0,0
-0.0458,0,0
-0.0454,0,0
-0.045,0,0
-0.0446,0.0037327,0.0071756
-0.0442,0,0
-0.0438,0,0
-0.0434,0,0
-0.043,0,0
-0.0426,0,0
-0.0422,0,0
-0.0418,0,0
-0.0414,0,0
-0.041,0.0121574,0.0121788
-0.0406,0.0126759,0.0126991
-0.0402,0,0
-0.0398,0,0
-0.0394,0,0
-0.039,0,0
-0.0386,0,0
-0.0382,0,0
-0.0378,0,0
-0.0374,0,0
-0.037,0,0
-0.0366,0,0
-0.0362,0,0
-0.0358,0,0
-0.0354,0.0127204,0.0127438
-0.035,0.014055,0.0140835
-0.0346,0,0
-0.0342,0,0
-0.0338,0,0
-0.0334,0.0130284,0.0130529
-0.033,0.00627088,0.00891435
-0.0326,0,0
-0.0322,0,0
-0.0318,0,0
-0.0314,0,0
-0.031,0,0
-0.0306,0,0
-0.0302,0,0
-0.0298,0,0
-0.0294,0,0
-0.029,0,0
-0.0286,0,0
-0.0282,0,0
-0.0278,0,0
-0.0274,0.0144075,0.0144374
-0.027,0,0
-0.0266,0,0
-0.0262,0,0
-0.0258,0,0
-0.0254,0,0
-0.025,0,0
-0.0246,0,0
-0.0242,0,0
-0.0238,0.0123606,0.0123826
-0.0234,0,0
-0.023,0.0250983,0.0177793
-0.0226,0,0
-0.0222,0,0
-0.0218,0,0
-0.0214,0,0
-0.021,0,0
-0.0206,0,0
-0.0202,0,0
-0.0198,0,0
-0.0194,0,0
-0.019,0,0
-0.0186,0,0
-0.0182,0,0
-0.0178,0,0
-0.0174,0.0108955,0.0115676
-0.017,0,0
-0.0166,0,0
-0.0162,0,0
-0.0158,0,0
-0.0154,0.0120744,0.0120952
-0.015,0,0
-0.0146,0,0
-0.0142,0,0
-0.0138,0,0
-0.0134,0,0
-0.013,0.0114369,0.0114556
-0.0126,0,0
-0.0122,0.0121182,0.0121392
-0.0118,0,0
-0.0114,0,0
-0.011,0,0
-0.0106,0,0
-0.0102,0,0
-0.0098,0.00289918,0.00614234
-0.0094,0,0
-0.009,0,0
-0.0086,0,0
-0.0082,0,0
-0.0078,0,0
-0.0074,0.0131197,0.0131443
-0.007,0.00835192,0.0104883
-0.0066,0.00499738,0.00780112
-0.0062,0.0362473,0.0212112
-0.0058,0.052444,0.0252128
-0.0054,0.0423757,0.0245151
-0.005,0.0380334,0.0219985
-0.0046,0.0639203,0.0286388
-0.0042,0.0400735,0.0231806
-0.0038,0.103158,0.0375896
-0.0034,0.18584,0.0498842
-0.003,0.210343,0.0526118
-0.0026,0.359707,0.0681884
-0.0022,0.717162,0.0939808
-0.0018,1.40535,0.133506
-0.0014,2.45152,0.179711
-0.001,3.97813,0.230956
-0.0006,5.12187,0.255482
-0.0002,5.20086,0.253602
0.0002,5.40808,0.263811
0.0006,3.87405,0.234991
0.001,2.59967,0.182128
0.0014,1.39345,0.138538
0.0018,0.48101,0.0792974
0.0022,0.217979,0.0529777
0.0026,0.0610106,0.0288862
0.003,0.0413875,0.0239576
0.0034,0.0261401,0.0185181
0.0038,0.0130016,0.0130256
0.0042,0.0126014,0.0126239
0.0046,0.0130472,0.0130713
0.005,0,0
0.0054,0,0
0.0058,0,0
0.0062,0,0
0.0066,0,0
0.007,0.0129838,0.0130076
0.0074,0.0257445,0.018251
0.0078,0.0121192,0.01214
0.0082,0,0
0.0086,0,0
0.009,0,0
0.0094,0,0
0.0098,0.0121781,0.0121991
0.0102,0,0
0.0106,0,0
0.011,0,0
0.0114,0.0036491,0.00692551
0.0118,0,0
0.0122,0,0
0.0126,0,0
0.013,0,0
0.0134,0.0127762,0.0127992
0.0138,0,0
0.0142,0.0124836,0.0125055
0.0146,0.0124861,0.0125081
0.015,0,0
0.0154,0,0
0.0158,0,0
0.0162,0,0
0.0166,0,0
0.017,0.0127763,0.0127993
0.0174,0,0
0.0178,0,0
0.0182,0,0
0.0186,0,0
0.019,0,0
0.0194,0.0105287,0.0116849
0.0198,0,0
0.0202,0,0
0.0206,0.0128233,0.0128464
0.021,0.0125594,0.0125816
0.0214,0.0128536,0.0128768
0.0218,0,0
0.0222,0,0
0.0226,0,0
0.023,0.0119304,0.0122466
0.0234,0,0
0.0238,0.0145031,0.0145326
0.0242,0.00340367,0.00684402
0.0246,0,0
0.025,0.0130512,0.013075
0.0254,0,0
0.0258,0,0
0.0262,0,0
0.0266,0,0
0.027,0,0
0.0274,0.0245487,0.0173884
0.0278,0,0
0.0282,0,0
0.0286,0,0
0.029,0,0
0.0294,0,0
0.0298,0,0
0.0302,0.0135708,0.0135966
0.0306,0,0
0.031,0,0
0.0314,0,0
0.0318,0,0
0.0322,0.0131932,0.0132175
0.0326,0,0
0.033,0,0
0.0334,0.0124713,0.012493
0.0338,0.0122637,0.0122846
0.0342,0,0
0.0346,0,0
0.035,0,0
0.0354,0,0
0.0358,0,0
0.0362,0.0125864,0.0126085
0.0366,0,0
0.037,0,0
0.0374,0,0
0.0378,0,0
0.0382,0,0
0.0386,0,0
0.039,0,0
0.0394,0,0
0.0398,0,0
0.0402,0,0
0.0406,0,0
0.041,0.0128585,0.0128815
0.0414,0,0
0.0418,0.0120386,0.0120588
0.0422,0,0
0.0426,0,0
0.043,0,0
0.0434,0,0
0.0438,0,0
0.0442,0,0
0.0446,0,0
0.045,0.014098,0.0141256
0.0454,0.0122678,0.0122887
0.0458,0,0
0.0462,0,0
0.0466,0,0
0.047,0,0
0.0474,0,0
0.0478,0,0
0.0482,0.0126806,0.0127029
0.0486,0.0137371,0.0137632
0.049,0,0
0.0494,0.0131188,0.0131426
0.0498,0.0121838,0.0122043
0.0502,0,0
0.0506,0,0
0.051,0,0
0.0514,0,0
0.0518,0,0
0.0522,0,0
0.0526,0,0
0.053,0,0
0.0534,0,0
0.0538,0,0
0.0542,0,0
0.0546,0,0
0.055,0,0
0.0554,0,0
0.0558,0,0
0.0562,0,0
0.0566,0,0
0.057,0,0
0.0574,0,0
0.0578,0,0
0.0582,0,0
0.0586,0,0
0.059,0,0
0.0594,0,0
0.0598,0.0125653,0.012587
0.0602,0,0
0.0606,0,0
0.061,0,0
0.0614,0,0
0.0618,0,0
0.0622,0,0
0.0626,0,0
0.063,0,0
0.0634,0,0
0.0638,0.0127156,0.0127378
0.0642,0,0
0.0646,0.0124696,0.012491
0.065,0,0
0.0654,0,0
0.0658,0,0
0.0662,0,0
0.0666,0,0
0.067,0.0129883,0.0130114
0.0674,0,0
0.0678,0,0
0.0682,0,0
0.0686,0,0
0.069,0,0
0.0694,0,0
0.0698,0,0
0.0702,0,0
0.0706,0,0
0.071,0,0
0.0714,0,0
0.0718,0,0
0.0722,0,0
0.0726,0,0
0.073,0,0
0.0734,0,0
0.0738,0,0
0.0742,0,0
0.0746,0.00829328,0.0107198
0.075,0,0
0.0754,0,0
0.0758,0,0
0.0762,0,0
0.0766,0,0
0.077,0.0136668,0.0136923
0.0774,0,0
0.0778,0,0
0.0782,0,0
0.0786,0,0
0.079,0,0
0.0794,0,0
0.0798,0,0
0.0802,0,0
0.0806,0,0
0.081,0,0
0.0814,0,0
0.0818,0,0
0.0822,0,0
0.0826,0,0
0.083,0,0
0.0834,0,0
0.0838,0,0
0.0842,0,0
0.0846,0,0
0.085,0,0
0.0854,0.0140482,0.014075
0.0858,0,0
0.0862,0,0
0.0866,0,0
0.087,0,0
0.0874,0,0
0.0878,0,0
0.0882,0,0
0.0886,0,0
0.089,0,0
0.0894,0,0
0.0898,0,0
0.0902,0,0
0.0906,0,0
0.091,0,0
0.0914,0,0
0.0918,0,0
0.0922,0,0
0.0926,0,0
0.093,0,0
0.0934,0,0
0.0938,0,0
0.0942,0,0
0.0946,0,0
0.095,0,0
0.0954,0,0
0.0958,0,0
0.0962,0,0
0.0966,0.0138189,0.0138447
0.097,0,0
0.0974,0,0
0.0978,0.0146653,0.0146943
0.0982,0,0
0.0986,0,0
0.099,0,0
0.0994,0,0
0.0998,0.0136221,0.0136471
0.1002,0,0
0.1006,0,0
0.101,0,0
0.1014,0,0
0.1018,0.0135836,0.0136084
0.1022,0,0
0.1026,0,0
0.103,0,0
0.1034,0,0
0.1038,0,0
0.1042,0,0
0.1046,0,0
0.105,0.0158052,0.0158387
0.1054,0,0
0.1058,0,0
0.1062,0,0
0.1066,0,0
0.107,0,0
0.1074,0,0
0.1078,0.016573,0.0166098
0.1082,0,0
0.1086,0,0
0.109,0,0
0.1094,0,0
0.1098,0,0
0.1102,0,0
0.1106,0,0
0.111,0,0
0.1114,0,0
0.1118,0,0
0.1122,0,0
0.1126,0,0
0.113,0,0
0.1134,0,0
0.1138,0,0
0.1142,0,0
0.1146,0,0
0.115,0.0204007,0.0204563
0.1154,0,0
0.1158,0,0
0.1162,0,0
0.1166,0,0
0.117,0.0213391,0.0213998
0.1174,0,0
0.1178,0,0
0.1182,0,0
0.1186,0,0
0.119,0.0220607,0.0221254
0.1194,0.0243578,0.0244367
0.1198,0,0
2
-0.1198,0,0
-0.1194,0,0
-0.119,0.00637688,0.0063899
-0.1186,0,0
-0.1182,0,0
-0.1178,0,0
-0.1174,0.00656476,0.00657855
-0.117,0,0
-0.1166,0,0
-0.1162,0.00600768,0.00601923
-0.1158,0,0
-0.1154,0,0
-0.115,0,0
-0.1146,0,0
-0.1142,0,0
-0.1138,0,0
-0.1134,0,0
-0.113,0.00548802,0.00549766
-0.1126,0,0
-0.1122,0,0
-0.1118,0,0
-0.1114,0,0
-0.111,0,0
-0.1106,0,0
-0.1102,0,0
-0.1098,0,0
-0.1094,0.00591338,0.00592456
-0.109,0,0
-0.1086,0,0
-0.1082,0.00609865,0.00611053
-0.1078,0,0
-0.1074,0,0
-0.107,0,0
-0.1066,0,0
-0.1062,0,0
-0.1058,0.00530357,0.00531255
-0.1054,0,0
-0.105,0.0116821,0.00827623
-0.1046,0,0
-0.1042,0,0
-0.1038,0,0
-0.1034,0,0
-0.103,0,0
-0.1026,0,0
-0.1022,0,0
-0.1018,0,0
-0.1014,0,0
-0.101,0,0
-0.1006,0,0
-0.1002,0,0
-0.0998,0,0
-0.0994,0,0
-0.099,0,0
-0.0986,0,0
-0.0982,0,0
-0.0978,0,0
-0.0974,0,0
-0.097,0,0
-0.0966,0,0
-0.0962,0,0
-0.0958,0,0
-0.0954,0,0
-0.095,0,0
-0.0946,0,0
-0.0942,0,0
-0.0938,0,0
-0.0934,0,0
-0.093,0.0010723,0.00248428
-0.0926,0.00573487,0.00574534
-0.0922,0.00605029,0.00606194
-0.0918,0,0
-0.0914,0,0
-0.091,0,0
-0.0906,0,0
-0.0902,0,0
-0.0898,0,0
-0.0894,0,0
-0.089,0.00543175,0.00544114
-0.0886,0,0
-0.0882,0,0
-0.0878,0.0118442,0.00839087
-0.0874,0.00223379,0.00365807
-0.087,0,0
-0.0866,0,0
-0.0862,0,0
-0.0858,0,0
-0.0854,0.00563881,0.00564892
-0.085,0,0
-0.0846,0.00208036,0.00357055
-0.0842,0,0
-0.0838,0,0
-0.0834,0,0
-0.083,0.00614657,0.00615856
-0.0826,0,0
-0.0822,0,0
-0.0818,0,0
-0.0814,0,0
-0.081,0,0
-0.0806,0,0
-0.0802,0,0
-0.0798,0,0
-0.0794,0.00631611,0.00632877
-0.079,0,0
-0.0786,0,0
-0.0782,0,0
-0.0778,0,0
-0.0774,0,0
-0.077,0,0
-0.0766,0,0
-0.0762,0,0
-0.0758,0,0
-0.0754,0,0
-0.075,0,0
-0.0746,0,0
-0.0742,0,0
-0.0738,0,0
-0.0734,0,0
-0.073,0,0
-0.0726,0,0
-0.0722,0.00559397,0.00560389
-0.0718,0,0
-0.0714,0,0
-0.071,0,0
-0.0706,0,0
-0.0702,0,0
-0.0698,0,0
-0.0694,0,0
-0.069,0,0
-0.0686,0,0
-0.0682,0,0
-0.0678,0,0
-0.0674,0,0
-0.067,0,0
-0.0666,0,0
-0.0662,0.00529483,0.0053037
-0.0658,0.00574603,0.00575648
-0.0654,0,0
-0.065,0,0
-0.0646,0,0
-0.0642,0,0
-0.0638,0,0
-0.0634,0,0
-0.063,0,0
-0.0626,0.00580991,0.00582059
-0.0622,0,0
-0.0618,0.005758,0.00576848
-0.0614,0,0
-0.061,0,0
-0.0606,0,0
-0.0602,0,0
-0.0598,0.00565719,0.00566731
-0.0594,0,0
-0.059,0,0
-0.0586,0,0
-0.0582,0,0
-0.0578,0,0
-0.0574,0.00600324,0.00601462
-0.057,0,0
-0.0566,0.0097057,0.00778261
-0.0562,0,0
-0.0558,0,0
-0.0554,0,0
-0.055,0,0
-0.0546,0,0
-0.0542,0.00661055,0.00662434
-0.0538,0.00570704,0.00571732
-0.0534,0,0
-0.053,0,0
-0.0526,0,0
-0.0522,0,0
-0.0518,0.00602976,0.00604123
-0.0514,0,0
-0.051,0.0028491,0.00417948
-0.0506,0.00547499,0.00548444
-0.0502,0,0
-0.0498,0,0
-0.0494,0.00619014,0.00620222
-0.049,0,0
-0.0486,0,0
-0.0482,0,0
-0.0478,0,0
-0.0474,0,0
-0.047,0.00986239,0.00731342
-0.0466,0.00424346,0.00510565
-0.0462,0,0
-0.0458,0,0
-0.0454,0,0
-0.045,0.00631761,0.00633018
-0.0446,0.00460165,0.00540275
-0.0442,0.0159052,0.00964232
-0.0438,0.0056522,0.00566226
-0.0434,0,0
-0.043,0,0
-0.0426,0.00615453,0.00616645
-0.0422,0,0
-0.0418,0,0
-0.0414,0,0
-0.041,0.0056432,0.00565322
-0.0406,0,0
-0.0402,0.00611027,0.00612202
-0.0398,0.00617833,0.00619033
-0.0394,0.0095358,0.00715764
-0.039,0.00726358,0.00629978
-0.0386,0,0
-0.0382,0,0
-0.0378,0.0061504,0.00616229
-0.0374,0,0
-0.037,0.00609972,0.00611141
-0.0366,0,0
-0.0362,0,0
-0.0358,0,0
-0.0354,0,0
-0.035,0,0
-0.0346,0,0
-0.0342,0.00600546,0.00601679
-0.0338,0.0041667,0.00499875
-0.0334,0.00597595,0.00598717
-0.033,0.0144975,0.00917962
-0.0326,0,0
-0.0322,0,0
-0.0318,0,0
-0.0314,0,0
-0.031,0,0
-0.0306,0,0
-0.0302,0.0118579,0.00840391
-0.0298,0,0
-0.0294,0,0
-0.029,0,0
-0.0286,0.00566047,0.00567052
-0.0282,0.00898389,0.00742929
-0.0278,0,0
-0.0274,0,0
-0.027,0.00598697,0.00599821
-0.0266,0,0
-0.0262,0.0060077,0.00601902
-0.0258,0.00553564,0.00554525
-0.0254,7.56805e-05,0.000648398
-0.025,0.00623473,0.00589255
-0.0246,0,0
-0.0242,0,0
-0.0238,0.00565731,0.00566734
-0.0234,0.0173118,0.0100864
-0.023,0,0
-0.0226,0.00575462,0.00576499
-0.0222,0,0
-0.0218,0,0
-0.0214,0,0
-0.021,0,0
-0.0206,0,0
-0.0202,0,0
-0.0198,0,0
-0.0194,0,0
-0.019,0,0
-0.0186,0.00583867,0.00584934
-0.0182,0,0
-0.0178,0,0
-0.0174,0,0
-0.017,0,0
-0.0166,0,0
-0.0162,0,0
-0.0158,0.00602775,0.00603911
-0.0154,0,0
-0.015,0,0
-0.0146,0,0
-0.0142,0,0
-0.0138,0,0
-0.0134,0,0
-0.013,0,0
-0.0126,0,0
-0.0122,0.0058001,0.00581062
-0.0118,0,0
-0.0114,0.0238546,0.0123774
-0.011,0.00563422,0.00564414
-0.0106,0.00595388,0.00596496
-0.0102,0,0
-0.0098,0.00458994,0.00521875
-0.0094,0,0
-0.009,0,0
-0.0086,0.0016528,0.00320745
-0.0082,0.00378306,0.00470925
-0.0078,0,0
-0.0074,0.0059782,0.00598936
-0.007,0.0117332,0.00831337
-0.0066,0.0143096,0.00890999
-0.0062,0.00582532,0.00583591
-0.0058,0.018325,0.00979685
-0.0054,0.0186652,0.0108098
-0.005,0.030846,0.0138406
-0.0046,0.017497,0.0101203
-0.0042,0.0281827,0.0131163
-0.0038,0.0588229,0.0192096
-0.0034,0.0664985,0.0200331
-0.003,0.0411144,0.015624
-0.0026,0.0942147,0.023559
-0.0022,0.187218,0.032384
-0.0018,0.428846,0.0497993
-0.0014,0.793073,0.0688881
-0.001,1.24099,0.0868472
-0.0006,1.7072,0.0992506
-0.0002,1.74321,0.0988961
0.0002,1.74081,0.100805
0.0006,1.85747,0.109653
0.001,1.03521,0.0776962
0.0014,0.556751,0.0588129
0.0018,0.245021,0.0381355
0.0022,0.144514,0.0290919
0.0026,0.066868,0.0204387
0.003,0.0193591,0.0107861
0.0034,0.0178126,0.0103032
0.0038,0.00727639,0.0065673
0.0042,0,0
0.0046,0.0118799,0.00841597
0.005,0,0
0.0054,0.00530786,0.00531663
0.0058,0,0
0.0062,0.0134398,0.00952324
0.0066,0.00672051,0.00673456
0.007,0.0115057,0.00815271
0.0074,0,0
0.0078,0,0
0.0082,0,0
0.0086,0,0
0.009,0,0
0.0094,0,0
0.0098,0.00589508,0.0059059
0.0102,0.00552107,0.00553055
0.0106,0.0057517,0.00576199
0.011,0,0
0.0114,0.0104572,0.00798709
0.0118,0,0
0.0122,0,0
0.0126,0,0
0.013,0,0
0.0134,0,0
0.0138,0,0
0.0142,0,0
0.0146,0.00557934,0.00559612
0.015,0.00604481,0.00605617
0.0154,0,0
0.0158,0,0
0.0162,0.00585981,0.00587048
0.0166,0.00583196,0.00584253
0.017,0,0
0.0174,0.00575968,0.00576998
0.0178,0.0154707,0.00894634
0.0182,0.00233639,0.00353074
0.0186,0.00579721,0.00580764
0.019,0,0
0.0194,0,0
0.0198,0.00546972,0.00547901
0.0202,0.00590964,0.00592049
0.0206,0,0
0.021,0,0
0.0214,0,0
0.0218,0,0
0.0222,0,0
0.0226,0.00607458,0.00608603
0.023,0.00592389,0.0057978
0.0234,0,0
0.0238,0,0
0.0242,0.00464999,0.00537347
0.0246,0.00630321,0.00631553
0.025,0,0
0.0254,0.00578313,0.0057935
0.0258,0,0
0.0262,0,0
0.0266,0,0
0.027,0,0
0.0274,0,0
0.0278,0.00563754,0.00564739
0.0282,0.00583077,0.00584131
0.0286,0.00551491,0.00552434
0.029,0,0
0.0294,0.00532846,0.00533726
0.0298,0,0
0.0302,0.00573586,0.00574605
0.0306,0,0
0.031,0,0
0.0314,0,0
0.0318,0,0
0.0322,0,0
0.0326,0,0
0.033,0,0
0.0334,0.00546762,0.00547687
0.0338,0.00546812,0.00547738
0.0342,0,0
0.0346,0,0
0.035,0.00593031,0.00594119
0.0354,0,0
0.0358,0.00565701,0.00566692
0.0362,0.0034478,0.00453453
0.0366,0.00615691,0.00616863
0.037,0,0
0.0374,0,0
0.0378,0,0
0.0382,0.000598318,0.00175928
0.0386,0,0
0.039,0.00544572,0.00545489
0.0394,0.00596179,0.00597278
0.0398,0,0
0.0402,0.00458738,0.00513296
0.0406,0,0
0.041,0,0
0.0414,0,0
0.0418,0.00569765,0.00570768
0.0422,0,0
0.0426,0,0
0.043,0,0
0.0434,0,0
0.0438,0.00562596,0.00563574
0.0442,0.00555626,0.0055658
0.0446,0,0
0.045,0,0
0.0454,0,0
0.0458,0.00740067,0.00639145
0.0462,0.00557789,0.00558749
0.0466,0.00505225,0.00506013
0.047,0.00580401,0.00581441
0.0474,0,0
0.0478,0,0
0.0482,0,0
0.0486,0.00195878,0.00347866
0.049,0,0
0.0494,0,0
0.0498,0.00587658,0.00588723
0.0502,0,0
0.0506,0,0
0.051,0,0
0.0514,0,0
0.0518,0,0
0.0522,0,0
0.0526,0.00540746,0.00541647
0.053,0,0
0.0534,0,0
0.0538,0.00599343,0.0060045
0.0542,0,0
0.0546,0.00557917,0.00558876
0.055,0,0
0.0554,0,0
0.0558,0,0
0.0562,0.0124928,0.00885347
0.0566,0,0
0.057,0,0
0.0574,0.0064696,0.00648248
0.0578,0,0
0.0582,0,0
0.0586,0.005886,0.00589667
0.059,0.00576397,0.0057742
0.0594,0,0
0.0598,0.00610405,0.00591963
0.0602,0,0
0.0606,0,0
0.061,0.00588947,0.00590014
0.0614,0,0
0.0618,0,0
0.0622,0,0
0.0626,0,0
0.063,0,0
0.0634,0,0
0.0638,0,0
0.0642,0,0
0.0646,0,0
0.065,0,0
0.0654,0,0
0.0658,0,0
0.0662,0,0
0.0666,0.00612005,0.00613155
0.067,0,0
0.0674,0,0
0.0678,0,0
0.0682,0.00578021,0.00579047
0.0686,0,0
0.069,0.00584947,0.00585997
0.0694,0,0
0.0698,0,0
0.0702,0.00572274,0.00573279
0.0706,0,0
0.071,0,0
0.0714,0,0
0.0718,0.00584212,0.00585259
0.0722,0.00576772,0.00577792
0.0726,0,0
0.073,0.00560388,0.00570161
0.0734,0,0
0.0738,0,0
0.0742,0,0
0.0746,0.00245093,0.00388631
0.075,0,0
0.0754,0,0
0.0758,0,0
0.0762,0,0
0.0766,0,0
0.077,0,0
0.0774,0,0
0.0778,0,0
0.0782,0,0
0.0786,0,0
0.079,0,0
0.0794,0,0
0.0798,0,0
0.0802,0,0
0.0806,0,0
0.081,0.00624821,0.00626016
0.0814,0,0
0.0818,0,0
0.0822,0,0
0.0826,0,0
0.083,0,0
0.0834,0.00595769,0.00596855
0.0838,0,0
0.0842,0,0
0.0846,0.0057021,0.00571205
0.085,0,0
0.0854,0,0
0.0858,0.00604299,0.00605416
0.0862,0,0
0.0866,0,0
0.087,0,0
0.0874,0,0
0.0878,0,0
0.0882,0.00572841,0.00573844
0.0886,0.00586658,0.00587709
0.089,0.00562793,0.0056376
0.0894,0,0
0.0898,0,0
0.0902,0,0
0.0906,0.00563355,0.00564325
0.091,0,0
0.0914,0,0
0.0918,0,0
0.0922,0,0
0.0926,0,0
0.093,0,0
0.0934,0,0
0.0938,0,0
0.0942,0,0
0.0946,0,0
0.095,0,0
0.0954,0.00647058,0.00648335
0.0958,0,0
0.0962,0,0
0.0966,0.00635635,0.00636867
0.097,0,0
0.0974,0,0
0.0978,0.00602677,0.00603784
0.0982,0,0
0.0986,0,0
0.099,0.00634242,0.00635468
0.0994,0,0
0.0998,0,0
0.1002,0.00700001,0.00701493
0.1006,0,0
0.101,0,0
0.1014,0,0
0.1018,0,0
0.1022,0,0
0.1026,0.00680574,0.00681984
0.103,0,0
0.1034,0,0
0.1038,0.00555828,0.00618227
0.1042,0.00694003,0.00695468
0.1046,0.00759214,0.00760968
0.105,0,0
0.1054,0,0
0.1058,0,0
0.1062,0,0
0.1066,0,0
0.107,0,0
0.1074,0.00508341,0.00622428
0.1078,0,0
0.1082,0,0
0.1086,0,0
0.109,0,0
0.1094,0,0
0.1098,0,0
0.1102,0,0
0.1106,0,0
0.111,0,0
0.1114,0,0
0.1118,0,0
0.1122,0,0
0.1126,0,0
0.113,0,0
0.1134,0.0101728,0.0102042
0.1138,0,0
0.1142,0,0
0.1146,0,0
0.115,0,0
0.1154,0,0
0.1158,0,0
0.1162,0,0
0.1166,0,0
0.117,0,0
0.1174,0.00842044,0.00844193
0.1178,0.00936428,0.00939084
0.1182,0,0
0.1186,0.0189384,0.0134299
0.119,0,0
0.1194,0,0
0.1198,0.00962228,0.00965032
3
-0.1198,0,0
-0.1194,0,0
-0.119,0,0
-0.1186,0.00617477,0.00618648
-0.1182,0,0
-0.1178,0,0
-0.1174,0,0
-0.117,0,0
-0.1166,0,0
-0.1162,0,0
-0.1158,0,0
-0.1154,0.00610028,0.0061117
-0.115,0,0
-0.1146,0,0
-0.1142,0,0
-0.1138,0,0
-0.1134,0,0
-0.113,0.00572344,0.00573349
-0.1126,0,0
-0.1122,0,0
-0.1118,0,0
-0.1114,0,0
-0.111,0,0
-0.1106,0,0
-0.1102,0,0
-0.1098,0.00616944,0.0061811
-0.1094,0,0
-0.109,0,0
-0.1086,0.00597703,0.00598797
-0.1082,0,0
-0.1078,0,0
-0.1074,0,0
-0.107,0,0
-0.1066,0,0
-0.1062,0,0
-0.1058,0,0
-0.1054,0,0
-0.105,0,0
-0.1046,0,0
-0.1042,0,0
-0.1038,0,0
-0.1034,0.00503765,0.00571379
-0.103,0,0
-0.1026,0,0
-0.1022,0,0
-0.1018,0,0
-0.1014,0.0066853,0.00669894
-0.101,0,0
-0.1006,0,0
-0.1002,0.00666462,0.00667817
-0.0998,0,0
-0.0994,0,0
-0.099,0,0
-0.0986,0,0
-0.0982,0,0
-0.0978,0,0
-0.0974,0.00656827,0.00658142
-0.097,0.00656899,0.00658214
-0.0966,0.00619123,0.00620291
-0.0962,0,0
-0.0958,0,0
-0.0954,0,0
-0.095,0,0
-0.0946,0,0
-0.0942,0.00641411,0.00646809
-0.0938,0,0
-0.0934,0,0
-0.093,0.00657786,0.00659103
-0.0926,0,0
-0.0922,0,0
-0.0918,0,0
-0.0914,0,0
-0.091,0,0
-0.0906,0,0
-0.0902,0,0
-0.0898,0,0
-0.0894,0,0
-0.089,0,0
-0.0886,0.00853298,0.00716319
-0.0882,0,0
-0.0878,0,0
-0.0874,0.00391237,0.00495543
-0.087,0.00625381,0.00626568
-0.0866,0,0
-0.0862,0,0
-0.0858,0,0
-0.0854,0.00601128,0.00602224
-0.085,0,0
-0.0846,0,0
-0.0842,0,0
-0.0838,0,0
-0.0834,0.00639242,0.0064048
-0.083,0,0
-0.0826,0,0
-0.0822,0,0
-0.0818,0.00681207,0.00682611
-0.0814,0,0
-0.081,0,0
-0.0806,0,0
-0.0802,0,0
-0.0798,0.00662935,0.00664264
-0.0794,0,0
-0.079,0,0
-0.0786,0,0
-0.0782,0,0
-0.0778,0.00726818,0.00677383
-0.0774,0.00635879,0.006371
-0.077,0,0
-0.0766,0,0
-0.0762,0.00322645,0.00457248
-0.0758,0,0
-0.0754,0,0
-0.075,0.00626952,0.00628138
-0.0746,0,0
-0.0742,0.00614323,0.00615461
-0.0738,0,0
-0.0734,0.00613259,0.00614393
-0.073,0,0
-0.0726,0,0
-0.0722,0,0
-0.0718,0,0
-0.0714,0.00661725,0.00663044
-0.071,0,0
-0.0706,0,0
-0.0702,0,0
-0.0698,0,0
-0.0694,0,0
-0.069,0.00641061,0.00642297
-0.0686,0.00653093,0.00654376
-0.0682,0,0
-0.0678,0,0
-0.0674,0,0
-0.067,0,0
-0.0666,0,0
-0.0662,0,0
-0.0658,0.00605395,0.00606496
-0.0654,0,0
-0.065,0,0
-0.0646,0,0
-0.0642,0.00309684,0.00436537
-0.0638,0.0064346,0.00644702
-0.0634,0,0
-0.063,0,0
-0.0626,0.00605629,0.00606729
-0.0622,0.00612775,0.006139
-0.0618,0,0
-0.0614,0.00618796,0.00619944
-0.061,0,0
-0.0606,0.000686171,0.0020561
-0.0602,0,0
-0.0598,0.00667272,0.00668605
-0.0594,0,0
-0.059,0,0
-0.0586,0,0
-0.0582,0,0
-0.0578,0,0
-0.0574,0,0
-0.057,0.00633846,0.00635047
-0.0566,0.00216082,0.00379147
-0.0562,0,0
-0.0558,0.00576827,0.00577822
-0.0554,0,0
-0.055,0,0
-0.0546,0,0
-0.0542,0,0
-0.0538,0,0
-0.0534,0,0
-0.053,0.00130321,0.00281723
-0.0526,0,0
-0.0522,0,0
-0.0518,0,0
-0.0514,0,0
-0.051,0,0
-0.0506,0.00579105,0.00580105
-0.0502,0,0
-0.0498,0,0
-0.0494,0,0
-0.049,0,0
-0.0486,0,0
-0.0482,0,0
-0.0478,0,0
-0.0474,0.0118522,0.00839561
-0.047,0,0
-0.0466,0,0
-0.0462,0,0
-0.0458,0,0
-0.0454,0,0
-0.045,0,0
-0.0446,0,0
-0.0442,0.00164606,0.00317948
-0.0438,0,0
-0.0434,0,0
-0.043,0,0
-0.0426,0.0065231,0.00653573
-0.0422,0,0
-0.0418,0,0
-0.0414,0,0
-0.041,0,0
-0.0406,0,0
-0.0402,0,0
-0.0398,0,0
-0.0394,0.00692343,0.00628104
-0.039,0.00401975,0.00493795
-0.0386,0.00673545,0.0067489
-0.0382,0,0
-0.0378,0.00111215,0.00269913
-0.0374,0,0
-0.037,0,0
-0.0366,0,0
-0.0362,0,0
-0.0358,0,0
-0.0354,0.012921,0.00915401
-0.035,0,0
-0.0346,0,0
-0.0342,0.00684466,0.00685852
-0.0338,0.00191963,0.00349628
-0.0334,0,0
-0.033,0,0
-0.0326,0,0
-0.0322,0.00676684,0.00678038
-0.0318,0.0135358,0.00959041
-0.0314,0,0
-0.031,0.0060703,0.00608119
-0.0306,0,0
-0.0302,0.00648096,0.00649336
-0.0298,0.00628454,0.0062962
-0.0294,0,0
-0.029,0.00577363,0.00578347
-0.0286,0.0152997,0.00953832
-0.0282,0.00346199,0.0047552
-0.0278,0,0
-0.0274,0,0
-0.027,0.00636671,0.00637866
-0.0266,0,0
-0.0262,0,0
-0.0258,0,0
-0.0254,0.00580875,0.00585902
-0.025,0.00515536,0.00551587
-0.0246,0,0
-0.0242,0,0
-0.0238,0.00639116,0.00640319
-0.0234,0.000259564,0.00126538
-0.023,0.00592241,0.00602105
-0.0226,0.00663415,0.0066471
-0.0222,0.00663529,0.00664825
-0.0218,0,0
-0.0214,0,0
-0.021,0,0
-0.0206,0,0
-0.0202,0.00155667,0.00317833
-0.0198,0,0
-0.0194,0,0
-0.019,0,0
-0.0186,0,0
-0.0182,0.00648727,0.00649964
-0.0178,0.00632416,0.0063359
-0.0174,0.0100741,0.00777634
-0.017,0.00870104,0.0070495
-0.0166,0,0
-0.0162,0.00623713,0.00624855
-0.0158,0,0
-0.0154,0,0
-0.015,0,0
-0.0146,0,0
-0.0142,0.00341425,0.00460513
-0.0138,0,0
-0.0134,0,0
-0.013,0.0055682,0.00557729
-0.0126,0.00384226,0.00488482
-0.0122,0,0
-0.0118,0.0129617,0.00918274
-0.0114,0.00178857,0.00356534
-0.011,0.00601331,0.00602391
-0.0106,0.0121279,0.008591
-0.0102,0.00595381,0.00596419
-0.0098,0.00631113,0.00632279
-0.0094,0.00335026,0.00455917
-0.009,0,0
-0.0086,0.0180976,0.0109675
-0.0082,0.0150571,0.0098401
-0.0078,0.00355477,0.00482627
-0.0074,0.0120809,0.00855761
-0.007,0,0
-0.0066,0.0118122,0.00836693
-0.0062,0,0
-0.0058,0.000758903,0.00206077
-0.0054,0.00367636,0.00478184
-0.005,0.012466,0.00879043
-0.0046,0.0124659,0.00883081
-0.0042,0.00887544,0.00760947
-0.0038,0.0231198,0.0124115
-0.0034,0.0324376,0.0145356
-0.003,0.0763063,0.0220709
-0.0026,0.0532943,0.018306
-0.0022,0.184583,0.0332502
-0.0018,0.368216,0.0478906
-0.0014,0.464308,0.0545096
-0.001,0.790168,0.0717234
-0.0006,0.958569,0.0768511
-0.0002,0.952001,0.0756624
0.0002,0.991596,0.0785716
0.0006,1.03898,0.0847534
0.001,0.602008,0.0609505
0.0014,0.355507,0.0486947
0.0018,0.200852,0.0357147
0.0022,0.0798573,0.022447
0.0026,0.0755714,0.0224923
0.003,0.0409561,0.0164249
0.0034,0.007928,0.0071116
0.0038,0.0149273,0.00973242
0.0042,0.0128045,0.00895066
0.0046,0,0
0.005,0.0127556,0.00903635
0.0054,0,0
0.0058,0,0
0.0062,0,0
0.0066,0,0
0.007,0,0
0.0074,0.0129968,0.00920753
0.0078,0,0
0.0082,0.00589141,0.00590149
0.0086,0,0
0.009,0,0
0.0094,0,0
0.0098,0,0
0.0102,0,0
0.0106,0,0
0.011,0,0
0.0114,0.00636237,0.00637411
0.0118,0,0
0.0122,0.0118771,0.00842248
0.0126,0.00127152,0.00281803
0.013,0.00234408,0.00398553
0.0134,0,0
0.0138,0,0
0.0142,0.0146169,0.00945143
0.0146,1.51885e-05,0.000302455
0.015,0,0
0.0154,0.00643859,0.00645059
0.0158,0.0125246,0.00887237
0.0162,0,0
0.0166,0.00188975,0.00329348
0.017,0.00620277,0.00621391
0.0174,0,0
0.0178,0.00553647,0.00554534
0.0182,0.00942521,0.00756411
0.0186,0.0062247,0.00623591
0.019,0.0059594,0.00596968
0.0194,0.00318813,0.00447927
0.0198,0,0
0.0202,0.00237519,0.00373269
0.0206,0,0
0.021,0.00622302,0.00623421
0.0214,0,0
0.0218,0.0118172,0.00837028
0.0222,0.00652567,0.00653798
0.0226,0,0
0.023,0,0
0.0234,0,0
0.0238,0,0
0.0242,0,0
0.0246,0,0
0.025,0,0
0.0254,0,0
0.0258,0,0
0.0262,0,0
0.0266,0.00651348,0.00652571
0.027,0,0
0.0274,0,0
0.0278,0.00606239,0.00607298
0.0282,0.00627082,0.00628216
0.0286,0,0
0.029,0.0114637,0.00812011
0.0294,0,0
0.0298,0,0
0.0302,0,0
0.0306,0,0
0.031,0,0
0.0314,0,0
0.0318,0,0
0.0322,0.00638944,0.00640119
0.0326,0,0
0.033,0,0
0.0334,0,0
0.0338,0.00588602,0.00589598
0.0342,0,0
0.0346,0,0
0.035,0,0
0.0354,0,0
0.0358,0,0
0.0362,0.0026858,0.00415312
0.0366,0.00639923,0.006411
0.037,0,0
0.0374,0,0
0.0378,0,0
0.0382,0.00490988,0.00523052
0.0386,0.0055551,0.00556397
0.039,0,0
0.0394,0,0
0.0398,0,0
0.0402,0.00122379,0.00275198
0.0406,0,0
0.041,0,0
0.0414,0,0
0.0418,0,0
0.0422,0.00573294,0.00574236
0.0426,0,0
0.043,0,0
0.0434,0,0
0.0438,0,0
0.0442,0.00599018,0.00600047
0.0446,0,0
0.045,0,0
0.0454,0,0
0.0458,0.00388352,0.00480773
0.0462,0,0
0.0466,0,0
0.047,0,0
0.0474,0,0
0.0478,0,0
0.0482,0,0
0.0486,0.00452579,0.00549175
0.049,0.00627932,0.00629059
0.0494,0,0
0.0498,0,0
0.0502,0,0
0.0506,0.00684512,0.00685851
0.051,0,0
0.0514,0,0
0.0518,0.00612849,0.00613923
0.0522,0,0
0.0526,0,0
0.053,0,0
0.0534,0.00599015,0.0060004
0.0538,0.00646827,0.00648022
0.0542,0,0
0.0546,0,0
0.055,0,0
0.0554,0,0
0.0558,0,0
0.0562,0,0
0.0566,0,0
0.057,0.00613313,0.00614386
0.0574,0.00148655,0.00322855
0.0578,0,0
0.0582,0,0
0.0586,0,0
0.059,0,0
0.0594,0,0
0.0598,0.00576279,0.00597671
0.0602,0,0
0.0606,0,0
0.061,0.0067015,0.00671429
0.0614,0.00670242,0.00671521
0.0618,0,0
0.0622,0,0
0.0626,0.0063676,0.00637915
0.063,0,0
0.0634,0.00192367,0.00352022
0.0638,0,0
0.0642,0,0
0.0646,0,0
0.065,0,0
0.0654,0,0
0.0658,0,0
0.0662,0,0
0.0666,0,0
0.067,0,0
0.0674,0,0
0.0678,0,0
0.0682,0,0
0.0686,0,0
0.069,0,0
0.0694,0,0
0.0698,0.00668926,0.00670197
0.0702,0.00668995,0.00670266
0.0706,0,0
0.071,0,0
0.0714,0,0
0.0718,0,0
0.0722,0.00615674,0.0061675
0.0726,0,0
0.073,0.00019089,0.00109391
0.0734,0,0
0.0738,0.00687458,0.00688799
0.0742,0,0
0.0746,0,0
0.075,0,0
0.0754,0,0
0.0758,0,0
0.0762,0,0
0.0766,0,0
0.077,0,0
0.0774,0,0
0.0778,0,0
0.0782,0,0
0.0786,0,0
0.079,0,0
0.0794,0.00619869,0.00620958
0.0798,0,0
0.0802,0,0
0.0806,0,0
0.081,0,0
0.0814,0,0
0.0818,0.0133785,0.00947882
0.0822,0.0128899,0.00914367
0.0826,0,0
0.083,0,0
0.0834,0.00644201,0.00645375
0.0838,0.0126995,0.00899606
0.0842,0.00626599,0.0062771
0.0846,0,0
0.085,0,0
0.0854,0,0
0.0858,0,0
0.0862,0.00653592,0.006548
0.0866,0.00640688,0.00641848
0.087,0,0
0.0874,0.00591361,0.00592349
0.0878,0,0
0.0882,0,0
0.0886,0,0
0.089,0.00670865,0.00672137
0.0894,0,0
0.0898,0,0
0.0902,0.00335764,0.00446352
0.0906,0,0
0.091,0,0
0.0914,0,0
0.0918,0,0
0.0922,0,0
0.0926,0.00718686,0.00720144
0.093,0,0
0.0934,0.00622416,0.00623509
0.0938,0,0
0.0942,0,0
0.0946,0,0
0.095,0,0
0.0954,0,0
0.0958,0.00699904,0.00701286
0.0962,0,0
0.0966,0,0
0.097,0,0
0.0974,0.00672483,0.00673758
0.0978,0,0
0.0982,0,0
0.0986,0,0
0.099,0,0
0.0994,0,0
0.0998,0,0
0.1002,0.00757065,0.00758679
0.1006,0,0
0.101,0.00695525,0.00696887
0.1014,0,0
0.1018,0,0
0.1022,0,0
0.1026,0,0
0.103,0,0
0.1034,0.00738362,0.00739897
0.1038,0.00879873,0.00808835
0.1042,0,0
0.1046,0,0
0.105,0.00753451,0.00755048
0.1054,0,0
0.1058,0,0
0.1062,0,0
0.1066,0,0
0.107,0,0
0.1074,0.00270558,0.00472129
0.1078,0,0
0.1082,0,0
0.1086,0,0
0.109,0,0
0.1094,0,0
0.1098,0,0
0.1102,0,0
0.1106,0,0
0.111,0,0
0.1114,0,0
0.1118,0.00904171,0.00906468
0.1122,0.00983422,0.00986138
0.1126,0,0
0.113,0,0
0.1134,0,0
0.1138,0.00943757,0.00946257
0.1142,0,0
0.1146,0,0
0.115,0,0
0.1154,0,0
0.1158,0,0
0.1162,0.0100397,0.010068
0.1166,0,0
0.117,0,0
0.1174,0,0
0.1178,0.0101123,0.0101409
0.1182,0,0
0.1186,0,0
0.119,0,0
0.1194,0,0
0.1198,0,0
4
-0.1198,0,0
-0.1194,0,0
-0.119,0,0
-0.1186,0,0
-0.1182,0,0
-0.1178,0,0
-0.1174,0,0
-0.117,0.00606223,0.00607348
-0.1166,0,0
-0.1162,0.00628341,0.00629549
-0.1158,0,0
-0.1154,0,0
-0.115,0,0
-0.1146,0.00590385,0.00591451
-0.1142,0,0
-0.1138,0,0
-0.1134,0,0
-0.113,0.0054403,0.00544935
-0.1126,0,0
-0.1122,0,0
-0.1118,0,0
-0.1114,0,0
-0.111,0,0
-0.1106,0,0
-0.1102,0,0
-0.1098,0,0
-0.1094,0,0
-0.109,0,0
-0.1086,0,0
-0.1082,0,0
-0.1078,0,0
-0.1074,0,0
-0.107,0.00628793,0.00629997
-0.1066,0,0
-0.1062,0,0
-0.1058,0,0
-0.1054,0.00589327,0.00590383
-0.105,0,0
-0.1046,0,0
-0.1042,0,0
-0.1038,0,0
-0.1034,0.00784694,0.00711941
-0.103,0,0
-0.1026,0,0
-0.1022,0,0
-0.1018,0,0
-0.1014,0,0
-0.101,0,0
-0.1006,0,0
-0.1002,0,0
-0.0998,0,0
-0.0994,0,0
-0.099,0.00577915,0.00556774
-0.0986,0,0
-0.0982,0,0
-0.0978,0.00608328,0.0060945
-0.0974,0,0
-0.097,0,0
-0.0966,0.00622737,0.00623911
-0.0962,0,0
-0.0958,0,0
-0.0954,0,0
-0.095,0,0
-0.0946,0,0
-0.0942,0.00632164,0.00629374
-0.0938,0,0
-0.0934,0,0
-0.093,0,0
-0.0926,0,0
-0.0922,0,0
-0.0918,0,0
-0.0914,0,0
-0.091,0,0
-0.0906,0,0
-0.0902,0,0
-0.0898,0,0
-0.0894,0,0
-0.089,0,0
-0.0886,0.00347085,0.00458231
-0.0882,0,0
-0.0878,0,0
-0.0874,0,0
-0.087,0,0
-0.0866,0,0
-0.0862,0,0
-0.0858,0,0
-0.0854,0,0
-0.085,0.00628995,0.00630188
-0.0846,0,0
-0.0842,0,0
-0.0838,0.006445,0.00645751
-0.0834,0,0
-0.083,0,0
-0.0826,0.00648466,0.00649732
-0.0822,0,0
-0.0818,0,0
-0.0814,0.00610691,0.00611814
-0.081,0,0
-0.0806,0,0
-0.0802,0,0
-0.0798,0,0
-0.0794,0,0
-0.079,0,0
-0.0786,0,0
-0.0782,0,0
-0.0778,0.00533735,0.0058196
-0.0774,0,0
-0.077,0,0
-0.0766,0,0
-0.0762,0.00324397,0.0045959
-0.0758,0,0
-0.0754,0,0
-0.075,0,0
-0.0746,0,0
-0.0742,0,0
-0.0738,0,0
-0.0734,0,0
-0.073,0,0
-0.0726,0,0
-0.0722,0,0
-0.0718,0.00553938,0.00554859
-0.0714,0,0
-0.071,0.00610724,0.00611842
-0.0706,0,0
-0.0702,0,0
-0.0698,0.00617706,0.0061885
-0.0694,0,0
-0.069,0,0
-0.0686,0,0
-0.0682,0.000737928,0.0022451
-0.0678,0,0
-0.0674,0,0
-0.067,0,0
-0.0666,0,0
-0.0662,0,0
-0.0658,0,0
-0.0654,0,0
-0.065,0,0
-0.0646,0.00626184,0.00627358
-0.0642,0.00304288,0.00433344
-0.0638,0,0
-0.0634,0.00592972,0.00594024
-0.063,0,0
-0.0626,0,0
-0.0622,0.00608762,0.0060987
-0.0618,0.000805192,0.00222824
-0.0614,0,0
-0.061,0,0
-0.0606,0.00546498,0.00580934
-0.0602,0,0
-0.0598,0,0
-0.0594,0.00591392,0.00592437
-0.059,0.00591438,0.00592483
-0.0586,0,0
-0.0582,0,0
-0.0578,0.00646237,0.00647484
-0.0574,0,0
-0.057,0,0
-0.0566,0.00447251,0.00545897
-0.0562,0,0
-0.0558,0,0
-0.0554,0,0
-0.055,0.00637157,0.00638368
-0.0546,0,0
-0.0542,0,0
-0.0538,0,0
-0.0534,0.00617856,0.00618995
-0.053,0.0166269,0.00998325
-0.0526,0.0121521,0.00860842
-0.0522,0,0
-0.0518,0,0
-0.0514,0,0
-0.051,0,0
-0.0506,0,0
-0.0502,0,0
-0.0498,0,0
-0.0494,0,0
-0.049,0.00654979,0.00656257
-0.0486,0,0
-0.0482,0,0
-0.0478,0.00607968,0.00609069
-0.0474,0,0
-0.047,0.000567542,0.00180462
-0.0466,0.00647465,0.00648714
-0.0462,0.00604012,0.00626587
-0.0458,0,0
-0.0454,0,0
-0.045,0,0
-0.0446,0,0
-0.0442,0.0061106,0.00612172
-0.0438,0,0
-0.0434,0.00620055,0.00621199
-0.043,0,0
-0.0426,0,0
-0.0422,0,0
-0.0418,0,0
-0.0414,0.00597002,0.00598062
-0.041,0,0
-0.0406,0,0
-0.0402,0,0
-0.0398,0,0
-0.0394,0,0
-0.039,0.00566518,0.00567473
-0.0386,0,0
-0.0382,0,0
-0.0378,0.00539761,0.00593765
-0.0374,0,0
-0.037,0.00645239,0.00646476
-0.0366,0,0
-0.0362,0,0
-0.0358,0,0
-0.0354,0,0
-0.035,0,0
-0.0346,0,0
-0.0342,0,0
-0.0338,0,0
-0.0334,0,0
-0.033,0,0
-0.0326,0,0
-0.0322,0,0
-0.0318,0,0
-0.0314,0,0
-0.031,0,0
-0.0306,0,0
-0.0302,0,0
-0.0298,0,0
-0.0294,0,0
-0.029,0.00574353,0.00575332
-0.0286,0.00249592,0.00387175
-0.0282,0,0
-0.0278,0,0
-0.0274,0,0
-0.027,0,0
-0.0266,0.00562385,0.00563324
-0.0262,0,0
-0.0258,0,0
-0.0254,0.00627894,0.00607198
-0.025,0,0
-0.0246,0,0
-0.0242,0,0
-0.0238,0,0
-0.0234,0,0
-0.023,0.000175704,0.0010333
-0.0226,0,0
-0.0222,0,0
-0.0218,0,0
-0.0214,0,0
-0.021,0,0
-0.0206,0,0
-0.0202,0.0112781,0.00851929
-0.0198,0,0
-0.0194,0,0
-0.019,0,0
-0.0186,0,0
-0.0182,0.000121412,0.000866797
-0.0178,0,0
-0.0174,0.00778467,0.00679844
-0.017,0.00265802,0.00387759
-0.0166,0,0
-0.0162,0,0
-0.0158,0.00636195,0.00637395
-0.0154,0,0
-0.015,0,0
-0.0146,0.0188969,0.0109306
-0.0142,0.00274489,0.00410689
-0.0138,0.00601475,0.00602548
-0.0134,0,0
-0.013,0,0
-0.0126,0.00231875,0.00377299
-0.0122,0,0
-0.0118,0,0
-0.0114,0,0
-0.011,0,0
-0.0106,0.00598957,0.0060002
-0.0102,0.0176383,0.0102013
-0.0098,0.0124618,0.00882813
-0.0094,0.00279528,0.00413762
-0.009,0,0
-0.0086,0.00679531,0.006809
-0.0082,0,0
-0.0078,0.00937087,0.00778239
-0.0074,0.0182102,0.0105363
-0.007,0,0
-0.0066,0.00582153,0.00583158
-0.0062,0,0
-0.0058,0,0
-0.0054,0.00925418,0.00782587
-0.005,0.0194905,0.0113242
-0.0046,0.0122752,0.00869571
-0.0042,0.0127967,0.00906585
-0.0038,0.0227873,0.0121946
-0.0034,0.0381234,0.0155955
-0.003,0.031314,0.0140314
-0.0026,0.0650362,0.0201173
-0.0022,0.133904,0.0280845
-0.0018,0.331517,0.0449044
-0.0014,0.447709,0.0530663
-0.001,0.541834,0.0588415
-0.0006,0.756085,0.0676353
-0.0002,0.927089,0.0738869
0.0002,0.934995,0.0753539
0.0006,0.881827,0.0774439
0.001,0.499168,0.055031
0.0014,0.336051,0.0465689
0.0018,0.173422,0.0328418
0.0022,0.046459,0.0169882
0.0026,0.0500483,0.018118
0.003,0.0232083,0.0124108
0.0034,0.0282724,0.0132973
0.0038,0.0211096,0.0114581
0.0042,0.00567659,0.00584854
0.0046,0.0124623,0.00882852
0.005,0.00624699,0.00625858
0.0054,0.0111335,0.00788561
0.0058,0.018829,0.0108913
0.0062,0.00599602,0.0060067
0.0066,0.00617562,0.00618695
0.007,0,0
0.0074,0,0
0.0078,0,0
0.0082,0,0
0.0086,0,0
0.009,0.00591887,0.00592928
0.0094,0,0
0.0098,0,0
0.0102,0,0
0.0106,0.0060224,0.00603318
0.011,0,0
0.0114,0.0129323,0.00916212
0.0118,0.0061566,0.00616787
0.0122,0.00551798,0.00552704
0.0126,0.0048305,0.00542509
0.013,0.0237666,0.0124619
0.0134,0,0
0.0138,0.00614644,0.00615767
0.0142,0.0035442,0.00458469
0.0146,0.0058493,0.00585947
0.015,0,0
0.0154,0,0
0.0158,0,0
0.0162,0,0
0.0166,0.00372971,0.0045652
0.017,0,0
0.0174,0.00603677,0.0060476
0.0178,0,0
0.0182,0.00555435,0.00556353
0.0186,0,0
0.019,0.00579464,0.00580463
0.0194,0.00299662,0.0042818
0.0198,0,0
0.0202,0.00337325,0.00438519
0.0206,0,0
0.021,0.00604534,0.00605622
0.0214,0,0
0.0218,0.00573761,0.00574741
0.0222,0.0064098,0.00642203
0.0226,0,0
0.023,0,0
0.0234,0,0
0.0238,0,0
0.0242,0,0
0.0246,0,0
0.025,0,0
0.0254,0,0
0.0258,0.00395649,0.0047298
0.0262,0.00563491,0.00564436
0.0266,0,0
0.027,0.00658955,0.00660247
0.0274,0,0
0.0278,0.00576126,0.00577114
0.0282,0,0
0.0286,0,0
0.029,0.00547893,0.00548787
0.0294,0,0
0.0298,0,0
0.0302,0,0
0.0306,0,0
0.031,0,0
0.0314,0.00636686,0.00637893
0.0318,0,0
0.0322,0,0
0.0326,0,0
0.033,0,0
0.0334,0,0
0.0338,0,0
0.0342,0,0
0.0346,0.00559322,0.00560254
0.035,0,0
0.0354,0.00628123,0.00629298
0.0358,0,0
0.0362,0,0
0.0366,0,0
0.037,0,0
0.0374,0.00642769,0.00643999
0.0378,0,0
0.0382,0,0
0.0386,0,0
0.039,0,0
0.0394,0,0
0.0398,0.00565774,0.00566728
0.0402,0.00556678,0.00557602
0.0406,0.00598721,0.00599789
0.041,0,0
0.0414,0,0
0.0418,0,0
0.0422,0,0
0.0426,0,0
0.043,0.00603572,0.00604658
0.0434,0,0
0.0438,0,0
0.0442,0,0
0.0446,0,0
0.045,0,0
0.0454,0,0
0.0458,0,0
0.0462,0.00577611,0.00578606
0.0466,0,0
0.047,0,0
0.0474,0,0
0.0478,0,0
0.0482,0,0
0.0486,0.00588384,0.00589416
0.049,0.00602266,0.00603347
0.0494,0,0
0.0498,0.00564419,0.0056537
0.0502,0,0
0.0506,0,0
0.051,0,0
0.0514,0,0
0.0518,0,0
0.0522,0,0
0.0526,0.0123661,0.00876027
0.053,0,0
0.0534,0,0
0.0538,0,0
0.0542,0.00619137,0.00620281
0.0546,0.00576197,0.00577188
0.055,0,0
0.0554,0,0
0.0558,0,0
0.0562,0,0
0.0566,0,0
0.057,0,0
0.0574,0.0114715,0.00860299
0.0578,0,0
0.0582,0,0
0.0586,0.00550442,0.00551347
0.059,0,0
0.0594,0,0
0.0598,0.00590001,0.0059104
0.0602,0,0
0.0606,0,0
0.061,0,0
0.0614,0,0
0.0618,0,0
0.0622,0,0
0.0626,0,0
0.063,0,0
0.0634,0.00428772,0.00513311
0.0638,0,0
0.0642,0,0
0.0646,0.00572889,0.00573869
0.065,0,0
0.0654,0,0
0.0658,0,0
0.0662,0,0
0.0666,0,0
0.067,0,0
0.0674,0,0
0.0678,0,0
0.0682,0,0
0.0686,0,0
0.069,0,0
0.0694,0,0
0.0698,0,0
0.0702,0,0
0.0706,0,0
0.071,0,0
0.0714,0,0
0.0718,0,0
0.0722,0,0
0.0726,0.0064186,0.0064309
0.073,0,0
0.0734,0,0
0.0738,0,0
0.0742,0,0
0.0746,0,0
0.075,0,0
0.0754,0,0
0.0758,0,0
0.0762,0,0
0.0766,0.00590611,0.00591653
0.077,0,0
0.0774,0.00586815,0.00587843
0.0778,0,0
0.0782,0.00566251,0.00567209
0.0786,0,0
0.079,0,0
0.0794,0,0
0.0798,0,0
0.0802,0.00596434,0.00597496
0.0806,0,0
0.081,0.00640737,0.00641962
0.0814,0,0
0.0818,0,0
0.0822,0.00579075,0.00580153
0.0826,0,0
0.083,0,0
0.0834,0,0
0.0838,0,0
0.0842,0,0
0.0846,0,0
0.085,0,0
0.0854,0,0
0.0858,0,0
0.0862,0,0
0.0866,0,0
0.087,0,0
0.0874,0,0
0.0878,0,0
0.0882,0,0
0.0886,0,0
0.089,0,0
0.0894,0,0
0.0898,0,0
0.0902,0.00241912,0.00368568
0.0906,0,0
0.091,0.00593972,0.00595024
0.0914,0,0
0.0918,0,0
0.0922,0,0
0.0926,0,0
0.093,0,0
0.0934,0,0
0.0938,0,0
0.0942,0,0
0.0946,0.00580643,0.00581649
0.095,0,0
0.0954,0,0
0.0958,0,0
0.0962,0,0
0.0966,0,0
0.097,0,0
0.0974,0,0
0.0978,0.00615899,0.0061703
0.0982,0,0
0.0986,0,0
0.099,0,0
0.0994,0.00660703,0.00662005
0.0998,0,0
0.1002,0.007151,0.00716625
0.1006,0.00646426,0.00647672
0.101,0,0
0.1014,0,0
0.1018,0,0
0.1022,0,0
0.1026,0,0
0.103,0.00694999,0.00696439
0.1034,0,0
0.1038,0.00699151,0.00700608
0.1042,0.00708471,0.00709967
0.1046,0,0
0.105,0,0
0.1054,0,0
0.1058,0,0
0.1062,0,0
0.1066,0,0
0.107,0,0
0.1074,0,0
0.1078,0,0
0.1082,0,0
0.1086,0,0
0.109,0,0
0.1094,0,0
0.1098,0,0
0.1102,0.00853884,0.00856055
0.1106,0,0
0.111,0,0
0.1114,0,0
0.1118,0,0
0.1122,0,0
0.1126,0,0
0.113,0,0
0.1134,0,0
0.1138,0,0
0.1142,0,0
0.1146,0,0
0.115,0,0
0.1154,0,0
0.1158,0,0
0.1162,0,0
0.1166,0,0
0.117,0,0
0.1174,0,0
0.1178,0,0
0.1182,0,0
0.1186,0,0
0.119,0,0
0.1194,0,0
0.1198,0,0
5
-0.1198,0,0
-0.1194,0,0
-0.119,0,0
-0.1186,0.00631848,0.00633061
-0.1182,0,0
-0.1178,0,0
-0.1174,0,0
-0.117,0.00611352,0.00612487
-0.1166,0,0
-0.1162,0,0
-0.1158,0,0
-0.1154,0,0
-0.115,0,0
-0.1146,0,0
-0.1142,0,0
-0.1138,0,0
-0.1134,0.0112579,0.00797414
-0.113,0,0
-0.1126,0.00579732,0.00580749
-0.1122,0,0
-0.1118,0,0
-0.1114,0,0
-0.111,0,0
-0.1106,0,0
-0.1102,0,0
-0.1098,0,0
-0.1094,0,0
-0.109,0,0
-0.1086,0,0
-0.1082,0,0
-0.1078,0,0
-0.1074,0,0
-0.107,0,0
-0.1066,0,0
-0.1062,0,0
-0.1058,0,0
-0.1054,0,0
-0.105,0,0
-0.1046,0.00636683,0.00637903
-0.1042,0,0
-0.1038,0,0
-0.1034,0,0
-0.103,0,0
-0.1026,0,0
-0.1022,0,0
-0.1018,0,0
-0.1014,0.00648372,0.00649635
-0.101,0,0
-0.1006,0,0
-0.1002,0,0
-0.0998,0,0
-0.0994,0,0
-0.099,0.00497226,0.00519483
-0.0986,0,0
-0.0982,0,0
-0.0978,0,0
-0.0974,0,0
-0.097,0,0
-0.0966,0,0
-0.0962,0,0
-0.0958,0,0
-0.0954,0,0
-0.095,0.00517966,0.00576251
-0.0946,0,0
-0.0942,0,0
-0.0938,0,0
-0.0934,0,0
-0.093,0,0
-0.0926,0,0
-0.0922,0,0
-0.0918,0.012569,0.00890432
-0.0914,0,0
-0.091,0,0
-0.0906,0,0
-0.0902,0.00609645,0.00610752
-0.0898,0,0
-0.0894,0.00610621,0.00611732
-0.089,0,0
-0.0886,0,0
-0.0882,0,0
-0.0878,0,0
-0.0874,0,0
-0.087,0,0
-0.0866,0,0
-0.0862,0,0
-0.0858,0,0
-0.0854,0,0
-0.085,0,0
-0.0846,0,0
-0.0842,0,0
-0.0838,0,0
-0.0834,0,0
-0.083,0,0
-0.0826,0.00658135,0.0065942
-0.0822,0,0
-0.0818,0.00170034,0.00344563
-0.0814,0,0
-0.081,0.00603183,0.00604262
-0.0806,0,0
-0.0802,0,0
-0.0798,0.00676813,0.0067817
-0.0794,0,0
-0.079,0,0
-0.0786,0,0
-0.0782,0,0
-0.0778,0,0
-0.0774,0,0
-0.077,0,0
-0.0766,0,0
-0.0762,0,0
-0.0758,0,0
-0.0754,0.00598488,0.00599546
-0.075,0,0
-0.0746,0,0
-0.0742,0,0
-0.0738,0,0
-0.0734,0.00613121,0.0061423
-0.073,0,0
-0.0726,0,0
-0.0722,0,0
-0.0718,0,0
-0.0714,0,0
-0.071,0,0
-0.0706,0,0
-0.0702,0,0
-0.0698,0,0
-0.0694,0.00632543,0.00633722
-0.069,0,0
-0.0686,0,0
-0.0682,0.00617219,0.00655023
-0.0678,0.00618274,0.00619399
-0.0674,0,0
-0.067,0,0
-0.0666,0,0
-0.0662,0,0
-0.0658,0.00618225,0.00619349
-0.0654,0,0
-0.065,0,0
-0.0646,0,0
-0.0642,0,0
-0.0638,0,0
-0.0634,0,0
-0.063,0,0
-0.0626,0,0
-0.0622,0,0
-0.0618,0.00543744,0.00584381
-0.0614,0,0
-0.061,0,0
-0.0606,0.00680549,0.00681907
-0.0602,0,0
-0.0598,0,0
-0.0594,0,0
-0.059,0,0
-0.0586,0,0
-0.0582,0.00592256,0.00593285
-0.0578,0,0
-0.0574,0,0
-0.057,0,0
-0.0566,0,0
-0.0562,0,0
-0.0558,0,0
-0.0554,0,0
-0.055,0.00620983,0.00622112
-0.0546,0,0
-0.0542,0,0
-0.0538,0,0
-0.0534,0.00273524,0.00411114
-0.053,0,0
-0.0526,0,0
-0.0522,0,0
-0.0518,0,0
-0.0514,0,0
-0.051,0.00622773,0.00623907
-0.0506,0.00590902,0.00591923
-0.0502,0,0
-0.0498,0.00630107,0.00631267
-0.0494,0,0
-0.049,0,0
-0.0486,0.00646341,0.00647561
-0.0482,0,0
-0.0478,0,0
-0.0474,0,0
-0.047,0.0113025,0.00821355
-0.0466,0,0
-0.0462,0.00044395,0.00171623
-0.0458,0,0
-0.0454,0.0059223,0.00593253
-0.045,0,0
-0.0446,0,0
-0.0442,0,0
-0.0438,0.00206779,0.00355966
-0.0434,0,0
-0.043,0,0
-0.0426,0,0
-0.0422,0,0
-0.0418,0,0
-0.0414,0,0
-0.041,0,0
-0.0406,0,0
-0.0402,0,0
-0.0398,0,0
-0.0394,0,0
-0.039,0,0
-0.0386,0,0
-0.0382,0,0
-0.0378,0,0
-0.0374,0,0
-0.037,0.00659368,0.00660633
-0.0366,0,0
-0.0362,0,0
-0.0358,0,0
-0.0354,0.00657948,0.00659207
-0.035,0,0
-0.0346,0.0139468,0.00988186
-0.0342,0.00649285,0.0065051
-0.0338,0.00649361,0.00650586
-0.0334,0.00646125,0.00647338
-0.033,0,0
-0.0326,0,0
-0.0322,0,0
-0.0318,0,0
-0.0314,0,0
-0.031,0,0
-0.0306,0,0
-0.0302,0.00659516,0.00660778
-0.0298,0,0
-0.0294,0,0
-0.029,0.00622932,0.00624059
-0.0286,0,0
-0.0282,0,0
-0.0278,0.00713681,0.00715158
-0.0274,0.00713741,0.00715218
-0.027,0,0
-0.0266,0.0115067,0.00815008
-0.0262,0.00649724,0.00650948
-0.0258,0,0
-0.0254,0.0055498,0.00577434
-0.025,0,0
-0.0246,0,0
-0.0242,0.000843291,0.00220949
-0.0238,0.00103673,0.00252304
-0.0234,0,0
-0.023,0,0
-0.0226,0,0
-0.0222,0,0
-0.0218,0,0
-0.0214,0.00578023,0.00578991
-0.021,0.00719266,0.00720764
-0.0206,0,0
-0.0202,0,0
-0.0198,0,0
-0.0194,0,0
-0.019,0.00669617,0.00670915
-0.0186,0.00631474,0.00632628
-0.0182,0.0127745,0.00909666
-0.0178,0,0
-0.0174,0.00604721,0.0060578
-0.017,0.00610181,0.00611259
-0.0166,0,0
-0.0162,0.00632656,0.00633814
-0.0158,0,0
-0.0154,0,0
-0.015,0,0
-0.0146,0.0129519,0.00917553
-0.0142,0.0125488,0.0088895
-0.0138,0.000248661,0.00122095
-0.0134,0,0
-0.013,0,0
-0.0126,0.00627172,0.0062831
-0.0122,0.00597893,0.00598927
-0.0118,0,0
-0.0114,0,0
-0.011,0.00643788,0.00644985
-0.0106,0.0064384,0.00645038
-0.0102,0.000316917,0.00138494
-0.0098,0.01261,0.00893378
-0.0094,0.00626147,0.0062728
-0.009,0,0
-0.0086,0.0134102,0.00950086
-0.0082,0.0063162,0.00632772
-0.0078,0,0
-0.0074,0.006465,0.00647707
-0.007,0,0
-0.0066,0.0122023,0.00864531
-0.0062,0.018899,0.0109312
-0.0058,0.0169363,0.00979419
-0.0054,0.00627224,0.00628359
-0.005,0.00624301,0.00625426
-0.0046,0.0126146,0.0089361
-0.0042,0.0200726,0.0116148
-0.0038,0.032974,0.0147867
-0.0034,0.0329151,0.0147272
-0.003,0.0974391,0.0252101
-0.0026,0.114319,0.0269979
-0.0022,0.205524,0.0352817
-0.0018,0.374171,0.0482188
-0.0014,0.560625,0.0602212
-0.001,1.00661,0.0813498
-0.0006,1.02531,0.0800738
-0.0002,1.02088,0.0786742
0.0002,0.928543,0.076254
0.0006,0.960217,0.081913
0.001,0.596487,0.0613742
0.0014,0.296479,0.0448811
0.0018,0.152245,0.0312325
0.0022,0.049925,0.0176832
0.0026,0.0800572,0.0234057
0.003,0.0336848,0.0151043
0.0034,0.0205857,0.0115019
0.0038,0.0253155,0.0126821
0.0042,0.0125785,0.00891181
0.0046,0.0128618,0.00911158
0.005,0.00637616,0.00638789
0.0054,0.00573065,0.00574013
0.0058,0.00646161,0.00647366
0.0062,0.00617286,0.00618385
0.0066,0,0
0.007,0,0
0.0074,0,0
0.0078,0,0
0.0082,0.00593173,0.00594188
0.0086,0.00579771,0.00580741
0.009,0,0
0.0094,0,0
0.0098,0,0
0.0102,0,0
0.0106,0.00658491,0.00659742
0.011,0,0
0.0114,0.00665931,0.0066721
0.0118,0.00634046,0.00635206
0.0122,0,0
0.0126,0,0
0.013,0.00678128,0.00679455
0.0134,0,0
0.0138,0,0
0.0142,0.00615178,0.0061627
0.0146,0.00608793,0.00609862
0.015,0,0
0.0154,0,0
0.0158,0,0
0.0162,0,0
0.0166,0,0
0.017,0.0057388,0.00574831
0.0174,0,0
0.0178,0,0
0.0182,0.0114493,0.00810931
0.0186,0,0
0.019,0.012259,0.00868664
0.0194,0.0122567,0.00868494
0.0198,0.00588581,0.00589581
0.0202,0.00585704,0.00586694
0.0206,0,0
0.021,0,0
0.0214,0.00610291,0.00611366
0.0218,0,0
0.0222,0,0
0.0226,0,0
0.023,0,0
0.0234,0.00608109,0.00609176
0.0238,0,0
0.0242,0,0
0.0246,0,0
0.025,0,0
0.0254,0.00621649,0.00622764
0.0258,0.00173196,0.00317849
0.0262,0,0
0.0266,0.0130223,0.00922545
0.027,0,0
0.0274,0.00594529,0.00595548
0.0278,0.00605767,0.00606826
0.0282,0.00605783,0.00606842
0.0286,0,0
0.029,0,0
0.0294,0.0115199,0.0081595
0.0298,0,0
0.0302,0,0
0.0306,0,0
0.031,0,0
0.0314,0,0
0.0318,0,0
0.0322,0,0
0.0326,0.00612082,0.00613163
0.033,0,0
0.0334,0.0118944,0.00842575
0.0338,0,0
0.0342,0,0
0.0346,0,0
0.035,0,0
0.0354,0,0
0.0358,0,0
0.0362,0,0
0.0366,0,0
0.037,0.00660854,0.00662112
0.0374,0,0
0.0378,0,0
0.0382,0,0
0.0386,0,0
0.039,0,0
0.0394,0,0
0.0398,0,0
0.0402,0,0
0.0406,0,0
0.041,0,0
0.0414,0,0
0.0418,0,0
0.0422,0.00570576,0.00571514
0.0426,0,0
0.043,0.0113022,0.00841665
0.0434,0,0
0.0438,0,0
0.0442,0,0
0.0446,0,0
0.045,0,0
0.0454,0,0
0.0458,0,0
0.0462,0,0
0.0466,0.00541747,0.00542592
0.047,0,0
0.0474,0,0
0.0478,0.00609142,0.0061021
0.0482,0,0
0.0486,0.00609647,0.00610717
0.049,0,0
0.0494,0,0
0.0498,0,0
0.0502,0,0
0.0506,0.00648302,0.00649511
0.051,0,0
0.0514,0,0
0.0518,0,0
0.0522,0.00659384,0.00660634
0.0526,0.0128268,0.00908668
0.053,0.0115856,0.00820589
0.0534,0,0
0.0538,0,0
0.0542,0,0
0.0546,0,0
0.055,0,0
0.0554,0,0
0.0558,0,0
0.0562,0,0
0.0566,0,0
0.057,0,0
0.0574,0,0
0.0578,0,0
0.0582,0,0
0.0586,0,0
0.059,0,0
0.0594,0,0
0.0598,0,0
0.0602,0,0
0.0606,0,0
0.061,0,0
0.0614,0,0
0.0618,0,0
0.0622,0,0
0.0626,0,0
0.063,0,0
0.0634,0,0
0.0638,0.0050225,0.00553552
0.0642,0,0
0.0646,0,0
0.065,0,0
0.0654,0,0
0.0658,0,0
0.0662,0.0120116,0.00850815
0.0666,0,0
0.067,0.00655959,0.00657192
0.0674,0.012946,0.00917124
0.0678,0,0
0.0682,0,0
0.0686,0,0
0.069,0,0
0.0694,0,0
0.0698,0,0
0.0702,0,0
0.0706,0,0
0.071,0,0
0.0714,0,0
0.0718,0,0
0.0722,0,0
0.0726,0.00618336,0.0061943
0.073,0,0
0.0734,0,0
0.0738,0,0
0.0742,0,0
0.0746,0,0
0.075,0,0
0.0754,0,0
0.0758,0,0
0.0762,0,0
0.0766,0,0
0.077,0,0
0.0774,0.0124088,0.00879053
0.0778,0,0
0.0782,0,0
0.0786,0.00604553,0.00605597
0.079,0,0
0.0794,0,0
0.0798,0.00590774,0.0059177
0.0802,0,0
0.0806,0.00645428,0.00646617
0.081,0,0
0.0814,0.0067259,0.00673881
0.0818,0,0
0.0822,1.60072e-06,9.86806e-05
0.0826,0,0
0.083,0,0
0.0834,0,0
0.0838,0,0
0.0842,0,0
0.0846,0,0
0.085,0.0060871,0.00609766
0.0854,0,0
0.0858,0,0
0.0862,0,0
0.0866,0,0
0.087,0,0
0.0874,0,0
0.0878,0,0
0.0882,0,0
0.0886,0,0
0.089,0,0
0.0894,0,0
0.0898,0,0
0.0902,0,0
0.0906,0,0
0.091,0,0
0.0914,0.00603055,0.00604089
0.0918,0,0
0.0922,0,0
0.0926,0,0
0.093,0.00714123,0.00715572
0.0934,0,0
0.0938,0,0
0.0942,0.00675248,0.00676542
0.0946,0,0
0.095,0,0
0.0954,0,0
0.0958,0,0
0.0962,0,0
0.0966,0,0
0.097,0,0
0.0974,0,0
0.0978,0,0
0.0982,0,0
0.0986,0,0
0.099,0,0
0.0994,0,0
0.0998,0.0066945,0.00670719
0.1002,0.00669552,0.00670821
0.1006,0,0
0.101,0,0
0.1014,0,0
0.1018,0,0
0.1022,0,0
0.1026,0,0
0.103,0.00236415,0.00417065
0.1034,0.00735117,0.00736645
0.1038,0,0
0.1042,0,0
0.1046,0.0081754,0.00819428
0.105,0,0
0.1054,0,0
0.1058,0,0
0.1062,0,0
0.1066,0,0
0.107,0,0
0.1074,0,0
0.1078,0,0
0.1082,0,0
0.1086,0,0
0.109,0,0
0.1094,0.00858572,0.0086065
0.1098,0,0
0.1102,0,0
0.1106,0,0
0.111,0,0
0.1114,0,0
0.1118,0,0
0.1122,0,0
0.1126,0,0
0.113,0,0
0.1134,0,0
0.1138,0,0
0.1142,0,0
0.1146,0,0
0.115,0,0
0.1154,0,0
0.1158,0,0
0.1162,0,0
0.1166,0,0
0.117,0,0
0.1174,0,0
0.1178,0,0
0.1182,0,0
0.1186,0,0
0.119,0,0
0.1194,0,0
0.1198,0,0
6
-0.1198,0,0
-0.1194,0,0
-0.119,0,0
-0.1186,0,0
-0.1182,0,0
-0.1178,0.00175835,0.00308876
-0.1174,0,0
-0.117,0,0
-0.1166,0,0
-0.1162,0,0
-0.1158,0,0
-0.1154,0.00539853,0.00540845
-0.115,0.00544147,0.00545154
-0.1146,0,0
-0.1142,0,0
-0.1138,0,0
-0.1134,0,0
-0.113,0,0
-0.1126,0,0
-0.1122,0,0
-0.1118,0,0
-0.1114,0,0
-0.111,0,0
-0.1106,0,0
-0.1102,0,0
-0.1098,0,0
-0.1094,0,0
-0.109,0,0
-0.1086,0,0
-0.1082,0.00575491,0.00576612
-0.1078,0.00564942,0.00566022
-0.1074,0,0
-0.107,0,0
-0.1066,0,0
-0.1062,0,0
-0.1058,0,0
-0.1054,0,0
-0.105,0,0
-0.1046,0,0
-0.1042,0,0
-0.1038,0,0
-0.1034,0,0
-0.103,0,0
-0.1026,0.00562389,0.00563455
-0.1022,0,0
-0.1018,0,0
-0.1014,0,0
-0.101,0,0
-0.1006,0,0
-0.1002,0,0
-0.0998,0,0
-0.0994,0,0
-0.099,0,0
-0.0986,0,0
-0.0982,0,0
-0.0978,0,0
-0.0974,0,0
-0.097,0,0
-0.0966,0,0
-0.0962,0,0
-0.0958,0,0
-0.0954,0,0
-0.095,0.00107761,0.00248365
-0.0946,0,0
-0.0942,0,0
-0.0938,0,0
-0.0934,0,0
-0.093,0,0
-0.0926,0,0
-0.0922,0,0
-0.0918,0,0
-0.0914,0,0
-0.091,0,0
-0.0906,0,0
-0.0902,0,0
-0.0898,0,0
-0.0894,0,0
-0.089,0,0
-0.0886,0,0
-0.0882,0,0
-0.0878,0,0
-0.0874,0,0
-0.087,0,0
-0.0866,0,0
-0.0862,0.00553482,0.00554506
-0.0858,0,0
-0.0854,0.00544818,0.00545811
-0.085,0,0
-0.0846,0,0
-0.0842,0,0
-0.0838,0,0
-0.0834,0,0
-0.083,0,0
-0.0826,0,0
-0.0822,0.00505261,0.00506118
-0.0818,0.0107792,0.00815239
-0.0814,0,0
-0.081,0,0
-0.0806,0,0
-0.0802,0,0
-0.0798,0,0
-0.0794,0,0
-0.079,0,0
-0.0786,0,0
-0.0782,0,0
-0.0778,0,0
-0.0774,0,0
-0.077,0,0
-0.0766,0,0
-0.0762,0.00577004,0.00578128
-0.0758,0,0
-0.0754,0,0
-0.075,0,0
-0.0746,0,0
-0.0742,0,0
-0.0738,0,0
-0.0734,0,0
-0.073,0,0
-0.0726,0,0
-0.0722,0.00533147,0.0053411
-0.0718,0,0
-0.0714,0.00587423,0.00588593
-0.071,0.00600649,0.00601873
-0.0706,0,0
-0.0702,0,0
-0.0698,0,0
-0.0694,0,0
-0.069,0,0
-0.0686,0,0
-0.0682,0,0
-0.0678,0,0
-0.0674,0,0
-0.067,0,0
-0.0666,0,0
-0.0662,0,0
-0.0658,0,0
-0.0654,0,0
-0.065,0,0
-0.0646,0,0
-0.0642,0,0
-0.0638,0,0
-0.0634,0,0
-0.063,0,0
-0.0626,0,0
-0.0622,0,0
-0.0618,0,0
-0.0614,0,0
-0.061,0,0
-0.0606,0,0
-0.0602,0,0
-0.0598,0,0
-0.0594,0,0
-0.059,0,0
-0.0586,0,0
-0.0582,0,0
-0.0578,0,0
-0.0574,0,0
-0.057,0,0
-0.0566,0,0
-0.0562,0,0
-0.0558,0,0
-0.0554,0,0
-0.055,0,0
-0.0546,0.00531874,0.00532847
-0.0542,0,0
-0.0538,0,0
-0.0534,0.00290554,0.00390453
-0.053,0,0
-0.0526,0,0
-0.0522,0,0
-0.0518,0,0
-0.0514,0,0
-0.051,0,0
-0.0506,0.00558005,0.00559079
-0.0502,0,0
-0.0498,0,0
-0.0494,0,0
-0.049,0,0
-0.0486,0,0
-0.0482,0,0
-0.0478,0.00513181,0.00514092
-0.0474,0,0
-0.047,0.00492087,0.00492925
-0.0466,0,0
-0.0462,0,0
-0.0458,0,0
-0.0454,0,0
-0.045,0.00574141,0.00575283
-0.0446,0.0104928,0.00743301
-0.0442,0,0
-0.0438,0.00339349,0.00418021
-0.0434,0,0
-0.043,0,0
-0.0426,0,0
-0.0422,0,0
-0.0418,0,0
-0.0414,0,0
-0.041,0.00505864,0.00506753
-0.0406,0,0
-0.0402,0,0
-0.0398,0,0
-0.0394,0,0
-0.039,0,0
-0.0386,0,0
-0.0382,0,0
-0.0378,0,0
-0.0374,0,0
-0.037,0.00550459,0.00551515
-0.0366,0,0
-0.0362,0.00534284,0.00535279
-0.0358,0,0
-0.0354,0,0
-0.035,0,0
-0.0346,0,0
-0.0342,0,0
-0.0338,0,0
-0.0334,0,0
-0.033,0,0
-0.0326,0,0
-0.0322,0,0
-0.0318,0,0
-0.0314,0,0
-0.031,0,0
-0.0306,0,0
-0.0302,0,0
-0.0298,0,0
-0.0294,0,0
-0.029,0.00487113,0.00487943
-0.0286,0,0
-0.0282,0.0109701,0.00777196
-0.0278,0.00533219,0.00534214
-0.0274,0,0
-0.027,0,0
-0.0266,0,0
-0.0262,0,0
-0.0258,0,0
-0.0254,0,0
-0.025,0,0
-0.0246,0,0
-0.0242,0.00407102,0.00441306
-0.0238,0.00419823,0.00461477
-0.0234,0,0
-0.023,0,0
-0.0226,0,0
-0.0222,0,0
-0.0218,0.00525975,0.00526946
-0.0214,0,0
-0.021,0.00593101,0.00594336
-0.0206,0.00484117,0.00484941
-0.0202,0,0
-0.0198,0,0
-0.0194,0,0
-0.019,0.00551533,0.00552602
-0.0186,0,0
-0.0182,0,0
-0.0178,0,0
-0.0174,0,0
-0.017,0,0
-0.0166,0.00475017,0.00475811
-0.0162,0,0
-0.0158,0.00535877,0.00536887
-0.0154,0,0
-0.015,0.00522512,0.00523473
-0.0146,0,0
-0.0142,0.010307,0.00730138
-0.0138,0.00470162,0.00481093
-0.0134,0,0
-0.013,0,0
-0.0126,0,0
-0.0122,0.00981068,0.00694921
-0.0118,0.00538677,0.00539699
-0.0114,0,0
-0.011,0,0
-0.0106,0,0
-0.0102,0.00468298,0.00481947
-0.0098,0.00509399,0.00510314
-0.0094,0,0
-0.009,0,0
-0.0086,0,0
-0.0082,0.00517098,0.00518042
-0.0078,0.00500528,0.00501412
-0.0074,0,0
-0.007,0,0
-0.0066,0.00489083,0.00489927
-0.0062,0,0
-0.0058,0,0
-0.0054,0,0
-0.005,0.0056868,0.00569822
-0.0046,0.00515477,0.00516415
-0.0042,0.0056544,0.00566568
-0.0038,0,0
-0.0034,0.0323096,0.0132324
-0.003,0.0104487,0.00740197
-0.0026,0.0361187,0.013679
-0.0022,0.0933568,0.0214878
-0.0018,0.137554,0.0265341
-0.0014,0.194546,0.0320558
-0.001,0.272632,0.0382659
-0.0006,0.243936,0.0352893
-0.0002,0.316171,0.039602
0.0002,0.377046,0.0437719
0.0006,0.3349,0.0436939
0.001,0.293022,0.038671
0.0014,0.181577,0.0316904
0.0018,0.124676,0.0254997
0.0022,0.0926848,0.0218912
0.0026,0.0604185,0.0182602
0.003,0.0266471,0.0119455
0.0034,0.0209476,0.0104933
0.0038,0.0100888,0.00714658
0.0042,0.00522199,0.00523162
0.0046,0.0104716,0.00741829
0.005,0,0
0.0054,0.0145632,0.0084336
0.0058,0.0103165,0.0073101
0.0062,0.00592342,0.00593581
0.0066,0.0051929,0.00520242
0.007,0.00989879,0.00701175
0.0074,0.00534722,0.00535732
0.0078,0,0
0.0082,0,0
0.0086,0.00482875,0.00483698
0.009,0,0
0.0094,0,0
0.0098,0,0
0.0102,0,0
0.0106,0.00507509,0.00508417
0.011,0,0
0.0114,0.00538127,0.0054272
0.0118,0,0
0.0122,0,0
0.0126,0,0
0.013,0,0
0.0134,0,0
0.0138,0,0
0.0142,0,0
0.0146,0,0
0.015,0,0
0.0154,0,0
0.0158,0,0
0.0162,0,0
0.0166,0,0
0.017,0,0
0.0174,0,0
0.0178,0,0
0.0182,0.00472119,0.00472899
0.0186,0,0
0.019,0,0
0.0194,0,0
0.0198,0,0
0.0202,0.00484698,0.00485517
0.0206,0,0
0.021,0.00516462,0.0051739
0.0214,0,0
0.0218,0.00943026,0.00681535
0.0222,0,0
0.0226,0.00542789,0.00543811
0.023,0,0
0.0234,0,0
0.0238,0,0
0.0242,0.00448,0.00485676
0.0246,0.0103114,0.00753171
0.025,0,0
0.0254,0,0
0.0258,0.00397186,0.00439913
0.0262,0,0
0.0266,0,0
0.027,0,0
0.0274,0.00497895,0.00498748
0.0278,0,0
0.0282,0.00525365,0.00526314
0.0286,0,0
0.029,0.00474801,0.00475576
0.0294,0,0
0.0298,0,0
0.0302,0,0
0.0306,0,0
0.031,0,0
0.0314,0,0
0.0318,0,0
0.0322,0,0
0.0326,0,0
0.033,0,0
0.0334,0,0
0.0338,0,0
0.0342,0,0
0.0346,0,0
0.035,0,0
0.0354,0,0
0.0358,0,0
0.0362,0.00515708,0.00516611
0.0366,0,0
0.037,0,0
0.0374,0.00974856,0.0072993
0.0378,0,0
0.0382,0,0
0.0386,0.00498057,0.00498895
0.039,0,0
0.0394,0,0
0.0398,0,0
0.0402,0,0
0.0406,0,0
0.041,0.00529751,0.00530696
0.0414,0,0
0.0418,0.00523473,0.00524395
0.0422,0.00488995,0.00489799
0.0426,0.00536803,0.00537771
0.043,0.00627662,0.00576337
0.0434,0,0
0.0438,0,0
0.0442,0,0
0.0446,0,0
0.045,0,0
0.0454,0,0
0.0458,0,0
0.0462,0,0
0.0466,0,0
0.047,0,0
0.0474,0,0
0.0478,0,0
0.0482,0,0
0.0486,0,0
0.049,0.0054017,0.0054114
0.0494,0,0
0.0498,0,0
0.0502,0.00509307,0.00510168
0.0506,0.00589996,0.0059115
0.051,0.00590376,0.00591531
0.0514,0,0
0.0518,0,0
0.0522,0,0
0.0526,0,0
0.053,0,0
0.0534,0.00504503,0.00505343
0.0538,0.00309172,0.00401037
0.0542,0,0
0.0546,0,0
0.055,0.00629152,0.00581211
0.0554,0.00531529,0.00532458
0.0558,0,0
0.0562,0.00599624,0.00600806
0.0566,0,0
0.057,0,0
0.0574,0,0
0.0578,0,0
0.0582,0,0
0.0586,0,0
0.059,0,0
0.0594,0.002414,0.00354879
0.0598,0,0
0.0602,0,0
0.0606,0.00554964,0.00555969
0.061,0,0
0.0614,0,0
0.0618,0.00547122,0.00548097
0.0622,0,0
0.0626,0,0
0.063,0.00580765,0.00581862
0.0634,0,0
0.0638,0.000933526,0.00224255
0.0642,0,0
0.0646,0.00526887,0.00527788
0.065,0,0
0.0654,0,0
0.0658,0,0
0.0662,0,0
0.0666,0.00834382,0.00697276
0.067,0,0
0.0674,0,0
0.0678,0,0
0.0682,0,0
0.0686,0,0
0.069,0.00557235,0.00558236
0.0694,0.00558328,0.00559332
0.0698,0,0
0.0702,0,0
0.0706,0,0
0.071,0,0
0.0714,0,0
0.0718,0,0
0.0722,0,0
0.0726,0,0
0.073,0,0
0.0734,0,0
0.0738,0,0
0.0742,0,0
0.0746,0.0020935,0.00345267
0.075,0.00220275,0.0035582
0.0754,0,0
0.0758,0,0
0.0762,0.00526649,0.00527533
0.0766,0,0
0.077,0,0
0.0774,0,0
0.0778,0,0
0.0782,0,0
0.0786,0,0
0.079,0,0
0.0794,0,0
0.0798,0,0
0.0802,0.00558598,0.00559587
0.0806,0,0
0.081,0,0
0.0814,0.0060641,0.00607573
0.0818,0,0
0.0822,0,0
0.0826,0,0
0.083,0,0
0.0834,0,0
0.0838,0,0
0.0842,0,0
0.0846,0,0
0.085,0,0
0.0854,0,0
0.0858,0,0
0.0862,0.00575919,0.00576961
0.0866,0.00127139,0.00271246
0.087,0,0
0.0874,0.00140695,0.00274218
0.0878,0,0
0.0882,0,0
0.0886,0,0
0.089,0,0
0.0894,0,0
0.0898,0,0
0.0902,0,0
0.0906,0.00550806,0.00551754
0.091,0,0
0.0914,0,0
0.0918,0,0
0.0922,0,0
0.0926,0,0
0.093,0,0
0.0934,0,0
0.0938,0.00616431,0.00617612
0.0942,0,0
0.0946,0,0
0.095,0,0
0.0954,0,0
0.0958,0,0
0.0962,0,0
0.0966,0,0
0.097,0,0
0.0974,0,0
0.0978,0,0
0.0982,0,0
0.0986,0,0
0.099,0,0
0.0994,0,0
0.0998,0.00614489,0.00615653
0.1002,0,0
0.1006,0,0
0.101,0,0
0.1014,0,0
0.1018,0,0
0.1022,0,0
0.1026,0,0
0.103,0.00456404,0.00555703
0.1034,0,0
0.1038,0,0
0.1042,0,0
0.1046,0,0
0.105,0,0
0.1054,0,0
0.1058,0,0
0.1062,0,0
0.1066,0.00718193,0.00719774
0.107,0,0
0.1074,0,0
0.1078,0,0
0.1082,0,0
0.1086,0,0
0.109,0,0
0.1094,0,0
0.1098,0,0
0.1102,0,0
0.1106,0,0
0.111,9.91371e-05,0.000951121
0.1114,0,0
0.1118,0,0
0.1122,0,0
0.1126,0,0
0.113,0,0
0.1134,0,0
0.1138,0,0
0.1142,0,0
0.1146,0,0
0.115,0,0
0.1154,0,0
0.1158,0.00951713,0.0095449
0.1162,0,0
0.1166,0,0
0.117,0,0
0.1174,0,0
0.1178,0,0
0.1182,0,0
0.1186,0.00933295,0.00935971
0.119,0,0
0.1194,0,0
0.1198,0,0
7
-0.1198,0,0
-0.1194,0,0
-0.119,0,0
-0.1186,0,0
-0.1182,0,0
-0.1178,0.00359679,0.00438682
-0.1174,0,0
-0.117,0,0
-0.1166,0,0
-0.1162,0,0
-0.1158,0,0
-0.1154,0,0
-0.115,0,0
-0.1146,0,0
-0.1142,0,0
-0.1138,0,0
-0.1134,0,0
-0.113,0.00478595,0.0047939
-0.1126,0,0
-0.1122,0,0
-0.1118,0.00515416,0.00516339
-0.1114,0,0
-0.111,0,0
-0.1106,0,0
-0.1102,0,0
-0.1098,0,0
-0.1094,0,0
-0.109,0.0052925,0.00530226
-0.1086,0,0
-0.1082,0,0
-0.1078,0,0
-0.1074,0,0
-0.107,0,0
-0.1066,0,0
-0.1062,0,0
-0.1058,0.00981089,0.00694971
-0.1054,0,0
-0.105,0,0
-0.1046,0,0
-0.1042,0,0
-0.1038,0,0
-0.1034,0,0
-0.103,0,0
-0.1026,0.00541195,0.00542221
-0.1022,0,0
-0.1018,0,0
-0.1014,0,0
-0.101,0,0
-0.1006,0,0
-0.1002,0,0
-0.0998,0,0
-0.0994,0,0
-0.099,0,0
-0.0986,0,0
-0.0982,0,0
-0.0978,0,0
-0.0974,0,0
-0.097,0,0
-0.0966,0,0
-0.0962,0,0
-0.0958,0,0
-0.0954,0,0
-0.095,0,0
-0.0946,0,0
-0.0942,0.00560105,0.00561213
-0.0938,0,0
-0.0934,0,0
-0.093,0,0
-0.0926,0,0
-0.0922,0,0
-0.0918,0,0
-0.0914,0,0
-0.091,0,0
-0.0906,0,0
-0.0902,0.00533,0.00534007
-0.0898,0,0
-0.0894,0,0
-0.089,0,0
-0.0886,0,0
-0.0882,0,0
-0.0878,0.00575687,0.00576862
-0.0874,0,0
-0.087,0,0
-0.0866,0,0
-0.0862,0.00522095,0.00523061
-0.0858,0,0
-0.0854,0.00514555,0.00515493
-0.085,0,0
-0.0846,0,0
-0.0842,0,0
-0.0838,0,0
-0.0834,0,0
-0.083,0,0
-0.0826,0,0
-0.0822,0,0
-0.0818,0,0
-0.0814,0,0
-0.081,0.0101129,0.00716373
-0.0806,0,0
-0.0802,0,0
-0.0798,0,0
-0.0794,0,0
-0.079,0,0
-0.0786,0,0
-0.0782,0.00488543,0.00489386
-0.0778,0,0
-0.0774,0.0054407,0.00545115
-0.077,0,0
-0.0766,0,0
-0.0762,0,0
-0.0758,0,0
-0.0754,0,0
-0.075,0.00536746,0.00537761
-0.0746,0,0
-0.0742,0,0
-0.0738,0,0
-0.0734,0.0105049,0.00744186
-0.073,0,0
-0.0726,0,0
-0.0722,0,0
-0.0718,0,0
-0.0714,0.00567199,0.00568329
-0.071,0.00521504,0.00522459
-0.0706,0,0
-0.0702,0,0
-0.0698,0,0
-0.0694,0.00564555,0.00565672
-0.069,0,0
-0.0686,0,0
-0.0682,0.00581906,0.00583092
-0.0678,0.0103951,0.00736387
-0.0674,0,0
-0.067,0.00539268,0.00540285
-0.0666,0,0
-0.0662,0,0
-0.0658,0,0
-0.0654,0.0048953,0.00490368
-0.065,0.00489721,0.00490558
-0.0646,0,0
-0.0642,0.00527407,0.00528377
-0.0638,0.00529941,0.0053092
-0.0634,0,0
-0.063,0,0
-0.0626,0,0
-0.0622,0,0
-0.0618,0.00523166,0.00524118
-0.0614,0,0
-0.061,0.00570124,0.00571254
-0.0606,0,0
-0.0602,0,0
-0.0598,0,0
-0.0594,0,0
-0.059,0,0
-0.0586,0,0
-0.0582,0,0
-0.0578,0,0
-0.0574,0.00547634,0.00548672
-0.057,0,0
-0.0566,0,0
-0.0562,0,0
-0.0558,0,0
-0.0554,0,0
-0.055,0,0
-0.0546,0,0
-0.0542,0,0
-0.0538,0,0
-0.0534,0.00535209,0.00536195
-0.053,0,0
-0.0526,0,0
-0.0522,0,0
-0.0518,0,0
-0.0514,0,0
-0.051,0,0
-0.0506,0.00503332,0.00504202
-0.0502,0,0
-0.0498,0,0
-0.0494,0.00416506,0.00488147
-0.049,0.00570199,0.00571312
-0.0486,0,0
-0.0482,0.00519272,0.00520194
-0.0478,0.00519567,0.00520489
-0.0474,0,0
-0.047,0,0
-0.0466,0,0
-0.0462,0.00555087,0.00556137
-0.0458,0,0
-0.0454,0,0
-0.045,0,0
-0.0446,0,0
-0.0442,0.00541416,0.00542412
-0.0438,0.00541746,0.00542742
-0.0434,0,0
-0.043,0,0
-0.0426,0,0
-0.0422,0,0
-0.0418,0,0
-0.0414,0.00547681,0.00548695
-0.041,0,0
-0.0406,0,0
-0.0402,0.00569417,0.00570512
-0.0398,0,0
-0.0394,0,0
-0.039,0,0
-0.0386,0.00512192,0.00513075
-0.0382,0,0
-0.0378,0.00521606,0.00522521
-0.0374,0,0
-0.037,0.00571046,0.00572141
-0.0366,0,0
-0.0362,0,0
-0.0358,0,0
-0.0354,0,0
-0.035,0,0
-0.0346,0,0
-0.0342,0,0
-0.0338,0,0
-0.0334,0,0
-0.033,0,0
-0.0326,0,0
-0.0322,0,0
-0.0318,0,0
-0.0314,0,0
-0.031,0,0
-0.0306,0.00544547,0.00545531
-0.0302,0.00577124,0.00578229
-0.0298,0,0
-0.0294,0.00528114,0.00529038
-0.029,0,0
-0.0286,0.00515394,0.00516272
-0.0282,0.00454211,0.0051471
-0.0278,0,0
-0.0274,0,0
-0.027,0.00547634,0.00548623
-0.0266,0,0
-0.0262,0,0
-0.0258,0.00185307,0.00313254
-0.0254,0,0
-0.025,0,0
-0.0246,0,0
-0.0242,0,0
-0.0238,0,0
-0.0234,0.00552876,0.00553876
-0.023,0,0
-0.0226,0,0
-0.0222,0,0
-0.0218,0,0
-0.0214,0.00513519,0.00514379
-0.021,0,0
-0.0206,0.00555754,0.0055676
-0.0202,0.00556203,0.00557209
-0.0198,0,0
-0.0194,0,0
-0.019,0.0020056,0.00338735
-0.0186,0,0
-0.0182,0,0
-0.0178,0.00588918,0.0059004
-0.0174,0,0
-0.017,0.00546634,0.00547599
-0.0166,0,0
-0.0162,0,0
-0.0158,0.00585312,0.00586416
-0.0154,0.0107166,0.00759089
-0.015,0,0
-0.0146,0.0173715,0.0100483
-0.0142,0,0
-0.0138,0.00555529,0.0055652
-0.0134,0,0
-0.013,0.0054384,0.00544788
-0.0126,0.00904715,0.00717094
-0.0122,0.00540234,0.00541168
-0.0118,0.00318394,0.00435637
-0.0114,0.00705215,0.00677862
-0.011,0.00551568,0.0055254
-0.0106,0.00556526,0.00557514
-0.0102,0,0
-0.0098,0.0057982,0.00580891
-0.0094,0,0
-0.009,0.0177047,0.0102548
-0.0086,0.0121843,0.00863231
-0.0082,0.0121046,0.00857595
-0.0078,0,0
-0.0074,0.00556634,0.00557617
-0.007,0,0
-0.0066,0.00544803,0.00545744
-0.0062,0,0
-0.0058,0.010871,0.00771091
-0.0054,0.0126993,0.0089978
-0.005,0.00570128,0.00571155
-0.0046,0.0172904,0.0100008
-0.0042,0.0186664,0.0108013
-0.0038,0.0179997,0.0104198
-0.0034,0.0130441,0.00889452
-0.003,0.0762277,0.0212837
-0.0026,0.0467547,0.016561
-0.0022,0.0737082,0.0202327
-0.0018,0.118419,0.0260958
-0.0014,0.281572,0.0408843
-0.001,0.335744,0.0450074
-0.0006,0.450366,0.0506794
-0.0002,0.53449,0.0545311
0.0002,0.675185,0.0628697
0.0006,0.670088,0.0657195
0.001,0.456832,0.0515931
0.0014,0.480027,0.0546126
0.0018,0.299895,0.0421667
0.0022,0.202392,0.0346091
0.0026,0.105704,0.025615
0.003,0.0695798,0.0206661
0.0034,0.0690145,0.0202617
0.0038,0.0468337,0.0165902
0.0042,0.0116416,0.00824806
0.0046,0.0178346,0.010316
0.005,0.0119163,0.00844171
0.0054,0.00531213,0.00532091
0.0058,0.00572495,0.00573514
0.0062,0.0134606,0.00953798
0.0066,0.0252701,0.0126875
0.007,0.0078572,0.00678358
0.0074,0,0
0.0078,0.00551337,0.00552281
0.0082,0.0109065,0.00772565
0.0086,0.00549474,0.0055041
0.009,0,0
0.0094,0.0124647,0.00883092
0.0098,0,0
0.0102,0.0178123,0.0103142
0.0106,0,0
0.011,0,0
0.0114,8.11557e-05,0.000711148
0.0118,0,0
0.0122,0.00530005,0.00530874
0.0126,0,0
0.013,0,0
0.0134,0.00632754,0.00633992
0.0138,0,0
0.0142,0,0
0.0146,0,0
0.015,0,0
0.0154,0,0
0.0158,0.00584133,0.00585188
0.0162,0,0
0.0166,0,0
0.017,0,0
0.0174,0.00578668,0.00579703
0.0178,0,0
0.0182,0,0
0.0186,0,0
0.019,0,0
0.0194,0,0
0.0198,0,0
0.0202,0,0
0.0206,0,0
0.021,0.00580321,0.00581365
0.0214,0.0114936,0.00814222
0.0218,0.000434281,0.00154885
0.0222,0,0
0.0226,0,0
0.023,0.00565372,0.00566364
0.0234,0,0
0.0238,0,0
0.0242,0.000854246,0.00223943
0.0246,0.00697668,0.00661734
0.025,0,0
0.0254,0,0
0.0258,0.000982037,0.00230525
0.0262,0,0
0.0266,0,0
0.027,0,0
0.0274,0.00585854,0.00586922
0.0278,0.00561024,0.00562005
0.0282,0.00580042,0.0058109
0.0286,0,0
0.029,0,0
0.0294,0.00529386,0.0053026
0.0298,0,0
0.0302,0,0
0.0306,0,0
0.031,0,0
0.0314,0,0
0.0318,0,0
0.0322,0,0
0.0326,0,0
0.033,0,0
0.0334,0,0
0.0338,0,0
0.0342,0.00545179,0.0054611
0.0346,0,0
0.035,0,0
0.0354,0.0118199,0.00837385
0.0358,0.0123915,0.00877916
0.0362,0.00557824,0.00558801
0.0366,0,0
0.037,0,0
0.0374,0.00126478,0.00278173
0.0378,0.0058452,0.00585594
0.0382,0,0
0.0386,0.00506977,0.00507786
0.039,0.00585781,0.00586861
0.0394,0.0117106,0.0082959
0.0398,0.00535288,0.00536191
0.0402,0,0
0.0406,0,0
0.041,0,0
0.0414,0,0
0.0418,0,0
0.0422,0,0
0.0426,0,0
0.043,0,0
0.0434,0,0
0.0438,0,0
0.0442,0.00560065,0.00561058
0.0446,0,0
0.045,0,0
0.0454,0,0
0.0458,0,0
0.0462,0,0
0.0466,0,0
0.047,0.0112876,0.00799586
0.0474,0.00564243,0.00565254
0.0478,0.00531957,0.00532857
0.0482,0.00597427,0.00598561
0.0486,0,0
0.049,0,0
0.0494,0,0
0.0498,0,0
0.0502,0,0
0.0506,0.00585132,0.00586223
0.051,0,0
0.0514,0,0
0.0518,0,0
0.0522,0.00593793,0.00594919
0.0526,0.00577259,0.00578324
0.053,0.0052143,0.00522299
0.0534,0,0
0.0538,0.00215777,0.00340216
0.0542,0.00547754,0.00548715
0.0546,0,0
0.055,0.00453064,0.00499993
0.0554,0,0
0.0558,0,0
0.0562,0,0
0.0566,0,0
0.057,0,0
0.0574,0,0
0.0578,0,0
0.0582,0,0
0.0586,0.00562788,0.00563808
0.059,0,0
0.0594,0.00282705,0.00386907
0.0598,0.00545974,0.00546935
0.0602,0,0
0.0606,0,0
0.061,0,0
0.0614,0,0
0.0618,0,0
0.0622,0,0
0.0626,0,0
0.063,0,0
0.0634,0,0
0.0638,0,0
0.0642,0,0
0.0646,0,0
0.065,0,0
0.0654,0,0
0.0658,0,0
0.0662,0.00529448,0.00530359
0.0666,0.00324739,0.00433726
0.067,0.00546232,0.00547203
0.0674,0,0
0.0678,0,0
0.0682,0,0
0.0686,0,0
0.069,0,0
0.0694,0,0
0.0698,0,0
0.0702,0,0
0.0706,0,0
0.071,0,0
0.0714,0,0
0.0718,0,0
0.0722,0,0
0.0726,0.00539682,0.00540637
0.073,0,0
0.0734,0,0
0.0738,0.00597984,0.00599158
0.0742,0.0059777,0.00598943
0.0746,0.00348347,0.00439317
0.075,0.00342554,0.0043748
0.0754,0,0
0.0758,0,0
0.0762,0,0
0.0766,0,0
0.077,0,0
0.0774,0,0
0.0778,0,0
0.0782,0,0
0.0786,0,0
0.079,0,0
0.0794,0,0
0.0798,0,0
0.0802,0.00539623,0.00540584
0.0806,0,0
0.081,0,0
0.0814,0,0
0.0818,0,0
0.0822,0,0
0.0826,0,0
0.083,0,0
0.0834,0,0
0.0838,0,0
0.0842,0,0
0.0846,0,0
0.085,0,0
0.0854,0,0
0.0858,0,0
0.0862,0,0
0.0866,0.00426366,0.00483792
0.087,0,0
0.0874,0.00371283,0.0043354
0.0878,0,0
0.0882,0.00528298,0.00529223
0.0886,0,0
0.089,0,0
0.0894,0,0
0.0898,0,0
0.0902,0,0
0.0906,0,0
0.091,0.00534341,0.00535288
0.0914,0,0
0.0918,0,0
0.0922,0,0
0.0926,0,0
0.093,0.00540586,0.00541556
0.0934,0,0
0.0938,0.0115483,0.00818157
0.0942,0,0
0.0946,0,0
0.095,0.00587825,0.00588972
0.0954,0,0
0.0958,0,0
0.0962,0,0
0.0966,0,0
0.097,0,0
0.0974,0,0
0.0978,0,0
0.0982,0,0
0.0986,0.00581631,0.00582755
0.099,0,0
0.0994,0,0
0.0998,0.0112185,0.00794863
0.1002,0.00608786,0.0062637
0.1006,0,0
0.101,0.00589482,0.00590636
0.1014,0,0
0.1018,0,0
0.1022,0,0
0.1026,0,0
0.103,0,0
0.1034,0,0
0.1038,0,0
0.1042,0.00636011,0.00637354
0.1046,0,0
0.105,0,0
0.1054,0.00613377,0.00614626
0.1058,0,0
0.1062,0,0
0.1066,0,0
0.107,0,0
0.1074,0,0
0.1078,0,0
0.1082,0,0
0.1086,0,0
0.109,0,0
0.1094,0.00753576,0.00755455
0.1098,0,0
0.1102,0,0
0.1106,0,0
0.111,0.00831782,0.00838686
0.1114,0,0
0.1118,0,0
0.1122,0.00794503,0.00796585
0.1126,0.00837824,0.00840138
0.113,0,0
0.1134,0,0
0.1138,0,0
0.1142,0,0
0.1146,0,0
0.115,0,0
0.1154,0,0
0.1158,0,0
0.1162,0,0
0.1166,0,0
0.117,0,0
0.1174,0.0173828,0.0123264
0.1178,0,0
0.1182,0,0
0.1186,0.00879093,0.00881614
0.119,0,0
0.1194,0,0
0.1198,0.00894949,0.00897556
8
-0.1198,0,0
-0.1194,0,0
-0.119,0,0
-0.1186,0.00397718,0.00398473
-0.1182,0,0
-0.1178,0,0
-0.1174,0,0
-0.117,0,0
-0.1166,0,0
-0.1162,0,0
-0.1158,0,0
-0.1154,0,0
-0.115,0,0
-0.1146,0,0
-0.1142,0.00380202,0.00380888
-0.1138,0,0
-0.1134,0,0
-0.113,0,0
-0.1126,0,0
-0.1122,0,0
-0.1118,0.0037981,0.00380492
-0.1114,0,0
-0.111,0,0
-0.1106,0,0
-0.1102,0.00408862,0.00409651
-0.1098,0,0
-0.1094,0,0
-0.109,0,0
-0.1086,0,0
-0.1082,0,0
-0.1078,0,0
-0.1074,0,0
-0.107,0,0
-0.1066,0,0
-0.1062,0,0
-0.1058,0.00368998,0.00369637
-0.1054,0.00382008,0.00382693
-0.105,0.00394151,0.00394879
-0.1046,0,0
-0.1042,0,0
-0.1038,0,0
-0.1034,0.00417007,0.0041782
-0.103,0.00437645,0.0043854
-0.1026,0,0
-0.1022,0,0
-0.1018,0,0
-0.1014,0,0
-0.101,0,0
-0.1006,0,0
-0.1002,0,0
-0.0998,0,0
-0.0994,0,0
-0.099,0,0
-0.0986,0,0
-0.0982,0,0
-0.0978,0,0
-0.0974,0.00437563,0.00438451
-0.097,0.00431772,0.00432636
-0.0966,0,0
-0.0962,0.00374981,0.00375632
-0.0958,0,0
-0.0954,0.00435123,0.00435998
-0.095,0.00329927,0.00369827
-0.0946,0,0
-0.0942,0,0
-0.0938,0,0
-0.0934,0,0
-0.093,0.0039588,0.00396603
-0.0926,0,0
-0.0922,0,0
-0.0918,0,0
-0.0914,0,0
-0.091,0,0
-0.0906,0,0
-0.0902,0.00411184,0.00411961
-0.0898,0,0
-0.0894,0.00396204,0.00396924
-0.089,0,0
-0.0886,0,0
-0.0882,0.00401247,0.00401985
-0.0878,0.0041104,0.00411814
-0.0874,0,0
-0.087,0,0
-0.0866,0,0
-0.0862,0,0
-0.0858,0,0
-0.0854,0,0
-0.085,0,0
-0.0846,0,0
-0.0842,0,0
-0.0838,0,0
-0.0834,0.00424876,0.00425698
-0.083,0,0
-0.0826,0,0
-0.0822,0,0
-0.0818,0.00638498,0.00539087
-0.0814,0,0
-0.081,0,0
-0.0806,0,0
-0.0802,0.00425933,0.00426757
-0.0798,0.00433344,0.00434195
-0.0794,0,0
-0.079,0,0
-0.0786,0,0
-0.0782,0,0
-0.0778,0,0
-0.0774,0,0
-0.077,0,0
-0.0766,0,0
-0.0762,0,0
-0.0758,0,0
-0.0754,0,0
-0.075,0,0
-0.0746,0.00412779,0.00413548
-0.0742,0,0
-0.0738,0,0
-0.0734,0,0
-0.073,0,0
-0.0726,0.00400854,0.00401578
-0.0722,0.00400973,0.00401697
-0.0718,0,0
-0.0714,0,0
-0.071,0.00132243,0.00245152
-0.0706,0.00396749,0.00397457
-0.0702,0,0
-0.0698,0,0
-0.0694,0,0
-0.069,0.00428676,0.00429502
-0.0686,0.013102,0.00757933
-0.0682,0,0
-0.0678,0,0
-0.0674,0,0
-0.067,0,0
-0.0666,0,0
-0.0662,0,0
-0.0658,0,0
-0.0654,0,0
-0.065,0,0
-0.0646,0,0
-0.0642,0,0
-0.0638,0.0129082,0.00746695
-0.0634,0.0041191,0.00412671
-0.063,0,0
-0.0626,0.00404952,0.00405687
-0.0622,0,0
-0.0618,0,0
-0.0614,0.00413684,0.00414451
-0.061,0,0
-0.0606,0,0
-0.0602,0,0
-0.0598,0,0
-0.0594,0,0
-0.059,0,0
-0.0586,0,0
-0.0582,0.0038751,0.00388182
-0.0578,0,0
-0.0574,0,0
-0.057,0,0
-0.0566,0.00873254,0.00618747
-0.0562,0,0
-0.0558,0,0
-0.0554,0,0
-0.055,0,0
-0.0546,0,0
-0.0542,0,0
-0.0538,0.00402252,0.00402977
-0.0534,0,0
-0.053,0,0
-0.0526,0,0
-0.0522,0,0
-0.0518,0,0
-0.0514,0,0
-0.051,0,0
-0.0506,0,0
-0.0502,0,0
-0.0498,0,0
-0.0494,0.00117297,0.00226538
-0.049,0,0
-0.0486,0,0
-0.0482,0,0
-0.0478,0,0
-0.0474,0,0
-0.047,0.00380422,0.00381069
-0.0466,0.00430707,0.00431537
-0.0462,0,0
-0.0458,0,0
-0.0454,0,0
-0.045,0,0
-0.0446,0,0
-0.0442,0,0
-0.0438,0,0
-0.0434,0,0
-0.043,0.0085786,0.00607814
-0.0426,0,0
-0.0422,0.00852847,0.00604205
-0.0418,0.00414247,0.00415015
-0.0414,0.00414293,0.0041506
-0.041,0.0079027,0.005598
-0.0406,0,0
-0.0402,0,0
-0.0398,0,0
-0.0394,0,0
-0.039,0,0
-0.0386,0,0
-0.0382,0.00385947,0.00386612
-0.0378,0.00825421,0.00585439
-0.0374,0,0
-0.037,0,0
-0.0366,0,0
-0.0362,0,0
-0.0358,0,0
-0.0354,0,0
-0.035,0.00906812,0.00642511
-0.0346,0.00453974,0.00454894
-0.0342,0,0
-0.0338,0.0042049,0.00421279
-0.0334,0,0
-0.033,0,0
-0.0326,0.00407641,0.00408382
-0.0322,0.00448376,0.00449273
-0.0318,0.00425084,0.0042589
-0.0314,0,0
-0.031,0.00402156,0.00402877
-0.0306,0,0
-0.0302,0.0042929,0.00430112
-0.0298,0.00832534,0.00589783
-0.0294,0,0
-0.029,0,0
-0.0286,0.00398449,0.00399156
-0.0282,0.00524863,0.00476438
-0.0278,0.00418942,0.00419724
-0.0274,0,0
-0.027,0,0
-0.0266,0,0
-0.0262,0.00422926,0.00423722
-0.0258,0.00877577,0.00584254
-0.0254,0,0
-0.025,0.00389157,0.00389831
-0.0246,0,0
-0.0242,0.00773871,0.00548389
-0.0238,0.00845656,0.00599095
-0.0234,0,0
-0.023,0,0
-0.0226,0,0
-0.0222,0,0
-0.0218,0,0
-0.0214,0.00376349,0.00376979
-0.021,0,0
-0.0206,0.00382365,0.00383015
-0.0202,0.0026934,0.00331593
-0.0198,0,0
-0.0194,0,0
-0.019,0.00269587,0.0033548
-0.0186,0,0
-0.0182,0,0
-0.0178,0,0
-0.0174,0.00393848,0.00394537
-0.017,0,0
-0.0166,0,0
-0.0162,0,0
-0.0158,0,0
-0.0154,0.00388445,0.00389115
-0.015,0,0
-0.0146,0,0
-0.0142,0,0
-0.0138,0,0
-0.0134,0,0
-0.013,0.00785711,0.0055655
-0.0126,0.00164574,0.00259882
-0.0122,0,0
-0.0118,0.00666368,0.00552336
-0.0114,0.00895058,0.00648445
-0.011,0.00397502,0.00398202
-0.0106,0.00800921,0.00574446
-0.0102,0.00393656,0.00394342
-0.0098,0.00834641,0.00591271
-0.0094,0,0
-0.009,0.00455425,0.00456342
-0.0086,0,0
-0.0082,0.00825393,0.00584706
-0.0078,0.00431973,0.00432797
-0.0074,0,0
-0.007,0.00422744,0.00423533
-0.0066,0.0081401,0.00576627
-0.0062,0.00412082,0.00412831
-0.0058,0.00738708,0.00523197
-0.0054,0.00455239,0.00456153
-0.005,0,0
-0.0046,0.0123873,0.00716483
-0.0042,0.0129176,0.00747213
-0.0038,0.00870904,0.00617522
-0.0034,0.0590221,0.0158973
-0.003,0.0735539,0.0176413
-0.0026,0.0581442,0.0156191
-0.0022,0.141081,0.0236628
-0.0018,0.21655,0.0297762
-0.0014,0.352386,0.0386583
-0.001,0.440891,0.0435803
-0.0006,0.558234,0.0476692
-0.0002,0.499352,0.0445217
0.0002,0.566987,0.0481924
0.0006,0.499477,0.0478512
0.001,0.385766,0.0400311
0.0014,0.276166,0.0349705
0.0018,0.181765,0.0276082
0.0022,0.151846,0.0252425
0.0026,0.14699,0.0256915
0.003,0.081612,0.0188097
0.0034,0.0452159,0.0138346
0.0038,0.0541811,0.0150482
0.0042,0.0206076,0.00923407
0.0046,0.0283879,0.0109713
0.005,0.0167796,0.00840525
0.0054,0.0188993,0.00845621
0.0058,0.0212648,0.00952767
0.0062,0.0183902,0.00923449
0.0066,0.0262998,0.0107793
0.007,0.0332048,0.0116036
0.0074,0.0198076,0.00925935
0.0078,0.00793434,0.00562079
0.0082,0.0116413,0.00673295
0.0086,0.00389459,0.00390123
0.009,0.00401877,0.00402583
0.0094,0,0
0.0098,0,0
0.0102,0,0
0.0106,0,0
0.011,0,0
0.0114,0,0
0.0118,0,0
0.0122,0,0
0.0126,0.00428908,0.00429711
0.013,0.0110855,0.00700362
0.0134,0,0
0.0138,0.00387134,0.0040332
0.0142,0.00406855,0.00407577
0.0146,0.00331362,0.0036594
0.015,0,0
0.0154,0,0
0.0158,0,0
0.0162,0,0
0.0166,0,0
0.017,0,0
0.0174,0,0
0.0178,0.00367848,0.00368438
0.0182,0,0
0.0186,0.00830304,0.00588179
0.019,0,0
0.0194,0.00416685,0.00417441
0.0198,0,0
0.0202,0,0
0.0206,0,0
0.021,0.00405023,0.00405736
0.0214,0,0
0.0218,0,0
0.0222,0,0
0.0226,0,0
0.023,0.00414254,0.00414999
0.0234,0,0
0.0238,0.0030827,0.00359816
0.0242,0,0
0.0246,0.00901034,0.00638373
0.025,0,0
0.0254,0,0
0.0258,0.00386695,0.00387344
0.0262,0,0
0.0266,0,0
0.027,0,0
0.0274,0,0
0.0278,0,0
0.0282,0,0
0.0286,0.0081187,0.00575314
0.029,0,0
0.0294,0,0
0.0298,0.0038145,0.0038208
0.0302,0.00410622,0.00411351
0.0306,0,0
0.031,0,0
0.0314,0.00861099,0.00610124
0.0318,0,0
0.0322,0,0
0.0326,0,0
0.033,0.00400098,0.00400789
0.0334,0,0
0.0338,0,0
0.0342,0,0
0.0346,0.0043542,0.00436239
0.035,0,0
0.0354,0,0
0.0358,0,0
0.0362,0.0123749,0.00715937
0.0366,0,0
0.037,0,0
0.0374,0,0
0.0378,0.0085222,0.00603718
0.0382,0,0
0.0386,0.00253794,0.00306933
0.039,0,0
0.0394,0,0
0.0398,0.00420904,0.00421667
0.0402,0,0
0.0406,0,0
0.041,0.0041448,0.0041522
0.0414,0,0
0.0418,0,0
0.0422,0.00382066,0.00382694
0.0426,0,0
0.043,0,0
0.0434,0.00410424,0.00411148
0.0438,0.00404241,0.00404943
0.0442,0,0
0.0446,0,0
0.045,0.00454405,0.00455291
0.0454,0,0
0.0458,0,0
0.0462,0,0
0.0466,0,0
0.047,0,0
0.0474,0,0
0.0478,0,0
0.0482,0.00408777,0.00409493
0.0486,0,0
0.049,0,0
0.0494,0,0
0.0498,0,0
0.0502,0.00394639,0.00395306
0.0506,0.00435631,0.00436443
0.051,0.00454589,0.00455473
0.0514,0.00873553,0.00619378
0.0518,0,0
0.0522,0,0
0.0526,0,0
0.053,0,0
0.0534,0,0
0.0538,0,0
0.0542,0,0
0.0546,0.00403009,0.00403702
0.055,0,0
0.0554,0,0
0.0558,0.00433606,0.00434407
0.0562,0.00440684,0.00441511
0.0566,0,0
0.057,0.0130778,0.00756451
0.0574,0,0
0.0578,0,0
0.0582,0,0
0.0586,0,0
0.059,0,0
0.0594,0.00400858,0.0040154
0.0598,0.00830326,0.00588163
0.0602,0.00407508,0.00408211
0.0606,0,0
0.061,0.00855901,0.00606311
0.0614,0,0
0.0618,0,0
0.0622,0,0
0.0626,0.00429209,0.00429987
0.063,0.00447395,0.0044824
0.0634,0,0
0.0638,0.00413508,0.00414228
0.0642,0,0
0.0646,0.00410668,0.00411379
0.065,0,0
0.0654,0,0
0.0658,0,0
0.0662,0.00409642,0.00410347
0.0666,0.00447594,0.00448435
0.067,0.00423611,0.00424364
0.0674,0.00442162,0.00442982
0.0678,0,0
0.0682,0,0
0.0686,0,0
0.069,0.00869331,0.00615879
0.0694,0,0
0.0698,0,0
0.0702,0.00420444,0.00421182
0.0706,0.00422299,0.00423044
0.071,0,0
0.0714,0,0
0.0718,0,0
0.0722,0,0
0.0726,0.00460143,0.00461024
0.073,0,0
0.0734,0,0
0.0738,0,0
0.0742,0,0
0.0746,0,0
0.075,0,0
0.0754,0,0
0.0758,0,0
0.0762,0,0
0.0766,0,0
0.077,0,0
0.0774,0,0
0.0778,0,0
0.0782,0,0
0.0786,0,0
0.079,0.00425173,0.00425919
0.0794,0,0
0.0798,0,0
0.0802,0,0
0.0806,0,0
0.081,0,0
0.0814,0,0
0.0818,0,0
0.0822,0,0
0.0826,0,0
0.083,0,0
0.0834,0.00475639,0.00476568
0.0838,0,0
0.0842,0.00437649,0.00438435
0.0846,0,0
0.085,0,0
0.0854,0,0
0.0858,0,0
0.0862,0,0
0.0866,0,0
0.087,0,0
0.0874,0.00438401,0.00439187
0.0878,0,0
0.0882,0,0
0.0886,0.00819136,0.00594324
0.089,0.00464226,0.00465105
0.0894,0,0
0.0898,0,0
0.0902,0,0
0.0906,0.00422202,0.00422928
0.091,0,0
0.0914,0,0
0.0918,0.00326096,0.00371226
0.0922,0,0
0.0926,0,0
0.093,0,0
0.0934,0,0
0.0938,0,0
0.0942,0,0
0.0946,0.00420267,0.00420984
0.095,0.00420413,0.0042113
0.0954,0.00481406,0.00482345
0.0958,0,0
0.0962,0,0
0.0966,0,0
0.097,0.00487887,0.0048885
0.0974,0,0
0.0978,0,0
0.0982,0,0
0.0986,0.00469568,0.0047046
0.099,0,0
0.0994,0,0
0.0998,0,0
0.1002,0.000270851,0.00119808
0.1006,0,0
0.101,0,0
0.1014,0.00451913,0.00452738
0.1018,0.00934276,0.0066223
0.1022,0,0
0.1026,0,0
0.103,0,0
0.1034,0,0
0.1038,0,0
0.1042,0,0
0.1046,0.00573058,0.00574206
0.105,0.00525682,0.00526796
0.1054,0,0
0.1058,0,0
0.1062,0,0
0.1066,0.00618636,0.00620178
0.107,0.00809994,0.00670074
0.1074,0,0
0.1078,0,0
0.1082,0.0105537,0.00747846
0.1086,0,0
0.109,0.00603852,0.0060532
0.1094,0,0
0.1098,0,0
0.1102,0,0
0.1106,0,0
0.111,0,0
0.1114,0,0
0.1118,0,0
0.1122,0,0
0.1126,0,0
0.113,0,0
0.1134,0.0076633,0.00768693
0.1138,0,0
0.1142,0,0
0.1146,0.0135368,0.00959805
0.115,0,0
0.1154,0,0
0.1158,0,0
0.1162,0,0
0.1166,0,0
0.117,0,0
0.1174,0,0
0.1178,0,0
0.1182,0,0
0.1186,0,0
0.119,0,0
0.1194,0.00803692,0.00806294
0.1198,0,0
9
-0.1198,0,0
-0.1194,0,0
-0.119,0.00391138,0.00391888
-0.1186,0.00390897,0.00391647
-0.1182,0,0
-0.1178,0,0
-0.1174,0,0
-0.117,0,0
-0.1166,0,0
-0.1162,0.00390079,0.00390828
-0.1158,0,0
-0.1154,0,0
-0.115,0,0
-0.1146,0,0
-0.1142,0,0
-0.1138,0,0
-0.1134,0,0
-0.113,0.003355,0.00336057
-0.1126,0,0
-0.1122,0,0
-0.1118,0,0
-0.1114,0,0
-0.111,0,0
-0.1106,0,0
-0.1102,0,0
-0.1098,0,0
-0.1094,0,0
-0.109,0,0
-0.1086,0,0
-0.1082,0,0
-0.1078,0,0
-0.1074,0.0038322,0.00383953
-0.107,0,0
-0.1066,0,0
-0.1062,0,0
-0.1058,0,0
-0.1054,0,0
-0.105,0,0
-0.1046,0,0
-0.1042,0,0
-0.1038,0,0
-0.1034,0.00780452,0.00552953
-0.103,0,0
-0.1026,0,0
-0.1022,0,0
-0.1018,0,0
-0.1014,0,0
-0.101,0.00396829,0.00397624
-0.1006,0,0
-0.1002,0,0
-0.0998,0,0
-0.0994,0,0
-0.099,0.00320232,0.00320751
-0.0986,0,0
-0.0982,0,0
-0.0978,0,0
-0.0974,0,0
-0.097,0,0
-0.0966,0,0
-0.0962,0,0
-0.0958,0,0
-0.0954,0,0
-0.095,0.000753904,0.00168438
-0.0946,0,0
-0.0942,0,0
-0.0938,0,0
-0.0934,0,0
-0.093,0,0
-0.0926,0,0
-0.0922,0,0
-0.0918,0,0
-0.0914,0,0
-0.091,0.00404386,0.00405223
-0.0906,0.00702314,0.00497504
-0.0902,0.00368792,0.00369488
-0.0898,0.00354438,0.00355081
-0.0894,0.00354643,0.00355288
-0.089,0,0
-0.0886,0.00358286,0.00358944
-0.0882,0.00397479,0.0039829
-0.0878,0,0
-0.0874,0,0
-0.087,0,0
-0.0866,0,0
-0.0862,0.00359435,0.003601
-0.0858,0.00349497,0.00350126
-0.0854,0,0
-0.085,0,0
-0.0846,0.0037617,0.00376899
-0.0842,0,0
-0.0838,0.00376174,0.00376904
-0.0834,0,0
-0.083,0.00381485,0.00382237
-0.0826,0.00377826,0.00378564
-0.0822,0,0
-0.0818,0.00235774,0.00307221
-0.0814,0,0
-0.081,0.00690802,0.00489344
-0.0806,0,0
-0.0802,0,0
-0.0798,0.00379491,0.00380237
-0.0794,0,0
-0.079,0.00372811,0.00373531
-0.0786,0.00341821,0.00342427
-0.0782,0,0
-0.0778,0.0036588,0.00366575
-0.0774,0,0
-0.077,0,0
-0.0766,0,0
-0.0762,0,0
-0.0758,0,0
-0.0754,0,0
-0.075,0,0
-0.0746,0,0
-0.0742,0,0
-0.0738,0,0
-0.0734,0,0
-0.073,0,0
-0.0726,0,0
-0.0722,0,0
-0.0718,0.00318143,0.00318672
-0.0714,0.00350554,0.00351196
-0.071,0.00276053,0.00328786
-0.0706,0,0
-0.0702,0,0
-0.0698,0.00353923,0.00354578
-0.0694,0,0
-0.069,0,0
-0.0686,0,0
-0.0682,0.00389037,0.0038983
-0.0678,0,0
-0.0674,0.00340156,0.00340762
-0.067,0.0034391,0.0034453
-0.0666,0,0
-0.0662,0,0
-0.0658,0.00736407,0.00522654
-0.0654,0.0039071,0.00391511
-0.065,0,0
-0.0646,0.00369642,0.0037036
-0.0642,0,0
-0.0638,0,0
-0.0634,0,0
-0.063,0,0
-0.0626,0.00345059,0.00345685
-0.0622,0,0
-0.0618,0,0
-0.0614,0,0
-0.061,0,0
-0.0606,0.00348845,0.00349486
-0.0602,0,0
-0.0598,0,0
-0.0594,0.00730569,0.00517586
-0.059,0,0
-0.0586,0,0
-0.0582,0,0
-0.0578,0.00365406,0.00366111
-0.0574,0,0
-0.057,0.0110852,0.00641391
-0.0566,0.00364967,0.0036567
-0.0562,0,0
-0.0558,0,0
-0.0554,0,0
-0.055,0,0
-0.0546,0.00345812,0.00346445
-0.0542,0.00747143,0.00530155
-0.0538,0.0034007,0.00340682
-0.0534,0,0
-0.053,0.00651254,0.00461301
-0.0526,0.00683493,0.00484178
-0.0522,0,0
-0.0518,0,0
-0.0514,0,0
-0.051,0,0
-0.0506,0,0
-0.0502,0,0
-0.0498,0.00346694,0.00347332
-0.0494,0,0
-0.049,0,0
-0.0486,0.00722033,0.00511602
-0.0482,0.0033397,0.00334563
-0.0478,0.00674475,0.00477805
-0.0474,0.00340489,0.00341105
-0.047,0,0
-0.0466,0,0
-0.0462,0,0
-0.0458,0,0
-0.0454,0.00324182,0.00324742
-0.045,0,0
-0.0446,0.00373218,0.0037396
-0.0442,0.00344908,0.00345543
-0.0438,0.00344767,0.00345401
-0.0434,0,0
-0.043,0.0109184,0.006316
-0.0426,0,0
-0.0422,0,0
-0.0418,0,0
-0.0414,0,0
-0.041,0,0
-0.0406,0,0
-0.0402,0,0
-0.0398,0.0036282,0.00363525
-0.0394,0,0
-0.039,0.0100285,0.00580033
-0.0386,0.00372298,0.00373041
-0.0382,0,0
-0.0378,0.0101369,0.00586965
-0.0374,0.00366475,0.00367196
-0.037,0.010707,0.00619354
-0.0366,0,0
-0.0362,0.003394,0.00340019
-0.0358,0.00346127,0.00346771
-0.0354,0,0
-0.035,0,0
-0.0346,0,0
-0.0342,0,0
-0.0338,0,0
-0.0334,0.00696046,0.00493103
-0.033,0.00342552,0.00343185
-0.0326,0.00689582,0.00488644
-0.0322,0.00370383,0.00371123
-0.0318,0,0
-0.0314,0.00650888,0.0046106
-0.031,0.00326417,0.00326993
-0.0306,0,0
-0.0302,0.00687516,0.00487254
-0.0298,0,0
-0.0294,0,0
-0.029,0.00314416,0.00314951
-0.0286,0.00314277,0.00314813
-0.0282,0.00353887,0.00354566
-0.0278,0.013757,0.00689135
-0.0274,0,0
-0.027,0.003323,0.00332899
-0.0266,0.00306916,0.00307427
-0.0262,0.00346388,0.0034704
-0.0258,0.00121856,0.00196759
-0.0254,0.00319761,0.00320318
-0.025,0.00318173,0.00318725
-0.0246,0,0
-0.0242,0.00938706,0.005431
-0.0238,0,0
-0.0234,0,0
-0.023,0,0
-0.0226,0.00330116,0.00330711
-0.0222,0.00357319,0.00358016
-0.0218,0.00337743,0.00338366
-0.0214,0.00306048,0.0030656
-0.021,0,0
-0.0206,0.00310539,0.00311067
-0.0202,0.0011154,0.00192245
-0.0198,0,0
-0.0194,0,0
-0.019,0,0
-0.0186,0.00332949,0.00333557
-0.0182,0,0
-0.0178,0.00684723,0.00485123
-0.0174,0,0
-0.017,0,0
-0.0166,0.00303628,0.00304135
-0.0162,0,0
-0.0158,0.00674483,0.00477871
-0.0154,0,0
-0.015,0,0
-0.0146,0,0
-0.0142,0.0100708,0.00582578
-0.0138,0.00322683,0.00323258
-0.0134,0.00312563,0.00313103
-0.013,0.0063012,0.00446339
-0.0126,0.00327681,0.00328275
-0.0122,0,0
-0.0118,0.00685402,0.00485573
-0.0114,0.0106573,0.00618246
-0.011,0.0128808,0.00645384
-0.0106,0.00686706,0.00480753
-0.0102,0,0
-0.0098,0.00323384,0.00323965
-0.0094,0,0
-0.009,0.0036225,0.00362979
-0.0086,0.00696193,0.00493236
-0.0082,0.0132593,0.0066432
-0.0078,0.0266462,0.00944501
-0.0074,0.0165675,0.00742468
-0.007,0.0293761,0.00981156
-0.0066,0.0219098,0.00829705
-0.0062,0.0195467,0.00799445
-0.0058,0.0149123,0.00668647
-0.0054,0.00323963,0.00324549
-0.005,0.0164819,0.007392
-0.0046,0.0454572,0.0121713
-0.0042,0.0240902,0.00912533
-0.0038,0.0238451,0.00903736
-0.0034,0.0301603,0.010074
-0.003,0.0585097,0.0139466
-0.0026,0.0920245,0.0173955
-0.0022,0.068303,0.0145858
-0.0018,0.132178,0.0206476
-0.0014,0.37063,0.0350975
-0.001,0.51553,0.0417187
-0.0006,0.666823,0.0461205
-0.0002,0.585409,0.0426571
0.0002,0.653395,0.0459678
0.0006,0.475215,0.0412766
0.001,0.352141,0.0336315
0.0014,0.166398,0.0239499
0.0018,0.0872866,0.0169271
0.0022,0.0693719,0.0150615
0.0026,0.062931,0.0148674
0.003,0.0490503,0.0128311
0.0034,0.0315914,0.0101976
0.0038,0.0194065,0.00794689
0.0042,0.00958089,0.00554227
0.0046,0.0140306,0.00679454
0.005,0.0097899,0.00566268
0.0054,0.0208038,0.00789057
0.0058,0.00644339,0.00456566
0.0062,0.0210852,0.00864885
0.0066,0.0231371,0.00877172
0.007,0.0167645,0.00720602
0.0074,0.040411,0.0115009
0.0078,0.00932869,0.00539542
0.0082,0.0209935,0.00794875
0.0086,0.00895934,0.00518165
0.009,0.0123012,0.00616191
0.0094,0.00990507,0.00573491
0.0098,0,0
0.0102,0.0097149,0.00562539
0.0106,0.00314936,0.00315499
0.011,0.00314833,0.00315396
0.0114,0.00675901,0.00478852
0.0118,0,0
0.0122,0.00288207,0.0028868
0.0126,0.00316992,0.00317563
0.013,0.00166291,0.00239531
0.0134,0.00315817,0.00316384
0.0138,0.000241418,0.000881482
0.0142,0,0
0.0146,0.00362741,0.00334918
0.015,0.00634376,0.00449722
0.0154,0.00326884,0.00327493
0.0158,0,0
0.0162,0.00318994,0.00319575
0.0166,0.00580031,0.00410823
0.017,0,0
0.0174,0.00313161,0.00313721
0.0178,0.0028028,0.00280729
0.0182,0.00314929,0.00315495
0.0186,0,0
0.019,0,0
0.0194,0.00950659,0.00549859
0.0198,0,0
0.0202,0.00885545,0.00512135
0.0206,0.00634375,0.00449409
0.021,0.00928692,0.00537159
0.0214,0,0
0.0218,0,0
0.0222,0,0
0.0226,0,0
0.023,0.00627252,0.00444332
0.0234,0.0035383,0.00354548
0.0238,0.00437097,0.00390031
0.0242,0.00334218,0.00334859
0.0246,0.00340453,0.00341118
0.025,0,0
0.0254,0.0031213,0.0031269
0.0258,0,0
0.0262,0,0
0.0266,0,0
0.027,0,0
0.0274,0,0
0.0278,0.00607335,0.00430201
0.0282,0.00627968,0.00444843
0.0286,0.0029688,0.00297387
0.029,0,0
0.0294,0.00290212,0.00290697
0.0298,0.0121188,0.00607298
0.0302,0.0032854,0.00329162
0.0306,0,0
0.031,0.00339052,0.00339714
0.0314,0.00317069,0.00317648
0.0318,0.00316997,0.00317577
0.0322,0.0033693,0.00337584
0.0326,0,0
0.033,0,0
0.0334,0,0
0.0338,0,0
0.0342,0.00621198,0.00440555
0.0346,0.00288362,0.00288843
0.035,0,0
0.0354,0,0
0.0358,0,0
0.0362,0.00317977,0.00318561
0.0366,0.00647298,0.00458638
0.037,0,0
0.0374,0,0
0.0378,0,0
0.0382,0,0
0.0386,0.00362037,0.00316323
0.039,0.00318379,0.00318965
0.0394,0.00318317,0.00318904
0.0398,0,0
0.0402,0,0
0.0406,0,0
0.041,0,0
0.0414,0.00303749,0.00304284
0.0418,0,0
0.0422,0.00287947,0.00288428
0.0426,0,0
0.043,0,0
0.0434,0,0
0.0438,0.00305414,0.00305955
0.0442,0.00305359,0.003059
0.0446,0,0
0.045,0,0
0.0454,0.00298812,0.00299331
0.0458,0.00292449,0.00292945
0.0462,0.00884542,0.0051157
0.0466,0.00268459,0.00268878
0.047,0,0
0.0474,0,0
0.0478,0.00872247,0.00504444
0.0482,0,0
0.0486,0.00301725,0.00302254
0.049,0.00308773,0.00309327
0.0494,0.00308708,0.00309262
0.0498,0.00289257,0.00289743
0.0502,0,0
0.0506,0,0
0.051,0,0
0.0514,0.00334011,0.00334661
0.0518,0.00300531,0.00301057
0.0522,0.00625842,0.00443698
0.0526,0.0031637,0.00316954
0.053,0.00571674,0.00404908
0.0534,0,0
0.0538,0,0
0.0542,0,0
0.0546,0.00588855,0.00417099
0.055,0,0
0.0554,0,0
0.0558,0.00642266,0.00455002
0.0562,0.00337242,0.00337906
0.0566,0.00337129,0.00337793
0.057,0.00317087,0.00317675
0.0574,0,0
0.0578,0,0
0.0582,0.0028686,0.00287342
0.0586,0,0
0.059,0,0
0.0594,0,0
0.0598,0,0
0.0602,0.00294529,0.00295037
0.0606,0,0
0.061,0,0
0.0614,0.00325261,0.00325881
0.0618,0.00295801,0.00296315
0.0622,0.00311773,0.00312343
0.0626,0,0
0.063,0.00321366,0.00321973
0.0634,0.00621446,0.00440231
0.0638,0.0029649,0.00297007
0.0642,0.00588061,0.00416541
0.0646,0,0
0.065,0.0029032,0.00290816
0.0654,0,0
0.0658,0,0
0.0662,0.00318542,0.00319139
0.0666,0.00318415,0.00319013
0.067,0,0
0.0674,0,0
0.0678,0.00324086,0.00324706
0.0682,0,0
0.0686,0.00300391,0.00300924
0.069,0.00919327,0.00531774
0.0694,0.00304146,0.00304693
0.0698,0.00304022,0.00304568
0.0702,0,0
0.0706,0.0059449,0.00421108
0.071,0.0101549,0.00587471
0.0714,0,0
0.0718,0,0
0.0722,0.00294771,0.00295286
0.0726,0.00298258,0.00298786
0.073,0,0
0.0734,0,0
0.0738,0,0
0.0742,0.00635511,0.00450577
0.0746,0,0
0.075,0.00316502,0.00317098
0.0754,0,0
0.0758,0.00298047,0.00298576
0.0762,0.00282007,0.00282481
0.0766,0.0180862,0.00739943
0.077,0,0
0.0774,0,0
0.0778,0.00283379,0.00283858
0.0782,0,0
0.0786,0,0
0.079,0.00277382,0.00277841
0.0794,0.00293857,0.00294373
0.0798,0,0
0.0802,0.00297702,0.00298232
0.0806,0,0
0.081,0.00307718,0.00308284
0.0814,0,0
0.0818,0.00311816,0.00312398
0.0822,0,0
0.0826,0.00274767,0.0027522
0.083,0,0
0.0834,0.00932967,0.00539954
0.0838,0.00303543,0.00304096
0.0842,0.00594091,0.00420845
0.0846,0,0
0.085,0.00576934,0.00408662
0.0854,0.00335107,0.00335782
0.0858,0.00316452,0.00317054
0.0862,0.00306867,0.00307434
0.0866,0.00599358,0.00425271
0.087,0,0
0.0874,0,0
0.0878,0,0
0.0882,0.00290203,0.0029071
0.0886,0.00312533,0.00299495
0.089,0.00284846,0.00285336
0.0894,0.00624353,0.00442316
0.0898,0,0
0.0902,0.00302324,0.00302876
0.0906,0,0
0.091,0,0
0.0914,0,0
0.0918,0.000639634,0.00134864
0.0922,0.00309763,0.00310343
0.0926,0.0033519,0.0033587
0.093,0.00592888,0.00419988
0.0934,0.00296379,0.0029691
0.0938,0,0
0.0942,0,0
0.0946,0.00285993,0.00286488
0.095,0.00281474,0.00281954
0.0954,0,0
0.0958,0.0066499,0.00471267
0.0962,0,0
0.0966,0.00319752,0.00320371
0.097,0,0
0.0974,0,0
0.0978,0.00605942,0.00429253
0.0982,0,0
0.0986,0,0
0.099,0,0
0.0994,0,0
0.0998,0,0
0.1002,0,0
0.1006,0,0
0.101,0,0
0.1014,0.00363483,0.00364284
0.1018,0.00300947,0.00301496
0.1022,0.00331839,0.00332506
0.1026,0,0
0.103,0,0
0.1034,0,0
0.1038,0.00343565,0.0034428
0.1042,0,0
0.1046,0.00729963,0.00517863
0.105,0.00698845,0.00495205
0.1054,0,0
0.1058,0,0
0.1062,0,0
0.1066,0,0
0.107,0.00561604,0.00454703
0.1074,0.00759939,0.00538597
0.1078,0.0109688,0.00634692
0.1082,0,0
0.1086,0,0
0.109,0,0
0.1094,0,0
0.1098,0,0
0.1102,0.00418696,0.0041976
0.1106,0.00403588,0.00404576
0.111,0,0
0.1114,0,0
0.1118,0,0
0.1122,0,0
0.1126,0,0
0.113,0,0
0.1134,0,0
0.1138,0.00436117,0.00437272
0.1142,0,0
0.1146,0,0
0.115,0.0091284,0.00647387
0.1154,0,0
0.1158,0.00480327,0.00481729
0.1162,0,0
0.1166,0,0
0.117,0,0
0.1174,0,0
0.1178,0.00419654,0.00420724
0.1182,0,0
0.1186,0.00482551,0.00483967
0.119,0,0
0.1194,0,0
0.1198,0,0
