# X , Y , E Distribution=true
1
-0.1198,0,0
-0.1194,0,0
-0.119,0,0
-0.1186,0,0
-0.1182,0,0
-0.1178,0,0
-0.1174,0,0
-0.117,0,0
-0.1166,0,0
-0.1162,0,0
-0.1158,0,0
-0.1154,0,0
-0.115,0,0
-0.1146,0,0
-0.1142,0,0
-0.1138,0,0
-0.1134,0,0
-0.113,0,0
-0.1126,0,0
-0.1122,0,0
-0.1118,0,0
-0.1114,0,0
-0.111,0,0
-0.1106,0,0
-0.1102,0.0133562,0.0133829
-0.1098,0,0
-0.1094,0,0
-0.109,0,0
-0.1086,0,0
-0.1082,0,0
-0.1078,0,0
-0.1074,0,0
-0.107,0,0
-0.1066,0,0
-0.1062,0,0
-0.1058,0,0
-0.1054,0,0
-0.105,0,0
-0.1046,0,0
-0.1042,0,0
-0.1038,0,0
-0.1034,0,0
-0.103,0,0
-0.1026,0,0
-0.1022,0,0
-0.1018,0,0
-0.1014,0,0
-0.101,0,0
-0.1006,0,0
-0.1002,0,0
-0.0998,0,0
-0.0994,0,0
-0.099,0,0
-0.0986,0,0
-0.0982,0,0
-0.0978,0,0
-0.0974,0,0
-0.097,0,0
-0.0966,0,0
-0.0962,0,0
-0.0958,0.0127395,0.0127636
-0.0954,0,0
-0.095,0,0
-0.0946,0,0
-0.0942,0,0
-0.0938,0,0
-0.0934,0,0
-0.093,0,0
-0.0926,0,0
-0.0922,0,0
-0.0918,0,0
-0.0914,0,0
-0.091,0.0128296,0.012854
-0.0906,0,0
-0.0902,0,0
-0.0898,0,0
-0.0894,0,0
-0.089,0,0
-0.0886,0.00094001,0.00359194
-0.0882,0,0
-0.0878,0,0
-0.0874,0,0
-0.087,0,0
-0.0866,0,0
-0.0862,0,0
-0.0858,0,0
-0.0854,0.0135728,0.0136
-0.085,0,0
-0.0846,0,0
-0.0842,0,0
-0.0838,0,0
-0.0834,0,0
-0.083,0,0
-0.0826,0,0
-0.0822,0.0123749,0.0123975
-0.0818,0,0
-0.0814,0,0
-0.081,0,0
-0.0806,0,0
-0.0802,0,0
-0.0798,0,0
-0.0794,0,0
-0.079,0,0
-0.0786,0,0
-0.0782,0,0
-0.0778,0,0
-0.0774,0.0120349,0.0120563
-0.077,0,0
-0.0766,0,0
-0.0762,0,0
-0.0758,0,0
-0.0754,0,0
-0.075,0,0
-0.0746,0,0
-0.0742,0,0
-0.0738,0,0
-0.0734,0,0
-0.073,0,0
-0.0726,0,0
-0.0722,0,0
-0.0718,0,0
-0.0714,0,0
-0.071,0,0
-0.0706,0,0
-0.0702,0,0
-0.0698,0,0
-0.0694,0,0
-0.069,0,0
-0.0686,0,0
-0.0682,0.0133036,0.0133296
-0.0678,0,0
-0.0674,0,0
-0.067,0,0
-0.0666,0,0
-0.0662,0,0
-0.0658,0,0
-0.0654,0,0
-0.065,0,0
-0.0646,0,0
-0.0642,0.00544014,0.00822087
-0.0638,0,0
-0.0634,0,0
-0.063,0,0
-0.0626,0,0
-0.0622,0,0
-0.0618,0,0
-0.0614,0,0
-0.061,0,0
-0.0606,0,0
-0.0602,0,0
-0.0598,0.0129732,0.0129978
-0.0594,0,0
-0.059,0,0
-0.0586,0,0
-0.0582,0,0
-0.0578,0,0
-0.0574,0,0
-0.057,0,0
-0.0566,0,0
-0.0562,0,0
-0.0558,0,0
-0.0554,0,0
-0.055,0,0
-0.0546,0,0
-0.0542,0,0
-0.0538,0,0
-0.0534,0.0114675,0.0120752
-0.053,0,0
-0.0526,0,0
-0.0522,0,0
-0.0518,0,0
-0.0514,0,0
-0.051,0,0
-0.0506,0.0128513,0.0128754
-0.0502,0,0
-0.0498,0,0
-0.0494,0.00956202,0.0115712
-0.049,0,0
-0.0486,0,0
-0.0482,0,0
-0.0478,0,0
-0.0474,0,0
-0.047,0,0
-0.0466,0,0
-0.0462,0,0
-0.0458,0,0
-0.0454,0,0
-0.045,0,0
-0.0446,0,0
-0.0442,0,0
-0.0438,0,0
-0.0434,0,0
-0.043,0,0
-0.0426,0,0
-0.0422,0,0
-0.0418,0,0
-0.0414,0,0
-0.041,0,0
-0.0406,0,0
-0.0402,0,0
-0.0398,0,0
-0.0394,0,0
-0.039,0,0
-0.0386,0,0
-0.0382,0,0
-0.0378,0,0
-0.0374,0,0
-0.037,0,0
-0.0366,0,0
-0.0362,0,0
-0.0358,0,0
-0.0354,0.0139688,0.013997
-0.035,0,0
-0.0346,0,0
-0.0342,0.0133501,0.0133759
-0.0338,0.00665404,0.00944407
-0.0334,0.00326541,0.00656005
-0.033,0,0
-0.0326,0,0
-0.0322,0,0
-0.0318,0,0
-0.0314,0.0117727,0.0117927
-0.031,0,0
-0.0306,0,0
-0.0302,0,0
-0.0298,0,0
-0.0294,0,0
-0.029,0,0
-0.0286,0,0
-0.0282,0,0
-0.0278,0,0
-0.0274,0,0
-0.027,0.0124744,0.0124968
-0.0266,0,0
-0.0262,0.0251414,0.0178099
-0.0258,0,0
-0.0254,0,0
-0.025,0,0
-0.0246,0,0
-0.0242,0,0
-0.0238,0,0
-0.0234,0,0
-0.023,0,0
-0.0226,0,0
-0.0222,0.0138731,0.0139007
-0.0218,0,0
-0.0214,0,0
-0.021,0.0124279,0.0124501
-0.0206,0,0
-0.0202,0,0
-0.0198,0.0129935,0.0130177
-0.0194,0,0
-0.019,0.0122764,0.012298
-0.0186,0,0
-0.0182,0.0120985,0.0121195
-0.0178,0.01312,0.0131446
-0.0174,0,0
-0.017,0.0152665,0.0137635
-0.0166,0,0
-0.0162,0.0128614,0.0128851
-0.0158,0.011843,0.012005
-0.0154,0.0127078,0.0127309
-0.015,0,0
-0.0146,0,0
-0.0142,0,0
-0.0138,0.012122,0.012143
-0.0134,0.00783837,0.00989042
-0.013,0.013794,0.0138212
-0.0126,0,0
-0.0122,0,0
-0.0118,0,0
-0.0114,0,0
-0.011,0,0
-0.0106,0.0133993,0.0134249
-0.0102,0,0
-0.0098,0,0
-0.0094,0.0273965,0.0194135
-0.009,0,0
-0.0086,0,0
-0.0082,0,0
-0.0078,0.0262066,0.0185728
-0.0074,0,0
-0.007,0,0
-0.0066,0,0
-0.0062,0,0
-0.0058,0,0
-0.0054,0.0109761,0.0121636
-0.005,0.0140343,0.0140623
-0.0046,0.0140366,0.0140647
-0.0042,0.0309831,0.0194494
-0.0038,0.0286869,0.0203261
-0.0034,0.218569,0.055788
-0.003,0.21002,0.0509124
-0.0026,0.388116,0.0702042
-0.0022,0.805168,0.102181
-0.0018,1.58311,0.145499
-0.0014,2.84945,0.190925
-0.001,3.85266,0.215551
-0.0006,4.86375,0.242358
-0.0002,5.87588,0.27846
0.0002,4.91849,0.255119
0.0006,3.73265,0.213727
0.001,2.48373,0.176358
0.0014,1.731,0.150235
0.0018,0.543411,0.086744
0.0022,0.301878,0.0641091
0.0026,0.0644742,0.0288906
0.003,0.0125938,0.0130766
0.0034,0,0
0.0038,0.0127078,0.0127307
0.0042,0.00117495,0.00389036
0.0046,0,0
0.005,0,0
0.0054,0,0
0.0058,0.00958934,0.0115558
0.0062,0.000304899,0.00197793
0.0066,0.0256272,0.0181541
0.007,0,0
0.0074,0,0
0.0078,0,0
0.0082,0,0
0.0086,0,0
0.009,0.0133275,0.0133526
0.0094,0,0
0.0098,0.0137479,0.0137746
0.0102,0.0142231,0.0142517
0.0106,0.012782,0.0128051
0.011,0,0
0.0114,0,0
0.0118,0,0
0.0122,0,0
0.0126,0,0
0.013,0,0
0.0134,0,0
0.0138,0.0129591,0.0129828
0.0142,0,0
0.0146,0.0206782,0.0175736
0.015,0.0130538,0.0130778
0.0154,0,0
0.0158,0.0132656,0.0132904
0.0162,0,0
0.0166,0,0
0.017,0.025994,0.0184142
0.0174,0,0
0.0178,0,0
0.0182,0,0
0.0186,0,0
0.019,0,0
0.0194,0.0137784,0.0138051
0.0198,0,0
0.0202,0,0
0.0206,0,0
0.021,0,0
0.0214,0.0115195,0.0115382
0.0218,0,0
0.0222,0,0
0.0226,0,0
0.023,0,0
0.0234,0,0
0.0238,0,0
0.0242,0,0
0.0246,0.026004,0.0184218
0.025,0,0
0.0254,0,0
0.0258,0,0
0.0262,0,0
0.0266,0.00453287,0.00755144
0.027,0,0
0.0274,0,0
0.0278,0,0
0.0282,0,0
0.0286,0,0
0.029,0,0
0.0294,0,0
0.0298,0,0
0.0302,0,0
0.0306,0,0
0.031,0,0
0.0314,0,0
0.0318,0,0
0.0322,0,0
0.0326,0,0
0.033,0,0
0.0334,0,0
0.0338,0,0
0.0342,0,0
0.0346,0.0127069,0.0127294
0.035,0,0
0.0354,0,0
0.0358,0,0
0.0362,0,0
0.0366,0.0143867,0.0144155
0.037,0.0132736,0.0132982
0.0374,0,0
0.0378,0,0
0.0382,0,0
0.0386,0,0
0.039,0,0
0.0394,0.0125217,0.0125435
0.0398,0,0
0.0402,0,0
0.0406,0,0
0.041,0,0
0.0414,0.0130971,0.0131209
0.0418,0.00500644,0.00803685
0.0422,0,0
0.0426,0,0
0.043,0,0
0.0434,0,0
0.0438,0,0
0.0442,0,0
0.0446,0.0132066,0.0132308
0.045,0.0251087,0.0177867
0.0454,0,0
0.0458,0,0
0.0462,0,0
0.0466,0,0
0.047,0,0
0.0474,0,0
0.0478,0,0
0.0482,0,0
0.0486,0,0
0.049,0,0
0.0494,0.0136588,0.0136846
0.0498,0,0
0.0502,0,0
0.0506,0,0
0.051,0.00840838,0.0104708
0.0514,0.0254396,0.0180207
0.0518,0,0
0.0522,0,0
0.0526,0.0126253,0.0126474
0.053,0,0
0.0534,0,0
0.0538,0,0
0.0542,0,0
0.0546,0,0
0.055,0,0
0.0554,0,0
0.0558,0,0
0.0562,0,0
0.0566,0,0
0.057,0,0
0.0574,0,0
0.0578,0,0
0.0582,0,0
0.0586,0.0138886,0.0139152
0.059,0,0
0.0594,0.0131485,0.0131723
0.0598,0,0
0.0602,0,0
0.0606,0,0
0.061,0,0
0.0614,0,0
0.0618,0,0
0.0622,0.0127702,0.0127926
0.0626,0,0
0.063,0.012847,0.0128697
0.0634,0,0
0.0638,0,0
0.0642,0,0
0.0646,0,0
0.065,0.0133823,0.0134069
0.0654,0,0
0.0658,0,0
0.0662,0,0
0.0666,0,0
0.067,0.012302,0.0123227
0.0674,0,0
0.0678,0,0
0.0682,0.0129187,0.0129415
0.0686,0.0133122,0.0133365
0.069,0,0
0.0694,0.0142481,0.0142759
0.0698,0,0
0.0702,0,0
0.0706,0,0
0.071,0,0
0.0714,0,0
0.0718,0.000518065,0.00268641
0.0722,0,0
0.0726,0,0
0.073,0,0
0.0734,0,0
0.0738,0.0129105,0.0129333
0.0742,0,0
0.0746,0,0
0.075,0,0
0.0754,0,0
0.0758,0,0
0.0762,0,0
0.0766,0,0
0.077,0,0
0.0774,0.0135549,0.01358
0.0778,0.0139036,0.01393
0.0782,0,0
0.0786,0,0
0.079,0,0
0.0794,0,0
0.0798,0,0
0.0802,0,0
0.0806,0,0
0.081,0,0
0.0814,0,0
0.0818,0.0127426,0.0127647
0.0822,0,0
0.0826,0,0
0.083,0,0
0.0834,0,0
0.0838,0,0
0.0842,0,0
0.0846,0,0
0.085,0,0
0.0854,0,0
0.0858,0,0
0.0862,0,0
0.0866,0,0
0.087,0,0
0.0874,0,0
0.0878,0,0
0.0882,0.0138186,0.0138445
0.0886,0,0
0.089,0,0
0.0894,0,0
0.0898,0,0
0.0902,0.0126744,0.0126961
0.0906,0.0142732,0.0143008
0.091,0,0
0.0914,0,0
0.0918,0,0
0.0922,0.0128846,0.0129071
0.0926,0.0128873,0.0129097
0.093,0.0254767,0.0180459
0.0934,0,0
0.0938,0,0
0.0942,0,0
0.0946,0.00299562,0.00644513
0.095,0,0
0.0954,0,0
0.0958,0,0
0.0962,0,0
0.0966,0,0
0.097,0,0
0.0974,0.0138169,0.0138426
0.0978,0,0
0.0982,0,0
0.0986,0,0
0.099,0,0
0.0994,0,0
0.0998,0,0
0.1002,0,0
0.1006,0,0
0.101,0,0
0.1014,0,0
0.1018,0,0
0.1022,0,0
0.1026,0,0
0.103,0,0
0.1034,0,0
0.1038,0,0
0.1042,0,0
0.1046,0,0
0.105,0.00238737,0.00607634
0.1054,0,0
0.1058,0,0
0.1062,0,0
0.1066,0,0
0.107,0,0
0.1074,0,0
0.1078,0,0
0.1082,0,0
0.1086,0.018644,0.0186905
0.109,0,0
0.1094,0,0
0.1098,0.0181991,0.0182434
0.1102,0,0
0.1106,0.0184952,0.0185409
0.111,0,0
0.1114,0,0
0.1118,0,0
0.1122,0,0
0.1126,0,0
0.113,0,0
0.1134,0,0
0.1138,0,0
0.1142,0,0
0.1146,0,0
0.115,0,0
0.1154,0,0
0.1158,0,0
0.1162,0,0
0.1166,0,0
0.117,0,0
0.1174,0,0
0.1178,0,0
0.1182,0,0
0.1186,0,0
0.119,0,0
0.1194,0,0
0.1198,0,0
2
-0.1198,0,0
-0.1194,0,0
-0.119,0,0
-0.1186,0,0
-0.1182,0,0
-0.1178,0,0
-0.1174,0.00602869,0.00604032
-0.117,0,0
-0.1166,0,0
-0.1162,0,0
-0.1158,0,0
-0.1154,0,0
-0.115,0,0
-0.1146,0,0
-0.1142,0,0
-0.1138,0,0
-0.1134,0,0
-0.113,0,0
-0.1126,0,0
-0.1122,0,0
-0.1118,0.0061712,0.00618337
-0.1114,0,0
-0.111,0,0
-0.1106,0,0
-0.1102,0,0
-0.1098,0,0
-0.1094,0,0
-0.109,0,0
-0.1086,0,0
-0.1082,0.00589765,0.00590876
-0.1078,0,0
-0.1074,0,0
-0.107,0.00619668,0.00620894
-0.1066,0,0
-0.1062,0,0
-0.1058,0,0
-0.1054,0,0
-0.105,0,0
-0.1046,0,0
-0.1042,0,0
-0.1038,0,0
-0.1034,0,0
-0.103,0,0
-0.1026,0,0
-0.1022,0,0
-0.1018,0,0
-0.1014,0,0
-0.101,0,0
-0.1006,0,0
-0.1002,0,0
-0.0998,0,0
-0.0994,0,0
-0.099,0,0
-0.0986,0,0
-0.0982,0,0
-0.0978,0,0
-0.0974,0,0
-0.097,0,0
-0.0966,0,0
-0.0962,0,0
-0.0958,0,0
-0.0954,0,0
-0.095,0,0
-0.0946,0,0
-0.0942,0,0
-0.0938,0,0
-0.0934,0,0
-0.093,0,0
-0.0926,0,0
-0.0922,0,0
-0.0918,0,0
-0.0914,0,0
-0.091,0,0
-0.0906,0,0
-0.0902,0,0
-0.0898,0,0
-0.0894,0,0
-0.089,0,0
-0.0886,0.00591477,0.00614163
-0.0882,0,0
-0.0878,0,0
-0.0874,0,0
-0.087,0,0
-0.0866,0,0
-0.0862,0,0
-0.0858,0,0
-0.0854,0,0
-0.085,0,0
-0.0846,0,0
-0.0842,0,0
-0.0838,0,0
-0.0834,0,0
-0.083,0,0
-0.0826,0,0
-0.0822,0,0
-0.0818,0,0
-0.0814,0,0
-0.081,0,0
-0.0806,0,0
-0.0802,0,0
-0.0798,0,0
-0.0794,0,0
-0.079,0,0
-0.0786,0,0
-0.0782,0,0
-0.0778,0,0
-0.0774,0,0
-0.077,0.00603325,0.0060448
-0.0766,0,0
-0.0762,0,0
-0.0758,0.0010298,0.0024714
-0.0754,0,0
-0.075,0,0
-0.0746,0,0
-0.0742,0,0
-0.0738,0,0
-0.0734,0,0
-0.073,0,0
-0.0726,0,0
-0.0722,0,0
-0.0718,0,0
-0.0714,0,0
-0.071,0,0
-0.0706,0,0
-0.0702,0,0
-0.0698,0,0
-0.0694,0,0
-0.069,0,0
-0.0686,0,0
-0.0682,0,0
-0.0678,0,0
-0.0674,0.00614179,0.00615373
-0.067,0,0
-0.0666,0,0
-0.0662,0,0
-0.0658,0,0
-0.0654,0,0
-0.065,0,0
-0.0646,0.00574864,0.00575909
-0.0642,0.00422013,0.00492145
-0.0638,0,0
-0.0634,0,0
-0.063,0,0
-0.0626,0,0
-0.0622,0,0
-0.0618,0,0
-0.0614,0.00634398,0.0063567
-0.061,0,0
-0.0606,0,0
-0.0602,0,0
-0.0598,0,0
-0.0594,0,0
-0.059,0.0058749,0.0058858
-0.0586,0,0
-0.0582,0,0
-0.0578,0.00602775,0.00603923
-0.0574,0,0
-0.057,0,0
-0.0566,0,0
-0.0562,0,0
-0.0558,0.00623161,0.00624387
-0.0554,0,0
-0.055,0.0117151,0.00830018
-0.0546,0,0
-0.0542,0.0058877,0.00589864
-0.0538,0,0
-0.0534,0,0
-0.053,0,0
-0.0526,0.00612876,0.0061406
-0.0522,0,0
-0.0518,0,0
-0.0514,0,0
-0.051,0,0
-0.0506,0,0
-0.0502,0,0
-0.0498,0,0
-0.0494,0.00201829,0.00360701
-0.049,0,0
-0.0486,0,0
-0.0482,0,0
-0.0478,0,0
-0.0474,0,0
-0.047,0,0
-0.0466,0,0
-0.0462,0,0
-0.0458,0,0
-0.0454,0.00611268,0.00612445
-0.045,0,0
-0.0446,0.00581412,0.00582477
-0.0442,0,0
-0.0438,0,0
-0.0434,0,0
-0.043,0,0
-0.0426,0,0
-0.0422,0,0
-0.0418,0,0
-0.0414,0,0
-0.041,0,0
-0.0406,0,0
-0.0402,0,0
-0.0398,0.00545158,0.00546093
-0.0394,0,0
-0.039,0,0
-0.0386,0,0
-0.0382,0,0
-0.0378,0,0
-0.0374,0,0
-0.037,0,0
-0.0366,0,0
-0.0362,0,0
-0.0358,0,0
-0.0354,0,0
-0.035,0,0
-0.0346,0,0
-0.0342,0,0
-0.0338,0.00919859,0.0075209
-0.0334,0.00452467,0.00523004
-0.033,0,0
-0.0326,0,0
-0.0322,0,0
-0.0318,0,0
-0.0314,0.00558032,0.0055901
-0.031,0,0
-0.0306,0,0
-0.0302,0,0
-0.0298,0,0
-0.0294,0,0
-0.029,0,0
-0.0286,0,0
-0.0282,0.00582847,0.00583913
-0.0278,0,0
-0.0274,0.00590831,0.00591926
-0.027,0,0
-0.0266,0,0
-0.0262,0.00575683,0.00576722
-0.0258,0,0
-0.0254,0,0
-0.025,0.0055849,0.00559468
-0.0246,0,0
-0.0242,0,0
-0.0238,0.00600512,0.00601642
-0.0234,0,0
-0.023,0,0
-0.0226,0,0
-0.0222,0,0
-0.0218,0.00564193,0.0056519
-0.0214,0,0
-0.021,0.00568392,0.00569404
-0.0206,0,0
-0.0202,0.00588038,0.00589121
-0.0198,0,0
-0.0194,0.00571124,0.00572145
-0.019,0.00658492,0.00659849
-0.0186,0,0
-0.0182,0,0
-0.0178,0,0
-0.0174,0,0
-0.017,0.0138708,0.00889307
-0.0166,0,0
-0.0162,0,0
-0.0158,0.000129691,0.000848974
-0.0154,0,0
-0.015,0,0
-0.0146,0,0
-0.0142,0,0
-0.0138,0,0
-0.0134,0,0
-0.013,0,0
-0.0126,0,0
-0.0122,0.00571878,0.005729
-0.0118,0,0
-0.0114,0,0
-0.011,0.0122209,0.00865797
-0.0106,0,0
-0.0102,0.0116309,0.00823927
-0.0098,0,0
-0.0094,0,0
-0.009,0,0
-0.0086,0,0
-0.0082,0.00537339,0.00538241
-0.0078,0,0
-0.0074,0.00586361,0.00587435
-0.007,0,0
-0.0066,0.0271602,0.0123158
-0.0062,0,0
-0.0058,0.00590753,0.00591842
-0.0054,0.00611551,0.00612718
-0.005,0.0186748,0.0108687
-0.0046,0.0168439,0.00974189
-0.0042,0.010846,0.00768231
-0.0038,0.0487039,0.0173335
-0.0034,0.0937065,0.0245898
-0.003,0.0735517,0.0204014
-0.0026,0.117565,0.0260788
-0.0022,0.202292,0.0345567
-0.0018,0.382042,0.0482025
-0.0014,0.713556,0.0643236
-0.001,1.09761,0.0774667
-0.0006,1.55014,0.092271
-0.0002,1.99367,0.109182
0.0002,1.91962,0.107163
0.0006,1.33165,0.0859137
0.001,1.05467,0.0773658
0.0014,0.672332,0.0630962
0.0018,0.298404,0.0433301
0.0022,0.219898,0.0368841
0.0026,0.0709048,0.0205089
0.003,0.0193659,0.0109302
0.0034,0.0115351,0.00817123
0.0038,0,0
0.0042,0.0169531,0.0099588
0.0046,0,0
0.005,0,0
0.0054,0,0
0.0058,0.00194358,0.00350508
0.0062,0.00566425,0.00574338
0.0066,0,0
0.007,0.00631639,0.00612056
0.0074,0,0
0.0078,0,0
0.0082,0,0
0.0086,0.0120861,0.00856227
0.009,0.00604346,0.00605482
0.0094,0,0
0.0098,0,0
0.0102,0.00513567,0.00559663
0.0106,0,0
0.011,0.00598305,0.00599419
0.0114,0,0
0.0118,0.0117835,0.00834745
0.0122,0,0
0.0126,0,0
0.013,0,0
0.0134,0,0
0.0138,0,0
0.0142,0,0
0.0146,0.0108355,0.00855839
0.015,0.0236791,0.0118615
0.0154,0,0
0.0158,0,0
0.0162,0,0
0.0166,0.0117146,0.00829857
0.017,0,0
0.0174,0,0
0.0178,0,0
0.0182,0,0
0.0186,0,0
0.019,0,0
0.0194,0,0
0.0198,0,0
0.0202,0,0
0.0206,0,0
0.021,0,0
0.0214,0,0
0.0218,0,0
0.0222,0,0
0.0226,0,0
0.023,0,0
0.0234,0,0
0.0238,0,0
0.0242,0,0
0.0246,0,0
0.025,0,0
0.0254,0,0
0.0258,0,0
0.0262,0,0
0.0266,0.00360835,0.00452394
0.027,0,0
0.0274,0,0
0.0278,0,0
0.0282,0,0
0.0286,0,0
0.029,0.00609389,0.0061054
0.0294,0,0
0.0298,0.00573003,0.0057402
0.0302,0,0
0.0306,0,0
0.031,0.000763981,0.00204113
0.0314,0,0
0.0318,0,0
0.0322,0,0
0.0326,0,0
0.033,0,0
0.0334,0,0
0.0338,0,0
0.0342,0,0
0.0346,0,0
0.035,0.00606338,0.00607475
0.0354,0,0
0.0358,0,0
0.0362,0,0
0.0366,0,0
0.037,0,0
0.0374,0,0
0.0378,0,0
0.0382,0,0
0.0386,0,0
0.039,0,0
0.0394,0,0
0.0398,0,0
0.0402,0,0
0.0406,0,0
0.041,0,0
0.0414,0,0
0.0418,0.00352284,0.00451648
0.0422,0.00563771,0.00564753
0.0426,0,0
0.043,0,0
0.0434,0,0
0.0438,0,0
0.0442,0,0
0.0446,0,0
0.045,0,0
0.0454,0,0
0.0458,0,0
0.0462,0,0
0.0466,0,0
0.047,0.00643434,0.00644711
0.0474,0.00635338,0.00636584
0.0478,0,0
0.0482,0,0
0.0486,0.00566179,0.00567168
0.049,0,0
0.0494,0,0
0.0498,0,0
0.0502,0,0
0.0506,0,0
0.051,0,0
0.0514,0,0
0.0518,0,0
0.0522,0,0
0.0526,0,0
0.053,0,0
0.0534,0.00626596,0.00627806
0.0538,0,0
0.0542,0,0
0.0546,0,0
0.055,0,0
0.0554,0,0
0.0558,0,0
0.0562,0,0
0.0566,0,0
0.057,0.00565651,0.00566636
0.0574,0.00548492,0.00549418
0.0578,0,0
0.0582,0,0
0.0586,0,0
0.059,0,0
0.0594,0,0
0.0598,0,0
0.0602,0,0
0.0606,0,0
0.061,0,0
0.0614,0,0
0.0618,0,0
0.0622,0,0
0.0626,0,0
0.063,0,0
0.0634,0,0
0.0638,0,0
0.0642,0,0
0.0646,0,0
0.065,0.00596821,0.00597916
0.0654,0,0
0.0658,0,0
0.0662,0,0
0.0666,0,0
0.067,0,0
0.0674,0,0
0.0678,0,0
0.0682,0,0
0.0686,0,0
0.069,0.00615223,0.00616385
0.0694,0,0
0.0698,0,0
0.0702,0.00606913,0.00608044
0.0706,0,0
0.071,0,0
0.0714,0,0
0.0718,0.0059463,0.00607198
0.0722,0,0
0.0726,0,0
0.073,0,0
0.0734,0,0
0.0738,0.005743,0.00575311
0.0742,0,0
0.0746,0,0
0.075,0,0
0.0754,0,0
0.0758,0,0
0.0762,0,0
0.0766,0,0
0.077,0,0
0.0774,0,0
0.0778,0,0
0.0782,0,0
0.0786,0.00659531,0.00660863
0.079,0,0
0.0794,0,0
0.0798,0,0
0.0802,0,0
0.0806,0.00578031,0.00579054
0.081,0,0
0.0814,0,0
0.0818,0,0
0.0822,0,0
0.0826,0,0
0.083,0.00551793,0.00578539
0.0834,0,0
0.0838,0,0
0.0842,0,0
0.0846,0,0
0.085,0,0
0.0854,0,0
0.0858,0,0
0.0862,0,0
0.0866,0.00226685,0.00370521
0.087,0,0
0.0874,0,0
0.0878,0,0
0.0882,0,0
0.0886,0,0
0.089,0,0
0.0894,0,0
0.0898,0.00581886,0.0058292
0.0902,0.00631797,0.00633016
0.0906,0,0
0.091,0.00662965,0.00664307
0.0914,0,0
0.0918,0,0
0.0922,0,0
0.0926,0.00570178,0.0057117
0.093,0.00570662,0.00571657
0.0934,0,0
0.0938,0,0
0.0942,0,0
0.0946,0.00478417,0.00541611
0.095,0.00627248,0.00628448
0.0954,0,0
0.0958,0.00619148,0.00620318
0.0962,0,0
0.0966,0.00613557,0.00614705
0.097,0.00613633,0.00614781
0.0974,0,0
0.0978,0,0
0.0982,0,0
0.0986,0,0
0.099,0.00657512,0.0065883
0.0994,0,0
0.0998,0,0
0.1002,0.00695393,0.00696866
0.1006,0,0
0.101,0,0
0.1014,0,0
0.1018,0,0
0.1022,0,0
0.1026,0,0
0.103,0.00675989,0.00677379
0.1034,0,0
0.1038,0,0
0.1042,0,0
0.1046,0,0
0.105,0.00573801,0.00625505
0.1054,0.00773293,0.00775111
0.1058,0,0
0.1062,0,0
0.1066,0,0
0.107,0.00690353,0.00691802
0.1074,0,0
0.1078,0.0215077,0.0128283
0.1082,0,0
0.1086,0,0
0.109,0,0
0.1094,0,0
0.1098,0,0
0.1102,0,0
0.1106,0,0
0.111,0,0
0.1114,0,0
0.1118,0,0
0.1122,0,0
0.1126,0,0
0.113,0,0
0.1134,0,0
0.1138,0,0
0.1142,0,0
0.1146,0,0
0.115,0,0
0.1154,0,0
0.1158,0,0
0.1162,0.0100386,0.0100692
0.1166,0,0
0.117,0.00914563,0.00917097
0.1174,0,0
0.1178,0,0
0.1182,0,0
0.1186,0,0
0.119,0,0
0.1194,0,0
0.1198,0,0
3
-0.1198,0,0
-0.1194,0,0
-0.119,0,0
-0.1186,0,0
-0.1182,0,0
-0.1178,0,0
-0.1174,0,0
-0.117,0,0
-0.1166,0,0
-0.1162,0,0
-0.1158,0,0
-0.1154,0.00629006,0.0063022
-0.115,0.00354464,0.00481128
-0.1146,0,0
-0.1142,0,0
-0.1138,0,0
-0.1134,0,0
-0.113,0.00606557,0.00607685
-0.1126,0,0
-0.1122,0,0
-0.1118,0,0
-0.1114,0,0
-0.111,0,0
-0.1106,0,0
-0.1102,0,0
-0.1098,0,0
-0.1094,0,0
-0.109,0,0
-0.1086,0,0
-0.1082,0,0
-0.1078,0,0
-0.1074,0,0
-0.107,0,0
-0.1066,0,0
-0.1062,0,0
-0.1058,0,0
-0.1054,0,0
-0.105,0,0
-0.1046,0,0
-0.1042,0,0
-0.1038,0,0
-0.1034,0,0
-0.103,0,0
-0.1026,0,0
-0.1022,0,0
-0.1018,0,0
-0.1014,0.00581288,0.0058232
-0.101,0,0
-0.1006,0,0
-0.1002,0.00608443,0.00609573
-0.0998,0,0
-0.0994,0,0
-0.099,0.0116833,0.00827767
-0.0986,0,0
-0.0982,0,0
-0.0978,0.00603267,0.00604377
-0.0974,0,0
-0.097,0.0122903,0.00871662
-0.0966,0,0
-0.0962,0,0
-0.0958,0,0
-0.0954,0,0
-0.095,0,0
-0.0946,0.00600666,0.00601764
-0.0942,0,0
-0.0938,0,0
-0.0934,0,0
-0.093,0,0
-0.0926,0,0
-0.0922,0,0
-0.0918,0,0
-0.0914,0,0
-0.091,0,0
-0.0906,0,0
-0.0902,0,0
-0.0898,0,0
-0.0894,0,0
-0.089,0,0
-0.0886,0,0
-0.0882,0,0
-0.0878,0,0
-0.0874,0,0
-0.087,0,0
-0.0866,0,0
-0.0862,0,0
-0.0858,0,0
-0.0854,0,0
-0.085,0,0
-0.0846,0,0
-0.0842,0,0
-0.0838,0,0
-0.0834,0,0
-0.083,0,0
-0.0826,0,0
-0.0822,0,0
-0.0818,0,0
-0.0814,0,0
-0.081,0,0
-0.0806,0,0
-0.0802,0,0
-0.0798,0,0
-0.0794,0,0
-0.079,0,0
-0.0786,0,0
-0.0782,0,0
-0.0778,0.00608323,0.00609441
-0.0774,0,0
-0.077,0,0
-0.0766,0,0
-0.0762,0,0
-0.0758,0.0113458,0.00841265
-0.0754,0,0
-0.075,0,0
-0.0746,0,0
-0.0742,0,0
-0.0738,0,0
-0.0734,0,0
-0.073,0,0
-0.0726,0,0
-0.0722,0,0
-0.0718,0,0
-0.0714,0,0
-0.071,0,0
-0.0706,0,0
-0.0702,0,0
-0.0698,0,0
-0.0694,0,0
-0.069,0,0
-0.0686,0,0
-0.0682,0,0
-0.0678,0,0
-0.0674,0,0
-0.067,0,0
-0.0666,0,0
-0.0662,0,0
-0.0658,0,0
-0.0654,0,0
-0.065,0,0
-0.0646,0,0
-0.0642,0.004958,0.00547662
-0.0638,0,0
-0.0634,0,0
-0.063,0,0
-0.0626,0,0
-0.0622,0,0
-0.0618,0,0
-0.0614,0,0
-0.061,0,0
-0.0606,0,0
-0.0602,0,0
-0.0598,0,0
-0.0594,0,0
-0.059,0,0
-0.0586,0,0
-0.0582,0,0
-0.0578,0,0
-0.0574,0,0
-0.057,0,0
-0.0566,0,0
-0.0562,0,0
-0.0558,0,0
-0.0554,0.0131672,0.00932895
-0.055,0,0
-0.0546,0,0
-0.0542,0,0
-0.0538,0,0
-0.0534,0,0
-0.053,0,0
-0.0526,0,0
-0.0522,0,0
-0.0518,0,0
-0.0514,0,0
-0.051,0,0
-0.0506,0,0
-0.0502,0,0
-0.0498,0,0
-0.0494,0,0
-0.049,0,0
-0.0486,0,0
-0.0482,0,0
-0.0478,0.00601934,0.00603013
-0.0474,0,0
-0.047,0,0
-0.0466,0,0
-0.0462,0,0
-0.0458,0,0
-0.0454,0.00617721,0.00618855
-0.045,0,0
-0.0446,0,0
-0.0442,0,0
-0.0438,0,0
-0.0434,0,0
-0.043,0,0
-0.0426,0,0
-0.0422,0,0
-0.0418,0,0
-0.0414,0,0
-0.041,0,0
-0.0406,0,0
-0.0402,0,0
-0.0398,0,0
-0.0394,0.00680888,0.00682263
-0.039,0,0
-0.0386,0,0
-0.0382,0,0
-0.0378,0,0
-0.0374,0,0
-0.037,0,0
-0.0366,0,0
-0.0362,0,0
-0.0358,0.00613318,0.00614432
-0.0354,0,0
-0.035,0,0
-0.0346,0,0
-0.0342,0,0
-0.0338,0.00639441,0.00640651
-0.0334,0,0
-0.033,0,0
-0.0326,0,0
-0.0322,0.00606132,0.00607218
-0.0318,0,0
-0.0314,0.00592868,0.00593907
-0.031,0,0
-0.0306,0,0
-0.0302,0,0
-0.0298,0,0
-0.0294,0.00649309,0.00650554
-0.029,0,0
-0.0286,0,0
-0.0282,0.00619645,0.00620778
-0.0278,0,0
-0.0274,0.00607521,0.0060861
-0.027,0,0
-0.0266,0,0
-0.0262,0,0
-0.0258,0,0
-0.0254,0,0
-0.025,0.00594195,0.00595235
-0.0246,0,0
-0.0242,0.0064093,0.0064214
-0.0238,0.00591248,0.00592278
-0.0234,0,0
-0.023,0,0
-0.0226,0,0
-0.0222,0,0
-0.0218,0,0
-0.0214,0,0
-0.021,0,0
-0.0206,0,0
-0.0202,0.00697452,0.00698882
-0.0198,0,0
-0.0194,0.00608432,0.0060952
-0.019,0,0
-0.0186,0.0056863,0.0058414
-0.0182,0,0
-0.0178,0,0
-0.0174,0,0
-0.017,0.00192313,0.00339323
-0.0166,0,0
-0.0162,0,0
-0.0158,0.0059049,0.00591513
-0.0154,0,0
-0.015,0,0
-0.0146,0.00591011,0.00592035
-0.0142,0,0
-0.0138,0,0
-0.0134,0.0129189,0.00917043
-0.013,0.00605571,0.00606645
-0.0126,0,0
-0.0122,0.00805647,0.00702414
-0.0118,0,0
-0.0114,0,0
-0.011,0.0060745,0.00608531
-0.0106,0,0
-0.0102,0,0
-0.0098,0,0
-0.0094,0,0
-0.009,0.00654569,0.00655822
-0.0086,0,0
-0.0082,0.0114768,0.00812899
-0.0078,0.00655436,0.00656692
-0.0074,0.0124028,0.00878603
-0.007,0,0
-0.0066,0.00349545,0.00456647
-0.0062,0.00197524,0.0034446
-0.0058,0.00631179,0.00632343
-0.0054,0,0
-0.005,0.00706663,0.00696067
-0.0046,0.0120007,0.00850067
-0.0042,0,0
-0.0038,0.00637424,0.00626759
-0.0034,0.0653222,0.0212372
-0.003,0.0464629,0.0164329
-0.0026,0.0813531,0.0224052
-0.0022,0.120778,0.0276726
-0.0018,0.302836,0.0444085
-0.0014,0.455675,0.0530252
-0.001,0.743387,0.06602
-0.0006,0.889703,0.0722852
-0.0002,1.17661,0.0867405
0.0002,1.16715,0.086239
0.0006,0.89514,0.0728417
0.001,0.55936,0.0583273
0.0014,0.351981,0.0472531
0.0018,0.272564,0.0428382
0.0022,0.0764434,0.022325
0.0026,0.0123823,0.00877145
0.003,0.0507368,0.0182381
0.0034,0,0
0.0038,0,0
0.0042,0,0
0.0046,0,0
0.005,0,0
0.0054,0,0
0.0058,0.00674363,0.00675685
0.0062,0.00987143,0.00785203
0.0066,0,0
0.007,0.0120576,0.00869343
0.0074,0,0
0.0078,0.00611596,0.00612683
0.0082,0,0
0.0086,0,0
0.009,0,0
0.0094,0,0
0.0098,0.00668059,0.00669354
0.0102,0.00100803,0.00256725
0.0106,0,0
0.011,0,0
0.0114,0,0
0.0118,0,0
0.0122,0.00669224,0.00670523
0.0126,0,0
0.013,0,0
0.0134,0,0
0.0138,0,0
0.0142,0,0
0.0146,0,0
0.015,0,0
0.0154,0,0
0.0158,0,0
0.0162,0,0
0.0166,0.0034522,0.004672
0.017,0,0
0.0174,0.00631998,0.00633154
0.0178,0,0
0.0182,0,0
0.0186,0,0
0.019,0,0
0.0194,0,0
0.0198,0.00574676,0.00575631
0.0202,0,0
0.0206,0,0
0.021,0.00558797,0.00559699
0.0214,0,0
0.0218,0,0
0.0222,0,0
0.0226,0,0
0.023,0.0117981,0.00835698
0.0234,0,0
0.0238,0,0
0.0242,0,0
0.0246,0,0
0.025,0,0
0.0254,0,0
0.0258,0,0
0.0262,0,0
0.0266,0.00607722,0.00608788
0.027,0.00613687,0.00614773
0.0274,0,0
0.0278,0,0
0.0282,0,0
0.0286,0,0
0.029,0,0
0.0294,0,0
0.0298,0,0
0.0302,0,0
0.0306,0,0
0.031,0.0108738,0.00798772
0.0314,0,0
0.0318,0,0
0.0322,0,0
0.0326,0,0
0.033,0.00632077,0.00633226
0.0334,0,0
0.0338,0.00634349,0.00635507
0.0342,0,0
0.0346,0,0
0.035,0,0
0.0354,0,0
0.0358,0,0
0.0362,0,0
0.0366,0,0
0.037,0,0
0.0374,0,0
0.0378,0,0
0.0382,0,0
0.0386,0,0
0.039,0.00605748,0.00606802
0.0394,0,0
0.0398,0,0
0.0402,0,0
0.0406,0,0
0.041,0,0
0.0414,0.00621737,0.00622846
0.0418,0,0
0.0422,0,0
0.0426,0,0
0.043,0,0
0.0434,0,0
0.0438,0,0
0.0442,0,0
0.0446,0,0
0.045,0,0
0.0454,0,0
0.0458,0,0
0.0462,0,0
0.0466,0,0
0.047,0,0
0.0474,0,0
0.0478,0,0
0.0482,0,0
0.0486,0,0
0.049,0,0
0.0494,0.00659978,0.00661224
0.0498,0.00483206,0.00529239
0.0502,0,0
0.0506,0,0
0.051,0.00627633,0.00628759
0.0514,0,0
0.0518,0,0
0.0522,0,0
0.0526,0,0
0.053,0.0018099,0.00335457
0.0534,0,0
0.0538,0,0
0.0542,0,0
0.0546,0,0
0.055,0,0
0.0554,0,0
0.0558,0,0
0.0562,0,0
0.0566,0,0
0.057,0,0
0.0574,0,0
0.0578,0,0
0.0582,0.00623478,0.00624586
0.0586,0,0
0.059,0,0
0.0594,0,0
0.0598,0,0
0.0602,0,0
0.0606,0.0101253,0.00784414
0.061,0,0
0.0614,0,0
0.0618,0,0
0.0622,0,0
0.0626,0,0
0.063,0,0
0.0634,0,0
0.0638,0,0
0.0642,0,0
0.0646,0,0
0.065,0,0
0.0654,0,0
0.0658,0,0
0.0662,0,0
0.0666,0,0
0.067,0,0
0.0674,0,0
0.0678,0,0
0.0682,0,0
0.0686,0,0
0.069,0,0
0.0694,0.00685631,0.00686967
0.0698,0,0
0.0702,0,0
0.0706,0,0
0.071,0,0
0.0714,0,0
0.0718,0,0
0.0722,0,0
0.0726,0.00678071,0.00679376
0.073,0,0
0.0734,0,0
0.0738,0.0124126,0.00879249
0.0742,0.0062485,0.00625958
0.0746,0.00695687,0.0069706
0.075,0,0
0.0754,0,0
0.0758,0,0
0.0762,0,0
0.0766,0,0
0.077,0,0
0.0774,0,0
0.0778,0,0
0.0782,0,0
0.0786,0,0
0.079,0,0
0.0794,0,0
0.0798,0,0
0.0802,0,0
0.0806,0,0
0.081,0,0
0.0814,0,0
0.0818,0,0
0.0822,0,0
0.0826,0,0
0.083,0.000568229,0.00193052
0.0834,0,0
0.0838,0,0
0.0842,0,0
0.0846,0,0
0.085,0,0
0.0854,0,0
0.0858,0,0
0.0862,0,0
0.0866,0.00407402,0.00516558
0.087,0,0
0.0874,0,0
0.0878,0,0
0.0882,0,0
0.0886,0,0
0.089,0,0
0.0894,0,0
0.0898,0,0
0.0902,0,0
0.0906,0,0
0.091,0,0
0.0914,0,0
0.0918,0.000989606,0.00242811
0.0922,0,0
0.0926,0,0
0.093,0,0
0.0934,0,0
0.0938,0,0
0.0942,0,0
0.0946,0,0
0.095,0,0
0.0954,0,0
0.0958,0,0
0.0962,0.00593862,0.00637173
0.0966,0,0
0.097,0,0
0.0974,0,0
0.0978,0,0
0.0982,0,0
0.0986,0,0
0.099,0,0
0.0994,0,0
0.0998,0,0
0.1002,0,0
0.1006,0,0
0.101,0,0
0.1014,0,0
0.1018,0,0
0.1022,0,0
0.1026,0,0
0.103,0,0
0.1034,0,0
0.1038,0,0
0.1042,0,0
0.1046,0,0
0.105,0,0
0.1054,0,0
0.1058,0,0
0.1062,0.00780626,0.0078234
0.1066,0,0
0.107,0,0
0.1074,0,0
0.1078,0.00144933,0.00346232
0.1082,0,0
0.1086,0,0
0.109,0,0
0.1094,0,0
0.1098,0,0
0.1102,0,0
0.1106,0,0
0.111,0,0
0.1114,0,0
0.1118,0,0
0.1122,0,0
0.1126,0,0
0.113,0,0
0.1134,0,0
0.1138,0,0
0.1142,0,0
0.1146,0,0
0.115,0,0
0.1154,0,0
0.1158,0,0
0.1162,0,0
0.1166,0,0
0.117,0,0
0.1174,0,0
0.1178,0,0
0.1182,0.010634,0.0106658
0.1186,0.0105538,0.0105851
0.119,0,0
0.1194,0,0
0.1198,0,0
4
-0.1198,0,0
-0.1194,0,0
-0.119,0,0
-0.1186,0,0
-0.1182,0,0
-0.1178,0,0
-0.1174,0,0
-0.117,0,0
-0.1166,0,0
-0.1162,0,0
-0.1158,0.00587527,0.00588583
-0.1154,0,0
-0.115,0.00297029,0.00441198
-0.1146,0,0
-0.1142,0,0
-0.1138,0,0
-0.1134,0,0
-0.113,0,0
-0.1126,0.00599366,0.00600463
-0.1122,0,0
-0.1118,0,0
-0.1114,0,0
-0.111,0.00649912,0.006512
-0.1106,0.00612164,0.00613307
-0.1102,0,0
-0.1098,0,0
-0.1094,0,0
-0.109,0,0
-0.1086,0,0
-0.1082,0,0
-0.1078,0,0
-0.1074,0,0
-0.107,0,0
-0.1066,0.00578657,0.00579676
-0.1062,0,0
-0.1058,0.00625619,0.0062681
-0.1054,0,0
-0.105,0,0
-0.1046,0,0
-0.1042,0,0
-0.1038,0,0
-0.1034,0,0
-0.103,0,0
-0.1026,0,0
-0.1022,0,0
-0.1018,0,0
-0.1014,0,0
-0.101,0,0
-0.1006,0,0
-0.1002,0,0
-0.0998,0.00621757,0.0062293
-0.0994,0,0
-0.099,0,0
-0.0986,0,0
-0.0982,0.00153145,0.00305349
-0.0978,0,0
-0.0974,0.00605111,0.00606221
-0.097,0,0
-0.0966,0,0
-0.0962,0,0
-0.0958,0,0
-0.0954,0,0
-0.095,0,0
-0.0946,0,0
-0.0942,0,0
-0.0938,0,0
-0.0934,0,0
-0.093,0,0
-0.0926,0,0
-0.0922,0,0
-0.0918,0,0
-0.0914,0,0
-0.091,0,0
-0.0906,0,0
-0.0902,0,0
-0.0898,0,0
-0.0894,0,0
-0.089,0,0
-0.0886,0,0
-0.0882,0,0
-0.0878,0.00603269,0.00604367
-0.0874,0,0
-0.087,0,0
-0.0866,0,0
-0.0862,0,0
-0.0858,0,0
-0.0854,0,0
-0.085,0.00615326,0.00616467
-0.0846,0,0
-0.0842,0,0
-0.0838,0,0
-0.0834,0,0
-0.083,0,0
-0.0826,0,0
-0.0822,0,0
-0.0818,0,0
-0.0814,0,0
-0.081,0,0
-0.0806,0,0
-0.0802,0,0
-0.0798,0,0
-0.0794,0,0
-0.079,0,0
-0.0786,0,0
-0.0782,0,0
-0.0778,0,0
-0.0774,0,0
-0.077,0,0
-0.0766,0,0
-0.0762,0,0
-0.0758,0,0
-0.0754,0,0
-0.075,0,0
-0.0746,0,0
-0.0742,0,0
-0.0738,0,0
-0.0734,0,0
-0.073,0,0
-0.0726,0,0
-0.0722,0,0
-0.0718,0,0
-0.0714,0,0
-0.071,0,0
-0.0706,0,0
-0.0702,0,0
-0.0698,0,0
-0.0694,0,0
-0.069,0,0
-0.0686,0,0
-0.0682,0,0
-0.0678,0,0
-0.0674,0,0
-0.067,0,0
-0.0666,0.00706703,0.00708198
-0.0662,0,0
-0.0658,0,0
-0.0654,0,0
-0.065,0,0
-0.0646,0,0
-0.0642,0,0
-0.0638,0,0
-0.0634,0,0
-0.063,0,0
-0.0626,0,0
-0.0622,0,0
-0.0618,0,0
-0.0614,0.00635339,0.00636545
-0.061,0,0
-0.0606,0,0
-0.0602,0,0
-0.0598,0,0
-0.0594,0,0
-0.059,0,0
-0.0586,0,0
-0.0582,0,0
-0.0578,0,0
-0.0574,0.013462,0.00953826
-0.057,0,0
-0.0566,0,0
-0.0562,0,0
-0.0558,0,0
-0.0554,0,0
-0.055,0,0
-0.0546,0,0
-0.0542,0,0
-0.0538,0,0
-0.0534,0,0
-0.053,0,0
-0.0526,0,0
-0.0522,0,0
-0.0518,0,0
-0.0514,0,0
-0.051,0,0
-0.0506,0,0
-0.0502,0,0
-0.0498,0,0
-0.0494,0,0
-0.049,0,0
-0.0486,0,0
-0.0482,0,0
-0.0478,0,0
-0.0474,0,0
-0.047,0,0
-0.0466,0,0
-0.0462,0,0
-0.0458,0,0
-0.0454,0,0
-0.045,0,0
-0.0446,0,0
-0.0442,0,0
-0.0438,0,0
-0.0434,0,0
-0.043,0,0
-0.0426,0,0
-0.0422,0,0
-0.0418,0.00605608,0.00606699
-0.0414,0,0
-0.041,0,0
-0.0406,0,0
-0.0402,0,0
-0.0398,0,0
-0.0394,0,0
-0.039,0,0
-0.0386,0,0
-0.0382,0,0
-0.0378,0,0
-0.0374,0,0
-0.037,0.00594602,0.00595653
-0.0366,0,0
-0.0362,0,0
-0.0358,0,0
-0.0354,0,0
-0.035,0,0
-0.0346,0.00598303,0.00599366
-0.0342,0.00647873,0.00649119
-0.0338,0.00647898,0.00649145
-0.0334,0.00606522,0.00607614
-0.033,0,0
-0.0326,0,0
-0.0322,0,0
-0.0318,0,0
-0.0314,0,0
-0.031,0,0
-0.0306,0,0
-0.0302,0,0
-0.0298,0,0
-0.0294,0,0
-0.029,0,0
-0.0286,0,0
-0.0282,0,0
-0.0278,0,0
-0.0274,0,0
-0.027,0,0
-0.0266,0,0
-0.0262,0,0
-0.0258,0,0
-0.0254,0,0
-0.025,0,0
-0.0246,0,0
-0.0242,0,0
-0.0238,0.00634595,0.00635789
-0.0234,0,0
-0.023,0,0
-0.0226,0,0
-0.0222,0,0
-0.0218,0,0
-0.0214,0,0
-0.021,0.00600404,0.00601474
-0.0206,0,0
-0.0202,0,0
-0.0198,0,0
-0.0194,0,0
-0.019,0.00592605,0.00593646
-0.0186,0.00612897,0.00599432
-0.0182,0,0
-0.0178,0,0
-0.0174,0,0
-0.017,0,0
-0.0166,0.00657595,0.00658877
-0.0162,0,0
-0.0158,0,0
-0.0154,0,0
-0.015,0,0
-0.0146,0,0
-0.0142,0,0
-0.0138,0,0
-0.0134,0,0
-0.013,0.0126276,0.0089578
-0.0126,0,0
-0.0122,0.00409983,0.00498157
-0.0118,0,0
-0.0114,0,0
-0.011,0,0
-0.0106,0,0
-0.0102,0.00613,0.00614114
-0.0098,0,0
-0.0094,0,0
-0.009,0,0
-0.0086,0.00577654,0.00578643
-0.0082,0.00646505,0.00647744
-0.0078,0,0
-0.0074,0.00611538,0.00612647
-0.007,0.00610203,0.00611307
-0.0066,0.00311529,0.00428003
-0.0062,0.00985158,0.00763667
-0.0058,0,0
-0.0054,0,0
-0.005,0,0
-0.0046,0,0
-0.0042,0.023125,0.0115854
-0.0038,0.00600707,0.00601778
-0.0034,0.010031,0.0082087
-0.003,0.0444997,0.0159579
-0.0026,0.0721436,0.0209178
-0.0022,0.137132,0.0291747
-0.0018,0.279741,0.0422474
-0.0014,0.494637,0.0548377
-0.001,0.662359,0.061687
-0.0006,0.969421,0.0746791
-0.0002,1.19919,0.0868133
0.0002,1.15172,0.0851238
0.0006,0.712775,0.064407
0.001,0.493571,0.0541936
0.0014,0.357971,0.0471916
0.0018,0.120115,0.0281638
0.0022,0.0913704,0.0243073
0.0026,0.0491638,0.0174161
0.003,0.0330188,0.0145819
0.0034,0.0181574,0.0105021
0.0038,0.0242853,0.0121648
0.0042,0,0
0.0046,0.00625317,0.00626478
0.005,0,0
0.0054,0,0
0.0058,0.00660259,0.00661553
0.0062,0.00861372,0.00725752
0.0066,0.00603163,0.00604243
0.007,0,0
0.0074,0.00646698,0.0064794
0.0078,0,0
0.0082,0.00595431,0.00596484
0.0086,0.00595393,0.00596446
0.009,0.00649644,0.00650898
0.0094,0,0
0.0098,0,0
0.0102,0,0
0.0106,0,0
0.011,0.00626392,0.00627558
0.0114,0,0
0.0118,0,0
0.0122,0,0
0.0126,0.00652971,0.00654239
0.013,0,0
0.0134,0,0
0.0138,0,0
0.0142,0,0
0.0146,0,0
0.015,0,0
0.0154,0,0
0.0158,0,0
0.0162,0.00602212,0.0060329
0.0166,0.00277216,0.00413079
0.017,0,0
0.0174,0,0
0.0178,0,0
0.0182,0,0
0.0186,0.0057815,0.00579144
0.019,0,0
0.0194,0,0
0.0198,0,0
0.0202,0,0
0.0206,0,0
0.021,0,0
0.0214,0,0
0.0218,0.00614348,0.00615471
0.0222,0.00622858,0.00624012
0.0226,0,0
0.023,0.00568137,0.00569097
0.0234,0,0
0.0238,0,0
0.0242,0,0
0.0246,0,0
0.025,0,0
0.0254,0.0059362,0.00594669
0.0258,0,0
0.0262,0,0
0.0266,0,0
0.027,0,0
0.0274,0,0
0.0278,0,0
0.0282,0,0
0.0286,0.0060514,0.0060623
0.029,0,0
0.0294,0,0
0.0298,0,0
0.0302,0,0
0.0306,0,0
0.031,0.00565381,0.00566333
0.0314,0,0
0.0318,0,0
0.0322,0,0
0.0326,0,0
0.033,0,0
0.0334,0,0
0.0338,0.00586004,0.00587027
0.0342,0,0
0.0346,0,0
0.035,0,0
0.0354,0,0
0.0358,0,0
0.0362,0,0
0.0366,0.00671544,0.00672888
0.037,0,0
0.0374,0.00586126,0.00587149
0.0378,0,0
0.0382,0,0
0.0386,0,0
0.039,0,0
0.0394,0,0
0.0398,0,0
0.0402,0,0
0.0406,0,0
0.041,0,0
0.0414,0,0
0.0418,0,0
0.0422,0,0
0.0426,0,0
0.043,0,0
0.0434,0,0
0.0438,0,0
0.0442,0,0
0.0446,0,0
0.045,0,0
0.0454,0,0
0.0458,0,0
0.0462,0,0
0.0466,0,0
0.047,0,0
0.0474,0.00657705,0.00658995
0.0478,0,0
0.0482,0.00621023,0.00622173
0.0486,0,0
0.049,0,0
0.0494,0,0
0.0498,0.000906435,0.00224446
0.0502,0,0
0.0506,0,0
0.051,0,0
0.0514,0,0
0.0518,0,0
0.0522,0,0
0.0526,0,0
0.053,0.00419937,0.00500003
0.0534,0,0
0.0538,0,0
0.0542,0,0
0.0546,0.00609365,0.00610473
0.055,0,0
0.0554,0,0
0.0558,0.00586724,0.00587751
0.0562,0,0
0.0566,0,0
0.057,0.00583795,0.00584812
0.0574,0,0
0.0578,0,0
0.0582,0.00591976,0.00593022
0.0586,0.0118389,0.00838619
0.059,0,0
0.0594,0.00605804,0.00606899
0.0598,0,0
0.0602,0,0
0.0606,0.00193476,0.00338678
0.061,0,0
0.0614,0,0
0.0618,0,0
0.0622,0,0
0.0626,0,0
0.063,0,0
0.0634,0,0
0.0638,0,0
0.0642,0,0
0.0646,0,0
0.065,0.00614652,0.0061578
0.0654,0,0
0.0658,0,0
0.0662,0.00597607,0.00598673
0.0666,0,0
0.067,0.0056439,0.0056534
0.0674,0,0
0.0678,0,0
0.0682,0.00559352,0.00576598
0.0686,0,0
0.069,0,0
0.0694,0,0
0.0698,0,0
0.0702,0.00638951,0.0064017
0.0706,0,0
0.071,0.00612697,0.00613817
0.0714,0,0
0.0718,0,0
0.0722,0,0
0.0726,0,0
0.073,0,0
0.0734,0,0
0.0738,0,0
0.0742,0,0
0.0746,0,0
0.075,0,0
0.0754,0,0
0.0758,0,0
0.0762,0,0
0.0766,0,0
0.077,0,0
0.0774,0,0
0.0778,0,0
0.0782,0,0
0.0786,0,0
0.079,0,0
0.0794,0,0
0.0798,0.0058611,0.00587136
0.0802,0,0
0.0806,0,0
0.081,0,0
0.0814,0,0
0.0818,0,0
0.0822,0,0
0.0826,0,0
0.083,0,0
0.0834,0,0
0.0838,0,0
0.0842,0,0
0.0846,0,0
0.085,0,0
0.0854,0.005475,0.00548395
0.0858,0,0
0.0862,0,0
0.0866,0,0
0.087,0,0
0.0874,0,0
0.0878,0,0
0.0882,0,0
0.0886,0,0
0.089,0,0
0.0894,0,0
0.0898,0,0
0.0902,0,0
0.0906,0,0
0.091,0,0
0.0914,0,0
0.0918,0.0102985,0.0076187
0.0922,0.0058328,0.00584295
0.0926,0,0
0.093,0.00583715,0.00584732
0.0934,0,0
0.0938,0.00521829,0.00561512
0.0942,0,0
0.0946,0,0
0.095,0,0
0.0954,0,0
0.0958,0,0
0.0962,0.000823844,0.00230726
0.0966,0,0
0.097,0,0
0.0974,0,0
0.0978,0,0
0.0982,0.00614626,0.00615753
0.0986,0.00661009,0.00662312
0.099,0,0
0.0994,0,0
0.0998,0,0
0.1002,0,0
0.1006,0,0
0.101,0,0
0.1014,0,0
0.1018,0,0
0.1022,0,0
0.1026,0,0
0.103,0,0
0.1034,0,0
0.1038,0,0
0.1042,0,0
0.1046,0,0
0.105,0,0
0.1054,0,0
0.1058,0,0
0.1062,0,0
0.1066,0,0
0.107,0,0
0.1074,0,0
0.1078,0,0
0.1082,0,0
0.1086,0,0
0.109,0,0
0.1094,0,0
0.1098,0,0
0.1102,0,0
0.1106,0,0
0.111,0,0
0.1114,0,0
0.1118,0,0
0.1122,0,0
0.1126,0.00901504,0.00903922
0.113,0,0
0.1134,0.00873882,0.00876154
0.1138,0,0
0.1142,0,0
0.1146,0,0
0.115,0,0
0.1154,0,0
0.1158,0,0
0.1162,0,0
0.1166,0,0
0.117,0,0
0.1174,0,0
0.1178,0,0
0.1182,0,0
0.1186,0,0
0.119,0,0
0.1194,0,0
0.1198,0,0
5
-0.1198,0,0
-0.1194,0,0
-0.119,0,0
-0.1186,0,0
-0.1182,0,0
-0.1178,0,0
-0.1174,0,0
-0.117,0,0
-0.1166,0,0
-0.1162,0,0
-0.1158,0,0
-0.1154,0,0
-0.115,0,0
-0.1146,0,0
-0.1142,0,0
-0.1138,0.00377497,0.00493398
-0.1134,0,0
-0.113,0,0
-0.1126,0,0
-0.1122,0,0
-0.1118,0,0
-0.1114,0,0
-0.111,0,0
-0.1106,0,0
-0.1102,0,0
-0.1098,0,0
-0.1094,0,0
-0.109,0,0
-0.1086,0,0
-0.1082,0,0
-0.1078,0,0
-0.1074,0,0
-0.107,0,0
-0.1066,0,0
-0.1062,0,0
-0.1058,0,0
-0.1054,0,0
-0.105,0.00658101,0.00659405
-0.1046,0,0
-0.1042,0,0
-0.1038,0,0
-0.1034,0,0
-0.103,0,0
-0.1026,0,0
-0.1022,0,0
-0.1018,0.00633562,0.00634767
-0.1014,0,0
-0.101,0,0
-0.1006,0,0
-0.1002,0,0
-0.0998,0,0
-0.0994,0,0
-0.099,0,0
-0.0986,0,0
-0.0982,0.00458859,0.00531694
-0.0978,0,0
-0.0974,0,0
-0.097,0,0
-0.0966,0,0
-0.0962,0,0
-0.0958,0,0
-0.0954,0,0
-0.095,0,0
-0.0946,0,0
-0.0942,0,0
-0.0938,0,0
-0.0934,0,0
-0.093,0,0
-0.0926,0,0
-0.0922,0,0
-0.0918,0,0
-0.0914,0,0
-0.091,0,0
-0.0906,0,0
-0.0902,0,0
-0.0898,0,0
-0.0894,0,0
-0.089,0.00432969,0.00521334
-0.0886,0,0
-0.0882,0,0
-0.0878,0,0
-0.0874,0,0
-0.087,0,0
-0.0866,0,0
-0.0862,0,0
-0.0858,0.00613597,0.00614717
-0.0854,0,0
-0.085,0,0
-0.0846,0,0
-0.0842,0,0
-0.0838,0,0
-0.0834,0,0
-0.083,0,0
-0.0826,0,0
-0.0822,0,0
-0.0818,0,0
-0.0814,0,0
-0.081,0,0
-0.0806,0,0
-0.0802,0,0
-0.0798,0,0
-0.0794,0,0
-0.079,0,0
-0.0786,0,0
-0.0782,0,0
-0.0778,0,0
-0.0774,0,0
-0.077,0,0
-0.0766,0,0
-0.0762,0,0
-0.0758,0.00299722,0.00437095
-0.0754,0,0
-0.075,0,0
-0.0746,0,0
-0.0742,0,0
-0.0738,0.00640921,0.00642134
-0.0734,0,0
-0.073,0,0
-0.0726,0,0
-0.0722,0,0
-0.0718,0,0
-0.0714,0,0
-0.071,0,0
-0.0706,0.00639348,0.00640553
-0.0702,0,0
-0.0698,0.00621243,0.0062238
-0.0694,0,0
-0.069,0,0
-0.0686,0,0
-0.0682,0,0
-0.0678,0,0
-0.0674,0.00667028,0.00668338
-0.067,0,0
-0.0666,0,0
-0.0662,0,0
-0.0658,0,0
-0.0654,0,0
-0.065,0,0
-0.0646,0,0
-0.0642,0,0
-0.0638,0,0
-0.0634,0,0
-0.063,0,0
-0.0626,0,0
-0.0622,0,0
-0.0618,0,0
-0.0614,0,0
-0.061,0,0
-0.0606,0,0
-0.0602,0,0
-0.0598,0,0
-0.0594,0,0
-0.059,0,0
-0.0586,0,0
-0.0582,0.00631489,0.00632658
-0.0578,0,0
-0.0574,0,0
-0.057,0,0
-0.0566,0,0
-0.0562,0,0
-0.0558,0,0
-0.0554,0,0
-0.055,0,0
-0.0546,0,0
-0.0542,0,0
-0.0538,0,0
-0.0534,0,0
-0.053,0,0
-0.0526,0,0
-0.0522,0,0
-0.0518,0,0
-0.0514,0,0
-0.051,0,0
-0.0506,0,0
-0.0502,0,0
-0.0498,0,0
-0.0494,0,0
-0.049,0,0
-0.0486,0,0
-0.0482,0,0
-0.0478,0,0
-0.0474,0,0
-0.047,0,0
-0.0466,0,0
-0.0462,0,0
-0.0458,0,0
-0.0454,0,0
-0.045,0,0
-0.0446,0,0
-0.0442,0.0117708,0.00833863
-0.0438,0,0
-0.0434,0,0
-0.043,0,0
-0.0426,0,0
-0.0422,0,0
-0.0418,0,0
-0.0414,0,0
-0.041,0.00245478,0.00405078
-0.0406,0,0
-0.0402,0,0
-0.0398,0,0
-0.0394,0,0
-0.039,0,0
-0.0386,0,0
-0.0382,0,0
-0.0378,0,0
-0.0374,0,0
-0.037,0,0
-0.0366,0,0
-0.0362,0,0
-0.0358,0,0
-0.0354,0,0
-0.035,0,0
-0.0346,0,0
-0.0342,0,0
-0.0338,0.00651078,0.00652309
-0.0334,0,0
-0.033,0,0
-0.0326,0,0
-0.0322,0,0
-0.0318,0.00617067,0.00618173
-0.0314,0,0
-0.031,0.001592,0.00318871
-0.0306,0,0
-0.0302,0,0
-0.0298,0,0
-0.0294,0,0
-0.029,0,0
-0.0286,0,0
-0.0282,0,0
-0.0278,0,0
-0.0274,0,0
-0.027,0,0
-0.0266,0,0
-0.0262,0,0
-0.0258,0,0
-0.0254,0,0
-0.025,0,0
-0.0246,0.00691643,0.00693029
-0.0242,0,0
-0.0238,0,0
-0.0234,0,0
-0.023,0,0
-0.0226,0,0
-0.0222,0,0
-0.0218,0,0
-0.0214,0,0
-0.021,0,0
-0.0206,0,0
-0.0202,0,0
-0.0198,0,0
-0.0194,0,0
-0.019,0,0
-0.0186,0,0
-0.0182,0.000374654,0.00149935
-0.0178,0,0
-0.0174,0,0
-0.017,0,0
-0.0166,0,0
-0.0162,0,0
-0.0158,0,0
-0.0154,0,0
-0.015,0,0
-0.0146,0,0
-0.0142,0,0
-0.0138,0,0
-0.0134,0,0
-0.013,0.00613806,0.00614895
-0.0126,0,0
-0.0122,0,0
-0.0118,0,0
-0.0114,0,0
-0.011,0.0127624,0.00904677
-0.0106,0,0
-0.0102,0,0
-0.0098,0,0
-0.0094,0,0
-0.009,0,0
-0.0086,0,0
-0.0082,0,0
-0.0078,0,0
-0.0074,0,0
-0.007,0,0
-0.0066,0.00601834,0.0060288
-0.0062,0.00605899,0.00606959
-0.0058,0,0
-0.0054,0,0
-0.005,0.00691096,0.00692474
-0.0046,0.0121431,0.0086015
-0.0042,0.00586429,0.00587422
-0.0038,0.0194108,0.0112513
-0.0034,0.0486968,0.0184444
-0.003,0.0684979,0.0207854
-0.0026,0.0959834,0.0244862
-0.0022,0.241493,0.0395181
-0.0018,0.575357,0.0615283
-0.0014,0.679908,0.0652688
-0.001,0.926562,0.0741475
-0.0006,0.993076,0.0766882
-0.0002,1.311,0.0921434
0.0002,1.06408,0.082911
0.0006,0.754711,0.0672401
0.001,0.486282,0.054539
0.0014,0.338739,0.0466283
0.0018,0.155731,0.0325373
0.0022,0.0973697,0.0252087
0.0026,0.0505457,0.0179859
0.003,0.0330066,0.0147902
0.0034,0.0311505,0.0139561
0.0038,0.043822,0.0165935
0.0042,0.0200077,0.0115829
0.0046,0.012874,0.00912024
0.005,0.00640328,0.00641511
0.0054,0,0
0.0058,0.00679695,0.00681028
0.0062,0,0
0.0066,0,0
0.007,0,0
0.0074,0,0
0.0078,0.0127489,0.00903662
0.0082,0,0
0.0086,0,0
0.009,0,0
0.0094,0,0
0.0098,0,0
0.0102,0,0
0.0106,0,0
0.011,0.00645055,0.00646256
0.0114,0.00610064,0.00611138
0.0118,0.00631378,0.00632529
0.0122,0.00672522,0.00673827
0.0126,0.00618293,0.00619396
0.013,0.0062747,0.00628606
0.0134,0.00634015,0.00635175
0.0138,0,0
0.0142,0.00725157,0.00726674
0.0146,0,0
0.015,0,0
0.0154,0,0
0.0158,0,0
0.0162,0,0
0.0166,0,0
0.017,0,0
0.0174,0,0
0.0178,0,0
0.0182,0,0
0.0186,0,0
0.019,0,0
0.0194,0,0
0.0198,0,0
0.0202,0,0
0.0206,0,0
0.021,0,0
0.0214,0,0
0.0218,0,0
0.0222,0,0
0.0226,0,0
0.023,0,0
0.0234,0.00594876,0.00595897
0.0238,0,0
0.0242,0,0
0.0246,0,0
0.025,0,0
0.0254,0,0
0.0258,0,0
0.0262,0,0
0.0266,0,0
0.027,0,0
0.0274,0,0
0.0278,0,0
0.0282,0,0
0.0286,0,0
0.029,0,0
0.0294,0,0
0.0298,0,0
0.0302,0,0
0.0306,0,0
0.031,0,0
0.0314,0,0
0.0318,0,0
0.0322,0,0
0.0326,0,0
0.033,0,0
0.0334,0,0
0.0338,0,0
0.0342,0,0
0.0346,0.0120848,0.00856116
0.035,0,0
0.0354,0,0
0.0358,0,0
0.0362,0,0
0.0366,0,0
0.037,0,0
0.0374,0,0
0.0378,0,0
0.0382,0,0
0.0386,0,0
0.039,0,0
0.0394,0,0
0.0398,0,0
0.0402,0,0
0.0406,0,0
0.041,0,0
0.0414,0,0
0.0418,0.00618956,0.0062006
0.0422,0,0
0.0426,0.0039169,0.00484791
0.043,0,0
0.0434,0.00608612,0.00609679
0.0438,0,0
0.0442,0,0
0.0446,0,0
0.045,0,0
0.0454,0,0
0.0458,0,0
0.0462,0,0
0.0466,0,0
0.047,0,0
0.0474,0,0
0.0478,0,0
0.0482,0.00643381,0.00644572
0.0486,0.00643431,0.00644623
0.049,0,0
0.0494,0,0
0.0498,0,0
0.0502,0,0
0.0506,0,0
0.051,0,0
0.0514,0,0
0.0518,0.00598421,0.00599451
0.0522,0,0
0.0526,0,0
0.053,0,0
0.0534,0,0
0.0538,0.00646533,0.00647735
0.0542,0,0
0.0546,0,0
0.055,0,0
0.0554,0,0
0.0558,0,0
0.0562,0,0
0.0566,0,0
0.057,0,0
0.0574,0,0
0.0578,0,0
0.0582,0,0
0.0586,0,0
0.059,0,0
0.0594,0,0
0.0598,0,0
0.0602,0,0
0.0606,0.0059198,0.00592986
0.061,0,0
0.0614,0,0
0.0618,0,0
0.0622,0,0
0.0626,0,0
0.063,0,0
0.0634,0,0
0.0638,0,0
0.0642,0,0
0.0646,0,0
0.065,0,0
0.0654,0,0
0.0658,0,0
0.0662,0.00622117,0.00623226
0.0666,0,0
0.067,0,0
0.0674,0.00599179,0.00600208
0.0678,0,0
0.0682,0.000342997,0.00145723
0.0686,0,0
0.069,0,0
0.0694,0,0
0.0698,0,0
0.0702,0,0
0.0706,0,0
0.071,0,0
0.0714,0,0
0.0718,0,0
0.0722,0,0
0.0726,0,0
0.073,0,0
0.0734,0,0
0.0738,0,0
0.0742,0,0
0.0746,0,0
0.075,0,0
0.0754,0,0
0.0758,0,0
0.0762,0,0
0.0766,0,0
0.077,0,0
0.0774,0.00645986,0.00647178
0.0778,0,0
0.0782,0,0
0.0786,0,0
0.079,0,0
0.0794,0,0
0.0798,0,0
0.0802,0,0
0.0806,0,0
0.081,0,0
0.0814,0,0
0.0818,0,0
0.0822,0,0
0.0826,0,0
0.083,0,0
0.0834,0,0
0.0838,0,0
0.0842,0,0
0.0846,0,0
0.085,0,0
0.0854,0,0
0.0858,0,0
0.0862,0,0
0.0866,0,0
0.087,0,0
0.0874,0,0
0.0878,0,0
0.0882,0,0
0.0886,0,0
0.089,0,0
0.0894,0,0
0.0898,0,0
0.0902,0,0
0.0906,0,0
0.091,0,0
0.0914,0.00616345,0.00617425
0.0918,0,0
0.0922,0,0
0.0926,0,0
0.093,0,0
0.0934,0,0
0.0938,0.000842972,0.0023135
0.0942,0,0
0.0946,0,0
0.095,0,0
0.0954,0,0
0.0958,0,0
0.0962,0,0
0.0966,0,0
0.097,0,0
0.0974,0,0
0.0978,0.00707611,0.0070903
0.0982,0,0
0.0986,0,0
0.099,0,0
0.0994,0,0
0.0998,0,0
0.1002,0,0
0.1006,0,0
0.101,0,0
0.1014,0,0
0.1018,0,0
0.1022,0.00584482,0.00614441
0.1026,0,0
0.103,0,0
0.1034,0,0
0.1038,0,0
0.1042,0,0
0.1046,0,0
0.105,0,0
0.1054,0,0
0.1058,0,0
0.1062,0,0
0.1066,0,0
0.107,0,0
0.1074,0,0
0.1078,0,0
0.1082,0,0
0.1086,0,0
0.109,0,0
0.1094,0,0
0.1098,0,0
0.1102,0,0
0.1106,0,0
0.111,0,0
0.1114,0,0
0.1118,0,0
0.1122,0,0
0.1126,0,0
0.113,0,0
0.1134,0,0
0.1138,0,0
0.1142,0,0
0.1146,0,0
0.115,0,0
0.1154,0,0
0.1158,0,0
0.1162,0.00900497,0.00902775
0.1166,0,0
0.117,0,0
0.1174,0,0
0.1178,0,0
0.1182,0,0
0.1186,0,0
0.119,0,0
0.1194,0,0
0.1198,0,0
6
-0.1198,0,0
-0.1194,0,0
-0.119,0,0
-0.1186,0,0
-0.1182,0,0
-0.1178,0,0
-0.1174,0,0
-0.117,0.00549824,0.00550855
-0.1166,0,0
-0.1162,0,0
-0.1158,0.00569202,0.00570306
-0.1154,0,0
-0.115,0,0
-0.1146,0,0
-0.1142,0,0
-0.1138,0.00236033,0.00368284
-0.1134,0,0
-0.113,0,0
-0.1126,0,0
-0.1122,0,0
-0.1118,0,0
-0.1114,0,0
-0.111,0,0
-0.1106,0,0
-0.1102,0,0
-0.1098,0,0
-0.1094,0,0
-0.109,0,0
-0.1086,0.00534307,0.00535274
-0.1082,0,0
-0.1078,0,0
-0.1074,0.00543166,0.00544164
-0.107,0,0
-0.1066,0,0
-0.1062,0,0
-0.1058,0,0
-0.1054,0.00553375,0.0055441
-0.105,0,0
-0.1046,0.00586865,0.00588027
-0.1042,0,0
-0.1038,0,0
-0.1034,0,0
-0.103,0,0
-0.1026,0,0
-0.1022,0,0
-0.1018,0,0
-0.1014,0,0
-0.101,0,0
-0.1006,0,0
-0.1002,0,0
-0.0998,0,0
-0.0994,0,0
-0.099,0,0
-0.0986,0,0
-0.0982,0,0
-0.0978,0,0
-0.0974,0,0
-0.097,0,0
-0.0966,0,0
-0.0962,0,0
-0.0958,0,0
-0.0954,0,0
-0.095,0,0
-0.0946,0,0
-0.0942,0,0
-0.0938,0,0
-0.0934,0,0
-0.093,0,0
-0.0926,0,0
-0.0922,0,0
-0.0918,0,0
-0.0914,0,0
-0.091,0,0
-0.0906,0,0
-0.0902,0,0
-0.0898,0,0
-0.0894,0,0
-0.089,0.00171881,0.00310436
-0.0886,0,0
-0.0882,0,0
-0.0878,0,0
-0.0874,0,0
-0.087,0,0
-0.0866,0,0
-0.0862,0,0
-0.0858,0,0
-0.0854,0,0
-0.085,0,0
-0.0846,0,0
-0.0842,0,0
-0.0838,0,0
-0.0834,0.00585797,0.00586947
-0.083,0,0
-0.0826,0,0
-0.0822,0,0
-0.0818,0,0
-0.0814,0,0
-0.081,0,0
-0.0806,0,0
-0.0802,0,0
-0.0798,0,0
-0.0794,0,0
-0.079,0,0
-0.0786,0,0
-0.0782,0,0
-0.0778,0,0
-0.0774,0,0
-0.077,0,0
-0.0766,0.00589545,0.00590718
-0.0762,0,0
-0.0758,0.00293363,0.00404472
-0.0754,0,0
-0.075,0,0
-0.0746,0,0
-0.0742,0,0
-0.0738,0,0
-0.0734,0,0
-0.073,0,0
-0.0726,0,0
-0.0722,0.00548456,0.00549475
-0.0718,0,0
-0.0714,0,0
-0.071,0,0
-0.0706,0,0
-0.0702,0,0
-0.0698,0,0
-0.0694,0.0057195,0.00573061
-0.069,0,0
-0.0686,0,0
-0.0682,0,0
-0.0678,0,0
-0.0674,0.0114189,0.00809009
-0.067,0,0
-0.0666,0,0
-0.0662,0,0
-0.0658,0,0
-0.0654,0,0
-0.065,0,0
-0.0646,0,0
-0.0642,0.00529743,0.00530701
-0.0638,0.00579463,0.0058061
-0.0634,0,0
-0.063,0,0
-0.0626,0,0
-0.0622,0,0
-0.0618,0,0
-0.0614,0,0
-0.061,0,0
-0.0606,0,0
-0.0602,0,0
-0.0598,0,0
-0.0594,0.0114641,0.00812229
-0.059,0,0
-0.0586,0,0
-0.0582,0,0
-0.0578,0,0
-0.0574,0,0
-0.057,0,0
-0.0566,0,0
-0.0562,0,0
-0.0558,0,0
-0.0554,0.00529332,0.00530296
-0.055,0,0
-0.0546,0,0
-0.0542,0,0
-0.0538,0,0
-0.0534,0,0
-0.053,0,0
-0.0526,0,0
-0.0522,0,0
-0.0518,0,0
-0.0514,0,0
-0.051,0,0
-0.0506,0,0
-0.0502,0,0
-0.0498,0,0
-0.0494,0,0
-0.049,0,0
-0.0486,0,0
-0.0482,0.00529434,0.00530403
-0.0478,0,0
-0.0474,0,0
-0.047,0,0
-0.0466,0,0
-0.0462,0,0
-0.0458,0,0
-0.0454,0,0
-0.045,0,0
-0.0446,0,0
-0.0442,0,0
-0.0438,0,0
-0.0434,0,0
-0.043,0,0
-0.0426,0,0
-0.0422,0,0
-0.0418,0,0
-0.0414,0,0
-0.041,0.00352274,0.00444212
-0.0406,0,0
-0.0402,0,0
-0.0398,0,0
-0.0394,0,0
-0.039,0,0
-0.0386,0,0
-0.0382,0,0
-0.0378,0.00533845,0.00534837
-0.0374,0,0
-0.037,0,0
-0.0366,0,0
-0.0362,0,0
-0.0358,0,0
-0.0354,0,0
-0.035,0,0
-0.0346,0,0
-0.0342,0.0055149,0.00552551
-0.0338,0,0
-0.0334,0,0
-0.033,0,0
-0.0326,0,0
-0.0322,0,0
-0.0318,0,0
-0.0314,0,0
-0.031,0.00396293,0.00458501
-0.0306,0,0
-0.0302,0,0
-0.0298,0.00566592,0.00567715
-0.0294,0,0
-0.029,0,0
-0.0286,0,0
-0.0282,0,0
-0.0278,0,0
-0.0274,0,0
-0.027,0.00511645,0.00512562
-0.0266,0,0
-0.0262,0,0
-0.0258,0,0
-0.0254,0.0045109,0.00451803
-0.025,0.00450995,0.00451708
-0.0246,0.00571705,0.00572851
-0.0242,0,0
-0.0238,0,0
-0.0234,0.0049628,0.00497144
-0.023,0,0
-0.0226,0,0
-0.0222,0,0
-0.0218,0,0
-0.0214,0.010284,0.00728666
-0.021,0,0
-0.0206,0,0
-0.0202,0,0
-0.0198,0,0
-0.0194,0.00508866,0.00509776
-0.019,0,0
-0.0186,0,0
-0.0182,0.00968325,0.00696992
-0.0178,0,0
-0.0174,0,0
-0.017,0,0
-0.0166,0,0
-0.0162,0,0
-0.0158,0,0
-0.0154,0,0
-0.015,0,0
-0.0146,0,0
-0.0142,0,0
-0.0138,0,0
-0.0134,0,0
-0.013,0,0
-0.0126,0,0
-0.0122,0,0
-0.0118,0,0
-0.0114,0,0
-0.011,0,0
-0.0106,0,0
-0.0102,0,0
-0.0098,0,0
-0.0094,0,0
-0.009,0,0
-0.0086,0,0
-0.0082,0,0
-0.0078,0,0
-0.0074,0.00513814,0.00514745
-0.007,0,0
-0.0066,0,0
-0.0062,0,0
-0.0058,0,0
-0.0054,0,0
-0.005,0.00540609,0.00541641
-0.0046,0.00496209,0.00497078
-0.0042,0,0
-0.0038,0.00576835,0.00578009
-0.0034,0.0283916,0.0127237
-0.003,0.0251631,0.0113245
-0.0026,0.0353036,0.0133746
-0.0022,0.0460297,0.0153712
-0.0018,0.1228,0.0256579
-0.0014,0.176905,0.0299793
-0.001,0.254828,0.0350739
-0.0006,0.336499,0.0402846
-0.0002,0.428953,0.0474708
0.0002,0.362942,0.0438127
0.0006,0.381177,0.0432086
0.001,0.309084,0.0393375
0.0014,0.250472,0.0362308
0.0018,0.182322,0.0318022
0.0022,0.123203,0.0257585
0.0026,0.0732484,0.0195657
0.003,0.0270878,0.0121373
0.0034,0.0203367,0.0101867
0.0038,0.0305282,0.0124856
0.0042,0.00513802,0.00514735
0.0046,0.00525416,0.00526392
0.005,0.00522739,0.00523704
0.0054,0.0213238,0.0106827
0.0058,0.0106646,0.00756161
0.0062,0.00512534,0.00513462
0.0066,0.0102517,0.00726221
0.007,0,0
0.0074,0,0
0.0078,0.00538504,0.00539528
0.0082,0,0
0.0086,0,0
0.009,0,0
0.0094,0,0
0.0098,0,0
0.0102,0,0
0.0106,0.0102228,0.00724163
0.011,0,0
0.0114,0,0
0.0118,0,0
0.0122,0,0
0.0126,0,0
0.013,0,0
0.0134,0,0
0.0138,0.00505151,0.0051275
0.0142,0,0
0.0146,0,0
0.015,0,0
0.0154,0,0
0.0158,0.0106265,0.00752813
0.0162,0,0
0.0166,0,0
0.017,0,0
0.0174,0,0
0.0178,0,0
0.0182,0,0
0.0186,0,0
0.019,0,0
0.0194,0,0
0.0198,0,0
0.0202,0,0
0.0206,0,0
0.021,0,0
0.0214,0,0
0.0218,0,0
0.0222,0,0
0.0226,0,0
0.023,0,0
0.0234,0,0
0.0238,0,0
0.0242,0,0
0.0246,0,0
0.025,0,0
0.0254,0,0
0.0258,0,0
0.0262,0,0
0.0266,0,0
0.027,0,0
0.0274,0,0
0.0278,0,0
0.0282,0,0
0.0286,0,0
0.029,0,0
0.0294,0,0
0.0298,0,0
0.0302,0,0
0.0306,0,0
0.031,0.0049172,0.00492548
0.0314,0,0
0.0318,0,0
0.0322,0,0
0.0326,0,0
0.033,0,0
0.0334,0,0
0.0338,0.00512121,0.00513015
0.0342,0,0
0.0346,0,0
0.035,0,0
0.0354,0,0
0.0358,0,0
0.0362,0,0
0.0366,0,0
0.037,0,0
0.0374,0,0
0.0378,0,0
0.0382,0,0
0.0386,0,0
0.039,0,0
0.0394,0,0
0.0398,0.00530826,0.00531777
0.0402,0,0
0.0406,0,0
0.041,0.0052291,0.0052383
0.0414,0,0
0.0418,0,0
0.0422,0,0
0.0426,0.0017688,0.00301677
0.043,0,0
0.0434,0,0
0.0438,0,0
0.0442,0,0
0.0446,0,0
0.045,0.00592227,0.00593401
0.0454,0,0
0.0458,0,0
0.0462,0,0
0.0466,0,0
0.047,0,0
0.0474,0,0
0.0478,0,0
0.0482,0,0
0.0486,0,0
0.049,0,0
0.0494,0,0
0.0498,0,0
0.0502,0,0
0.0506,0,0
0.051,0,0
0.0514,0,0
0.0518,0,0
0.0522,0,0
0.0526,0,0
0.053,0,0
0.0534,0,0
0.0538,0,0
0.0542,0,0
0.0546,0,0
0.055,0,0
0.0554,0,0
0.0558,0,0
0.0562,0,0
0.0566,0,0
0.057,0,0
0.0574,0,0
0.0578,0,0
0.0582,0,0
0.0586,0,0
0.059,0.00550011,0.00551
0.0594,0,0
0.0598,0,0
0.0602,0,0
0.0606,0,0
0.061,0,0
0.0614,0,0
0.0618,0,0
0.0622,0,0
0.0626,0,0
0.063,0,0
0.0634,0.00544896,0.00545861
0.0638,0.0022407,0.00349392
0.0642,0,0
0.0646,0,0
0.065,0,0
0.0654,0,0
0.0658,0,0
0.0662,0,0
0.0666,0,0
0.067,0,0
0.0674,0,0
0.0678,0,0
0.0682,0,0
0.0686,0,0
0.069,0,0
0.0694,0,0
0.0698,0,0
0.0702,0,0
0.0706,0,0
0.071,0,0
0.0714,0,0
0.0718,0.00590459,0.00591577
0.0722,0,0
0.0726,0,0
0.073,0,0
0.0734,0,0
0.0738,0,0
0.0742,0,0
0.0746,0,0
0.075,0,0
0.0754,0.00587919,0.00589022
0.0758,0,0
0.0762,0,0
0.0766,0,0
0.077,0,0
0.0774,0.00579816,0.00580886
0.0778,0.00150044,0.00297458
0.0782,0,0
0.0786,0,0
0.079,0,0
0.0794,0,0
0.0798,0,0
0.0802,0,0
0.0806,0,0
0.081,0,0
0.0814,0,0
0.0818,0,0
0.0822,0,0
0.0826,0,0
0.083,0,0
0.0834,0,0
0.0838,0,0
0.0842,0,0
0.0846,0,0
0.085,0,0
0.0854,0.00573052,0.00574085
0.0858,0,0
0.0862,0,0
0.0866,0.00594865,0.00595976
0.087,0,0
0.0874,0,0
0.0878,0,0
0.0882,0,0
0.0886,0,0
0.089,0.00543862,0.00544788
0.0894,0,0
0.0898,0,0
0.0902,0,0
0.0906,0,0
0.091,0,0
0.0914,0,0
0.0918,0,0
0.0922,0,0
0.0926,0,0
0.093,0,0
0.0934,0,0
0.0938,0,0
0.0942,0,0
0.0946,0.00723162,0.00663418
0.095,0,0
0.0954,0,0
0.0958,0,0
0.0962,0,0
0.0966,0,0
0.097,0,0
0.0974,0,0
0.0978,0,0
0.0982,0,0
0.0986,0,0
0.099,0,0
0.0994,0,0
0.0998,0,0
0.1002,0.00686972,0.00688427
0.1006,0,0
0.101,0,0
0.1014,0,0
0.1018,0,0
0.1022,0.000543375,0.00179625
0.1026,0,0
0.103,0,0
0.1034,0,0
0.1038,0,0
0.1042,0,0
0.1046,0,0
0.105,0,0
0.1054,0,0
0.1058,0,0
0.1062,0,0
0.1066,0,0
0.107,0,0
0.1074,0,0
0.1078,0,0
0.1082,0,0
0.1086,0.00796962,0.00798907
0.109,0,0
0.1094,0,0
0.1098,0,0
0.1102,0,0
0.1106,0,0
0.111,0,0
0.1114,0,0
0.1118,0,0
0.1122,0,0
0.1126,0,0
0.113,0,0
0.1134,0,0
0.1138,0,0
0.1142,0,0
0.1146,0,0
0.115,0,0
0.1154,0,0
0.1158,0,0
0.1162,0,0
0.1166,0,0
0.117,0,0
0.1174,0,0
0.1178,0.00971212,0.00974109
0.1182,0,0
0.1186,0,0
0.119,0,0
0.1194,0,0
0.1198,0,0
7
-0.1198,0,0
-0.1194,0,0
-0.119,0,0
-0.1186,0.00508269,0.00509163
-0.1182,0,0
-0.1178,0,0
-0.1174,0,0
-0.117,0,0
-0.1166,0,0
-0.1162,0,0
-0.1158,0.00518663,0.00519596
-0.1154,0,0
-0.115,0.00575661,0.0057681
-0.1146,0,0
-0.1142,0,0
-0.1138,0,0
-0.1134,0,0
-0.113,0.00535627,0.00536623
-0.1126,0,0
-0.1122,0,0
-0.1118,0,0
-0.1114,0,0
-0.111,0,0
-0.1106,0,0
-0.1102,0,0
-0.1098,0,0
-0.1094,0,0
-0.109,0,0
-0.1086,0,0
-0.1082,0,0
-0.1078,0,0
-0.1074,0,0
-0.107,0,0
-0.1066,0.00517924,0.00518861
-0.1062,0,0
-0.1058,0,0
-0.1054,0,0
-0.105,0,0
-0.1046,0,0
-0.1042,0,0
-0.1038,0,0
-0.1034,0,0
-0.103,0,0
-0.1026,0,0
-0.1022,0,0
-0.1018,0,0
-0.1014,0,0
-0.101,0,0
-0.1006,0,0
-0.1002,0,0
-0.0998,0,0
-0.0994,0,0
-0.099,0,0
-0.0986,0,0
-0.0982,0,0
-0.0978,0,0
-0.0974,0,0
-0.097,0,0
-0.0966,0,0
-0.0962,0,0
-0.0958,0,0
-0.0954,0,0
-0.095,0,0
-0.0946,0,0
-0.0942,0,0
-0.0938,0,0
-0.0934,0,0
-0.093,0,0
-0.0926,0,0
-0.0922,0,0
-0.0918,0,0
-0.0914,0,0
-0.091,0,0
-0.0906,0,0
-0.0902,0,0
-0.0898,0,0
-0.0894,0,0
-0.089,0,0
-0.0886,0,0
-0.0882,0,0
-0.0878,0,0
-0.0874,0,0
-0.087,0.00550252,0.00551325
-0.0866,0,0
-0.0862,0,0
-0.0858,0,0
-0.0854,0,0
-0.085,0,0
-0.0846,0,0
-0.0842,0,0
-0.0838,0,0
-0.0834,0,0
-0.083,0,0
-0.0826,0.00504622,0.00505523
-0.0822,0,0
-0.0818,0,0
-0.0814,0,0
-0.081,0,0
-0.0806,0,0
-0.0802,0,0
-0.0798,0,0
-0.0794,0,0
-0.079,0,0
-0.0786,0,0
-0.0782,0,0
-0.0778,0,0
-0.0774,0,0
-0.077,0,0
-0.0766,0,0
-0.0762,0,0
-0.0758,0,0
-0.0754,0,0
-0.075,0,0
-0.0746,0,0
-0.0742,0,0
-0.0738,0,0
-0.0734,0,0
-0.073,0,0
-0.0726,0,0
-0.0722,0,0
-0.0718,0,0
-0.0714,0,0
-0.071,0,0
-0.0706,0.00536784,0.00537795
-0.0702,0,0
-0.0698,0,0
-0.0694,0,0
-0.069,0,0
-0.0686,0,0
-0.0682,0,0
-0.0678,0,0
-0.0674,0,0
-0.067,0,0
-0.0666,0,0
-0.0662,0,0
-0.0658,0,0
-0.0654,0,0
-0.065,0,0
-0.0646,0,0
-0.0642,0,0
-0.0638,0,0
-0.0634,0,0
-0.063,0,0
-0.0626,0,0
-0.0622,0,0
-0.0618,0,0
-0.0614,0,0
-0.061,0,0
-0.0606,0,0
-0.0602,0,0
-0.0598,0.00544989,0.0054602
-0.0594,0,0
-0.059,0,0
-0.0586,0.00572069,0.00573203
-0.0582,0.00534185,0.00535174
-0.0578,0,0
-0.0574,0,0
-0.057,0,0
-0.0566,0,0
-0.0562,0,0
-0.0558,0,0
-0.0554,0,0
-0.055,0,0
-0.0546,0,0
-0.0542,0.00539031,0.00540032
-0.0538,0,0
-0.0534,0,0
-0.053,0.00535809,0.00536797
-0.0526,0,0
-0.0522,0,0
-0.0518,0,0
-0.0514,0,0
-0.051,0,0
-0.0506,0,0
-0.0502,0,0
-0.0498,0,0
-0.0494,0,0
-0.049,0,0
-0.0486,0,0
-0.0482,0,0
-0.0478,0,0
-0.0474,0,0
-0.047,0,0
-0.0466,0,0
-0.0462,0,0
-0.0458,0,0
-0.0454,0.00565621,0.0056671
-0.045,0,0
-0.0446,0,0
-0.0442,0,0
-0.0438,0,0
-0.0434,0,0
-0.043,0,0
-0.0426,0,0
-0.0422,0,0
-0.0418,0,0
-0.0414,0,0
-0.041,0,0
-0.0406,0,0
-0.0402,0,0
-0.0398,0,0
-0.0394,0,0
-0.039,0,0
-0.0386,0,0
-0.0382,0.00553394,0.00554424
-0.0378,0,0
-0.0374,0,0
-0.037,0.00526229,0.00527159
-0.0366,0,0
-0.0362,0,0
-0.0358,0,0
-0.0354,0,0
-0.035,0,0
-0.0346,0,0
-0.0342,0,0
-0.0338,0,0
-0.0334,0,0
-0.033,0,0
-0.0326,0,0
-0.0322,0,0
-0.0318,0,0
-0.0314,0,0
-0.031,0,0
-0.0306,0,0
-0.0302,0,0
-0.0298,0,0
-0.0294,0,0
-0.029,0,0
-0.0286,0,0
-0.0282,0,0
-0.0278,0,0
-0.0274,0,0
-0.027,0,0
-0.0266,0,0
-0.0262,0,0
-0.0258,0.00565752,0.00566805
-0.0254,0,0
-0.025,0,0
-0.0246,0,0
-0.0242,0,0
-0.0238,0,0
-0.0234,0,0
-0.023,0,0
-0.0226,0,0
-0.0222,0,0
-0.0218,0,0
-0.0214,0,0
-0.021,0.00546518,0.00547491
-0.0206,0,0
-0.0202,0.00566262,0.00567305
-0.0198,0,0
-0.0194,0,0
-0.019,0,0
-0.0186,0,0
-0.0182,0,0
-0.0178,0,0
-0.0174,0,0
-0.017,0,0
-0.0166,0,0
-0.0162,0,0
-0.0158,0,0
-0.0154,0,0
-0.015,0.00583011,0.00584105
-0.0146,0.00583472,0.00584566
-0.0142,0,0
-0.0138,0.00325969,0.00419976
-0.0134,0,0
-0.013,0,0
-0.0126,0,0
-0.0122,0,0
-0.0118,0,0
-0.0114,0,0
-0.011,0,0
-0.0106,0,0
-0.0102,0,0
-0.0098,0,0
-0.0094,0,0
-0.009,0,0
-0.0086,0,0
-0.0082,0,0
-0.0078,0,0
-0.0074,0.00027165,0.0012482
-0.007,0,0
-0.0066,0,0
-0.0062,0.00552435,0.00553401
-0.0058,0.0175588,0.0101566
-0.0054,0.00910584,0.00740098
-0.005,0,0
-0.0046,0.00631534,0.00632794
-0.0042,0.00536179,0.00537086
-0.0038,0.00398341,0.00475212
-0.0034,0.0316472,0.0141822
-0.003,0.0739725,0.0198318
-0.0026,0.0370341,0.0143133
-0.0022,0.0796135,0.0215189
-0.0018,0.111906,0.0259366
-0.0014,0.306077,0.0419691
-0.001,0.382243,0.045616
-0.0006,0.502787,0.0523205
-0.0002,0.651932,0.0622589
0.0002,0.715921,0.0652082
0.0006,0.596806,0.0574337
0.001,0.606704,0.058561
0.0014,0.464563,0.0523282
0.0018,0.34982,0.0468354
0.0022,0.207402,0.0355467
0.0026,0.109611,0.0254037
0.003,0.0690937,0.0204997
0.0034,0.0518399,0.0173113
0.0038,0.0123068,0.00843946
0.0042,0.0407817,0.0154422
0.0046,0.00634875,0.00636131
0.005,0.0207386,0.0111211
0.0054,0.0123924,0.00878093
0.0058,0.017094,0.010401
0.0062,0.00581169,0.00582219
0.0066,0,0
0.007,0.00576663,0.00577696
0.0074,0.00618591,0.00619779
0.0078,0,0
0.0082,0.00807965,0.00704967
0.0086,0,0
0.009,0,0
0.0094,0.00604847,0.00605981
0.0098,0,0
0.0102,0,0
0.0106,0,0
0.011,0,0
0.0114,0,0
0.0118,0,0
0.0122,0,0
0.0126,0,0
0.013,0,0
0.0134,0,0
0.0138,0.000152658,0.000950703
0.0142,0,0
0.0146,0,0
0.015,0,0
0.0154,0.00594017,0.00595108
0.0158,0,0
0.0162,0,0
0.0166,0,0
0.017,0.00591575,0.00592657
0.0174,0,0
0.0178,0,0
0.0182,0.00637054,0.00638309
0.0186,0,0
0.019,0,0
0.0194,0,0
0.0198,0,0
0.0202,0,0
0.0206,0.00577474,0.00578508
0.021,0,0
0.0214,0,0
0.0218,0,0
0.0222,0,0
0.0226,0,0
0.023,0,0
0.0234,0,0
0.0238,0,0
0.0242,0,0
0.0246,0,0
0.025,0,0
0.0254,0,0
0.0258,0,0
0.0262,0,0
0.0266,0.00304925,0.00415118
0.027,0,0
0.0274,0,0
0.0278,0,0
0.0282,0,0
0.0286,0,0
0.029,0,0
0.0294,0,0
0.0298,0,0
0.0302,0,0
0.0306,0,0
0.031,0,0
0.0314,0,0
0.0318,0,0
0.0322,0,0
0.0326,0.00646971,0.0064828
0.033,0,0
0.0334,0,0
0.0338,0,0
0.0342,0.00582422,0.00583485
0.0346,0.00547506,0.00548446
0.035,0,0
0.0354,0,0
0.0358,0.00544182,0.00545111
0.0362,0,0
0.0366,0,0
0.037,0,0
0.0374,0,0
0.0378,0,0
0.0382,0,0
0.0386,0,0
0.039,0,0
0.0394,0,0
0.0398,0,0
0.0402,0,0
0.0406,0,0
0.041,0,0
0.0414,0,0
0.0418,0.00564973,0.0056598
0.0422,0,0
0.0426,0,0
0.043,0,0
0.0434,0,0
0.0438,0,0
0.0442,0,0
0.0446,0,0
0.045,0,0
0.0454,0,0
0.0458,0,0
0.0462,0,0
0.0466,0,0
0.047,0,0
0.0474,0.00617519,0.0061873
0.0478,0,0
0.0482,0,0
0.0486,0,0
0.049,0,0
0.0494,0,0
0.0498,0,0
0.0502,0,0
0.0506,0,0
0.051,0,0
0.0514,0,0
0.0518,0,0
0.0522,0.00543513,0.00544457
0.0526,0,0
0.053,0,0
0.0534,0,0
0.0538,0.00580932,0.00582012
0.0542,0,0
0.0546,0,0
0.055,0.00559256,0.00560258
0.0554,0.00581035,0.00582117
0.0558,0,0
0.0562,0.00545362,0.00546317
0.0566,0,0
0.057,0,0
0.0574,0,0
0.0578,0.00561141,0.00562153
0.0582,0,0
0.0586,0,0
0.059,0,0
0.0594,0.00560895,0.00561909
0.0598,0,0
0.0602,0,0
0.0606,0.0105313,0.0074594
0.061,0,0
0.0614,0,0
0.0618,0,0
0.0622,0,0
0.0626,0.0054062,0.00541566
0.063,0,0
0.0634,0,0
0.0638,0.00319535,0.00417702
0.0642,0,0
0.0646,0,0
0.065,0,0
0.0654,0,0
0.0658,0,0
0.0662,0,0
0.0666,0,0
0.067,0,0
0.0674,0.00517057,0.00517928
0.0678,0.00517205,0.00518077
0.0682,0.00542045,0.00543003
0.0686,0.00558094,0.0055911
0.069,0.00578571,0.00579664
0.0694,0,0
0.0698,0,0
0.0702,0,0
0.0706,0,0
0.071,0,0
0.0714,0,0
0.0718,0,0
0.0722,0,0
0.0726,0.00587136,0.00588266
0.073,0,0
0.0734,0,0
0.0738,0,0
0.0742,0,0
0.0746,0,0
0.075,0,0
0.0754,0,0
0.0758,0,0
0.0762,0,0
0.0766,0,0
0.077,0,0
0.0774,0,0
0.0778,0.00422506,0.00490545
0.0782,0,0
0.0786,0,0
0.079,0,0
0.0794,0,0
0.0798,0,0
0.0802,0,0
0.0806,0,0
0.081,0,0
0.0814,0,0
0.0818,0,0
0.0822,0,0
0.0826,0,0
0.083,0,0
0.0834,0,0
0.0838,0,0
0.0842,0,0
0.0846,0,0
0.085,0,0
0.0854,0,0
0.0858,0,0
0.0862,0,0
0.0866,0,0
0.087,0.00421305,0.00485315
0.0874,0,0
0.0878,0,0
0.0882,0,0
0.0886,0,0
0.089,0,0
0.0894,0,0
0.0898,0,0
0.0902,0,0
0.0906,0,0
0.091,0,0
0.0914,0,0
0.0918,0,0
0.0922,0,0
0.0926,0,0
0.093,0,0
0.0934,0,0
0.0938,0,0
0.0942,0,0
0.0946,0.00453101,0.00505235
0.095,0,0
0.0954,0,0
0.0958,0,0
0.0962,0,0
0.0966,0,0
0.097,0.00623867,0.00625159
0.0974,0,0
0.0978,0,0
0.0982,0,0
0.0986,0,0
0.099,0,0
0.0994,0,0
0.0998,0,0
0.1002,0.00637505,0.00638855
0.1006,0,0
0.101,0,0
0.1014,0.00654825,0.00656249
0.1018,0,0
0.1022,0,0
0.1026,0,0
0.103,0,0
0.1034,0,0
0.1038,0,0
0.1042,0,0
0.1046,0.00605766,0.00606984
0.105,0.00622399,0.00623685
0.1054,0,0
0.1058,0,0
0.1062,0,0
0.1066,0,0
0.107,0,0
0.1074,0,0
0.1078,0,0
0.1082,0,0
0.1086,0,0
0.109,0,0
0.1094,0,0
0.1098,0,0
0.1102,0,0
0.1106,0,0
0.111,0,0
0.1114,0,0
0.1118,0,0
0.1122,0,0
0.1126,0,0
0.113,0,0
0.1134,0,0
0.1138,0,0
0.1142,0,0
0.1146,0,0
0.115,0,0
0.1154,0,0
0.1158,0,0
0.1162,0.00771947,0.007739
0.1166,0,0
0.117,0,0
0.1174,0,0
0.1178,0,0
0.1182,0,0
0.1186,0.00907429,0.00910115
0.119,0,0
0.1194,0,0
0.1198,0,0
8
-0.1198,0.00393528,0.00394268
-0.1194,0,0
-0.119,0,0
-0.1186,0,0
-0.1182,0,0
-0.1178,0,0
-0.1174,0,0
-0.117,0,0
-0.1166,0,0
-0.1162,0,0
-0.1158,0,0
-0.1154,0,0
-0.115,0,0
-0.1146,0,0
-0.1142,0,0
-0.1138,0,0
-0.1134,0,0
-0.113,0,0
-0.1126,0,0
-0.1122,0,0
-0.1118,0,0
-0.1114,0,0
-0.111,0,0
-0.1106,0,0
-0.1102,0,0
-0.1098,0,0
-0.1094,0,0
-0.109,0,0
-0.1086,0,0
-0.1082,0,0
-0.1078,0,0
-0.1074,0,0
-0.107,0,0
-0.1066,0.0038444,0.00385135
-0.1062,0,0
-0.1058,0.00405399,0.0040617
-0.1054,0,0
-0.105,0,0
-0.1046,0,0
-0.1042,0,0
-0.1038,0,0
-0.1034,0,0
-0.103,0,0
-0.1026,0.00413665,0.00414465
-0.1022,0,0
-0.1018,0,0
-0.1014,0,0
-0.101,0.00398131,0.0039887
-0.1006,0,0
-0.1002,0,0
-0.0998,0,0
-0.0994,0,0
-0.099,0,0
-0.0986,0,0
-0.0982,0,0
-0.0978,0,0
-0.0974,0,0
-0.097,0,0
-0.0966,0,0
-0.0962,0,0
-0.0958,0,0
-0.0954,0.00412785,0.00413573
-0.095,0,0
-0.0946,0,0
-0.0942,0,0
-0.0938,0,0
-0.0934,0.00417569,0.00418373
-0.093,0,0
-0.0926,0,0
-0.0922,0,0
-0.0918,0,0
-0.0914,0,0
-0.091,0,0
-0.0906,0,0
-0.0902,0,0
-0.0898,0,0
-0.0894,0,0
-0.089,0,0
-0.0886,0,0
-0.0882,0,0
-0.0878,0,0
-0.0874,0,0
-0.087,0,0
-0.0866,0,0
-0.0862,0,0
-0.0858,0,0
-0.0854,0.00438351,0.00439228
-0.085,0,0
-0.0846,0,0
-0.0842,0,0
-0.0838,0,0
-0.0834,0,0
-0.083,0,0
-0.0826,0,0
-0.0822,0,0
-0.0818,0,0
-0.0814,0,0
-0.081,0,0
-0.0806,0,0
-0.0802,0,0
-0.0798,0,0
-0.0794,0,0
-0.079,0,0
-0.0786,0,0
-0.0782,0,0
-0.0778,0,0
-0.0774,0,0
-0.077,0,0
-0.0766,0,0
-0.0762,0,0
-0.0758,0,0
-0.0754,0,0
-0.075,0,0
-0.0746,0.00813327,0.00576165
-0.0742,0.00441098,0.00441976
-0.0738,0,0
-0.0734,0,0
-0.073,0,0
-0.0726,0,0
-0.0722,0,0
-0.0718,0,0
-0.0714,0.00450077,0.00450989
-0.071,0,0
-0.0706,0,0
-0.0702,0,0
-0.0698,0,0
-0.0694,0,0
-0.069,0,0
-0.0686,0.00420849,0.00421645
-0.0682,0,0
-0.0678,0,0
-0.0674,0,0
-0.067,0,0
-0.0666,0.0049436,0.00495457
-0.0662,0,0
-0.0658,0,0
-0.0654,0.00392608,0.003933
-0.065,0,0
-0.0646,0,0
-0.0642,0.00403064,0.00403793
-0.0638,0,0
-0.0634,0,0
-0.063,0,0
-0.0626,0,0
-0.0622,0,0
-0.0618,0,0
-0.0614,0,0
-0.061,0,0
-0.0606,0,0
-0.0602,0,0
-0.0598,0,0
-0.0594,0,0
-0.059,0,0
-0.0586,0,0
-0.0582,0.00413179,0.00413943
-0.0578,0,0
-0.0574,0,0
-0.057,0,0
-0.0566,0,0
-0.0562,0,0
-0.0558,0,0
-0.0554,0,0
-0.055,0,0
-0.0546,0.00440103,0.0044097
-0.0542,0,0
-0.0538,0,0
-0.0534,0.00441736,0.00442609
-0.053,0.00411437,0.00412195
-0.0526,0.00431866,0.004327
-0.0522,0,0
-0.0518,0,0
-0.0514,0,0
-0.051,0,0
-0.0506,0,0
-0.0502,0,0
-0.0498,0,0
-0.0494,0,0
-0.049,0,0
-0.0486,0,0
-0.0482,0.00408871,0.00409619
-0.0478,0,0
-0.0474,0,0
-0.047,0,0
-0.0466,0,0
-0.0462,0,0
-0.0458,0,0
-0.0454,0,0
-0.045,0,0
-0.0446,0,0
-0.0442,0,0
-0.0438,0,0
-0.0434,0,0
-0.043,0,0
-0.0426,0,0
-0.0422,0,0
-0.0418,0,0
-0.0414,0,0
-0.041,0,0
-0.0406,0,0
-0.0402,0,0
-0.0398,0,0
-0.0394,0.00434269,0.00435111
-0.039,0,0
-0.0386,0,0
-0.0382,0.00416002,0.00416775
-0.0378,0,0
-0.0374,0.00418898,0.00419682
-0.037,0,0
-0.0366,0,0
-0.0362,0,0
-0.0358,0.0040296,0.00403685
-0.0354,0,0
-0.035,0,0
-0.0346,0,0
-0.0342,0,0
-0.0338,0,0
-0.0334,0,0
-0.033,0,0
-0.0326,0.00423519,0.00424319
-0.0322,0,0
-0.0318,0,0
-0.0314,0.00785594,0.00556473
-0.031,0,0
-0.0306,0,0
-0.0302,0,0
-0.0298,0.00444483,0.00445363
-0.0294,0,0
-0.029,0,0
-0.0286,0,0
-0.0282,0,0
-0.0278,0,0
-0.0274,0,0
-0.027,0,0
-0.0266,0,0
-0.0262,0,0
-0.0258,0,0
-0.0254,0.00355046,0.00355607
-0.025,0,0
-0.0246,0,0
-0.0242,0,0
-0.0238,0,0
-0.0234,0,0
-0.023,0,0
-0.0226,0,0
-0.0222,0,0
-0.0218,0,0
-0.0214,0,0
-0.021,0,0
-0.0206,0,0
-0.0202,0,0
-0.0198,0,0
-0.0194,0,0
-0.019,0.0039519,0.00395884
-0.0186,0,0
-0.0182,0,0
-0.0178,0,0
-0.0174,0,0
-0.017,0,0
-0.0166,0,0
-0.0162,0,0
-0.0158,0.00390152,0.00390828
-0.0154,0,0
-0.015,0,0
-0.0146,0,0
-0.0142,0,0
-0.0138,0.00154228,0.00245667
-0.0134,0.00076163,0.00186238
-0.013,0,0
-0.0126,0,0
-0.0122,0,0
-0.0118,0,0
-0.0114,0,0
-0.011,0,0
-0.0106,0.00441342,0.00442204
-0.0102,0,0
-0.0098,0,0
-0.0094,0,0
-0.009,0,0
-0.0086,0,0
-0.0082,0.0037967,0.00380307
-0.0078,0,0
-0.0074,0.00805424,0.0057747
-0.007,0,0
-0.0066,0.00393595,0.00394278
-0.0062,0,0
-0.0058,0.00417986,0.00418757
-0.0054,0.0114155,0.00699479
-0.005,0.0090465,0.00640961
-0.0046,0.00781365,0.00553545
-0.0042,0.00788293,0.00558563
-0.0038,0.0285508,0.0109565
-0.0034,0.0540855,0.0157304
-0.003,0.094849,0.0194744
-0.0026,0.136209,0.0235914
-0.0022,0.138697,0.0240383
-0.0018,0.270179,0.0341668
-0.0014,0.401388,0.0406356
-0.001,0.496763,0.0439111
-0.0006,0.609106,0.0487298
-0.0002,0.708193,0.0548333
0.0002,0.703674,0.0545696
0.0006,0.486166,0.0437118
0.001,0.430362,0.0417275
0.0014,0.355297,0.0386922
0.0018,0.243999,0.0330051
0.0022,0.181466,0.0280922
0.0026,0.151804,0.0252438
0.003,0.0618351,0.0163802
0.0034,0.0665951,0.0166861
0.0038,0.0403606,0.0128977
0.0042,0.0255754,0.0104695
0.0046,0.00874353,0.00619756
0.005,0.0105724,0.00668615
0.0054,0.00864891,0.0061273
0.0058,0.0146188,0.00792112
0.0062,0.00641571,0.0051541
0.0066,0.0205329,0.0091993
0.007,0.0323413,0.0116572
0.0074,0.0016115,0.00266379
0.0078,0.00770847,0.00560328
0.0082,0.0113444,0.00694486
0.0086,0.00404162,0.00404877
0.009,0,0
0.0094,0,0
0.0098,0,0
0.0102,0,0
0.0106,0,0
0.011,0.00851713,0.00603374
0.0114,0,0
0.0118,0,0
0.0122,0,0
0.0126,0.00408585,0.00409314
0.013,0.00414737,0.00415488
0.0134,0,0
0.0138,0,0
0.0142,0.00421066,0.0042184
0.0146,0,0
0.015,0.00421041,0.00421814
0.0154,0,0
0.0158,0,0
0.0162,0.00410809,0.00411544
0.0166,0,0
0.017,0.00418567,0.00419331
0.0174,0,0
0.0178,0,0
0.0182,0,0
0.0186,0.00394996,0.00395675
0.019,0,0
0.0194,0,0
0.0198,0,0
0.0202,0,0
0.0206,0,0
0.021,0,0
0.0214,0,0
0.0218,0,0
0.0222,0,0
0.0226,0.00389124,0.00389782
0.023,0.00395181,0.0039586
0.0234,0.00153077,0.00251057
0.0238,0,0
0.0242,0.00402095,0.00402796
0.0246,0,0
0.025,0,0
0.0254,0,0
0.0258,0,0
0.0262,0,0
0.0266,0.00589545,0.0048901
0.027,0.00404052,0.00404759
0.0274,0,0
0.0278,0,0
0.0282,0,0
0.0286,0,0
0.029,0.0043612,0.00436943
0.0294,0,0
0.0298,0,0
0.0302,0,0
0.0306,0,0
0.031,0,0
0.0314,0,0
0.0318,0,0
0.0322,0,0
0.0326,0,0
0.033,0,0
0.0334,0,0
0.0338,0,0
0.0342,0,0
0.0346,0,0
0.035,0.00434698,0.00435514
0.0354,0,0
0.0358,0.0039555,0.00396225
0.0362,0,0
0.0366,0,0
0.037,0,0
0.0374,0.0042794,0.00428729
0.0378,0,0
0.0382,0,0
0.0386,0,0
0.039,0,0
0.0394,0,0
0.0398,0,0
0.0402,0.00410267,0.00410992
0.0406,0.00407139,0.00407853
0.041,0,0
0.0414,0,0
0.0418,0,0
0.0422,0.00404925,0.00405631
0.0426,0,0
0.043,0,0
0.0434,0,0
0.0438,0,0
0.0442,0,0
0.0446,0.00461168,0.00462081
0.045,0,0
0.0454,0,0
0.0458,0,0
0.0462,0,0
0.0466,0,0
0.047,0,0
0.0474,0,0
0.0478,0,0
0.0482,0,0
0.0486,0,0
0.049,0,0
0.0494,0,0
0.0498,0,0
0.0502,0,0
0.0506,0.00434149,0.00434956
0.051,0,0
0.0514,0,0
0.0518,0,0
0.0522,0,0
0.0526,0.0041406,0.00414792
0.053,0,0
0.0534,0,0
0.0538,0,0
0.0542,0,0
0.0546,0,0
0.055,0,0
0.0554,0,0
0.0558,0,0
0.0562,0,0
0.0566,0,0
0.057,0,0
0.0574,0,0
0.0578,0,0
0.0582,0,0
0.0586,0,0
0.059,0.00450058,0.00450917
0.0594,0,0
0.0598,0,0
0.0602,0,0
0.0606,0,0
0.061,0,0
0.0614,0,0
0.0618,0,0
0.0622,0.00414724,0.00415451
0.0626,0.00414134,0.00414858
0.063,0,0
0.0634,0,0
0.0638,0.00418166,0.00418903
0.0642,0.00864254,0.00612297
0.0646,0,0
0.065,0,0
0.0654,0,0
0.0658,0,0
0.0662,0.00424321,0.00425077
0.0666,0,0
0.067,0,0
0.0674,0,0
0.0678,0,0
0.0682,0,0
0.0686,0,0
0.069,0,0
0.0694,0,0
0.0698,0,0
0.0702,0,0
0.0706,0,0
0.071,0,0
0.0714,0,0
0.0718,0,0
0.0722,0,0
0.0726,0,0
0.073,0,0
0.0734,0,0
0.0738,0,0
0.0742,0.00426708,0.00427464
0.0746,0,0
0.075,0,0
0.0754,0,0
0.0758,0,0
0.0762,0,0
0.0766,0,0
0.077,0,0
0.0774,0,0
0.0778,0,0
0.0782,0.00457822,0.00458688
0.0786,0,0
0.079,0,0
0.0794,0,0
0.0798,0,0
0.0802,0,0
0.0806,0,0
0.081,0,0
0.0814,0,0
0.0818,0,0
0.0822,0,0
0.0826,0.00424519,0.0042526
0.083,0,0
0.0834,0,0
0.0838,0,0
0.0842,0,0
0.0846,0,0
0.085,0,0
0.0854,0,0
0.0858,0,0
0.0862,0,0
0.0866,0,0
0.087,0.0010983,0.00222934
0.0874,0,0
0.0878,0,0
0.0882,0,0
0.0886,0,0
0.089,0,0
0.0894,0,0
0.0898,0,0
0.0902,0,0
0.0906,0,0
0.091,0.00497,0.00498005
0.0914,0.0043027,0.00431023
0.0918,0.00416843,0.0041755
0.0922,0,0
0.0926,0,0
0.093,0,0
0.0934,0,0
0.0938,0,0
0.0942,0.00439461,0.00440245
0.0946,0,0
0.095,0.00459471,0.00460327
0.0954,0,0
0.0958,0,0
0.0962,0.00466033,0.00466912
0.0966,0.000430946,0.0014135
0.097,0,0
0.0974,0,0
0.0978,0,0
0.0982,0,0
0.0986,0,0
0.099,0,0
0.0994,0,0
0.0998,0,0
0.1002,0,0
0.1006,0,0
0.101,0,0
0.1014,0,0
0.1018,0.00451337,0.0045216
0.1022,0,0
0.1026,0,0
0.103,0.00565228,0.00566517
0.1034,0,0
0.1038,0,0
0.1042,0,0
0.1046,0,0
0.105,0,0
0.1054,0.00549989,0.00551209
0.1058,0,0
0.1062,0,0
0.1066,0,0
0.107,0,0
0.1074,0,0
0.1078,0,0
0.1082,0,0
0.1086,0,0
0.109,0.00596404,0.00597837
0.1094,0,0
0.1098,0,0
0.1102,0,0
0.1106,0,0
0.111,0,0
0.1114,0,0
0.1118,0,0
0.1122,0,0
0.1126,0,0
0.113,0,0
0.1134,0.0129139,0.00915529
0.1138,0,0
0.1142,0,0
0.1146,0.00708184,0.00710203
0.115,0,0
0.1154,0,0
0.1158,0,0
0.1162,0,0
0.1166,0,0
0.117,0,0
0.1174,0,0
0.1178,0,0
0.1182,0,0
0.1186,0,0
0.119,0,0
0.1194,0,0
0.1198,0,0
9
-0.1198,0,0
-0.1194,0,0
-0.119,0,0
-0.1186,0,0
-0.1182,0,0
-0.1178,0,0
-0.1174,0.00390948,0.003917
-0.117,0,0
-0.1166,0,0
-0.1162,0.00365503,0.00366162
-0.1158,0,0
-0.1154,0,0
-0.115,0,0
-0.1146,0,0
-0.1142,0,0
-0.1138,0.00393456,0.00394222
-0.1134,0,0
-0.113,0,0
-0.1126,0,0
-0.1122,0,0
-0.1118,0,0
-0.1114,0.00399384,0.00400175
-0.111,0,0
-0.1106,0,0
-0.1102,0.0040075,0.00401548
-0.1098,0,0
-0.1094,0,0
-0.109,0.00721937,0.00511405
-0.1086,0,0
-0.1082,0,0
-0.1078,0,0
-0.1074,0,0
-0.107,0,0
-0.1066,0,0
-0.1062,0,0
-0.1058,0,0
-0.1054,0,0
-0.105,0,0
-0.1046,0,0
-0.1042,0.00375051,0.00375756
-0.1038,0,0
-0.1034,0,0
-0.103,0,0
-0.1026,0,0
-0.1022,0.00387114,0.00387869
-0.1018,0,0
-0.1014,0,0
-0.101,0,0
-0.1006,0,0
-0.1002,0,0
-0.0998,0,0
-0.0994,0,0
-0.099,0,0
-0.0986,0,0
-0.0982,0,0
-0.0978,0.00351637,0.00352264
-0.0974,0,0
-0.097,0,0
-0.0966,0,0
-0.0962,0,0
-0.0958,0,0
-0.0954,0,0
-0.095,0.0038722,0.00387983
-0.0946,0,0
-0.0942,0,0
-0.0938,0,0
-0.0934,0,0
-0.093,0.00386256,0.00387018
-0.0926,0,0
-0.0922,0,0
-0.0918,0,0
-0.0914,0,0
-0.091,0,0
-0.0906,0,0
-0.0902,0,0
-0.0898,0,0
-0.0894,0,0
-0.089,0,0
-0.0886,0,0
-0.0882,0.00762413,0.00540163
-0.0878,0,0
-0.0874,0,0
-0.087,0,0
-0.0866,0,0
-0.0862,0,0
-0.0858,0,0
-0.0854,0,0
-0.085,0,0
-0.0846,0.00350396,0.00351029
-0.0842,0,0
-0.0838,0,0
-0.0834,0,0
-0.083,0,0
-0.0826,0,0
-0.0822,0.00352694,0.00353336
-0.0818,0,0
-0.0814,0,0
-0.081,0,0
-0.0806,0,0
-0.0802,0.00659621,0.0046722
-0.0798,0.00368817,0.00369522
-0.0794,0,0
-0.079,0,0
-0.0786,0.00386917,0.00387693
-0.0782,0,0
-0.0778,0,0
-0.0774,0,0
-0.077,0,0
-0.0766,0,0
-0.0762,0,0
-0.0758,0,0
-0.0754,0,0
-0.075,0,0
-0.0746,0,0
-0.0742,0.0038212,0.0038288
-0.0738,0,0
-0.0734,0,0
-0.073,0,0
-0.0726,0,0
-0.0722,0.00712239,0.00504565
-0.0718,0,0
-0.0714,0,0
-0.071,0.00359413,0.00360087
-0.0706,0,0
-0.0702,0.00341731,0.00342342
-0.0698,0,0
-0.0694,0,0
-0.069,0,0
-0.0686,0,0
-0.0682,0.00735966,0.0052141
-0.0678,0,0
-0.0674,0.00370778,0.00371499
-0.067,0,0
-0.0666,0.00403367,0.0040422
-0.0662,0,0
-0.0658,0,0
-0.0654,0,0
-0.065,0,0
-0.0646,0,0
-0.0642,0.00344108,0.0034473
-0.0638,0.00376394,0.00377138
-0.0634,0,0
-0.063,0,0
-0.0626,0,0
-0.0622,0,0
-0.0618,0,0
-0.0614,0,0
-0.061,0,0
-0.0606,0.00354952,0.00355615
-0.0602,0,0
-0.0598,0.00717421,0.00508253
-0.0594,0,0
-0.059,0,0
-0.0586,0,0
-0.0582,0,0
-0.0578,0,0
-0.0574,0,0
-0.057,0.00337853,0.00338456
-0.0566,0,0
-0.0562,0.00355697,0.00356365
-0.0558,0,0
-0.0554,0,0
-0.055,0,0
-0.0546,0.0037226,0.00372993
-0.0542,0.00350949,0.00351601
-0.0538,0.00364665,0.00365369
-0.0534,0,0
-0.053,0,0
-0.0526,0,0
-0.0522,0,0
-0.0518,0.00343065,0.00343689
-0.0514,0.00354788,0.00355456
-0.051,0,0
-0.0506,0,0
-0.0502,0,0
-0.0498,0,0
-0.0494,0,0
-0.049,0.00357745,0.00358424
-0.0486,0,0
-0.0482,0.00344434,0.00345064
-0.0478,0.00368523,0.00369245
-0.0474,0,0
-0.047,0.00369655,0.00370381
-0.0466,0,0
-0.0462,0,0
-0.0458,0,0
-0.0454,0.003614,0.00362096
-0.045,0,0
-0.0446,0,0
-0.0442,0,0
-0.0438,0,0
-0.0434,0,0
-0.043,0,0
-0.0426,0,0
-0.0422,0,0
-0.0418,0.00340934,0.00341556
-0.0414,0.00361993,0.00362693
-0.041,0,0
-0.0406,0.00329602,0.00330183
-0.0402,0,0
-0.0398,0.00320145,0.00320694
-0.0394,0,0
-0.039,0.00362045,0.00362747
-0.0386,0.00337183,0.00337792
-0.0382,0,0
-0.0378,0,0
-0.0374,0,0
-0.037,0,0
-0.0366,0,0
-0.0362,0,0
-0.0358,0.00334481,0.00335082
-0.0354,0.00334337,0.00334939
-0.035,0.00346655,0.00347302
-0.0346,0.00684427,0.00485171
-0.0342,0.00357074,0.00357761
-0.0338,0,0
-0.0334,0.00333944,0.00334545
-0.033,0,0
-0.0326,0,0
-0.0322,0,0
-0.0318,0,0
-0.0314,0,0
-0.031,0,0
-0.0306,0,0
-0.0302,0,0
-0.0298,0,0
-0.0294,0,0
-0.029,0,0
-0.0286,0,0
-0.0282,0,0
-0.0278,0,0
-0.0274,0.00671256,0.00475582
-0.027,0,0
-0.0266,0,0
-0.0262,0.00331925,0.00332524
-0.0258,0,0
-0.0254,0,0
-0.025,0,0
-0.0246,0,0
-0.0242,0,0
-0.0238,0,0
-0.0234,0.00958204,0.00554185
-0.023,0.00669819,0.004745
-0.0226,0,0
-0.0222,0.00370069,0.00370817
-0.0218,0,0
-0.0214,0,0
-0.021,0.00325257,0.00325835
-0.0206,0,0
-0.0202,0,0
-0.0198,0.00678686,0.00480797
-0.0194,0,0
-0.019,0,0
-0.0186,0,0
-0.0182,0.00324485,0.00325063
-0.0178,0,0
-0.0174,0,0
-0.017,0.0095523,0.00552469
-0.0166,0.00333064,0.00333674
-0.0162,0,0
-0.0158,0,0
-0.0154,0.00338423,0.00339054
-0.015,0,0
-0.0146,0,0
-0.0142,0,0
-0.0138,0.0036421,0.00364942
-0.0134,0.00302897,0.00332725
-0.013,0,0
-0.0126,0,0
-0.0122,0.00645827,0.00457485
-0.0118,0.00333799,0.00334416
-0.0114,0,0
-0.011,0,0
-0.0106,0,0
-0.0102,0.00654624,0.00463731
-0.0098,0,0
-0.0094,0.00344581,0.00345241
-0.009,0.00688774,0.0048797
-0.0086,0,0
-0.0082,0.00645757,0.00458451
-0.0078,0.0168325,0.00754464
-0.0074,0.0130452,0.00653453
-0.007,0.00324458,0.00325045
-0.0066,0.00934271,0.0054034
-0.0062,0.00313352,0.003139
-0.0058,0.00990533,0.0057294
-0.0054,0.0229709,0.00882188
-0.005,0.0212513,0.00869417
-0.0046,0.0281917,0.00941379
-0.0042,0.00907162,0.00524637
-0.0038,0.022122,0.00874246
-0.0034,0.0361648,0.0113873
-0.003,0.0551273,0.0130618
-0.0026,0.0759568,0.015608
-0.0022,0.149501,0.0221336
-0.0018,0.281473,0.030865
-0.0014,0.36384,0.0342198
-0.001,0.553844,0.0410338
-0.0006,0.811192,0.0496292
-0.0002,0.980893,0.0570273
0.0002,0.74528,0.0497046
0.0006,0.519062,0.0399598
0.001,0.429416,0.0367202
0.0014,0.245581,0.028386
0.0018,0.114733,0.0199808
0.0022,0.110479,0.0193354
0.0026,0.0553741,0.0134567
0.003,0.061371,0.0143805
0.0034,0.0447931,0.011995
0.0038,0.0288191,0.00960372
0.0042,0.0160749,0.00720201
0.0046,0,0
0.005,0.00326789,0.00327392
0.0054,0.00335248,0.00335884
0.0058,0.00299419,0.00322794
0.0062,0.00781094,0.00500445
0.0066,0.0190548,0.00779322
0.007,0.0298711,0.0098276
0.0074,0.00892582,0.00551174
0.0078,0.0128566,0.00636019
0.0082,0,0
0.0086,0.0064347,0.00456049
0.009,0.00340164,0.00340821
0.0094,0.00330304,0.00330923
0.0098,0,0
0.0102,0.00332841,0.0033347
0.0106,0,0
0.011,0.00327467,0.00328076
0.0114,0.0092882,0.00537199
0.0118,0.00320317,0.003209
0.0122,0,0
0.0126,0,0
0.013,0.00318022,0.00318598
0.0134,0.00321232,0.0032182
0.0138,0.00320158,0.00320741
0.0142,0,0
0.0146,0,0
0.015,0,0
0.0154,0,0
0.0158,0,0
0.0162,0,0
0.0166,0,0
0.017,0,0
0.0174,0,0
0.0178,0,0
0.0182,0.00689349,0.00488404
0.0186,0,0
0.019,0,0
0.0194,0,0
0.0198,0.00884569,0.00511693
0.0202,0,0
0.0206,0,0
0.021,0.00598725,0.00424815
0.0214,0,0
0.0218,0,0
0.0222,0,0
0.0226,0.00317111,0.00317687
0.023,0.00294661,0.00295159
0.0234,0.00194644,0.00246272
0.0238,0.00604091,0.00427897
0.0242,0.00314371,0.00314938
0.0246,0.00314285,0.00314852
0.025,0.00319297,0.00319883
0.0254,0.00315695,0.00316267
0.0258,0,0
0.0262,0,0
0.0266,0.0030771,0.00308254
0.027,0,0
0.0274,0.00294424,0.00294923
0.0278,0.0029596,0.00296464
0.0282,0.00295879,0.00296383
0.0286,0,0
0.029,0,0
0.0294,0,0
0.0298,0.00308142,0.00308688
0.0302,0,0
0.0306,0.00293786,0.00294283
0.031,0.00292005,0.00292496
0.0314,0.00289381,0.00289864
0.0318,0.00332137,0.00332773
0.0322,0,0
0.0326,0.00350659,0.00351368
0.033,0,0
0.0334,0,0
0.0338,0,0
0.0342,0,0
0.0346,0,0
0.035,0,0
0.0354,0.00345665,0.00346355
0.0358,0,0
0.0362,0,0
0.0366,0,0
0.037,0,0
0.0374,0,0
0.0378,0,0
0.0382,0.00616866,0.00436969
0.0386,0,0
0.039,0.0031209,0.00312654
0.0394,0,0
0.0398,0,0
0.0402,0,0
0.0406,0.00605004,0.00428552
0.041,0.00303871,0.00304405
0.0414,0.00307603,0.00308151
0.0418,0,0
0.0422,0.0060083,0.00425591
0.0426,0,0
0.043,0,0
0.0434,0,0
0.0438,0,0
0.0442,0,0
0.0446,0,0
0.045,0.00296003,0.00296512
0.0454,0.00302826,0.00303359
0.0458,0.00595295,0.00421665
0.0462,0,0
0.0466,0.002939,0.00294402
0.047,0.00315988,0.00316568
0.0474,0,0
0.0478,0,0
0.0482,0,0
0.0486,0.00318442,0.00319031
0.049,0,0
0.0494,0.00594115,0.00420829
0.0498,0.00283867,0.00284336
0.0502,0,0
0.0506,0.00308122,0.00308675
0.051,0,0
0.0514,0.00299369,0.0029989
0.0518,0.00299287,0.00299808
0.0522,0.00297822,0.00298339
0.0526,0,0
0.053,0.00303443,0.00303979
0.0534,0,0
0.0538,0.00330961,0.003316
0.0542,0,0
0.0546,0.00311376,0.00311941
0.055,0,0
0.0554,0,0
0.0558,0,0
0.0562,0.003136,0.00314175
0.0566,0,0
0.057,0.00297791,0.0029831
0.0574,0,0
0.0578,0.00308337,0.00308893
0.0582,0,0
0.0586,0,0
0.059,0.00307307,0.00307859
0.0594,0,0
0.0598,0.00295999,0.00296512
0.0602,0,0
0.0606,0,0
0.061,0.00901223,0.00521239
0.0614,0,0
0.0618,0,0
0.0622,0.00290862,0.00291358
0.0626,0.00297728,0.00298248
0.063,0.00299894,0.00300422
0.0634,0,0
0.0638,0,0
0.0642,0,0
0.0646,0,0
0.065,0,0
0.0654,0.00320199,0.00320803
0.0658,0,0
0.0662,0.00297465,0.00297987
0.0666,0.00302887,0.00303427
0.067,0,0
0.0674,0,0
0.0678,0,0
0.0682,0,0
0.0686,0,0
0.069,0.00319543,0.00320146
0.0694,0,0
0.0698,0.00314895,0.00315481
0.0702,0,0
0.0706,0,0
0.071,0,0
0.0714,0,0
0.0718,0,0
0.0722,0,0
0.0726,0,0
0.073,0,0
0.0734,0.00573464,0.00406191
0.0738,0.00296498,0.0029702
0.0742,0.00298358,0.00298886
0.0746,0.00981083,0.00567662
0.075,0.00316946,0.00317543
0.0754,0.00315469,0.0031606
0.0758,0.00947496,0.00548068
0.0762,0,0
0.0766,0.00289199,0.00289697
0.077,0,0
0.0774,0,0
0.0778,0,0
0.0782,0,0
0.0786,0,0
0.079,0.00667853,0.00473185
0.0794,0,0
0.0798,0,0
0.0802,0.00612261,0.00433726
0.0806,0,0
0.081,0,0
0.0814,0.00285281,0.00285768
0.0818,0.00288925,0.00289425
0.0822,0,0
0.0826,0,0
0.083,0,0
0.0834,0,0
0.0838,0,0
0.0842,0,0
0.0846,0,0
0.085,0.00293504,0.00294022
0.0854,0,0
0.0858,0.00327666,0.00328311
0.0862,0,0
0.0866,0.00620367,0.00439485
0.087,0,0
0.0874,0,0
0.0878,0.00658919,0.00466852
0.0882,0.00291493,0.00292005
0.0886,0,0
0.089,0,0
0.0894,0,0
0.0898,0,0
0.0902,0.00283682,0.00284168
0.0906,0.0031104,0.00311624
0.091,0,0
0.0914,0,0
0.0918,0,0
0.0922,0,0
0.0926,0,0
0.093,0,0
0.0934,0,0
0.0938,0,0
0.0942,0.00294547,0.00295072
0.0946,0.00311539,0.00312126
0.095,0,0
0.0954,0,0
0.0958,0,0
0.0962,0.00311544,0.00312132
0.0966,0.00596629,0.00432935
0.097,0,0
0.0974,0.00306935,0.00307506
0.0978,0,0
0.0982,0.00325137,0.00325777
0.0986,0.00507698,0.00409251
0.099,0,0
0.0994,0.00634697,0.00449803
0.0998,0.00346732,0.00347461
0.1002,0.00349319,0.00350059
0.1006,0,0
0.101,0.0066135,0.00468583
0.1014,0.00300523,0.00301071
0.1018,0,0
0.1022,0.00600377,0.00425304
0.1026,0.00376112,0.00376969
0.103,0.00339257,0.00339955
0.1034,0,0
0.1038,0.0121187,0.00637796
0.1042,0,0
0.1046,0,0
0.105,0,0
0.1054,0.00387675,0.00388586
0.1058,0,0
0.1062,0.00696032,0.00493208
0.1066,0.0034798,0.00348714
0.107,0,0
0.1074,0.00345814,0.00346539
0.1078,0,0
0.1082,0,0
0.1086,0,0
0.109,0.00395762,0.00396712
0.1094,0,0
0.1098,0.00400903,0.00401879
0.1102,0.00408032,0.00409042
0.1106,0,0
0.111,0,0
0.1114,0,0
0.1118,0,0
0.1122,0,0
0.1126,0.0044167,0.00442855
0.113,0,0
0.1134,0.00428019,0.00429131
0.1138,0,0
0.1142,0.00407056,0.00408063
0.1146,0.0046937,0.00470708
0.115,0,0
0.1154,0,0
0.1158,0.00466541,0.00467863
0.1162,0,0
0.1166,0,0
0.117,0.0091184,0.00646555
0.1174,0.00958392,0.00680474
0.1178,0,0
0.1182,0,0
0.1186,0,0
0.119,0,0
0.1194,0,0
0.1198,0,0
