# X , Y , E Distribution=true
1
-0.1198,0,0
-0.1194,0,0
-0.119,0,0
-0.1186,0,0
-0.1182,0,0
-0.1178,0,0
-0.1174,0,0
-0.117,0,0
-0.1166,0,0
-0.1162,0,0
-0.1158,0,0
-0.1154,0,0
-0.115,0,0
-0.1146,0,0
-0.1142,0,0
-0.1138,0,0
-0.1134,0,0
-0.113,0,0
-0.1126,0,0
-0.1122,0,0
-0.1118,0,0
-0.1114,0,0
-0.111,0.0123931,0.012416
-0.1106,0,0
-0.1102,0,0
-0.1098,0,0
-0.1094,0,0
-0.109,0.0118987,0.0119198
-0.1086,0,0
-0.1082,0,0
-0.1078,0,0
-0.1074,0,0
-0.107,0.0133054,0.0133318
-0.1066,0,0
-0.1062,0,0
-0.1058,0,0
-0.1054,0,0
-0.105,0,0
-0.1046,0,0
-0.1042,0,0
-0.1038,0,0
-0.1034,0,0
-0.103,0,0
-0.1026,0,0
-0.1022,0,0
-0.1018,0,0
-0.1014,0,0
-0.101,0,0
-0.1006,0,0
-0.1002,0,0
-0.0998,0,0
-0.0994,0,0
-0.099,0,0
-0.0986,0,0
-0.0982,0,0
-0.0978,0,0
-0.0974,0,0
-0.097,0,0
-0.0966,0,0
-0.0962,0,0
-0.0958,0,0
-0.0954,0,0
-0.095,0,0
-0.0946,0,0
-0.0942,0,0
-0.0938,0,0
-0.0934,0,0
-0.093,0.0117207,0.0117411
-0.0926,0,0
-0.0922,0,0
-0.0918,0,0
-0.0914,0,0
-0.091,0,0
-0.0906,0,0
-0.0902,0.0122868,0.0123092
-0.0898,0,0
-0.0894,0,0
-0.089,0,0
-0.0886,0,0
-0.0882,0,0
-0.0878,0,0
-0.0874,0,0
-0.087,0,0
-0.0866,0,0
-0.0862,0,0
-0.0858,0,0
-0.0854,0.0126474,0.0126711
-0.085,0,0
-0.0846,0,0
-0.0842,0,0
-0.0838,0,0
-0.0834,0.0126384,0.0126619
-0.083,0,0
-0.0826,0,0
-0.0822,0,0
-0.0818,0,0
-0.0814,0,0
-0.081,0.0130612,0.0130864
-0.0806,0.0121184,0.01214
-0.0802,0,0
-0.0798,0,0
-0.0794,0,0
-0.079,0,0
-0.0786,0,0
-0.0782,0,0
-0.0778,0,0
-0.0774,0,0
-0.077,0,0
-0.0766,0,0
-0.0762,0,0
-0.0758,0,0
-0.0754,0.0133298,0.0133559
-0.075,0,0
-0.0746,0,0
-0.0742,0,0
-0.0738,0,0
-0.0734,0,0
-0.073,0,0
-0.0726,0.0255011,0.0180661
-0.0722,0,0
-0.0718,0,0
-0.0714,0,0
-0.071,0,0
-0.0706,0.0126286,0.012652
-0.0702,0,0
-0.0698,0,0
-0.0694,0,0
-0.069,0,0
-0.0686,0,0
-0.0682,0,0
-0.0678,0,0
-0.0674,0,0
-0.067,0.0125829,0.0126061
-0.0666,0,0
-0.0662,0,0
-0.0658,0,0
-0.0654,0,0
-0.065,0,0
-0.0646,0,0
-0.0642,0,0
-0.0638,0,0
-0.0634,0,0
-0.063,0,0
-0.0626,0,0
-0.0622,0.0132888,0.0133146
-0.0618,0,0
-0.0614,0,0
-0.061,0,0
-0.0606,0,0
-0.0602,0,0
-0.0598,0,0
-0.0594,0.0130449,0.0130697
-0.059,0,0
-0.0586,0,0
-0.0582,0,0
-0.0578,0.0025357,0.00555944
-0.0574,0,0
-0.057,0,0
-0.0566,0,0
-0.0562,0,0
-0.0558,0,0
-0.0554,0,0
-0.055,0,0
-0.0546,0,0
-0.0542,0,0
-0.0538,0,0
-0.0534,0,0
-0.053,0,0
-0.0526,0,0
-0.0522,0,0
-0.0518,0,0
-0.0514,0,0
-0.051,0,0
-0.0506,0,0
-0.0502,0,0
-0.0498,0,0
-0.0494,0,0
-0.049,0,0
-0.0486,0,0
-0.0482,0,0
-0.0478,0,0
-0.0474,0,0
-0.047,0,0
-0.0466,0,0
-0.0462,0,0
-0.0458,0,0
-0.0454,0,0
-0.045,0,0
-0.0446,0,0
-0.0442,0,0
-0.0438,0,0
-0.0434,0,0
-0.043,0,0
-0.0426,0,0
-0.0422,0,0
-0.0418,0,0
-0.0414,0,0
-0.041,0.00568163,0.00868722
-0.0406,0,0
-0.0402,0.013242,0.0132674
-0.0398,0,0
-0.0394,0,0
-0.039,0,0
-0.0386,0,0
-0.0382,0,0
-0.0378,0.0182199,0.0148045
-0.0374,0,0
-0.037,0,0
-0.0366,0,0
-0.0362,0,0
-0.0358,0,0
-0.0354,0,0
-0.035,0,0
-0.0346,0,0
-0.0342,0.0121897,0.0122112
-0.0338,0.0252082,0.0178574
-0.0334,0,0
-0.033,0,0
-0.0326,0.0131512,0.0131762
-0.0322,0,0
-0.0318,0,0
-0.0314,0,0
-0.031,0,0
-0.0306,0.00921839,0.0110754
-0.0302,0,0
-0.0298,0,0
-0.0294,0,0
-0.029,0,0
-0.0286,0.023706,0.0167928
-0.0282,0.012105,0.0121261
-0.0278,0,0
-0.0274,0,0
-0.027,0,0
-0.0266,0,0
-0.0262,0,0
-0.0258,0,0
-0.0254,0.0132283,0.0132602
-0.025,0,0
-0.0246,0,0
-0.0242,0,0
-0.0238,0.00637966,0.00925388
-0.0234,0.0194744,0.0167322
-0.023,0,0
-0.0226,0.0129509,0.012975
-0.0222,0,0
-0.0218,0,0
-0.0214,0,0
-0.021,0.00999978,0.0115453
-0.0206,0.0131847,0.0132097
-0.0202,0,0
-0.0198,0,0
-0.0194,0,0
-0.019,0.0115264,0.0115455
-0.0186,0,0
-0.0182,0,0
-0.0178,0,0
-0.0174,0,0
-0.017,0,0
-0.0166,0,0
-0.0162,0,0
-0.0158,0.0126677,0.0126907
-0.0154,0,0
-0.015,0,0
-0.0146,0,0
-0.0142,0,0
-0.0138,0.023783,0.0175287
-0.0134,0.0129042,0.012928
-0.013,0.0121547,0.0121758
-0.0126,0,0
-0.0122,0,0
-0.0118,0,0
-0.0114,0.0124901,0.0125124
-0.011,0,0
-0.0106,0,0
-0.0102,0,0
-0.0098,0,0
-0.0094,0.00872034,0.0104303
-0.009,0,0
-0.0086,0.011358,0.0113764
-0.0082,0,0
-0.0078,0.00957495,0.0112807
-0.0074,0,0
-0.007,0.0278855,0.0197573
-0.0066,0.0153395,0.0139365
-0.0062,0,0
-0.0058,0,0
-0.0054,0.0253621,0.0179755
-0.005,0.0213903,0.016698
-0.0046,0.0447986,0.0237651
-0.0042,0.0360691,0.0210277
-0.0038,0.0732705,0.0299749
-0.0034,0.18127,0.0480988
-0.003,0.172512,0.0476405
-0.0026,0.328691,0.0633044
-0.0022,0.783498,0.101384
-0.0018,1.66463,0.150476
-0.0014,2.82089,0.191806
-0.001,4.26569,0.233639
-0.0006,5.21382,0.260294
-0.0002,6.20509,0.289675
0.0002,5.0638,0.259152
0.0006,3.96958,0.226748
0.001,2.63445,0.183797
0.0014,1.13828,0.121008
0.0018,0.581535,0.0862592
0.0022,0.241079,0.0572161
0.0026,0.0945622,0.0356394
0.003,0.0294327,0.0193765
0.0034,0,0
0.0038,0,0
0.0042,0,0
0.0046,0,0
0.005,0,0
0.0054,0.0267642,0.0189611
0.0058,0.0126539,0.0126765
0.0062,0,0
0.0066,0,0
0.007,0.00404815,0.00711914
0.0074,0,0
0.0078,0,0
0.0082,0.027833,0.0197197
0.0086,0,0
0.009,0,0
0.0094,0.00764945,0.0102073
0.0098,0,0
0.0102,0,0
0.0106,0.00495916,0.0078571
0.011,0,0
0.0114,0.00535295,0.00816874
0.0118,0,0
0.0122,0.0128398,0.0128631
0.0126,0.0120156,0.012036
0.013,0.00708422,0.00924263
0.0134,0,0
0.0138,0,0
0.0142,0,0
0.0146,0.0136243,0.0136504
0.015,0,0
0.0154,0,0
0.0158,0,0
0.0162,0,0
0.0166,0.0133235,0.0133484
0.017,0,0
0.0174,0,0
0.0178,0,0
0.0182,0,0
0.0186,0,0
0.019,0,0
0.0194,0,0
0.0198,0,0
0.0202,0,0
0.0206,0,0
0.021,0,0
0.0214,0,0
0.0218,0,0
0.0222,0.0133231,0.013348
0.0226,0,0
0.023,0,0
0.0234,0,0
0.0238,0,0
0.0242,0,0
0.0246,0.0140607,0.0140884
0.025,0,0
0.0254,0,0
0.0258,0,0
0.0262,0,0
0.0266,0,0
0.027,0,0
0.0274,0,0
0.0278,0,0
0.0282,0,0
0.0286,0,0
0.029,0,0
0.0294,0.0133296,0.0133545
0.0298,0,0
0.0302,0,0
0.0306,0.0132455,0.01327
0.031,0,0
0.0314,0,0
0.0318,0.0130143,0.0130379
0.0322,0,0
0.0326,0,0
0.033,0,0
0.0334,0.0121697,0.0121904
0.0338,0,0
0.0342,0,0
0.0346,0,0
0.035,0,0
0.0354,0,0
0.0358,0,0
0.0362,0,0
0.0366,0,0
0.037,0,0
0.0374,0.0132798,0.0133044
0.0378,0,0
0.0382,0,0
0.0386,0,0
0.039,0,0
0.0394,0,0
0.0398,0,0
0.0402,0,0
0.0406,0,0
0.041,0,0
0.0414,0.00428767,0.00753442
0.0418,0,0
0.0422,0,0
0.0426,0,0
0.043,0,0
0.0434,0,0
0.0438,0,0
0.0442,0,0
0.0446,0.0223521,0.0174807
0.045,0.0127654,0.012788
0.0454,0,0
0.0458,0,0
0.0462,0,0
0.0466,0,0
0.047,0,0
0.0474,0,0
0.0478,0,0
0.0482,0,0
0.0486,0,0
0.049,0.0124999,0.0125216
0.0494,0,0
0.0498,0,0
0.0502,0,0
0.0506,0,0
0.051,0,0
0.0514,0.0128105,0.0128332
0.0518,0,0
0.0522,0.0077177,0.0100281
0.0526,0,0
0.053,0.0127272,0.0127495
0.0534,0,0
0.0538,0,0
0.0542,0,0
0.0546,0,0
0.055,0,0
0.0554,0,0
0.0558,0,0
0.0562,0,0
0.0566,0,0
0.057,0,0
0.0574,0,0
0.0578,0,0
0.0582,0,0
0.0586,0,0
0.059,0,0
0.0594,0,0
0.0598,0.0135701,0.0135955
0.0602,0,0
0.0606,0,0
0.061,0,0
0.0614,0,0
0.0618,0,0
0.0622,0,0
0.0626,0,0
0.063,0,0
0.0634,0,0
0.0638,0.0133027,0.013327
0.0642,0,0
0.0646,0,0
0.065,0,0
0.0654,0,0
0.0658,0,0
0.0662,0,0
0.0666,0,0
0.067,0,0
0.0674,0,0
0.0678,0.012801,0.0128235
0.0682,0,0
0.0686,0,0
0.069,0,0
0.0694,0,0
0.0698,0,0
0.0702,0,0
0.0706,0,0
0.071,0.0131257,0.0131493
0.0714,0,0
0.0718,0,0
0.0722,0,0
0.0726,0,0
0.073,0,0
0.0734,0,0
0.0738,0,0
0.0742,0,0
0.0746,0,0
0.075,0,0
0.0754,0,0
0.0758,0,0
0.0762,0,0
0.0766,0,0
0.077,0,0
0.0774,0.0130309,0.0130541
0.0778,0,0
0.0782,0,0
0.0786,0,0
0.079,0,0
0.0794,0,0
0.0798,0,0
0.0802,0,0
0.0806,0,0
0.081,0,0
0.0814,0,0
0.0818,0.0132567,0.0132806
0.0822,0,0
0.0826,0,0
0.083,0,0
0.0834,0.0124637,0.0124848
0.0838,0,0
0.0842,0,0
0.0846,0,0
0.085,0,0
0.0854,0,0
0.0858,0.0120137,0.0120333
0.0862,0,0
0.0866,0,0
0.087,0,0
0.0874,0,0
0.0878,0,0
0.0882,0,0
0.0886,0.0131232,0.0131466
0.089,0,0
0.0894,0,0
0.0898,0,0
0.0902,0,0
0.0906,0,0
0.091,0,0
0.0914,0,0
0.0918,0,0
0.0922,0,0
0.0926,0,0
0.093,0,0
0.0934,0,0
0.0938,0,0
0.0942,0,0
0.0946,0,0
0.095,0,0
0.0954,0,0
0.0958,0,0
0.0962,0,0
0.0966,0,0
0.097,0.0146931,0.0147222
0.0974,0,0
0.0978,0,0
0.0982,0,0
0.0986,0,0
0.099,0,0
0.0994,0,0
0.0998,0,0
0.1002,0,0
0.1006,0,0
0.101,0,0
0.1014,0,0
0.1018,0,0
0.1022,0,0
0.1026,0,0
0.103,0,0
0.1034,0,0
0.1038,0,0
0.1042,0,0
0.1046,0.0159521,0.0159863
0.105,0,0
0.1054,0,0
0.1058,0,0
0.1062,0,0
0.1066,0,0
0.107,0,0
0.1074,0,0
0.1078,0,0
0.1082,0.0168704,0.0169085
0.1086,0,0
0.109,0,0
0.1094,0,0
0.1098,0,0
0.1102,0,0
0.1106,0,0
0.111,0,0
0.1114,0,0
0.1118,0,0
0.1122,0.0161761,0.0178687
0.1126,0,0
0.113,0.0182825,0.0183272
0.1134,0,0
0.1138,0,0
0.1142,0,0
0.1146,0,0
0.115,0,0
0.1154,0,0
0.1158,0,0
0.1162,0.0231581,0.0232296
0.1166,0,0
0.117,0,0
0.1174,0,0
0.1178,0,0
0.1182,0,0
0.1186,0,0
0.119,0,0
0.1194,0.022464,0.0225311
0.1198,0,0
2
-0.1198,0,0
-0.1194,0,0
-0.119,0,0
-0.1186,0.00543308,0.00544253
-0.1182,0,0
-0.1178,0,0
-0.1174,0,0
-0.117,0,0
-0.1166,0,0
-0.1162,0,0
-0.1158,0,0
-0.1154,0,0
-0.115,0,0
-0.1146,0,0
-0.1142,0,0
-0.1138,0,0
-0.1134,0,0
-0.113,0,0
-0.1126,0,0
-0.1122,0,0
-0.1118,0.00620161,0.0062139
-0.1114,0,0
-0.111,0.00578882,0.00579953
-0.1106,0,0
-0.1102,0.00574903,0.00575959
-0.1098,0,0
-0.1094,0,0
-0.109,0,0
-0.1086,0,0
-0.1082,0,0
-0.1078,0,0
-0.1074,0,0
-0.107,0.00620939,0.0062217
-0.1066,0.00528711,0.00529603
-0.1062,0.00584042,0.00585131
-0.1058,0.00596038,0.00597172
-0.1054,0,0
-0.105,0,0
-0.1046,0,0
-0.1042,0,0
-0.1038,0,0
-0.1034,0.00203447,0.00349718
-0.103,0,0
-0.1026,0,0
-0.1022,0,0
-0.1018,0,0
-0.1014,0.00628399,0.00629659
-0.101,0,0
-0.1006,0,0
-0.1002,0,0
-0.0998,0.00642546,0.00643862
-0.0994,0,0
-0.099,0,0
-0.0986,0,0
-0.0982,0,0
-0.0978,0,0
-0.0974,0,0
-0.097,0,0
-0.0966,0,0
-0.0962,0,0
-0.0958,0,0
-0.0954,0.00610294,0.00611481
-0.095,0,0
-0.0946,0.00554994,0.00555975
-0.0942,0,0
-0.0938,0,0
-0.0934,0,0
-0.093,0,0
-0.0926,0,0
-0.0922,0,0
-0.0918,0,0
-0.0914,0,0
-0.091,0,0
-0.0906,0,0
-0.0902,0,0
-0.0898,0,0
-0.0894,0,0
-0.089,0,0
-0.0886,0,0
-0.0882,0,0
-0.0878,0,0
-0.0874,0,0
-0.087,0,0
-0.0866,0,0
-0.0862,0.0057743,0.0057849
-0.0858,0.00579543,0.00580611
-0.0854,0,0
-0.085,0,0
-0.0846,0,0
-0.0842,0.0118453,0.00839168
-0.0838,0,0
-0.0834,0,0
-0.083,0,0
-0.0826,0,0
-0.0822,0,0
-0.0818,0.00636329,0.00637614
-0.0814,0,0
-0.081,0,0
-0.0806,0,0
-0.0802,0,0
-0.0798,0,0
-0.0794,0,0
-0.079,0,0
-0.0786,0,0
-0.0782,0,0
-0.0778,0,0
-0.0774,0,0
-0.077,0,0
-0.0766,0,0
-0.0762,0,0
-0.0758,0,0
-0.0754,0,0
-0.075,0,0
-0.0746,0,0
-0.0742,0.00421175,0.00464082
-0.0738,0.00557576,0.00558562
-0.0734,0,0
-0.073,0,0
-0.0726,0.00593251,0.00594366
-0.0722,0,0
-0.0718,0,0
-0.0714,0,0
-0.071,0,0
-0.0706,0.00604686,0.00605844
-0.0702,0,0
-0.0698,0,0
-0.0694,0,0
-0.069,0.00653135,0.00654486
-0.0686,0,0
-0.0682,0,0
-0.0678,0,0
-0.0674,0,0
-0.067,0,0
-0.0666,0,0
-0.0662,0,0
-0.0658,0,0
-0.0654,0,0
-0.065,0,0
-0.0646,0,0
-0.0642,0,0
-0.0638,0.00590026,0.00591127
-0.0634,0.000798829,0.00217514
-0.063,0,0
-0.0626,0,0
-0.0622,0,0
-0.0618,0,0
-0.0614,0,0
-0.061,0,0
-0.0606,0,0
-0.0602,0,0
-0.0598,0.00614652,0.00615845
-0.0594,0,0
-0.059,0,0
-0.0586,0,0
-0.0582,0,0
-0.0578,0.00443298,0.00499243
-0.0574,0,0
-0.057,0.00603973,0.00611614
-0.0566,0,0
-0.0562,0,0
-0.0558,0,0
-0.0554,0,0
-0.055,0,0
-0.0546,0,0
-0.0542,0,0
-0.0538,0,0
-0.0534,0,0
-0.053,0,0
-0.0526,0,0
-0.0522,0.00637949,0.00639233
-0.0518,0,0
-0.0514,0,0
-0.051,0.00570149,0.00571174
-0.0506,0,0
-0.0502,0,0
-0.0498,0,0
-0.0494,0,0
-0.049,0,0
-0.0486,0.00591668,0.00592771
-0.0482,0,0
-0.0478,0,0
-0.0474,0,0
-0.047,0,0
-0.0466,0.00581427,0.00582492
-0.0462,0,0
-0.0458,0,0
-0.0454,0,0
-0.045,0,0
-0.0446,0,0
-0.0442,0,0
-0.0438,0,0
-0.0434,0,0
-0.043,0.00651721,0.00653058
-0.0426,0,0
-0.0422,0,0
-0.0418,0,0
-0.0414,0,0
-0.041,0.00346936,0.00460158
-0.0406,0.0058444,0.00585515
-0.0402,0,0
-0.0398,0.00587628,0.00588714
-0.0394,0,0
-0.039,0.00625105,0.00626334
-0.0386,0,0
-0.0382,0.00532172,0.00533063
-0.0378,0.00606306,0.00607461
-0.0374,0,0
-0.037,0,0
-0.0366,0,0
-0.0362,0,0
-0.0358,0,0
-0.0354,0,0
-0.035,0,0
-0.0346,0,0
-0.0342,0,0
-0.0338,0,0
-0.0334,0,0
-0.033,0,0
-0.0326,0,0
-0.0322,0,0
-0.0318,0.00573255,0.00574287
-0.0314,0,0
-0.031,0,0
-0.0306,0,0
-0.0302,0,0
-0.0298,0,0
-0.0294,0,0
-0.029,0.0053599,0.00536891
-0.0286,0,0
-0.0282,0,0
-0.0278,0.00607532,0.0060869
-0.0274,0,0
-0.027,0.00616318,0.00617509
-0.0266,0,0
-0.0262,0,0
-0.0258,0,0
-0.0254,6.07461e-06,0.000192275
-0.025,0,0
-0.0246,0,0
-0.0242,0,0
-0.0238,0.00893917,0.00726052
-0.0234,0.00419179,0.0052514
-0.023,0,0
-0.0226,0,0
-0.0222,0,0
-0.0218,0,0
-0.0214,0,0
-0.021,0.00149972,0.00302364
-0.0206,0,0
-0.0202,0.00602942,0.0060408
-0.0198,0,0
-0.0194,0.0112298,0.00795612
-0.019,0,0
-0.0186,0.00589469,0.00590557
-0.0182,0.0174962,0.0101199
-0.0178,0,0
-0.0174,0.00595774,0.00596885
-0.017,0,0
-0.0166,0.00581929,0.00582989
-0.0162,0.00568239,0.00569249
-0.0158,0,0
-0.0154,0,0
-0.015,0,0
-0.0146,0,0
-0.0142,0.00604559,0.00605702
-0.0138,0.000893003,0.00229266
-0.0134,0,0
-0.013,0.00554677,0.00555639
-0.0126,0.00843874,0.00685135
-0.0122,0.0166992,0.00965809
-0.0118,0,0
-0.0114,0.00557376,0.00558347
-0.011,0,0
-0.0106,0,0
-0.0102,0,0
-0.0098,0,0
-0.0094,0.0130446,0.00861937
-0.009,0,0
-0.0086,0,0
-0.0082,0,0
-0.0078,0.00167043,0.00318075
-0.0074,0.0040857,0.00509721
-0.007,0,0
-0.0066,0.00450681,0.00509855
-0.0062,0,0
-0.0058,0.017135,0.00991057
-0.0054,0.01155,0.00818606
-0.005,0.0295174,0.0132364
-0.0046,0.00568513,0.00569522
-0.0042,0.0245338,0.0117849
-0.0038,0.0282334,0.0126555
-0.0034,0.0101609,0.00771311
-0.003,0.0832691,0.0223039
-0.0026,0.084415,0.0216018
-0.0022,0.278326,0.0406986
-0.0018,0.491441,0.0550797
-0.0014,0.713978,0.0650232
-0.001,1.13823,0.0813218
-0.0006,1.59257,0.096944
-0.0002,2.12472,0.114149
0.0002,1.86097,0.105866
0.0006,1.2979,0.0874359
0.001,0.821526,0.0691506
0.0014,0.582165,0.0583348
0.0018,0.353306,0.0454456
0.0022,0.154433,0.0308753
0.0026,0.0545555,0.0184613
0.003,0.0214871,0.0112162
0.0034,0.0204724,0.0110166
0.0038,0.0053081,0.00531688
0.0042,0.0111977,0.00793541
0.0046,0.0056912,0.00570129
0.005,0.00586381,0.00587452
0.0054,0.00607495,0.00608644
0.0058,0,0
0.0062,0,0
0.0066,0.00567764,0.00568768
0.007,0.00382405,0.00466089
0.0074,0.0060696,0.00594386
0.0078,0,0
0.0082,0,0
0.0086,0.00609991,0.00611149
0.009,0.00543831,0.00544751
0.0094,0.0123033,0.00871644
0.0098,0.00690634,0.00617123
0.0102,0.00599868,0.00600988
0.0106,0.00337453,0.00436328
0.011,0,0
0.0114,0.00893067,0.00714242
0.0118,0.00554842,0.005558
0.0122,0.00605038,0.00606176
0.0126,0,0
0.013,0.0022342,0.00349288
0.0134,0,0
0.0138,0,0
0.0142,0.00597798,0.00598909
0.0146,0.00616645,0.00617827
0.015,0,0
0.0154,0,0
0.0158,0.00575133,0.00576161
0.0162,0.0117687,0.00834074
0.0166,0.00602633,0.00603761
0.017,0,0
0.0174,0,0
0.0178,0,0
0.0182,0,0
0.0186,0.00547628,0.0054856
0.019,0.00100907,0.00241398
0.0194,0,0
0.0198,0.0116435,0.00825283
0.0202,0,0
0.0206,0,0
0.021,0,0
0.0214,0,0
0.0218,0,0
0.0222,0.0120312,0.00852322
0.0226,0,0
0.023,0,0
0.0234,0,0
0.0238,0,0
0.0242,0.0040407,0.0050071
0.0246,0,0
0.025,0,0
0.0254,0,0
0.0258,0,0
0.0262,0,0
0.0266,0,0
0.027,0.0116452,0.00824926
0.0274,0,0
0.0278,0,0
0.0282,0,0
0.0286,0,0
0.029,0,0
0.0294,0,0
0.0298,0,0
0.0302,0,0
0.0306,0,0
0.031,0,0
0.0314,0,0
0.0318,0,0
0.0322,0.00599861,0.00600976
0.0326,0,0
0.033,0,0
0.0334,0.0054745,0.00548378
0.0338,0,0
0.0342,0.00585518,0.0058658
0.0346,0.0057525,0.00576275
0.035,0,0
0.0354,0,0
0.0358,0,0
0.0362,0.0048307,0.00503639
0.0366,0,0
0.037,0,0
0.0374,0.00294822,0.00420211
0.0378,0,0
0.0382,0,0
0.0386,0,0
0.039,0.00602608,0.00603731
0.0394,0.00490957,0.00544962
0.0398,0,0
0.0402,0,0
0.0406,0,0
0.041,0,0
0.0414,0.0039965,0.00487341
0.0418,0,0
0.0422,0,0
0.0426,0,0
0.043,0,0
0.0434,0,0
0.0438,0,0
0.0442,0,0
0.0446,0,0
0.045,0.0057243,0.00573442
0.0454,0,0
0.0458,0.00573801,0.00574818
0.0462,0,0
0.0466,0,0
0.047,0,0
0.0474,0.00587538,0.00588604
0.0478,0,0
0.0482,0,0
0.0486,0,0
0.049,0.00591839,0.0059292
0.0494,0,0
0.0498,0,0
0.0502,0,0
0.0506,0,0
0.051,0,0
0.0514,0,0
0.0518,0,0
0.0522,0.0023571,0.00370779
0.0526,0,0
0.053,0,0
0.0534,0,0
0.0538,0,0
0.0542,0,0
0.0546,0,0
0.055,0,0
0.0554,0,0
0.0558,0,0
0.0562,0,0
0.0566,0,0
0.057,0,0
0.0574,0,0
0.0578,0,0
0.0582,0,0
0.0586,0,0
0.059,0,0
0.0594,0,0
0.0598,0,0
0.0602,0,0
0.0606,0,0
0.061,0,0
0.0614,0.00636228,0.00637473
0.0618,0.00636293,0.00637538
0.0622,0,0
0.0626,0.011034,0.00781547
0.063,0,0
0.0634,0,0
0.0638,0,0
0.0642,0.00593544,0.00594627
0.0646,0.00587249,0.00588309
0.065,0.00604145,0.00605267
0.0654,0,0
0.0658,0,0
0.0662,0,0
0.0666,0,0
0.067,0,0
0.0674,0,0
0.0678,7.89408e-05,0.000670868
0.0682,0,0
0.0686,0,0
0.069,0,0
0.0694,0.0060506,0.00606184
0.0698,0,0
0.0702,0,0
0.0706,0,0
0.071,0,0
0.0714,0,0
0.0718,0,0
0.0722,0.00589275,0.0059034
0.0726,0.0059697,0.00598063
0.073,0,0
0.0734,0,0
0.0738,0,0
0.0742,0,0
0.0746,0,0
0.075,0,0
0.0754,0,0
0.0758,0,0
0.0762,0,0
0.0766,0,0
0.077,0,0
0.0774,0,0
0.0778,0,0
0.0782,0,0
0.0786,0,0
0.079,0,0
0.0794,0.00595436,0.00596522
0.0798,0,0
0.0802,0,0
0.0806,0,0
0.081,0.00575146,0.00576158
0.0814,0,0
0.0818,0,0
0.0822,0,0
0.0826,0,0
0.083,0,0
0.0834,0,0
0.0838,0,0
0.0842,0,0
0.0846,0,0
0.085,0,0
0.0854,0,0
0.0858,0,0
0.0862,0.00614844,0.00616
0.0866,0,0
0.087,0,0
0.0874,0.00578227,0.00579249
0.0878,0,0
0.0882,0,0
0.0886,0,0
0.089,0,0
0.0894,0,0
0.0898,0,0
0.0902,0,0
0.0906,0,0
0.091,0,0
0.0914,0.00573108,0.00574111
0.0918,0,0
0.0922,0,0
0.0926,0,0
0.093,0.00652318,0.00653617
0.0934,0,0
0.0938,0,0
0.0942,0,0
0.0946,0,0
0.095,0,0
0.0954,0,0
0.0958,0,0
0.0962,0,0
0.0966,0,0
0.097,0,0
0.0974,0,0
0.0978,0.00648691,0.00649974
0.0982,0,0
0.0986,0,0
0.099,0,0
0.0994,0,0
0.0998,0,0
0.1002,0,0
0.1006,0,0
0.101,0,0
0.1014,0,0
0.1018,0,0
0.1022,0,0
0.1026,0,0
0.103,0,0
0.1034,0,0
0.1038,0,0
0.1042,0.0072534,0.00726941
0.1046,0,0
0.105,0,0
0.1054,0.0140819,0.00997885
0.1058,0,0
0.1062,0.00709536,0.00711066
0.1066,0,0
0.107,0,0
0.1074,0,0
0.1078,0,0
0.1082,0,0
0.1086,0,0
0.109,0,0
0.1094,0,0
0.1098,0,0
0.1102,0,0
0.1106,0,0
0.111,0,0
0.1114,0,0
0.1118,0,0
0.1122,0,0
0.1126,0,0
0.113,0.00397328,0.00592806
0.1134,0,0
0.1138,0.00817864,0.00819894
0.1142,0.00914663,0.009172
0.1146,0,0
0.115,0,0
0.1154,0,0
0.1158,0,0
0.1162,0,0
0.1166,0,0
0.117,0,0
0.1174,0,0
0.1178,0.00733938,0.00879829
0.1182,0,0
0.1186,0,0
0.119,0,0
0.1194,0,0
0.1198,0,0
3
-0.1198,0,0
-0.1194,0,0
-0.119,0,0
-0.1186,0,0
-0.1182,0,0
-0.1178,0.00632785,0.00634015
-0.1174,0,0
-0.117,0,0
-0.1166,0,0
-0.1162,0,0
-0.1158,0,0
-0.1154,0,0
-0.115,0.00603374,0.00604491
-0.1146,0,0
-0.1142,0.00608131,0.00609265
-0.1138,0,0
-0.1134,0,0
-0.113,0,0
-0.1126,0,0
-0.1122,0,0
-0.1118,0,0
-0.1114,0,0
-0.111,0,0
-0.1106,0.00545738,0.00546651
-0.1102,0,0
-0.1098,0,0
-0.1094,0,0
-0.109,0,0
-0.1086,0,0
-0.1082,0,0
-0.1078,0,0
-0.1074,0,0
-0.107,0,0
-0.1066,0,0
-0.1062,0,0
-0.1058,0,0
-0.1054,0,0
-0.105,0,0
-0.1046,0,0
-0.1042,0,0
-0.1038,0,0
-0.1034,0.00413024,0.00509261
-0.103,0,0
-0.1026,0,0
-0.1022,0,0
-0.1018,0,0
-0.1014,0,0
-0.101,0,0
-0.1006,0,0
-0.1002,0.00699407,0.00700899
-0.0998,0,0
-0.0994,0,0
-0.099,0,0
-0.0986,0,0
-0.0982,0,0
-0.0978,0,0
-0.0974,0,0
-0.097,0.0062245,0.00623631
-0.0966,0,0
-0.0962,0,0
-0.0958,0,0
-0.0954,0,0
-0.095,0,0
-0.0946,0,0
-0.0942,0,0
-0.0938,0,0
-0.0934,0,0
-0.093,0,0
-0.0926,0.00618686,0.00619851
-0.0922,0,0
-0.0918,0,0
-0.0914,0,0
-0.091,0,0
-0.0906,0,0
-0.0902,0,0
-0.0898,0,0
-0.0894,0,0
-0.089,0,0
-0.0886,0,0
-0.0882,0,0
-0.0878,0,0
-0.0874,0,0
-0.087,0,0
-0.0866,0,0
-0.0862,0,0
-0.0858,0,0
-0.0854,0,0
-0.085,0,0
-0.0846,0.00645122,0.00646383
-0.0842,0,0
-0.0838,0,0
-0.0834,0,0
-0.083,0,0
-0.0826,0,0
-0.0822,0,0
-0.0818,0,0
-0.0814,0,0
-0.081,0,0
-0.0806,0,0
-0.0802,0,0
-0.0798,0.00622859,0.00624032
-0.0794,0,0
-0.079,0,0
-0.0786,0,0
-0.0782,0,0
-0.0778,0,0
-0.0774,0,0
-0.077,0,0
-0.0766,0,0
-0.0762,0,0
-0.0758,0,0
-0.0754,0,0
-0.075,0,0
-0.0746,0,0
-0.0742,0.00473517,0.00504521
-0.0738,0,0
-0.0734,0,0
-0.073,0,0
-0.0726,0,0
-0.0722,0,0
-0.0718,0,0
-0.0714,0,0
-0.071,0,0
-0.0706,0,0
-0.0702,0,0
-0.0698,0,0
-0.0694,0.00403078,0.00491956
-0.069,0,0
-0.0686,0,0
-0.0682,0,0
-0.0678,0,0
-0.0674,0,0
-0.067,0,0
-0.0666,0.00628141,0.00629327
-0.0662,0,0
-0.0658,0,0
-0.0654,0,0
-0.065,0,0
-0.0646,0,0
-0.0642,0,0
-0.0638,0,0
-0.0634,0.00537883,0.00579541
-0.063,0,0
-0.0626,0,0
-0.0622,0,0
-0.0618,0,0
-0.0614,0,0
-0.061,0,0
-0.0606,0,0
-0.0602,0.00622891,0.00624053
-0.0598,0,0
-0.0594,0,0
-0.059,0,0
-0.0586,0,0
-0.0582,0.00553423,0.00560663
-0.0578,0.00124714,0.00272087
-0.0574,0,0
-0.057,0.000136987,0.000946534
-0.0566,0,0
-0.0562,0,0
-0.0558,0,0
-0.0554,0,0
-0.055,0,0
-0.0546,0,0
-0.0542,0,0
-0.0538,0,0
-0.0534,0,0
-0.053,0.00581659,0.00582669
-0.0526,0,0
-0.0522,0,0
-0.0518,0,0
-0.0514,0,0
-0.051,0,0
-0.0506,0.00633695,0.00634892
-0.0502,0,0
-0.0498,0,0
-0.0494,0,0
-0.049,0,0
-0.0486,0,0
-0.0482,0,0
-0.0478,0,0
-0.0474,0,0
-0.047,0.00645023,0.00646261
-0.0466,0.00615665,0.00616793
-0.0462,0,0
-0.0458,0,0
-0.0454,0,0
-0.045,0,0
-0.0446,0,0
-0.0442,0,0
-0.0438,0,0
-0.0434,0,0
-0.043,0,0
-0.0426,0,0
-0.0422,0,0
-0.0418,0,0
-0.0414,0,0
-0.041,0,0
-0.0406,0.0063701,0.00638215
-0.0402,0,0
-0.0398,0,0
-0.0394,0,0
-0.039,0,0
-0.0386,0,0
-0.0382,0,0
-0.0378,0,0
-0.0374,0,0
-0.037,0,0
-0.0366,0,0
-0.0362,0,0
-0.0358,0,0
-0.0354,0.00576164,0.00577147
-0.035,0,0
-0.0346,0,0
-0.0342,0.00596338,0.00597391
-0.0338,0,0
-0.0334,0,0
-0.033,0,0
-0.0326,0,0
-0.0322,0,0
-0.0318,0.00608946,0.00610042
-0.0314,0.00667327,0.00668643
-0.031,0,0
-0.0306,0,0
-0.0302,0,0
-0.0298,0,0
-0.0294,0,0
-0.029,0,0
-0.0286,0,0
-0.0282,0,0
-0.0278,0,0
-0.0274,0,0
-0.027,0,0
-0.0266,0.00597962,0.00599016
-0.0262,0,0
-0.0258,0,0
-0.0254,0,0
-0.025,0,0
-0.0246,0.014094,0.0099867
-0.0242,0.013215,0.0093636
-0.0238,0,0
-0.0234,0.0209203,0.0121032
-0.023,0,0
-0.0226,0,0
-0.0222,0,0
-0.0218,0.00642478,0.00643693
-0.0214,0.00611867,0.00612968
-0.021,0,0
-0.0206,0,0
-0.0202,0,0
-0.0198,0.0116412,0.00824598
-0.0194,0,0
-0.019,0,0
-0.0186,0.0176137,0.0105367
-0.0182,0,0
-0.0178,0.00621614,0.00622749
-0.0174,0,0
-0.017,0,0
-0.0166,0,0
-0.0162,0,0
-0.0158,0,0
-0.0154,0.00635702,0.00636888
-0.015,0,0
-0.0146,0,0
-0.0142,0,0
-0.0138,0,0
-0.0134,0.00628296,0.00629453
-0.013,0,0
-0.0126,0.00295959,0.0043007
-0.0122,0.00593941,0.00594975
-0.0118,0.00214376,0.00359869
-0.0114,0,0
-0.011,0.000134763,0.000896945
-0.0106,0,0
-0.0102,0,0
-0.0098,0,0
-0.0094,0,0
-0.009,0,0
-0.0086,0,0
-0.0082,0,0
-0.0078,0,0
-0.0074,0.00240141,0.00403861
-0.007,0.0067857,0.00679916
-0.0066,0.00613989,0.00615091
-0.0062,0.00572256,0.00606242
-0.0058,0,0
-0.0054,0.00597302,0.00598344
-0.005,0.00636973,0.00638158
-0.0046,0.00593861,0.00594891
-0.0042,0.0283361,0.0130997
-0.0038,0,0
-0.0034,0.0164379,0.0101506
-0.003,0.0214648,0.0117868
-0.0026,0.0485339,0.017077
-0.0022,0.147964,0.0310308
-0.0018,0.274643,0.0426791
-0.0014,0.43936,0.0527508
-0.001,0.768163,0.0690828
-0.0006,1.02928,0.0805627
-0.0002,1.34606,0.0939484
0.0002,1.04357,0.081965
0.0006,0.896892,0.0750878
0.001,0.585493,0.060374
0.0014,0.442685,0.0526244
0.0018,0.212397,0.0363962
0.0022,0.0889753,0.0244471
0.0026,0.02994,0.0141752
0.003,0.0249503,0.0124994
0.0034,0.00300223,0.004137
0.0038,0.0109836,0.00791352
0.0042,0.00304833,0.0042168
0.0046,0.00609369,0.00610449
0.005,0.00627908,0.00629055
0.0054,0.00650614,0.00651845
0.0058,0.00568222,0.00592292
0.0062,0,0
0.0066,0.00656358,0.00633511
0.007,0.00606454,0.00607523
0.0074,0.00578311,0.00593305
0.0078,0.0056306,0.00563981
0.0082,0,0
0.0086,0,0
0.009,0,0
0.0094,0,0
0.0098,0.00437864,0.0050875
0.0102,0.00643058,0.00644258
0.0106,0.0060278,0.00603835
0.011,0,0
0.0114,0,0
0.0118,0.0124386,0.00881958
0.0122,0,0
0.0126,0,0
0.013,0,0
0.0134,0,0
0.0138,0,0
0.0142,0,0
0.0146,0,0
0.015,0.0062087,0.00621987
0.0154,0,0
0.0158,0,0
0.0162,0,0
0.0166,0,0
0.017,0,0
0.0174,0,0
0.0178,0.0127654,0.00904317
0.0182,0,0
0.0186,0,0
0.019,0.00509557,0.00562128
0.0194,0,0
0.0198,0,0
0.0202,0,0
0.0206,0,0
0.021,0,0
0.0214,0,0
0.0218,0,0
0.0222,0,0
0.0226,0,0
0.023,0,0
0.0234,0.006636,0.00664871
0.0238,0,0
0.0242,0.0089428,0.0077222
0.0246,0,0
0.025,0,0
0.0254,0.0066164,0.00662903
0.0258,0.00661753,0.00663016
0.0262,0,0
0.0266,0,0
0.027,0.00626069,0.00627199
0.0274,0,0
0.0278,0,0
0.0282,0,0
0.0286,0,0
0.029,0,0
0.0294,0.00645853,0.00647055
0.0298,0,0
0.0302,0.00600292,0.0060133
0.0306,0,0
0.031,0,0
0.0314,0,0
0.0318,0,0
0.0322,0,0
0.0326,0,0
0.033,0,0
0.0334,0,0
0.0338,0,0
0.0342,0,0
0.0346,0,0
0.035,0,0
0.0354,0,0
0.0358,0.00623282,0.00624399
0.0362,0.000434163,0.00156681
0.0366,0,0
0.037,0,0
0.0374,0.00325159,0.00457983
0.0378,0,0
0.0382,0,0
0.0386,0,0
0.039,0,0
0.0394,0.00120343,0.0028005
0.0398,0,0
0.0402,0.00747008,0.0069043
0.0406,0,0
0.041,0,0
0.0414,0,0
0.0418,0,0
0.0422,0,0
0.0426,0,0
0.043,0,0
0.0434,0,0
0.0438,0,0
0.0442,0,0
0.0446,0,0
0.045,0,0
0.0454,0,0
0.0458,0,0
0.0462,0,0
0.0466,0.00636192,0.00637351
0.047,0,0
0.0474,0,0
0.0478,0,0
0.0482,0,0
0.0486,0,0
0.049,0.00604039,0.00605083
0.0494,0,0
0.0498,0,0
0.0502,0,0
0.0506,0,0
0.051,0,0
0.0514,0,0
0.0518,0,0
0.0522,0,0
0.0526,0,0
0.053,0,0
0.0534,0.00650111,0.00651317
0.0538,0,0
0.0542,0,0
0.0546,0,0
0.055,0.00601422,0.00602454
0.0554,0,0
0.0558,0,0
0.0562,0,0
0.0566,0,0
0.057,0,0
0.0574,0,0
0.0578,0,0
0.0582,0,0
0.0586,0,0
0.059,0,0
0.0594,0,0
0.0598,0,0
0.0602,0,0
0.0606,0,0
0.061,0,0
0.0614,0,0
0.0618,0,0
0.0622,0,0
0.0626,0,0
0.063,0,0
0.0634,0,0
0.0638,0,0
0.0642,0,0
0.0646,0,0
0.065,0.00652586,0.00653798
0.0654,0.00644393,0.00645574
0.0658,0,0
0.0662,0,0
0.0666,0,0
0.067,0,0
0.0674,0,0
0.0678,0.01219,0.00866487
0.0682,0,0
0.0686,0,0
0.069,0,0
0.0694,0,0
0.0698,0,0
0.0702,0,0
0.0706,0,0
0.071,0.00657672,0.006589
0.0714,0.00650615,0.00651817
0.0718,0,0
0.0722,0,0
0.0726,0,0
0.073,0,0
0.0734,0,0
0.0738,0.00599665,0.00600686
0.0742,0,0
0.0746,0.00246887,0.00389416
0.075,0.00612155,0.00613218
0.0754,0,0
0.0758,0,0
0.0762,0,0
0.0766,0,0
0.077,0.00664194,0.00665445
0.0774,0,0
0.0778,0.00626039,0.0062715
0.0782,0,0
0.0786,0,0
0.079,0,0
0.0794,0,0
0.0798,0,0
0.0802,0,0
0.0806,0,0
0.081,0,0
0.0814,0.0129422,0.00916829
0.0818,0,0
0.0822,0,0
0.0826,0,0
0.083,0,0
0.0834,0,0
0.0838,0,0
0.0842,0,0
0.0846,0,0
0.085,0,0
0.0854,0.000646938,0.0019969
0.0858,0,0
0.0862,0,0
0.0866,0,0
0.087,0,0
0.0874,0,0
0.0878,0,0
0.0882,0,0
0.0886,0,0
0.089,0,0
0.0894,0,0
0.0898,0,0
0.0902,0,0
0.0906,0,0
0.091,0,0
0.0914,0,0
0.0918,0,0
0.0922,0,0
0.0926,0,0
0.093,0,0
0.0934,0,0
0.0938,0,0
0.0942,0,0
0.0946,0,0
0.095,0,0
0.0954,0.00100624,0.00259151
0.0958,0,0
0.0962,0,0
0.0966,0,0
0.097,0,0
0.0974,0,0
0.0978,0,0
0.0982,0,0
0.0986,0,0
0.099,0.00682232,0.00683543
0.0994,0,0
0.0998,0,0
0.1002,0,0
0.1006,0,0
0.101,0,0
0.1014,0,0
0.1018,0,0
0.1022,0,0
0.1026,0,0
0.103,0.00711982,0.00713409
0.1034,0,0
0.1038,0,0
0.1042,0,0
0.1046,0,0
0.105,0,0
0.1054,0,0
0.1058,0,0
0.1062,0,0
0.1066,0.00720856,0.00722318
0.107,0,0
0.1074,0,0
0.1078,0,0
0.1082,0,0
0.1086,0,0
0.109,0,0
0.1094,0,0
0.1098,0,0
0.1102,0,0
0.1106,0,0
0.111,0,0
0.1114,0,0
0.1118,0,0
0.1122,0,0
0.1126,0.0095054,0.00953077
0.113,0.00521276,0.00705813
0.1134,0.0089837,0.00900636
0.1138,0,0
0.1142,0,0
0.1146,0.00949961,0.00952494
0.115,0,0
0.1154,0,0
0.1158,0,0
0.1162,0,0
0.1166,0,0
0.117,0,0
0.1174,0,0
0.1178,0.00339217,0.00621582
0.1182,0,0
0.1186,0,0
0.119,0,0
0.1194,0,0
0.1198,0,0
4
-0.1198,0,0
-0.1194,0,0
-0.119,0,0
-0.1186,0,0
-0.1182,0,0
-0.1178,0,0
-0.1174,0.00634809,0.00636043
-0.117,0,0
-0.1166,0,0
-0.1162,0,0
-0.1158,0,0
-0.1154,0,0
-0.115,0,0
-0.1146,0,0
-0.1142,0,0
-0.1138,0,0
-0.1134,0,0
-0.113,0,0
-0.1126,0,0
-0.1122,0,0
-0.1118,0,0
-0.1114,0,0
-0.111,0.0068702,0.0068846
-0.1106,0,0
-0.1102,0,0
-0.1098,0,0
-0.1094,0,0
-0.109,0,0
-0.1086,0,0
-0.1082,0,0
-0.1078,0,0
-0.1074,0,0
-0.107,0,0
-0.1066,0,0
-0.1062,0,0
-0.1058,0,0
-0.1054,0,0
-0.105,0,0
-0.1046,0,0
-0.1042,0,0
-0.1038,0,0
-0.1034,0,0
-0.103,0.000677127,0.00207255
-0.1026,0,0
-0.1022,0.00636969,0.00638202
-0.1018,0.00263651,0.00415652
-0.1014,0,0
-0.101,0,0
-0.1006,0,0
-0.1002,0,0
-0.0998,0,0
-0.0994,0,0
-0.099,0,0
-0.0986,0,0
-0.0982,0,0
-0.0978,0,0
-0.0974,0,0
-0.097,0,0
-0.0966,0.00651033,0.00652317
-0.0962,0,0
-0.0958,0,0
-0.0954,0,0
-0.095,0,0
-0.0946,0,0
-0.0942,0,0
-0.0938,0,0
-0.0934,0,0
-0.093,0,0
-0.0926,0,0
-0.0922,0,0
-0.0918,0,0
-0.0914,0,0
-0.091,0,0
-0.0906,0,0
-0.0902,0,0
-0.0898,0,0
-0.0894,0,0
-0.089,0.0060561,0.00606717
-0.0886,0,0
-0.0882,0,0
-0.0878,0,0
-0.0874,0,0
-0.087,0,0
-0.0866,0,0
-0.0862,0,0
-0.0858,0,0
-0.0854,0,0
-0.085,0,0
-0.0846,0,0
-0.0842,0,0
-0.0838,0,0
-0.0834,0,0
-0.083,0.00659601,0.00660911
-0.0826,0,0
-0.0822,0.0069743,0.00698894
-0.0818,0,0
-0.0814,0,0
-0.081,0,0
-0.0806,0,0
-0.0802,0,0
-0.0798,0,0
-0.0794,0,0
-0.079,0,0
-0.0786,0,0
-0.0782,0,0
-0.0778,0,0
-0.0774,0,0
-0.077,0,0
-0.0766,0.0064966,0.00650929
-0.0762,0,0
-0.0758,0,0
-0.0754,0,0
-0.075,0,0
-0.0746,0,0
-0.0742,0.00156074,0.00290301
-0.0738,0,0
-0.0734,0,0
-0.073,0,0
-0.0726,0,0
-0.0722,0,0
-0.0718,0,0
-0.0714,0,0
-0.071,0,0
-0.0706,0,0
-0.0702,0,0
-0.0698,0,0
-0.0694,0.00195925,0.00343623
-0.069,0,0
-0.0686,0.00634716,0.00635923
-0.0682,0.00618143,0.00619288
-0.0678,0,0
-0.0674,0,0
-0.067,0,0
-0.0666,0,0
-0.0662,0,0
-0.0658,0,0
-0.0654,0,0
-0.065,0,0
-0.0646,0,0
-0.0642,0,0
-0.0638,0,0
-0.0634,0,0
-0.063,0.00559667,0.00560604
-0.0626,0,0
-0.0622,0,0
-0.0618,0,0
-0.0614,0,0
-0.061,0,0
-0.0606,0,0
-0.0602,0,0
-0.0598,0,0
-0.0594,0,0
-0.059,0,0
-0.0586,0,0
-0.0582,0.000126783,0.000849392
-0.0578,0.00467642,0.00527349
-0.0574,0,0
-0.057,0,0
-0.0566,0.00677466,0.00678836
-0.0562,0,0
-0.0558,0,0
-0.0554,0,0
-0.055,0,0
-0.0546,0,0
-0.0542,0,0
-0.0538,0,0
-0.0534,0,0
-0.053,0,0
-0.0526,0,0
-0.0522,0,0
-0.0518,0,0
-0.0514,0,0
-0.051,0,0
-0.0506,0,0
-0.0502,0,0
-0.0498,0,0
-0.0494,0,0
-0.049,0,0
-0.0486,0,0
-0.0482,0,0
-0.0478,0,0
-0.0474,0.00644546,0.00645784
-0.047,0,0
-0.0466,0,0
-0.0462,0,0
-0.0458,0,0
-0.0454,0.00631617,0.00632805
-0.045,0,0
-0.0446,0,0
-0.0442,0,0
-0.0438,0.006089,0.00610004
-0.0434,0,0
-0.043,0,0
-0.0426,0,0
-0.0422,0.0059954,0.00600609
-0.0418,0,0
-0.0414,0,0
-0.041,0.00643256,0.00644487
-0.0406,0,0
-0.0402,0,0
-0.0398,0,0
-0.0394,0,0
-0.039,0,0
-0.0386,0,0
-0.0382,0,0
-0.0378,0,0
-0.0374,0,0
-0.037,0,0
-0.0366,0,0
-0.0362,0,0
-0.0358,0.0064614,0.0064738
-0.0354,0,0
-0.035,0,0
-0.0346,0,0
-0.0342,0,0
-0.0338,0.00591595,0.00592635
-0.0334,0,0
-0.033,0.00618647,0.00619784
-0.0326,0,0
-0.0322,0,0
-0.0318,0,0
-0.0314,0,0
-0.031,0,0
-0.0306,0,0
-0.0302,0.00588481,0.00589509
-0.0298,0,0
-0.0294,0,0
-0.029,0.00623269,0.00624422
-0.0286,0,0
-0.0282,0,0
-0.0278,0,0
-0.0274,0.00658922,0.0066021
-0.027,0.00613824,0.00614942
-0.0266,0,0
-0.0262,0,0
-0.0258,0,0
-0.0254,0,0
-0.025,0.00583683,0.00584694
-0.0246,0.0070001,0.00701463
-0.0242,0,0
-0.0238,0.00646755,0.00647995
-0.0234,0,0
-0.023,0,0
-0.0226,0,0
-0.0222,0,0
-0.0218,0,0
-0.0214,0,0
-0.021,0,0
-0.0206,0,0
-0.0202,0,0
-0.0198,0,0
-0.0194,0,0
-0.019,0,0
-0.0186,0.00121524,0.00275548
-0.0182,0,0
-0.0178,0,0
-0.0174,0,0
-0.017,0,0
-0.0166,0,0
-0.0162,0,0
-0.0158,0,0
-0.0154,0,0
-0.015,0,0
-0.0146,0,0
-0.0142,0,0
-0.0138,0,0
-0.0134,0.00621341,0.00622485
-0.013,0,0
-0.0126,0,0
-0.0122,0,0
-0.0118,0.00977927,0.00764076
-0.0114,0,0
-0.011,0.0057439,0.00582021
-0.0106,0,0
-0.0102,0,0
-0.0098,0,0
-0.0094,0.00597324,0.00598382
-0.009,0.00599114,0.00600179
-0.0086,0,0
-0.0082,0.0124608,0.0088274
-0.0078,0.00667192,0.00668512
-0.0074,0,0
-0.007,0,0
-0.0066,0.00605199,0.00606286
-0.0062,0.000666144,0.00205331
-0.0058,0,0
-0.0054,0,0
-0.005,0.0124473,0.00881781
-0.0046,0.00584732,0.00585746
-0.0042,0.00578222,0.00579214
-0.0038,0.0181384,0.0104961
-0.0034,0.0442123,0.016447
-0.003,0.0352546,0.0148381
-0.0026,0.110309,0.0253382
-0.0022,0.117098,0.0271978
-0.0018,0.277427,0.0427146
-0.0014,0.462586,0.0536687
-0.001,0.685795,0.0647495
-0.0006,1.02004,0.0794798
-0.0002,1.20075,0.08791
0.0002,1.20617,0.0873329
0.0006,0.852755,0.0726059
0.001,0.656074,0.0633264
0.0014,0.3858,0.0486555
0.0018,0.204516,0.0353656
0.0022,0.0387943,0.0163472
0.0026,0.0628747,0.020249
0.003,0.0295029,0.0133963
0.0034,0.0125718,0.00890625
0.0038,0.0003743,0.00144624
0.0042,0.00270959,0.00393547
0.0046,0,0
0.005,0,0
0.0054,0,0
0.0058,0.00648283,0.00625991
0.0062,0,0
0.0066,0.00562723,0.00586875
0.007,0,0
0.0074,0,0
0.0078,0.00550685,0.00551586
0.0082,0,0
0.0086,0.00639097,0.0064031
0.009,0,0
0.0094,0,0
0.0098,0.0057556,0.00576544
0.0102,0,0
0.0106,0.00588673,0.00589703
0.011,0,0
0.0114,0,0
0.0118,0,0
0.0122,0,0
0.0126,0,0
0.013,0,0
0.0134,0.00344352,0.00463079
0.0138,0.00588279,0.00589308
0.0142,0,0
0.0146,0,0
0.015,0.00604916,0.00606004
0.0154,0,0
0.0158,0,0
0.0162,0.00596521,0.0059758
0.0166,0,0
0.017,0.00629709,0.00630888
0.0174,0,0
0.0178,0,0
0.0182,0.00629814,0.00630994
0.0186,0,0
0.019,0,0
0.0194,0.006282,0.00629374
0.0198,0.00587278,0.00588304
0.0202,0,0
0.0206,0,0
0.021,0.0117612,0.00833102
0.0214,0.00620592,0.00621738
0.0218,0,0
0.0222,0,0
0.0226,0,0
0.023,0.00621953,0.00623104
0.0234,0,0
0.0238,0.00648044,0.00649294
0.0242,0,0
0.0246,0.0126228,0.00895265
0.025,0,0
0.0254,0,0
0.0258,0,0
0.0262,0,0
0.0266,0,0
0.027,0,0
0.0274,0,0
0.0278,0,0
0.0282,0,0
0.0286,0.0060821,0.00609311
0.029,0.00625126,0.0062629
0.0294,0,0
0.0298,0,0
0.0302,0,0
0.0306,0,0
0.031,0,0
0.0314,0,0
0.0318,0,0
0.0322,0,0
0.0326,0,0
0.033,0,0
0.0334,0,0
0.0338,0.00599097,0.00600166
0.0342,0,0
0.0346,0,0
0.035,0,0
0.0354,0,0
0.0358,0,0
0.0362,0,0
0.0366,0,0
0.037,0,0
0.0374,0,0
0.0378,0,0
0.0382,0.00577124,0.00578117
0.0386,0,0
0.039,0,0
0.0394,0.00625389,0.00626554
0.0398,0,0
0.0402,0.00491773,0.00542394
0.0406,0,0
0.041,0,0
0.0414,0,0
0.0418,0.00614052,0.00615176
0.0422,0,0
0.0426,0,0
0.043,0.00623365,0.00624523
0.0434,0,0
0.0438,0,0
0.0442,0,0
0.0446,0,0
0.045,0,0
0.0454,0,0
0.0458,0,0
0.0462,0,0
0.0466,0,0
0.047,0,0
0.0474,0,0
0.0478,0,0
0.0482,0,0
0.0486,0,0
0.049,0,0
0.0494,0,0
0.0498,0,0
0.0502,0,0
0.0506,0.00601814,0.00602894
0.051,0,0
0.0514,0,0
0.0518,0,0
0.0522,0,0
0.0526,0,0
0.053,0,0
0.0534,0,0
0.0538,0.00660074,0.00661374
0.0542,0,0
0.0546,0,0
0.055,0,0
0.0554,0,0
0.0558,0.00606592,0.0060769
0.0562,0,0
0.0566,0,0
0.057,0,0
0.0574,0,0
0.0578,0,0
0.0582,0,0
0.0586,0,0
0.059,0,0
0.0594,0,0
0.0598,0,0
0.0602,0,0
0.0606,0,0
0.061,0,0
0.0614,0.00655893,0.00657177
0.0618,0,0
0.0622,0,0
0.0626,0,0
0.063,0,0
0.0634,0,0
0.0638,0,0
0.0642,0,0
0.0646,0,0
0.065,0,0
0.0654,0,0
0.0658,0,0
0.0662,0,0
0.0666,0,0
0.067,0,0
0.0674,0,0
0.0678,0,0
0.0682,0,0
0.0686,0,0
0.069,0,0
0.0694,0,0
0.0698,0,0
0.0702,0,0
0.0706,0,0
0.071,0.00600835,0.00601913
0.0714,0,0
0.0718,0,0
0.0722,0,0
0.0726,0,0
0.073,0,0
0.0734,0,0
0.0738,0,0
0.0742,0,0
0.0746,0.0034711,0.00450151
0.075,0.00581739,0.0058275
0.0754,0,0
0.0758,0,0
0.0762,0,0
0.0766,0,0
0.077,0,0
0.0774,0.00594364,0.00595418
0.0778,0,0
0.0782,0,0
0.0786,0,0
0.079,0,0
0.0794,0.00610813,0.00611927
0.0798,0,0
0.0802,0,0
0.0806,0,0
0.081,0,0
0.0814,0,0
0.0818,0,0
0.0822,0,0
0.0826,0,0
0.083,0,0
0.0834,0,0
0.0838,0,0
0.0842,0,0
0.0846,0,0
0.085,0,0
0.0854,0.00520651,0.00551401
0.0858,0,0
0.0862,0,0
0.0866,0,0
0.087,0,0
0.0874,0,0
0.0878,0,0
0.0882,0,0
0.0886,0,0
0.089,0,0
0.0894,0,0
0.0898,0,0
0.0902,0,0
0.0906,0,0
0.091,0,0
0.0914,0,0
0.0918,0,0
0.0922,0.00664139,0.00665455
0.0926,0,0
0.093,0,0
0.0934,0,0
0.0938,0,0
0.0942,0,0
0.0946,0,0
0.095,0,0
0.0954,0.00533451,0.00580148
0.0958,0,0
0.0962,0,0
0.0966,0,0
0.097,0,0
0.0974,0,0
0.0978,0,0
0.0982,0,0
0.0986,0,0
0.099,0,0
0.0994,0,0
0.0998,0,0
0.1002,0,0
0.1006,0,0
0.101,0,0
0.1014,0,0
0.1018,0,0
0.1022,0,0
0.1026,0,0
0.103,0,0
0.1034,0,0
0.1038,0.00722313,0.00723868
0.1042,0,0
0.1046,0,0
0.105,0.00721852,0.00723405
0.1054,0,0
0.1058,0,0
0.1062,0,0
0.1066,0,0
0.107,0,0
0.1074,0.00737352,0.00738972
0.1078,0,0
0.1082,0,0
0.1086,0.00808435,0.00810382
0.109,0,0
0.1094,0,0
0.1098,0,0
0.1102,0,0
0.1106,0.00812976,0.00814944
0.111,0,0
0.1114,0,0
0.1118,0,0
0.1122,0,0
0.1126,0,0
0.113,0,0
0.1134,0,0
0.1138,0,0
0.1142,0,0
0.1146,0,0
0.115,0,0
0.1154,0,0
0.1158,0,0
0.1162,0,0
0.1166,0,0
0.117,0,0
0.1174,0,0
0.1178,0,0
0.1182,0,0
0.1186,0,0
0.119,0,0
0.1194,0,0
0.1198,0,0
5
-0.1198,0,0
-0.1194,0,0
-0.119,0,0
-0.1186,0,0
-0.1182,0,0
-0.1178,0,0
-0.1174,0,0
-0.117,0,0
-0.1166,0,0
-0.1162,0,0
-0.1158,0,0
-0.1154,0,0
-0.115,0,0
-0.1146,0,0
-0.1142,0.00645262,0.00646524
-0.1138,0,0
-0.1134,0,0
-0.113,0,0
-0.1126,0,0
-0.1122,0,0
-0.1118,0,0
-0.1114,0,0
-0.111,0,0
-0.1106,0,0
-0.1102,0,0
-0.1098,0,0
-0.1094,0,0
-0.109,0,0
-0.1086,0,0
-0.1082,0.00584308,0.00585338
-0.1078,0.00541101,0.00585573
-0.1074,0,0
-0.107,0,0
-0.1066,0,0
-0.1062,0,0
-0.1058,0,0
-0.1054,0,0
-0.105,0,0
-0.1046,0,0
-0.1042,0,0
-0.1038,0,0
-0.1034,0,0
-0.103,0.00570381,0.00604796
-0.1026,0,0
-0.1022,0,0
-0.1018,0.003934,0.00510564
-0.1014,0,0
-0.101,0,0
-0.1006,0,0
-0.1002,0,0
-0.0998,0,0
-0.0994,0,0
-0.099,0,0
-0.0986,0,0
-0.0982,0,0
-0.0978,0,0
-0.0974,0,0
-0.097,0,0
-0.0966,0,0
-0.0962,0,0
-0.0958,0,0
-0.0954,0,0
-0.095,0,0
-0.0946,0,0
-0.0942,0,0
-0.0938,0,0
-0.0934,0,0
-0.093,0.00581309,0.00582318
-0.0926,0,0
-0.0922,0,0
-0.0918,0,0
-0.0914,0,0
-0.091,0,0
-0.0906,0,0
-0.0902,0,0
-0.0898,0,0
-0.0894,0,0
-0.089,0,0
-0.0886,0,0
-0.0882,0,0
-0.0878,0,0
-0.0874,0,0
-0.087,0,0
-0.0866,0,0
-0.0862,0,0
-0.0858,0,0
-0.0854,0,0
-0.085,0,0
-0.0846,0,0
-0.0842,0,0
-0.0838,0,0
-0.0834,0.00627722,0.00628892
-0.083,0,0
-0.0826,0,0
-0.0822,0,0
-0.0818,0,0
-0.0814,0,0
-0.081,0,0
-0.0806,0,0
-0.0802,0,0
-0.0798,0,0
-0.0794,0,0
-0.079,0.0119961,0.00850014
-0.0786,0,0
-0.0782,0,0
-0.0778,0,0
-0.0774,0,0
-0.077,0,0
-0.0766,0,0
-0.0762,0,0
-0.0758,0,0
-0.0754,0,0
-0.075,0,0
-0.0746,0,0
-0.0742,0,0
-0.0738,0,0
-0.0734,0,0
-0.073,0,0
-0.0726,0.00630747,0.00631921
-0.0722,0,0
-0.0718,0,0
-0.0714,0,0
-0.071,0,0
-0.0706,0,0
-0.0702,0,0
-0.0698,0,0
-0.0694,0,0
-0.069,0,0
-0.0686,0.00587434,0.0058845
-0.0682,0.00629082,0.00630247
-0.0678,0.001765,0.00333861
-0.0674,0.00635195,0.00636382
-0.067,0,0
-0.0666,0,0
-0.0662,0,0
-0.0658,0,0
-0.0654,0,0
-0.065,0,0
-0.0646,0,0
-0.0642,0,0
-0.0638,0,0
-0.0634,0,0
-0.063,0.00569946,0.005709
-0.0626,0,0
-0.0622,0,0
-0.0618,0,0
-0.0614,0,0
-0.061,0,0
-0.0606,0,0
-0.0602,0,0
-0.0598,0,0
-0.0594,0,0
-0.059,0,0
-0.0586,0.000221472,0.00115385
-0.0582,0,0
-0.0578,0,0
-0.0574,0,0
-0.057,0,0
-0.0566,0,0
-0.0562,0,0
-0.0558,0.00617516,0.00618633
-0.0554,0,0
-0.055,0,0
-0.0546,0,0
-0.0542,0,0
-0.0538,0,0
-0.0534,0,0
-0.053,0,0
-0.0526,0,0
-0.0522,0,0
-0.0518,0,0
-0.0514,0,0
-0.051,0,0
-0.0506,0,0
-0.0502,0,0
-0.0498,0,0
-0.0494,0,0
-0.049,0,0
-0.0486,0,0
-0.0482,0,0
-0.0478,0.00604739,0.00605807
-0.0474,0,0
-0.047,0,0
-0.0466,0,0
-0.0462,0,0
-0.0458,0.0128937,0.00913439
-0.0454,0.00684003,0.00685367
-0.045,0,0
-0.0446,0,0
-0.0442,0.00625748,0.0062689
-0.0438,0,0
-0.0434,0,0
-0.043,0,0
-0.0426,0,0
-0.0422,0,0
-0.0418,0,0
-0.0414,0,0
-0.041,0,0
-0.0406,0.00631541,0.00632703
-0.0402,0,0
-0.0398,0,0
-0.0394,0,0
-0.039,0,0
-0.0386,0,0
-0.0382,0,0
-0.0378,0,0
-0.0374,0,0
-0.037,0,0
-0.0366,0.00634508,0.00635679
-0.0362,0,0
-0.0358,0,0
-0.0354,0,0
-0.035,0,0
-0.0346,0.00607164,0.00608236
-0.0342,0,0
-0.0338,0,0
-0.0334,0,0
-0.033,0,0
-0.0326,0,0
-0.0322,0.00646729,0.00647944
-0.0318,0,0
-0.0314,0,0
-0.031,0,0
-0.0306,0,0
-0.0302,0,0
-0.0298,0,0
-0.0294,0,0
-0.029,0,0
-0.0286,0.00579673,0.00580648
-0.0282,0,0
-0.0278,0.00657019,0.00658271
-0.0274,0,0
-0.027,0.00666511,0.00667799
-0.0266,0,0
-0.0262,0.00594855,0.00595881
-0.0258,0,0
-0.0254,0,0
-0.025,0,0
-0.0246,0.00716313,0.007178
-0.0242,0,0
-0.0238,0.00620688,0.00621805
-0.0234,0,0
-0.023,0,0
-0.0226,0.00640838,0.00642028
-0.0222,0,0
-0.0218,0,0
-0.0214,0.0062148,0.00622599
-0.021,0,0
-0.0206,0,0
-0.0202,0,0
-0.0198,0,0
-0.0194,0,0
-0.019,0,0
-0.0186,0,0
-0.0182,0,0
-0.0178,0,0
-0.0174,0,0
-0.017,0.00648092,0.00649308
-0.0166,0,0
-0.0162,0,0
-0.0158,0.00625647,0.0062678
-0.0154,0,0
-0.015,0,0
-0.0146,0,0
-0.0142,0.00597046,0.00598077
-0.0138,0,0
-0.0134,0,0
-0.013,0,0
-0.0126,0,0
-0.0122,0,0
-0.0118,0,0
-0.0114,0.00602724,0.00603774
-0.011,0.00602781,0.00603831
-0.0106,0,0
-0.0102,0.00632887,0.00634045
-0.0098,0.00641186,0.00642374
-0.0094,0,0
-0.009,0.000263338,0.00128342
-0.0086,0,0
-0.0082,0,0
-0.0078,0,0
-0.0074,0,0
-0.007,0,0
-0.0066,0,0
-0.0062,0.00647682,0.00648893
-0.0058,0,0
-0.0054,0,0
-0.005,0.0128414,0.00909715
-0.0046,0.012018,0.00851274
-0.0042,0.00614866,0.00615958
-0.0038,0.0368826,0.0150925
-0.0034,0.0321982,0.0142647
-0.003,0.0589917,0.0197015
-0.0026,0.114505,0.0263352
-0.0022,0.205411,0.0364008
-0.0018,0.401522,0.0519691
-0.0014,0.68073,0.0660323
-0.001,0.884336,0.0745751
-0.0006,1.12724,0.0847235
-0.0002,1.06075,0.0838393
0.0002,1.12931,0.0856747
0.0006,0.67194,0.0654348
0.001,0.408643,0.0506923
0.0014,0.27573,0.0417271
0.0018,0.174357,0.0331354
0.0022,0.094666,0.025379
0.0026,0.0346515,0.0156196
0.003,0.00706329,0.00664997
0.0034,0.0251442,0.0126113
0.0038,0.0171996,0.00994666
0.0042,0.0062288,0.00623999
0.0046,0,0
0.005,0,0
0.0054,0.0196762,0.0113816
0.0058,0.00600326,0.00601366
0.0062,0,0
0.0066,0,0
0.007,0,0
0.0074,0,0
0.0078,0.00610137,0.00611211
0.0082,0.00610103,0.00611177
0.0086,0,0
0.009,0,0
0.0094,0,0
0.0098,0,0
0.0102,0,0
0.0106,0.00626911,0.00628045
0.011,0,0
0.0114,0,0
0.0118,0.00598089,0.00599121
0.0122,0,0
0.0126,0,0
0.013,0,0
0.0134,0.0028439,0.00427105
0.0138,0.0185595,0.0107391
0.0142,0,0
0.0146,0,0
0.015,0,0
0.0154,0,0
0.0158,0,0
0.0162,0,0
0.0166,0,0
0.017,0,0
0.0174,0,0
0.0178,0.0064,0.00641182
0.0182,0,0
0.0186,0,0
0.019,0,0
0.0194,0,0
0.0198,0,0
0.0202,0.0119907,0.00849342
0.0206,0,0
0.021,0,0
0.0214,0,0
0.0218,0,0
0.0222,0,0
0.0226,0,0
0.023,0,0
0.0234,0,0
0.0238,0,0
0.0242,0,0
0.0246,0,0
0.025,0.0125061,0.00885943
0.0254,0,0
0.0258,0,0
0.0262,0,0
0.0266,0,0
0.027,0.00625711,0.00626841
0.0274,0.00643129,0.00644322
0.0278,0,0
0.0282,0,0
0.0286,0.00627721,0.00628857
0.029,0,0
0.0294,0,0
0.0298,0,0
0.0302,0,0
0.0306,0,0
0.031,0,0
0.0314,0,0
0.0318,0,0
0.0322,0,0
0.0326,0,0
0.033,0,0
0.0334,0,0
0.0338,0,0
0.0342,0,0
0.0346,0,0
0.035,0,0
0.0354,0,0
0.0358,0,0
0.0362,0,0
0.0366,0,0
0.037,0,0
0.0374,0,0
0.0378,0,0
0.0382,0,0
0.0386,0.00596635,0.00597661
0.039,0.00635181,0.00636343
0.0394,0,0
0.0398,0,0
0.0402,0,0
0.0406,0.0063068,0.00631827
0.041,0,0
0.0414,0,0
0.0418,0,0
0.0422,0,0
0.0426,0,0
0.043,0,0
0.0434,0,0
0.0438,0,0
0.0442,0,0
0.0446,0.00648401,0.00649611
0.045,0,0
0.0454,0,0
0.0458,0,0
0.0462,0,0
0.0466,0,0
0.047,0.00648082,0.00649291
0.0474,0,0
0.0478,0,0
0.0482,0,0
0.0486,0,0
0.049,0,0
0.0494,0,0
0.0498,0,0
0.0502,0,0
0.0506,0,0
0.051,0,0
0.0514,0.00609609,0.00610679
0.0518,0,0
0.0522,0,0
0.0526,0,0
0.053,0,0
0.0534,0,0
0.0538,0,0
0.0542,0,0
0.0546,0,0
0.055,0,0
0.0554,0,0
0.0558,0.0062962,0.0063076
0.0562,0.00629676,0.00630815
0.0566,0.00652744,0.00653968
0.057,0,0
0.0574,0,0
0.0578,0,0
0.0582,0,0
0.0586,0.00642371,0.00643556
0.059,0,0
0.0594,0,0
0.0598,0.00649545,0.00650756
0.0602,0,0
0.0606,0,0
0.061,0,0
0.0614,0,0
0.0618,0,0
0.0622,0,0
0.0626,0,0
0.063,0,0
0.0634,0,0
0.0638,0,0
0.0642,0,0
0.0646,0,0
0.065,0,0
0.0654,0,0
0.0658,0.00642114,0.00643297
0.0662,0,0
0.0666,0.0063,0.00631137
0.067,0,0
0.0674,0,0
0.0678,0.00608929,0.00609992
0.0682,0,0
0.0686,0,0
0.069,0,0
0.0694,0,0
0.0698,0.00588842,0.00589835
0.0702,0,0
0.0706,0,0
0.071,0,0
0.0714,0.00652518,0.00653737
0.0718,0,0
0.0722,0,0
0.0726,0,0
0.073,0,0
0.0734,0,0
0.0738,0,0
0.0742,0,0
0.0746,0.00607209,0.00608264
0.075,0,0
0.0754,0,0
0.0758,0,0
0.0762,0.00622765,0.00623874
0.0766,0,0
0.077,0,0
0.0774,0,0
0.0778,0,0
0.0782,0,0
0.0786,0,0
0.079,0,0
0.0794,0,0
0.0798,0,0
0.0802,0,0
0.0806,0,0
0.081,0,0
0.0814,0,0
0.0818,0,0
0.0822,0.00621567,0.00622669
0.0826,0,0
0.083,0,0
0.0834,0,0
0.0838,0,0
0.0842,0,0
0.0846,0,0
0.085,0,0
0.0854,0,0
0.0858,0,0
0.0862,0,0
0.0866,0,0
0.087,0.00644774,0.00645957
0.0874,0,0
0.0878,0,0
0.0882,0,0
0.0886,0,0
0.089,0,0
0.0894,0,0
0.0898,0,0
0.0902,0,0
0.0906,0,0
0.091,0,0
0.0914,0,0
0.0918,0,0
0.0922,0,0
0.0926,0,0
0.093,0,0
0.0934,0,0
0.0938,0,0
0.0942,0.00687309,0.0068865
0.0946,0,0
0.095,0,0
0.0954,0,0
0.0958,0,0
0.0962,0.00659214,0.00660447
0.0966,0,0
0.097,0,0
0.0974,0,0
0.0978,0,0
0.0982,0.0071872,0.00720184
0.0986,0.00678467,0.00679771
0.099,0,0
0.0994,0,0
0.0998,0,0
0.1002,0,0
0.1006,0.00694329,0.00695694
0.101,0,0
0.1014,0,0
0.1018,0,0
0.1022,0,0
0.1026,0,0
0.103,0,0
0.1034,0.00743175,0.00744737
0.1038,0,0
0.1042,0,0
0.1046,0,0
0.105,0,0
0.1054,0,0
0.1058,0,0
0.1062,0,0
0.1066,0,0
0.107,0,0
0.1074,0,0
0.1078,0,0
0.1082,0,0
0.1086,0,0
0.109,0.00854095,0.00856151
0.1094,0,0
0.1098,0,0
0.1102,0,0
0.1106,0,0
0.111,0,0
0.1114,0,0
0.1118,0,0
0.1122,0,0
0.1126,0,0
0.113,0.00867511,0.00869629
0.1134,0,0
0.1138,0.00882216,0.00884405
0.1142,0,0
0.1146,0,0
0.115,0,0
0.1154,0,0
0.1158,0,0
0.1162,0,0
0.1166,0,0
0.117,0,0
0.1174,0,0
0.1178,0,0
0.1182,0,0
0.1186,0,0
0.119,0,0
0.1194,0,0
0.1198,0,0
6
-0.1198,0,0
-0.1194,0,0
-0.119,0,0
-0.1186,0,0
-0.1182,0,0
-0.1178,0,0
-0.1174,0,0
-0.117,0,0
-0.1166,0,0
-0.1162,0,0
-0.1158,0,0
-0.1154,0,0
-0.115,0,0
-0.1146,0,0
-0.1142,0,0
-0.1138,0,0
-0.1134,0,0
-0.113,0,0
-0.1126,0,0
-0.1122,0,0
-0.1118,0,0
-0.1114,0,0
-0.111,0,0
-0.1106,0,0
-0.1102,0,0
-0.1098,0,0
-0.1094,0,0
-0.109,0,0
-0.1086,0.00532307,0.00533267
-0.1082,0,0
-0.1078,0.000803861,0.00213078
-0.1074,0,0
-0.107,0,0
-0.1066,0,0
-0.1062,0,0
-0.1058,0,0
-0.1054,0,0
-0.105,0,0
-0.1046,0,0
-0.1042,0,0
-0.1038,0,0
-0.1034,0,0
-0.103,0,0
-0.1026,0.00568781,0.00569871
-0.1022,0,0
-0.1018,0,0
-0.1014,0,0
-0.101,0,0
-0.1006,0,0
-0.1002,0,0
-0.0998,0.00609362,0.0061061
-0.0994,0,0
-0.099,0,0
-0.0986,0,0
-0.0982,0,0
-0.0978,0,0
-0.0974,0,0
-0.097,0,0
-0.0966,0,0
-0.0962,0,0
-0.0958,0,0
-0.0954,0,0
-0.095,0,0
-0.0946,0,0
-0.0942,0,0
-0.0938,0,0
-0.0934,0,0
-0.093,0.005193,0.00520201
-0.0926,0,0
-0.0922,0,0
-0.0918,0,0
-0.0914,0,0
-0.091,0,0
-0.0906,0,0
-0.0902,0,0
-0.0898,0,0
-0.0894,0,0
-0.089,0,0
-0.0886,0,0
-0.0882,0.0057722,0.00578331
-0.0878,0,0
-0.0874,0,0
-0.087,0,0
-0.0866,0.00538841,0.00539811
-0.0862,0,0
-0.0858,0.00550895,0.0055191
-0.0854,0,0
-0.085,0,0
-0.0846,0,0
-0.0842,0,0
-0.0838,0,0
-0.0834,0,0
-0.083,0,0
-0.0826,0.0057124,0.00572335
-0.0822,0,0
-0.0818,0,0
-0.0814,0,0
-0.081,0,0
-0.0806,0,0
-0.0802,0,0
-0.0798,0,0
-0.0794,0,0
-0.079,0,0
-0.0786,0,0
-0.0782,0,0
-0.0778,0,0
-0.0774,0,0
-0.077,0,0
-0.0766,0,0
-0.0762,0,0
-0.0758,0,0
-0.0754,0,0
-0.075,0,0
-0.0746,0,0
-0.0742,0,0
-0.0738,0,0
-0.0734,0,0
-0.073,0,0
-0.0726,0,0
-0.0722,0,0
-0.0718,0,0
-0.0714,0,0
-0.071,0,0
-0.0706,0.00545194,0.00546203
-0.0702,0,0
-0.0698,0,0
-0.0694,0,0
-0.069,0,0
-0.0686,0,0
-0.0682,0,0
-0.0678,0.00391502,0.00462411
-0.0674,0,0
-0.067,0,0
-0.0666,0,0
-0.0662,0,0
-0.0658,0,0
-0.0654,0,0
-0.065,0.00522091,0.00523021
-0.0646,0,0
-0.0642,0,0
-0.0638,0,0
-0.0634,0,0
-0.063,0,0
-0.0626,0,0
-0.0622,0,0
-0.0618,0,0
-0.0614,0,0
-0.061,0,0
-0.0606,0,0
-0.0602,0,0
-0.0598,0,0
-0.0594,0,0
-0.059,0,0
-0.0586,0.00492941,0.00503196
-0.0582,0,0
-0.0578,0.00515511,0.00516424
-0.0574,0,0
-0.057,0,0
-0.0566,0.00588611,0.00589801
-0.0562,0,0
-0.0558,0,0
-0.0554,0,0
-0.055,0,0
-0.0546,0,0
-0.0542,0.0104525,0.00740434
-0.0538,0,0
-0.0534,0,0
-0.053,0,0
-0.0526,0,0
-0.0522,0,0
-0.0518,0,0
-0.0514,0,0
-0.051,0,0
-0.0506,0,0
-0.0502,0,0
-0.0498,0,0
-0.0494,0,0
-0.049,0,0
-0.0486,0,0
-0.0482,0,0
-0.0478,0,0
-0.0474,0,0
-0.047,0,0
-0.0466,0,0
-0.0462,0,0
-0.0458,0,0
-0.0454,0,0
-0.045,0,0
-0.0446,0,0
-0.0442,0,0
-0.0438,0,0
-0.0434,0,0
-0.043,0,0
-0.0426,0,0
-0.0422,0,0
-0.0418,0,0
-0.0414,0,0
-0.041,0,0
-0.0406,0,0
-0.0402,0.00550526,0.0055158
-0.0398,0,0
-0.0394,0,0
-0.039,0.0113016,0.00800715
-0.0386,0.00527679,0.00528648
-0.0382,0,0
-0.0378,0,0
-0.0374,0,0
-0.037,0,0
-0.0366,0.0110298,0.00782052
-0.0362,0,0
-0.0358,0.00531801,0.00532787
-0.0354,0,0
-0.035,0,0
-0.0346,0.00486497,0.00487322
-0.0342,0,0
-0.0338,0,0
-0.0334,0,0
-0.033,0,0
-0.0326,0,0
-0.0322,0,0
-0.0318,0,0
-0.0314,0.0054979,0.00550846
-0.031,0,0
-0.0306,0,0
-0.0302,0,0
-0.0298,0,0
-0.0294,0,0
-0.029,0,0
-0.0286,0,0
-0.0282,0,0
-0.0278,0.00544323,0.0054536
-0.0274,0,0
-0.027,0.00519944,0.00520891
-0.0266,0,0
-0.0262,0,0
-0.0258,0,0
-0.0254,0,0
-0.025,0,0
-0.0246,0.00592079,0.00593308
-0.0242,0,0
-0.0238,0,0
-0.0234,0,0
-0.023,0,0
-0.0226,0,0
-0.0222,0,0
-0.0218,0.00538427,0.00539445
-0.0214,0.0102526,0.00726275
-0.021,0,0
-0.0206,0.00526503,0.00527476
-0.0202,0,0
-0.0198,0,0
-0.0194,0,0
-0.019,0,0
-0.0186,0,0
-0.0182,0,0
-0.0178,0,0
-0.0174,0.0053015,0.00531139
-0.017,0,0
-0.0166,0,0
-0.0162,0,0
-0.0158,0.00505226,0.00506124
-0.0154,0,0
-0.015,0,0
-0.0146,0,0
-0.0142,0,0
-0.0138,0,0
-0.0134,0,0
-0.013,0,0
-0.0126,0,0
-0.0122,0,0
-0.0118,0,0
-0.0114,0,0
-0.011,0,0
-0.0106,0,0
-0.0102,0.00518669,0.00519617
-0.0098,0,0
-0.0094,0,0
-0.009,0.00488874,0.00500441
-0.0086,0.00916876,0.00649379
-0.0082,0.00523551,0.00524518
-0.0078,0,0
-0.0074,0,0
-0.007,0,0
-0.0066,0,0
-0.0062,0,0
-0.0058,0,0
-0.0054,0.00494194,0.00495057
-0.005,0,0
-0.0046,0.00522685,0.00523649
-0.0042,0.0100477,0.00711744
-0.0038,0.020421,0.0102331
-0.0034,0.0102604,0.00726883
-0.003,0.0107067,0.00758508
-0.0026,0.0443611,0.0148223
-0.0022,0.115425,0.0246816
-0.0018,0.106986,0.0239813
-0.0014,0.286278,0.0386817
-0.001,0.275835,0.0376128
-0.0006,0.372518,0.0439905
-0.0002,0.322307,0.0417032
0.0002,0.385026,0.0451556
0.0006,0.371355,0.0438543
0.001,0.265815,0.0369323
0.0014,0.205389,0.0325336
0.0018,0.175363,0.0300899
0.0022,0.0878299,0.0220245
0.0026,0.0543913,0.0172514
0.003,0.0156447,0.00905045
0.0034,0.0211202,0.0105799
0.0038,0.00470825,0.00475501
0.0042,0.00985037,0.00698747
0.0046,0.0201334,0.0100848
0.005,0.0203707,0.0102049
0.0054,0.0105241,0.00745665
0.0058,0.015028,0.0086928
0.0062,0.00490236,0.00491084
0.0066,0.00512802,0.00513731
0.007,0.00499038,0.00499917
0.0074,0,0
0.0078,0,0
0.0082,0.00498624,0.00499501
0.0086,0,0
0.009,0,0
0.0094,0,0
0.0098,0,0
0.0102,0,0
0.0106,0,0
0.011,0,0
0.0114,0,0
0.0118,0,0
0.0122,0,0
0.0126,0,0
0.013,0,0
0.0134,0,0
0.0138,0,0
0.0142,0,0
0.0146,0,0
0.015,0,0
0.0154,0,0
0.0158,0,0
0.0162,0.00505465,0.00506361
0.0166,0,0
0.017,0,0
0.0174,0,0
0.0178,0,0
0.0182,0,0
0.0186,0,0
0.019,0.0101462,0.00723749
0.0194,0,0
0.0198,0,0
0.0202,0.00534337,0.00535333
0.0206,0,0
0.021,0,0
0.0214,0.00530556,0.00531536
0.0218,0,0
0.0222,0,0
0.0226,0,0
0.023,0,0
0.0234,0,0
0.0238,0,0
0.0242,0,0
0.0246,0,0
0.025,0,0
0.0254,0,0
0.0258,0,0
0.0262,0.00488399,0.00489222
0.0266,0,0
0.027,0.00465439,0.00494592
0.0274,0,0
0.0278,0,0
0.0282,0.00490893,0.00491722
0.0286,0,0
0.029,0.00541766,0.00542774
0.0294,0,0
0.0298,0,0
0.0302,0.00439915,0.00492029
0.0306,0,0
0.031,0,0
0.0314,0,0
0.0318,0,0
0.0322,0.00543679,0.00544689
0.0326,0,0
0.033,0,0
0.0334,0,0
0.0338,0.00520246,0.00521168
0.0342,0,0
0.0346,0,0
0.035,0,0
0.0354,0,0
0.0358,0,0
0.0362,0,0
0.0366,0,0
0.037,0,0
0.0374,0,0
0.0378,0,0
0.0382,0.00575726,0.00576847
0.0386,0,0
0.039,0,0
0.0394,0,0
0.0398,0,0
0.0402,0,0
0.0406,0.00406917,0.00469253
0.041,0,0
0.0414,0,0
0.0418,0,0
0.0422,0,0
0.0426,0,0
0.043,0,0
0.0434,0,0
0.0438,0,0
0.0442,0,0
0.0446,0.00557663,0.00558704
0.045,0,0
0.0454,0.00547215,0.00548217
0.0458,0,0
0.0462,0,0
0.0466,0.00911627,0.00706918
0.047,0,0
0.0474,0.00544,0.00544986
0.0478,0,0
0.0482,0,0
0.0486,0,0
0.049,0,0
0.0494,0,0
0.0498,0,0
0.0502,0,0
0.0506,0.00541211,0.00542182
0.051,0,0
0.0514,0,0
0.0518,0,0
0.0522,0.00328686,0.00422673
0.0526,0,0
0.053,0,0
0.0534,0,0
0.0538,0,0
0.0542,0,0
0.0546,0,0
0.055,0,0
0.0554,0,0
0.0558,0,0
0.0562,0,0
0.0566,0,0
0.057,0,0
0.0574,0.00587573,0.00588706
0.0578,0,0
0.0582,0,0
0.0586,0,0
0.059,0,0
0.0594,0,0
0.0598,0,0
0.0602,0.00544516,0.00545484
0.0606,0,0
0.061,0,0
0.0614,0,0
0.0618,0,0
0.0622,0,0
0.0626,0,0
0.063,0.00547787,0.00548763
0.0634,0,0
0.0638,0,0
0.0642,0,0
0.0646,0,0
0.065,0,0
0.0654,0,0
0.0658,0.00568427,0.00569473
0.0662,0,0
0.0666,0,0
0.067,0,0
0.0674,0,0
0.0678,0.00540398,0.00541341
0.0682,0,0
0.0686,0,0
0.069,0,0
0.0694,0,0
0.0698,0,0
0.0702,0,0
0.0706,0.0113749,0.00805798
0.071,0.00558059,0.0055906
0.0714,0,0
0.0718,0,0
0.0722,0,0
0.0726,0,0
0.073,0,0
0.0734,0,0
0.0738,0,0
0.0742,0,0
0.0746,0,0
0.075,0,0
0.0754,0,0
0.0758,0,0
0.0762,0,0
0.0766,0,0
0.077,0.00591207,0.0059232
0.0774,0.00194371,0.00329742
0.0778,0.00557739,0.00558729
0.0782,0,0
0.0786,0,0
0.079,0,0
0.0794,0.00574548,0.00575596
0.0798,0,0
0.0802,0,0
0.0806,0,0
0.081,0,0
0.0814,0,0
0.0818,0.00579241,0.00580302
0.0822,0,0
0.0826,0,0
0.083,0,0
0.0834,0,0
0.0838,0,0
0.0842,0.00550165,0.00551119
0.0846,0,0
0.085,0,0
0.0854,0,0
0.0858,0,0
0.0862,0,0
0.0866,0,0
0.087,0,0
0.0874,0,0
0.0878,0,0
0.0882,0,0
0.0886,0,0
0.089,0,0
0.0894,0,0
0.0898,0,0
0.0902,0,0
0.0906,0,0
0.091,0,0
0.0914,0,0
0.0918,0,0
0.0922,0.00635866,0.00637125
0.0926,0,0
0.093,0,0
0.0934,0,0
0.0938,0,0
0.0942,0,0
0.0946,0,0
0.095,0,0
0.0954,0,0
0.0958,0,0
0.0962,0,0
0.0966,0,0
0.097,0,0
0.0974,0,0
0.0978,0,0
0.0982,0,0
0.0986,0,0
0.099,0,0
0.0994,0,0
0.0998,0,0
0.1002,0,0
0.1006,0,0
0.101,0.00619795,0.00620978
0.1014,0,0
0.1018,0,0
0.1022,0,0
0.1026,0,0
0.103,0,0
0.1034,0,0
0.1038,0.000611727,0.00207486
0.1042,0,0
0.1046,0,0
0.105,0,0
0.1054,0,0
0.1058,0,0
0.1062,0,0
0.1066,0,0
0.107,0,0
0.1074,0.00716718,0.00718292
0.1078,0,0
0.1082,0,0
0.1086,0,0
0.109,0,0
0.1094,0,0
0.1098,0,0
0.1102,0,0
0.1106,0,0
0.111,0,0
0.1114,0,0
0.1118,0,0
0.1122,0,0
0.1126,0,0
0.113,0,0
0.1134,0,0
0.1138,0,0
0.1142,0.009054,0.00907911
0.1146,0,0
0.115,0,0
0.1154,0,0
0.1158,0,0
0.1162,0,0
0.1166,0,0
0.117,0,0
0.1174,0,0
0.1178,0.0103373,0.0103701
0.1182,0.0101274,0.0101589
0.1186,0,0
0.119,0,0
0.1194,0,0
0.1198,0,0
7
-0.1198,0,0
-0.1194,0,0
-0.119,0,0
-0.1186,0,0
-0.1182,0,0
-0.1178,0,0
-0.1174,0,0
-0.117,0,0
-0.1166,0,0
-0.1162,0,0
-0.1158,0,0
-0.1154,0,0
-0.115,0,0
-0.1146,0,0
-0.1142,0,0
-0.1138,0,0
-0.1134,0,0
-0.113,0,0
-0.1126,0,0
-0.1122,0,0
-0.1118,0,0
-0.1114,0,0
-0.111,0,0
-0.1106,0,0
-0.1102,0.00528043,0.00529013
-0.1098,0,0
-0.1094,0,0
-0.109,0,0
-0.1086,0.00517401,0.00518334
-0.1082,0.00505839,0.00506731
-0.1078,0,0
-0.1074,0,0
-0.107,0,0
-0.1066,0,0
-0.1062,0,0
-0.1058,0,0
-0.1054,0,0
-0.105,0,0
-0.1046,0,0
-0.1042,0,0
-0.1038,0,0
-0.1034,0.00522956,0.00523913
-0.103,0,0
-0.1026,0,0
-0.1022,0,0
-0.1018,0.00593022,0.00594254
-0.1014,0,0
-0.101,0,0
-0.1006,0,0
-0.1002,0,0
-0.0998,0,0
-0.0994,0,0
-0.099,0,0
-0.0986,0,0
-0.0982,0,0
-0.0978,0,0
-0.0974,0,0
-0.097,0,0
-0.0966,0,0
-0.0962,0,0
-0.0958,0,0
-0.0954,0,0
-0.095,0,0
-0.0946,0,0
-0.0942,0,0
-0.0938,0,0
-0.0934,0,0
-0.093,0,0
-0.0926,0,0
-0.0922,0,0
-0.0918,0,0
-0.0914,0,0
-0.091,0,0
-0.0906,0,0
-0.0902,0,0
-0.0898,0.00496397,0.00497271
-0.0894,0,0
-0.089,0,0
-0.0886,0,0
-0.0882,0,0
-0.0878,0,0
-0.0874,0,0
-0.087,0,0
-0.0866,0,0
-0.0862,0,0
-0.0858,0.00519961,0.00520918
-0.0854,0.00526877,0.0052786
-0.085,0,0
-0.0846,0,0
-0.0842,0,0
-0.0838,0,0
-0.0834,0.00526452,0.00527433
-0.083,0,0
-0.0826,0,0
-0.0822,0,0
-0.0818,0,0
-0.0814,0,0
-0.081,0,0
-0.0806,0,0
-0.0802,0,0
-0.0798,0,0
-0.0794,0,0
-0.079,0,0
-0.0786,0,0
-0.0782,0,0
-0.0778,0,0
-0.0774,0,0
-0.077,0,0
-0.0766,0,0
-0.0762,0,0
-0.0758,0,0
-0.0754,0,0
-0.075,0,0
-0.0746,0,0
-0.0742,0,0
-0.0738,0,0
-0.0734,0.00503059,0.0050395
-0.073,0,0
-0.0726,0,0
-0.0722,0,0
-0.0718,0.00522238,0.00523197
-0.0714,0,0
-0.071,0,0
-0.0706,0,0
-0.0702,0,0
-0.0698,0,0
-0.0694,0,0
-0.069,0,0
-0.0686,0,0
-0.0682,0.00542969,0.00544001
-0.0678,0,0
-0.0674,0,0
-0.067,0,0
-0.0666,0,0
-0.0662,0,0
-0.0658,0,0
-0.0654,0,0
-0.065,0.00506467,0.00507363
-0.0646,0,0
-0.0642,0,0
-0.0638,0,0
-0.0634,0,0
-0.063,0,0
-0.0626,0,0
-0.0622,0,0
-0.0618,0.00501477,0.00502352
-0.0614,0,0
-0.061,0,0
-0.0606,0,0
-0.0602,0,0
-0.0598,0,0
-0.0594,0,0
-0.059,0,0
-0.0586,0,0
-0.0582,0,0
-0.0578,0,0
-0.0574,0,0
-0.057,0,0
-0.0566,0,0
-0.0562,0,0
-0.0558,0,0
-0.0554,0,0
-0.055,0,0
-0.0546,0,0
-0.0542,0,0
-0.0538,0,0
-0.0534,0,0
-0.053,0,0
-0.0526,0.00516624,0.00517542
-0.0522,0,0
-0.0518,0,0
-0.0514,0.0054347,0.00544485
-0.051,0.00523904,0.00524847
-0.0506,0,0
-0.0502,0.00498774,0.00499627
-0.0498,0,0
-0.0494,0,0
-0.049,0,0
-0.0486,0,0
-0.0482,0.00597671,0.00598892
-0.0478,0,0
-0.0474,0,0
-0.047,0,0
-0.0466,0,0
-0.0462,0,0
-0.0458,0,0
-0.0454,0,0
-0.045,0,0
-0.0446,0,0
-0.0442,0,0
-0.0438,0,0
-0.0434,0,0
-0.043,0,0
-0.0426,0,0
-0.0422,0.00526626,0.00527566
-0.0418,0,0
-0.0414,0,0
-0.041,0,0
-0.0406,0,0
-0.0402,0,0
-0.0398,0,0
-0.0394,0,0
-0.039,0,0
-0.0386,0,0
-0.0382,0,0
-0.0378,0,0
-0.0374,0,0
-0.037,0,0
-0.0366,0,0
-0.0362,0,0
-0.0358,0,0
-0.0354,0,0
-0.035,0.00579921,0.00581046
-0.0346,0.0101512,0.00719019
-0.0342,0,0
-0.0338,0,0
-0.0334,0,0
-0.033,0,0
-0.0326,0,0
-0.0322,0,0
-0.0318,0,0
-0.0314,0,0
-0.031,0,0
-0.0306,0.00203758,0.00340023
-0.0302,0,0
-0.0298,0,0
-0.0294,0,0
-0.029,0,0
-0.0286,0,0
-0.0282,0,0
-0.0278,0,0
-0.0274,0,0
-0.027,0.00586326,0.00587459
-0.0266,0,0
-0.0262,0,0
-0.0258,0,0
-0.0254,0,0
-0.025,0,0
-0.0246,0,0
-0.0242,0,0
-0.0238,0,0
-0.0234,0.00627262,0.0062855
-0.023,0,0
-0.0226,0,0
-0.0222,0,0
-0.0218,0,0
-0.0214,0,0
-0.021,0,0
-0.0206,0.00568187,0.00569237
-0.0202,0.00580625,0.00581721
-0.0198,0,0
-0.0194,0.00551751,0.00552739
-0.019,0,0
-0.0186,0,0
-0.0182,0,0
-0.0178,0,0
-0.0174,0,0
-0.017,0,0
-0.0166,0.00581067,0.00582156
-0.0162,0.00551374,0.00552354
-0.0158,0,0
-0.0154,0.00579335,0.00580416
-0.015,0,0
-0.0146,0.00588295,0.00589408
-0.0142,0,0
-0.0138,0,0
-0.0134,0,0
-0.013,0,0
-0.0126,0,0
-0.0122,0.0108776,0.00770506
-0.0118,0,0
-0.0114,0,0
-0.011,0.00545691,0.00546642
-0.0106,0.00561052,0.00562056
-0.0102,0,0
-0.0098,0.0058153,0.00582607
-0.0094,0.011124,0.00787982
-0.009,0,0
-0.0086,0,0
-0.0082,0,0
-0.0078,0,0
-0.0074,0,0
-0.007,0,0
-0.0066,0.00566329,0.00567345
-0.0062,0.00834066,0.00693388
-0.0058,0.00563457,0.00564462
-0.0054,0,0
-0.005,0,0
-0.0046,0,0
-0.0042,0.00562162,0.0056316
-0.0038,0.0224939,0.0112732
-0.0034,0.0173111,0.0100133
-0.003,0.0413908,0.0156782
-0.0026,0.0329093,0.0134617
-0.0022,0.0618184,0.0190667
-0.0018,0.217413,0.0366191
-0.0014,0.275566,0.0402526
-0.001,0.442289,0.0505182
-0.0006,0.524088,0.0553735
-0.0002,0.626213,0.0617422
0.0002,0.743413,0.0666751
0.0006,0.647265,0.0615148
0.001,0.513345,0.0545295
0.0014,0.400695,0.0482942
0.0018,0.342032,0.0445307
0.0022,0.155878,0.0310175
0.0026,0.142238,0.0297507
0.003,0.0930656,0.0233123
0.0034,0.0136548,0.00905431
0.0038,0.0159979,0.00922679
0.0042,0.0166419,0.00962258
0.0046,0.0240856,0.0117854
0.005,0.0521043,0.0174017
0.0054,0.0303981,0.0136203
0.0058,0.0230024,0.0115219
0.0062,0.00883187,0.00708555
0.0066,0.0173447,0.0100327
0.007,0.00569074,0.0057008
0.0074,0.00582104,0.00583156
0.0078,0.00527018,0.00527881
0.0082,0.00705755,0.00666213
0.0086,0,0
0.009,0,0
0.0094,0,0
0.0098,0,0
0.0102,0.00583952,0.00585008
0.0106,0,0
0.011,0,0
0.0114,0,0
0.0118,0,0
0.0122,0,0
0.0126,0.00584727,0.00585785
0.013,0.00591338,0.00592419
0.0134,0,0
0.0138,0,0
0.0142,0,0
0.0146,0,0
0.015,0,0
0.0154,0.00613527,0.0061469
0.0158,0,0
0.0162,0,0
0.0166,0,0
0.017,0,0
0.0174,0,0
0.0178,0,0
0.0182,0.00605539,0.00606673
0.0186,0,0
0.019,0.00593333,0.00586369
0.0194,0,0
0.0198,0,0
0.0202,0,0
0.0206,0.00601386,0.00602507
0.021,0,0
0.0214,0,0
0.0218,0,0
0.0222,0,0
0.0226,0,0
0.023,0,0
0.0234,0,0
0.0238,0,0
0.0242,0,0
0.0246,0,0
0.025,0,0
0.0254,0,0
0.0258,0,0
0.0262,0,0
0.0266,0,0
0.027,0.0064439,0.00612397
0.0274,0,0
0.0278,0,0
0.0282,0,0
0.0286,0,0
0.029,0.0059694,0.00598051
0.0294,0.00596508,0.00597618
0.0298,0.00554091,0.00555049
0.0302,0.00119011,0.00268225
0.0306,0,0
0.031,0,0
0.0314,0,0
0.0318,0,0
0.0322,0,0
0.0326,0,0
0.033,0,0
0.0334,0.00541506,0.00542424
0.0338,0.00569846,0.00570863
0.0342,0.00569623,0.0057064
0.0346,0,0
0.035,0,0
0.0354,0,0
0.0358,0,0
0.0362,0.00516048,0.00516884
0.0366,0,0
0.037,0,0
0.0374,0,0
0.0378,0,0
0.0382,0,0
0.0386,0,0
0.039,0.00592163,0.00593267
0.0394,0,0
0.0398,0,0
0.0402,0,0
0.0406,0.00141408,0.00286031
0.041,0.00576214,0.00577261
0.0414,0,0
0.0418,0,0
0.0422,0.0054559,0.0054653
0.0426,0,0
0.043,0,0
0.0434,0.00573783,0.00574824
0.0438,0,0
0.0442,0,0
0.0446,0.00595885,0.00597009
0.045,0,0
0.0454,0,0
0.0458,0,0
0.0462,0,0
0.0466,0.00190424,0.00331633
0.047,0,0
0.0474,0,0
0.0478,0,0
0.0482,0.00606863,0.00608033
0.0486,0,0
0.049,0,0
0.0494,0,0
0.0498,0,0
0.0502,0,0
0.0506,0,0
0.051,0,0
0.0514,0,0
0.0518,0,0
0.0522,0.00220535,0.00352367
0.0526,0,0
0.053,0,0
0.0534,0,0
0.0538,0,0
0.0542,0,0
0.0546,0,0
0.055,0,0
0.0554,0.00583155,0.00584245
0.0558,0,0
0.0562,0.00563827,0.00564847
0.0566,0,0
0.057,0,0
0.0574,0,0
0.0578,0,0
0.0582,0,0
0.0586,0,0
0.059,0,0
0.0594,0,0
0.0598,0,0
0.0602,0,0
0.0606,0,0
0.061,0,0
0.0614,0,0
0.0618,0,0
0.0622,0,0
0.0626,0,0
0.063,0,0
0.0634,0,0
0.0638,0,0
0.0642,0,0
0.0646,0,0
0.065,0,0
0.0654,0.0056673,0.00567774
0.0658,0,0
0.0662,0,0
0.0666,0.00545337,0.00546305
0.067,0,0
0.0674,0,0
0.0678,0,0
0.0682,0,0
0.0686,0,0
0.069,0,0
0.0694,0,0
0.0698,0,0
0.0702,0,0
0.0706,0,0
0.071,0,0
0.0714,0,0
0.0718,0,0
0.0722,0,0
0.0726,0,0
0.073,0,0
0.0734,0,0
0.0738,0,0
0.0742,0.00544045,0.00545017
0.0746,0,0
0.075,0,0
0.0754,0.00537525,0.00538475
0.0758,0,0
0.0762,0,0
0.0766,0,0
0.077,0.00511304,0.00512164
0.0774,0.00350945,0.0043563
0.0778,0,0
0.0782,0,0
0.0786,0,0
0.079,0,0
0.0794,0,0
0.0798,0,0
0.0802,0.0108116,0.00765876
0.0806,0,0
0.081,0,0
0.0814,0.00554812,0.00555828
0.0818,0,0
0.0822,0,0
0.0826,0,0
0.083,0,0
0.0834,0,0
0.0838,0,0
0.0842,0,0
0.0846,0,0
0.085,0,0
0.0854,0,0
0.0858,0.00491986,0.00492787
0.0862,0,0
0.0866,0.00535568,0.00536518
0.087,0,0
0.0874,0,0
0.0878,0,0
0.0882,0,0
0.0886,0,0
0.089,0,0
0.0894,0,0
0.0898,0,0
0.0902,0,0
0.0906,0,0
0.091,0,0
0.0914,0,0
0.0918,0.0057042,0.005715
0.0922,0,0
0.0926,0.0052207,0.00522975
0.093,0,0
0.0934,0,0
0.0938,0.00583387,0.00584517
0.0942,0,0
0.0946,0,0
0.095,0,0
0.0954,0,0
0.0958,0,0
0.0962,0,0
0.0966,0,0
0.097,0,0
0.0974,0,0
0.0978,0,0
0.0982,0,0
0.0986,0,0
0.099,0,0
0.0994,0,0
0.0998,0,0
0.1002,0.0059134,0.00592502
0.1006,0,0
0.101,0,0
0.1014,0,0
0.1018,0,0
0.1022,0.00603938,0.0060515
0.1026,0,0
0.103,0,0
0.1034,0.00632606,0.00633935
0.1038,0.00591772,0.0062076
0.1042,0,0
0.1046,0,0
0.105,0,0
0.1054,0,0
0.1058,0,0
0.1062,0,0
0.1066,0.00611378,0.00612617
0.107,0,0
0.1074,0,0
0.1078,0,0
0.1082,0,0
0.1086,0,0
0.109,0.00768252,0.00770205
0.1094,0,0
0.1098,0,0
0.1102,0,0
0.1106,0,0
0.111,0,0
0.1114,0,0
0.1118,0.00737401,0.00739195
0.1122,0,0
0.1126,0,0
0.113,0,0
0.1134,0,0
0.1138,0,0
0.1142,0,0
0.1146,0,0
0.115,0,0
0.1154,0,0
0.1158,0.00862423,0.00864862
0.1162,0,0
0.1166,0,0
0.117,0,0
0.1174,0,0
0.1178,0.00971862,0.00974947
0.1182,0,0
0.1186,0,0
0.119,0,0
0.1194,0,0
0.1198,0.00978822,0.0098194
8
-0.1198,0.00395831,0.00396579
-0.1194,0,0
-0.119,0,0
-0.1186,0,0
-0.1182,0,0
-0.1178,0,0
-0.1174,0,0
-0.117,0,0
-0.1166,0,0
-0.1162,0,0
-0.1158,0,0
-0.1154,0,0
-0.115,0,0
-0.1146,0,0
-0.1142,0,0
-0.1138,0,0
-0.1134,0.00400844,0.00401606
-0.113,0,0
-0.1126,0.00370708,0.00371359
-0.1122,0,0
-0.1118,0.00418916,0.00419747
-0.1114,0,0
-0.111,0,0
-0.1106,0,0
-0.1102,0,0
-0.1098,0,0
-0.1094,0,0
-0.109,0,0
-0.1086,0,0
-0.1082,0.00756734,0.00536079
-0.1078,0,0
-0.1074,0,0
-0.107,0,0
-0.1066,0.00359097,0.00359703
-0.1062,0.0039687,0.00397609
-0.1058,0,0
-0.1054,0.00411202,0.00411995
-0.105,0,0
-0.1046,0,0
-0.1042,0,0
-0.1038,0,0
-0.1034,0.00408263,0.00409042
-0.103,0,0
-0.1026,0,0
-0.1022,0,0
-0.1018,0,0
-0.1014,0,0
-0.101,0,0
-0.1006,0,0
-0.1002,0,0
-0.0998,0,0
-0.0994,0.00133733,0.0024207
-0.099,0,0
-0.0986,0,0
-0.0982,0,0
-0.0978,0,0
-0.0974,0.00397632,0.00398365
-0.097,0,0
-0.0966,0,0
-0.0962,0.00425808,0.00426647
-0.0958,0,0
-0.0954,0,0
-0.095,0,0
-0.0946,0,0
-0.0942,0,0
-0.0938,0.00401823,0.00402568
-0.0934,0,0
-0.093,0,0
-0.0926,0,0
-0.0922,0,0
-0.0918,0,0
-0.0914,0,0
-0.091,0,0
-0.0906,0,0
-0.0902,0,0
-0.0898,0,0
-0.0894,0,0
-0.089,0,0
-0.0886,0,0
-0.0882,0,0
-0.0878,0.00392154,0.00392858
-0.0874,0,0
-0.087,0,0
-0.0866,0,0
-0.0862,0,0
-0.0858,0,0
-0.0854,0,0
-0.085,0,0
-0.0846,0,0
-0.0842,0,0
-0.0838,0,0
-0.0834,0.00409469,0.00410233
-0.083,0,0
-0.0826,0,0
-0.0822,0,0
-0.0818,0,0
-0.0814,0,0
-0.081,0,0
-0.0806,0,0
-0.0802,0,0
-0.0798,0,0
-0.0794,0,0
-0.079,0,0
-0.0786,0,0
-0.0782,0,0
-0.0778,0,0
-0.0774,0,0
-0.077,0,0
-0.0766,0,0
-0.0762,0,0
-0.0758,0,0
-0.0754,0.00379554,0.00380205
-0.075,0,0
-0.0746,0,0
-0.0742,0,0
-0.0738,0,0
-0.0734,0,0
-0.073,0,0
-0.0726,0,0
-0.0722,0,0
-0.0718,0,0
-0.0714,0,0
-0.071,0.00425298,0.00426112
-0.0706,0,0
-0.0702,0,0
-0.0698,0,0
-0.0694,0,0
-0.069,0.00411534,0.00412296
-0.0686,0,0
-0.0682,0,0
-0.0678,0,0
-0.0674,0.00415981,0.00416758
-0.067,0,0
-0.0666,0,0
-0.0662,0,0
-0.0658,0.00407619,0.00408365
-0.0654,0,0
-0.065,0,0
-0.0646,0,0
-0.0642,0,0
-0.0638,0.0041591,0.00416686
-0.0634,0,0
-0.063,0,0
-0.0626,0,0
-0.0622,0,0
-0.0618,0,0
-0.0614,0.00389227,0.00389906
-0.061,0,0
-0.0606,0,0
-0.0602,0.00416335,0.00417112
-0.0598,0,0
-0.0594,0,0
-0.059,0,0
-0.0586,0.004123,0.00413062
-0.0582,0.00378175,0.00378815
-0.0578,0.00395091,0.0039579
-0.0574,0,0
-0.057,0,0
-0.0566,0,0
-0.0562,0,0
-0.0558,0.00772599,0.00547256
-0.0554,0,0
-0.055,0.00841805,0.00596368
-0.0546,0,0
-0.0542,0,0
-0.0538,0,0
-0.0534,0,0
-0.053,0,0
-0.0526,0,0
-0.0522,0,0
-0.0518,0.00449515,0.00450419
-0.0514,0,0
-0.051,0,0
-0.0506,0,0
-0.0502,0,0
-0.0498,0.00418002,0.00418784
-0.0494,0,0
-0.049,0.00405278,0.00406013
-0.0486,0.00833049,0.00590154
-0.0482,0,0
-0.0478,0,0
-0.0474,0,0
-0.047,0,0
-0.0466,0,0
-0.0462,0.00824669,0.00584253
-0.0458,0,0
-0.0454,0,0
-0.045,0,0
-0.0446,0,0
-0.0442,0,0
-0.0438,0,0
-0.0434,0,0
-0.043,0,0
-0.0426,0,0
-0.0422,0,0
-0.0418,0,0
-0.0414,0,0
-0.041,0,0
-0.0406,0,0
-0.0402,0,0
-0.0398,0.00827098,0.00585928
-0.0394,0,0
-0.039,0,0
-0.0386,0,0
-0.0382,0,0
-0.0378,0,0
-0.0374,0,0
-0.037,0,0
-0.0366,0.00447381,0.00448275
-0.0362,0.00447415,0.00448308
-0.0358,0,0
-0.0354,0,0
-0.035,0.00434629,0.00435472
-0.0346,0,0
-0.0342,0,0
-0.0338,0,0
-0.0334,0.00436228,0.00437077
-0.033,0,0
-0.0326,0,0
-0.0322,0.00420994,0.00421784
-0.0318,0,0
-0.0314,0,0
-0.031,0,0
-0.0306,0.00269112,0.00337138
-0.0302,0.00391701,0.00392385
-0.0298,0,0
-0.0294,0,0
-0.029,0.00414934,0.00415702
-0.0286,0,0
-0.0282,0,0
-0.0278,0,0
-0.0274,0,0
-0.027,0,0
-0.0266,0.00395788,0.00396485
-0.0262,0.00805857,0.00571287
-0.0258,0,0
-0.0254,0,0
-0.025,0.00388796,0.00389469
-0.0246,0,0
-0.0242,0,0
-0.0238,0,0
-0.0234,0,0
-0.023,0,0
-0.0226,0.00404467,0.00405195
-0.0222,0,0
-0.0218,0.00412921,0.00413679
-0.0214,0,0
-0.021,0,0
-0.0206,0,0
-0.0202,0.00381653,0.00382301
-0.0198,0.00387916,0.00388585
-0.0194,0,0
-0.019,0,0
-0.0186,0,0
-0.0182,0.00410758,0.00411507
-0.0178,0,0
-0.0174,0,0
-0.017,0,0
-0.0166,0,0
-0.0162,0,0
-0.0158,0,0
-0.0154,0,0
-0.015,0.00397432,0.00398133
-0.0146,0.00425948,0.00426754
-0.0142,0,0
-0.0138,0,0
-0.0134,0,0
-0.013,0,0
-0.0126,0.00379082,0.00379719
-0.0122,0,0
-0.0118,0,0
-0.0114,0,0
-0.011,0,0
-0.0106,0,0
-0.0102,0,0
-0.0098,0,0
-0.0094,0,0
-0.009,0,0
-0.0086,0.00731442,0.00518044
-0.0082,0,0
-0.0078,0,0
-0.0074,0.00447773,0.00448658
-0.007,0,0
-0.0066,0.0040648,0.00407209
-0.0062,0.0107918,0.0067744
-0.0058,0.00808227,0.00572522
-0.0054,0.0166095,0.00832315
-0.005,0.0167436,0.00838729
-0.0046,0.0199223,0.00892814
-0.0042,0.0242544,0.00984572
-0.0038,0.0155695,0.00779813
-0.0034,0.0204306,0.00915371
-0.003,0.0483418,0.0144034
-0.0026,0.0776517,0.0176702
-0.0022,0.164728,0.0263076
-0.0018,0.254582,0.0334252
-0.0014,0.349936,0.0383267
-0.001,0.465994,0.0438059
-0.0006,0.544034,0.0476756
-0.0002,0.71845,0.0558485
0.0002,0.692194,0.0543334
0.0006,0.487274,0.0450538
0.001,0.362637,0.0386917
0.0014,0.325945,0.0367628
0.0018,0.212969,0.0296773
0.0022,0.117466,0.0227894
0.0026,0.131275,0.0243775
0.003,0.0824387,0.0184693
0.0034,0.0630932,0.0162779
0.0038,0.0207885,0.00888549
0.0042,0.0151455,0.00767329
0.0046,0.0235872,0.00980484
0.005,0.0166619,0.00834622
0.0054,0.0127125,0.00735578
0.0058,0.0121138,0.00700712
0.0062,0.0179907,0.00855522
0.0066,0.0123041,0.00711703
0.007,0.0220069,0.00942967
0.0074,0,0
0.0078,0.00373638,0.00374249
0.0082,0.0115507,0.00682762
0.0086,0.0178072,0.00892196
0.009,0,0
0.0094,0.00437626,0.00438463
0.0098,0,0
0.0102,0.00853702,0.00604786
0.0106,0,0
0.011,0.00367483,0.00384165
0.0114,0,0
0.0118,0,0
0.0122,0,0
0.0126,0,0
0.013,0.00418926,0.00419692
0.0134,0,0
0.0138,0,0
0.0142,0,0
0.0146,0,0
0.015,0,0
0.0154,0,0
0.0158,0.00435041,0.00435866
0.0162,0.00406938,0.00407659
0.0166,0.00432226,0.0043304
0.017,0,0
0.0174,0,0
0.0178,0,0
0.0182,0.00390652,0.00391316
0.0186,0,0
0.019,0,0
0.0194,0,0
0.0198,0.00803044,0.0056883
0.0202,0,0
0.0206,0,0
0.021,0.00402368,0.00403072
0.0214,0,0
0.0218,0,0
0.0222,0,0
0.0226,0,0
0.023,0,0
0.0234,0,0
0.0238,0.000577582,0.00160475
0.0242,0,0
0.0246,0.00906752,0.00642433
0.025,0,0
0.0254,0.00440022,0.00440861
0.0258,0.00451081,0.00451963
0.0262,0.00388763,0.00389418
0.0266,0,0
0.027,0,0
0.0274,0,0
0.0278,0,0
0.0282,0,0
0.0286,0,0
0.029,0,0
0.0294,0,0
0.0298,0,0
0.0302,0,0
0.0306,0,0
0.031,0,0
0.0314,0,0
0.0318,0,0
0.0322,0.00115282,0.0022298
0.0326,0,0
0.033,0,0
0.0334,0,0
0.0338,0,0
0.0342,0,0
0.0346,0,0
0.035,0.00412414,0.00413148
0.0354,0,0
0.0358,0,0
0.0362,0,0
0.0366,0.00583608,0.00515672
0.037,0,0
0.0374,0,0
0.0378,0.00408823,0.00409544
0.0382,0,0
0.0386,0,0
0.039,0,0
0.0394,0.00439721,0.00440553
0.0398,0.00879637,0.00623176
0.0402,0,0
0.0406,0,0
0.041,0,0
0.0414,0,0
0.0418,0,0
0.0422,0,0
0.0426,0,0
0.043,0,0
0.0434,0.00413204,0.00413938
0.0438,0,0
0.0442,0,0
0.0446,0,0
0.045,0,0
0.0454,0,0
0.0458,0,0
0.0462,0.00425224,0.00426
0.0466,0,0
0.047,0,0
0.0474,0,0
0.0478,0,0
0.0482,0,0
0.0486,0,0
0.049,0,0
0.0494,0,0
0.0498,0,0
0.0502,0,0
0.0506,0,0
0.051,0,0
0.0514,0,0
0.0518,0,0
0.0522,0.00419038,0.00419789
0.0526,0,0
0.053,0,0
0.0534,0,0
0.0538,0,0
0.0542,0,0
0.0546,0,0
0.055,0,0
0.0554,0,0
0.0558,0,0
0.0562,0,0
0.0566,0.00413008,0.00413734
0.057,0,0
0.0574,0,0
0.0578,0,0
0.0582,0.00789339,0.00589963
0.0586,0.0043452,0.00435321
0.059,0.00116202,0.00217074
0.0594,0,0
0.0598,0,0
0.0602,0,0
0.0606,0,0
0.061,0,0
0.0614,0,0
0.0618,0,0
0.0622,0.0122563,0.00708872
0.0626,0,0
0.063,0,0
0.0634,0,0
0.0638,0.00420966,0.00421713
0.0642,0,0
0.0646,0,0
0.065,0.00428679,0.00429452
0.0654,0,0
0.0658,0,0
0.0662,0,0
0.0666,0.00261401,0.00335845
0.067,0,0
0.0674,0,0
0.0678,0.00416146,0.00416872
0.0682,0,0
0.0686,0,0
0.069,0,0
0.0694,0,0
0.0698,0,0
0.0702,0.00403669,0.0040435
0.0706,0,0
0.071,0,0
0.0714,0,0
0.0718,0.00443257,0.00444076
0.0722,0,0
0.0726,0,0
0.073,0,0
0.0734,0,0
0.0738,0,0
0.0742,0,0
0.0746,0,0
0.075,0,0
0.0754,0,0
0.0758,0,0
0.0762,0,0
0.0766,0,0
0.077,0,0
0.0774,0,0
0.0778,0,0
0.0782,0,0
0.0786,0.00394512,0.00395155
0.079,0,0
0.0794,0,0
0.0798,0.00464152,0.0046504
0.0802,0,0
0.0806,0,0
0.081,0,0
0.0814,0.00444853,0.00445668
0.0818,0.0131252,0.00759147
0.0822,0.004225,0.00423234
0.0826,0.00107135,0.00213173
0.083,0,0
0.0834,0,0
0.0838,0.0041193,0.00412627
0.0842,0.00404556,0.00405228
0.0846,0,0
0.085,0,0
0.0854,0,0
0.0858,0.00397333,0.0039798
0.0862,0,0
0.0866,0.00459243,0.00460106
0.087,0,0
0.0874,0,0
0.0878,0,0
0.0882,0,0
0.0886,0,0
0.089,0,0
0.0894,0,0
0.0898,0,0
0.0902,0,0
0.0906,0,0
0.091,0,0
0.0914,0,0
0.0918,0,0
0.0922,0.00425925,0.00426663
0.0926,0,0
0.093,0,0
0.0934,0,0
0.0938,0,0
0.0942,0,0
0.0946,0,0
0.095,0,0
0.0954,0.00462479,0.00463346
0.0958,0,0
0.0962,0,0
0.0966,0,0
0.097,0,0
0.0974,0,0
0.0978,0.00540378,0.00541559
0.0982,0.00488741,0.00489707
0.0986,0,0
0.099,0,0
0.0994,0,0
0.0998,0.00492019,0.00492997
0.1002,0.00492114,0.00493092
0.1006,0,0
0.101,0,0
0.1014,0.00472799,0.00473702
0.1018,0,0
0.1022,0,0
0.1026,0,0
0.103,0,0
0.1034,0.00183214,0.00309513
0.1038,0,0
0.1042,0,0
0.1046,0,0
0.105,0,0
0.1054,0,0
0.1058,0,0
0.1062,0.00535215,0.00536369
0.1066,0,0
0.107,0,0
0.1074,0,0
0.1078,0,0
0.1082,0.00588177,0.0058957
0.1086,0,0
0.109,0.0122889,0.00871437
0.1094,0,0
0.1098,0,0
0.1102,0.00599059,0.00600504
0.1106,0,0
0.111,0,0
0.1114,0,0
0.1118,0,0
0.1122,0,0
0.1126,0,0
0.113,0.00662862,0.00664631
0.1134,0,0
0.1138,0,0
0.1142,0,0
0.1146,0,0
0.115,0,0
0.1154,0,0
0.1158,0,0
0.1162,0,0
0.1166,0,0
0.117,0,0
0.1174,0,0
0.1178,0,0
0.1182,0,0
0.1186,0,0
0.119,0,0
0.1194,0,0
0.1198,0,0
9
-0.1198,0,0
-0.1194,0,0
-0.119,0,0
-0.1186,0,0
-0.1182,0,0
-0.1178,0,0
-0.1174,0,0
-0.117,0.0042511,0.00425999
-0.1166,0,0
-0.1162,0,0
-0.1158,0,0
-0.1154,0,0
-0.115,0,0
-0.1146,0,0
-0.1142,0,0
-0.1138,0,0
-0.1134,0,0
-0.113,0,0
-0.1126,0,0
-0.1122,0,0
-0.1118,0,0
-0.1114,0,0
-0.111,0,0
-0.1106,0,0
-0.1102,0,0
-0.1098,0.00375923,0.00376626
-0.1094,0,0
-0.109,0,0
-0.1086,0,0
-0.1082,0,0
-0.1078,0,0
-0.1074,0,0
-0.107,0,0
-0.1066,0,0
-0.1062,0,0
-0.1058,0,0
-0.1054,0,0
-0.105,0,0
-0.1046,0,0
-0.1042,0,0
-0.1038,0,0
-0.1034,0,0
-0.103,0,0
-0.1026,0,0
-0.1022,0,0
-0.1018,0.00412285,0.00413141
-0.1014,0.00397371,0.00398167
-0.101,0,0
-0.1006,0.00406355,0.00407189
-0.1002,0,0
-0.0998,0,0
-0.0994,0.00645109,0.00497165
-0.099,0,0
-0.0986,0,0
-0.0982,0,0
-0.0978,0,0
-0.0974,0,0
-0.097,0,0
-0.0966,0,0
-0.0962,0,0
-0.0958,0,0
-0.0954,0,0
-0.095,0,0
-0.0946,0,0
-0.0942,0,0
-0.0938,0,0
-0.0934,0,0
-0.093,0,0
-0.0926,0,0
-0.0922,0,0
-0.0918,0.00338152,0.00338737
-0.0914,0,0
-0.091,0.00391814,0.00392599
-0.0906,0,0
-0.0902,0,0
-0.0898,0,0
-0.0894,0.00379819,0.00380559
-0.089,0.00356271,0.00356922
-0.0886,0,0
-0.0882,0,0
-0.0878,0,0
-0.0874,0,0
-0.087,0,0
-0.0866,0,0
-0.0862,0,0
-0.0858,0,0
-0.0854,0,0
-0.085,0,0
-0.0846,0,0
-0.0842,0.00364887,0.00365573
-0.0838,0.00361592,0.00362266
-0.0834,0,0
-0.083,0,0
-0.0826,0,0
-0.0822,0,0
-0.0818,0,0
-0.0814,0,0
-0.081,0,0
-0.0806,0,0
-0.0802,0.00311626,0.00312129
-0.0798,0,0
-0.0794,0,0
-0.079,0,0
-0.0786,0,0
-0.0782,0,0
-0.0778,0,0
-0.0774,0,0
-0.077,0,0
-0.0766,0.00375458,0.0037619
-0.0762,0,0
-0.0758,0.00376309,0.00377045
-0.0754,0,0
-0.075,0,0
-0.0746,0,0
-0.0742,0,0
-0.0738,0,0
-0.0734,0,0
-0.073,0.0072505,0.00513667
-0.0726,0,0
-0.0722,0,0
-0.0718,0,0
-0.0714,0,0
-0.071,0,0
-0.0706,0,0
-0.0702,0,0
-0.0698,0,0
-0.0694,0.00343903,0.00344522
-0.069,0,0
-0.0686,0,0
-0.0682,0,0
-0.0678,0,0
-0.0674,0.00356549,0.00357215
-0.067,0,0
-0.0666,0,0
-0.0662,0.00363548,0.00364242
-0.0658,0.00381169,0.00381931
-0.0654,0,0
-0.065,0.00339102,0.00339706
-0.0646,0.00352261,0.00352913
-0.0642,0,0
-0.0638,0,0
-0.0634,0,0
-0.063,0.00318157,0.00318689
-0.0626,0,0
-0.0622,0,0
-0.0618,0,0
-0.0614,0,0
-0.061,0,0
-0.0606,0,0
-0.0602,0.00340998,0.00341611
-0.0598,0,0
-0.0594,0.00360525,0.0036121
-0.059,0.0034998,0.00350626
-0.0586,0,0
-0.0582,0,0
-0.0578,0,0
-0.0574,0,0
-0.057,0,0
-0.0566,0,0
-0.0562,0.00376517,0.00377266
-0.0558,0,0
-0.0554,0.0032695,0.00327515
-0.055,0,0
-0.0546,0.00696174,0.00493314
-0.0542,0,0
-0.0538,0,0
-0.0534,0,0
-0.053,0,0
-0.0526,0,0
-0.0522,0,0
-0.0518,0.00339091,0.003397
-0.0514,0,0
-0.051,0,0
-0.0506,0,0
-0.0502,0,0
-0.0498,0.00348591,0.00349236
-0.0494,0.00352468,0.00353127
-0.049,0,0
-0.0486,0,0
-0.0482,0.00768799,0.00544734
-0.0478,0,0
-0.0474,0,0
-0.047,0,0
-0.0466,0.00342399,0.00343023
-0.0462,0,0
-0.0458,0,0
-0.0454,0,0
-0.045,0.00330529,0.00331111
-0.0446,0,0
-0.0442,0,0
-0.0438,0.00339644,0.00340259
-0.0434,0.00366598,0.00367314
-0.043,0,0
-0.0426,0.00384056,0.00384843
-0.0422,0,0
-0.0418,0,0
-0.0414,0,0
-0.041,0.00706595,0.00500583
-0.0406,0.00343531,0.00344162
-0.0402,0,0
-0.0398,0,0
-0.0394,0,0
-0.039,0.00351331,0.00351993
-0.0386,0.0034238,0.00343009
-0.0382,0,0
-0.0378,0,0
-0.0374,0.00364847,0.00365562
-0.037,0.00307448,0.00307956
-0.0366,0.00343287,0.0034392
-0.0362,0.0037158,0.00372322
-0.0358,0,0
-0.0354,0,0
-0.035,0,0
-0.0346,0.00315059,0.00315594
-0.0342,0.0032604,0.00326612
-0.0338,0,0
-0.0334,0.00721864,0.00511429
-0.033,0,0
-0.0326,0,0
-0.0322,0,0
-0.0318,0.00355572,0.00356254
-0.0314,0,0
-0.031,0,0
-0.0306,0,0
-0.0302,0.00322652,0.00323215
-0.0298,0,0
-0.0294,0,0
-0.029,0.00310263,0.00310784
-0.0286,0.00636617,0.00450933
-0.0282,0.00320683,0.00321241
-0.0278,0.00351085,0.00351754
-0.0274,0.00355935,0.00356623
-0.027,0,0
-0.0266,0,0
-0.0262,0.00317147,0.00317694
-0.0258,0.00342711,0.0034335
-0.0254,0.00698357,0.00494751
-0.025,0.00635748,0.0045032
-0.0246,0.00381011,0.00381801
-0.0242,0,0
-0.0238,0,0
-0.0234,0,0
-0.023,0,0
-0.0226,0,0
-0.0222,0.00329369,0.00329962
-0.0218,0,0
-0.0214,0,0
-0.021,0,0
-0.0206,0,0
-0.0202,0.00309772,0.00310298
-0.0198,0.00309618,0.00310143
-0.0194,0.00641143,0.00454236
-0.019,0.0120249,0.00602241
-0.0186,0.00336139,0.00336759
-0.0182,0.00335785,0.00336404
-0.0178,0.00321649,0.00322218
-0.0174,0.00662809,0.00469659
-0.017,0,0
-0.0166,0,0
-0.0162,0.00322863,0.00323437
-0.0158,0,0
-0.0154,0.00660815,0.00468253
-0.015,0,0
-0.0146,0.00319727,0.00320291
-0.0142,0.00312707,0.00313247
-0.0138,0.00331701,0.00332308
-0.0134,0,0
-0.013,0.009571,0.0055372
-0.0126,0,0
-0.0122,0.00628593,0.00445256
-0.0118,0.00954962,0.00552321
-0.0114,0,0
-0.011,0,0
-0.0106,0,0
-0.0102,0,0
-0.0098,0,0
-0.0094,0,0
-0.009,0,0
-0.0086,0.0122848,0.00616181
-0.0082,0.0162435,0.00728799
-0.0078,0.00693397,0.00491398
-0.0074,0.0213744,0.00874355
-0.007,0.0142883,0.00715846
-0.0066,0.00643212,0.00455636
-0.0062,0.0266608,0.00944448
-0.0058,0.0127691,0.00639597
-0.0054,0.0158185,0.00708921
-0.005,0.0198339,0.00811219
-0.0046,0.0217014,0.00821665
-0.0042,0.0219018,0.0083476
-0.0038,0.0187966,0.00769103
-0.0034,0.0355466,0.0107379
-0.003,0.0620005,0.0143728
-0.0026,0.0818244,0.0159026
-0.0022,0.113245,0.0194658
-0.0018,0.212198,0.0269596
-0.0014,0.400472,0.0362909
-0.001,0.573834,0.0430497
-0.0006,0.779085,0.0504763
-0.0002,0.813827,0.0525975
0.0002,0.900661,0.0548189
0.0006,0.59749,0.0441007
0.001,0.365258,0.0343012
0.0014,0.257692,0.0288705
0.0018,0.103042,0.0182326
0.0022,0.0868323,0.0174651
0.0026,0.113045,0.0197958
0.003,0.0321308,0.0101802
0.0034,0.0346363,0.0106526
0.0038,0.0221249,0.00808871
0.0042,0.0346513,0.0104278
0.0046,0.00953978,0.0055177
0.005,0.00636756,0.00451116
0.0054,0.00992172,0.00573982
0.0058,0.00948648,0.00548683
0.0062,0.0157233,0.00704589
0.0066,0.034505,0.0104227
0.007,0.0172327,0.00733835
0.0074,0.012762,0.00639256
0.0078,0.0202043,0.00764907
0.0082,0.0158847,0.00712406
0.0086,0.00669509,0.00474313
0.009,0.0122953,0.00616651
0.0094,0.00337285,0.0033793
0.0098,0,0
0.0102,0,0
0.0106,0,0
0.011,0.0126756,0.00628538
0.0114,0,0
0.0118,0,0
0.0122,0.00661474,0.00468613
0.0126,0,0
0.013,0,0
0.0134,0,0
0.0138,0.00306921,0.00307458
0.0142,0,0
0.0146,0,0
0.015,0,0
0.0154,0,0
0.0158,0.00313222,0.00313782
0.0162,0,0
0.0166,0,0
0.017,0,0
0.0174,0.00304696,0.00305226
0.0178,0,0
0.0182,0.00327635,0.00328248
0.0186,0.00312489,0.00313048
0.019,0.00315934,0.00316505
0.0194,0.0065309,0.00462667
0.0198,0,0
0.0202,0.00302143,0.00302665
0.0206,0,0
0.021,0,0
0.0214,0.00322179,0.00322773
0.0218,0,0
0.0222,0.00651203,0.0046133
0.0226,0.00305914,0.0030645
0.023,0,0
0.0234,0,0
0.0238,0.00292271,0.00313959
0.0242,0,0
0.0246,0,0
0.025,0.00316699,0.00317275
0.0254,0.0064885,0.00459796
0.0258,0.0033213,0.00332764
0.0262,0,0
0.0266,0.00302775,0.00303302
0.027,0,0
0.0274,0,0
0.0278,0,0
0.0282,0,0
0.0286,0,0
0.029,0,0
0.0294,0,0
0.0298,0.00600089,0.00425061
0.0302,0.00326169,0.00326782
0.0306,0,0
0.031,0.00297446,0.00297956
0.0314,0,0
0.0318,0,0
0.0322,0.00235615,0.00275955
0.0326,0,0
0.033,0,0
0.0334,0,0
0.0338,0,0
0.0342,0.00313821,0.00314389
0.0346,0,0
0.035,0,0
0.0354,0.00309933,0.00310488
0.0358,0.00619737,0.00439005
0.0362,0,0
0.0366,0.00241784,0.00286672
0.037,0,0
0.0374,0.00609345,0.00431632
0.0378,0.00968969,0.00560732
0.0382,0.00673093,0.00476876
0.0386,0.00316215,0.00316793
0.039,0.00321856,0.00322455
0.0394,0,0
0.0398,0.00332807,0.00333449
0.0402,0.00306611,0.00307155
0.0406,0.00313592,0.00314162
0.041,0.00313526,0.00314095
0.0414,0,0
0.0418,0,0
0.0422,0,0
0.0426,0,0
0.043,0.00320291,0.00320886
0.0434,0.00312671,0.00313238
0.0438,0.0031261,0.00313177
0.0442,0.00321736,0.00322336
0.0446,0,0
0.045,0,0
0.0454,0.00315144,0.0031572
0.0458,0,0
0.0462,0,0
0.0466,0,0
0.047,0.00642103,0.00454882
0.0474,0.00312025,0.0031259
0.0478,0,0
0.0482,0,0
0.0486,0.00628012,0.00444882
0.049,0.0059404,0.00420775
0.0494,0,0
0.0498,0.00325414,0.0032603
0.0502,0,0
0.0506,0.00308279,0.00308832
0.051,0.00301112,0.0030164
0.0514,0.00303596,0.00304132
0.0518,0.00628609,0.00445308
0.0522,0.003074,0.0030795
0.0526,0,0
0.053,0,0
0.0534,0.00300956,0.00301484
0.0538,0,0
0.0542,0,0
0.0546,0.00313292,0.00313864
0.055,0,0
0.0554,0.00320074,0.00320672
0.0558,0,0
0.0562,0.00320904,0.00321506
0.0566,0.00601285,0.0042592
0.057,0.00601093,0.00425784
0.0574,0,0
0.0578,0.00315657,0.0031624
0.0582,0.000656255,0.00145969
0.0586,0,0
0.059,0.00208612,0.00247572
0.0594,0.00291179,0.00291675
0.0598,0.00318201,0.00318794
0.0602,0.00303361,0.003039
0.0606,0.00653046,0.00462799
0.061,0.00318378,0.00318972
0.0614,0,0
0.0618,0,0
0.0622,0,0
0.0626,0.0028872,0.0028921
0.063,0,0
0.0634,0.00301942,0.00302478
0.0638,0.00922201,0.0053344
0.0642,0,0
0.0646,0,0
0.065,0.00315322,0.00315907
0.0654,0,0
0.0658,0.00312409,0.00312984
0.0662,0.00306343,0.00306896
0.0666,0.0012004,0.00192073
0.067,0.00300766,0.003013
0.0674,0.0030822,0.0030878
0.0678,0.00886596,0.0051277
0.0682,0,0
0.0686,0.00316045,0.00316634
0.069,0,0
0.0694,0.00286772,0.00287258
0.0698,0.00286647,0.00287133
0.0702,0,0
0.0706,0.00308892,0.00309456
0.071,0.00302774,0.00303316
0.0714,0,0
0.0718,0,0
0.0722,0,0
0.0726,0.00307894,0.00308456
0.073,0,0
0.0734,0,0
0.0738,0,0
0.0742,0.00308891,0.00309457
0.0746,0,0
0.075,0.00594231,0.00420927
0.0754,0.00299992,0.00300527
0.0758,0,0
0.0762,0.00298927,0.00299459
0.0766,0.0031607,0.00316665
0.077,0,0
0.0774,0,0
0.0778,0,0
0.0782,0.0059699,0.00422888
0.0786,0,0
0.079,0,0
0.0794,0,0
0.0798,0.00961059,0.00555931
0.0802,0.00296242,0.00296767
0.0806,0.00300094,0.00300633
0.081,0,0
0.0814,0,0
0.0818,0,0
0.0822,0,0
0.0826,0.00216403,0.00250894
0.083,0,0
0.0834,0.00281847,0.00282324
0.0838,0,0
0.0842,0.00276428,0.00276887
0.0846,0,0
0.085,0,0
0.0854,0.00288723,0.00289225
0.0858,0,0
0.0862,0,0
0.0866,0.00294389,0.00294911
0.087,0,0
0.0874,0,0
0.0878,0.00294949,0.00295473
0.0882,0,0
0.0886,0,0
0.089,0,0
0.0894,0,0
0.0898,0.00584649,0.00414139
0.0902,0.00283002,0.00283486
0.0906,0.00282914,0.00283398
0.091,0.00289476,0.00289983
0.0914,0.00265871,0.00289019
0.0918,0.00312908,0.003135
0.0922,0,0
0.0926,0.00326069,0.00326712
0.093,0.00325987,0.00326629
0.0934,0,0
0.0938,0.00319362,0.00319979
0.0942,0.0032218,0.00322808
0.0946,0.00323549,0.00324183
0.095,0.00309517,0.00310097
0.0954,0,0
0.0958,0,0
0.0962,0,0
0.0966,0,0
0.097,0.00326512,0.00327158
0.0974,0,0
0.0978,0.00686786,0.00487262
0.0982,0.00335896,0.0033658
0.0986,0.00335881,0.00336565
0.099,0.00317005,0.00317614
0.0994,0,0
0.0998,0.00327938,0.0032859
0.1002,0.00648034,0.0045913
0.1006,0,0
0.101,0,0
0.1014,0.00629762,0.0044616
0.1018,0,0
0.1022,0.00715981,0.00508844
0.1026,0,0
0.103,0,0
0.1034,0.00224503,0.00279448
0.1038,0,0
0.1042,0,0
0.1046,0.00352746,0.003535
0.105,0.00329435,0.00330093
0.1054,0.00354565,0.00355328
0.1058,0.0035137,0.00352118
0.1062,0.00711173,0.0050396
0.1066,0,0
0.107,0.0069953,0.00495693
0.1074,0,0
0.1078,0,0
0.1082,0,0
0.1086,0,0
0.109,0,0
0.1094,0,0
0.1098,0.00728757,0.00516451
0.1102,0.00397391,0.00398349
0.1106,0,0
0.111,0,0
0.1114,0.00378378,0.00379248
0.1118,0,0
0.1122,0,0
0.1126,0.00912051,0.00647134
0.113,0,0
0.1134,0.00401715,0.00402695
0.1138,0.00408359,0.00409372
0.1142,0.00913237,0.00647547
0.1146,0,0
0.115,0.00944513,0.00669792
0.1154,0.00473786,0.00475149
0.1158,0,0
0.1162,0,0
0.1166,0,0
0.117,0.00467637,0.00468966
0.1174,0.00445174,0.00446378
0.1178,0,0
0.1182,0.00511743,0.00513334
0.1186,0.0103158,0.00731726
0.119,0.00491221,0.00492688
0.1194,0.00491187,0.00492653
0.1198,0,0
