# X , Y , E Distribution=true
1
-0.1198,0,0
-0.1194,0,0
-0.119,0,0
-0.1186,0,0
-0.1182,0,0
-0.1178,0,0
-0.1174,0,0
-0.117,0,0
-0.1166,0,0
-0.1162,0,0
-0.1158,0,0
-0.1154,0,0
-0.115,0,0
-0.1146,0,0
-0.1142,0,0
-0.1138,0,0
-0.1134,0,0
-0.113,0,0
-0.1126,0,0
-0.1122,0,0
-0.1118,0,0
-0.1114,0,0
-0.111,0,0
-0.1106,0,0
-0.1102,0,0
-0.1098,0,0
-0.1094,0,0
-0.109,0,0
-0.1086,0,0
-0.1082,0,0
-0.1078,0,0
-0.1074,0,0
-0.107,0,0
-0.1066,0,0
-0.1062,0,0
-0.1058,0,0
-0.1054,0,0
-0.105,0,0
-0.1046,0,0
-0.1042,0,0
-0.1038,0,0
-0.1034,0,0
-0.103,0,0
-0.1026,0,0
-0.1022,0,0
-0.1018,0,0
-0.1014,0,0
-0.101,0,0
-0.1006,0,0
-0.1002,0,0
-0.0998,0,0
-0.0994,0,0
-0.099,0,0
-0.0986,0,0
-0.0982,0,0
-0.0978,0,0
-0.0974,0,0
-0.097,0,0
-0.0966,0,0
-0.0962,0,0
-0.0958,0,0
-0.0954,0,0
-0.095,0,0
-0.0946,0,0
-0.0942,0,0
-0.0938,0,0
-0.0934,0,0
-0.093,0,0
-0.0926,0,0
-0.0922,0,0
-0.0918,0,0
-0.0914,0,0
-0.091,0,0
-0.0906,0,0
-0.0902,0,0
-0.0898,0,0
-0.0894,0,0
-0.089,0,0
-0.0886,0,0
-0.0882,0.012824,0.0128483
-0.0878,0,0
-0.0874,0,0
-0.087,0,0
-0.0866,0,0
-0.0862,0,0
-0.0858,0,0
-0.0854,0,0
-0.085,0,0
-0.0846,0,0
-0.0842,0,0
-0.0838,0,0
-0.0834,0,0
-0.083,0,0
-0.0826,0,0
-0.0822,0,0
-0.0818,0,0
-0.0814,0,0
-0.081,0.0130162,0.0130412
-0.0806,0,0
-0.0802,0,0
-0.0798,0,0
-0.0794,0,0
-0.079,0,0
-0.0786,0.00629543,0.00923666
-0.0782,0,0
-0.0778,0,0
-0.0774,0,0
-0.077,0,0
-0.0766,0,0
-0.0762,0.013508,0.0135348
-0.0758,0,0
-0.0754,0,0
-0.075,0,0
-0.0746,0,0
-0.0742,0,0
-0.0738,0,0
-0.0734,0,0
-0.073,0.0118413,0.0118619
-0.0726,0,0
-0.0722,0,0
-0.0718,0,0
-0.0714,0,0
-0.071,0,0
-0.0706,0,0
-0.0702,0,0
-0.0698,0,0
-0.0694,0,0
-0.069,0,0
-0.0686,0.0123613,0.0123837
-0.0682,0,0
-0.0678,0,0
-0.0674,0,0
-0.067,0,0
-0.0666,0,0
-0.0662,0,0
-0.0658,0,0
-0.0654,0,0
-0.065,0,0
-0.0646,0,0
-0.0642,0,0
-0.0638,0,0
-0.0634,0,0
-0.063,0,0
-0.0626,0,0
-0.0622,0,0
-0.0618,0,0
-0.0614,0,0
-0.061,0,0
-0.0606,0,0
-0.0602,0.0132507,0.0132763
-0.0598,0,0
-0.0594,0,0
-0.059,0,0
-0.0586,0,0
-0.0582,0.0129394,0.0129639
-0.0578,0,0
-0.0574,0,0
-0.057,0.0131302,0.0131553
-0.0566,0,0
-0.0562,0.0133154,0.0133413
-0.0558,0,0
-0.0554,0,0
-0.055,0,0
-0.0546,0.00378239,0.00701798
-0.0542,0,0
-0.0538,0,0
-0.0534,0,0
-0.053,0.0126761,0.0126995
-0.0526,0.0129046,0.0129289
-0.0522,0,0
-0.0518,0,0
-0.0514,0,0
-0.051,0,0
-0.0506,0,0
-0.0502,0,0
-0.0498,0,0
-0.0494,0.0130388,0.0130635
-0.049,0,0
-0.0486,0.00752434,0.00979023
-0.0482,0,0
-0.0478,0,0
-0.0474,0,0
-0.047,0,0
-0.0466,0,0
-0.0462,0,0
-0.0458,0,0
-0.0454,0.0122845,0.0123064
-0.045,0,0
-0.0446,0,0
-0.0442,0,0
-0.0438,0.000384862,0.00231958
-0.0434,0,0
-0.043,0,0
-0.0426,0,0
-0.0422,0,0
-0.0418,0,0
-0.0414,0.0135554,0.013582
-0.041,0,0
-0.0406,0,0
-0.0402,0,0
-0.0398,0,0
-0.0394,0,0
-0.039,0,0
-0.0386,0,0
-0.0382,0,0
-0.0378,0.013579,0.0136056
-0.0374,0,0
-0.037,0,0
-0.0366,0,0
-0.0362,0.01238,0.0124022
-0.0358,0,0
-0.0354,0,0
-0.035,0,0
-0.0346,0,0
-0.0342,0,0
-0.0338,0.00368073,0.00687121
-0.0334,0.0126052,0.0126281
-0.033,0,0
-0.0326,0,0
-0.0322,0,0
-0.0318,0,0
-0.0314,0,0
-0.031,0,0
-0.0306,0,0
-0.0302,0,0
-0.0298,0,0
-0.0294,0.0122907,0.0123124
-0.029,0,0
-0.0286,0,0
-0.0282,0.0126739,0.012697
-0.0278,0,0
-0.0274,0,0
-0.027,0,0
-0.0266,0.0126246,0.0126475
-0.0262,0,0
-0.0258,0.011823,0.0118431
-0.0254,0,0
-0.025,0,0
-0.0246,0,0
-0.0242,0,0
-0.0238,0.0237014,0.016788
-0.0234,0,0
-0.023,0,0
-0.0226,0,0
-0.0222,0,0
-0.0218,0,0
-0.0214,0.0136992,0.0137261
-0.021,0,0
-0.0206,0,0
-0.0202,0,0
-0.0198,0,0
-0.0194,0.0140433,0.0140715
-0.019,0,0
-0.0186,0,0
-0.0182,0,0
-0.0178,0,0
-0.0174,0,0
-0.017,0,0
-0.0166,0.0133031,0.0133285
-0.0162,0,0
-0.0158,0,0
-0.0154,0,0
-0.015,0,0
-0.0146,0,0
-0.0142,0,0
-0.0138,0.0200305,0.0161792
-0.0134,0,0
-0.013,0.0113746,0.011393
-0.0126,0,0
-0.0122,0.0097392,0.0117902
-0.0118,0,0
-0.0114,0.0128723,0.0128959
-0.011,0,0
-0.0106,0,0
-0.0102,0.0256406,0.0181639
-0.0098,0.012834,0.0128575
-0.0094,0,0
-0.009,0.012986,0.0130101
-0.0086,0,0
-0.0082,0,0
-0.0078,0.0120675,0.0120883
-0.0074,0,0
-0.007,0.0124783,0.0125004
-0.0066,0,0
-0.0062,0.0216499,0.0164889
-0.0058,0.0266192,0.0188635
-0.0054,0.0130051,0.0130292
-0.005,0.0611408,0.0279782
-0.0046,0.0471237,0.0236158
-0.0042,0.0978442,0.0347603
-0.0038,0.0616625,0.0281524
-0.0034,0.117032,0.039025
-0.003,0.267197,0.0579873
-0.0026,0.516089,0.0805989
-0.0022,0.990744,0.115911
-0.0018,1.50479,0.136718
-0.0014,2.75228,0.184336
-0.001,4.61915,0.244857
-0.0006,5.174,0.255293
-0.0002,5.24076,0.260589
0.0002,5.17253,0.258896
0.0006,4.28597,0.232846
0.001,2.41633,0.174924
0.0014,1.63131,0.147837
0.0018,0.479673,0.0797624
0.0022,0.262707,0.0588014
0.0026,0.0902469,0.034195
0.003,0.0368151,0.0212938
0.0034,0.0118968,0.0119169
0.0038,0.0126076,0.0126302
0.0042,0.0260976,0.018488
0.0046,0.0247311,0.0175183
0.005,0,0
0.0054,0,0
0.0058,0,0
0.0062,0,0
0.0066,0.015983,0.0141349
0.007,0,0
0.0074,0.0132933,0.0133183
0.0078,0,0
0.0082,0,0
0.0086,0,0
0.009,0,0
0.0094,0,0
0.0098,0.0138225,0.0138495
0.0102,0,0
0.0106,0.000759533,0.00319269
0.011,0,0
0.0114,0,0
0.0118,0,0
0.0122,0,0
0.0126,0,0
0.013,0,0
0.0134,0,0
0.0138,0,0
0.0142,0.0131944,0.0132189
0.0146,0.0138354,0.0138623
0.015,0,0
0.0154,0,0
0.0158,0,0
0.0162,0.0106948,0.0113055
0.0166,0.0125645,0.0125868
0.017,0,0
0.0174,0,0
0.0178,0,0
0.0182,0,0
0.0186,0,0
0.019,0,0
0.0194,0,0
0.0198,0,0
0.0202,0,0
0.0206,0,0
0.021,0.00389325,0.00722473
0.0214,0,0
0.0218,0,0
0.0222,0,0
0.0226,0,0
0.023,0,0
0.0234,0,0
0.0238,0,0
0.0242,0,0
0.0246,0,0
0.025,0,0
0.0254,0,0
0.0258,0,0
0.0262,0,0
0.0266,0,0
0.027,0,0
0.0274,0,0
0.0278,0,0
0.0282,0,0
0.0286,0,0
0.029,0,0
0.0294,0.0123005,0.0123217
0.0298,0,0
0.0302,0.000111843,0.0012291
0.0306,0.00826804,0.0105688
0.031,0,0
0.0314,0.0035789,0.00694856
0.0318,0,0
0.0322,0.012226,0.0127051
0.0326,0,0
0.033,0.0122911,0.0123122
0.0334,0,0
0.0338,0,0
0.0342,0,0
0.0346,0,0
0.035,0.0121063,0.0121268
0.0354,0,0
0.0358,0.0126938,0.0127162
0.0362,0,0
0.0366,0,0
0.037,0,0
0.0374,0,0
0.0378,0,0
0.0382,0,0
0.0386,0,0
0.039,0,0
0.0394,0,0
0.0398,0,0
0.0402,0,0
0.0406,0,0
0.041,0,0
0.0414,0,0
0.0418,0,0
0.0422,0,0
0.0426,0.0135029,0.0135282
0.043,0.013962,0.013989
0.0434,0,0
0.0438,0,0
0.0442,0,0
0.0446,0,0
0.045,0,0
0.0454,0,0
0.0458,0.0130034,0.0130268
0.0462,0,0
0.0466,0,0
0.047,0.0132686,0.013293
0.0474,0,0
0.0478,0,0
0.0482,0.0128827,0.0129057
0.0486,0,0
0.049,0,0
0.0494,0,0
0.0498,0,0
0.0502,0,0
0.0506,0,0
0.051,0,0
0.0514,0,0
0.0518,0,0
0.0522,0,0
0.0526,0,0
0.053,0,0
0.0534,0,0
0.0538,0,0
0.0542,0,0
0.0546,0.0263091,0.0186372
0.055,0,0
0.0554,0,0
0.0558,0,0
0.0562,0,0
0.0566,0,0
0.057,0,0
0.0574,0,0
0.0578,0,0
0.0582,0,0
0.0586,0.0281272,0.0199362
0.059,0,0
0.0594,0,0
0.0598,0,0
0.0602,0,0
0.0606,0,0
0.061,0,0
0.0614,0,0
0.0618,0,0
0.0622,0,0
0.0626,0,0
0.063,0,0
0.0634,0,0
0.0638,0,0
0.0642,0,0
0.0646,0,0
0.065,0,0
0.0654,0,0
0.0658,0,0
0.0662,0,0
0.0666,0,0
0.067,0,0
0.0674,0,0
0.0678,0,0
0.0682,0,0
0.0686,0,0
0.069,0,0
0.0694,0,0
0.0698,0,0
0.0702,0,0
0.0706,0,0
0.071,0,0
0.0714,0,0
0.0718,0,0
0.0722,0,0
0.0726,0,0
0.073,0,0
0.0734,0,0
0.0738,0,0
0.0742,0,0
0.0746,0,0
0.075,0,0
0.0754,0,0
0.0758,0,0
0.0762,0,0
0.0766,0,0
0.077,0,0
0.0774,0,0
0.0778,0,0
0.0782,0,0
0.0786,0,0
0.079,0,0
0.0794,0.00189882,0.00503767
0.0798,0,0
0.0802,0,0
0.0806,0,0
0.081,0,0
0.0814,0.0131971,0.0132208
0.0818,0,0
0.0822,0.0115896,0.0116079
0.0826,0,0
0.083,0,0
0.0834,0,0
0.0838,0,0
0.0842,0,0
0.0846,0.0133379,0.013362
0.085,0,0
0.0854,0,0
0.0858,0,0
0.0862,0,0
0.0866,0,0
0.087,0,0
0.0874,0.0132968,0.0133207
0.0878,0,0
0.0882,0,0
0.0886,0,0
0.089,0,0
0.0894,0,0
0.0898,0,0
0.0902,0,0
0.0906,0,0
0.091,0,0
0.0914,0,0
0.0918,0,0
0.0922,0.013503,0.0135276
0.0926,0,0
0.093,0,0
0.0934,0,0
0.0938,0,0
0.0942,0,0
0.0946,0,0
0.095,0,0
0.0954,0.0129412,0.0129638
0.0958,0.012742,0.012764
0.0962,0,0
0.0966,0,0
0.097,0,0
0.0974,0,0
0.0978,0,0
0.0982,0,0
0.0986,0,0
0.099,0.0146892,0.0147182
0.0994,0,0
0.0998,0,0
0.1002,0,0
0.1006,0,0
0.101,0,0
0.1014,0,0
0.1018,0,0
0.1022,0,0
0.1026,0,0
0.103,0,0
0.1034,0,0
0.1038,0,0
0.1042,0,0
0.1046,0,0
0.105,0,0
0.1054,0,0
0.1058,0,0
0.1062,0,0
0.1066,0.0164661,0.0165025
0.107,0,0
0.1074,0,0
0.1078,0,0
0.1082,0,0
0.1086,0,0
0.109,0.0180651,0.0181088
0.1094,0,0
0.1098,0,0
0.1102,0,0
0.1106,0,0
0.111,0,0
0.1114,0,0
0.1118,0,0
0.1122,0,0
0.1126,0,0
0.113,0,0
0.1134,0,0
0.1138,0,0
0.1142,0.0189064,0.0189541
0.1146,0.0167941,0.0182857
0.115,0,0
0.1154,0,0
0.1158,0,0
0.1162,0,0
0.1166,0,0
0.117,0,0
0.1174,0,0
0.1178,0.0198427,0.0198952
0.1182,0,0
0.1186,0,0
0.119,0,0
0.1194,0,0
0.1198,0,0
2
-0.1198,0,0
-0.1194,0,0
-0.119,0,0
-0.1186,0,0
-0.1182,0,0
-0.1178,0,0
-0.1174,0.00619291,0.00620518
-0.117,0,0
-0.1166,0,0
-0.1162,0,0
-0.1158,0,0
-0.1154,0,0
-0.115,0,0
-0.1146,0,0
-0.1142,0,0
-0.1138,0,0
-0.1134,0,0
-0.113,0,0
-0.1126,0,0
-0.1122,0.00624584,0.00625831
-0.1118,0.00635784,0.00637076
-0.1114,0,0
-0.111,0,0
-0.1106,0,0
-0.1102,0,0
-0.1098,0,0
-0.1094,0,0
-0.109,0,0
-0.1086,0,0
-0.1082,0,0
-0.1078,0,0
-0.1074,0,0
-0.107,0,0
-0.1066,0,0
-0.1062,0,0
-0.1058,0,0
-0.1054,0.000968723,0.00242295
-0.105,0,0
-0.1046,0,0
-0.1042,0,0
-0.1038,0,0
-0.1034,0,0
-0.103,0,0
-0.1026,0,0
-0.1022,0,0
-0.1018,0.00565332,0.00566351
-0.1014,0,0
-0.101,0,0
-0.1006,0,0
-0.1002,0.00579501,0.00580572
-0.0998,0,0
-0.0994,0,0
-0.099,0,0
-0.0986,0,0
-0.0982,0,0
-0.0978,0,0
-0.0974,0,0
-0.097,0,0
-0.0966,0,0
-0.0962,0,0
-0.0958,0,0
-0.0954,0,0
-0.095,0,0
-0.0946,0,0
-0.0942,0,0
-0.0938,0,0
-0.0934,0,0
-0.093,0,0
-0.0926,0,0
-0.0922,0,0
-0.0918,0,0
-0.0914,0,0
-0.091,0,0
-0.0906,0,0
-0.0902,0,0
-0.0898,0,0
-0.0894,0.0061811,0.00619325
-0.089,0,0
-0.0886,0,0
-0.0882,0,0
-0.0878,0,0
-0.0874,0,0
-0.087,0,0
-0.0866,0,0
-0.0862,0,0
-0.0858,0,0
-0.0854,0,0
-0.085,0.00576881,0.00577938
-0.0846,0,0
-0.0842,0,0
-0.0838,0,0
-0.0834,0,0
-0.083,0,0
-0.0826,0,0
-0.0822,0,0
-0.0818,0.00576161,0.00577216
-0.0814,0,0
-0.081,0,0
-0.0806,0,0
-0.0802,0,0
-0.0798,0,0
-0.0794,0.0056849,0.00569516
-0.079,0,0
-0.0786,0.00333882,0.00457972
-0.0782,0,0
-0.0778,0,0
-0.0774,0,0
-0.077,0,0
-0.0766,0,0
-0.0762,0,0
-0.0758,0,0
-0.0754,0,0
-0.075,0,0
-0.0746,0,0
-0.0742,0,0
-0.0738,0,0
-0.0734,0,0
-0.073,0,0
-0.0726,0,0
-0.0722,0,0
-0.0718,0,0
-0.0714,0.0182783,0.0105734
-0.071,0.00567677,0.00568698
-0.0706,0,0
-0.0702,0,0
-0.0698,0.00612018,0.00613204
-0.0694,0,0
-0.069,0,0
-0.0686,0,0
-0.0682,0,0
-0.0678,0,0
-0.0674,0,0
-0.067,0,0
-0.0666,0,0
-0.0662,0,0
-0.0658,0,0
-0.0654,0.00563661,0.00564666
-0.065,0.00563713,0.00564719
-0.0646,0,0
-0.0642,0,0
-0.0638,0,0
-0.0634,0,0
-0.063,0,0
-0.0626,0,0
-0.0622,0,0
-0.0618,0,0
-0.0614,0,0
-0.061,0,0
-0.0606,0,0
-0.0602,0,0
-0.0598,0,0
-0.0594,0,0
-0.059,0,0
-0.0586,0,0
-0.0582,0,0
-0.0578,0,0
-0.0574,0,0
-0.057,0.00553234,0.005542
-0.0566,0,0
-0.0562,0,0
-0.0558,0,0
-0.0554,0.00558164,0.00559147
-0.055,0,0
-0.0546,0.00423595,0.00504221
-0.0542,0.00601947,0.00603091
-0.0538,0.00597867,0.00598995
-0.0534,0,0
-0.053,0,0
-0.0526,0,0
-0.0522,0,0
-0.0518,0,0
-0.0514,0,0
-0.051,0,0
-0.0506,0,0
-0.0502,0,0
-0.0498,0,0
-0.0494,0,0
-0.049,0,0
-0.0486,0.00237842,0.00373433
-0.0482,0,0
-0.0478,0,0
-0.0474,0,0
-0.047,0,0
-0.0466,0,0
-0.0462,0,0
-0.0458,0,0
-0.0454,0,0
-0.045,0.00223916,0.00376975
-0.0446,0,0
-0.0442,0,0
-0.0438,0.0178688,0.0103948
-0.0434,0,0
-0.043,0,0
-0.0426,0.00610179,0.00611351
-0.0422,0.0116579,0.00825852
-0.0418,0,0
-0.0414,0,0
-0.041,0,0
-0.0406,0,0
-0.0402,0,0
-0.0398,0,0
-0.0394,0,0
-0.039,0,0
-0.0386,0,0
-0.0382,0,0
-0.0378,0,0
-0.0374,0.00565495,0.00566501
-0.037,0,0
-0.0366,0,0
-0.0362,0,0
-0.0358,0,0
-0.0354,0,0
-0.035,0,0
-0.0346,0,0
-0.0342,0,0
-0.0338,0.0100371,0.00768522
-0.0334,0,0
-0.033,0,0
-0.0326,0,0
-0.0322,0,0
-0.0318,0,0
-0.0314,0,0
-0.031,0.00588544,0.00589631
-0.0306,0,0
-0.0302,0,0
-0.0298,0,0
-0.0294,0,0
-0.029,0,0
-0.0286,0,0
-0.0282,0,0
-0.0278,0,0
-0.0274,0.00603669,0.00604812
-0.027,0,0
-0.0266,0.0057824,0.00579288
-0.0262,0,0
-0.0258,0,0
-0.0254,0,0
-0.025,0,0
-0.0246,0,0
-0.0242,0.00596348,0.00597462
-0.0238,0,0
-0.0234,0.00609539,0.00610703
-0.023,0,0
-0.0226,0,0
-0.0222,0,0
-0.0218,0,0
-0.0214,0,0
-0.021,0,0
-0.0206,0,0
-0.0202,0,0
-0.0198,0,0
-0.0194,0,0
-0.019,0,0
-0.0186,0,0
-0.0182,0,0
-0.0178,0,0
-0.0174,0,0
-0.017,0,0
-0.0166,0.00607664,0.0060882
-0.0162,0,0
-0.0158,0,0
-0.0154,0,0
-0.015,0,0
-0.0146,0,0
-0.0142,0.00586902,0.00587979
-0.0138,0,0
-0.0134,0,0
-0.013,0,0
-0.0126,0,0
-0.0122,0,0
-0.0118,0,0
-0.0114,0.00551265,0.00552215
-0.011,0,0
-0.0106,0,0
-0.0102,0,0
-0.0098,0.00595651,0.0059676
-0.0094,0.00575837,0.00576873
-0.009,0,0
-0.0086,0.00592042,0.00593137
-0.0082,0,0
-0.0078,0,0
-0.0074,0,0
-0.007,0.00568514,0.00569523
-0.0066,0,0
-0.0062,0.0070477,0.00628035
-0.0058,0.0124039,0.00878784
-0.0054,0.0168863,0.0100646
-0.005,0.00122196,0.00271409
-0.0046,0.0413465,0.0149088
-0.0042,0.0339259,0.013823
-0.0038,0.0280642,0.0128254
-0.0034,0.045955,0.0164937
-0.003,0.0763133,0.0209704
-0.0026,0.135239,0.0277413
-0.0022,0.257584,0.0397844
-0.0018,0.409984,0.048102
-0.0014,0.81392,0.0675604
-0.001,1.21645,0.0845821
-0.0006,1.62449,0.0962686
-0.0002,1.86793,0.104752
0.0002,1.88448,0.105204
0.0006,1.48859,0.0924521
0.001,1.05445,0.0778729
0.0014,0.630842,0.0619504
0.0018,0.336482,0.0450141
0.0022,0.171326,0.0320252
0.0026,0.030572,0.0132262
0.003,0.0277018,0.012411
0.0034,0,0
0.0038,0.0110309,0.00796201
0.0042,0.00561492,0.00562475
0.0046,0,0
0.005,0.00538361,0.00539264
0.0054,0.0100617,0.00712587
0.0058,0.0114365,0.00810121
0.0062,0,0
0.0066,0.00970514,0.00741986
0.007,0,0
0.0074,0,0
0.0078,0,0
0.0082,0,0
0.0086,0,0
0.009,0,0
0.0094,0,0
0.0098,0,0
0.0102,0,0
0.0106,0.0115206,0.00828166
0.011,0,0
0.0114,0.00557287,0.00558253
0.0118,0,0
0.0122,0.00558492,0.00559462
0.0126,0,0
0.013,0.0062431,0.00625522
0.0134,0.006342,0.0063545
0.0138,0,0
0.0142,0,0
0.0146,0,0
0.015,0,0
0.0154,0,0
0.0158,0.0121141,0.00858207
0.0162,0.000550279,0.00172482
0.0166,0,0
0.017,0.0106719,0.00799788
0.0174,0,0
0.0178,0,0
0.0182,0.00630382,0.00631616
0.0186,0,0
0.019,0,0
0.0194,0,0
0.0198,0,0
0.0202,0.00601029,0.00602151
0.0206,0.006117,0.00612862
0.021,0.00427459,0.00508779
0.0214,0,0
0.0218,0,0
0.0222,0,0
0.0226,0.011839,0.00838686
0.023,0,0
0.0234,0.00653779,0.00655105
0.0238,0,0
0.0242,0,0
0.0246,0,0
0.025,0.00468532,0.0053838
0.0254,0.011689,0.0082804
0.0258,0,0
0.0262,0,0
0.0266,0.0116107,0.00822566
0.027,0,0
0.0274,0.00546246,0.00547171
0.0278,0,0
0.0282,0,0
0.0286,0,0
0.029,0,0
0.0294,0,0
0.0298,0,0
0.0302,0.0060093,0.00604576
0.0306,0,0
0.031,0,0
0.0314,0.00443891,0.00519186
0.0318,0.0118383,0.00838632
0.0322,0.000417872,0.00157567
0.0326,0,0
0.033,0,0
0.0334,0.00538082,0.00538979
0.0338,0,0
0.0342,0,0
0.0346,0,0
0.035,0,0
0.0354,0,0
0.0358,0,0
0.0362,0,0
0.0366,0,0
0.037,0,0
0.0374,0,0
0.0378,0,0
0.0382,0,0
0.0386,0,0
0.039,0,0
0.0394,0,0
0.0398,0,0
0.0402,0,0
0.0406,0,0
0.041,0,0
0.0414,0,0
0.0418,0,0
0.0422,0.00581162,0.00582206
0.0426,0.00605932,0.00607066
0.043,0.0062646,0.00627672
0.0434,0,0
0.0438,0,0
0.0442,0,0
0.0446,0,0
0.045,0,0
0.0454,0,0
0.0458,0,0
0.0462,0,0
0.0466,0,0
0.047,0,0
0.0474,0,0
0.0478,0,0
0.0482,0,0
0.0486,0,0
0.049,0,0
0.0494,0,0
0.0498,0,0
0.0502,0,0
0.0506,0,0
0.051,0,0
0.0514,0,0
0.0518,0.00582898,0.00583946
0.0522,0,0
0.0526,0,0
0.053,0,0
0.0534,0,0
0.0538,0,0
0.0542,0,0
0.0546,0,0
0.055,0,0
0.0554,0,0
0.0558,0.00572333,0.00573342
0.0562,0,0
0.0566,0,0
0.057,0,0
0.0574,0.00282493,0.00420798
0.0578,0,0
0.0582,0,0
0.0586,0,0
0.059,0,0
0.0594,0.00555706,0.00556657
0.0598,0,0
0.0602,0,0
0.0606,0,0
0.061,0.00578265,0.00579293
0.0614,0,0
0.0618,0,0
0.0622,0,0
0.0626,0,0
0.063,0.00573025,0.00574035
0.0634,0,0
0.0638,0,0
0.0642,0,0
0.0646,0,0
0.065,0,0
0.0654,0,0
0.0658,0,0
0.0662,0,0
0.0666,0,0
0.067,0,0
0.0674,0.00595654,0.00596744
0.0678,0,0
0.0682,0,0
0.0686,0,0
0.069,0,0
0.0694,0,0
0.0698,0,0
0.0702,0,0
0.0706,0,0
0.071,0,0
0.0714,0,0
0.0718,0,0
0.0722,0,0
0.0726,0,0
0.073,0.00614544,0.00615703
0.0734,0.00568951,0.00569944
0.0738,0.00572909,0.00573916
0.0742,0,0
0.0746,0,0
0.075,0,0
0.0754,0,0
0.0758,0,0
0.0762,0.00569907,0.00570902
0.0766,0,0
0.077,0.00559447,0.00560406
0.0774,0,0
0.0778,0,0
0.0782,0,0
0.0786,0,0
0.079,0,0
0.0794,0.0050711,0.00548647
0.0798,0,0
0.0802,0,0
0.0806,0.00612495,0.00613644
0.081,0.0052469,0.00525533
0.0814,0.00585759,0.00586809
0.0818,0,0
0.0822,0,0
0.0826,0,0
0.083,0,0
0.0834,0.00575476,0.0057649
0.0838,0,0
0.0842,0,0
0.0846,0.00591478,0.00592548
0.085,0,0
0.0854,0,0
0.0858,0,0
0.0862,0,0
0.0866,0,0
0.087,0,0
0.0874,0,0
0.0878,0,0
0.0882,0,0
0.0886,0,0
0.089,0,0
0.0894,0,0
0.0898,0,0
0.0902,0,0
0.0906,0,0
0.091,0,0
0.0914,0.00668219,0.00669582
0.0918,0,0
0.0922,0,0
0.0926,0,0
0.093,0,0
0.0934,0,0
0.0938,0,0
0.0942,0,0
0.0946,0.00583907,0.00584947
0.095,0,0
0.0954,0,0
0.0958,0,0
0.0962,0,0
0.0966,0,0
0.097,0,0
0.0974,0.00648985,0.00650269
0.0978,0,0
0.0982,0,0
0.0986,0,0
0.099,0,0
0.0994,0,0
0.0998,0,0
0.1002,0,0
0.1006,0.00627088,0.00628286
0.101,0,0
0.1014,0,0
0.1018,0,0
0.1022,0,0
0.1026,0,0
0.103,0,0
0.1034,0,0
0.1038,0,0
0.1042,0,0
0.1046,0,0
0.105,0,0
0.1054,0,0
0.1058,0,0
0.1062,0.00737009,0.0073866
0.1066,0,0
0.107,0,0
0.1074,0,0
0.1078,0,0
0.1082,0,0
0.1086,0,0
0.109,0,0
0.1094,0,0
0.1098,0,0
0.1102,0.00799999,0.00801942
0.1106,0.00764428,0.00766203
0.111,0,0
0.1114,0,0
0.1118,0,0
0.1122,0,0
0.1126,0,0
0.113,0,0
0.1134,0,0
0.1138,0,0
0.1142,0,0
0.1146,0,0
0.115,0,0
0.1154,0,0
0.1158,0,0
0.1162,0,0
0.1166,0,0
0.117,0,0
0.1174,0.0089871,0.00901157
0.1178,0,0
0.1182,0.00964543,0.00967361
0.1186,0,0
0.119,0,0
0.1194,0,0
0.1198,0.00986599,0.00989546
3
-0.1198,0,0
-0.1194,0,0
-0.119,0,0
-0.1186,0,0
-0.1182,0,0
-0.1178,0,0
-0.1174,0,0
-0.117,0,0
-0.1166,0,0
-0.1162,0,0
-0.1158,0,0
-0.1154,0,0
-0.115,0,0
-0.1146,0,0
-0.1142,0,0
-0.1138,0,0
-0.1134,0,0
-0.113,0,0
-0.1126,0,0
-0.1122,0,0
-0.1118,0,0
-0.1114,0,0
-0.111,0,0
-0.1106,0,0
-0.1102,0.0126454,0.00895898
-0.1098,0,0
-0.1094,0,0
-0.109,0,0
-0.1086,0,0
-0.1082,0,0
-0.1078,0,0
-0.1074,0.00615871,0.00617031
-0.107,0.00283214,0.00418456
-0.1066,0,0
-0.1062,0,0
-0.1058,0,0
-0.1054,0.00529221,0.005787
-0.105,0,0
-0.1046,0,0
-0.1042,0,0
-0.1038,0,0
-0.1034,0.00573346,0.00574351
-0.103,0,0
-0.1026,0,0
-0.1022,0,0
-0.1018,0,0
-0.1014,0,0
-0.101,0,0
-0.1006,0,0
-0.1002,0,0
-0.0998,0,0
-0.0994,0,0
-0.099,0,0
-0.0986,0,0
-0.0982,0,0
-0.0978,0,0
-0.0974,0,0
-0.097,0,0
-0.0966,0,0
-0.0962,0,0
-0.0958,0,0
-0.0954,0,0
-0.095,0,0
-0.0946,0,0
-0.0942,0.00469092,0.00541473
-0.0938,0,0
-0.0934,0,0
-0.093,0,0
-0.0926,0,0
-0.0922,0,0
-0.0918,0,0
-0.0914,0,0
-0.091,0,0
-0.0906,0,0
-0.0902,0,0
-0.0898,0,0
-0.0894,0,0
-0.089,0.00640543,0.00641789
-0.0886,0,0
-0.0882,0,0
-0.0878,0,0
-0.0874,0,0
-0.087,0,0
-0.0866,0,0
-0.0862,0,0
-0.0858,0,0
-0.0854,0,0
-0.085,0,0
-0.0846,0,0
-0.0842,0,0
-0.0838,0,0
-0.0834,0,0
-0.083,0.00609792,0.00610918
-0.0826,0.00599185,0.00600272
-0.0822,0,0
-0.0818,0,0
-0.0814,0,0
-0.081,0,0
-0.0806,0,0
-0.0802,0,0
-0.0798,0.00596718,0.00597795
-0.0794,0,0
-0.079,0.00627518,0.00628708
-0.0786,0,0
-0.0782,0,0
-0.0778,0,0
-0.0774,0,0
-0.077,0,0
-0.0766,0,0
-0.0762,0,0
-0.0758,0,0
-0.0754,0,0
-0.075,0,0
-0.0746,0,0
-0.0742,0,0
-0.0738,0,0
-0.0734,0,0
-0.073,0,0
-0.0726,0,0
-0.0722,0,0
-0.0718,0,0
-0.0714,0,0
-0.071,0,0
-0.0706,0,0
-0.0702,0,0
-0.0698,0,0
-0.0694,0,0
-0.069,0,0
-0.0686,0,0
-0.0682,0,0
-0.0678,0.00594804,0.00595868
-0.0674,0,0
-0.067,0.0126301,0.00894783
-0.0666,0,0
-0.0662,0,0
-0.0658,0,0
-0.0654,0,0
-0.065,0,0
-0.0646,0.00597694,0.00598766
-0.0642,0.00609934,0.00611051
-0.0638,0,0
-0.0634,0.00648091,0.00649351
-0.063,0,0
-0.0626,0,0
-0.0622,0.00262142,0.00398036
-0.0618,0,0
-0.0614,0,0
-0.061,0,0
-0.0606,0,0
-0.0602,0,0
-0.0598,0.00513345,0.00553054
-0.0594,0,0
-0.059,0,0
-0.0586,0,0
-0.0582,0,0
-0.0578,0,0
-0.0574,0,0
-0.057,0.00584211,0.00585232
-0.0566,0,0
-0.0562,0,0
-0.0558,0.00636531,0.00637743
-0.0554,0,0
-0.055,0,0
-0.0546,0,0
-0.0542,0,0
-0.0538,0,0
-0.0534,0,0
-0.053,0,0
-0.0526,0,0
-0.0522,0,0
-0.0518,0,0
-0.0514,0.0118253,0.00837652
-0.051,0,0
-0.0506,0,0
-0.0502,0,0
-0.0498,0,0
-0.0494,0,0
-0.049,0,0
-0.0486,0,0
-0.0482,0,0
-0.0478,0.00521107,0.00568085
-0.0474,0,0
-0.047,0,0
-0.0466,0,0
-0.0462,0,0
-0.0458,0.012155,0.00861945
-0.0454,0,0
-0.045,0.00432434,0.00539189
-0.0446,0,0
-0.0442,0,0
-0.0438,0,0
-0.0434,0,0
-0.043,0,0
-0.0426,0,0
-0.0422,0,0
-0.0418,0,0
-0.0414,0,0
-0.041,0,0
-0.0406,0,0
-0.0402,0,0
-0.0398,0,0
-0.0394,0,0
-0.039,0,0
-0.0386,0.00686886,0.00688284
-0.0382,0,0
-0.0378,0.0065445,0.0065572
-0.0374,0,0
-0.037,0,0
-0.0366,0.00621661,0.00622806
-0.0362,0,0
-0.0358,0,0
-0.0354,0,0
-0.035,0,0
-0.0346,0,0
-0.0342,0,0
-0.0338,0,0
-0.0334,0,0
-0.033,0,0
-0.0326,0,0
-0.0322,0,0
-0.0318,0,0
-0.0314,0,0
-0.031,0,0
-0.0306,0.00410177,0.00488984
-0.0302,0,0
-0.0298,0,0
-0.0294,0,0
-0.029,0,0
-0.0286,0.00630442,0.00631615
-0.0282,0,0
-0.0278,0,0
-0.0274,0,0
-0.027,0,0
-0.0266,0,0
-0.0262,0,0
-0.0258,0.00575884,0.00576862
-0.0254,0,0
-0.025,0,0
-0.0246,0,0
-0.0242,0,0
-0.0238,0,0
-0.0234,0,0
-0.023,0,0
-0.0226,0,0
-0.0222,0,0
-0.0218,0,0
-0.0214,0.00432806,0.00532728
-0.021,0,0
-0.0206,0,0
-0.0202,0,0
-0.0198,0,0
-0.0194,0,0
-0.019,0,0
-0.0186,0,0
-0.0182,0.00630215,0.00631382
-0.0178,0,0
-0.0174,0,0
-0.017,0,0
-0.0166,0,0
-0.0162,0,0
-0.0158,0,0
-0.0154,0,0
-0.015,0,0
-0.0146,0.00635953,0.00637139
-0.0142,0,0
-0.0138,0,0
-0.0134,0,0
-0.013,0.00101677,0.00249071
-0.0126,0,0
-0.0122,0,0
-0.0118,0,0
-0.0114,0.00626617,0.00627767
-0.011,0.00588392,0.00589406
-0.0106,0,0
-0.0102,0.00624042,0.00625182
-0.0098,0,0
-0.0094,0.00635986,0.0063717
-0.009,0,0
-0.0086,0,0
-0.0082,0,0
-0.0078,0.00615811,0.0061692
-0.0074,0,0
-0.007,0.0121455,0.00860343
-0.0066,0.00339585,0.00467711
-0.0062,0,0
-0.0058,0.00183732,0.00341591
-0.0054,0.00753579,0.00696697
-0.005,0.0121475,0.00860483
-0.0046,0.00716615,0.00635551
-0.0042,0.018332,0.0105446
-0.0038,0.0309181,0.0138976
-0.0034,0.0333402,0.0145376
-0.003,0.056955,0.018624
-0.0026,0.0845991,0.0226164
-0.0022,0.104631,0.0261405
-0.0018,0.263884,0.0398859
-0.0014,0.536272,0.0567091
-0.001,0.740198,0.0683423
-0.0006,0.876672,0.0732419
-0.0002,1.09914,0.0830614
0.0002,1.15948,0.0854236
0.0006,0.747047,0.0676917
0.001,0.7,0.0656139
0.0014,0.40226,0.0512031
0.0018,0.238507,0.0391899
0.0022,0.0949113,0.0246554
0.0026,0.0558679,0.0188221
0.003,0.00665364,0.0062622
0.0034,0.00578538,0.00579512
0.0038,0.000451794,0.00166722
0.0042,0.01269,0.00898978
0.0046,0.00605271,0.00606337
0.005,0,0
0.0054,0,0
0.0058,0,0
0.0062,0.0084027,0.00732582
0.0066,0,0
0.007,0,0
0.0074,0,0
0.0078,0.00630878,0.00632034
0.0082,0,0
0.0086,0,0
0.009,0,0
0.0094,0,0
0.0098,0,0
0.0102,0,0
0.0106,0,0
0.011,0,0
0.0114,0.00546825,0.00547693
0.0118,0.0055344,0.00554328
0.0122,0,0
0.0126,0,0
0.013,0,0
0.0134,0,0
0.0138,0,0
0.0142,0,0
0.0146,0,0
0.015,0.00672053,0.00673362
0.0154,0,0
0.0158,0,0
0.0162,0.00578325,0.00579293
0.0166,0,0
0.017,0.00901753,0.00764589
0.0174,0,0
0.0178,0,0
0.0182,0,0
0.0186,0,0
0.019,0,0
0.0194,0,0
0.0198,0,0
0.0202,0,0
0.0206,0.00655821,0.00657064
0.021,0,0
0.0214,0,0
0.0218,0,0
0.0222,0,0
0.0226,0,0
0.023,0,0
0.0234,0,0
0.0238,0,0
0.0242,0,0
0.0246,0.00588883,0.00589884
0.025,0.00158815,0.00324971
0.0254,0,0
0.0258,0,0
0.0262,0,0
0.0266,0,0
0.027,0,0
0.0274,0,0
0.0278,0,0
0.0282,0,0
0.0286,0,0
0.029,0,0
0.0294,0,0
0.0298,0,0
0.0302,0,0
0.0306,0,0
0.031,0,0
0.0314,0.00667764,0.00669048
0.0318,0.00667856,0.0066914
0.0322,0,0
0.0326,0,0
0.033,0,0
0.0334,0,0
0.0338,0,0
0.0342,0,0
0.0346,0,0
0.035,0,0
0.0354,0,0
0.0358,0,0
0.0362,0.00620169,0.00621275
0.0366,0,0
0.037,0,0
0.0374,0,0
0.0378,0,0
0.0382,0,0
0.0386,0,0
0.039,0,0
0.0394,0.00628295,0.00629428
0.0398,0,0
0.0402,0,0
0.0406,0,0
0.041,0,0
0.0414,0.00626594,0.0062772
0.0418,0,0
0.0422,0,0
0.0426,0,0
0.043,0,0
0.0434,0,0
0.0438,0,0
0.0442,0.00572163,0.00617408
0.0446,0,0
0.045,0,0
0.0454,0,0
0.0458,0,0
0.0462,0.00628723,0.00629855
0.0466,0,0
0.047,0,0
0.0474,0,0
0.0478,0,0
0.0482,0.00622605,0.00623714
0.0486,0,0
0.049,0,0
0.0494,0,0
0.0498,0,0
0.0502,0,0
0.0506,0,0
0.051,0,0
0.0514,0,0
0.0518,0.00520232,0.00573031
0.0522,0,0
0.0526,0,0
0.053,0,0
0.0534,0.00627603,0.00628728
0.0538,0.00632446,0.00633588
0.0542,0,0
0.0546,0,0
0.055,0,0
0.0554,0,0
0.0558,0,0
0.0562,0.00603116,0.00604154
0.0566,0,0
0.057,0,0
0.0574,0.00369115,0.00499768
0.0578,0,0
0.0582,0,0
0.0586,0,0
0.059,0,0
0.0594,0,0
0.0598,0,0
0.0602,0,0
0.0606,0,0
0.061,0,0
0.0614,0,0
0.0618,0,0
0.0622,0,0
0.0626,0,0
0.063,0,0
0.0634,0,0
0.0638,0,0
0.0642,0,0
0.0646,0,0
0.065,0,0
0.0654,0,0
0.0658,0,0
0.0662,0,0
0.0666,0.00645833,0.0064702
0.067,0,0
0.0674,0,0
0.0678,0,0
0.0682,0,0
0.0686,0,0
0.069,0,0
0.0694,0,0
0.0698,0,0
0.0702,0,0
0.0706,0,0
0.071,0.00560602,0.00561494
0.0714,0,0
0.0718,0.00597598,0.00598613
0.0722,0,0
0.0726,0.00672533,0.00673817
0.073,0,0
0.0734,0,0
0.0738,0,0
0.0742,0,0
0.0746,0,0
0.075,0,0
0.0754,0,0
0.0758,0.0119715,0.00847953
0.0762,0,0
0.0766,0.00594516,0.00595518
0.077,0,0
0.0774,0.00380711,0.00481635
0.0778,0,0
0.0782,0,0
0.0786,0,0
0.079,0,0
0.0794,0,0
0.0798,0,0
0.0802,0,0
0.0806,0.00648043,0.00649232
0.081,0,0
0.0814,0,0
0.0818,0,0
0.0822,0,0
0.0826,0,0
0.083,0,0
0.0834,0,0
0.0838,0,0
0.0842,0,0
0.0846,0,0
0.085,0,0
0.0854,0,0
0.0858,0,0
0.0862,0,0
0.0866,0,0
0.087,0,0
0.0874,0,0
0.0878,0,0
0.0882,0,0
0.0886,0,0
0.089,0,0
0.0894,0,0
0.0898,0,0
0.0902,0,0
0.0906,0,0
0.091,0,0
0.0914,0,0
0.0918,0,0
0.0922,0,0
0.0926,0,0
0.093,0,0
0.0934,0,0
0.0938,0,0
0.0942,0,0
0.0946,0,0
0.095,0,0
0.0954,0,0
0.0958,0,0
0.0962,0,0
0.0966,0.00637127,0.00638272
0.097,0,0
0.0974,0,0
0.0978,0,0
0.0982,0,0
0.0986,0,0
0.099,0,0
0.0994,0,0
0.0998,0,0
0.1002,0,0
0.1006,0,0
0.101,0,0
0.1014,0,0
0.1018,0,0
0.1022,0,0
0.1026,0,0
0.103,0,0
0.1034,0,0
0.1038,0,0
0.1042,0,0
0.1046,0,0
0.105,0,0
0.1054,0,0
0.1058,0,0
0.1062,0.00757497,0.00759111
0.1066,0,0
0.107,0,0
0.1074,0,0
0.1078,0.00844328,0.00813374
0.1082,0,0
0.1086,0,0
0.109,0,0
0.1094,0,0
0.1098,0.00864578,0.00866679
0.1102,0,0
0.1106,0,0
0.111,0,0
0.1114,0,0
0.1118,0,0
0.1122,0,0
0.1126,0,0
0.113,0,0
0.1134,0,0
0.1138,0,0
0.1142,0,0
0.1146,0,0
0.115,0,0
0.1154,0,0
0.1158,0,0
0.1162,0,0
0.1166,0.00915284,0.00917635
0.117,0,0
0.1174,0,0
0.1178,0,0
0.1182,0,0
0.1186,0,0
0.119,0,0
0.1194,0,0
0.1198,0,0
4
-0.1198,0,0
-0.1194,0,0
-0.119,0,0
-0.1186,0,0
-0.1182,0,0
-0.1178,0,0
-0.1174,0,0
-0.117,0,0
-0.1166,0,0
-0.1162,0,0
-0.1158,0,0
-0.1154,0,0
-0.115,0,0
-0.1146,0,0
-0.1142,0,0
-0.1138,0,0
-0.1134,0.00590534,0.005916
-0.113,0,0
-0.1126,0,0
-0.1122,0,0
-0.1118,0,0
-0.1114,0,0
-0.111,0,0
-0.1106,0,0
-0.1102,0,0
-0.1098,0,0
-0.1094,0,0
-0.109,0,0
-0.1086,0,0
-0.1082,0,0
-0.1078,0,0
-0.1074,0,0
-0.107,0.00334308,0.00455706
-0.1066,0,0
-0.1062,0,0
-0.1058,0,0
-0.1054,0,0
-0.105,0,0
-0.1046,0,0
-0.1042,0,0
-0.1038,0,0
-0.1034,0,0
-0.103,0,0
-0.1026,0.00627129,0.00628324
-0.1022,0,0
-0.1018,0,0
-0.1014,0,0
-0.101,0.00595664,0.00596741
-0.1006,0,0
-0.1002,0,0
-0.0998,0,0
-0.0994,0,0
-0.099,0,0
-0.0986,0,0
-0.0982,0,0
-0.0978,0,0
-0.0974,0,0
-0.097,0,0
-0.0966,0,0
-0.0962,0,0
-0.0958,0,0
-0.0954,0,0
-0.095,0,0
-0.0946,0,0
-0.0942,0.00154487,0.00311665
-0.0938,0,0
-0.0934,0,0
-0.093,0,0
-0.0926,0.00625003,0.00626184
-0.0922,0,0
-0.0918,0,0
-0.0914,0.00601228,0.00602321
-0.091,0,0
-0.0906,0,0
-0.0902,0,0
-0.0898,0.00593969,0.00595035
-0.0894,0,0
-0.089,0,0
-0.0886,0,0
-0.0882,0,0
-0.0878,0,0
-0.0874,0.0059127,0.00592325
-0.087,0.00583311,0.00584337
-0.0866,0,0
-0.0862,0,0
-0.0858,0,0
-0.0854,0,0
-0.085,0.00648775,0.00650043
-0.0846,0,0
-0.0842,0,0
-0.0838,0,0
-0.0834,0,0
-0.083,0,0
-0.0826,0,0
-0.0822,0,0
-0.0818,0,0
-0.0814,0,0
-0.081,0,0
-0.0806,0.0057338,0.0057437
-0.0802,0.00624981,0.00626156
-0.0798,0,0
-0.0794,0,0
-0.079,0,0
-0.0786,0,0
-0.0782,0.00618064,0.00619212
-0.0778,0,0
-0.0774,0,0
-0.077,0,0
-0.0766,0,0
-0.0762,0,0
-0.0758,0,0
-0.0754,0.00577801,0.00578804
-0.075,0,0
-0.0746,0,0
-0.0742,0,0
-0.0738,0,0
-0.0734,0.0063893,0.00640155
-0.073,0,0
-0.0726,0,0
-0.0722,0,0
-0.0718,0,0
-0.0714,0,0
-0.071,0,0
-0.0706,0,0
-0.0702,0,0
-0.0698,0,0
-0.0694,0,0
-0.069,0,0
-0.0686,0,0
-0.0682,0,0
-0.0678,0.0124839,0.00885252
-0.0674,0,0
-0.067,0.00127043,0.0030436
-0.0666,0,0
-0.0662,0,0
-0.0658,0,0
-0.0654,0,0
-0.065,0,0
-0.0646,0,0
-0.0642,0,0
-0.0638,0,0
-0.0634,0,0
-0.063,0.0122241,0.00865978
-0.0626,0,0
-0.0622,0.00340943,0.00454525
-0.0618,0,0
-0.0614,0,0
-0.061,0,0
-0.0606,0,0
-0.0602,0,0
-0.0598,0.000805498,0.00219313
-0.0594,0,0
-0.059,0,0
-0.0586,0,0
-0.0582,0,0
-0.0578,0,0
-0.0574,0,0
-0.057,0,0
-0.0566,0,0
-0.0562,0,0
-0.0558,0,0
-0.0554,0.0063749,0.00638703
-0.055,0,0
-0.0546,0,0
-0.0542,0,0
-0.0538,0,0
-0.0534,0,0
-0.053,0,0
-0.0526,0,0
-0.0522,0,0
-0.0518,0,0
-0.0514,0,0
-0.051,0,0
-0.0506,0,0
-0.0502,0,0
-0.0498,0,0
-0.0494,0,0
-0.049,0.0117355,0.00831277
-0.0486,0,0
-0.0482,0,0
-0.0478,0.000958756,0.00243612
-0.0474,0,0
-0.047,0,0
-0.0466,0,0
-0.0462,0,0
-0.0458,0.00438578,0.00505012
-0.0454,0,0
-0.045,0,0
-0.0446,0,0
-0.0442,0,0
-0.0438,0,0
-0.0434,0,0
-0.043,0,0
-0.0426,0.00631287,0.00632473
-0.0422,0,0
-0.0418,0,0
-0.0414,0.00626192,0.00627359
-0.041,0,0
-0.0406,0.00601699,0.00602776
-0.0402,0,0
-0.0398,0,0
-0.0394,0.0061951,0.00620651
-0.039,0,0
-0.0386,0,0
-0.0382,0,0
-0.0378,0,0
-0.0374,0.00598234,0.00599297
-0.037,0,0
-0.0366,0,0
-0.0362,0,0
-0.0358,0,0
-0.0354,0,0
-0.035,0,0
-0.0346,0,0
-0.0342,0,0
-0.0338,0.00593084,0.00594129
-0.0334,0,0
-0.033,0,0
-0.0326,0,0
-0.0322,0,0
-0.0318,0.00633288,0.00634478
-0.0314,0,0
-0.031,0,0
-0.0306,0.00169945,0.00313995
-0.0302,0.00613593,0.00614711
-0.0298,0,0
-0.0294,0.0059561,0.00596663
-0.029,0,0
-0.0286,0,0
-0.0282,0,0
-0.0278,0,0
-0.0274,0,0
-0.027,0,0
-0.0266,0,0
-0.0262,0.00593125,0.00594169
-0.0258,0,0
-0.0254,0,0
-0.025,0,0
-0.0246,0,0
-0.0242,0,0
-0.0238,0,0
-0.0234,0,0
-0.023,0,0
-0.0226,0,0
-0.0222,0,0
-0.0218,0,0
-0.0214,0.00218667,0.00377167
-0.021,0,0
-0.0206,0,0
-0.0202,0,0
-0.0198,0.00677986,0.00679349
-0.0194,0,0
-0.019,0,0
-0.0186,0,0
-0.0182,0,0
-0.0178,0.00624469,0.00625625
-0.0174,0,0
-0.017,0,0
-0.0166,0,0
-0.0162,0.00641502,0.00642722
-0.0158,0,0
-0.0154,0.00600571,0.0060164
-0.015,0,0
-0.0146,0.000115715,0.000812363
-0.0142,0,0
-0.0138,0.00631091,0.00632271
-0.0134,0,0
-0.013,0.00500592,0.00549537
-0.0126,0.00601112,0.00602183
-0.0122,0,0
-0.0118,0.00619151,0.00620288
-0.0114,0,0
-0.011,0,0
-0.0106,0,0
-0.0102,0,0
-0.0098,0,0
-0.0094,0.00606872,0.00607964
-0.009,0,0
-0.0086,0,0
-0.0082,0.00613266,0.00614381
-0.0078,0.00607412,0.00608506
-0.0074,0,0
-0.007,0,0
-0.0066,0.00297861,0.0043489
-0.0062,0.0114776,0.00812975
-0.0058,0.0109523,0.00839448
-0.0054,0.00632079,0.00633264
-0.005,0,0
-0.0046,0,0
-0.0042,0.0115163,0.00822875
-0.0038,0.000199362,0.00110712
-0.0034,0.0479518,0.0172895
-0.003,0.0536698,0.0181033
-0.0026,0.0901102,0.0231437
-0.0022,0.12687,0.0285861
-0.0018,0.24639,0.0382244
-0.0014,0.377573,0.0471564
-0.001,0.672713,0.0644989
-0.0006,0.983395,0.0768765
-0.0002,1.06046,0.0809123
0.0002,0.910928,0.0750834
0.0006,0.812014,0.0699485
0.001,0.539493,0.0570643
0.0014,0.410612,0.0512555
0.0018,0.149482,0.0307376
0.0022,0.0867103,0.0233299
0.0026,0.059942,0.0192144
0.003,0.0235446,0.0117351
0.0034,0.0116806,0.00827725
0.0038,0.0120177,0.00851297
0.0042,0.00589079,0.0059011
0.0046,0.00592975,0.00594019
0.005,0,0
0.0054,0.0109223,0.00774028
0.0058,0.00599643,0.00600711
0.0062,0.00402137,0.00489045
0.0066,0.00600254,0.00601324
0.007,0,0
0.0074,0.0126421,0.00895612
0.0078,0,0
0.0082,0.00603651,0.00604734
0.0086,0,0
0.009,0,0
0.0094,0,0
0.0098,0,0
0.0102,0,0
0.0106,0,0
0.011,0,0
0.0114,0,0
0.0118,0,0
0.0122,0.00648909,0.00650161
0.0126,0,0
0.013,0,0
0.0134,0.00663444,0.00664752
0.0138,0.00620766,0.00621911
0.0142,0,0
0.0146,0,0
0.015,0,0
0.0154,0,0
0.0158,0.0063312,0.00634311
0.0162,0,0
0.0166,0,0
0.017,0.0114622,0.00852099
0.0174,0,0
0.0178,0,0
0.0182,0,0
0.0186,0,0
0.019,0,0
0.0194,0,0
0.0198,0,0
0.0202,0,0
0.0206,0.0127444,0.00902875
0.021,0,0
0.0214,0.00629512,0.00630691
0.0218,0,0
0.0222,0,0
0.0226,0,0
0.023,0,0
0.0234,0,0
0.0238,0,0
0.0242,0,0
0.0246,0,0
0.025,0,0
0.0254,0,0
0.0258,0.00607789,0.00608888
0.0262,0,0
0.0266,0,0
0.027,0,0
0.0274,0,0
0.0278,0,0
0.0282,0,0
0.0286,0,0
0.029,0,0
0.0294,0,0
0.0298,0.00588966,0.00589999
0.0302,0,0
0.0306,0,0
0.031,0,0
0.0314,0,0
0.0318,0.00615639,0.00616768
0.0322,0,0
0.0326,0,0
0.033,0,0
0.0334,0,0
0.0338,0.0055546,0.00556379
0.0342,0.0118646,0.00840845
0.0346,0.0061934,0.00620483
0.035,0,0
0.0354,0,0
0.0358,0,0
0.0362,0,0
0.0366,0,0
0.037,0,0
0.0374,0,0
0.0378,0,0
0.0382,0.00585151,0.00586171
0.0386,0,0
0.039,0,0
0.0394,0,0
0.0398,0,0
0.0402,0,0
0.0406,0,0
0.041,0,0
0.0414,0.00603015,0.00604099
0.0418,0,0
0.0422,0,0
0.0426,0,0
0.043,0.00649377,0.00650633
0.0434,0,0
0.0438,0,0
0.0442,0.000879859,0.00237365
0.0446,0.00596215,0.00597274
0.045,0.00607279,0.00608378
0.0454,0,0
0.0458,0,0
0.0462,0,0
0.0466,0,0
0.047,0,0
0.0474,0,0
0.0478,0,0
0.0482,0,0
0.0486,0,0
0.049,0,0
0.0494,0.00591781,0.00592826
0.0498,0,0
0.0502,0,0
0.0506,0,0
0.051,0,0
0.0514,0,0
0.0518,0.00104124,0.00250915
0.0522,0,0
0.0526,0,0
0.053,0,0
0.0534,0,0
0.0538,0,0
0.0542,0,0
0.0546,0,0
0.055,0,0
0.0554,0,0
0.0558,0,0
0.0562,0,0
0.0566,0,0
0.057,0,0
0.0574,0,0
0.0578,0,0
0.0582,0,0
0.0586,0,0
0.059,0,0
0.0594,0,0
0.0598,0,0
0.0602,0,0
0.0606,0,0
0.061,0,0
0.0614,0,0
0.0618,0.0065299,0.00654262
0.0622,0,0
0.0626,0,0
0.063,0,0
0.0634,0.00614694,0.00615821
0.0638,0,0
0.0642,0.00854942,0.00703306
0.0646,0,0
0.065,0,0
0.0654,0,0
0.0658,0,0
0.0662,0.00625667,0.00626836
0.0666,0.00615446,0.00616577
0.067,0.00617371,0.00618508
0.0674,0.00613044,0.00614165
0.0678,0,0
0.0682,0,0
0.0686,0,0
0.069,0.00671433,0.00672778
0.0694,0,0
0.0698,0,0
0.0702,0,0
0.0706,0.00567597,0.00568559
0.071,0,0
0.0714,0.00613302,0.00614425
0.0718,0,0
0.0722,0.0118809,0.008416
0.0726,0,0
0.073,0,0
0.0734,0,0
0.0738,0,0
0.0742,0,0
0.0746,0.00627141,0.00628315
0.075,0,0
0.0754,0,0
0.0758,0.00183565,0.00331349
0.0762,0,0
0.0766,0,0
0.077,0,0
0.0774,0.00215079,0.00352756
0.0778,0,0
0.0782,0,0
0.0786,0,0
0.079,0,0
0.0794,0,0
0.0798,0,0
0.0802,0.00595124,0.00596182
0.0806,0,0
0.081,0,0
0.0814,0,0
0.0818,0,0
0.0822,0,0
0.0826,0,0
0.083,0.00589813,0.00590851
0.0834,0,0
0.0838,0,0
0.0842,0,0
0.0846,0,0
0.085,0.00653592,0.00654867
0.0854,0,0
0.0858,0.00605529,0.00606623
0.0862,0,0
0.0866,0,0
0.087,0,0
0.0874,0,0
0.0878,0,0
0.0882,0,0
0.0886,0,0
0.089,0,0
0.0894,0,0
0.0898,0,0
0.0902,0,0
0.0906,0,0
0.091,0,0
0.0914,0,0
0.0918,0,0
0.0922,0,0
0.0926,0,0
0.093,0,0
0.0934,0,0
0.0938,0,0
0.0942,0,0
0.0946,0,0
0.095,0,0
0.0954,0,0
0.0958,0,0
0.0962,0,0
0.0966,0,0
0.097,0,0
0.0974,0,0
0.0978,0,0
0.0982,0,0
0.0986,0,0
0.099,0,0
0.0994,0,0
0.0998,0,0
0.1002,0.00713186,0.00714703
0.1006,0,0
0.101,0,0
0.1014,0,0
0.1018,0,0
0.1022,0.0072673,0.00728304
0.1026,0,0
0.103,0,0
0.1034,0,0
0.1038,0,0
0.1042,0,0
0.1046,0,0
0.105,0.00701954,0.00703423
0.1054,0,0
0.1058,0,0
0.1062,0.00752183,0.00753869
0.1066,0,0
0.107,0,0
0.1074,0,0
0.1078,0.00675714,0.00706908
0.1082,0,0
0.1086,0,0
0.109,0,0
0.1094,0.00803942,0.00805867
0.1098,0,0
0.1102,0,0
0.1106,0,0
0.111,0,0
0.1114,0,0
0.1118,0,0
0.1122,0,0
0.1126,0,0
0.113,0,0
0.1134,0,0
0.1138,0,0
0.1142,0,0
0.1146,0,0
0.115,0,0
0.1154,0,0
0.1158,0,0
0.1162,0,0
0.1166,0,0
0.117,0,0
0.1174,0,0
0.1178,0,0
0.1182,0,0
0.1186,0,0
0.119,0,0
0.1194,0,0
0.1198,0,0
5
-0.1198,0,0
-0.1194,0,0
-0.119,0.00637021,0.00638254
-0.1186,0,0
-0.1182,0,0
-0.1178,0,0
-0.1174,0,0
-0.117,0,0
-0.1166,0,0
-0.1162,0,0
-0.1158,0,0
-0.1154,0,0
-0.115,0,0
-0.1146,0,0
-0.1142,0,0
-0.1138,0,0
-0.1134,0,0
-0.113,0,0
-0.1126,0,0
-0.1122,0,0
-0.1118,0,0
-0.1114,0,0
-0.111,0,0
-0.1106,0,0
-0.1102,0.00601057,0.00602149
-0.1098,0,0
-0.1094,0,0
-0.109,0,0
-0.1086,0,0
-0.1082,0,0
-0.1078,0,0
-0.1074,0,0
-0.107,0,0
-0.1066,0,0
-0.1062,0,0
-0.1058,0,0
-0.1054,0,0
-0.105,0,0
-0.1046,0,0
-0.1042,0,0
-0.1038,0,0
-0.1034,0,0
-0.103,0,0
-0.1026,0,0
-0.1022,0,0
-0.1018,0,0
-0.1014,0,0
-0.101,0,0
-0.1006,0,0
-0.1002,0,0
-0.0998,0,0
-0.0994,0,0
-0.099,0,0
-0.0986,0,0
-0.0982,0,0
-0.0978,0,0
-0.0974,0,0
-0.097,0.00631498,0.00632692
-0.0966,0,0
-0.0962,0,0
-0.0958,0,0
-0.0954,0,0
-0.095,0,0
-0.0946,0.00617887,0.00619028
-0.0942,0,0
-0.0938,0,0
-0.0934,0,0
-0.093,0,0
-0.0926,0,0
-0.0922,0,0
-0.0918,0,0
-0.0914,0,0
-0.091,0,0
-0.0906,0,0
-0.0902,0,0
-0.0898,0,0
-0.0894,0,0
-0.089,0,0
-0.0886,0,0
-0.0882,0,0
-0.0878,0,0
-0.0874,0,0
-0.087,0,0
-0.0866,0,0
-0.0862,0,0
-0.0858,0,0
-0.0854,0,0
-0.085,0,0
-0.0846,0,0
-0.0842,0,0
-0.0838,0,0
-0.0834,0.00711126,0.00712627
-0.083,0,0
-0.0826,0.0128067,0.00907296
-0.0822,0,0
-0.0818,0,0
-0.0814,0,0
-0.081,0,0
-0.0806,0,0
-0.0802,0,0
-0.0798,0,0
-0.0794,0,0
-0.079,0,0
-0.0786,0,0
-0.0782,0,0
-0.0778,0,0
-0.0774,0,0
-0.077,0.00642539,0.0064376
-0.0766,0,0
-0.0762,0,0
-0.0758,0,0
-0.0754,0,0
-0.075,0,0
-0.0746,0,0
-0.0742,0,0
-0.0738,0,0
-0.0734,0,0
-0.073,0,0
-0.0726,0,0
-0.0722,0,0
-0.0718,0,0
-0.0714,0,0
-0.071,0,0
-0.0706,0.00302779,0.00430561
-0.0702,0,0
-0.0698,0,0
-0.0694,0,0
-0.069,0,0
-0.0686,0,0
-0.0682,0,0
-0.0678,0,0
-0.0674,0,0
-0.067,0.00609651,0.00672659
-0.0666,0,0
-0.0662,0,0
-0.0658,0,0
-0.0654,0,0
-0.065,0,0
-0.0646,0,0
-0.0642,0.00199882,0.0036293
-0.0638,0,0
-0.0634,0,0
-0.063,0,0
-0.0626,0.00625937,0.00627088
-0.0622,0,0
-0.0618,0,0
-0.0614,0,0
-0.061,0,0
-0.0606,0.00658779,0.00660052
-0.0602,0,0
-0.0598,0,0
-0.0594,0,0
-0.059,0,0
-0.0586,0,0
-0.0582,0,0
-0.0578,0,0
-0.0574,0,0
-0.057,0.00652852,0.006541
-0.0566,0,0
-0.0562,0,0
-0.0558,0,0
-0.0554,0,0
-0.055,0,0
-0.0546,0,0
-0.0542,0,0
-0.0538,0,0
-0.0534,0,0
-0.053,0,0
-0.0526,0,0
-0.0522,0,0
-0.0518,0,0
-0.0514,0,0
-0.051,0,0
-0.0506,0,0
-0.0502,0,0
-0.0498,0,0
-0.0494,0,0
-0.049,0,0
-0.0486,0,0
-0.0482,0,0
-0.0478,0,0
-0.0474,0,0
-0.047,0,0
-0.0466,0,0
-0.0462,0,0
-0.0458,0.00791809,0.00711915
-0.0454,0,0
-0.045,0.00682841,0.006842
-0.0446,0,0
-0.0442,0.00691509,0.00692903
-0.0438,0,0
-0.0434,0,0
-0.043,0,0
-0.0426,0,0
-0.0422,0,0
-0.0418,0,0
-0.0414,0,0
-0.041,0,0
-0.0406,0.0122916,0.00870704
-0.0402,0,0
-0.0398,0.0130983,0.00928892
-0.0394,0,0
-0.039,0.00669618,0.00670923
-0.0386,0,0
-0.0382,0.00633675,0.00634843
-0.0378,0,0
-0.0374,0,0
-0.037,0,0
-0.0366,0,0
-0.0362,0.00638068,0.00639252
-0.0358,0,0
-0.0354,0,0
-0.035,0,0
-0.0346,0,0
-0.0342,0,0
-0.0338,0.0184637,0.0106815
-0.0334,0,0
-0.033,0,0
-0.0326,0.00648453,0.00649674
-0.0322,0,0
-0.0318,0,0
-0.0314,0,0
-0.031,0,0
-0.0306,0,0
-0.0302,0,0
-0.0298,0,0
-0.0294,0.00635559,0.00636731
-0.029,0,0
-0.0286,0,0
-0.0282,0,0
-0.0278,0,0
-0.0274,0,0
-0.027,0,0
-0.0266,0,0
-0.0262,0,0
-0.0258,0.00613069,0.00614159
-0.0254,0,0
-0.025,0,0
-0.0246,0,0
-0.0242,0,0
-0.0238,0,0
-0.0234,0.00659233,0.00660492
-0.023,0,0
-0.0226,0,0
-0.0222,0,0
-0.0218,0,0
-0.0214,0.00677696,0.00679026
-0.021,0,0
-0.0206,0.00614762,0.00615857
-0.0202,0,0
-0.0198,0,0
-0.0194,0.0132125,0.00936054
-0.019,0,0
-0.0186,0.00666477,0.00667762
-0.0182,0.00666516,0.00667802
-0.0178,0.00691772,0.00693157
-0.0174,0,0
-0.017,0,0
-0.0166,0,0
-0.0162,0,0
-0.0158,0,0
-0.0154,0,0
-0.015,0.00680004,0.00681342
-0.0146,0.00570626,0.00577496
-0.0142,0.00582514,0.00583496
-0.0138,0,0
-0.0134,0,0
-0.013,0,0
-0.0126,0,0
-0.0122,0,0
-0.0118,0,0
-0.0114,0.0063493,0.00636095
-0.011,0,0
-0.0106,0.00607608,0.00608675
-0.0102,0.00632161,0.00633316
-0.0098,0.00632807,0.00633964
-0.0094,0.00622705,0.00623825
-0.009,0,0
-0.0086,0,0
-0.0082,0,0
-0.0078,0.00594668,0.00595689
-0.0074,0.0121006,0.00857263
-0.007,0,0
-0.0066,0,0
-0.0062,0.011789,0.00835032
-0.0058,0,0
-0.0054,0.00640479,0.00641663
-0.005,0.0187884,0.0108709
-0.0046,0.0170556,0.00986324
-0.0042,0.0123188,0.00872837
-0.0038,0.0254936,0.0127274
-0.0034,0.0127424,0.00902689
-0.003,0.0511928,0.0179418
-0.0026,0.153072,0.0306778
-0.0022,0.331113,0.0469608
-0.0018,0.376127,0.0479349
-0.0014,0.610597,0.0607711
-0.001,0.922686,0.0765408
-0.0006,1.12619,0.0834153
-0.0002,1.19659,0.0871806
0.0002,1.06382,0.0822344
0.0006,0.809115,0.0708315
0.001,0.573895,0.0597196
0.0014,0.287763,0.0434988
0.0018,0.205356,0.036569
0.0022,0.0735919,0.0218408
0.0026,0.0567064,0.0189822
0.003,0.0286167,0.0130472
0.0034,0.017694,0.0102334
0.0038,0.0249555,0.0125017
0.0042,0.0128003,0.00906792
0.0046,0.0242947,0.0121688
0.005,0,0
0.0054,0,0
0.0058,0,0
0.0062,0,0
0.0066,0.0123597,0.00875522
0.007,0,0
0.0074,0,0
0.0078,0.00621539,0.00622654
0.0082,0,0
0.0086,0,0
0.009,0,0
0.0094,0.00668938,0.00670229
0.0098,0,0
0.0102,0,0
0.0106,0,0
0.011,0,0
0.0114,0,0
0.0118,0,0
0.0122,0,0
0.0126,0,0
0.013,0,0
0.0134,0,0
0.0138,0,0
0.0142,0,0
0.0146,0,0
0.015,0,0
0.0154,0.0127862,0.00905788
0.0158,0.0130467,0.00924283
0.0162,0.0058023,0.00581202
0.0166,0,0
0.017,0,0
0.0174,0,0
0.0178,0,0
0.0182,0,0
0.0186,0,0
0.019,0,0
0.0194,0,0
0.0198,0,0
0.0202,0,0
0.0206,0.0131628,0.00932517
0.021,0,0
0.0214,0,0
0.0218,0,0
0.0222,0,0
0.0226,0,0
0.023,0,0
0.0234,0,0
0.0238,0.00636171,0.00637339
0.0242,0.00620821,0.00621933
0.0246,0,0
0.025,0,0
0.0254,0.00628267,0.00629406
0.0258,0,0
0.0262,0,0
0.0266,0,0
0.027,0,0
0.0274,0,0
0.0278,0,0
0.0282,0.00635816,0.00636982
0.0286,0,0
0.029,0.00664059,0.00665331
0.0294,0.00595231,0.00596254
0.0298,0,0
0.0302,0,0
0.0306,0.00655852,0.00657093
0.031,0,0
0.0314,0.0064977,0.00650987
0.0318,0,0
0.0322,0,0
0.0326,0,0
0.033,0,0
0.0334,0,0
0.0338,0,0
0.0342,0,0
0.0346,0,0
0.035,0,0
0.0354,0,0
0.0358,0.00612555,0.00613637
0.0362,0,0
0.0366,0,0
0.037,0,0
0.0374,0,0
0.0378,0.00614404,0.00615492
0.0382,0.00604888,0.00605943
0.0386,0,0
0.039,0,0
0.0394,0,0
0.0398,0,0
0.0402,0.00659825,0.00661079
0.0406,0,0
0.041,0.00571427,0.00572368
0.0414,0,0
0.0418,0,0
0.0422,0,0
0.0426,0,0
0.043,0,0
0.0434,0,0
0.0438,0,0
0.0442,0,0
0.0446,0,0
0.045,0.0118024,0.00836861
0.0454,0,0
0.0458,0,0
0.0462,0,0
0.0466,0,0
0.047,0,0
0.0474,0,0
0.0478,0,0
0.0482,0,0
0.0486,0,0
0.049,0.0062185,0.00622963
0.0494,0,0
0.0498,0,0
0.0502,0,0
0.0506,0,0
0.051,0,0
0.0514,0,0
0.0518,0,0
0.0522,0,0
0.0526,0,0
0.053,0,0
0.0534,0,0
0.0538,0,0
0.0542,0,0
0.0546,0,0
0.055,0,0
0.0554,0,0
0.0558,0,0
0.0562,0.0059097,0.00591974
0.0566,0,0
0.057,0,0
0.0574,0,0
0.0578,0,0
0.0582,0,0
0.0586,0,0
0.059,0,0
0.0594,0,0
0.0598,0.00595537,0.00596555
0.0602,0,0
0.0606,0,0
0.061,0,0
0.0614,0,0
0.0618,0,0
0.0622,0,0
0.0626,0,0
0.063,0,0
0.0634,0.00660713,0.00661966
0.0638,0.00639425,0.00640598
0.0642,0.00310258,0.00432152
0.0646,0.00612315,0.0061339
0.065,0,0
0.0654,0.00650821,0.00652036
0.0658,0.00648101,0.00649305
0.0662,0,0
0.0666,0,0
0.067,0,0
0.0674,0,0
0.0678,0,0
0.0682,0,0
0.0686,0,0
0.069,0.00672441,0.00673736
0.0694,0,0
0.0698,0,0
0.0702,0.00680614,0.0068194
0.0706,0,0
0.071,0,0
0.0714,0,0
0.0718,0,0
0.0722,0,0
0.0726,0,0
0.073,0,0
0.0734,0,0
0.0738,0,0
0.0742,0,0
0.0746,0,0
0.075,0,0
0.0754,0,0
0.0758,0.00430658,0.00518622
0.0762,0,0
0.0766,0,0
0.077,0,0
0.0774,0,0
0.0778,0,0
0.0782,0,0
0.0786,0,0
0.079,0,0
0.0794,0,0
0.0798,0,0
0.0802,0,0
0.0806,0,0
0.081,0,0
0.0814,0.00628488,0.00629615
0.0818,0,0
0.0822,0,0
0.0826,0,0
0.083,0,0
0.0834,0.00613637,0.00614711
0.0838,0,0
0.0842,0,0
0.0846,0,0
0.085,0,0
0.0854,0,0
0.0858,0,0
0.0862,0,0
0.0866,0,0
0.087,0,0
0.0874,0,0
0.0878,0,0
0.0882,0,0
0.0886,0,0
0.089,0,0
0.0894,0,0
0.0898,0.00637932,0.00639089
0.0902,0,0
0.0906,0,0
0.091,0,0
0.0914,0,0
0.0918,0,0
0.0922,0,0
0.0926,0,0
0.093,0,0
0.0934,0,0
0.0938,0,0
0.0942,0,0
0.0946,0,0
0.095,0,0
0.0954,0,0
0.0958,0,0
0.0962,0,0
0.0966,0.00633433,0.00634571
0.097,0,0
0.0974,0,0
0.0978,0,0
0.0982,0,0
0.0986,0,0
0.099,0,0
0.0994,0,0
0.0998,0,0
0.1002,0,0
0.1006,0,0
0.101,0,0
0.1014,0,0
0.1018,0,0
0.1022,0,0
0.1026,0.00766095,0.00767755
0.103,0.00740494,0.00742045
0.1034,0,0
0.1038,0,0
0.1042,0,0
0.1046,0,0
0.105,0,0
0.1054,0,0
0.1058,0,0
0.1062,0,0
0.1066,0,0
0.107,0,0
0.1074,0,0
0.1078,0,0
0.1082,0,0
0.1086,0,0
0.109,0,0
0.1094,0.00878176,0.0088035
0.1098,0,0
0.1102,0,0
0.1106,0,0
0.111,0,0
0.1114,0,0
0.1118,0,0
0.1122,0,0
0.1126,0,0
0.113,0,0
0.1134,0,0
0.1138,0.0178587,0.0126598
0.1142,0,0
0.1146,0,0
0.115,0,0
0.1154,0,0
0.1158,0,0
0.1162,0.00914457,0.00916806
0.1166,0,0
0.117,0.0102189,0.0102482
0.1174,0,0
0.1178,0,0
0.1182,0,0
0.1186,0,0
0.119,0,0
0.1194,0,0
0.1198,0,0
6
-0.1198,0.00513258,0.00514159
-0.1194,0,0
-0.119,0,0
-0.1186,0,0
-0.1182,0,0
-0.1178,0,0
-0.1174,0,0
-0.117,0,0
-0.1166,0,0
-0.1162,0,0
-0.1158,0,0
-0.1154,0,0
-0.115,0,0
-0.1146,0,0
-0.1142,0,0
-0.1138,0,0
-0.1134,0,0
-0.113,0,0
-0.1126,0,0
-0.1122,0,0
-0.1118,0,0
-0.1114,0,0
-0.111,0,0
-0.1106,0,0
-0.1102,0.00131202,0.00265588
-0.1098,0,0
-0.1094,0,0
-0.109,0,0
-0.1086,0,0
-0.1082,0,0
-0.1078,0,0
-0.1074,0,0
-0.107,0,0
-0.1066,0,0
-0.1062,0,0
-0.1058,0,0
-0.1054,0,0
-0.105,0,0
-0.1046,0,0
-0.1042,0,0
-0.1038,0,0
-0.1034,0,0
-0.103,0,0
-0.1026,0,0
-0.1022,0,0
-0.1018,0,0
-0.1014,0,0
-0.101,0,0
-0.1006,0,0
-0.1002,0,0
-0.0998,0,0
-0.0994,0,0
-0.099,0,0
-0.0986,0,0
-0.0982,0,0
-0.0978,0,0
-0.0974,0,0
-0.097,0,0
-0.0966,0,0
-0.0962,0,0
-0.0958,0,0
-0.0954,0,0
-0.095,0,0
-0.0946,0,0
-0.0942,0,0
-0.0938,0,0
-0.0934,0,0
-0.093,0,0
-0.0926,0,0
-0.0922,0,0
-0.0918,0,0
-0.0914,0,0
-0.091,0,0
-0.0906,0,0
-0.0902,0,0
-0.0898,0,0
-0.0894,0,0
-0.089,0,0
-0.0886,0,0
-0.0882,0,0
-0.0878,0,0
-0.0874,0,0
-0.087,0,0
-0.0866,0,0
-0.0862,0,0
-0.0858,0,0
-0.0854,0,0
-0.085,0,0
-0.0846,0,0
-0.0842,0,0
-0.0838,0.00572861,0.00573961
-0.0834,0,0
-0.083,0,0
-0.0826,0,0
-0.0822,0,0
-0.0818,0,0
-0.0814,0,0
-0.081,0,0
-0.0806,0,0
-0.0802,0,0
-0.0798,0,0
-0.0794,0,0
-0.079,0,0
-0.0786,0.00589341,0.0059051
-0.0782,0,0
-0.0778,0,0
-0.0774,0,0
-0.077,0,0
-0.0766,0,0
-0.0762,0,0
-0.0758,0.00507346,0.00508215
-0.0754,0,0
-0.075,0.00556294,0.00557341
-0.0746,0,0
-0.0742,0,0
-0.0738,0,0
-0.0734,0,0
-0.073,0,0
-0.0726,0,0
-0.0722,0,0
-0.0718,0,0
-0.0714,0,0
-0.071,0,0
-0.0706,0.00266797,0.00376595
-0.0702,0,0
-0.0698,0,0
-0.0694,0,0
-0.069,0,0
-0.0686,0,0
-0.0682,0,0
-0.0678,0,0
-0.0674,0,0
-0.067,0,0
-0.0666,0,0
-0.0662,0,0
-0.0658,0,0
-0.0654,0,0
-0.065,0.00522652,0.00523584
-0.0646,0,0
-0.0642,0.00392951,0.00472088
-0.0638,0,0
-0.0634,0.00568957,0.00570063
-0.063,0,0
-0.0626,0,0
-0.0622,0,0
-0.0618,0.0053864,0.00539632
-0.0614,0,0
-0.061,0,0
-0.0606,0,0
-0.0602,0,0
-0.0598,0,0
-0.0594,0,0
-0.059,0,0
-0.0586,0,0
-0.0582,0,0
-0.0578,0.00577664,0.00578809
-0.0574,0,0
-0.057,0,0
-0.0566,0,0
-0.0562,0,0
-0.0558,0,0
-0.0554,0,0
-0.055,0,0
-0.0546,0,0
-0.0542,0,0
-0.0538,0,0
-0.0534,0,0
-0.053,0,0
-0.0526,0,0
-0.0522,0,0
-0.0518,0,0
-0.0514,0,0
-0.051,0,0
-0.0506,0,0
-0.0502,0.0101757,0.00720825
-0.0498,0,0
-0.0494,0,0
-0.049,0,0
-0.0486,0,0
-0.0482,0,0
-0.0478,0,0
-0.0474,0,0
-0.047,0,0
-0.0466,0,0
-0.0462,0,0
-0.0458,0.0054562,0.00546651
-0.0454,0,0
-0.045,0,0
-0.0446,0,0
-0.0442,0,0
-0.0438,0,0
-0.0434,0,0
-0.043,0,0
-0.0426,0,0
-0.0422,0,0
-0.0418,0,0
-0.0414,0.00536151,0.0053715
-0.041,0,0
-0.0406,0,0
-0.0402,0,0
-0.0398,0,0
-0.0394,0,0
-0.039,0.00529398,0.00530373
-0.0386,0,0
-0.0382,0,0
-0.0378,0,0
-0.0374,0,0
-0.037,0.00509957,0.00510863
-0.0366,0,0
-0.0362,0,0
-0.0358,0,0
-0.0354,0,0
-0.035,0,0
-0.0346,0,0
-0.0342,0,0
-0.0338,0,0
-0.0334,0,0
-0.033,0,0
-0.0326,0,0
-0.0322,0,0
-0.0318,0,0
-0.0314,0,0
-0.031,0,0
-0.0306,0,0
-0.0302,0.00490775,0.00491617
-0.0298,0.00522901,0.00523857
-0.0294,0,0
-0.029,0,0
-0.0286,0,0
-0.0282,0,0
-0.0278,0,0
-0.0274,0,0
-0.027,0,0
-0.0266,0,0
-0.0262,0,0
-0.0258,0.00968767,0.00686186
-0.0254,0,0
-0.025,0,0
-0.0246,0,0
-0.0242,0,0
-0.0238,0,0
-0.0234,0,0
-0.023,0,0
-0.0226,0.0053183,0.00532823
-0.0222,0,0
-0.0218,0,0
-0.0214,0,0
-0.021,0,0
-0.0206,0,0
-0.0202,0,0
-0.0198,0.00547259,0.00548311
-0.0194,0,0
-0.019,0,0
-0.0186,0,0
-0.0182,0,0
-0.0178,0,0
-0.0174,0.0105562,0.00747824
-0.017,0,0
-0.0166,0,0
-0.0162,0,0
-0.0158,0,0
-0.0154,0,0
-0.015,0,0
-0.0146,0,0
-0.0142,0,0
-0.0138,0,0
-0.0134,0,0
-0.013,0,0
-0.0126,0,0
-0.0122,0,0
-0.0118,0,0
-0.0114,0,0
-0.011,0,0
-0.0106,0,0
-0.0102,0.00518081,0.00519027
-0.0098,0,0
-0.0094,0,0
-0.009,0.00524298,0.00525267
-0.0086,0.0167063,0.00966439
-0.0082,0,0
-0.0078,0,0
-0.0074,0.00973395,0.00689478
-0.007,0.00503002,0.00503895
-0.0066,0,0
-0.0062,0,0
-0.0058,0,0
-0.0054,0,0
-0.005,0.00502416,0.00503308
-0.0046,0.00464632,0.00465394
-0.0042,0,0
-0.0038,0.0101872,0.00726576
-0.0034,0.0104086,0.00737361
-0.003,0.0256949,0.0115146
-0.0026,0.0248674,0.0111407
-0.0022,0.0860932,0.0215852
-0.0018,0.0744772,0.0192809
-0.0014,0.162313,0.0283206
-0.001,0.247901,0.0358641
-0.0006,0.335968,0.0411327
-0.0002,0.392115,0.0450682
0.0002,0.38624,0.0446952
0.0006,0.302703,0.0391531
0.001,0.317912,0.0401299
0.0014,0.311143,0.0409409
0.0018,0.233055,0.0352033
0.0022,0.121195,0.0253199
0.0026,0.0663987,0.0184385
0.003,0.0244209,0.010941
0.0034,0.00476398,0.004772
0.0038,0.0154951,0.00896362
0.0042,0.0351939,0.0133299
0.0046,0.0198311,0.009933
0.005,0.0194566,0.00974803
0.0054,0.00886887,0.00628108
0.0058,0.0103533,0.00733688
0.0062,0.00531338,0.00532335
0.0066,0.00504742,0.00505642
0.007,0,0
0.0074,0,0
0.0078,0,0
0.0082,0,0
0.0086,0,0
0.009,0,0
0.0094,0,0
0.0098,0,0
0.0102,0,0
0.0106,0,0
0.011,0,0
0.0114,0.00491904,0.00492757
0.0118,0,0
0.0122,0,0
0.0126,0,0
0.013,0.00551545,0.00552615
0.0134,0,0
0.0138,0,0
0.0142,0,0
0.0146,0,0
0.015,0,0
0.0154,0,0
0.0158,0,0
0.0162,0.00503272,0.00504161
0.0166,0,0
0.017,0.00475122,0.00498641
0.0174,0,0
0.0178,0,0
0.0182,0,0
0.0186,0.0050564,0.00506533
0.019,0,0
0.0194,0,0
0.0198,0,0
0.0202,0,0
0.0206,0,0
0.021,0,0
0.0214,0,0
0.0218,0,0
0.0222,0,0
0.0226,0,0
0.023,0,0
0.0234,0.00584904,0.0058609
0.0238,0,0
0.0242,0,0
0.0246,0,0
0.025,0,0
0.0254,0,0
0.0258,0,0
0.0262,0,0
0.0266,0,0
0.027,0,0
0.0274,0,0
0.0278,0,0
0.0282,0,0
0.0286,0.00539461,0.00540461
0.029,0,0
0.0294,0.00510769,0.00511664
0.0298,0,0
0.0302,0,0
0.0306,0,0
0.031,0,0
0.0314,0,0
0.0318,0,0
0.0322,0,0
0.0326,0,0
0.033,0,0
0.0334,0,0
0.0338,0,0
0.0342,0,0
0.0346,0,0
0.035,0,0
0.0354,0,0
0.0358,0,0
0.0362,0,0
0.0366,0,0
0.037,0.00545347,0.00546355
0.0374,0,0
0.0378,0,0
0.0382,0,0
0.0386,0,0
0.039,0,0
0.0394,0,0
0.0398,0,0
0.0402,0,0
0.0406,0,0
0.041,0,0
0.0414,0,0
0.0418,0,0
0.0422,0,0
0.0426,0,0
0.043,0,0
0.0434,0,0
0.0438,0,0
0.0442,0,0
0.0446,0.0057446,0.00575564
0.045,0,0
0.0454,0,0
0.0458,0,0
0.0462,0,0
0.0466,0,0
0.047,0,0
0.0474,0,0
0.0478,0.00533395,0.00534343
0.0482,0,0
0.0486,0,0
0.049,0,0
0.0494,0,0
0.0498,0,0
0.0502,0,0
0.0506,0,0
0.051,0,0
0.0514,0,0
0.0518,0.00542889,0.00543864
0.0522,0.0052838,0.00529303
0.0526,0,0
0.053,0,0
0.0534,0,0
0.0538,0,0
0.0542,0,0
0.0546,0,0
0.055,0,0
0.0554,0,0
0.0558,0,0
0.0562,0,0
0.0566,0,0
0.057,0,0
0.0574,0,0
0.0578,0.00553067,0.0055407
0.0582,0,0
0.0586,0,0
0.059,0,0
0.0594,0,0
0.0598,0,0
0.0602,0,0
0.0606,0,0
0.061,0,0
0.0614,0,0
0.0618,0,0
0.0622,0,0
0.0626,0.00563688,0.00564721
0.063,0,0
0.0634,0,0
0.0638,0,0
0.0642,0,0
0.0646,0,0
0.065,0,0
0.0654,0,0
0.0658,0,0
0.0662,0,0
0.0666,0,0
0.067,0,0
0.0674,0,0
0.0678,0,0
0.0682,0,0
0.0686,0,0
0.069,0,0
0.0694,0,0
0.0698,0.00605453,0.00606633
0.0702,0.00559668,0.00560675
0.0706,0,0
0.071,0,0
0.0714,0,0
0.0718,0,0
0.0722,0,0
0.0726,0,0
0.073,0,0
0.0734,0,0
0.0738,0,0
0.0742,0.00797504,0.00679017
0.0746,0,0
0.075,0,0
0.0754,0,0
0.0758,0,0
0.0762,0,0
0.0766,0,0
0.077,0,0
0.0774,0,0
0.0778,0,0
0.0782,0,0
0.0786,0,0
0.079,0,0
0.0794,0,0
0.0798,0,0
0.0802,0,0
0.0806,0,0
0.081,0,0
0.0814,0,0
0.0818,0,0
0.0822,0,0
0.0826,0,0
0.083,0,0
0.0834,0,0
0.0838,0,0
0.0842,0,0
0.0846,0,0
0.085,0,0
0.0854,0,0
0.0858,0,0
0.0862,0,0
0.0866,0,0
0.087,0,0
0.0874,0,0
0.0878,0,0
0.0882,0,0
0.0886,0,0
0.089,0,0
0.0894,0,0
0.0898,0,0
0.0902,0,0
0.0906,0,0
0.091,0.00626666,0.00627892
0.0914,0,0
0.0918,0,0
0.0922,0,0
0.0926,0,0
0.093,0,0
0.0934,0,0
0.0938,0,0
0.0942,0,0
0.0946,0,0
0.095,0,0
0.0954,0,0
0.0958,0,0
0.0962,0,0
0.0966,0.0114675,0.00812372
0.097,0,0
0.0974,0,0
0.0978,0.00672746,0.00674145
0.0982,0,0
0.0986,0,0
0.099,0,0
0.0994,0,0
0.0998,0,0
0.1002,0,0
0.1006,0,0
0.101,0,0
0.1014,0,0
0.1018,0,0
0.1022,0.00675994,0.006774
0.1026,0,0
0.103,0,0
0.1034,0,0
0.1038,0,0
0.1042,0,0
0.1046,0,0
0.105,0,0
0.1054,0,0
0.1058,0,0
0.1062,0,0
0.1066,0,0
0.107,0,0
0.1074,0,0
0.1078,0,0
0.1082,0,0
0.1086,0,0
0.109,0,0
0.1094,0,0
0.1098,0,0
0.1102,0,0
0.1106,0,0
0.111,0,0
0.1114,0,0
0.1118,0,0
0.1122,0,0
0.1126,0,0
0.113,0,0
0.1134,0,0
0.1138,0,0
0.1142,0,0
0.1146,0,0
0.115,0,0
0.1154,0,0
0.1158,0,0
0.1162,0,0
0.1166,0,0
0.117,0.00934491,0.00937171
0.1174,0.00886749,0.00889164
0.1178,0,0
0.1182,0,0
0.1186,0,0
0.119,0,0
0.1194,0,0
0.1198,0,0
7
-0.1198,0,0
-0.1194,0,0
-0.119,0,0
-0.1186,0,0
-0.1182,0,0
-0.1178,0,0
-0.1174,0,0
-0.117,0,0
-0.1166,0,0
-0.1162,0,0
-0.1158,0,0
-0.1154,0,0
-0.115,0,0
-0.1146,0,0
-0.1142,0,0
-0.1138,0,0
-0.1134,0,0
-0.113,0,0
-0.1126,0,0
-0.1122,0.00574828,0.00575976
-0.1118,0,0
-0.1114,0,0
-0.111,0,0
-0.1106,0,0
-0.1102,0.00394126,0.0045439
-0.1098,0.00573688,0.00574833
-0.1094,0.00545177,0.00546212
-0.109,0,0
-0.1086,0,0
-0.1082,0,0
-0.1078,0,0
-0.1074,0,0
-0.107,0,0
-0.1066,0,0
-0.1062,0,0
-0.1058,0,0
-0.1054,0,0
-0.105,0,0
-0.1046,0,0
-0.1042,0,0
-0.1038,0,0
-0.1034,0,0
-0.103,0,0
-0.1026,0,0
-0.1022,0,0
-0.1018,0,0
-0.1014,0,0
-0.101,0.0103123,0.00730508
-0.1006,0,0
-0.1002,0,0
-0.0998,0,0
-0.0994,0.00556514,0.00557602
-0.099,0.00585447,0.00586651
-0.0986,0,0
-0.0982,0,0
-0.0978,0,0
-0.0974,0,0
-0.097,0,0
-0.0966,0,0
-0.0962,0,0
-0.0958,0,0
-0.0954,0,0
-0.095,0,0
-0.0946,0,0
-0.0942,0,0
-0.0938,0,0
-0.0934,0,0
-0.093,0,0
-0.0926,0,0
-0.0922,0,0
-0.0918,0,0
-0.0914,0,0
-0.091,0,0
-0.0906,0.00525509,0.00526488
-0.0902,0,0
-0.0898,0,0
-0.0894,0.00537599,0.00538624
-0.089,0,0
-0.0886,0,0
-0.0882,0,0
-0.0878,0,0
-0.0874,0,0
-0.087,0,0
-0.0866,0,0
-0.0862,0,0
-0.0858,0,0
-0.0854,0.00517564,0.00518513
-0.085,0,0
-0.0846,0,0
-0.0842,0,0
-0.0838,0,0
-0.0834,0.00596349,0.00597608
-0.083,0,0
-0.0826,0,0
-0.0822,0,0
-0.0818,0.00517322,0.00518269
-0.0814,0,0
-0.081,0,0
-0.0806,0,0
-0.0802,0,0
-0.0798,0,0
-0.0794,0,0
-0.079,0,0
-0.0786,0,0
-0.0782,0.010466,0.00741436
-0.0778,0.00603619,0.00604905
-0.0774,0,0
-0.077,0,0
-0.0766,0,0
-0.0762,0,0
-0.0758,0,0
-0.0754,0,0
-0.075,0,0
-0.0746,0,0
-0.0742,0,0
-0.0738,0.00509388,0.00510301
-0.0734,0,0
-0.073,0,0
-0.0726,0,0
-0.0722,0,0
-0.0718,0,0
-0.0714,0,0
-0.071,0.009907,0.00701778
-0.0706,0,0
-0.0702,0,0
-0.0698,0,0
-0.0694,0,0
-0.069,0,0
-0.0686,0,0
-0.0682,0.00557219,0.00558306
-0.0678,0.00557438,0.00558526
-0.0674,0,0
-0.067,0,0
-0.0666,0,0
-0.0662,0,0
-0.0658,0,0
-0.0654,0,0
-0.065,0,0
-0.0646,0,0
-0.0642,0,0
-0.0638,0,0
-0.0634,0,0
-0.063,0,0
-0.0626,0,0
-0.0622,0,0
-0.0618,0,0
-0.0614,0,0
-0.061,0,0
-0.0606,0,0
-0.0602,0,0
-0.0598,0,0
-0.0594,0,0
-0.059,0,0
-0.0586,0,0
-0.0582,0,0
-0.0578,0,0
-0.0574,0,0
-0.057,0,0
-0.0566,0,0
-0.0562,0.00471437,0.00472205
-0.0558,0,0
-0.0554,0.00510362,0.00511261
-0.055,0,0
-0.0546,0,0
-0.0542,0,0
-0.0538,0,0
-0.0534,0,0
-0.053,0,0
-0.0526,0,0
-0.0522,0,0
-0.0518,0,0
-0.0514,0,0
-0.051,0,0
-0.0506,0,0
-0.0502,0.00507878,0.00508762
-0.0498,0,0
-0.0494,0.00552629,0.00553675
-0.049,0,0
-0.0486,0,0
-0.0482,0,0
-0.0478,0,0
-0.0474,0,0
-0.047,0,0
-0.0466,0,0
-0.0462,0,0
-0.0458,0,0
-0.0454,0.00522812,0.00523742
-0.045,0,0
-0.0446,0.00545652,0.00546665
-0.0442,0,0
-0.0438,0,0
-0.0434,0,0
-0.043,0,0
-0.0426,0,0
-0.0422,0,0
-0.0418,0,0
-0.0414,0.00550656,0.00551682
-0.041,0.00579879,0.00581016
-0.0406,0,0
-0.0402,0,0
-0.0398,0,0
-0.0394,0,0
-0.039,0,0
-0.0386,0,0
-0.0382,0,0
-0.0378,0,0
-0.0374,0,0
-0.037,0,0
-0.0366,0,0
-0.0362,0,0
-0.0358,0,0
-0.0354,0,0
-0.035,0,0
-0.0346,0,0
-0.0342,0,0
-0.0338,0,0
-0.0334,0.00544341,0.00545329
-0.033,0,0
-0.0326,0.00565288,0.00566353
-0.0322,0,0
-0.0318,0.00259935,0.00383999
-0.0314,0,0
-0.031,0,0
-0.0306,0,0
-0.0302,0.00549094,0.00550094
-0.0298,0,0
-0.0294,0,0
-0.029,0.00509741,0.00510601
-0.0286,0,0
-0.0282,0,0
-0.0278,0,0
-0.0274,0,0
-0.027,0,0
-0.0266,0,0
-0.0262,0.00534549,0.0053549
-0.0258,0,0
-0.0254,0,0
-0.025,0.00543175,0.00544144
-0.0246,0.00520498,0.00521388
-0.0242,0,0
-0.0238,0,0
-0.0234,0,0
-0.023,0.00543452,0.00544418
-0.0226,0,0
-0.0222,0,0
-0.0218,0,0
-0.0214,0,0
-0.021,0,0
-0.0206,0,0
-0.0202,0.00582816,0.00583921
-0.0198,0,0
-0.0194,0,0
-0.019,0,0
-0.0186,0.011423,0.00809946
-0.0182,0,0
-0.0178,0,0
-0.0174,0,0
-0.017,0.0021188,0.00358395
-0.0166,0,0
-0.0162,0.00553418,0.00554406
-0.0158,0,0
-0.0154,0,0
-0.015,0,0
-0.0146,0,0
-0.0142,0,0
-0.0138,0,0
-0.0134,0.00558562,0.00559563
-0.013,0.00506539,0.00507362
-0.0126,0,0
-0.0122,0,0
-0.0118,0.00617873,0.00619093
-0.0114,0.00539321,0.0054025
-0.011,0,0
-0.0106,0,0
-0.0102,0,0
-0.0098,0,0
-0.0094,0,0
-0.009,0,0
-0.0086,0,0
-0.0082,0,0
-0.0078,6.0012e-05,0.000570748
-0.0074,0.00560072,0.00561067
-0.007,0,0
-0.0066,0,0
-0.0062,0.0107486,0.00761335
-0.0058,0.0116846,0.00827756
-0.0054,0.00135969,0.00284429
-0.005,0.0224536,0.0112468
-0.0046,0.00519512,0.00520365
-0.0042,0.0115139,0.00815635
-0.0038,0.0136289,0.00889028
-0.0034,0.0234801,0.0117105
-0.003,0.0347522,0.0140971
-0.0026,0.0427387,0.0154756
-0.0022,0.126639,0.0277156
-0.0018,0.114043,0.0252475
-0.0014,0.305951,0.0412291
-0.001,0.411379,0.0490227
-0.0006,0.512013,0.0537797
-0.0002,0.621699,0.0602167
0.0002,0.661078,0.0620703
0.0006,0.700401,0.0632308
0.001,0.591028,0.0581694
0.0014,0.359231,0.0467065
0.0018,0.312813,0.0433408
0.0022,0.156573,0.0306253
0.0026,0.112931,0.025703
0.003,0.0550365,0.0174351
0.0034,0.0436631,0.0154666
0.0038,0.052456,0.0174923
0.0042,0.0293057,0.013133
0.0046,0.0281873,0.0126281
0.005,0.0218124,0.0109273
0.0054,0.0151035,0.00873372
0.0058,0.01145,0.00811079
0.0062,0.0237719,0.0119125
0.0066,0.00566353,0.0056735
0.007,0.00753828,0.00663427
0.0074,0.000287578,0.00132115
0.0078,0.0115541,0.00818468
0.0082,0,0
0.0086,0,0
0.009,0,0
0.0094,0.00622679,0.0062388
0.0098,0.00629251,0.00630478
0.0102,0,0
0.0106,0.00583231,0.00584285
0.011,0,0
0.0114,0,0
0.0118,0,0
0.0122,0,0
0.0126,0.00599583,0.00600695
0.013,0,0
0.0134,0,0
0.0138,0.0119343,0.00845439
0.0142,0.02435,0.0122013
0.0146,0,0
0.015,0,0
0.0154,0,0
0.0158,0.00608966,0.00610112
0.0162,0,0
0.0166,0,0
0.017,0.00659477,0.00633215
0.0174,0,0
0.0178,0,0
0.0182,0,0
0.0186,0,0
0.019,0,0
0.0194,0,0
0.0198,0,0
0.0202,0.00602488,0.00603612
0.0206,0.00611834,0.00612994
0.021,0.00611684,0.00612843
0.0214,0,0
0.0218,0,0
0.0222,0,0
0.0226,0,0
0.023,0,0
0.0234,0,0
0.0238,0.00653231,0.00654556
0.0242,0,0
0.0246,0,0
0.025,0,0
0.0254,0,0
0.0258,0,0
0.0262,0,0
0.0266,0,0
0.027,0,0
0.0274,0,0
0.0278,0,0
0.0282,0.00569823,0.00570835
0.0286,0,0
0.029,0.00289203,0.00422314
0.0294,0,0
0.0298,0,0
0.0302,0,0
0.0306,0,0
0.031,0,0
0.0314,0,0
0.0318,0,0
0.0322,0.00586337,0.00587412
0.0326,0,0
0.033,0,0
0.0334,0.00532259,0.00533146
0.0338,0,0
0.0342,0,0
0.0346,0,0
0.035,0,0
0.0354,0,0
0.0358,0,0
0.0362,0,0
0.0366,0,0
0.037,0,0
0.0374,0.0059231,0.00593412
0.0378,0.00563369,0.00564367
0.0382,0,0
0.0386,0,0
0.039,0,0
0.0394,0,0
0.0398,0,0
0.0402,0,0
0.0406,0,0
0.041,0,0
0.0414,0,0
0.0418,0,0
0.0422,0,0
0.0426,0.00592677,0.00593787
0.043,0,0
0.0434,0.00636193,0.00637473
0.0438,0,0
0.0442,0,0
0.0446,0,0
0.045,0.0057158,0.00572615
0.0454,0.00511758,0.00512588
0.0458,0.00567855,0.00568877
0.0462,0,0
0.0466,0,0
0.047,0,0
0.0474,0,0
0.0478,0,0
0.0482,0,0
0.0486,0,0
0.049,0,0
0.0494,0,0
0.0498,0,0
0.0502,0,0
0.0506,0,0
0.051,0,0
0.0514,0,0
0.0518,0,0
0.0522,0,0
0.0526,0.005577,0.00558694
0.053,0.00523248,0.00524124
0.0534,0,0
0.0538,0.00531574,0.00532478
0.0542,0,0
0.0546,0,0
0.055,0,0
0.0554,0,0
0.0558,0,0
0.0562,0.00536153,0.00537076
0.0566,0,0
0.057,0,0
0.0574,0,0
0.0578,0,0
0.0582,0,0
0.0586,0,0
0.059,0,0
0.0594,0,0
0.0598,0,0
0.0602,0,0
0.0606,0,0
0.061,0,0
0.0614,0,0
0.0618,0,0
0.0622,0,0
0.0626,0,0
0.063,0.00544126,0.00545085
0.0634,0.0115129,0.00815714
0.0638,0,0
0.0642,0.00561831,0.00562855
0.0646,0,0
0.065,0,0
0.0654,0,0
0.0658,0,0
0.0662,0,0
0.0666,0,0
0.067,0.00564162,0.00565198
0.0674,0,0
0.0678,0,0
0.0682,0,0
0.0686,0.00590364,0.00591501
0.069,0,0
0.0694,0,0
0.0698,0.00619896,0.00621152
0.0702,0,0
0.0706,0,0
0.071,0.00559313,0.00560337
0.0714,0,0
0.0718,0,0
0.0722,0,0
0.0726,0,0
0.073,0,0
0.0734,0,0
0.0738,0,0
0.0742,0.00329267,0.004208
0.0746,0,0
0.075,0,0
0.0754,0,0
0.0758,0,0
0.0762,0,0
0.0766,0,0
0.077,0,0
0.0774,0,0
0.0778,0,0
0.0782,0.00534692,0.00535634
0.0786,0,0
0.079,0,0
0.0794,0.00549283,0.00550278
0.0798,0,0
0.0802,0,0
0.0806,0,0
0.081,0,0
0.0814,0,0
0.0818,0,0
0.0822,0,0
0.0826,0,0
0.083,0,0
0.0834,0,0
0.0838,0,0
0.0842,0,0
0.0846,0,0
0.085,0,0
0.0854,0.00568336,0.00569405
0.0858,0,0
0.0862,0,0
0.0866,0.00574315,0.00575407
0.087,0,0
0.0874,0,0
0.0878,0,0
0.0882,0,0
0.0886,0.00528078,0.00529003
0.089,0,0
0.0894,0,0
0.0898,0,0
0.0902,0,0
0.0906,0.0104879,0.00742906
0.091,0,0
0.0914,0,0
0.0918,0,0
0.0922,0,0
0.0926,0.00547035,0.00548028
0.093,0,0
0.0934,0,0
0.0938,0,0
0.0942,0,0
0.0946,0,0
0.095,0,0
0.0954,0,0
0.0958,0,0
0.0962,0,0
0.0966,0.00398757,0.0046519
0.097,0,0
0.0974,0,0
0.0978,0,0
0.0982,0,0
0.0986,0,0
0.099,0,0
0.0994,0,0
0.0998,0,0
0.1002,0,0
0.1006,0.0114962,0.00814461
0.101,0,0
0.1014,0.0056889,0.00569965
0.1018,0,0
0.1022,0,0
0.1026,0,0
0.103,0,0
0.1034,0,0
0.1038,0,0
0.1042,0,0
0.1046,0,0
0.105,0,0
0.1054,0,0
0.1058,0,0
0.1062,0,0
0.1066,0.0130787,0.00926957
0.107,0.00727192,0.00728944
0.1074,0,0
0.1078,0,0
0.1082,0,0
0.1086,0,0
0.109,0,0
0.1094,0.00748013,0.00749864
0.1098,0,0
0.1102,0.00754847,0.0075673
0.1106,0,0
0.111,0,0
0.1114,0,0
0.1118,0,0
0.1122,0,0
0.1126,0,0
0.113,0,0
0.1134,0.00773338,0.00775307
0.1138,0,0
0.1142,0,0
0.1146,0,0
0.115,0,0
0.1154,0,0
0.1158,0,0
0.1162,0,0
0.1166,0,0
0.117,0,0
0.1174,0,0
0.1178,0.00808411,0.00810547
0.1182,0,0
0.1186,0,0
0.119,0,0
0.1194,0,0
0.1198,0,0
8
-0.1198,0,0
-0.1194,0,0
-0.119,0,0
-0.1186,0,0
-0.1182,0,0
-0.1178,0,0
-0.1174,0,0
-0.117,0,0
-0.1166,0,0
-0.1162,0,0
-0.1158,0,0
-0.1154,0,0
-0.115,0,0
-0.1146,0,0
-0.1142,0,0
-0.1138,0,0
-0.1134,0,0
-0.113,0,0
-0.1126,0,0
-0.1122,0,0
-0.1118,0,0
-0.1114,0,0
-0.111,0,0
-0.1106,0.00414759,0.00415572
-0.1102,0,0
-0.1098,0,0
-0.1094,0,0
-0.109,0,0
-0.1086,0,0
-0.1082,0,0
-0.1078,0.00381386,0.00382071
-0.1074,0,0
-0.107,0,0
-0.1066,0,0
-0.1062,0.00411957,0.00412754
-0.1058,0,0
-0.1054,0,0
-0.105,0,0
-0.1046,0,0
-0.1042,0,0
-0.1038,0,0
-0.1034,0,0
-0.103,0,0
-0.1026,0,0
-0.1022,0,0
-0.1018,0,0
-0.1014,0,0
-0.101,0.00387715,0.00388416
-0.1006,0,0
-0.1002,0,0
-0.0998,0.0041955,0.0042037
-0.0994,0,0
-0.099,0,0
-0.0986,0,0
-0.0982,0,0
-0.0978,0,0
-0.0974,0,0
-0.097,0,0
-0.0966,0,0
-0.0962,0,0
-0.0958,0,0
-0.0954,0,0
-0.095,0,0
-0.0946,0,0
-0.0942,0,0
-0.0938,0,0
-0.0934,0,0
-0.093,0.00381943,0.00382616
-0.0926,0,0
-0.0922,0,0
-0.0918,0,0
-0.0914,0,0
-0.091,0,0
-0.0906,0,0
-0.0902,0,0
-0.0898,0,0
-0.0894,0,0
-0.089,0.00423934,0.00424758
-0.0886,0,0
-0.0882,0,0
-0.0878,0,0
-0.0874,0,0
-0.087,0,0
-0.0866,0,0
-0.0862,0,0
-0.0858,0,0
-0.0854,0,0
-0.085,0,0
-0.0846,0,0
-0.0842,0,0
-0.0838,0,0
-0.0834,0.00421201,0.00422009
-0.083,0,0
-0.0826,0,0
-0.0822,0,0
-0.0818,0,0
-0.0814,0,0
-0.081,0,0
-0.0806,0,0
-0.0802,0,0
-0.0798,0,0
-0.0794,0.00418166,0.00418959
-0.079,0,0
-0.0786,0,0
-0.0782,0,0
-0.0778,0,0
-0.0774,0,0
-0.077,0.00419997,0.00420794
-0.0766,0,0
-0.0762,0,0
-0.0758,0,0
-0.0754,0,0
-0.075,0,0
-0.0746,0.00388143,0.00388823
-0.0742,0.0039729,0.00398002
-0.0738,0,0
-0.0734,0,0
-0.073,0,0
-0.0726,0,0
-0.0722,0,0
-0.0718,0,0
-0.0714,0,0
-0.071,5.86446e-07,4.76809e-05
-0.0706,0,0
-0.0702,0,0
-0.0698,0.00430686,0.0043152
-0.0694,0,0
-0.069,0,0
-0.0686,0,0
-0.0682,0,0
-0.0678,0,0
-0.0674,0.00396165,0.0039687
-0.067,0,0
-0.0666,0,0
-0.0662,0,0
-0.0658,0.00460476,0.00461427
-0.0654,0,0
-0.065,0,0
-0.0646,0,0
-0.0642,0,0
-0.0638,0,0
-0.0634,0,0
-0.063,0,0
-0.0626,0,0
-0.0622,0,0
-0.0618,0,0
-0.0614,0,0
-0.061,0,0
-0.0606,0,0
-0.0602,0.00396748,0.00397453
-0.0598,0,0
-0.0594,0,0
-0.059,0,0
-0.0586,0,0
-0.0582,0,0
-0.0578,0,0
-0.0574,0,0
-0.057,0,0
-0.0566,0,0
-0.0562,0,0
-0.0558,0,0
-0.0554,0,0
-0.055,0,0
-0.0546,0,0
-0.0542,0.00460426,0.00461374
-0.0538,0,0
-0.0534,0,0
-0.053,0.00421204,0.00421998
-0.0526,0.00418942,0.00419727
-0.0522,0,0
-0.0518,0,0
-0.0514,0,0
-0.051,0.00437585,0.00438442
-0.0506,0,0
-0.0502,0,0
-0.0498,0,0
-0.0494,0,0
-0.049,0,0
-0.0486,0,0
-0.0482,0,0
-0.0478,0,0
-0.0474,0,0
-0.047,0,0
-0.0466,0,0
-0.0462,0,0
-0.0458,0,0
-0.0454,0,0
-0.045,0,0
-0.0446,0,0
-0.0442,0.00450488,0.00451396
-0.0438,0,0
-0.0434,0,0
-0.043,0.00429371,0.00430195
-0.0426,0.00429405,0.00430229
-0.0422,0,0
-0.0418,0,0
-0.0414,0,0
-0.041,0,0
-0.0406,0,0
-0.0402,0,0
-0.0398,0.00407353,0.00408094
-0.0394,0,0
-0.039,0.00435992,0.00436841
-0.0386,0.00455689,0.00456617
-0.0382,0.00412603,0.00413363
-0.0378,0,0
-0.0374,0,0
-0.037,0,0
-0.0366,0,0
-0.0362,0,0
-0.0358,0.00401602,0.00402322
-0.0354,0,0
-0.035,0,0
-0.0346,0.00356877,0.00357446
-0.0342,0.00963157,0.00587251
-0.0338,0,0
-0.0334,0,0
-0.033,0,0
-0.0326,0,0
-0.0322,0.00347382,0.00380079
-0.0318,0.00227624,0.00310322
-0.0314,0,0
-0.031,0,0
-0.0306,0,0
-0.0302,0.00329294,0.00367406
-0.0298,0.00410215,0.00410965
-0.0294,0,0
-0.029,0.00396538,0.00397239
-0.0286,0,0
-0.0282,0,0
-0.0278,0.00424891,0.00425695
-0.0274,0,0
-0.027,0,0
-0.0266,0,0
-0.0262,0,0
-0.0258,0,0
-0.0254,0,0
-0.025,0,0
-0.0246,0,0
-0.0242,0,0
-0.0238,0.00426878,0.00427689
-0.0234,0,0
-0.023,0,0
-0.0226,0,0
-0.0222,0.0043929,0.00440148
-0.0218,0,0
-0.0214,0.00441234,0.004421
-0.021,0,0
-0.0206,0,0
-0.0202,0,0
-0.0198,0.00452065,0.00452973
-0.0194,0,0
-0.019,0,0
-0.0186,0,0
-0.0182,0,0
-0.0178,0.00450525,0.00451426
-0.0174,0,0
-0.017,0.00285,0.00354425
-0.0166,0,0
-0.0162,0,0
-0.0158,0,0
-0.0154,0,0
-0.015,0.00420086,0.00420869
-0.0146,0.00185726,0.00279866
-0.0142,0.00379608,0.00380247
-0.0138,0,0
-0.0134,0,0
-0.013,0.00401719,0.00402435
-0.0126,0,0
-0.0122,0.00457354,0.00458281
-0.0118,0.00445665,0.00446545
-0.0114,0.00414184,0.00414944
-0.011,0,0
-0.0106,0,0
-0.0102,0.00412614,0.00413367
-0.0098,0.0124667,0.00721114
-0.0094,0,0
-0.009,0,0
-0.0086,0,0
-0.0082,0.00411316,0.00412063
-0.0078,0.00772994,0.00549053
-0.0074,0,0
-0.007,0.00401977,0.00402691
-0.0066,0.00424874,0.00425671
-0.0062,0.00424988,0.00425785
-0.0058,0.00438808,0.00439657
-0.0054,0.00746625,0.00562157
-0.005,0.00810418,0.00588051
-0.0046,0.00372181,0.00372792
-0.0042,0.0147413,0.00763741
-0.0038,0.0513925,0.0146108
-0.0034,0.0499685,0.0144728
-0.003,0.0608721,0.0157588
-0.0026,0.125664,0.0224901
-0.0022,0.155153,0.0260628
-0.0018,0.256296,0.0320596
-0.0014,0.306198,0.0348671
-0.001,0.551326,0.0479474
-0.0006,0.645734,0.0511073
-0.0002,0.649634,0.0520298
0.0002,0.65325,0.0521537
0.0006,0.556879,0.0476
0.001,0.454532,0.0430515
0.0014,0.273101,0.0343317
0.0018,0.247205,0.0325168
0.0022,0.154894,0.0256773
0.0026,0.10343,0.0207522
0.003,0.0862642,0.0184249
0.0034,0.0538969,0.0144295
0.0038,0.0204949,0.00920975
0.0042,0.012626,0.00730312
0.0046,0.0200218,0.00896984
0.005,0.00382447,0.00383088
0.0054,0.0071484,0.00506261
0.0058,0.00754564,0.00554691
0.0062,0.0194145,0.00913651
0.0066,0.0243131,0.00994365
0.007,0.0293505,0.0110143
0.0074,0.0126591,0.00738124
0.0078,0.00828212,0.00586732
0.0082,0.0123371,0.00713575
0.0086,0.00824734,0.00584236
0.009,0,0
0.0094,0.00441217,0.00442068
0.0098,0,0
0.0102,0,0
0.0106,0,0
0.011,0,0
0.0114,0.00396737,0.00397424
0.0118,0,0
0.0122,0,0
0.0126,0,0
0.013,0.00444661,0.00445524
0.0134,0.00451806,0.00452697
0.0138,0,0
0.0142,0.00425568,0.00426358
0.0146,0,0
0.015,0,0
0.0154,0.00423061,0.00423841
0.0158,0,0
0.0162,0,0
0.0166,0,0
0.017,0.00120241,0.00225006
0.0174,0,0
0.0178,0.00442759,0.00443612
0.0182,0,0
0.0186,0,0
0.019,0,0
0.0194,0,0
0.0198,0.00405205,0.00405919
0.0202,0,0
0.0206,0,0
0.021,0.00430737,0.00431543
0.0214,0,0
0.0218,0.00384373,0.00385015
0.0222,0,0
0.0226,0,0
0.023,0,0
0.0234,0.00460355,0.00461274
0.0238,0,0
0.0242,0,0
0.0246,0,0
0.025,0.00407562,0.00408282
0.0254,0,0
0.0258,0,0
0.0262,0,0
0.0266,0,0
0.027,0,0
0.0274,0,0
0.0278,0,0
0.0282,0,0
0.0286,0,0
0.029,0.00234101,0.00322409
0.0294,0,0
0.0298,0,0
0.0302,0,0
0.0306,0.0043717,0.00437996
0.031,0.00424094,0.00424872
0.0314,0,0
0.0318,0,0
0.0322,0.0037593,0.0037654
0.0326,0,0
0.033,0,0
0.0334,0,0
0.0338,0.00382945,0.00383578
0.0342,0,0
0.0346,0.00427192,0.0042798
0.035,0,0
0.0354,0,0
0.0358,0,0
0.0362,0,0
0.0366,0,0
0.037,0.00428623,0.00429415
0.0374,0,0
0.0378,0.00410693,0.0041142
0.0382,0,0
0.0386,0,0
0.039,0,0
0.0394,0.00418565,0.0041932
0.0398,0,0
0.0402,0.0044146,0.00442299
0.0406,0,0
0.041,0,0
0.0414,0,0
0.0418,0,0
0.0422,0,0
0.0426,0,0
0.043,0,0
0.0434,0,0
0.0438,0.00443807,0.00444653
0.0442,0.00442401,0.00443242
0.0446,0,0
0.045,0,0
0.0454,0.00807113,0.00572905
0.0458,0,0
0.0462,0,0
0.0466,0,0
0.047,0.00427663,0.00428448
0.0474,0.00406236,0.00406943
0.0478,0.00414138,0.00414874
0.0482,0.00819972,0.00580876
0.0486,0,0
0.049,0,0
0.0494,0.00823609,0.00583408
0.0498,0,0
0.0502,0,0
0.0506,0,0
0.051,0,0
0.0514,0,0
0.0518,0,0
0.0522,0,0
0.0526,0,0
0.053,0.00391557,0.00392211
0.0534,0,0
0.0538,0,0
0.0542,0,0
0.0546,0.00425066,0.00425836
0.055,0,0
0.0554,0.00443957,0.00444797
0.0558,0,0
0.0562,0.00398869,0.00399546
0.0566,0.00795198,0.00563242
0.057,0,0
0.0574,0.00452116,0.00452985
0.0578,0,0
0.0582,0,0
0.0586,0,0
0.059,0.00408423,0.00409131
0.0594,0.00403126,0.00403815
0.0598,0,0
0.0602,0,0
0.0606,0,0
0.061,0,0
0.0614,0,0
0.0618,0.00437136,0.00437944
0.0622,0,0
0.0626,0,0
0.063,0,0
0.0634,0,0
0.0638,0,0
0.0642,0,0
0.0646,0,0
0.065,0,0
0.0654,0,0
0.0658,0,0
0.0662,0,0
0.0666,0.00437258,0.00438061
0.067,0,0
0.0674,0,0
0.0678,0,0
0.0682,0.00331516,0.00385401
0.0686,0,0
0.069,0,0
0.0694,0.00479115,0.00480074
0.0698,0,0
0.0702,0,0
0.0706,0,0
0.071,0,0
0.0714,0,0
0.0718,0,0
0.0722,0,0
0.0726,0,0
0.073,0,0
0.0734,0,0
0.0738,0,0
0.0742,0,0
0.0746,0,0
0.075,0,0
0.0754,0,0
0.0758,0,0
0.0762,0,0
0.0766,0,0
0.077,0,0
0.0774,0,0
0.0778,0,0
0.0782,0,0
0.0786,0,0
0.079,0,0
0.0794,0,0
0.0798,0,0
0.0802,0,0
0.0806,0,0
0.081,0,0
0.0814,0,0
0.0818,0.00445648,0.00446466
0.0822,0.00445848,0.00446666
0.0826,0,0
0.083,0,0
0.0834,0,0
0.0838,0,0
0.0842,0,0
0.0846,0.00410177,0.00410868
0.085,0.00475713,0.0047664
0.0854,0,0
0.0858,0,0
0.0862,4.24234e-05,0.000440219
0.0866,0,0
0.087,0,0
0.0874,0,0
0.0878,0.00430688,0.00431446
0.0882,0,0
0.0886,0,0
0.089,0,0
0.0894,0,0
0.0898,0,0
0.0902,0,0
0.0906,0,0
0.091,0,0
0.0914,0,0
0.0918,0.00429489,0.0043024
0.0922,0,0
0.0926,0,0
0.093,0,0
0.0934,0,0
0.0938,0,0
0.0942,0,0
0.0946,0,0
0.095,0,0
0.0954,0,0
0.0958,0,0
0.0962,0,0
0.0966,0.00549966,0.00490333
0.097,0,0
0.0974,0,0
0.0978,0,0
0.0982,0,0
0.0986,0,0
0.099,0,0
0.0994,0,0
0.0998,0,0
0.1002,0,0
0.1006,0,0
0.101,0,0
0.1014,0,0
0.1018,0,0
0.1022,0,0
0.1026,0,0
0.103,0,0
0.1034,0.00522668,0.0052377
0.1038,0,0
0.1042,0,0
0.1046,0,0
0.105,0.00555374,0.00556617
0.1054,0,0
0.1058,0,0
0.1062,0.00528543,0.00529669
0.1066,0.00547397,0.00548605
0.107,0,0
0.1074,0.00541111,0.0054229
0.1078,0,0
0.1082,0,0
0.1086,0,0
0.109,0,0
0.1094,0.005943,0.00595722
0.1098,0.00603162,0.00604627
0.1102,0,0
0.1106,0,0
0.111,0,0
0.1114,0,0
0.1118,0,0
0.1122,0,0
0.1126,0,0
0.113,0.00664158,0.00665934
0.1134,0,0
0.1138,0,0
0.1142,0,0
0.1146,0,0
0.115,0,0
0.1154,0,0
0.1158,0,0
0.1162,0,0
0.1166,0.00744617,0.0074685
0.117,0.0071219,0.00714232
0.1174,0,0
0.1178,0,0
0.1182,0.00725131,0.00727249
0.1186,0.00764493,0.00766847
0.119,0,0
0.1194,0,0
0.1198,0,0
9
-0.1198,0,0
-0.1194,0,0
-0.119,0,0
-0.1186,0,0
-0.1182,0,0
-0.1178,0.00363864,0.00364515
-0.1174,0,0
-0.117,0,0
-0.1166,0.00366989,0.00367652
-0.1162,0,0
-0.1158,0.00386774,0.00387512
-0.1154,0,0
-0.115,0,0
-0.1146,0,0
-0.1142,0,0
-0.1138,0,0
-0.1134,0,0
-0.113,0,0
-0.1126,0,0
-0.1122,0,0
-0.1118,0,0
-0.1114,0,0
-0.111,0,0
-0.1106,0,0
-0.1102,0,0
-0.1098,0,0
-0.1094,0.00400906,0.00401706
-0.109,0,0
-0.1086,0,0
-0.1082,0,0
-0.1078,0,0
-0.1074,0,0
-0.107,0,0
-0.1066,0,0
-0.1062,0,0
-0.1058,0.00370214,0.003709
-0.1054,0,0
-0.105,0,0
-0.1046,0,0
-0.1042,0,0
-0.1038,0,0
-0.1034,0.00379877,0.00380602
-0.103,0.00372791,0.0037349
-0.1026,0,0
-0.1022,0,0
-0.1018,0,0
-0.1014,0,0
-0.101,0,0
-0.1006,0,0
-0.1002,0.0036565,0.00366325
-0.0998,0.00386236,0.0038699
-0.0994,0.00386276,0.00387031
-0.099,0,0
-0.0986,0,0
-0.0982,0,0
-0.0978,0,0
-0.0974,0,0
-0.097,0,0
-0.0966,0.0035175,0.00352379
-0.0962,0,0
-0.0958,0,0
-0.0954,0,0
-0.095,0,0
-0.0946,0,0
-0.0942,0,0
-0.0938,0,0
-0.0934,0.00394195,0.00394987
-0.093,0,0
-0.0926,0,0
-0.0922,0,0
-0.0918,0,0
-0.0914,0,0
-0.091,0,0
-0.0906,0.00702074,0.00497334
-0.0902,0,0
-0.0898,0,0
-0.0894,0,0
-0.089,0,0
-0.0886,0,0
-0.0882,0,0
-0.0878,0,0
-0.0874,0,0
-0.087,0,0
-0.0866,0,0
-0.0862,0,0
-0.0858,0,0
-0.0854,0,0
-0.085,0,0
-0.0846,0,0
-0.0842,0,0
-0.0838,0,0
-0.0834,0,0
-0.083,0,0
-0.0826,0.00351096,0.00351732
-0.0822,0,0
-0.0818,0.00353772,0.00354419
-0.0814,0,0
-0.081,0.00364302,0.00364988
-0.0806,0,0
-0.0802,0,0
-0.0798,0.00348189,0.00348817
-0.0794,0,0
-0.079,0,0
-0.0786,0.00382658,0.00383417
-0.0782,0,0
-0.0778,0,0
-0.0774,0,0
-0.077,0,0
-0.0766,0,0
-0.0762,0,0
-0.0758,0,0
-0.0754,0.00333401,0.0033398
-0.075,0.00748312,0.00530487
-0.0746,0,0
-0.0742,0.00693617,0.00491362
-0.0738,0.00367873,0.00368578
-0.0734,0,0
-0.073,0,0
-0.0726,0,0
-0.0722,0,0
-0.0718,0,0
-0.0714,0.00333009,0.00333588
-0.071,0.0033288,0.00333459
-0.0706,0,0
-0.0702,0,0
-0.0698,0,0
-0.0694,0,0
-0.069,0,0
-0.0686,0,0
-0.0682,0,0
-0.0678,0,0
-0.0674,0,0
-0.067,0,0
-0.0666,0,0
-0.0662,0,0
-0.0658,0,0
-0.0654,0,0
-0.065,0.00339468,0.00340074
-0.0646,0,0
-0.0642,0,0
-0.0638,0,0
-0.0634,0,0
-0.063,0.00345117,0.00345743
-0.0626,0.00349243,0.00349885
-0.0622,0,0
-0.0618,0,0
-0.0614,0,0
-0.061,0,0
-0.0606,0.0035251,0.00353164
-0.0602,0,0
-0.0598,0,0
-0.0594,0,0
-0.059,0,0
-0.0586,0,0
-0.0582,0,0
-0.0578,0.00707293,0.00502023
-0.0574,0,0
-0.057,0.00723721,0.00512727
-0.0566,0,0
-0.0562,0.00308173,0.00308675
-0.0558,0,0
-0.0554,0.00359613,0.00360297
-0.055,0,0
-0.0546,0.00356543,0.00357215
-0.0542,0,0
-0.0538,0,0
-0.0534,0,0
-0.053,0,0
-0.0526,0,0
-0.0522,0,0
-0.0518,0,0
-0.0514,0,0
-0.051,0,0
-0.0506,0,0
-0.0502,0,0
-0.0498,0.00683819,0.00484411
-0.0494,0.00712735,0.00504934
-0.049,0,0
-0.0486,0.0103968,0.00601365
-0.0482,0,0
-0.0478,0.00343175,0.00343801
-0.0474,0,0
-0.047,0,0
-0.0466,0,0
-0.0462,0.00333884,0.00334478
-0.0458,0.00323967,0.00324526
-0.0454,0,0
-0.045,0.00348093,0.00348739
-0.0446,0,0
-0.0442,0,0
-0.0438,0.00377797,0.00378558
-0.0434,0.00378068,0.0037883
-0.043,0.00357254,0.00357936
-0.0426,0.00351593,0.00352253
-0.0422,0,0
-0.0418,0,0
-0.0414,0,0
-0.041,0,0
-0.0406,0,0
-0.0402,0,0
-0.0398,0.0037181,0.0037255
-0.0394,0.00371659,0.00372399
-0.039,0.00707036,0.00501098
-0.0386,0.00379668,0.0038044
-0.0382,0.00343573,0.00344207
-0.0378,0,0
-0.0374,0,0
-0.037,0.00673377,0.00477089
-0.0366,0,0
-0.0362,0,0
-0.0358,0.00333351,0.00333949
-0.0354,0.00333207,0.00333804
-0.035,0,0
-0.0346,0,0
-0.0342,0.00089113,0.00162566
-0.0338,0,0
-0.0334,0.00336716,0.00337327
-0.033,0,0
-0.0326,0.00697734,0.00494302
-0.0322,0.0109257,0.00615629
-0.0318,0.00347969,0.00348623
-0.0314,0.00340876,0.00341504
-0.031,0,0
-0.0306,0.0031718,0.00317724
-0.0302,0.00401629,0.00368258
-0.0298,0,0
-0.0294,0.00326225,0.00326802
-0.029,0.00326076,0.00326652
-0.0286,0,0
-0.0282,0.0033574,0.00336352
-0.0278,0.00342731,0.00343368
-0.0274,0,0
-0.027,0,0
-0.0266,0,0
-0.0262,0,0
-0.0258,0.00326677,0.00327258
-0.0254,0.00328255,0.00328841
-0.025,0,0
-0.0246,0,0
-0.0242,0.00997535,0.00577534
-0.0238,0.00348406,0.00349068
-0.0234,0.00700136,0.00496016
-0.023,0.00325603,0.00326181
-0.0226,0,0
-0.0222,0,0
-0.0218,0.0035145,0.00352125
-0.0214,0.00710079,0.00503106
-0.021,0.00325279,0.00325858
-0.0206,0.0032512,0.00325698
-0.0202,0,0
-0.0198,0,0
-0.0194,0.00349244,0.00349913
-0.019,0.0102131,0.00591139
-0.0186,0,0
-0.0182,0.00351225,0.00351902
-0.0178,0.00701177,0.00497146
-0.0174,0.00354775,0.00355466
-0.017,0.0106377,0.00615366
-0.0166,0.00699875,0.0049588
-0.0162,0.00669346,0.00474412
-0.0158,0.00630912,0.00447029
-0.0154,0,0
-0.015,0.00338128,0.00338758
-0.0146,0.00188557,0.00252901
-0.0142,0.00305102,0.00305615
-0.0138,0.0101573,0.0058753
-0.0134,0.0029361,0.00294086
-0.013,0,0
-0.0126,0.00732858,0.00519259
-0.0122,0.00342358,0.00343007
-0.0118,0,0
-0.0114,0,0
-0.011,0,0
-0.0106,0,0
-0.0102,0.00329027,0.00329628
-0.0098,0.00329143,0.00329745
-0.0094,0.0066969,0.00474424
-0.009,0.00988611,0.0057187
-0.0086,0.00353062,0.00353755
-0.0082,0.0100602,0.0058231
-0.0078,0.0127818,0.00640362
-0.0074,0.00935133,0.0054091
-0.007,0.0191129,0.00781671
-0.0066,0.010085,0.00583349
-0.0062,0.00609667,0.00431833
-0.0058,0.0206419,0.00844446
-0.0054,0.0166336,0.00745279
-0.005,0.0292299,0.00971325
-0.0046,0.014665,0.00656919
-0.0042,0.0133741,0.00649117
-0.0038,0.0398251,0.0114121
-0.0034,0.0492365,0.0127365
-0.003,0.0635506,0.014268
-0.0026,0.0574717,0.0135825
-0.0022,0.177263,0.024793
-0.0018,0.254852,0.0283108
-0.0014,0.311241,0.0311347
-0.001,0.56034,0.0427705
-0.0006,0.742599,0.0484796
-0.0002,0.796263,0.0509373
0.0002,0.698857,0.0477109
0.0006,0.542317,0.0415094
0.001,0.407245,0.0360044
0.0014,0.224858,0.0275222
0.0018,0.108506,0.0190184
0.0022,0.0833845,0.0166333
0.0026,0.0661526,0.0145994
0.003,0.0305298,0.00967168
0.0034,0.041818,0.0111954
0.0038,0.0255004,0.00903306
0.0042,0.00326881,0.00327484
0.0046,0.0155198,0.00695291
0.005,0.00296655,0.00297152
0.0054,0.0144272,0.00647163
0.0058,0.0259744,0.00912133
0.0062,0.0303709,0.00989359
0.0066,0.0156663,0.0070188
0.007,0.0240948,0.00876913
0.0074,0.0164466,0.00736971
0.0078,0.00970187,0.00561165
0.0082,0.0190496,0.00779112
0.0086,0.0094971,0.00549301
0.009,0,0
0.0094,0.00680128,0.00481851
0.0098,0.00686834,0.00486612
0.0102,0.00321648,0.00322235
0.0106,0,0
0.011,0.00279077,0.00279519
0.0114,0,0
0.0118,0,0
0.0122,0.00644215,0.0045699
0.0126,0.00325879,0.00326483
0.013,0,0
0.0134,0.00346248,0.00346931
0.0138,0,0
0.0142,0,0
0.0146,0.0034346,0.00344132
0.015,0,0
0.0154,0,0
0.0158,0.00329884,0.00330504
0.0162,0.00293312,0.00293803
0.0166,0,0
0.017,0.00228267,0.00270754
0.0174,0.00328433,0.00329049
0.0178,0,0
0.0182,0.00342497,0.00343167
0.0186,0.00301793,0.00302313
0.019,0,0
0.0194,0,0
0.0198,0.00307989,0.00308531
0.0202,0.00325921,0.00326529
0.0206,0,0
0.021,0,0
0.0214,0.00291524,0.0029201
0.0218,0.00310592,0.00311145
0.0222,0,0
0.0226,0,0
0.023,0,0
0.0234,0.013986,0.00700721
0.0238,0,0
0.0242,0,0
0.0246,0.00295905,0.00296408
0.025,0,0
0.0254,0,0
0.0258,0,0
0.0262,0,0
0.0266,0.00308481,0.00309028
0.027,0,0
0.0274,0.00296727,0.00297234
0.0278,0.00308531,0.00309079
0.0282,0,0
0.0286,0.00322108,0.00322705
0.029,0,0
0.0294,0,0
0.0298,0,0
0.0302,0,0
0.0306,0,0
0.031,0.00643207,0.00455685
0.0314,0.00324929,0.00325537
0.0318,0.00666454,0.0047216
0.0322,0.00635491,0.00450184
0.0326,0,0
0.033,0.00296633,0.0029714
0.0334,0,0
0.0338,0,0
0.0342,0.00592849,0.00419925
0.0346,0.00319319,0.00319908
0.035,0,0
0.0354,0.00291005,0.00291494
0.0358,0.00305449,0.00305988
0.0362,0,0
0.0366,0,0
0.037,0.00320938,0.00321533
0.0374,0,0
0.0378,0.0030601,0.00306551
0.0382,0,0
0.0386,0,0
0.039,0,0
0.0394,0.00311384,0.00311945
0.0398,0,0
0.0402,0,0
0.0406,0,0
0.041,0.00284062,0.00284529
0.0414,0,0
0.0418,0.00295603,0.00296109
0.0422,0.00572585,0.00405551
0.0426,0,0
0.043,0,0
0.0434,0,0
0.0438,0.00656482,0.00465088
0.0442,0,0
0.0446,0,0
0.045,0.00311802,0.00312366
0.0454,0.00279243,0.00279695
0.0458,0.00627695,0.00444691
0.0462,0.00316949,0.00317532
0.0466,0,0
0.047,0,0
0.0474,0,0
0.0478,0.00306431,0.00306977
0.0482,0.0060494,0.00428545
0.0486,0,0
0.049,0,0
0.0494,0.00606694,0.00429754
0.0498,0,0
0.0502,0.00618717,0.00438387
0.0506,0.00302715,0.00303249
0.051,0.00644815,0.00456809
0.0514,0,0
0.0518,0,0
0.0522,0,0
0.0526,0.00305658,0.00306202
0.053,0.00286841,0.00287321
0.0534,0,0
0.0538,0.00291528,0.00292023
0.0542,0,0
0.0546,0,0
0.055,0,0
0.0554,0.00323879,0.00324491
0.0558,0,0
0.0562,0,0
0.0566,0,0
0.057,0,0
0.0574,0.00304324,0.00304865
0.0578,0,0
0.0582,0,0
0.0586,0,0
0.059,0,0
0.0594,0,0
0.0598,0,0
0.0602,0,0
0.0606,0.0062518,0.00442879
0.061,0,0
0.0614,0.00629898,0.00446229
0.0618,0.00646673,0.00458294
0.0622,0.00634733,0.00450123
0.0626,0,0
0.063,0,0
0.0634,0.00322353,0.00322964
0.0638,0.00623669,0.0044181
0.0642,0,0
0.0646,0.00292296,0.00292798
0.065,0.00298237,0.0029876
0.0654,0.00633575,0.00448841
0.0658,0,0
0.0662,0,0
0.0666,0.00307413,0.0030797
0.067,0.00311327,0.00311898
0.0674,0,0
0.0678,0,0
0.0682,0.000814846,0.00160936
0.0686,0,0
0.069,0,0
0.0694,0.00677757,0.00480206
0.0698,0,0
0.0702,0.00304257,0.00304804
0.0706,0,0
0.071,0.00268816,0.00269244
0.0714,0.00308947,0.00309512
0.0718,0.00572526,0.00405524
0.0722,0,0
0.0726,0,0
0.073,0,0
0.0734,0,0
0.0738,0,0
0.0742,0,0
0.0746,0,0
0.075,0,0
0.0754,0,0
0.0758,0,0
0.0762,0,0
0.0766,0,0
0.077,0,0
0.0774,0,0
0.0778,0,0
0.0782,0.00295212,0.00295731
0.0786,0.00614897,0.00435598
0.079,0,0
0.0794,0,0
0.0798,0,0
0.0802,0,0
0.0806,0.00313405,0.00313992
0.081,0,0
0.0814,0,0
0.0818,0.0060545,0.00428923
0.0822,0.00262599,0.00263012
0.0826,0.00309491,0.00310065
0.083,0,0
0.0834,0.00291484,0.00291994
0.0838,0.00296906,0.00297435
0.0842,0,0
0.0846,0,0
0.085,0.0032443,0.00325062
0.0854,0,0
0.0858,0,0
0.0862,0.00306644,0.00308657
0.0866,0.00294223,0.00294744
0.087,0.00586406,0.00415387
0.0874,0.00292193,0.00292707
0.0878,0,0
0.0882,0,0
0.0886,0,0
0.089,0,0
0.0894,0.00306259,0.00306825
0.0898,0,0
0.0902,0.00578428,0.00409725
0.0906,0,0
0.091,0.00323628,0.00324261
0.0914,0.00337411,0.00338099
0.0918,0.00288987,0.00289492
0.0922,0.0116825,0.0058526
0.0926,0.00300013,0.00300557
0.093,0,0
0.0934,0,0
0.0938,0,0
0.0942,0.00310874,0.00311459
0.0946,0.00882233,0.00510266
0.095,0,0
0.0954,0.00287969,0.00288471
0.0958,0,0
0.0962,0,0
0.0966,0,0
0.097,0,0
0.0974,0,0
0.0978,0,0
0.0982,0,0
0.0986,0,0
0.099,0,0
0.0994,0,0
0.0998,0,0
0.1002,0,0
0.1006,0,0
0.101,0,0
0.1014,0,0
0.1018,0,0
0.1022,0,0
0.1026,0.00357235,0.00358008
0.103,0.00345213,0.00345935
0.1034,0.003477,0.00348433
0.1038,0,0
0.1042,0.00339734,0.00340434
0.1046,0,0
0.105,0.00369145,0.00369971
0.1054,0,0
0.1058,0,0
0.1062,0.00351145,0.00351893
0.1066,0,0
0.107,0.00397257,0.00398214
0.1074,0,0
0.1078,0.0036137,0.00362162
0.1082,0,0
0.1086,0,0
0.109,0.0040771,0.00408718
0.1094,0,0
0.1098,0,0
0.1102,0.0041101,0.00412035
0.1106,0,0
0.111,0,0
0.1114,0,0
0.1118,0,0
0.1122,0,0
0.1126,0.00877505,0.00622147
0.113,0,0
0.1134,0,0
0.1138,0,0
0.1142,0.00828357,0.00587213
0.1146,0.00434651,0.00435799
0.115,0,0
0.1154,0.0046991,0.00471251
0.1158,0,0
0.1162,0,0
0.1166,0,0
0.117,0,0
0.1174,0,0
0.1178,0.00434423,0.00435571
0.1182,0.00480523,0.00481927
0.1186,0.00518584,0.00520218
0.119,0.00518544,0.00520178
0.1194,0,0
0.1198,0.0100338,0.00711822
