# X , Y , E Distribution=true
1
-0.1198,0,0
-0.1194,0,0
-0.119,0,0
-0.1186,0,0
-0.1182,0,0
-0.1178,0,0
-0.1174,0.0123014,0.0123241
-0.117,0.0132202,0.0132464
-0.1166,0,0
-0.1162,0,0
-0.1158,0,0
-0.1154,0,0
-0.115,0,0
-0.1146,0,0
-0.1142,0,0
-0.1138,0,0
-0.1134,0,0
-0.113,0,0
-0.1126,0,0
-0.1122,0,0
-0.1118,0.0129691,0.0129943
-0.1114,0,0
-0.111,0,0
-0.1106,0,0
-0.1102,0,0
-0.1098,0,0
-0.1094,0,0
-0.109,0,0
-0.1086,0,0
-0.1082,0,0
-0.1078,0,0
-0.1074,0,0
-0.107,0,0
-0.1066,0,0
-0.1062,0,0
-0.1058,0,0
-0.1054,0,0
-0.105,0,0
-0.1046,0,0
-0.1042,0,0
-0.1038,0,0
-0.1034,0,0
-0.103,0,0
-0.1026,0,0
-0.1022,0,0
-0.1018,0,0
-0.1014,0,0
-0.101,0,0
-0.1006,0,0
-0.1002,0,0
-0.0998,0,0
-0.0994,0,0
-0.099,0,0
-0.0986,0,0
-0.0982,0,0
-0.0978,0,0
-0.0974,0,0
-0.097,0,0
-0.0966,0,0
-0.0962,0,0
-0.0958,0,0
-0.0954,0,0
-0.095,0,0
-0.0946,0,0
-0.0942,0,0
-0.0938,0,0
-0.0934,0,0
-0.093,0,0
-0.0926,0.0122885,0.0123109
-0.0922,0,0
-0.0918,0,0
-0.0914,0,0
-0.091,0,0
-0.0906,0,0
-0.0902,0,0
-0.0898,0,0
-0.0894,0,0
-0.089,0,0
-0.0886,0,0
-0.0882,0,0
-0.0878,0,0
-0.0874,0,0
-0.087,0,0
-0.0866,0,0
-0.0862,0,0
-0.0858,0,0
-0.0854,0,0
-0.085,0,0
-0.0846,0,0
-0.0842,0,0
-0.0838,0,0
-0.0834,0,0
-0.083,0,0
-0.0826,0,0
-0.0822,0,0
-0.0818,0,0
-0.0814,0.0122147,0.0122367
-0.081,0,0
-0.0806,0.0133376,0.0133638
-0.0802,0,0
-0.0798,0,0
-0.0794,0,0
-0.079,0,0
-0.0786,0,0
-0.0782,0,0
-0.0778,0,0
-0.0774,0,0
-0.077,0,0
-0.0766,0,0
-0.0762,0,0
-0.0758,0,0
-0.0754,0,0
-0.075,0,0
-0.0746,0,0
-0.0742,0,0
-0.0738,0,0
-0.0734,0,0
-0.073,0.00764482,0.0100928
-0.0726,0,0
-0.0722,0,0
-0.0718,0,0
-0.0714,0.0126471,0.0126706
-0.071,0.0127484,0.0127723
-0.0706,0,0
-0.0702,0,0
-0.0698,0,0
-0.0694,0,0
-0.069,0,0
-0.0686,0,0
-0.0682,0.0126889,0.0127125
-0.0678,0,0
-0.0674,0,0
-0.067,0,0
-0.0666,0,0
-0.0662,0.0134373,0.0134637
-0.0658,0,0
-0.0654,0.0135264,0.0135532
-0.065,0,0
-0.0646,0,0
-0.0642,0,0
-0.0638,0,0
-0.0634,0.0123794,0.0124019
-0.063,0,0
-0.0626,0,0
-0.0622,0,0
-0.0618,0,0
-0.0614,0,0
-0.061,0,0
-0.0606,0,0
-0.0602,0,0
-0.0598,0,0
-0.0594,0,0
-0.059,0,0
-0.0586,0.0112326,0.011251
-0.0582,0,0
-0.0578,0.0132803,0.0133061
-0.0574,0,0
-0.057,0.0180793,0.0149904
-0.0566,0,0
-0.0562,0,0
-0.0558,0,0
-0.0554,0,0
-0.055,0,0
-0.0546,0.0133629,0.0133889
-0.0542,0,0
-0.0538,0,0
-0.0534,0,0
-0.053,0.00843081,0.0104142
-0.0526,0,0
-0.0522,0,0
-0.0518,0,0
-0.0514,0,0
-0.051,0,0
-0.0506,0,0
-0.0502,0,0
-0.0498,0,0
-0.0494,0,0
-0.049,0,0
-0.0486,0,0
-0.0482,0.0132626,0.0132882
-0.0478,0.0128161,0.01284
-0.0474,0,0
-0.047,0,0
-0.0466,0,0
-0.0462,0,0
-0.0458,0,0
-0.0454,0,0
-0.045,0,0
-0.0446,0.0122614,0.0122832
-0.0442,0.0201526,0.0156617
-0.0438,0.00164683,0.00454518
-0.0434,0,0
-0.043,0,0
-0.0426,0,0
-0.0422,0,0
-0.0418,0,0
-0.0414,0,0
-0.041,0,0
-0.0406,0,0
-0.0402,0,0
-0.0398,0,0
-0.0394,0,0
-0.039,0.0126114,0.0126345
-0.0386,0,0
-0.0382,0,0
-0.0378,0,0
-0.0374,0,0
-0.037,0,0
-0.0366,0,0
-0.0362,0.0144073,0.0144373
-0.0358,0,0
-0.0354,0,0
-0.035,0,0
-0.0346,0,0
-0.0342,0,0
-0.0338,0,0
-0.0334,0.0130155,0.0130399
-0.033,0,0
-0.0326,0,0
-0.0322,0,0
-0.0318,0,0
-0.0314,0,0
-0.031,0.00452689,0.00742651
-0.0306,0,0
-0.0302,0,0
-0.0298,0,0
-0.0294,0,0
-0.029,0,0
-0.0286,0.00639348,0.00917548
-0.0282,0,0
-0.0278,0.0121421,0.0121634
-0.0274,0,0
-0.027,0,0
-0.0266,0,0
-0.0262,0,0
-0.0258,0,0
-0.0254,0,0
-0.025,0,0
-0.0246,0.0129132,0.0129371
-0.0242,0,0
-0.0238,0,0
-0.0234,0.010276,0.0117348
-0.023,0,0
-0.0226,0,0
-0.0222,0,0
-0.0218,0,0
-0.0214,0,0
-0.021,0,0
-0.0206,0,0
-0.0202,0.0125325,0.0125551
-0.0198,0,0
-0.0194,0,0
-0.019,0,0
-0.0186,0,0
-0.0182,0,0
-0.0178,0.0126498,0.0126727
-0.0174,0,0
-0.017,0,0
-0.0166,0,0
-0.0162,0,0
-0.0158,0,0
-0.0154,0.025114,0.0177903
-0.015,0,0
-0.0146,0,0
-0.0142,0,0
-0.0138,0,0
-0.0134,0.0127375,0.0127606
-0.013,0,0
-0.0126,0,0
-0.0122,0,0
-0.0118,0,0
-0.0114,0.0126093,0.012632
-0.011,0,0
-0.0106,0.00553925,0.00828849
-0.0102,0.0124847,0.0125069
-0.0098,0.0116963,0.0117158
-0.0094,0.0124012,0.0124231
-0.009,0,0
-0.0086,0,0
-0.0082,0.0125161,0.0125385
-0.0078,0,0
-0.0074,0.0121358,0.0121568
-0.007,0,0
-0.0066,0,0
-0.0062,0.0128234,0.0128468
-0.0058,0,0
-0.0054,0,0
-0.005,0.0264075,0.0187083
-0.0046,0,0
-0.0042,0.0267499,0.0189511
-0.0038,0.0769796,0.0314849
-0.0034,0.120594,0.0393356
-0.003,0.181629,0.0473574
-0.0026,0.421696,0.07593
-0.0022,0.747694,0.0983417
-0.0018,1.59519,0.144155
-0.0014,2.78492,0.190497
-0.001,4.06378,0.226631
-0.0006,4.87128,0.247526
-0.0002,5.79311,0.263703
0.0002,4.93932,0.244096
0.0006,3.68164,0.214555
0.001,2.71565,0.191931
0.0014,1.6082,0.148219
0.0018,0.751708,0.0996054
0.0022,0.302217,0.061885
0.0026,0.106732,0.0378285
0.003,0,0
0.0034,0.0081584,0.0103079
0.0038,0,0
0.0042,0,0
0.0046,0.0134061,0.0132499
0.005,0.0264992,0.0187869
0.0054,0,0
0.0058,0,0
0.0062,0,0
0.0066,0,0
0.007,0,0
0.0074,0,0
0.0078,0,0
0.0082,0,0
0.0086,0.0117648,0.0117843
0.009,0,0
0.0094,0,0
0.0098,0,0
0.0102,0,0
0.0106,0,0
0.011,0,0
0.0114,0,0
0.0118,0,0
0.0122,0,0
0.0126,0,0
0.013,0,0
0.0134,0,0
0.0138,0.00667608,0.00912976
0.0142,0.0209242,0.0166165
0.0146,0,0
0.015,0.0130217,0.0132298
0.0154,0,0
0.0158,0,0
0.0162,0.0134429,0.0134683
0.0166,0.0124277,0.0124494
0.017,0.0132338,0.0132585
0.0174,0,0
0.0178,0,0
0.0182,0,0
0.0186,0.0130613,0.0130853
0.019,0.0127561,0.012779
0.0194,0,0
0.0198,0,0
0.0202,0,0
0.0206,0,0
0.021,0,0
0.0214,0,0
0.0218,0,0
0.0222,0.0124873,0.0125092
0.0226,0,0
0.023,0,0
0.0234,0,0
0.0238,0,0
0.0242,0.0126455,0.0126679
0.0246,0,0
0.025,0,0
0.0254,0,0
0.0258,0,0
0.0262,0.025374,0.0179741
0.0266,0,0
0.027,0,0
0.0274,0.0131706,0.0131949
0.0278,0,0
0.0282,0.000163269,0.00141495
0.0286,0,0
0.029,0.0120581,0.0120784
0.0294,0,0
0.0298,0,0
0.0302,0,0
0.0306,0,0
0.031,0.00614104,0.00953998
0.0314,0,0
0.0318,0,0
0.0322,0,0
0.0326,0,0
0.033,0,0
0.0334,0,0
0.0338,0,0
0.0342,0,0
0.0346,0,0
0.035,0,0
0.0354,0,0
0.0358,0,0
0.0362,0,0
0.0366,0,0
0.037,0,0
0.0374,0,0
0.0378,0,0
0.0382,0,0
0.0386,0,0
0.039,0,0
0.0394,0,0
0.0398,0,0
0.0402,0,0
0.0406,0,0
0.041,0,0
0.0414,0,0
0.0418,0,0
0.0422,0,0
0.0426,0,0
0.043,0,0
0.0434,0,0
0.0438,0,0
0.0442,0,0
0.0446,0,0
0.045,0.0121875,0.0122081
0.0454,0,0
0.0458,0,0
0.0462,0,0
0.0466,0,0
0.047,0,0
0.0474,0,0
0.0478,0,0
0.0482,0,0
0.0486,0,0
0.049,0,0
0.0494,0,0
0.0498,0,0
0.0502,0,0
0.0506,0,0
0.051,0,0
0.0514,0,0
0.0518,0,0
0.0522,0,0
0.0526,0,0
0.053,0,0
0.0534,0.0133616,0.0133862
0.0538,0,0
0.0542,0,0
0.0546,0,0
0.055,0,0
0.0554,0,0
0.0558,0.0132517,0.0132759
0.0562,0,0
0.0566,0,0
0.057,0.0125854,0.0126073
0.0574,0,0
0.0578,0,0
0.0582,0,0
0.0586,0,0
0.059,0,0
0.0594,0,0
0.0598,0,0
0.0602,0,0
0.0606,0,0
0.061,0.0121682,0.0121886
0.0614,0,0
0.0618,0,0
0.0622,0,0
0.0626,0,0
0.063,0.0129884,0.0130116
0.0634,0.013093,0.0131166
0.0638,0,0
0.0642,0.0129655,0.0129886
0.0646,0,0
0.065,0,0
0.0654,0,0
0.0658,0,0
0.0662,0,0
0.0666,0,0
0.067,0,0
0.0674,0,0
0.0678,0,0
0.0682,0,0
0.0686,0,0
0.069,0,0
0.0694,0,0
0.0698,0.0133152,0.0133395
0.0702,0,0
0.0706,0,0
0.071,0,0
0.0714,0,0
0.0718,0,0
0.0722,0,0
0.0726,0,0
0.073,0,0
0.0734,0.0119592,0.0119788
0.0738,0,0
0.0742,0,0
0.0746,0,0
0.075,0,0
0.0754,0,0
0.0758,0,0
0.0762,0,0
0.0766,0.0125155,0.0127286
0.077,0,0
0.0774,0.0265799,0.018829
0.0778,0,0
0.0782,0,0
0.0786,0,0
0.079,0,0
0.0794,0,0
0.0798,0,0
0.0802,0,0
0.0806,0,0
0.081,0,0
0.0814,0,0
0.0818,0,0
0.0822,0.0101209,0.0118569
0.0826,0,0
0.083,0,0
0.0834,0,0
0.0838,0,0
0.0842,0,0
0.0846,0,0
0.085,0,0
0.0854,0.0125397,0.0125611
0.0858,0,0
0.0862,0,0
0.0866,0,0
0.087,0,0
0.0874,0,0
0.0878,0.0133581,0.0133823
0.0882,0,0
0.0886,0,0
0.089,0,0
0.0894,0,0
0.0898,0.0129476,0.0129703
0.0902,0,0
0.0906,0,0
0.091,0.0136851,0.0137105
0.0914,0.0135648,0.0135897
0.0918,0,0
0.0922,0,0
0.0926,0,0
0.093,0,0
0.0934,0,0
0.0938,0,0
0.0942,0,0
0.0946,0,0
0.095,0,0
0.0954,0,0
0.0958,0.0131363,0.0131596
0.0962,0,0
0.0966,0,0
0.097,0,0
0.0974,0,0
0.0978,0,0
0.0982,0,0
0.0986,0,0
0.099,0.00079664,0.00344995
0.0994,0,0
0.0998,0,0
0.1002,0,0
0.1006,0,0
0.101,0,0
0.1014,0,0
0.1018,0,0
0.1022,0,0
0.1026,0,0
0.103,0,0
0.1034,0,0
0.1038,0,0
0.1042,0.0149166,0.0149465
0.1046,0,0
0.105,0,0
0.1054,0,0
0.1058,0,0
0.1062,0,0
0.1066,0,0
0.107,0,0
0.1074,0.0167394,0.016777
0.1078,0,0
0.1082,0,0
0.1086,0,0
0.109,0,0
0.1094,0,0
0.1098,0,0
0.1102,0,0
0.1106,0,0
0.111,0,0
0.1114,0,0
0.1118,0,0
0.1122,0,0
0.1126,0,0
0.113,0,0
0.1134,0,0
0.1138,0.00239551,0.00666369
0.1142,0,0
0.1146,0,0
0.115,0,0
0.1154,0,0
0.1158,0,0
0.1162,0,0
0.1166,0.0223766,0.0224434
0.117,0,0
0.1174,0,0
0.1178,0.021764,0.0218271
0.1182,0.0224502,0.0225173
0.1186,0,0
0.119,0,0
0.1194,0,0
0.1198,0.0230888,0.0231597
2
-0.1198,0,0
-0.1194,0.00474054,0.00517058
-0.119,0,0
-0.1186,0,0
-0.1182,0,0
-0.1178,0,0
-0.1174,0,0
-0.117,0,0
-0.1166,0,0
-0.1162,0,0
-0.1158,0,0
-0.1154,0.00560144,0.00561148
-0.115,0,0
-0.1146,0,0
-0.1142,0,0
-0.1138,0,0
-0.1134,0,0
-0.113,0,0
-0.1126,0,0
-0.1122,0,0
-0.1118,0,0
-0.1114,0,0
-0.111,0,0
-0.1106,0,0
-0.1102,0,0
-0.1098,0,0
-0.1094,0,0
-0.109,0,0
-0.1086,0,0
-0.1082,0,0
-0.1078,0,0
-0.1074,0,0
-0.107,0,0
-0.1066,0,0
-0.1062,0,0
-0.1058,0,0
-0.1054,0,0
-0.105,0,0
-0.1046,0,0
-0.1042,0,0
-0.1038,0,0
-0.1034,0,0
-0.103,0.00536964,0.00537885
-0.1026,0,0
-0.1022,0,0
-0.1018,0,0
-0.1014,0,0
-0.101,0,0
-0.1006,0,0
-0.1002,0,0
-0.0998,0.00570842,0.00571881
-0.0994,0.0058267,0.00583752
-0.099,0,0
-0.0986,0,0
-0.0982,0,0
-0.0978,0,0
-0.0974,0.00630208,0.00631474
-0.097,0,0
-0.0966,0,0
-0.0962,0.00591056,0.00592169
-0.0958,0,0
-0.0954,0,0
-0.095,0,0
-0.0946,0,0
-0.0942,0,0
-0.0938,0,0
-0.0934,0.00631442,0.00632711
-0.093,0,0
-0.0926,0,0
-0.0922,0,0
-0.0918,0,0
-0.0914,0,0
-0.091,0,0
-0.0906,0,0
-0.0902,0,0
-0.0898,0,0
-0.0894,0,0
-0.089,0,0
-0.0886,0,0
-0.0882,0,0
-0.0878,0,0
-0.0874,0,0
-0.087,0,0
-0.0866,0,0
-0.0862,0,0
-0.0858,0,0
-0.0854,0,0
-0.085,0.00651214,0.00652561
-0.0846,0,0
-0.0842,0,0
-0.0838,0,0
-0.0834,0,0
-0.083,0,0
-0.0826,0,0
-0.0822,0,0
-0.0818,0,0
-0.0814,0,0
-0.081,0,0
-0.0806,0,0
-0.0802,0.00607451,0.00608622
-0.0798,0,0
-0.0794,0,0
-0.079,0,0
-0.0786,0,0
-0.0782,0,0
-0.0778,0,0
-0.0774,0,0
-0.077,0.00551409,0.00552373
-0.0766,0.0055146,0.00552425
-0.0762,0,0
-0.0758,0,0
-0.0754,0.0056663,0.00567648
-0.075,0,0
-0.0746,0,0
-0.0742,0.00531551,0.00532447
-0.0738,0.00598451,0.00599586
-0.0734,0,0
-0.073,0.00260565,0.00400925
-0.0726,0,0
-0.0722,0,0
-0.0718,0,0
-0.0714,0,0
-0.071,0,0
-0.0706,0,0
-0.0702,0,0
-0.0698,0,0
-0.0694,0,0
-0.069,0.00560698,0.00561694
-0.0686,0,0
-0.0682,0.00598292,0.00599425
-0.0678,0,0
-0.0674,0,0
-0.067,0.00615067,0.00616264
-0.0666,0,0
-0.0662,0,0
-0.0658,0,0
-0.0654,0.00625063,0.00626299
-0.065,0,0
-0.0646,0,0
-0.0642,0,0
-0.0638,0,0
-0.0634,0,0
-0.063,0,0
-0.0626,0.00624096,0.00625327
-0.0622,0.00592666,0.00593777
-0.0618,0,0
-0.0614,0,0
-0.061,0,0
-0.0606,0,0
-0.0602,0,0
-0.0598,0,0
-0.0594,0,0
-0.059,0,0
-0.0586,0,0
-0.0582,0,0
-0.0578,0,0
-0.0574,0,0
-0.057,0.00322187,0.0043985
-0.0566,0,0
-0.0562,0,0
-0.0558,0,0
-0.0554,0,0
-0.055,0,0
-0.0546,0,0
-0.0542,0,0
-0.0538,0,0
-0.0534,0,0
-0.053,0,0
-0.0526,0,0
-0.0522,0.00596771,0.00597894
-0.0518,0,0
-0.0514,0,0
-0.051,0,0
-0.0506,0,0
-0.0502,0.0103823,0.00815142
-0.0498,0,0
-0.0494,0,0
-0.049,0,0
-0.0486,0,0
-0.0482,0,0
-0.0478,0,0
-0.0474,0,0
-0.047,0,0
-0.0466,0.00255715,0.00407359
-0.0462,0,0
-0.0458,0.00571931,0.00572961
-0.0454,0,0
-0.045,0,0
-0.0446,0,0
-0.0442,0,0
-0.0438,0.00498965,0.00536456
-0.0434,0,0
-0.043,0,0
-0.0426,0.00596233,0.00597352
-0.0422,0,0
-0.0418,0,0
-0.0414,0,0
-0.041,0,0
-0.0406,0.00541079,0.00542001
-0.0402,0,0
-0.0398,0,0
-0.0394,0.00582723,0.00583791
-0.039,0,0
-0.0386,0,0
-0.0382,0,0
-0.0378,0.00576213,0.00577257
-0.0374,0,0
-0.037,0,0
-0.0366,0.00585974,0.00587053
-0.0362,0,0
-0.0358,0,0
-0.0354,0,0
-0.035,0,0
-0.0346,0,0
-0.0342,0.00587765,0.00588851
-0.0338,0,0
-0.0334,0,0
-0.033,0,0
-0.0326,0,0
-0.0322,0,0
-0.0318,0,0
-0.0314,0,0
-0.031,0.00349071,0.0044156
-0.0306,0,0
-0.0302,0,0
-0.0298,0,0
-0.0294,0,0
-0.029,0,0
-0.0286,0.00308141,0.00431184
-0.0282,0.00556213,0.00557184
-0.0278,0,0
-0.0274,0.00576984,0.00578029
-0.027,0,0
-0.0266,0,0
-0.0262,0,0
-0.0258,0,0
-0.0254,0,0
-0.025,0.00533883,0.00534776
-0.0246,0,0
-0.0242,0.00622321,0.00623535
-0.0238,0,0
-0.0234,0,0
-0.023,0.00552364,0.0055332
-0.0226,0,0
-0.0222,0,0
-0.0218,0,0
-0.0214,0.00636029,0.00637296
-0.021,0.0124818,0.00884324
-0.0206,0,0
-0.0202,0,0
-0.0198,0,0
-0.0194,0,0
-0.019,0,0
-0.0186,0.00606522,0.00607674
-0.0182,0,0
-0.0178,0.00578003,0.00579049
-0.0174,0,0
-0.017,0,0
-0.0166,0,0
-0.0162,0,0
-0.0158,0,0
-0.0154,0.00195268,0.00335216
-0.015,0,0
-0.0146,0.0133757,0.00947784
-0.0142,0,0
-0.0138,0,0
-0.0134,0.00581344,0.00582401
-0.013,0.0056431,0.00565305
-0.0126,0,0
-0.0122,0,0
-0.0118,0.00575146,0.0057618
-0.0114,0,0
-0.011,0.00590399,0.00591489
-0.0106,0.00311008,0.00419419
-0.0102,0,0
-0.0098,0,0
-0.0094,0,0
-0.009,0,0
-0.0086,0,0
-0.0082,0.00570445,0.00571461
-0.0078,0.00564063,0.00565057
-0.0074,0.0058328,0.00584343
-0.007,0.0116665,0.00826452
-0.0066,0,0
-0.0062,0.017523,0.0101354
-0.0058,0.0117883,0.00841906
-0.0054,0,0
-0.005,0.00603455,0.00604591
-0.0046,0.0162594,0.00982245
-0.0042,0.0362828,0.0148423
-0.0038,0.0241794,0.0119094
-0.0034,0.0266208,0.012482
-0.003,0.0722542,0.0201132
-0.0026,0.143002,0.0298651
-0.0022,0.278305,0.0404586
-0.0018,0.317162,0.043334
-0.0014,0.780919,0.0679777
-0.001,1.17958,0.0822208
-0.0006,1.58886,0.0951678
-0.0002,1.75362,0.0976737
0.0002,1.71477,0.0969216
0.0006,1.46969,0.0913682
0.001,1.03052,0.0795605
0.0014,0.644695,0.0632778
0.0018,0.315025,0.0433779
0.0022,0.0879759,0.0225605
0.0026,0.0668424,0.0200954
0.003,0.0207861,0.011025
0.0034,0.0110496,0.00784443
0.0038,0,0
0.0042,0.0113612,0.00805526
0.0046,0.0304237,0.0136741
0.005,0,0
0.0054,0,0
0.0058,0.00597035,0.00598145
0.0062,0.00557788,0.00558757
0.0066,0.00576385,0.00577419
0.007,0,0
0.0074,0.0112055,0.00793732
0.0078,0,0
0.0082,0.0128727,0.00912062
0.0086,0,0
0.009,0.0118307,0.00838095
0.0094,0,0
0.0098,0,0
0.0102,0,0
0.0106,0.0117872,0.00835009
0.011,0.00589384,0.00590465
0.0114,0,0
0.0118,0,0
0.0122,0,0
0.0126,0.00563688,0.00564676
0.013,0,0
0.0134,0,0
0.0138,0.00824277,0.00682576
0.0142,0,0
0.0146,0,0
0.015,0.00622691,0.00615444
0.0154,0,0
0.0158,0,0
0.0162,0,0
0.0166,0,0
0.017,0,0
0.0174,0,0
0.0178,0,0
0.0182,0.00590357,0.00591439
0.0186,0.00380165,0.00464318
0.019,0,0
0.0194,0.0120245,0.0085257
0.0198,0,0
0.0202,0.0104845,0.00742572
0.0206,0.00551536,0.00552481
0.021,0.00534216,0.00535102
0.0214,0,0
0.0218,0,0
0.0222,0.00563824,0.00564811
0.0226,0.00555641,0.00556599
0.023,0.00577106,0.00578139
0.0234,0.00153708,0.00301799
0.0238,0,0
0.0242,0.00570573,0.00571583
0.0246,0.00571405,0.00572418
0.025,0,0
0.0254,0,0
0.0258,0,0
0.0262,0.00572095,0.0057311
0.0266,0,0
0.027,0.0112729,0.00798509
0.0274,0,0
0.0278,0,0
0.0282,0.00543335,0.00547935
0.0286,0.00538912,0.00539812
0.029,0,0
0.0294,0,0
0.0298,0.00600931,0.00602049
0.0302,0,0
0.0306,0.00551693,0.00552636
0.031,0.00387982,0.00508775
0.0314,0,0
0.0318,0,0
0.0322,0.0055249,0.00553435
0.0326,0.0169891,0.00983175
0.033,0.00579839,0.0058088
0.0334,0,0
0.0338,0.00554458,0.0055541
0.0342,0.00548146,0.00549076
0.0346,0.00548202,0.00549132
0.035,0,0
0.0354,0,0
0.0358,0,0
0.0362,0,0
0.0366,0,0
0.037,0,0
0.0374,0,0
0.0378,0,0
0.0382,0,0
0.0386,0,0
0.039,0,0
0.0394,0,0
0.0398,0,0
0.0402,0.00626769,0.00627983
0.0406,0.00582813,0.00583864
0.041,0.00580786,0.00581828
0.0414,0,0
0.0418,0.00594259,0.00595351
0.0422,0,0
0.0426,0,0
0.043,0,0
0.0434,0,0
0.0438,0,0
0.0442,0.00598595,0.00599702
0.0446,0,0
0.045,0,0
0.0454,0,0
0.0458,0,0
0.0462,0.00383121,0.00457905
0.0466,0.0119086,0.00844104
0.047,0,0
0.0474,0,0
0.0478,0,0
0.0482,0.0057554,0.00576562
0.0486,0.0113516,0.0080417
0.049,0,0
0.0494,0.00608106,0.00609247
0.0498,0,0
0.0502,0,0
0.0506,0.00599791,0.006009
0.051,0,0
0.0514,0,0
0.0518,0,0
0.0522,0,0
0.0526,0.00611919,0.00613073
0.053,0,0
0.0534,0.00311543,0.0043238
0.0538,0,0
0.0542,0.00637756,0.00639009
0.0546,0,0
0.055,0,0
0.0554,0,0
0.0558,0,0
0.0562,0,0
0.0566,0,0
0.057,0,0
0.0574,0,0
0.0578,0,0
0.0582,0,0
0.0586,0,0
0.059,0,0
0.0594,0.00620461,0.00621646
0.0598,0,0
0.0602,0,0
0.0606,0,0
0.061,0,0
0.0614,0.00548901,0.00549828
0.0618,0,0
0.0622,0.00623634,0.0062483
0.0626,0,0
0.063,0,0
0.0634,0.00561788,0.00562758
0.0638,0,0
0.0642,0,0
0.0646,0,0
0.065,0,0
0.0654,0,0
0.0658,0,0
0.0662,0,0
0.0666,0,0
0.067,0.00591061,0.00592134
0.0674,0,0
0.0678,0,0
0.0682,0,0
0.0686,0,0
0.069,0,0
0.0694,0,0
0.0698,0,0
0.0702,0,0
0.0706,0,0
0.071,0,0
0.0714,0,0
0.0718,0,0
0.0722,0,0
0.0726,0.00574716,0.00575729
0.073,0,0
0.0734,0,0
0.0738,0,0
0.0742,0,0
0.0746,0,0
0.075,0,0
0.0754,0.00634215,0.00635448
0.0758,0,0
0.0762,0,0
0.0766,0.000170859,0.00099152
0.077,0,0
0.0774,0,0
0.0778,0,0
0.0782,0,0
0.0786,0,0
0.079,0,0
0.0794,0,0
0.0798,0,0
0.0802,0.00558316,0.00559271
0.0806,0.0053076,0.00531622
0.081,0,0
0.0814,0,0
0.0818,0,0
0.0822,0.00164979,0.00318898
0.0826,0,0
0.083,0,0
0.0834,0,0
0.0838,0,0
0.0842,0,0
0.0846,0,0
0.085,0,0
0.0854,0.00555959,0.00556905
0.0858,0,0
0.0862,0,0
0.0866,0,0
0.087,0,0
0.0874,0,0
0.0878,0,0
0.0882,0,0
0.0886,0,0
0.089,0.00562552,0.00563519
0.0894,0,0
0.0898,0,0
0.0902,0,0
0.0906,0,0
0.091,0,0
0.0914,0,0
0.0918,0,0
0.0922,0.00628377,0.00629583
0.0926,0.00538723,0.00539609
0.093,0,0
0.0934,0,0
0.0938,0,0
0.0942,0,0
0.0946,0,0
0.095,0,0
0.0954,0,0
0.0958,0,0
0.0962,0,0
0.0966,0,0
0.097,0,0
0.0974,0,0
0.0978,0,0
0.0982,0,0
0.0986,0.00603925,0.00605037
0.099,0.0188306,0.0110002
0.0994,0,0
0.0998,0,0
0.1002,0,0
0.1006,0,0
0.101,0,0
0.1014,0,0
0.1018,0,0
0.1022,0,0
0.1026,0,0
0.103,0,0
0.1034,0,0
0.1038,0,0
0.1042,0,0
0.1046,0,0
0.105,0,0
0.1054,0,0
0.1058,0.0074022,0.00741886
0.1062,0,0
0.1066,0,0
0.107,0,0
0.1074,0,0
0.1078,0,0
0.1082,0,0
0.1086,0,0
0.109,0,0
0.1094,0,0
0.1098,0,0
0.1102,0,0
0.1106,0,0
0.111,0.00797935,0.00799868
0.1114,0,0
0.1118,0,0
0.1122,0,0
0.1126,0.00796449,0.00798374
0.113,0,0
0.1134,0,0
0.1138,0.00705969,0.00758683
0.1142,0,0
0.1146,0,0
0.115,0.00911001,0.00913518
0.1154,0,0
0.1158,0,0
0.1162,0,0
0.1166,0,0
0.117,0,0
0.1174,0,0
0.1178,0,0
0.1182,0,0
0.1186,0,0
0.119,0,0
0.1194,0,0
0.1198,0,0
3
-0.1198,0,0
-0.1194,0.000915849,0.00232
-0.119,0,0
-0.1186,0,0
-0.1182,0,0
-0.1178,0.00664654,0.00666011
-0.1174,0,0
-0.117,0,0
-0.1166,0,0
-0.1162,0.00626372,0.00627576
-0.1158,0,0
-0.1154,0,0
-0.115,0,0
-0.1146,0,0
-0.1142,0,0
-0.1138,0,0
-0.1134,0.00621356,0.00622541
-0.113,0,0
-0.1126,0,0
-0.1122,0,0
-0.1118,0,0
-0.1114,0,0
-0.111,0,0
-0.1106,0,0
-0.1102,0,0
-0.1098,0,0
-0.1094,0,0
-0.109,0,0
-0.1086,0,0
-0.1082,0,0
-0.1078,0,0
-0.1074,0.00607992,0.00655725
-0.107,0,0
-0.1066,0,0
-0.1062,0,0
-0.1058,0,0
-0.1054,0,0
-0.105,0,0
-0.1046,0,0
-0.1042,0,0
-0.1038,0.00615491,0.00616649
-0.1034,0,0
-0.103,0,0
-0.1026,0,0
-0.1022,0,0
-0.1018,0,0
-0.1014,0,0
-0.101,0,0
-0.1006,0,0
-0.1002,0,0
-0.0998,0.00634709,0.00635938
-0.0994,0,0
-0.099,0,0
-0.0986,0,0
-0.0982,0,0
-0.0978,0,0
-0.0974,0,0
-0.097,0,0
-0.0966,0,0
-0.0962,0,0
-0.0958,0,0
-0.0954,0,0
-0.095,0,0
-0.0946,0,0
-0.0942,0,0
-0.0938,0.00611878,0.00613018
-0.0934,0,0
-0.093,0,0
-0.0926,0,0
-0.0922,0,0
-0.0918,0.00313481,0.00432986
-0.0914,0,0
-0.091,0,0
-0.0906,0,0
-0.0902,0,0
-0.0898,0,0
-0.0894,0,0
-0.089,0,0
-0.0886,0,0
-0.0882,0,0
-0.0878,0,0
-0.0874,0,0
-0.087,0,0
-0.0866,0,0
-0.0862,0,0
-0.0858,0.00617392,0.00618548
-0.0854,0.00682587,0.00684
-0.085,0,0
-0.0846,0,0
-0.0842,0.00582411,0.00583439
-0.0838,0,0
-0.0834,0.00641121,0.00642366
-0.083,0.0058273,0.00583759
-0.0826,0,0
-0.0822,0,0
-0.0818,0,0
-0.0814,0,0
-0.081,0,0
-0.0806,0,0
-0.0802,0,0
-0.0798,0,0
-0.0794,0,0
-0.079,0.00678365,0.00679755
-0.0786,0,0
-0.0782,0,0
-0.0778,0,0
-0.0774,0,0
-0.077,0,0
-0.0766,0,0
-0.0762,0,0
-0.0758,0,0
-0.0754,0,0
-0.075,0,0
-0.0746,0,0
-0.0742,0,0
-0.0738,0,0
-0.0734,0.00575678,0.00589214
-0.073,0,0
-0.0726,0,0
-0.0722,0.00604444,0.00605545
-0.0718,0,0
-0.0714,0,0
-0.071,0,0
-0.0706,0,0
-0.0702,0,0
-0.0698,0,0
-0.0694,0,0
-0.069,0,0
-0.0686,0.00655853,0.00657146
-0.0682,0,0
-0.0678,0,0
-0.0674,0,0
-0.067,0,0
-0.0666,0,0
-0.0662,0,0
-0.0658,0,0
-0.0654,0,0
-0.065,0,0
-0.0646,0,0
-0.0642,0,0
-0.0638,0,0
-0.0634,0,0
-0.063,0,0
-0.0626,0,0
-0.0622,0,0
-0.0618,0,0
-0.0614,0.00640962,0.00642193
-0.061,0,0
-0.0606,0,0
-0.0602,0,0
-0.0598,0.00614226,0.00615356
-0.0594,0,0
-0.059,0,0
-0.0586,0,0
-0.0582,0,0
-0.0578,0,0
-0.0574,0,0
-0.057,0,0
-0.0566,0,0
-0.0562,0,0
-0.0558,0,0
-0.0554,0,0
-0.055,0,0
-0.0546,0,0
-0.0542,0,0
-0.0538,0,0
-0.0534,0,0
-0.053,0,0
-0.0526,0,0
-0.0522,0,0
-0.0518,0,0
-0.0514,0,0
-0.051,0,0
-0.0506,0,0
-0.0502,0.00250302,0.0041165
-0.0498,0.00668312,0.00669643
-0.0494,0,0
-0.049,0,0
-0.0486,0,0
-0.0482,0,0
-0.0478,0,0
-0.0474,0,0
-0.047,0,0
-0.0466,0.0109789,0.00868549
-0.0462,0,0
-0.0458,0,0
-0.0454,0,0
-0.045,0,0
-0.0446,0,0
-0.0442,0,0
-0.0438,0,0
-0.0434,0,0
-0.043,0,0
-0.0426,0,0
-0.0422,0,0
-0.0418,0,0
-0.0414,0,0
-0.041,0,0
-0.0406,0,0
-0.0402,0,0
-0.0398,0,0
-0.0394,0,0
-0.039,0,0
-0.0386,0,0
-0.0382,0,0
-0.0378,0,0
-0.0374,0,0
-0.037,0,0
-0.0366,0,0
-0.0362,0,0
-0.0358,0,0
-0.0354,0,0
-0.035,0,0
-0.0346,0,0
-0.0342,0,0
-0.0338,0,0
-0.0334,0,0
-0.033,0,0
-0.0326,0,0
-0.0322,0,0
-0.0318,0,0
-0.0314,0,0
-0.031,0,0
-0.0306,0.00604791,0.00605872
-0.0302,0,0
-0.0298,0,0
-0.0294,0,0
-0.029,0,0
-0.0286,0,0
-0.0282,0,0
-0.0278,0,0
-0.0274,0.00677629,0.00678983
-0.027,0,0
-0.0266,0,0
-0.0262,0.0054191,0.00542777
-0.0258,0,0
-0.0254,0,0
-0.025,0,0
-0.0246,0,0
-0.0242,0.00662227,0.00663518
-0.0238,0,0
-0.0234,0,0
-0.023,0,0
-0.0226,0,0
-0.0222,0.00634283,0.00635467
-0.0218,0.00618409,0.00619534
-0.0214,0,0
-0.021,0,0
-0.0206,0.00616505,0.00617623
-0.0202,0,0
-0.0198,0.0058942,0.00590441
-0.0194,0,0
-0.019,0,0
-0.0186,0,0
-0.0182,0,0
-0.0178,0,0
-0.0174,0,0
-0.017,0,0
-0.0166,0.0125273,0.00887444
-0.0162,0,0
-0.0158,0.0120492,0.00853608
-0.0154,0.00721808,0.00665532
-0.015,0.00710143,0.00711622
-0.0146,0,0
-0.0142,0,0
-0.0138,0,0
-0.0134,0,0
-0.013,0,0
-0.0126,0,0
-0.0122,0.00664142,0.00665434
-0.0118,0.00631593,0.00632762
-0.0114,0.00613835,0.00614938
-0.011,0,0
-0.0106,0,0
-0.0102,0.00607721,0.00608802
-0.0098,0,0
-0.0094,0.00603607,0.00604674
-0.009,0,0
-0.0086,0,0
-0.0082,0,0
-0.0078,0,0
-0.0074,0,0
-0.007,0,0
-0.0066,0,0
-0.0062,0.00624008,0.00625147
-0.0058,0.00688613,0.00679152
-0.0054,0,0
-0.005,0.0192512,0.0111356
-0.0046,0.0142352,0.0095094
-0.0042,0.00890232,0.0075833
-0.0038,0.0303578,0.0137918
-0.0034,0.0433418,0.0164122
-0.003,0.0249489,0.0122307
-0.0026,0.0647691,0.0206936
-0.0022,0.172917,0.0329862
-0.0018,0.253946,0.0400945
-0.0014,0.438093,0.0526539
-0.001,0.689828,0.0650385
-0.0006,1.01871,0.0788097
-0.0002,1.00194,0.0763335
0.0002,1.27775,0.08648
0.0006,0.85146,0.0718869
0.001,0.55896,0.060553
0.0014,0.513746,0.0583851
0.0018,0.276856,0.0420569
0.0022,0.0682462,0.0204551
0.0026,0.0691466,0.0211151
0.003,0.0142103,0.00916637
0.0034,0.0181379,0.0105105
0.0038,0.00630031,0.00631186
0.0042,0.00634285,0.00635456
0.0046,0,0
0.005,0.00668875,0.00670176
0.0054,0,0
0.0058,0,0
0.0062,0,0
0.0066,0,0
0.007,0,0
0.0074,0,0
0.0078,0,0
0.0082,0,0
0.0086,0.00619672,0.00620788
0.009,0.0063398,0.00635147
0.0094,0,0
0.0098,0.00591925,0.00592942
0.0102,0,0
0.0106,0.000994903,0.00251184
0.011,0.00631966,0.00633124
0.0114,0,0
0.0118,0.00570278,0.00571222
0.0122,0,0
0.0126,0.00623071,0.00624197
0.013,0.00611899,0.00612984
0.0134,0,0
0.0138,0.00604334,0.00605393
0.0142,0,0
0.0146,0,0
0.015,0,0
0.0154,0,0
0.0158,0.00673646,0.0067496
0.0162,0.00652743,0.00653977
0.0166,0,0
0.017,0,0
0.0174,0,0
0.0178,0,0
0.0182,0,0
0.0186,0.00198592,0.00347748
0.019,0,0
0.0194,0,0
0.0198,0,0
0.0202,0,0
0.0206,0,0
0.021,0.00207139,0.00350919
0.0214,0.00654557,0.00655795
0.0218,0.00663918,0.00665192
0.0222,0,0
0.0226,0,0
0.023,0.0123886,0.00877575
0.0234,0.00469278,0.0054665
0.0238,0,0
0.0242,0,0
0.0246,0,0
0.025,0,0
0.0254,0,0
0.0258,0.00734419,0.00735974
0.0262,0,0
0.0266,0,0
0.027,0,0
0.0274,0,0
0.0278,0,0
0.0282,0,0
0.0286,0,0
0.029,0.0058429,0.00585273
0.0294,0,0
0.0298,0,0
0.0302,0,0
0.0306,0,0
0.031,0,0
0.0314,0.00588268,0.00589264
0.0318,0,0
0.0322,0,0
0.0326,0,0
0.033,0.00624057,0.00625177
0.0334,0,0
0.0338,0,0
0.0342,0,0
0.0346,0,0
0.035,0,0
0.0354,0,0
0.0358,0,0
0.0362,0,0
0.0366,0,0
0.037,0,0
0.0374,0,0
0.0378,0.00600158,0.00601193
0.0382,0.00642493,0.00643678
0.0386,0,0
0.039,0,0
0.0394,0,0
0.0398,0,0
0.0402,0,0
0.0406,0,0
0.041,0,0
0.0414,0,0
0.0418,0.00609408,0.00610474
0.0422,0,0
0.0426,0,0
0.043,0,0
0.0434,0,0
0.0438,0,0
0.0442,0,0
0.0446,0,0
0.045,0,0
0.0454,0,0
0.0458,0,0
0.0462,0.00175041,0.00321405
0.0466,0,0
0.047,0,0
0.0474,0.00646493,0.00647689
0.0478,0,0
0.0482,0,0
0.0486,0,0
0.049,0.0119549,0.00846828
0.0494,0,0
0.0498,0,0
0.0502,0,0
0.0506,0,0
0.051,0.00576981,0.0058587
0.0514,0,0
0.0518,0,0
0.0522,0,0
0.0526,0,0
0.053,0,0
0.0534,0.00309004,0.00447333
0.0538,0,0
0.0542,0,0
0.0546,0,0
0.055,0,0
0.0554,0,0
0.0558,0,0
0.0562,0,0
0.0566,0,0
0.057,0.00607359,0.00608412
0.0574,0,0
0.0578,0,0
0.0582,0,0
0.0586,0,0
0.059,0,0
0.0594,0,0
0.0598,0,0
0.0602,0,0
0.0606,0,0
0.061,0,0
0.0614,0,0
0.0618,0,0
0.0622,0,0
0.0626,0.00667313,0.0066858
0.063,0,0
0.0634,0,0
0.0638,0,0
0.0642,0,0
0.0646,0,0
0.065,0,0
0.0654,0.00671957,0.00673242
0.0658,0,0
0.0662,0,0
0.0666,0,0
0.067,0,0
0.0674,0,0
0.0678,0,0
0.0682,0,0
0.0686,0,0
0.069,0,0
0.0694,0,0
0.0698,0,0
0.0702,0,0
0.0706,0,0
0.071,0.00677301,0.00678603
0.0714,0,0
0.0718,0,0
0.0722,0.00621048,0.00622143
0.0726,0,0
0.073,0,0
0.0734,0,0
0.0738,0,0
0.0742,0,0
0.0746,0,0
0.075,0,0
0.0754,0,0
0.0758,0,0
0.0762,0,0
0.0766,0,0
0.077,0,0
0.0774,0,0
0.0778,0,0
0.0782,0,0
0.0786,0,0
0.079,0,0
0.0794,0,0
0.0798,0,0
0.0802,0,0
0.0806,0,0
0.081,0,0
0.0814,0,0
0.0818,0,0
0.0822,0,0
0.0826,0.00679878,0.00681186
0.083,0,0
0.0834,0.00697347,0.00698722
0.0838,0,0
0.0842,0.00657798,0.00659022
0.0846,0,0
0.085,0,0
0.0854,0,0
0.0858,0,0
0.0862,0,0
0.0866,0,0
0.087,0,0
0.0874,0,0
0.0878,0,0
0.0882,0,0
0.0886,0,0
0.089,0,0
0.0894,0,0
0.0898,0.00620061,0.00621147
0.0902,0,0
0.0906,0,0
0.091,0,0
0.0914,0,0
0.0918,0,0
0.0922,0,0
0.0926,0,0
0.093,0,0
0.0934,0,0
0.0938,0,0
0.0942,0,0
0.0946,0.000867805,0.00242797
0.095,0,0
0.0954,0,0
0.0958,0.00627976,0.00629088
0.0962,0,0
0.0966,0,0
0.097,0,0
0.0974,0,0
0.0978,0,0
0.0982,0,0
0.0986,0.00685569,0.00686894
0.099,0,0
0.0994,0,0
0.0998,0,0
0.1002,0,0
0.1006,0,0
0.101,0,0
0.1014,0,0
0.1018,0,0
0.1022,0,0
0.1026,0,0
0.103,0,0
0.1034,0,0
0.1038,0,0
0.1042,0,0
0.1046,0,0
0.105,0,0
0.1054,0,0
0.1058,0,0
0.1062,0,0
0.1066,0,0
0.107,0,0
0.1074,0,0
0.1078,0,0
0.1082,0,0
0.1086,0,0
0.109,0,0
0.1094,0,0
0.1098,0,0
0.1102,0,0
0.1106,0,0
0.111,0,0
0.1114,0,0
0.1118,0,0
0.1122,0,0
0.1126,0.0172125,0.0122006
0.113,0.00860683,0.00862764
0.1134,0,0
0.1138,0,0
0.1142,0,0
0.1146,0,0
0.115,0,0
0.1154,0.00990458,0.00993211
0.1158,0.00982241,0.00984948
0.1162,0,0
0.1166,0,0
0.117,0,0
0.1174,0.0105617,0.010593
0.1178,0,0
0.1182,0,0
0.1186,0,0
0.119,0,0
0.1194,0,0
0.1198,0,0
4
-0.1198,0,0
-0.1194,0,0
-0.119,0,0
-0.1186,0,0
-0.1182,0,0
-0.1178,0,0
-0.1174,0,0
-0.117,0.00593934,0.00595014
-0.1166,0,0
-0.1162,0,0
-0.1158,0,0
-0.1154,0,0
-0.115,0,0
-0.1146,0,0
-0.1142,0,0
-0.1138,0,0
-0.1134,0,0
-0.113,0,0
-0.1126,0,0
-0.1122,0,0
-0.1118,0,0
-0.1114,0,0
-0.111,0,0
-0.1106,0,0
-0.1102,0,0
-0.1098,0,0
-0.1094,0,0
-0.109,0.00620679,0.00621854
-0.1086,0,0
-0.1082,0,0
-0.1078,0,0
-0.1074,0.000966268,0.00262017
-0.107,0,0
-0.1066,0,0
-0.1062,0,0
-0.1058,0,0
-0.1054,0,0
-0.105,0,0
-0.1046,0.00669848,0.00671213
-0.1042,0,0
-0.1038,0,0
-0.1034,0,0
-0.103,0,0
-0.1026,0,0
-0.1022,0,0
-0.1018,0,0
-0.1014,0,0
-0.101,0,0
-0.1006,0,0
-0.1002,0,0
-0.0998,0,0
-0.0994,0,0
-0.099,0,0
-0.0986,0,0
-0.0982,0.0125118,0.00886399
-0.0978,0,0
-0.0974,0,0
-0.097,0.00645826,0.0064709
-0.0966,0,0
-0.0962,0,0
-0.0958,0,0
-0.0954,0,0
-0.095,0,0
-0.0946,0,0
-0.0942,0,0
-0.0938,0,0
-0.0934,0,0
-0.093,0,0
-0.0926,0,0
-0.0922,0,0
-0.0918,0.0028412,0.00413458
-0.0914,0,0
-0.091,0,0
-0.0906,0,0
-0.0902,0,0
-0.0898,0,0
-0.0894,0,0
-0.089,0.00655409,0.00656705
-0.0886,0,0
-0.0882,0,0
-0.0878,0.00586583,0.00587621
-0.0874,0,0
-0.087,0.00647225,0.00648489
-0.0866,0,0
-0.0862,0,0
-0.0858,0,0
-0.0854,0,0
-0.085,0,0
-0.0846,0.00624334,0.00625509
-0.0842,0,0
-0.0838,0,0
-0.0834,0,0
-0.083,0,0
-0.0826,0,0
-0.0822,0,0
-0.0818,0,0
-0.0814,0,0
-0.081,0,0
-0.0806,0,0
-0.0802,0.00639088,0.00640316
-0.0798,0,0
-0.0794,0,0
-0.079,0,0
-0.0786,0,0
-0.0782,0,0
-0.0778,0,0
-0.0774,0,0
-0.077,0.00596571,0.0059764
-0.0766,0.00582161,0.0058318
-0.0762,0,0
-0.0758,0,0
-0.0754,0,0
-0.075,0,0
-0.0746,0,0
-0.0742,0,0
-0.0738,0,0
-0.0734,0.000253217,0.00123845
-0.073,0,0
-0.0726,0,0
-0.0722,0,0
-0.0718,0,0
-0.0714,0,0
-0.071,0,0
-0.0706,0,0
-0.0702,0,0
-0.0698,0.00643246,0.00644486
-0.0694,0,0
-0.069,0,0
-0.0686,0,0
-0.0682,0.0125217,0.00887123
-0.0678,0,0
-0.0674,0,0
-0.067,0,0
-0.0666,0,0
-0.0662,0,0
-0.0658,0,0
-0.0654,0.006607,0.00662007
-0.065,0,0
-0.0646,0,0
-0.0642,0,0
-0.0638,0,0
-0.0634,0,0
-0.063,0,0
-0.0626,0,0
-0.0622,0,0
-0.0618,0.00626715,0.00627889
-0.0614,0,0
-0.061,0,0
-0.0606,0,0
-0.0602,0.0123099,0.00872042
-0.0598,0,0
-0.0594,0.00167279,0.00340601
-0.059,0,0
-0.0586,0,0
-0.0582,0,0
-0.0578,0,0
-0.0574,0,0
-0.057,0,0
-0.0566,0,0
-0.0562,0,0
-0.0558,0,0
-0.0554,0,0
-0.055,0,0
-0.0546,0,0
-0.0542,0,0
-0.0538,0,0
-0.0534,0,0
-0.053,0,0
-0.0526,0,0
-0.0522,0.00599636,0.00600708
-0.0518,0,0
-0.0514,0,0
-0.051,0,0
-0.0506,0,0
-0.0502,0,0
-0.0498,0,0
-0.0494,0,0
-0.049,0,0
-0.0486,0,0
-0.0482,0,0
-0.0478,0,0
-0.0474,0.00624078,0.00625238
-0.047,0,0
-0.0466,0,0
-0.0462,0,0
-0.0458,0,0
-0.0454,0,0
-0.045,0,0
-0.0446,0,0
-0.0442,0,0
-0.0438,0,0
-0.0434,0,0
-0.043,0,0
-0.0426,0,0
-0.0422,0,0
-0.0418,0,0
-0.0414,0,0
-0.041,0,0
-0.0406,0,0
-0.0402,0,0
-0.0398,0,0
-0.0394,0,0
-0.039,0,0
-0.0386,0,0
-0.0382,0,0
-0.0378,0.00618476,0.00619613
-0.0374,0.0065738,0.00658664
-0.037,0,0
-0.0366,0,0
-0.0362,0.00699524,0.00700978
-0.0358,0,0
-0.0354,0,0
-0.035,0,0
-0.0346,0,0
-0.0342,0.00621695,0.00622843
-0.0338,0,0
-0.0334,0,0
-0.033,0,0
-0.0326,0,0
-0.0322,0,0
-0.0318,0,0
-0.0314,0,0
-0.031,0,0
-0.0306,0.00601936,0.00603012
-0.0302,0,0
-0.0298,0.00604122,0.00605205
-0.0294,0.0117254,0.00830559
-0.029,0,0
-0.0286,0,0
-0.0282,0,0
-0.0278,0,0
-0.0274,0,0
-0.027,0,0
-0.0266,0,0
-0.0262,0,0
-0.0258,0,0
-0.0254,0,0
-0.025,0.00565168,0.00566115
-0.0246,0,0
-0.0242,0.0130307,0.00923195
-0.0238,0.00654049,0.00655317
-0.0234,0.0064557,0.00646806
-0.023,0,0
-0.0226,0,0
-0.0222,0.000420115,0.00162924
-0.0218,0.00613625,0.00614742
-0.0214,0,0
-0.021,0.00659257,0.00660545
-0.0206,0.00687487,0.00688888
-0.0202,0.00611483,0.00612591
-0.0198,0,0
-0.0194,0,0
-0.019,0,0
-0.0186,0,0
-0.0182,0.00612245,0.00613356
-0.0178,0,0
-0.0174,0.00652422,0.00653684
-0.017,0.00652437,0.00653699
-0.0166,0,0
-0.0162,0,0
-0.0158,0.0117524,0.00832469
-0.0154,0.00289872,0.00419595
-0.015,0,0
-0.0146,0,0
-0.0142,0,0
-0.0138,0,0
-0.0134,0,0
-0.013,0,0
-0.0126,0.00595249,0.00596299
-0.0122,0,0
-0.0118,0.00606519,0.0060761
-0.0114,0.0121304,0.00859293
-0.011,0.00622476,0.00623624
-0.0106,0,0
-0.0102,0,0
-0.0098,0,0
-0.0094,0.0116662,0.00826547
-0.009,0,0
-0.0086,0.00626098,0.0062726
-0.0082,0.0122704,0.0086941
-0.0078,0,0
-0.0074,0,0
-0.007,0,0
-0.0066,0.00577994,0.00578985
-0.0062,0,0
-0.0058,0,0
-0.0054,0,0
-0.005,0.00635085,0.00636281
-0.0046,0.00630408,0.00631587
-0.0042,0.00992638,0.0078223
-0.0038,0.0122829,0.00870116
-0.0034,0.0241822,0.0121129
-0.003,0.0342187,0.0142062
-0.0026,0.018611,0.0107796
-0.0022,0.129994,0.0283463
-0.0018,0.280917,0.0418072
-0.0014,0.479067,0.0545962
-0.001,0.667469,0.0634475
-0.0006,0.783761,0.0684567
-0.0002,0.896724,0.0715712
0.0002,0.9119,0.0723712
0.0006,0.717288,0.0653942
0.001,0.539123,0.0590568
0.0014,0.254853,0.0407327
0.0018,0.201183,0.0355443
0.0022,0.062855,0.0194427
0.0026,0.0574677,0.0190542
0.003,0.00540966,0.00541835
0.0034,0.0115955,0.00823196
0.0038,0.0118796,0.00842165
0.0042,0.00621541,0.00622688
0.0046,0.00655201,0.00656475
0.005,0.00655153,0.00656427
0.0054,0.00626112,0.00627276
0.0058,0,0
0.0062,0,0
0.0066,0,0
0.007,0.0117606,0.00833054
0.0074,0.00622358,0.00623509
0.0078,0.00622327,0.00623478
0.0082,0,0
0.0086,0,0
0.009,0,0
0.0094,0.0122345,0.0086676
0.0098,0,0
0.0102,0,0
0.0106,0.00519912,0.00567452
0.011,0,0
0.0114,0,0
0.0118,0.00604439,0.00605525
0.0122,0.00556547,0.00557468
0.0126,0,0
0.013,0,0
0.0134,0.0131994,0.00939479
0.0138,0,0
0.0142,0,0
0.0146,0.0062173,0.00622879
0.015,0,0
0.0154,0,0
0.0158,0,0
0.0162,0,0
0.0166,0,0
0.017,0,0
0.0174,0,0
0.0178,0,0
0.0182,0.00574862,0.00575845
0.0186,0.0120669,0.00854999
0.019,0,0
0.0194,0,0
0.0198,0,0
0.0202,0,0
0.0206,0,0
0.021,0.00374329,0.00464957
0.0214,0,0
0.0218,0,0
0.0222,0,0
0.0226,0.00579501,0.005805
0.023,0,0
0.0234,0,0
0.0238,0,0
0.0242,0,0
0.0246,0,0
0.025,0,0
0.0254,0,0
0.0258,0,0
0.0262,0.0119195,0.00844333
0.0266,0.00575462,0.00576448
0.027,0,0
0.0274,0,0
0.0278,0,0
0.0282,0.00573329,0.00574308
0.0286,0.00561033,0.00561971
0.029,0,0
0.0294,0,0
0.0298,0.0125076,0.00886068
0.0302,0,0
0.0306,0,0
0.031,0,0
0.0314,0.00631612,0.006328
0.0318,0.006168,0.00617933
0.0322,0,0
0.0326,0,0
0.033,0,0
0.0334,0,0
0.0338,0,0
0.0342,0,0
0.0346,0,0
0.035,0,0
0.0354,0,0
0.0358,0,0
0.0362,0.0061776,0.00618897
0.0366,0,0
0.037,0,0
0.0374,0,0
0.0378,0,0
0.0382,0.00638219,0.00639432
0.0386,0,0
0.039,0,0
0.0394,0.00574995,0.0057598
0.0398,0,0
0.0402,0,0
0.0406,0,0
0.041,0,0
0.0414,0,0
0.0418,0,0
0.0422,0,0
0.0426,0,0
0.043,0,0
0.0434,0.00628428,0.00629605
0.0438,0,0
0.0442,0.00620263,0.00621409
0.0446,0.00572887,0.00573866
0.045,0,0
0.0454,0,0
0.0458,0.0056487,0.00565822
0.0462,0,0
0.0466,0,0
0.047,0,0
0.0474,0,0
0.0478,0,0
0.0482,0.00614145,0.0061527
0.0486,0,0
0.049,0,0
0.0494,0,0
0.0498,0,0
0.0502,0,0
0.0506,0,0
0.051,0.000152407,0.000932113
0.0514,0.00582207,0.00583218
0.0518,0,0
0.0522,0,0
0.0526,0,0
0.053,0,0
0.0534,0,0
0.0538,0,0
0.0542,0,0
0.0546,0,0
0.055,0,0
0.0554,0,0
0.0558,0,0
0.0562,0,0
0.0566,0,0
0.057,0.0116139,0.00822649
0.0574,0,0
0.0578,0,0
0.0582,0,0
0.0586,0.00554358,0.00555275
0.059,0,0
0.0594,0,0
0.0598,0,0
0.0602,0,0
0.0606,0,0
0.061,0,0
0.0614,0,0
0.0618,0,0
0.0622,0,0
0.0626,0,0
0.063,0,0
0.0634,0,0
0.0638,0,0
0.0642,0,0
0.0646,0,0
0.065,0,0
0.0654,0,0
0.0658,0,0
0.0662,0,0
0.0666,0,0
0.067,0,0
0.0674,0,0
0.0678,0,0
0.0682,0,0
0.0686,0,0
0.069,0,0
0.0694,0,0
0.0698,0,0
0.0702,0.00277528,0.00416717
0.0706,0,0
0.071,0,0
0.0714,0,0
0.0718,0,0
0.0722,0.00565082,0.00566036
0.0726,0,0
0.073,0,0
0.0734,0,0
0.0738,0,0
0.0742,0,0
0.0746,0,0
0.075,0,0
0.0754,0,0
0.0758,0.0126994,0.00899688
0.0762,0,0
0.0766,0,0
0.077,0.00600931,0.00602009
0.0774,0,0
0.0778,0,0
0.0782,0,0
0.0786,0,0
0.079,0,0
0.0794,0.00630404,0.0063159
0.0798,0,0
0.0802,0,0
0.0806,0,0
0.081,0,0
0.0814,0,0
0.0818,0,0
0.0822,0,0
0.0826,0,0
0.083,0,0
0.0834,0,0
0.0838,0,0
0.0842,0,0
0.0846,0,0
0.085,0,0
0.0854,0,0
0.0858,0,0
0.0862,0,0
0.0866,0.0122602,0.00868513
0.087,0,0
0.0874,0,0
0.0878,0.00606079,0.00607175
0.0882,0,0
0.0886,0,0
0.089,0,0
0.0894,0.0172758,0.00999228
0.0898,0,0
0.0902,0.00625951,0.00627121
0.0906,0,0
0.091,0,0
0.0914,0,0
0.0918,0,0
0.0922,0,0
0.0926,0,0
0.093,0,0
0.0934,0,0
0.0938,0,0
0.0942,0,0
0.0946,0.00557762,0.00598519
0.095,0,0
0.0954,0,0
0.0958,0,0
0.0962,0.00606561,0.00607659
0.0966,0,0
0.097,0,0
0.0974,0,0
0.0978,0,0
0.0982,0.00647715,0.00648967
0.0986,0,0
0.099,0,0
0.0994,0,0
0.0998,0,0
0.1002,0.00707764,0.00709258
0.1006,0,0
0.101,0,0
0.1014,0,0
0.1018,0,0
0.1022,0,0
0.1026,0,0
0.103,0,0
0.1034,0,0
0.1038,0,0
0.1042,0,0
0.1046,0,0
0.105,0,0
0.1054,0,0
0.1058,0,0
0.1062,0,0
0.1066,0,0
0.107,0.00815493,0.00817474
0.1074,0,0
0.1078,0,0
0.1082,0,0
0.1086,0,0
0.109,0,0
0.1094,0,0
0.1098,0,0
0.1102,0.00926799,0.00929356
0.1106,0,0
0.111,0,0
0.1114,0,0
0.1118,0.00790999,0.00792861
0.1122,0,0
0.1126,0.00809596,0.00811547
0.113,0,0
0.1134,0,0
0.1138,0,0
0.1142,0,0
0.1146,0,0
0.115,0,0
0.1154,0,0
0.1158,0,0
0.1162,0,0
0.1166,0,0
0.117,0,0
0.1174,0,0
0.1178,0,0
0.1182,0,0
0.1186,0,0
0.119,0,0
0.1194,0,0
0.1198,0,0
5
-0.1198,0,0
-0.1194,0,0
-0.119,0,0
-0.1186,0,0
-0.1182,0,0
-0.1178,0,0
-0.1174,0,0
-0.117,0,0
-0.1166,0,0
-0.1162,0,0
-0.1158,0,0
-0.1154,0,0
-0.115,0.00660119,0.00661441
-0.1146,0,0
-0.1142,0,0
-0.1138,0,0
-0.1134,0.00635436,0.00636659
-0.113,0,0
-0.1126,0,0
-0.1122,0,0
-0.1118,0,0
-0.1114,0,0
-0.111,0.00669139,0.00670492
-0.1106,0,0
-0.1102,0.00615212,0.00616356
-0.1098,0,0
-0.1094,0,0
-0.109,0,0
-0.1086,0,0
-0.1082,0,0
-0.1078,0,0
-0.1074,0,0
-0.107,0,0
-0.1066,0,0
-0.1062,0,0
-0.1058,0,0
-0.1054,0,0
-0.105,0,0
-0.1046,0,0
-0.1042,0.00646369,0.00647626
-0.1038,0,0
-0.1034,0,0
-0.103,0,0
-0.1026,0,0
-0.1022,0,0
-0.1018,0,0
-0.1014,0,0
-0.101,0,0
-0.1006,0,0
-0.1002,0,0
-0.0998,0.00606866,0.0060797
-0.0994,0.0122658,0.00868964
-0.099,0,0
-0.0986,0,0
-0.0982,0,0
-0.0978,0,0
-0.0974,0,0
-0.097,0,0
-0.0966,0,0
-0.0962,0,0
-0.0958,0,0
-0.0954,0,0
-0.095,0,0
-0.0946,0,0
-0.0942,0.00665759,0.00667083
-0.0938,0,0
-0.0934,0,0
-0.093,0,0
-0.0926,0,0
-0.0922,0.00611765,0.00612882
-0.0918,0.00591239,0.00592283
-0.0914,0.00610068,0.00611179
-0.091,0,0
-0.0906,0,0
-0.0902,0,0
-0.0898,0.00659623,0.00660919
-0.0894,0,0
-0.089,0,0
-0.0886,0,0
-0.0882,0,0
-0.0878,0,0
-0.0874,0,0
-0.087,0.00656305,0.00657586
-0.0866,0,0
-0.0862,0.0124153,0.00879613
-0.0858,0,0
-0.0854,0,0
-0.085,0,0
-0.0846,0,0
-0.0842,0,0
-0.0838,0,0
-0.0834,0,0
-0.083,0,0
-0.0826,0,0
-0.0822,0,0
-0.0818,0,0
-0.0814,0,0
-0.081,0,0
-0.0806,0,0
-0.0802,0,0
-0.0798,0,0
-0.0794,0.00618652,0.00619786
-0.079,0,0
-0.0786,0,0
-0.0782,0.00637501,0.00638704
-0.0778,0,0
-0.0774,0.00637394,0.00638596
-0.077,0,0
-0.0766,0.0059156,0.00592595
-0.0762,0.00627211,0.00628374
-0.0758,0,0
-0.0754,0.00730325,0.00673335
-0.075,0,0
-0.0746,0.0109013,0.00861888
-0.0742,0,0
-0.0738,0.00622988,0.00624134
-0.0734,0,0
-0.073,0,0
-0.0726,0,0
-0.0722,0.00612676,0.00613784
-0.0718,0,0
-0.0714,0,0
-0.071,0,0
-0.0706,0.00634004,0.00635188
-0.0702,0,0
-0.0698,0,0
-0.0694,0,0
-0.069,0,0
-0.0686,0,0
-0.0682,0.00630968,0.00632141
-0.0678,0,0
-0.0674,0,0
-0.067,0.00660207,0.00661489
-0.0666,0,0
-0.0662,0,0
-0.0658,0,0
-0.0654,0,0
-0.065,0.000421852,0.00164649
-0.0646,0.00642411,0.00643624
-0.0642,0,0
-0.0638,0,0
-0.0634,0,0
-0.063,0,0
-0.0626,0,0
-0.0622,0,0
-0.0618,0,0
-0.0614,0,0
-0.061,0,0
-0.0606,0,0
-0.0602,0,0
-0.0598,0,0
-0.0594,0.00533263,0.00613847
-0.059,0.0064844,0.00649673
-0.0586,0,0
-0.0582,0,0
-0.0578,0,0
-0.0574,0,0
-0.057,0,0
-0.0566,0,0
-0.0562,0,0
-0.0558,0,0
-0.0554,0,0
-0.055,0,0
-0.0546,0,0
-0.0542,0,0
-0.0538,0,0
-0.0534,0,0
-0.053,0,0
-0.0526,0,0
-0.0522,0.00611559,0.00612652
-0.0518,0.00594643,0.00595677
-0.0514,0,0
-0.051,0,0
-0.0506,0.00665532,0.00666826
-0.0502,0,0
-0.0498,0.013637,0.00966203
-0.0494,0,0
-0.049,0,0
-0.0486,0,0
-0.0482,0,0
-0.0478,0,0
-0.0474,0.00707821,0.00709283
-0.047,0,0
-0.0466,0,0
-0.0462,0,0
-0.0458,0.00617717,0.0061883
-0.0454,0,0
-0.045,0,0
-0.0446,0,0
-0.0442,0,0
-0.0438,0,0
-0.0434,0,0
-0.043,0,0
-0.0426,0,0
-0.0422,0,0
-0.0418,0,0
-0.0414,0.00562089,0.00563009
-0.041,0,0
-0.0406,0,0
-0.0402,0,0
-0.0398,0,0
-0.0394,0,0
-0.039,0.00626043,0.00627184
-0.0386,0,0
-0.0382,0.00631866,0.00633028
-0.0378,0,0
-0.0374,0,0
-0.037,0,0
-0.0366,0,0
-0.0362,0.00579164,0.00580139
-0.0358,0,0
-0.0354,0,0
-0.035,0,0
-0.0346,0,0
-0.0342,0,0
-0.0338,0.00601693,0.00602746
-0.0334,0,0
-0.033,0.00645608,0.00646818
-0.0326,0,0
-0.0322,0,0
-0.0318,0,0
-0.0314,0,0
-0.031,0.0072317,0.00724688
-0.0306,0,0
-0.0302,0,0
-0.0298,0.00599518,0.00600561
-0.0294,0,0
-0.029,0,0
-0.0286,0,0
-0.0282,0,0
-0.0278,0,0
-0.0274,0,0
-0.027,0,0
-0.0266,0,0
-0.0262,0,0
-0.0258,0.00569212,0.00570151
-0.0254,0,0
-0.025,0,0
-0.0246,0,0
-0.0242,0,0
-0.0238,0,0
-0.0234,0.00660683,0.00661948
-0.023,0,0
-0.0226,0,0
-0.0222,0.00601348,0.0062364
-0.0218,0.00628146,0.00629289
-0.0214,0.0137576,0.00974751
-0.021,0,0
-0.0206,0,0
-0.0202,0.00619728,0.0062084
-0.0198,0,0
-0.0194,0.00604683,0.00605742
-0.019,0,0
-0.0186,0,0
-0.0182,0.0124414,0.00881353
-0.0178,0,0
-0.0174,0,0
-0.017,0,0
-0.0166,0,0
-0.0162,0,0
-0.0158,0,0
-0.0154,0,0
-0.015,0,0
-0.0146,0,0
-0.0142,0,0
-0.0138,0.0115703,0.00819514
-0.0134,0,0
-0.013,0,0
-0.0126,0.00634792,0.00635957
-0.0122,0,0
-0.0118,0,0
-0.0114,0,0
-0.011,0.0124305,0.00880877
-0.0106,0,0
-0.0102,0,0
-0.0098,0.0116227,0.00823253
-0.0094,0.00585639,0.0058663
-0.009,0,0
-0.0086,0,0
-0.0082,0.00616864,0.00617963
-0.0078,0,0
-0.0074,0,0
-0.007,0,0
-0.0066,0.00638334,0.00639511
-0.0062,0.00631689,0.00632841
-0.0058,0,0
-0.0054,0.00647865,0.00649077
-0.005,0.0194346,0.0112416
-0.0046,0.0191658,0.0110864
-0.0042,0.0131698,0.00933017
-0.0038,0.0126411,0.00895491
-0.0034,0.0374039,0.0152981
-0.003,0.0608531,0.0192806
-0.0026,0.101332,0.0262275
-0.0022,0.308665,0.0443163
-0.0018,0.401804,0.0507166
-0.0014,0.676921,0.0658175
-0.001,0.910991,0.0752449
-0.0006,1.06671,0.0810834
-0.0002,1.1308,0.0815312
0.0002,1.04601,0.078641
0.0006,0.764816,0.0684923
0.001,0.45166,0.0548375
0.0014,0.289139,0.0440013
0.0018,0.128253,0.0287391
0.0022,0.093396,0.0241884
0.0026,0.0192462,0.0111324
0.003,0.0231193,0.0116025
0.0034,0.00556783,0.00557677
0.0038,0.0127126,0.00900569
0.0042,0.00587174,0.00588169
0.0046,0.00674441,0.00675753
0.005,0.0129906,0.0092098
0.0054,0.0195985,0.0113371
0.0058,0.00644547,0.00645746
0.0062,0,0
0.0066,0,0
0.007,0.00605398,0.00606455
0.0074,0,0
0.0078,0,0
0.0082,0,0
0.0086,0,0
0.009,0.00638051,0.00639225
0.0094,0.00638044,0.00639219
0.0098,0,0
0.0102,0.00646519,0.00647726
0.0106,0,0
0.011,0,0
0.0114,0,0
0.0118,0,0
0.0122,0,0
0.0126,0,0
0.013,0.00607497,0.00608562
0.0134,0,0
0.0138,0,0
0.0142,0,0
0.0146,0.00572406,0.00573352
0.015,0.00652722,0.00653951
0.0154,0,0
0.0158,0,0
0.0162,0.006549,0.00656137
0.0166,0,0
0.017,0,0
0.0174,0.00644419,0.00645617
0.0178,0,0
0.0182,0.00592499,0.00593512
0.0186,0,0
0.019,0,0
0.0194,0,0
0.0198,0.00626325,0.00627457
0.0202,0,0
0.0206,0.00593409,0.00594426
0.021,0.00574723,0.00575676
0.0214,0,0
0.0218,0,0
0.0222,0,0
0.0226,0,0
0.023,0,0
0.0234,0,0
0.0238,0,0
0.0242,0,0
0.0246,0.0131813,0.00935996
0.025,0,0
0.0254,0,0
0.0258,0,0
0.0262,0,0
0.0266,0,0
0.027,0,0
0.0274,0.00637926,0.006391
0.0278,0,0
0.0282,0,0
0.0286,0,0
0.029,0.00583632,0.00584615
0.0294,0,0
0.0298,0,0
0.0302,0,0
0.0306,0.00592615,0.00593629
0.031,0,0
0.0314,0,0
0.0318,0,0
0.0322,0,0
0.0326,0,0
0.033,0.00622634,0.00623752
0.0334,0.00636893,0.00638063
0.0338,0,0
0.0342,0,0
0.0346,0,0
0.035,0.0122138,0.00866065
0.0354,0,0
0.0358,0,0
0.0362,0,0
0.0366,0,0
0.037,0.00629941,0.00631085
0.0374,0,0
0.0378,0,0
0.0382,0.006401,0.00641281
0.0386,0,0
0.039,0,0
0.0394,0,0
0.0398,0,0
0.0402,0,0
0.0406,0.00625289,0.00626416
0.041,0,0
0.0414,0,0
0.0418,0,0
0.0422,0,0
0.0426,0.0065124,0.00652462
0.043,0.00605892,0.0060695
0.0434,0,0
0.0438,0,0
0.0442,0,0
0.0446,0,0
0.045,0.00586131,0.0058712
0.0454,0,0
0.0458,0,0
0.0462,0,0
0.0466,0,0
0.047,0,0
0.0474,0,0
0.0478,0,0
0.0482,0,0
0.0486,0,0
0.049,0,0
0.0494,0.00588227,0.00589223
0.0498,0,0
0.0502,0,0
0.0506,0,0
0.051,0,0
0.0514,0,0
0.0518,0,0
0.0522,0,0
0.0526,0,0
0.053,0,0
0.0534,0.00681558,0.00682893
0.0538,0,0
0.0542,0,0
0.0546,0,0
0.055,0,0
0.0554,0,0
0.0558,0,0
0.0562,0,0
0.0566,0,0
0.057,0.0060292,0.00603964
0.0574,0,0
0.0578,0,0
0.0582,0,0
0.0586,0,0
0.059,0,0
0.0594,0,0
0.0598,0,0
0.0602,0,0
0.0606,0,0
0.061,0,0
0.0614,0,0
0.0618,0,0
0.0622,0,0
0.0626,0,0
0.063,0,0
0.0634,0,0
0.0638,0,0
0.0642,0,0
0.0646,0.0129199,0.00915267
0.065,0,0
0.0654,0,0
0.0658,0,0
0.0662,0,0
0.0666,0,0
0.067,0,0
0.0674,0,0
0.0678,0,0
0.0682,0,0
0.0686,0,0
0.069,0,0
0.0694,0,0
0.0698,0,0
0.0702,0.00360482,0.00484863
0.0706,0,0
0.071,0,0
0.0714,0,0
0.0718,0,0
0.0722,0,0
0.0726,0,0
0.073,0,0
0.0734,0.00570384,0.00571315
0.0738,0,0
0.0742,0,0
0.0746,0,0
0.075,0,0
0.0754,0,0
0.0758,0,0
0.0762,0,0
0.0766,0,0
0.077,0,0
0.0774,0,0
0.0778,0,0
0.0782,0,0
0.0786,0,0
0.079,0,0
0.0794,0.00659197,0.00660437
0.0798,0,0
0.0802,0,0
0.0806,0,0
0.081,0,0
0.0814,0,0
0.0818,0,0
0.0822,0.00658943,0.00660181
0.0826,0,0
0.083,0,0
0.0834,0,0
0.0838,0.00636114,0.00637268
0.0842,0,0
0.0846,0,0
0.085,0,0
0.0854,0,0
0.0858,0,0
0.0862,0,0
0.0866,0,0
0.087,0,0
0.0874,0,0
0.0878,0,0
0.0882,0,0
0.0886,0,0
0.089,0,0
0.0894,0,0
0.0898,0,0
0.0902,0.00656906,0.00658134
0.0906,0,0
0.091,0,0
0.0914,0,0
0.0918,0,0
0.0922,0,0
0.0926,0,0
0.093,0,0
0.0934,0,0
0.0938,0,0
0.0942,0,0
0.0946,0.00672511,0.00673794
0.095,0,0
0.0954,0.00651331,0.00652535
0.0958,0,0
0.0962,0,0
0.0966,0,0
0.097,0,0
0.0974,0,0
0.0978,0,0
0.0982,0,0
0.0986,0,0
0.099,0,0
0.0994,0,0
0.0998,0,0
0.1002,0.00745481,0.00747054
0.1006,0,0
0.101,0,0
0.1014,0.00731108,0.00732621
0.1018,0,0
0.1022,0,0
0.1026,0.00641407,0.00642571
0.103,0,0
0.1034,0,0
0.1038,0,0
0.1042,0,0
0.1046,0,0
0.105,0,0
0.1054,0,0
0.1058,0,0
0.1062,0,0
0.1066,0,0
0.107,0,0
0.1074,0,0
0.1078,0,0
0.1082,0,0
0.1086,0.00798807,0.00800606
0.109,0.00853026,0.00855078
0.1094,0,0
0.1098,0,0
0.1102,0,0
0.1106,0,0
0.111,0,0
0.1114,0.0086041,0.00862494
0.1118,0.00853564,0.00855615
0.1122,0,0
0.1126,0,0
0.113,0,0
0.1134,0,0
0.1138,0,0
0.1142,0,0
0.1146,0,0
0.115,0,0
0.1154,0,0
0.1158,0,0
0.1162,0,0
0.1166,0,0
0.117,0,0
0.1174,0,0
0.1178,0,0
0.1182,0,0
0.1186,0,0
0.119,0,0
0.1194,0,0
0.1198,0,0
6
-0.1198,0,0
-0.1194,0,0
-0.119,0,0
-0.1186,0,0
-0.1182,0,0
-0.1178,0,0
-0.1174,0,0
-0.117,0,0
-0.1166,0,0
-0.1162,0,0
-0.1158,0,0
-0.1154,0,0
-0.115,0,0
-0.1146,0,0
-0.1142,0,0
-0.1138,0,0
-0.1134,0,0
-0.113,0,0
-0.1126,0,0
-0.1122,0,0
-0.1118,0,0
-0.1114,0,0
-0.111,0,0
-0.1106,0,0
-0.1102,0,0
-0.1098,0,0
-0.1094,0,0
-0.109,0,0
-0.1086,0,0
-0.1082,0,0
-0.1078,0,0
-0.1074,0.00636852,0.00638223
-0.107,0,0
-0.1066,0,0
-0.1062,0,0
-0.1058,0,0
-0.1054,0,0
-0.105,0,0
-0.1046,0,0
-0.1042,0,0
-0.1038,0,0
-0.1034,0,0
-0.103,0,0
-0.1026,0,0
-0.1022,0,0
-0.1018,0,0
-0.1014,0,0
-0.101,0,0
-0.1006,0,0
-0.1002,0,0
-0.0998,0,0
-0.0994,0,0
-0.099,0,0
-0.0986,0,0
-0.0982,0,0
-0.0978,0.0059766,0.00598858
-0.0974,0,0
-0.097,0,0
-0.0966,0,0
-0.0962,0,0
-0.0958,0,0
-0.0954,0,0
-0.095,0,0
-0.0946,0,0
-0.0942,0,0
-0.0938,0,0
-0.0934,0,0
-0.093,0,0
-0.0926,0,0
-0.0922,0,0
-0.0918,0,0
-0.0914,0,0
-0.091,0,0
-0.0906,0,0
-0.0902,0,0
-0.0898,0,0
-0.0894,0,0
-0.089,3.20893e-05,0.000437229
-0.0886,0,0
-0.0882,0,0
-0.0878,0,0
-0.0874,0,0
-0.087,0,0
-0.0866,0,0
-0.0862,0,0
-0.0858,0,0
-0.0854,0.00572875,0.00573972
-0.085,0,0
-0.0846,0,0
-0.0842,0.00526888,0.00527818
-0.0838,0,0
-0.0834,0,0
-0.083,0.00547928,0.00548935
-0.0826,0,0
-0.0822,0,0
-0.0818,0,0
-0.0814,0,0
-0.081,0,0
-0.0806,0,0
-0.0802,0,0
-0.0798,0,0
-0.0794,0,0
-0.079,0,0
-0.0786,0,0
-0.0782,0,0
-0.0778,0,0
-0.0774,0,0
-0.077,0,0
-0.0766,0,0
-0.0762,0,0
-0.0758,0,0
-0.0754,0.00443041,0.00490375
-0.075,0,0
-0.0746,0.00233411,0.0037269
-0.0742,0,0
-0.0738,0,0
-0.0734,0,0
-0.073,0,0
-0.0726,0,0
-0.0722,0,0
-0.0718,0,0
-0.0714,0,0
-0.071,0,0
-0.0706,0,0
-0.0702,0,0
-0.0698,0,0
-0.0694,0,0
-0.069,0,0
-0.0686,0,0
-0.0682,0,0
-0.0678,0,0
-0.0674,0,0
-0.067,0,0
-0.0666,0,0
-0.0662,0,0
-0.0658,0,0
-0.0654,0,0
-0.065,0.00515245,0.00534111
-0.0646,0,0
-0.0642,0,0
-0.0638,0,0
-0.0634,0,0
-0.063,0,0
-0.0626,0,0
-0.0622,0,0
-0.0618,0,0
-0.0614,0,0
-0.061,0,0
-0.0606,0,0
-0.0602,0,0
-0.0598,0,0
-0.0594,0,0
-0.059,0,0
-0.0586,0,0
-0.0582,0,0
-0.0578,0,0
-0.0574,0.00550163,0.00551202
-0.057,0,0
-0.0566,0,0
-0.0562,0,0
-0.0558,0,0
-0.0554,0,0
-0.055,0,0
-0.0546,0,0
-0.0542,0,0
-0.0538,0,0
-0.0534,0,0
-0.053,0,0
-0.0526,0,0
-0.0522,0,0
-0.0518,0,0
-0.0514,0,0
-0.051,0,0
-0.0506,0,0
-0.0502,0,0
-0.0498,0,0
-0.0494,0.00539291,0.00540296
-0.049,0,0
-0.0486,0,0
-0.0482,0.00556366,0.00557436
-0.0478,0,0
-0.0474,0,0
-0.047,0,0
-0.0466,0,0
-0.0462,0,0
-0.0458,0,0
-0.0454,0,0
-0.045,0,0
-0.0446,0,0
-0.0442,0,0
-0.0438,0,0
-0.0434,0,0
-0.043,0,0
-0.0426,0,0
-0.0422,0,0
-0.0418,0,0
-0.0414,0,0
-0.041,0.00561142,0.00562236
-0.0406,0,0
-0.0402,0,0
-0.0398,0,0
-0.0394,0,0
-0.039,0,0
-0.0386,0,0
-0.0382,0,0
-0.0378,0,0
-0.0374,0,0
-0.037,0,0
-0.0366,0,0
-0.0362,0,0
-0.0358,0,0
-0.0354,0,0
-0.035,0.00570887,0.00572023
-0.0346,0,0
-0.0342,0,0
-0.0338,0,0
-0.0334,0,0
-0.033,0,0
-0.0326,0,0
-0.0322,0,0
-0.0318,0,0
-0.0314,0,0
-0.031,0,0
-0.0306,0,0
-0.0302,0,0
-0.0298,0,0
-0.0294,0,0
-0.029,0,0
-0.0286,0,0
-0.0282,0,0
-0.0278,0,0
-0.0274,0,0
-0.027,0,0
-0.0266,0,0
-0.0262,0,0
-0.0258,0,0
-0.0254,0,0
-0.025,0,0
-0.0246,0,0
-0.0242,0.00556195,0.00557279
-0.0238,0,0
-0.0234,0,0
-0.023,0,0
-0.0226,0,0
-0.0222,0,0
-0.0218,0,0
-0.0214,0,0
-0.021,0,0
-0.0206,0,0
-0.0202,0.00510796,0.00511713
-0.0198,0,0
-0.0194,0.00498133,0.00499005
-0.019,0.00548602,0.0054966
-0.0186,0,0
-0.0182,0,0
-0.0178,0,0
-0.0174,0,0
-0.017,0,0
-0.0166,0.00526997,0.00527974
-0.0162,0,0
-0.0158,0,0
-0.0154,0,0
-0.015,0,0
-0.0146,0,0
-0.0142,0,0
-0.0138,0,0
-0.0134,0,0
-0.013,0.0153292,0.00886713
-0.0126,0,0
-0.0122,0,0
-0.0118,0,0
-0.0114,0,0
-0.011,0,0
-0.0106,0,0
-0.0102,0,0
-0.0098,0,0
-0.0094,0,0
-0.009,0,0
-0.0086,0.0105229,0.00745463
-0.0082,0,0
-0.0078,0,0
-0.0074,0,0
-0.007,0.00522228,0.00523191
-0.0066,0,0
-0.0062,0,0
-0.0058,0.00552903,0.00553982
-0.0054,0,0
-0.005,0.00529514,0.00530504
-0.0046,0,0
-0.0042,0.0107609,0.00762355
-0.0038,0.0155091,0.00897057
-0.0034,0.025569,0.011456
-0.003,0.0295727,0.0120952
-0.0026,0.0389257,0.0147416
-0.0022,0.103485,0.0231831
-0.0018,0.161273,0.0290283
-0.0014,0.166351,0.0294747
-0.001,0.245887,0.0352047
-0.0006,0.294636,0.0384354
-0.0002,0.348846,0.0408948
0.0002,0.375386,0.0425531
0.0006,0.314213,0.0396676
0.001,0.281371,0.03912
0.0014,0.195648,0.032675
0.0018,0.131161,0.0262947
0.0022,0.0664566,0.0184886
0.0026,0.0420327,0.0148893
0.003,0.0234098,0.010505
0.0034,0.0155896,0.00901721
0.0038,0.0151674,0.00877856
0.0042,0.00958489,0.00678904
0.0046,0,0
0.005,0.00509958,0.00510877
0.0054,0,0
0.0058,0.0157881,0.00913223
0.0062,0,0
0.0066,0,0
0.007,0.0049455,0.00495414
0.0074,0.00987855,0.00699739
0.0078,0.00523578,0.00524545
0.0082,0,0
0.0086,0.00509906,0.00510824
0.009,0,0
0.0094,0,0
0.0098,0.00479841,0.00484288
0.0102,0.00528938,0.00529924
0.0106,0,0
0.011,0,0
0.0114,0,0
0.0118,0,0
0.0122,0,0
0.0126,0.00497874,0.00498747
0.013,0,0
0.0134,0,0
0.0138,0,0
0.0142,0.00527084,0.00528061
0.0146,0,0
0.015,0,0
0.0154,0,0
0.0158,0,0
0.0162,0.00538573,0.0053959
0.0166,0,0
0.017,0,0
0.0174,0,0
0.0178,0,0
0.0182,0,0
0.0186,0,0
0.019,0,0
0.0194,0,0
0.0198,0,0
0.0202,0.0046679,0.0046755
0.0206,0.00417545,0.00441555
0.021,0,0
0.0214,0,0
0.0218,0,0
0.0222,0,0
0.0226,0,0
0.023,0.00514836,0.00515756
0.0234,0,0
0.0238,0.00555164,0.00556232
0.0242,0,0
0.0246,0,0
0.025,0,0
0.0254,0,0
0.0258,0,0
0.0262,0,0
0.0266,0,0
0.027,0.00435078,0.00470465
0.0274,0.00512696,0.00513602
0.0278,0,0
0.0282,0,0
0.0286,0,0
0.029,0.00490015,0.00490839
0.0294,0,0
0.0298,0,0
0.0302,0,0
0.0306,0,0
0.031,0.00601096,0.00602333
0.0314,0,0
0.0318,0,0
0.0322,0,0
0.0326,0,0
0.033,0,0
0.0334,0,0
0.0338,0,0
0.0342,0,0
0.0346,0,0
0.035,0,0
0.0354,0,0
0.0358,0,0
0.0362,0,0
0.0366,0,0
0.037,0,0
0.0374,0,0
0.0378,0,0
0.0382,0,0
0.0386,0,0
0.039,0,0
0.0394,0,0
0.0398,0,0
0.0402,0,0
0.0406,0,0
0.041,0,0
0.0414,0,0
0.0418,0,0
0.0422,0.00397972,0.00466296
0.0426,0,0
0.043,0,0
0.0434,0,0
0.0438,0,0
0.0442,0,0
0.0446,0,0
0.045,0,0
0.0454,0,0
0.0458,0,0
0.0462,0,0
0.0466,0,0
0.047,0,0
0.0474,0,0
0.0478,0.00549724,0.00550731
0.0482,0,0
0.0486,0,0
0.049,0,0
0.0494,0.00564613,0.00565672
0.0498,0,0
0.0502,0.00545551,0.00546538
0.0506,0,0
0.051,0,0
0.0514,0,0
0.0518,0.00336211,0.00423105
0.0522,0,0
0.0526,0,0
0.053,0,0
0.0534,0,0
0.0538,0,0
0.0542,0,0
0.0546,0,0
0.055,0,0
0.0554,0,0
0.0558,0.00554899,0.00555911
0.0562,0,0
0.0566,0,0
0.057,0,0
0.0574,0,0
0.0578,0.0055419,0.00555196
0.0582,0,0
0.0586,0,0
0.059,0,0
0.0594,0,0
0.0598,0,0
0.0602,0,0
0.0606,0,0
0.061,0,0
0.0614,0,0
0.0618,0,0
0.0622,0,0
0.0626,0,0
0.063,0.00547929,0.00548906
0.0634,0,0
0.0638,0,0
0.0642,0,0
0.0646,0,0
0.065,0,0
0.0654,0,0
0.0658,0,0
0.0662,0,0
0.0666,0,0
0.067,0,0
0.0674,0,0
0.0678,0,0
0.0682,0,0
0.0686,0,0
0.069,0,0
0.0694,0,0
0.0698,0,0
0.0702,0,0
0.0706,0.00578685,0.00579762
0.071,0,0
0.0714,0,0
0.0718,0,0
0.0722,0,0
0.0726,0,0
0.073,0,0
0.0734,0,0
0.0738,0,0
0.0742,0,0
0.0746,0,0
0.075,0,0
0.0754,0,0
0.0758,0,0
0.0762,0,0
0.0766,0,0
0.077,0,0
0.0774,0,0
0.0778,0,0
0.0782,0,0
0.0786,0,0
0.079,0,0
0.0794,0,0
0.0798,0,0
0.0802,0,0
0.0806,0,0
0.081,0,0
0.0814,0,0
0.0818,0,0
0.0822,0,0
0.0826,0,0
0.083,0,0
0.0834,0.00625303,0.00626536
0.0838,0,0
0.0842,0,0
0.0846,0,0
0.085,0,0
0.0854,0,0
0.0858,0.00560718,0.00561706
0.0862,0,0
0.0866,0,0
0.087,0,0
0.0874,0,0
0.0878,0,0
0.0882,0,0
0.0886,0,0
0.089,0,0
0.0894,0.00544033,0.00544959
0.0898,0,0
0.0902,0,0
0.0906,0,0
0.091,0,0
0.0914,0,0
0.0918,0,0
0.0922,0,0
0.0926,0,0
0.093,0,0
0.0934,0.000471005,0.00171335
0.0938,0,0
0.0942,0,0
0.0946,0,0
0.095,0,0
0.0954,0,0
0.0958,0,0
0.0962,0,0
0.0966,0,0
0.097,0,0
0.0974,0,0
0.0978,0,0
0.0982,0,0
0.0986,0,0
0.099,0.00596036,0.00597133
0.0994,0,0
0.0998,0,0
0.1002,0,0
0.1006,0,0
0.101,0,0
0.1014,0,0
0.1018,0,0
0.1022,0,0
0.1026,0,0
0.103,0,0
0.1034,0,0
0.1038,0,0
0.1042,0,0
0.1046,0,0
0.105,0,0
0.1054,0,0
0.1058,0,0
0.1062,0,0
0.1066,0,0
0.107,0,0
0.1074,0.0073153,0.0073317
0.1078,0,0
0.1082,0,0
0.1086,0,0
0.109,0.00785178,0.00787066
0.1094,0,0
0.1098,0,0
0.1102,0,0
0.1106,0,0
0.111,0,0
0.1114,0,0
0.1118,0,0
0.1122,0,0
0.1126,0,0
0.113,0,0
0.1134,0,0
0.1138,0,0
0.1142,0,0
0.1146,0,0
0.115,0,0
0.1154,0,0
0.1158,0,0
0.1162,0,0
0.1166,0,0
0.117,0,0
0.1174,0.00965022,0.00967881
0.1178,0,0
0.1182,0,0
0.1186,0,0
0.119,0,0
0.1194,0,0
0.1198,0,0
7
-0.1198,0,0
-0.1194,0,0
-0.119,0,0
-0.1186,0,0
-0.1182,0,0
-0.1178,0,0
-0.1174,0,0
-0.117,0,0
-0.1166,0,0
-0.1162,0,0
-0.1158,0,0
-0.1154,0,0
-0.115,0,0
-0.1146,0,0
-0.1142,0,0
-0.1138,0,0
-0.1134,0,0
-0.113,0,0
-0.1126,0,0
-0.1122,0,0
-0.1118,0,0
-0.1114,0,0
-0.111,0,0
-0.1106,0.00534423,0.00535416
-0.1102,0,0
-0.1098,0,0
-0.1094,0.00552028,0.00553089
-0.109,0,0
-0.1086,0,0
-0.1082,0.0113451,0.00803808
-0.1078,0,0
-0.1074,0,0
-0.107,0,0
-0.1066,0,0
-0.1062,0,0
-0.1058,0,0
-0.1054,0,0
-0.105,0,0
-0.1046,0,0
-0.1042,0,0
-0.1038,0,0
-0.1034,0,0
-0.103,0.00489432,0.00490271
-0.1026,0,0
-0.1022,0,0
-0.1018,0,0
-0.1014,0.00504339,0.00505231
-0.101,0,0
-0.1006,0,0
-0.1002,0,0
-0.0998,0,0
-0.0994,0.0051818,0.00519123
-0.099,0,0
-0.0986,0,0
-0.0982,0,0
-0.0978,0,0
-0.0974,0,0
-0.097,0,0
-0.0966,0,0
-0.0962,0,0
-0.0958,0,0
-0.0954,0,0
-0.095,0,0
-0.0946,0,0
-0.0942,0,0
-0.0938,0,0
-0.0934,0,0
-0.093,0,0
-0.0926,0,0
-0.0922,0,0
-0.0918,0,0
-0.0914,0,0
-0.091,0,0
-0.0906,0,0
-0.0902,0,0
-0.0898,0,0
-0.0894,0,0
-0.089,0.00554813,0.0055742
-0.0886,0,0
-0.0882,0,0
-0.0878,0,0
-0.0874,0,0
-0.087,0,0
-0.0866,0,0
-0.0862,0.00513992,0.00514928
-0.0858,0,0
-0.0854,0,0
-0.085,0,0
-0.0846,0,0
-0.0842,0,0
-0.0838,0,0
-0.0834,0.00519093,0.00520047
-0.083,0,0
-0.0826,0,0
-0.0822,0,0
-0.0818,0,0
-0.0814,0,0
-0.081,0,0
-0.0806,0,0
-0.0802,0,0
-0.0798,0,0
-0.0794,0.00518484,0.00519434
-0.079,0,0
-0.0786,0,0
-0.0782,0,0
-0.0778,0,0
-0.0774,0,0
-0.077,0,0
-0.0766,0,0
-0.0762,0,0
-0.0758,0,0
-0.0754,0,0
-0.075,0,0
-0.0746,0,0
-0.0742,0,0
-0.0738,0,0
-0.0734,0,0
-0.073,0,0
-0.0726,0.00534164,0.00535168
-0.0722,0,0
-0.0718,0,0
-0.0714,0,0
-0.071,0,0
-0.0706,0.0107055,0.00758428
-0.0702,0,0
-0.0698,0,0
-0.0694,0,0
-0.069,0,0
-0.0686,0,0
-0.0682,0,0
-0.0678,0.00587941,0.00589151
-0.0674,0,0
-0.067,0,0
-0.0666,0,0
-0.0662,0,0
-0.0658,0,0
-0.0654,0,0
-0.065,0,0
-0.0646,0,0
-0.0642,0,0
-0.0638,0,0
-0.0634,0.0109305,0.00775375
-0.063,0,0
-0.0626,0,0
-0.0622,0,0
-0.0618,0.00538533,0.00539542
-0.0614,0,0
-0.061,0,0
-0.0606,0,0
-0.0602,0.00529629,0.00530603
-0.0598,0.00527693,0.0052866
-0.0594,0,0
-0.059,0,0
-0.0586,0,0
-0.0582,0,0
-0.0578,0,0
-0.0574,0,0
-0.057,0,0
-0.0566,0,0
-0.0562,0,0
-0.0558,0,0
-0.0554,0,0
-0.055,0,0
-0.0546,0,0
-0.0542,0,0
-0.0538,0,0
-0.0534,0,0
-0.053,0,0
-0.0526,0,0
-0.0522,0,0
-0.0518,0,0
-0.0514,0,0
-0.051,0,0
-0.0506,0,0
-0.0502,0,0
-0.0498,0,0
-0.0494,0,0
-0.049,0,0
-0.0486,0,0
-0.0482,0,0
-0.0478,0.0054129,0.00542291
-0.0474,0,0
-0.047,0,0
-0.0466,0,0
-0.0462,0,0
-0.0458,0,0
-0.0454,0.0052927,0.00530224
-0.045,0,0
-0.0446,0,0
-0.0442,0,0
-0.0438,0,0
-0.0434,0,0
-0.043,0.00577408,0.00578538
-0.0426,0.00553786,0.00554825
-0.0422,0,0
-0.0418,0,0
-0.0414,0,0
-0.041,0,0
-0.0406,0,0
-0.0402,0,0
-0.0398,0,0
-0.0394,0,0
-0.039,0,0
-0.0386,0,0
-0.0382,0.0105723,0.00748904
-0.0378,0,0
-0.0374,0,0
-0.037,0,0
-0.0366,0.00548945,0.00549956
-0.0362,0,0
-0.0358,0,0
-0.0354,0,0
-0.035,0,0
-0.0346,0,0
-0.0342,0,0
-0.0338,0,0
-0.0334,0,0
-0.033,0,0
-0.0326,0,0
-0.0322,0,0
-0.0318,0,0
-0.0314,0.00528308,0.00529236
-0.031,0,0
-0.0306,0,0
-0.0302,0.010901,0.00772264
-0.0298,0,0
-0.0294,0,0
-0.029,0,0
-0.0286,0.00570319,0.00571395
-0.0282,0,0
-0.0278,0,0
-0.0274,0,0
-0.027,0,0
-0.0266,0.00530213,0.00531139
-0.0262,0.00753438,0.00642128
-0.0258,0,0
-0.0254,0,0
-0.025,0,0
-0.0246,0,0
-0.0242,0.00594945,0.00596105
-0.0238,0,0
-0.0234,0,0
-0.023,0.00529219,0.00530135
-0.0226,0,0
-0.0222,0.00571606,0.00572673
-0.0218,0,0
-0.0214,0,0
-0.021,0,0
-0.0206,0,0
-0.0202,0.00551785,0.00552775
-0.0198,0,0
-0.0194,0,0
-0.019,0.0118883,0.00842252
-0.0186,0,0
-0.0182,0,0
-0.0178,0,0
-0.0174,0,0
-0.017,0,0
-0.0166,0.00569664,0.00570712
-0.0162,0,0
-0.0158,0,0
-0.0154,0,0
-0.015,0,0
-0.0146,0.00592805,0.00593935
-0.0142,0.00597921,0.00599069
-0.0138,0.0052137,0.00522242
-0.0134,0.006808,0.00619462
-0.013,0,0
-0.0126,0.00618042,0.00596293
-0.0122,0.0060813,0.00609313
-0.0118,0,0
-0.0114,0,0
-0.011,0.00577975,0.00579041
-0.0106,0.00552085,0.00553058
-0.0102,0.0111606,0.00790582
-0.0098,0,0
-0.0094,0,0
-0.009,0,0
-0.0086,0.00583805,0.00584888
-0.0082,0,0
-0.0078,0,0
-0.0074,0.00574097,0.00575143
-0.007,0,0
-0.0066,0,0
-0.0062,0.00575903,0.00576953
-0.0058,0,0
-0.0054,0,0
-0.005,0.00811217,0.0069407
-0.0046,0.0231864,0.0116145
-0.0042,0,0
-0.0038,0.0173526,0.0100368
-0.0034,0.0401329,0.0151971
-0.003,0.0386547,0.0146369
-0.0026,0.0374398,0.0153149
-0.0022,0.0931445,0.0233104
-0.0018,0.176824,0.0322232
-0.0014,0.211126,0.0352029
-0.001,0.315579,0.0424014
-0.0006,0.485579,0.0524635
-0.0002,0.603894,0.057119
0.0002,0.670353,0.0603655
0.0006,0.541039,0.0553003
0.001,0.56132,0.0585235
0.0014,0.38812,0.0489496
0.0018,0.264651,0.0395419
0.0022,0.192124,0.0330409
0.0026,0.151308,0.0301897
0.003,0.0375773,0.0142579
0.0034,0.0228077,0.0114423
0.0038,0.0285019,0.0127788
0.0042,0.0108687,0.00769835
0.0046,0.00592446,0.00593539
0.005,0.0236111,0.0118341
0.0054,0.0182894,0.0105794
0.0058,0.0102317,0.00783498
0.0062,0.0221192,0.0110793
0.0066,0.0340492,0.0139295
0.007,0,0
0.0074,0,0
0.0078,0,0
0.0082,0.00645687,0.0064698
0.0086,0,0
0.009,0,0
0.0094,0,0
0.0098,8.26358e-05,0.000678086
0.0102,0,0
0.0106,0.00602358,0.00603481
0.011,0,0
0.0114,0.00548667,0.00549599
0.0118,0,0
0.0122,0,0
0.0126,0,0
0.013,0,0
0.0134,0,0
0.0138,0.00566365,0.00567357
0.0142,0.00597785,0.00598889
0.0146,0,0
0.015,0,0
0.0154,0,0
0.0158,0,0
0.0162,0,0
0.0166,0,0
0.017,0,0
0.0174,0,0
0.0178,0,0
0.0182,0.0118561,0.00839894
0.0186,0,0
0.019,0.00578534,0.0057957
0.0194,0,0
0.0198,0,0
0.0202,0,0
0.0206,0.0110082,0.00760352
0.021,0,0
0.0214,0.00610135,0.00611289
0.0218,0,0
0.0222,0,0
0.0226,0,0
0.023,0,0
0.0234,0,0
0.0238,0,0
0.0242,0,0
0.0246,0,0
0.025,0,0
0.0254,0.00681428,0.00682871
0.0258,0.00526809,0.00527672
0.0262,0,0
0.0266,0,0
0.027,0.000795978,0.00211757
0.0274,0,0
0.0278,0,0
0.0282,0,0
0.0286,0,0
0.029,0,0
0.0294,0.00596997,0.00598109
0.0298,0,0
0.0302,0,0
0.0306,0,0
0.031,0,0
0.0314,0,0
0.0318,0,0
0.0322,0,0
0.0326,0,0
0.033,0,0
0.0334,0.00586726,0.00587804
0.0338,0,0
0.0342,0,0
0.0346,0,0
0.035,0,0
0.0354,0,0
0.0358,0,0
0.0362,0,0
0.0366,0,0
0.037,0,0
0.0374,0,0
0.0378,0.00604963,0.00606114
0.0382,0,0
0.0386,0,0
0.039,0,0
0.0394,0,0
0.0398,0.00543965,0.00544897
0.0402,0.00614956,0.00616148
0.0406,0.00571568,0.00572598
0.041,0,0
0.0414,0,0
0.0418,0,0
0.0422,0.01317,0.00875939
0.0426,0,0
0.043,0,0
0.0434,0.00592466,0.00593576
0.0438,0,0
0.0442,0,0
0.0446,0,0
0.045,0,0
0.0454,0,0
0.0458,0,0
0.0462,0,0
0.0466,0,0
0.047,0,0
0.0474,0,0
0.0478,0,0
0.0482,0,0
0.0486,0.0110143,0.00780269
0.049,0,0
0.0494,0,0
0.0498,0,0
0.0502,0,0
0.0506,0,0
0.051,0,0
0.0514,0,0
0.0518,0.00745562,0.00638947
0.0522,0.00562341,0.00563351
0.0526,0.00590356,0.0059147
0.053,0,0
0.0534,0,0
0.0538,0,0
0.0542,0,0
0.0546,0,0
0.055,0.00598932,0.00600081
0.0554,0,0
0.0558,0,0
0.0562,0,0
0.0566,0,0
0.057,0,0
0.0574,0,0
0.0578,0.00565052,0.00566079
0.0582,0,0
0.0586,0,0
0.059,0,0
0.0594,0,0
0.0598,0.0056943,0.00570475
0.0602,0,0
0.0606,0.00572545,0.00573603
0.061,0,0
0.0614,0,0
0.0618,0,0
0.0622,0,0
0.0626,0.00587179,0.00588294
0.063,0.00550412,0.00551393
0.0634,0,0
0.0638,0,0
0.0642,0.00548217,0.00549192
0.0646,0,0
0.065,0.00570658,0.00571715
0.0654,0,0
0.0658,0.0110628,0.00783667
0.0662,0.00560878,0.00561901
0.0666,0,0
0.067,0.00557702,0.00558714
0.0674,0,0
0.0678,0,0
0.0682,0,0
0.0686,0,0
0.069,0.00551552,0.00552545
0.0694,0,0
0.0698,0.00556946,0.0055796
0.0702,0,0
0.0706,0.00590201,0.00591341
0.071,0,0
0.0714,0,0
0.0718,0,0
0.0722,0,0
0.0726,0,0
0.073,0,0
0.0734,0,0
0.0738,0.00519115,0.0052
0.0742,0.00530293,0.00531216
0.0746,0.00530089,0.00531012
0.075,0,0
0.0754,0,0
0.0758,0,0
0.0762,0,0
0.0766,0,0
0.077,0,0
0.0774,0,0
0.0778,0.00562898,0.00563941
0.0782,0.00519123,0.00520011
0.0786,0,0
0.079,0,0
0.0794,0,0
0.0798,0,0
0.0802,0,0
0.0806,0,0
0.081,0.00496629,0.00497444
0.0814,0.00496506,0.0049732
0.0818,0,0
0.0822,0,0
0.0826,0,0
0.083,0,0
0.0834,0,0
0.0838,0.005484,0.00549394
0.0842,0,0
0.0846,0.0055782,0.00558849
0.085,0,0
0.0854,0,0
0.0858,0,0
0.0862,0,0
0.0866,0,0
0.087,0,0
0.0874,0,0
0.0878,0,0
0.0882,0,0
0.0886,0.00524711,0.00525624
0.089,0,0
0.0894,0,0
0.0898,0,0
0.0902,0,0
0.0906,0,0
0.091,0,0
0.0914,0,0
0.0918,0.00494866,0.00495679
0.0922,0,0
0.0926,0,0
0.093,0,0
0.0934,0.0111974,0.00808797
0.0938,0,0
0.0942,0,0
0.0946,0,0
0.095,0,0
0.0954,0,0
0.0958,0.0035384,0.00438142
0.0962,0,0
0.0966,0,0
0.097,0.0060585,0.00607069
0.0974,0,0
0.0978,0,0
0.0982,0,0
0.0986,0.00553903,0.00554922
0.099,0,0
0.0994,0,0
0.0998,0,0
0.1002,0.0063513,0.0063647
0.1006,0.005765,0.00577605
0.101,0,0
0.1014,0.00622636,0.00623924
0.1018,0,0
0.1022,0,0
0.1026,0,0
0.103,0,0
0.1034,0,0
0.1038,0,0
0.1042,0,0
0.1046,0,0
0.105,0,0
0.1054,0,0
0.1058,0,0
0.1062,0,0
0.1066,0,0
0.107,0,0
0.1074,0,0
0.1078,0,0
0.1082,0,0
0.1086,0,0
0.109,0,0
0.1094,0,0
0.1098,0,0
0.1102,0,0
0.1106,0,0
0.111,0.00746816,0.00748658
0.1114,0,0
0.1118,0.00728097,0.00729846
0.1122,0.00713719,0.007154
0.1126,0,0
0.113,0,0
0.1134,0,0
0.1138,0,0
0.1142,0,0
0.1146,0,0
0.115,0,0
0.1154,0.00339061,0.00537466
0.1158,0,0
0.1162,0,0
0.1166,0,0
0.117,0,0
0.1174,0,0
0.1178,0,0
0.1182,0,0
0.1186,0,0
0.119,0,0
0.1194,0,0
0.1198,0,0
8
-0.1198,0,0
-0.1194,0,0
-0.119,0,0
-0.1186,0,0
-0.1182,0,0
-0.1178,0,0
-0.1174,0.00423733,0.00424588
-0.117,0.00415642,0.00416465
-0.1166,0,0
-0.1162,0,0
-0.1158,0,0
-0.1154,0,0
-0.115,0,0
-0.1146,0,0
-0.1142,0,0
-0.1138,0,0
-0.1134,0,0
-0.113,0,0
-0.1126,0,0
-0.1122,0,0
-0.1118,0,0
-0.1114,0.00422804,0.0042365
-0.111,0,0
-0.1106,0,0
-0.1102,0,0
-0.1098,0,0
-0.1094,0.00409115,0.00409904
-0.109,0.00386856,0.00387562
-0.1086,0,0
-0.1082,0,0
-0.1078,0,0
-0.1074,0,0
-0.107,0,0
-0.1066,0,0
-0.1062,0,0
-0.1058,0,0
-0.1054,0,0
-0.105,0.00429346,0.0043021
-0.1046,0,0
-0.1042,0,0
-0.1038,0.00230703,0.00304944
-0.1034,0,0
-0.103,0,0
-0.1026,0,0
-0.1022,0.00242704,0.00310217
-0.1018,0,0
-0.1014,0,0
-0.101,0,0
-0.1006,0,0
-0.1002,0,0
-0.0998,0,0
-0.0994,0,0
-0.099,0,0
-0.0986,0,0
-0.0982,0,0
-0.0978,0,0
-0.0974,0,0
-0.097,0.00844094,0.00598033
-0.0966,0,0
-0.0962,0,0
-0.0958,0,0
-0.0954,0,0
-0.095,0,0
-0.0946,0,0
-0.0942,0,0
-0.0938,0,0
-0.0934,0,0
-0.093,0,0
-0.0926,0,0
-0.0922,0.00382867,0.00383542
-0.0918,0.00393481,0.00394194
-0.0914,0.000440981,0.00132281
-0.091,0,0
-0.0906,0,0
-0.0902,0,0
-0.0898,0.00454419,0.00455367
-0.0894,0,0
-0.089,0,0
-0.0886,0,0
-0.0882,0.00765562,0.00542285
-0.0878,0,0
-0.0874,0.00426271,0.00427103
-0.087,0,0
-0.0866,0,0
-0.0862,0,0
-0.0858,0,0
-0.0854,0,0
-0.085,0,0
-0.0846,0.00412178,0.00412953
-0.0842,0,0
-0.0838,0,0
-0.0834,0.00403094,0.00403834
-0.083,0,0
-0.0826,0,0
-0.0822,0,0
-0.0818,0,0
-0.0814,0,0
-0.081,0,0
-0.0806,0.00399564,0.00400289
-0.0802,0,0
-0.0798,0.00375971,0.00376612
-0.0794,0,0
-0.079,0,0
-0.0786,0.00414837,0.00415625
-0.0782,0,0
-0.0778,0,0
-0.0774,0,0
-0.077,0,0
-0.0766,0.00386722,0.00387398
-0.0762,0,0
-0.0758,0,0
-0.0754,0,0
-0.075,0.00329586,0.00383654
-0.0746,0,0
-0.0742,0,0
-0.0738,0,0
-0.0734,0.0040151,0.00402237
-0.073,0.00259912,0.00335665
-0.0726,0,0
-0.0722,0.00348514,0.00374511
-0.0718,0,0
-0.0714,0,0
-0.071,0,0
-0.0706,0.00415064,0.00415839
-0.0702,0.00115514,0.00227335
-0.0698,0,0
-0.0694,0,0
-0.069,0,0
-0.0686,0,0
-0.0682,0,0
-0.0678,0,0
-0.0674,0.00458044,0.00458987
-0.067,0,0
-0.0666,0,0
-0.0662,0,0
-0.0658,0,0
-0.0654,0,0
-0.065,0,0
-0.0646,0,0
-0.0642,0,0
-0.0638,0,0
-0.0634,0,0
-0.063,0,0
-0.0626,0,0
-0.0622,0,0
-0.0618,0,0
-0.0614,0,0
-0.061,0,0
-0.0606,0.00883144,0.00625772
-0.0602,0,0
-0.0598,0,0
-0.0594,0,0
-0.059,0,0
-0.0586,0.00730954,0.00517709
-0.0582,0,0
-0.0578,0,0
-0.0574,0,0
-0.057,0,0
-0.0566,0,0
-0.0562,0,0
-0.0558,0,0
-0.0554,0.00404555,0.00405288
-0.055,0,0
-0.0546,0,0
-0.0542,0,0
-0.0538,0,0
-0.0534,0,0
-0.053,0,0
-0.0526,0,0
-0.0522,0,0
-0.0518,0,0
-0.0514,0,0
-0.051,0,0
-0.0506,0,0
-0.0502,0,0
-0.0498,0,0
-0.0494,0,0
-0.049,0.004347,0.00435546
-0.0486,0,0
-0.0482,0,0
-0.0478,0,0
-0.0474,0.00167477,0.00264178
-0.047,0,0
-0.0466,0,0
-0.0462,0.00429437,0.00430262
-0.0458,0,0
-0.0454,0,0
-0.045,0,0
-0.0446,0,0
-0.0442,0.00396826,0.00397531
-0.0438,0,0
-0.0434,0,0
-0.043,0,0
-0.0426,0.0041961,0.00420397
-0.0422,0,0
-0.0418,0,0
-0.0414,0.00802126,0.00570381
-0.041,0.0129362,0.0074841
-0.0406,0,0
-0.0402,0.00388951,0.00389628
-0.0398,0,0
-0.0394,0.00407589,0.00408331
-0.039,0,0
-0.0386,0,0
-0.0382,0,0
-0.0378,0.00405515,0.00406249
-0.0374,0.00398665,0.00402826
-0.037,0,0
-0.0366,0,0
-0.0362,0,0
-0.0358,0,0
-0.0354,0,0
-0.035,0,0
-0.0346,0,0
-0.0342,0,0
-0.0338,0.0039168,0.00392365
-0.0334,0,0
-0.033,0,0
-0.0326,0.00419146,0.0041993
-0.0322,0,0
-0.0318,0,0
-0.0314,0,0
-0.031,0,0
-0.0306,0,0
-0.0302,0.00410222,0.00410972
-0.0298,0,0
-0.0294,0,0
-0.029,0,0
-0.0286,0,0
-0.0282,0,0
-0.0278,0,0
-0.0274,0,0
-0.027,0,0
-0.0266,0,0
-0.0262,0.00249156,0.00317429
-0.0258,0,0
-0.0254,0,0
-0.025,0,0
-0.0246,0.00416178,0.00416949
-0.0242,0,0
-0.0238,0,0
-0.0234,0,0
-0.023,0,0
-0.0226,0.00419433,0.00420215
-0.0222,0,0
-0.0218,0.00408961,0.00409704
-0.0214,0,0
-0.021,0,0
-0.0206,0,0
-0.0202,0,0
-0.0198,0,0
-0.0194,0,0
-0.019,0,0
-0.0186,0,0
-0.0182,0,0
-0.0178,0,0
-0.0174,0,0
-0.017,0,0
-0.0166,0,0
-0.0162,0.00418729,0.00419507
-0.0158,0,0
-0.0154,0,0
-0.015,0,0
-0.0146,0,0
-0.0142,0.00429301,0.00430119
-0.0138,0,0
-0.0134,0.0031979,0.00360942
-0.013,0,0
-0.0126,0.00381492,0.00398078
-0.0122,0,0
-0.0118,0.0048145,0.00449114
-0.0114,0,0
-0.011,0.00416529,0.00417297
-0.0106,0.00397716,0.00398416
-0.0102,0,0
-0.0098,0,0
-0.0094,0.0035817,0.00377941
-0.009,0.00554339,0.00499005
-0.0086,0.00419752,0.00420531
-0.0082,0.0120916,0.00699354
-0.0078,0,0
-0.0074,0.00781814,0.00553781
-0.007,0.00417329,0.00418098
-0.0066,0,0
-0.0062,0.012147,0.00702857
-0.0058,0.00442399,0.00443262
-0.0054,0.00854026,0.00605025
-0.005,0.0101118,0.00656019
-0.0046,0.0126159,0.00729844
-0.0042,0.0296461,0.0112287
-0.0038,0.0347571,0.0120111
-0.0034,0.0536637,0.0149114
-0.003,0.0503836,0.0141578
-0.0026,0.0783874,0.0185664
-0.0022,0.156758,0.0255684
-0.0018,0.228438,0.0309613
-0.0014,0.330022,0.0371978
-0.001,0.470479,0.0436978
-0.0006,0.661394,0.0517157
-0.0002,0.559243,0.0464254
0.0002,0.534452,0.0455118
0.0006,0.513912,0.0455369
0.001,0.443172,0.0438259
0.0014,0.338571,0.0385902
0.0018,0.274089,0.0340886
0.0022,0.158925,0.0254829
0.0026,0.167267,0.0267872
0.003,0.0917101,0.0187938
0.0034,0.0509652,0.014632
0.0038,0.0436138,0.0133871
0.0042,0.0262,0.0100751
0.0046,0.00887249,0.00628601
0.005,0.00410959,0.004117
0.0054,0.00865575,0.00613216
0.0058,0.00942848,0.00624767
0.0062,0.0118915,0.00687749
0.0066,0.0216929,0.00926621
0.007,0.0160604,0.0080449
0.0074,0.0160992,0.00801625
0.0078,0.0126104,0.00731043
0.0082,0.00826388,0.00616245
0.0086,0,0
0.009,0.0042078,0.00421555
0.0094,0.00410119,0.00410854
0.0098,0,0
0.0102,0.00398298,0.00398992
0.0106,0,0
0.011,0.00388594,0.00389254
0.0114,0,0
0.0118,0,0
0.0122,0.00378685,0.00379312
0.0126,0,0
0.013,0.00406322,0.00407042
0.0134,0,0
0.0138,0,0
0.0142,0.00242451,0.0032151
0.0146,0,0
0.015,0.00757439,0.00536476
0.0154,0,0
0.0158,0.00447432,0.00448304
0.0162,0,0
0.0166,0,0
0.017,0,0
0.0174,0.0044591,0.00446776
0.0178,0,0
0.0182,0,0
0.0186,0,0
0.019,0.00403269,0.00403976
0.0194,0,0
0.0198,0.00415425,0.00416175
0.0202,0,0
0.0206,0,0
0.021,0.00381411,0.00382044
0.0214,0.00381478,0.0038211
0.0218,0,0
0.0222,0,0
0.0226,0,0
0.023,0,0
0.0234,0.00412358,0.00413097
0.0238,0,0
0.0242,0,0
0.0246,0,0
0.025,0,0
0.0254,0,0
0.0258,0,0
0.0262,0.00409075,0.004098
0.0266,0,0
0.027,0.00827661,0.00586493
0.0274,0,0
0.0278,0.00397901,0.00398587
0.0282,0,0
0.0286,0,0
0.029,0,0
0.0294,0,0
0.0298,0,0
0.0302,0,0
0.0306,0,0
0.031,0,0
0.0314,0.00391497,0.0039216
0.0318,0,0
0.0322,0,0
0.0326,0.00395831,0.00396508
0.033,0,0
0.0334,0.00425008,0.00425788
0.0338,0,0
0.0342,0.00392866,0.00393532
0.0346,0,0
0.035,0,0
0.0354,0,0
0.0358,0,0
0.0362,0.00397913,0.00398596
0.0366,0,0
0.037,0,0
0.0374,0,0
0.0378,0,0
0.0382,0,0
0.0386,0,0
0.039,0,0
0.0394,0,0
0.0398,0,0
0.0402,0,0
0.0406,0,0
0.041,0,0
0.0414,0,0
0.0418,0,0
0.0422,0,0
0.0426,0.00436117,0.00436934
0.043,0.00405821,0.00406529
0.0434,0.00871239,0.00617214
0.0438,0,0
0.0442,0,0
0.0446,0,0
0.045,0.00392839,0.00393501
0.0454,0,0
0.0458,0,0
0.0462,0,0
0.0466,0,0
0.047,0,0
0.0474,0.00435886,0.00436701
0.0478,0.00426838,0.00427619
0.0482,0,0
0.0486,0,0
0.049,0,0
0.0494,0,0
0.0498,0,0
0.0502,0,0
0.0506,0,0
0.051,0,0
0.0514,0,0
0.0518,0,0
0.0522,0,0
0.0526,0,0
0.053,0,0
0.0534,0.00458924,0.00459822
0.0538,0,0
0.0542,0,0
0.0546,0,0
0.055,0,0
0.0554,0,0
0.0558,0,0
0.0562,0,0
0.0566,0,0
0.057,0,0
0.0574,0.00415116,0.00415849
0.0578,0,0
0.0582,0,0
0.0586,0,0
0.059,0.00398677,0.00399351
0.0594,0.00450101,0.0045096
0.0598,0,0
0.0602,0,0
0.0606,0,0
0.061,0,0
0.0614,0,0
0.0618,0,0
0.0622,0,0
0.0626,0,0
0.063,0,0
0.0634,0,0
0.0638,0.00421562,0.00422311
0.0642,0,0
0.0646,0,0
0.065,0,0
0.0654,0,0
0.0658,0,0
0.0662,0,0
0.0666,0,0
0.067,0,0
0.0674,0.00342174,0.00384072
0.0678,0,0
0.0682,0.00428107,0.00428875
0.0686,0,0
0.069,0,0
0.0694,0,0
0.0698,0,0
0.0702,0,0
0.0706,0.0137055,0.00792919
0.071,0,0
0.0714,0,0
0.0718,0.00210528,0.0029895
0.0722,0,0
0.0726,0,0
0.073,0,0
0.0734,0,0
0.0738,0.00409902,0.004106
0.0742,0,0
0.0746,0,0
0.075,0,0
0.0754,0.00466972,0.00467876
0.0758,0.00271682,0.00353074
0.0762,0,0
0.0766,0,0
0.077,0,0
0.0774,0,0
0.0778,0,0
0.0782,0,0
0.0786,0,0
0.079,0,0
0.0794,0,0
0.0798,0,0
0.0802,0.00406763,0.00407445
0.0806,0,0
0.081,0,0
0.0814,0.00426384,0.00427133
0.0818,0,0
0.0822,0.00456837,0.00457695
0.0826,0,0
0.083,0,0
0.0834,0.00441364,0.00442164
0.0838,0,0
0.0842,0,0
0.0846,0,0
0.085,0,0
0.0854,0,0
0.0858,0,0
0.0862,0.00449263,0.00450089
0.0866,0.00446965,0.00447782
0.087,0,0
0.0874,0,0
0.0878,0,0
0.0882,0,0
0.0886,0,0
0.089,0.00421026,0.00421749
0.0894,0,0
0.0898,0,0
0.0902,0,0
0.0906,0,0
0.091,0,0
0.0914,0,0
0.0918,0,0
0.0922,0,0
0.0926,0,0
0.093,0,0
0.0934,0.00475471,0.00476389
0.0938,0,0
0.0942,0,0
0.0946,0,0
0.095,0,0
0.0954,0,0
0.0958,0.00153027,0.00260827
0.0962,0.00446577,0.00447385
0.0966,0,0
0.097,0,0
0.0974,0,0
0.0978,0,0
0.0982,0,0
0.0986,0,0
0.099,0,0
0.0994,0,0
0.0998,0,0
0.1002,0.00902761,0.00681395
0.1006,0.00474174,0.00475082
0.101,0,0
0.1014,0,0
0.1018,0.00576474,0.00577815
0.1022,0,0
0.1026,0,0
0.103,0,0
0.1034,0.0051495,0.00516019
0.1038,0.00505675,0.00506706
0.1042,0,0
0.1046,0,0
0.105,0,0
0.1054,0,0
0.1058,0,0
0.1062,0,0
0.1066,0,0
0.107,0,0
0.1074,0,0
0.1078,0.00526137,0.00527252
0.1082,0,0
0.1086,0,0
0.109,0,0
0.1094,0,0
0.1098,0,0
0.1102,0,0
0.1106,0.00607652,0.00609138
0.111,0.00612514,0.00614025
0.1114,0,0
0.1118,0,0
0.1122,0,0
0.1126,0,0
0.113,0,0
0.1134,0,0
0.1138,0.00612587,0.00614098
0.1142,0,0
0.1146,0,0
0.115,0,0
0.1154,0.00414014,0.00536059
0.1158,0.00684429,0.00686315
0.1162,0,0
0.1166,0,0
0.117,0.00744574,0.00746806
0.1174,0,0
0.1178,0.00719068,0.0072115
0.1182,0,0
0.1186,0.00805275,0.00807887
0.119,0,0
0.1194,0,0
0.1198,0,0
9
-0.1198,0.00399127,0.00399907
-0.1194,0,0
-0.119,0,0
-0.1186,0,0
-0.1182,0,0
-0.1178,0,0
-0.1174,0,0
-0.117,0,0
-0.1166,0.00369095,0.00369766
-0.1162,0,0
-0.1158,0,0
-0.1154,0,0
-0.115,0,0
-0.1146,0,0
-0.1142,0,0
-0.1138,0,0
-0.1134,0,0
-0.113,0,0
-0.1126,0,0
-0.1122,0.0034065,0.00341225
-0.1118,0,0
-0.1114,0,0
-0.111,0,0
-0.1106,0,0
-0.1102,0,0
-0.1098,0,0
-0.1094,0,0
-0.109,0,0
-0.1086,0,0
-0.1082,0,0
-0.1078,0,0
-0.1074,0,0
-0.107,0,0
-0.1066,0,0
-0.1062,0.00385125,0.00385867
-0.1058,0,0
-0.1054,0,0
-0.105,0.00359445,0.00360092
-0.1046,0.012178,0.00704533
-0.1042,0,0
-0.1038,0.00159253,0.00244601
-0.1034,0,0
-0.103,0,0
-0.1026,0,0
-0.1022,0.00141308,0.0022797
-0.1018,0,0
-0.1014,0,0
-0.101,0,0
-0.1006,0.0037757,0.0037829
-0.1002,0,0
-0.0998,0,0
-0.0994,0,0
-0.099,0,0
-0.0986,0,0
-0.0982,0,0
-0.0978,0,0
-0.0974,0,0
-0.097,0,0
-0.0966,0,0
-0.0962,0,0
-0.0958,0,0
-0.0954,0,0
-0.095,0,0
-0.0946,0,0
-0.0942,0,0
-0.0938,0,0
-0.0934,0,0
-0.093,0,0
-0.0926,0,0
-0.0922,0,0
-0.0918,0,0
-0.0914,0.00315972,0.00335829
-0.091,0,0
-0.0906,0,0
-0.0902,0.00380175,0.00380915
-0.0898,0,0
-0.0894,0.00370923,0.00371628
-0.089,0,0
-0.0886,0.00353463,0.00354104
-0.0882,0,0
-0.0878,0,0
-0.0874,0.00355556,0.00356206
-0.087,0,0
-0.0866,0,0
-0.0862,0,0
-0.0858,0.00372179,0.00372892
-0.0854,0,0
-0.085,0.00365682,0.00366371
-0.0846,0,0
-0.0842,0,0
-0.0838,0.00355971,0.00356625
-0.0834,0,0
-0.083,0,0
-0.0826,0,0
-0.0822,0,0
-0.0818,0,0
-0.0814,0,0
-0.081,0.00379392,0.00380137
-0.0806,0,0
-0.0802,0,0
-0.0798,0,0
-0.0794,0,0
-0.079,0,0
-0.0786,1.47174e-07,2.31363e-05
-0.0782,0,0
-0.0778,0,0
-0.0774,0,0
-0.077,0,0
-0.0766,0,0
-0.0762,0,0
-0.0758,0,0
-0.0754,0,0
-0.075,0.000999454,0.0019677
-0.0746,0,0
-0.0742,0,0
-0.0738,0,0
-0.0734,0.00694693,0.00492112
-0.073,0.00148612,0.00235996
-0.0726,0,0
-0.0722,0.000453109,0.00125471
-0.0718,0,0
-0.0714,0,0
-0.071,0.00357553,0.00358221
-0.0706,0,0
-0.0702,0.00665651,0.00505527
-0.0698,0,0
-0.0694,0,0
-0.069,0,0
-0.0686,0,0
-0.0682,0.00354561,0.00355219
-0.0678,0,0
-0.0674,0,0
-0.067,0,0
-0.0666,0.00374615,0.00375351
-0.0662,0,0
-0.0658,0,0
-0.0654,0.00376572,0.00377316
-0.065,0,0
-0.0646,0,0
-0.0642,0,0
-0.0638,0.00378827,0.00379581
-0.0634,0,0
-0.063,0,0
-0.0626,0.00749879,0.00531291
-0.0622,0,0
-0.0618,0.00356892,0.00357562
-0.0614,0.00721404,0.0051111
-0.061,0,0
-0.0606,0.0075087,0.00532046
-0.0602,0.00370173,0.00370895
-0.0598,0,0
-0.0594,0,0
-0.059,0,0
-0.0586,0.00310138,0.00310645
-0.0582,0.0031005,0.00310558
-0.0578,0,0
-0.0574,0.00366242,0.00366951
-0.057,0,0
-0.0566,0.00345979,0.00346611
-0.0562,0,0
-0.0558,0,0
-0.0554,0.00338417,0.00339023
-0.055,0,0
-0.0546,0,0
-0.0542,0,0
-0.0538,0.00322769,0.00323321
-0.0534,0,0
-0.053,0,0
-0.0526,0,0
-0.0522,0,0
-0.0518,0,0
-0.0514,0,0
-0.051,0,0
-0.0506,0,0
-0.0502,0.0037867,0.00379431
-0.0498,0,0
-0.0494,0,0
-0.049,0.00366428,0.0036714
-0.0486,0.0116762,0.00676109
-0.0482,0.00347922,0.00348565
-0.0478,0.00695622,0.00492789
-0.0474,0.00596909,0.00473943
-0.047,0,0
-0.0466,0.00765177,0.00542163
-0.0462,0,0
-0.0458,0,0
-0.0454,0,0
-0.045,0,0
-0.0446,0.00359011,0.00359698
-0.0442,0,0
-0.0438,0,0
-0.0434,0.00721513,0.00511169
-0.043,0.00366711,0.00367428
-0.0426,0,0
-0.0422,0,0
-0.0418,0,0
-0.0414,0,0
-0.041,0.010933,0.00632447
-0.0406,0.00318072,0.00318613
-0.0402,0.00324747,0.00325311
-0.0398,0.00338009,0.0033862
-0.0394,0.00339953,0.00340572
-0.039,0.00339801,0.0034042
-0.0386,0.00331608,0.00332197
-0.0382,0.00331463,0.00332052
-0.0378,0,0
-0.0374,0.00733281,0.00517338
-0.037,0,0
-0.0366,0.00313293,0.00313821
-0.0362,0.00313145,0.00313672
-0.0358,0.0038636,0.00387162
-0.0354,0,0
-0.035,0,0
-0.0346,0.00685837,0.00485856
-0.0342,0,0
-0.0338,0.00324261,0.00324828
-0.0334,0,0
-0.033,0,0
-0.0326,0,0
-0.0322,0,0
-0.0318,0,0
-0.0314,0,0
-0.031,0.00388206,0.0038902
-0.0306,0,0
-0.0302,0.00337903,0.00338521
-0.0298,0,0
-0.0294,0.00321109,0.00321668
-0.029,0.00352325,0.00352997
-0.0286,0.00695509,0.00492727
-0.0282,0.00335341,0.0033595
-0.0278,0.00321468,0.00322028
-0.0274,0,0
-0.027,0,0
-0.0266,0,0
-0.0262,0,0
-0.0258,0.00303301,0.00303802
-0.0254,0.00307463,0.00307977
-0.025,0,0
-0.0246,0,0
-0.0242,0.00715619,0.00507006
-0.0238,0.00355641,0.0035633
-0.0234,0.0070168,0.00497113
-0.023,0.00317055,0.00317604
-0.0226,0.00672998,0.00476815
-0.0222,0.00674514,0.00477871
-0.0218,0.0032933,0.00329923
-0.0214,0.00364215,0.0036494
-0.021,0.00357166,0.00357864
-0.0206,0.00372236,0.00372994
-0.0202,0,0
-0.0198,0.00948259,0.00548427
-0.0194,0,0
-0.019,0.00351429,0.00352106
-0.0186,0,0
-0.0182,0,0
-0.0178,0.00658411,0.00466409
-0.0174,0.00659908,0.00467472
-0.017,0.00351567,0.00352247
-0.0166,0.00334049,0.00334663
-0.0162,0.00333861,0.00334475
-0.0158,0,0
-0.0154,0.00377859,0.00378645
-0.015,0.00377652,0.00378438
-0.0146,0.00345231,0.00345888
-0.0142,0,0
-0.0138,0,0
-0.0134,0,0
-0.013,0,0
-0.0126,0.00331656,0.00332264
-0.0122,0.00702879,0.00497978
-0.0118,0.00282728,0.00307852
-0.0114,0,0
-0.011,0.00315105,0.00315655
-0.0106,0,0
-0.0102,0.00637677,0.0045171
-0.0098,0.00599918,0.00424913
-0.0094,0.0097272,0.00553665
-0.009,0.0130023,0.00672547
-0.0086,0.00667157,0.00472627
-0.0082,0.00640095,0.00453422
-0.0078,0.0220127,0.00833498
-0.0074,0.0225376,0.00853617
-0.007,0.0197525,0.0080789
-0.0066,0.0217334,0.00823156
-0.0062,0.00979958,0.00566812
-0.0058,0.0170335,0.00763384
-0.0054,0.00334628,0.00335254
-0.005,0.0175858,0.00769389
-0.0046,0.0230481,0.00872785
-0.0042,0.016976,0.00760636
-0.0038,0.0312552,0.0101084
-0.0034,0.0259001,0.0091741
-0.003,0.0475421,0.0121819
-0.0026,0.0834364,0.0170485
-0.0022,0.105046,0.0185341
-0.0018,0.207029,0.0261074
-0.0014,0.297368,0.0312559
-0.001,0.563881,0.0423593
-0.0006,0.685494,0.046553
-0.0002,0.672905,0.0450366
0.0002,0.686961,0.0456136
0.0006,0.51037,0.0400748
0.001,0.358766,0.0349931
0.0014,0.234217,0.0283407
0.0018,0.154564,0.0225999
0.0022,0.0568958,0.013499
0.0026,0.0719839,0.0155096
0.003,0.0481513,0.0120878
0.0034,0.0278959,0.00942231
0.0038,0.0715419,0.0151726
0.0042,0.0134451,0.00656586
0.0046,0.0137732,0.00690001
0.005,0.00318795,0.00319369
0.0054,0.0129152,0.00647105
0.0058,0.0131481,0.00658627
0.0062,0.0243685,0.00863091
0.0066,0.020104,0.00790384
0.007,0.0280116,0.00935452
0.0074,0.0215641,0.00819452
0.0078,0.00982887,0.00567258
0.0082,0.00422099,0.00386983
0.0086,0.00927449,0.0053678
0.009,0.00324463,0.0032506
0.0094,0.00316075,0.00316641
0.0098,0.00605263,0.00428721
0.0102,0.00306635,0.00307169
0.0106,0.00328323,0.00328935
0.011,0.00298804,0.00299312
0.0114,0,0
0.0118,0.00290799,0.0029128
0.0122,0,0
0.0126,0.00634786,0.00449673
0.013,0.00311547,0.003121
0.0134,0,0
0.0138,0.00614795,0.00435487
0.0142,0.0046388,0.00388739
0.0146,0.0061393,0.00435564
0.015,0,0
0.0154,0,0
0.0158,0,0
0.0162,0,0
0.0166,0.00287539,0.00288011
0.017,0,0
0.0174,0.00339907,0.00340567
0.0178,0,0
0.0182,0,0
0.0186,0.00641289,0.00454292
0.019,0.00306832,0.0030737
0.0194,0,0
0.0198,0,0
0.0202,0.00567529,0.00401957
0.0206,0,0
0.021,0,0
0.0214,0,0
0.0218,0.00329949,0.00330573
0.0222,0.00305167,0.003057
0.0226,0,0
0.023,0.00311442,0.00311998
0.0234,0,0
0.0238,0.00335205,0.00335849
0.0242,0.00616592,0.00436769
0.0246,0,0
0.025,0.00308549,0.00309095
0.0254,0.00368691,0.00369471
0.0258,0.00285055,0.00285522
0.0262,0,0
0.0266,0.00297868,0.00298378
0.027,0.00303798,0.00304328
0.0274,0,0
0.0278,0.00299595,0.00300111
0.0282,0.00296523,0.00297029
0.0286,0.00290105,0.0029059
0.029,0,0
0.0294,0,0
0.0298,0.00302182,0.00302707
0.0302,0,0
0.0306,0,0
0.031,0.00356985,0.00357719
0.0314,0.00293617,0.00294114
0.0318,0,0
0.0322,0,0
0.0326,0,0
0.033,0,0
0.0334,0.00954285,0.00551969
0.0338,0.00297901,0.00298413
0.0342,0,0
0.0346,0.00318598,0.00319184
0.035,0,0
0.0354,0,0
0.0358,0,0
0.0362,0,0
0.0366,0,0
0.037,0,0
0.0374,0.00293745,0.00294244
0.0378,0,0
0.0382,0,0
0.0386,0,0
0.039,0.00350484,0.00351195
0.0394,0,0
0.0398,0.00315724,0.00316301
0.0402,0,0
0.0406,0,0
0.041,0.00314244,0.00314816
0.0414,0.00309691,0.00310247
0.0418,0.00633509,0.00448781
0.0422,0,0
0.0426,0,0
0.043,0.0060173,0.0042623
0.0434,0.00645703,0.00457436
0.0438,0,0
0.0442,0,0
0.0446,0.00306828,0.00307374
0.045,0.00581414,0.00411816
0.0454,0,0
0.0458,0,0
0.0462,0.00579803,0.00410673
0.0466,0.00632762,0.00448512
0.047,0.00309071,0.00309626
0.0474,0.00321858,0.0032246
0.0478,0,0
0.0482,0,0
0.0486,0,0
0.049,0,0
0.0494,0.00322467,0.00323072
0.0498,0.00298353,0.0029887
0.0502,0,0
0.0506,0,0
0.051,0.00317633,0.00318221
0.0514,0,0
0.0518,0,0
0.0522,0,0
0.0526,0,0
0.053,0.00310387,0.00310948
0.0534,0.00315884,0.00316466
0.0538,0,0
0.0542,0,0
0.0546,0,0
0.055,0.00328668,0.00329299
0.0554,0,0
0.0558,0.00312374,0.00312944
0.0562,0,0
0.0566,0,0
0.057,0.00610927,0.00432963
0.0574,0,0
0.0578,0.00310502,0.00311066
0.0582,0,0
0.0586,0,0
0.059,0,0
0.0594,0.00325855,0.00326476
0.0598,0.00626468,0.00443793
0.0602,0.00320727,0.0032133
0.0606,0,0
0.061,0.00315029,0.00315611
0.0614,0.00284754,0.0028523
0.0618,0,0
0.0622,0.0032651,0.00327136
0.0626,0,0
0.063,0.00597024,0.00422953
0.0634,0.00293729,0.00294236
0.0638,0,0
0.0642,0.0030215,0.00302687
0.0646,0,0
0.065,0,0
0.0654,0,0
0.0658,0.0030953,0.00310095
0.0662,0,0
0.0666,0,0
0.067,0.00312527,0.00313102
0.0674,0.000621115,0.00137963
0.0678,0,0
0.0682,0,0
0.0686,0.00293229,0.00293737
0.069,0.00293118,0.00293626
0.0694,0,0
0.0698,0,0
0.0702,0,0
0.0706,0.0032614,0.00326769
0.071,0,0
0.0714,0.0031492,0.00315507
0.0718,0.00435894,0.003563
0.0722,0,0
0.0726,0,0
0.073,0,0
0.0734,0.00274836,0.00275284
0.0738,0.00282501,0.00282975
0.0742,0.00286763,0.00287251
0.0746,0.00292928,0.00293438
0.075,0,0
0.0754,0,0
0.0758,0.00129176,0.002032
0.0762,0.00624294,0.00442263
0.0766,0.00294947,0.00295465
0.077,0.00604603,0.00428293
0.0774,0.00606977,0.00429974
0.0778,0,0
0.0782,0,0
0.0786,0,0
0.079,0.00304162,0.00304714
0.0794,0.00314947,0.0031554
0.0798,0.00939806,0.00543614
0.0802,0,0
0.0806,0.00280366,0.00280836
0.081,0.00273888,0.00274337
0.0814,0.00273761,0.0027421
0.0818,0.00321543,0.00322162
0.0822,0,0
0.0826,0,0
0.083,0,0
0.0834,0,0
0.0838,0,0
0.0842,0,0
0.0846,0,0
0.085,0,0
0.0854,0,0
0.0858,0.00598661,0.00424177
0.0862,0,0
0.0866,0.00300537,0.0030108
0.087,0,0
0.0874,0,0
0.0878,0,0
0.0882,0.00572667,0.00405646
0.0886,0.00288184,0.00288685
0.089,0,0
0.0894,0,0
0.0898,0,0
0.0902,0.00293684,0.00294205
0.0906,0,0
0.091,0.00305996,0.00306562
0.0914,0.00303156,0.00303712
0.0918,0,0
0.0922,0,0
0.0926,0,0
0.093,0,0
0.0934,0,0
0.0938,0.00286442,0.00286938
0.0942,0,0
0.0946,0.00598341,0.00424465
0.095,0,0
0.0954,0.00754927,0.0047681
0.0958,0,0
0.0962,0.00298539,0.00299079
0.0966,0,0
0.097,0,0
0.0974,0,0
0.0978,0,0
0.0982,0,0
0.0986,0.00303532,0.0030409
0.099,0,0
0.0994,0,0
0.0998,0,0
0.1002,0.000785211,0.00161793
0.1006,0.00315891,0.00316496
0.101,0.00639446,0.00454059
0.1014,0,0
0.1018,0,0
0.1022,0.00299115,0.00299658
0.1026,0.0029909,0.00299633
0.103,0,0
0.1034,0,0
0.1038,0,0
0.1042,0,0
0.1046,0,0
0.105,0,0
0.1054,0.0034805,0.00348785
0.1058,0,0
0.1062,0.00359768,0.00360553
0.1066,0.00366603,0.00367418
0.107,0,0
0.1074,0.00369423,0.0037025
0.1078,0.00349318,0.00350058
0.1082,0.00375132,0.00375985
0.1086,0,0
0.109,0,0
0.1094,0.00437739,0.00438902
0.1098,0,0
0.1102,0,0
0.1106,0.00403057,0.00404043
0.111,0,0
0.1114,0.00398905,0.00399871
0.1118,0.00791269,0.00560856
0.1122,0,0
0.1126,0,0
0.113,0.00801774,0.00568337
0.1134,0,0
0.1138,0.00359441,0.00382968
0.1142,0.00445477,0.00446683
0.1146,0.00908225,0.00643984
0.115,0.00454564,0.00455819
0.1154,0,0
0.1158,0.000940663,0.00207126
0.1162,0.0045354,0.00454789
0.1166,0.00452655,0.004539
0.117,0,0
0.1174,0.00487437,0.00488881
0.1178,0,0
0.1182,0.0049133,0.00492797
0.1186,0.0053359,0.0053532
0.119,0.00508331,0.00509901
0.1194,0,0
0.1198,0,0
