# X , Y , E Distribution=true
1
-0.1198,0,0
-0.1194,0,0
-0.119,0,0
-0.1186,0.0124131,0.0124363
-0.1182,0,0
-0.1178,0.000920454,0.0034093
-0.1174,0,0
-0.117,0,0
-0.1166,0,0
-0.1162,0,0
-0.1158,0,0
-0.1154,0,0
-0.115,0,0
-0.1146,0,0
-0.1142,0,0
-0.1138,0,0
-0.1134,0.0126222,0.0126461
-0.113,0,0
-0.1126,0,0
-0.1122,0,0
-0.1118,0,0
-0.1114,0,0
-0.111,0,0
-0.1106,0,0
-0.1102,0,0
-0.1098,0,0
-0.1094,0,0
-0.109,0,0
-0.1086,0,0
-0.1082,0,0
-0.1078,0,0
-0.1074,0,0
-0.107,0,0
-0.1066,0,0
-0.1062,0,0
-0.1058,0,0
-0.1054,0,0
-0.105,0,0
-0.1046,0,0
-0.1042,0,0
-0.1038,0,0
-0.1034,0,0
-0.103,0.013047,0.0130723
-0.1026,0,0
-0.1022,0,0
-0.1018,0,0
-0.1014,0,0
-0.101,0,0
-0.1006,0,0
-0.1002,0,0
-0.0998,0,0
-0.0994,0,0
-0.099,0,0
-0.0986,0,0
-0.0982,0,0
-0.0978,0,0
-0.0974,0,0
-0.097,0,0
-0.0966,0,0
-0.0962,0,0
-0.0958,0,0
-0.0954,0,0
-0.095,0,0
-0.0946,0,0
-0.0942,0,0
-0.0938,0,0
-0.0934,0,0
-0.093,0,0
-0.0926,0,0
-0.0922,0,0
-0.0918,0,0
-0.0914,0,0
-0.091,0,0
-0.0906,0,0
-0.0902,0,0
-0.0898,0,0
-0.0894,0,0
-0.089,0.0123298,0.0123523
-0.0886,0,0
-0.0882,0,0
-0.0878,0,0
-0.0874,0,0
-0.087,0.0123214,0.0128157
-0.0866,0,0
-0.0862,0,0
-0.0858,0.0126927,0.0127165
-0.0854,0,0
-0.085,0,0
-0.0846,0,0
-0.0842,0,0
-0.0838,0,0
-0.0834,0,0
-0.083,0,0
-0.0826,0,0
-0.0822,0,0
-0.0818,0,0
-0.0814,0,0
-0.081,0,0
-0.0806,0,0
-0.0802,0,0
-0.0798,0,0
-0.0794,0,0
-0.079,0.0129041,0.0129286
-0.0786,0,0
-0.0782,0,0
-0.0778,0,0
-0.0774,0,0
-0.077,0,0
-0.0766,0,0
-0.0762,0,0
-0.0758,0,0
-0.0754,0,0
-0.075,0,0
-0.0746,0,0
-0.0742,0,0
-0.0738,0,0
-0.0734,0,0
-0.073,0,0
-0.0726,0.0129063,0.0129308
-0.0722,0,0
-0.0718,0,0
-0.0714,0,0
-0.071,0,0
-0.0706,0,0
-0.0702,0,0
-0.0698,0,0
-0.0694,0,0
-0.069,0.0127658,0.0127897
-0.0686,0,0
-0.0682,0,0
-0.0678,0,0
-0.0674,0,0
-0.067,0,0
-0.0666,0,0
-0.0662,0,0
-0.0658,0,0
-0.0654,0,0
-0.065,0,0
-0.0646,0,0
-0.0642,0,0
-0.0638,0,0
-0.0634,0,0
-0.063,0,0
-0.0626,0,0
-0.0622,0,0
-0.0618,0,0
-0.0614,0.00438547,0.00749849
-0.061,0.013288,0.0133138
-0.0606,0,0
-0.0602,0,0
-0.0598,0,0
-0.0594,0,0
-0.059,0,0
-0.0586,0,0
-0.0582,0,0
-0.0578,0,0
-0.0574,0,0
-0.057,0,0
-0.0566,0,0
-0.0562,0,0
-0.0558,0,0
-0.0554,0.0121495,0.012171
-0.055,0,0
-0.0546,0,0
-0.0542,0,0
-0.0538,0,0
-0.0534,0,0
-0.053,0.0137144,0.0137418
-0.0526,0,0
-0.0522,0,0
-0.0518,0,0
-0.0514,0,0
-0.051,0,0
-0.0506,0,0
-0.0502,0.0127737,0.0127974
-0.0498,0,0
-0.0494,0.0121097,0.012131
-0.049,0,0
-0.0486,0,0
-0.0482,0.0129577,0.0129821
-0.0478,0,0
-0.0474,0.0126208,0.0126439
-0.047,0,0
-0.0466,0.0130484,0.0130731
-0.0462,0,0
-0.0458,0,0
-0.0454,0,0
-0.045,0,0
-0.0446,0.0126998,0.0127232
-0.0442,0,0
-0.0438,0,0
-0.0434,0,0
-0.043,0,0
-0.0426,0,0
-0.0422,0,0
-0.0418,0,0
-0.0414,0,0
-0.041,0,0
-0.0406,0,0
-0.0402,0,0
-0.0398,0.0123951,0.0124174
-0.0394,0.00407659,0.00755371
-0.039,0,0
-0.0386,0,0
-0.0382,0,0
-0.0378,0,0
-0.0374,0,0
-0.037,0,0
-0.0366,0,0
-0.0362,0,0
-0.0358,0,0
-0.0354,0,0
-0.035,0,0
-0.0346,0,0
-0.0342,0,0
-0.0338,0,0
-0.0334,0,0
-0.033,0.0123984,0.0124206
-0.0326,0,0
-0.0322,0,0
-0.0318,0,0
-0.0314,0,0
-0.031,0,0
-0.0306,0.0121376,0.0121588
-0.0302,0.0133453,0.013371
-0.0298,0,0
-0.0294,0,0
-0.029,0,0
-0.0286,0,0
-0.0282,0.00484155,0.00786299
-0.0278,0,0
-0.0274,0,0
-0.027,0,0
-0.0266,0,0
-0.0262,0,0
-0.0258,0,0
-0.0254,0,0
-0.025,0,0
-0.0246,0,0
-0.0242,0,0
-0.0238,0,0
-0.0234,0,0
-0.023,0.0126137,0.0126366
-0.0226,0.0207505,0.0164066
-0.0222,0,0
-0.0218,0,0
-0.0214,0.0116647,0.0116842
-0.021,0.0126595,0.0126825
-0.0206,0,0
-0.0202,0,0
-0.0198,0,0
-0.0194,0.0205629,0.0163008
-0.019,0,0
-0.0186,0,0
-0.0182,0.0136278,0.0129067
-0.0178,0,0
-0.0174,0,0
-0.017,0,0
-0.0166,0,0
-0.0162,0,0
-0.0158,0,0
-0.0154,0,0
-0.015,0.0131542,0.0131789
-0.0146,0,0
-0.0142,0,0
-0.0138,0,0
-0.0134,0,0
-0.013,0,0
-0.0126,0,0
-0.0122,0,0
-0.0118,0,0
-0.0114,0,0
-0.011,0,0
-0.0106,0,0
-0.0102,0.0129356,0.0129595
-0.0098,0,0
-0.0094,0,0
-0.009,0.0133523,0.0133777
-0.0086,0.0142792,0.0143083
-0.0082,0,0
-0.0078,0.0135578,0.013584
-0.0074,0,0
-0.007,0.012815,0.0128384
-0.0066,0.0423543,0.0245026
-0.0062,0.0126718,0.0126947
-0.0058,0.0254208,0.0180079
-0.0054,0.0241733,0.0175621
-0.005,0.0266269,0.0188668
-0.0046,0.109515,0.0373709
-0.0042,0.0717656,0.0313081
-0.0038,0.100881,0.0382088
-0.0034,0.159114,0.0459413
-0.003,0.26189,0.0593163
-0.0026,0.325871,0.0645296
-0.0022,0.97651,0.113555
-0.0018,1.67406,0.144972
-0.0014,2.40803,0.174113
-0.001,4.19648,0.231513
-0.0006,4.96973,0.253268
-0.0002,5.52828,0.266541
0.0002,5.66637,0.278197
0.0006,4.69989,0.257913
0.001,2.78056,0.195944
0.0014,1.35177,0.13377
0.0018,0.629336,0.0901746
0.0022,0.162659,0.0446619
0.0026,0.0490195,0.024573
0.003,0.0128391,0.0128624
0.0034,0,0
0.0038,0,0
0.0042,0,0
0.0046,0,0
0.005,0,0
0.0054,0,0
0.0058,0,0
0.0062,0,0
0.0066,0,0
0.007,0,0
0.0074,0,0
0.0078,0.0128872,0.0129107
0.0082,0,0
0.0086,0,0
0.009,0,0
0.0094,0,0
0.0098,0,0
0.0102,0.0118859,0.0119058
0.0106,0,0
0.011,0,0
0.0114,0,0
0.0118,0,0
0.0122,0,0
0.0126,0,0
0.013,0,0
0.0134,0,0
0.0138,0,0
0.0142,0,0
0.0146,0,0
0.015,0,0
0.0154,0,0
0.0158,0.0123432,0.0123646
0.0162,0,0
0.0166,0,0
0.017,0,0
0.0174,0,0
0.0178,0,0
0.0182,0,0
0.0186,0.0136385,0.0136646
0.019,0,0
0.0194,0,0
0.0198,0,0
0.0202,0,0
0.0206,0,0
0.021,0,0
0.0214,0,0
0.0218,0,0
0.0222,0,0
0.0226,0,0
0.023,0.0127711,0.0129464
0.0234,0,0
0.0238,0.00031062,0.00199283
0.0242,0,0
0.0246,0.0128289,0.012852
0.025,0,0
0.0254,0,0
0.0258,0,0
0.0262,0,0
0.0266,0,0
0.027,0,0
0.0274,0.0142534,0.0142818
0.0278,0,0
0.0282,0,0
0.0286,0,0
0.029,0,0
0.0294,0,0
0.0298,0,0
0.0302,0,0
0.0306,0,0
0.031,0.0127277,0.0127503
0.0314,0.0126438,0.0126661
0.0318,0,0
0.0322,0,0
0.0326,0,0
0.033,0,0
0.0334,0,0
0.0338,0,0
0.0342,0,0
0.0346,0,0
0.035,0,0
0.0354,0,0
0.0358,0,0
0.0362,0.0128354,0.0128583
0.0366,0.0120486,0.012582
0.037,0,0
0.0374,0,0
0.0378,0,0
0.0382,0,0
0.0386,0,0
0.039,0,0
0.0394,0,0
0.0398,0,0
0.0402,0,0
0.0406,0,0
0.041,0,0
0.0414,0,0
0.0418,0.0127087,0.0127311
0.0422,0.0121497,0.0121702
0.0426,0,0
0.043,0,0
0.0434,0,0
0.0438,0,0
0.0442,0.0101818,0.0115313
0.0446,0,0
0.045,0,0
0.0454,0,0
0.0458,0,0
0.0462,0,0
0.0466,0,0
0.047,0,0
0.0474,0,0
0.0478,0,0
0.0482,0,0
0.0486,0,0
0.049,0.0124514,0.0124728
0.0494,0,0
0.0498,0,0
0.0502,0,0
0.0506,0,0
0.051,0,0
0.0514,0,0
0.0518,0,0
0.0522,0,0
0.0526,0,0
0.053,0,0
0.0534,0.0133496,0.0133742
0.0538,0,0
0.0542,0,0
0.0546,0,0
0.055,0,0
0.0554,0,0
0.0558,0.0133997,0.0134245
0.0562,0,0
0.0566,0,0
0.057,0,0
0.0574,0,0
0.0578,0,0
0.0582,0,0
0.0586,0,0
0.059,0,0
0.0594,0,0
0.0598,0,0
0.0602,0,0
0.0606,0,0
0.061,0,0
0.0614,0,0
0.0618,0,0
0.0622,0.0136125,0.013638
0.0626,0,0
0.063,0,0
0.0634,0,0
0.0638,0,0
0.0642,0,0
0.0646,0.0135973,0.0136226
0.065,0,0
0.0654,0,0
0.0658,0,0
0.0662,0,0
0.0666,0,0
0.067,0,0
0.0674,0,0
0.0678,0,0
0.0682,0,0
0.0686,0,0
0.069,0,0
0.0694,0,0
0.0698,0,0
0.0702,0,0
0.0706,0,0
0.071,0,0
0.0714,0,0
0.0718,0,0
0.0722,0,0
0.0726,0,0
0.073,0,0
0.0734,0,0
0.0738,0,0
0.0742,0,0
0.0746,0,0
0.075,0.0128292,0.0128517
0.0754,0,0
0.0758,0,0
0.0762,0,0
0.0766,0,0
0.077,0,0
0.0774,0,0
0.0778,0,0
0.0782,0,0
0.0786,0,0
0.079,0,0
0.0794,0,0
0.0798,0,0
0.0802,0,0
0.0806,0,0
0.081,0,0
0.0814,0,0
0.0818,0,0
0.0822,0,0
0.0826,0,0
0.083,0,0
0.0834,0,0
0.0838,0,0
0.0842,0,0
0.0846,0,0
0.085,0,0
0.0854,0,0
0.0858,0.0114287,0.0114464
0.0862,0.0134886,0.0135133
0.0866,0,0
0.087,0,0
0.0874,0,0
0.0878,0,0
0.0882,0,0
0.0886,0,0
0.089,0,0
0.0894,0,0
0.0898,0,0
0.0902,0,0
0.0906,0,0
0.091,0,0
0.0914,0,0
0.0918,0,0
0.0922,0,0
0.0926,0,0
0.093,0,0
0.0934,0,0
0.0938,0,0
0.0942,0,0
0.0946,0,0
0.095,0,0
0.0954,0.0123982,0.0129563
0.0958,0,0
0.0962,0,0
0.0966,0,0
0.097,0,0
0.0974,0,0
0.0978,0,0
0.0982,0,0
0.0986,0,0
0.099,0,0
0.0994,0,0
0.0998,0,0
0.1002,0,0
0.1006,0,0
0.101,0,0
0.1014,0,0
0.1018,0,0
0.1022,0,0
0.1026,0,0
0.103,0,0
0.1034,0,0
0.1038,0,0
0.1042,0,0
0.1046,0,0
0.105,0,0
0.1054,0,0
0.1058,0,0
0.1062,0,0
0.1066,0,0
0.107,0.0174162,0.0174568
0.1074,0,0
0.1078,0,0
0.1082,0,0
0.1086,0,0
0.109,0.00246183,0.00651081
0.1094,0,0
0.1098,0,0
0.1102,0,0
0.1106,0,0
0.111,0,0
0.1114,0,0
0.1118,0,0
0.1122,0,0
0.1126,0,0
0.113,0,0
0.1134,0,0
0.1138,0,0
0.1142,0,0
0.1146,0.0229081,0.0229782
0.115,0,0
0.1154,0,0
0.1158,0,0
0.1162,0,0
0.1166,0,0
0.117,0,0
0.1174,0,0
0.1178,0,0
0.1182,0,0
0.1186,0,0
0.119,0,0
0.1194,0,0
0.1198,0,0
2
-0.1198,0,0
-0.1194,0,0
-0.119,0,0
-0.1186,0,0
-0.1182,0,0
-0.1178,0.00545498,0.00567688
-0.1174,0,0
-0.117,0,0
-0.1166,0,0
-0.1162,0,0
-0.1158,0,0
-0.1154,0,0
-0.115,0,0
-0.1146,0,0
-0.1142,0.00491201,0.00529477
-0.1138,0,0
-0.1134,0,0
-0.113,0,0
-0.1126,0,0
-0.1122,0,0
-0.1118,0,0
-0.1114,0,0
-0.111,0,0
-0.1106,0,0
-0.1102,0,0
-0.1098,0,0
-0.1094,0,0
-0.109,0,0
-0.1086,0.0113724,0.00805618
-0.1082,0,0
-0.1078,0,0
-0.1074,0,0
-0.107,0,0
-0.1066,0,0
-0.1062,0,0
-0.1058,0,0
-0.1054,0,0
-0.105,0,0
-0.1046,0.00632884,0.00634163
-0.1042,0,0
-0.1038,0,0
-0.1034,0,0
-0.103,0,0
-0.1026,0,0
-0.1022,0,0
-0.1018,0,0
-0.1014,0,0
-0.101,0,0
-0.1006,0,0
-0.1002,0,0
-0.0998,0.00500909,0.00554283
-0.0994,0,0
-0.099,0,0
-0.0986,0,0
-0.0982,0,0
-0.0978,0,0
-0.0974,0,0
-0.097,0,0
-0.0966,0,0
-0.0962,0,0
-0.0958,0,0
-0.0954,0,0
-0.095,0,0
-0.0946,0,0
-0.0942,0,0
-0.0938,0,0
-0.0934,0,0
-0.093,0,0
-0.0926,0,0
-0.0922,0,0
-0.0918,0,0
-0.0914,0,0
-0.091,0,0
-0.0906,0,0
-0.0902,0,0
-0.0898,0,0
-0.0894,0,0
-0.089,0,0
-0.0886,0,0
-0.0882,0,0
-0.0878,0,0
-0.0874,0,0
-0.087,0.000444113,0.00165814
-0.0866,0,0
-0.0862,0,0
-0.0858,0,0
-0.0854,0,0
-0.085,0,0
-0.0846,0.00667684,0.006691
-0.0842,0,0
-0.0838,0,0
-0.0834,0,0
-0.083,0,0
-0.0826,0.00571468,0.00572506
-0.0822,0,0
-0.0818,0,0
-0.0814,0,0
-0.081,0.00564784,0.00565797
-0.0806,0,0
-0.0802,0,0
-0.0798,0,0
-0.0794,0,0
-0.079,0,0
-0.0786,0,0
-0.0782,0,0
-0.0778,0,0
-0.0774,0,0
-0.077,0.00586298,0.00587389
-0.0766,0,0
-0.0762,0,0
-0.0758,0,0
-0.0754,0,0
-0.075,0,0
-0.0746,0,0
-0.0742,0,0
-0.0738,0,0
-0.0734,0,0
-0.073,0,0
-0.0726,0,0
-0.0722,0,0
-0.0718,0,0
-0.0714,0,0
-0.071,0,0
-0.0706,0,0
-0.0702,0.00653925,0.00655279
-0.0698,0,0
-0.0694,0,0
-0.069,0.00590459,0.00591563
-0.0686,0,0
-0.0682,0,0
-0.0678,0,0
-0.0674,0,0
-0.067,0,0
-0.0666,0,0
-0.0662,0,0
-0.0658,0,0
-0.0654,0,0
-0.065,0,0
-0.0646,0,0
-0.0642,0.00110724,0.00263359
-0.0638,0.00614316,0.0061551
-0.0634,0,0
-0.063,0,0
-0.0626,0.00598244,0.00599376
-0.0622,0,0
-0.0618,0,0
-0.0614,0.00387264,0.00478784
-0.061,0,0
-0.0606,0,0
-0.0602,0,0
-0.0598,0,0
-0.0594,0,0
-0.059,0,0
-0.0586,0,0
-0.0582,0,0
-0.0578,0,0
-0.0574,0,0
-0.057,0.00586384,0.0058747
-0.0566,0,0
-0.0562,0,0
-0.0558,0,0
-0.0554,0,0
-0.055,0,0
-0.0546,0,0
-0.0542,0,0
-0.0538,0,0
-0.0534,0,0
-0.053,0.00625827,0.00627063
-0.0526,0,0
-0.0522,0,0
-0.0518,0,0
-0.0514,0.00608484,0.00609652
-0.051,0,0
-0.0506,0,0
-0.0502,0,0
-0.0498,0,0
-0.0494,0,0
-0.049,0,0
-0.0486,0,0
-0.0482,0,0
-0.0478,0,0
-0.0474,0,0
-0.047,0.00580792,0.00581855
-0.0466,0,0
-0.0462,0,0
-0.0458,0,0
-0.0454,0,0
-0.045,0,0
-0.0446,0,0
-0.0442,0.00588812,0.00589904
-0.0438,0,0
-0.0434,0,0
-0.043,0,0
-0.0426,0,0
-0.0422,0,0
-0.0418,0.0060947,0.00610639
-0.0414,0,0
-0.041,0,0
-0.0406,0.00591345,0.00592445
-0.0402,0,0
-0.0398,0,0
-0.0394,0.00453074,0.00539706
-0.039,0,0
-0.0386,0,0
-0.0382,0.00602581,0.00603722
-0.0378,0,0
-0.0374,0,0
-0.037,0.00573498,0.00574532
-0.0366,0,0
-0.0362,0.00575037,0.00576076
-0.0358,0,0
-0.0354,0,0
-0.035,0,0
-0.0346,0,0
-0.0342,0,0
-0.0338,0,0
-0.0334,0,0
-0.033,0.00568705,0.00569721
-0.0326,0,0
-0.0322,0,0
-0.0318,0,0
-0.0314,0,0
-0.031,0.0116335,0.0082412
-0.0306,0,0
-0.0302,0,0
-0.0298,0.00594217,0.00595325
-0.0294,0,0
-0.029,0,0
-0.0286,0.00650025,0.00651351
-0.0282,0.00361118,0.00459652
-0.0278,0,0
-0.0274,0,0
-0.027,0.00571807,0.00572832
-0.0266,0,0
-0.0262,0.00612704,0.00613881
-0.0258,0,0
-0.0254,0.00559622,0.00560604
-0.025,0,0
-0.0246,0,0
-0.0242,0,0
-0.0238,0,0
-0.0234,0,0
-0.023,0,0
-0.0226,0.00233216,0.0037204
-0.0222,0,0
-0.0218,0,0
-0.0214,0,0
-0.021,0,0
-0.0206,0,0
-0.0202,0,0
-0.0198,0,0
-0.0194,0.00245261,0.00387897
-0.019,0,0
-0.0186,0.00632651,0.00633903
-0.0182,0.0106437,0.00777638
-0.0178,0,0
-0.0174,0,0
-0.017,0,0
-0.0166,0,0
-0.0162,0,0
-0.0158,0,0
-0.0154,0,0
-0.015,0,0
-0.0146,0,0
-0.0142,0,0
-0.0138,0,0
-0.0134,0.00660494,0.00661857
-0.013,0,0
-0.0126,0,0
-0.0122,0.00570365,0.00571382
-0.0118,0,0
-0.0114,0,0
-0.011,0,0
-0.0106,0,0
-0.0102,0,0
-0.0098,0,0
-0.0094,0.00555919,0.00556884
-0.009,0,0
-0.0086,0,0
-0.0082,0,0
-0.0078,0.00617855,0.00619047
-0.0074,0,0
-0.007,0.00384384,0.00479987
-0.0066,0.0128633,0.00911404
-0.0062,0.00577246,0.00578286
-0.0058,0,0
-0.0054,0.00189703,0.00342777
-0.005,0.0104521,0.00798814
-0.0046,0.0174976,0.0101218
-0.0042,0.0414715,0.0160496
-0.0038,0.0203531,0.0115741
-0.0034,0.0587891,0.0190002
-0.003,0.087708,0.0230895
-0.0026,0.154062,0.0299958
-0.0022,0.257676,0.0394141
-0.0018,0.377137,0.0464766
-0.0014,0.780198,0.0668432
-0.001,1.16613,0.0822165
-0.0006,1.745,0.10111
-0.0002,1.82063,0.102975
0.0002,1.99392,0.111393
0.0006,1.66495,0.103391
0.001,1.12769,0.0839688
0.0014,0.579858,0.0590508
0.0018,0.340073,0.0446681
0.0022,0.103778,0.0240511
0.0026,0.0658673,0.0194131
0.003,0.00583321,0.00584381
0.0034,0.00603229,0.00604362
0.0038,0.00613708,0.00614881
0.0042,0,0
0.0046,0,0
0.005,0.00561023,0.00562003
0.0054,0,0
0.0058,0.00613559,0.00614731
0.0062,0.00503636,0.0054446
0.0066,0,0
0.007,0.00620958,0.00622158
0.0074,0.00620999,0.006222
0.0078,0,0
0.0082,0,0
0.0086,0,0
0.009,0.00582382,0.00597344
0.0094,0.00575086,0.00576116
0.0098,0.00949188,0.00735872
0.0102,0.00538726,0.00539629
0.0106,0,0
0.011,0,0
0.0114,0.00598865,0.0059998
0.0118,0,0
0.0122,0,0
0.0126,0,0
0.013,0,0
0.0134,0,0
0.0138,0.00261546,0.00396489
0.0142,0.0130763,0.00926516
0.0146,0,0
0.015,0.00596343,0.00597448
0.0154,0.00596384,0.00597489
0.0158,0.0055842,0.00559389
0.0162,0,0
0.0166,0.0061808,0.00619267
0.017,0,0
0.0174,0,0
0.0178,0.00584977,0.0058604
0.0182,0,0
0.0186,0,0
0.019,0,0
0.0194,0,0
0.0198,0,0
0.0202,0,0
0.0206,0,0
0.021,0.00553901,0.00554853
0.0214,0.00600111,0.00601229
0.0218,0,0
0.0222,0,0
0.0226,0,0
0.023,0.000137664,0.000903064
0.0234,0,0
0.0238,0.00560896,0.00568874
0.0242,0,0
0.0246,0.00576587,0.00577618
0.025,0,0
0.0254,0,0
0.0258,0,0
0.0262,0,0
0.0266,0,0
0.027,0,0
0.0274,0,0
0.0278,0.00607182,0.00608324
0.0282,0,0
0.0286,0,0
0.029,0.00589197,0.00590272
0.0294,0,0
0.0298,0,0
0.0302,0,0
0.0306,0,0
0.031,0,0
0.0314,0,0
0.0318,0,0
0.0322,0,0
0.0326,0,0
0.033,0,0
0.0334,0.00628805,0.00630029
0.0338,0.00628864,0.00630088
0.0342,0,0
0.0346,0,0
0.035,0,0
0.0354,0,0
0.0358,0.0112007,0.00793381
0.0362,0,0
0.0366,0.00624265,0.00601879
0.037,0,0
0.0374,0,0
0.0378,0,0
0.0382,0.00632711,0.00633949
0.0386,0.00632781,0.00634019
0.039,0.0063149,0.00632723
0.0394,0.00619548,0.00620735
0.0398,0,0
0.0402,0,0
0.0406,0,0
0.041,0,0
0.0414,0.00603909,0.00605036
0.0418,0,0
0.0422,0,0
0.0426,0,0
0.043,0,0
0.0434,0,0
0.0438,0,0
0.0442,0,0
0.0446,0,0
0.045,0,0
0.0454,0,0
0.0458,0,0
0.0462,0,0
0.0466,0,0
0.047,0,0
0.0474,0,0
0.0478,0,0
0.0482,0,0
0.0486,0,0
0.049,0,0
0.0494,0,0
0.0498,0,0
0.0502,0,0
0.0506,0,0
0.051,0,0
0.0514,0,0
0.0518,0,0
0.0522,0,0
0.0526,0.00544505,0.00545419
0.053,0,0
0.0534,0,0
0.0538,0,0
0.0542,0,0
0.0546,0,0
0.055,0,0
0.0554,0,0
0.0558,0,0
0.0562,0,0
0.0566,0.00568221,0.00569216
0.057,0,0
0.0574,0,0
0.0578,0,0
0.0582,0,0
0.0586,0,0
0.059,0.00564593,0.00565574
0.0594,0.00563104,0.0056408
0.0598,0.00547213,0.00548135
0.0602,0,0
0.0606,0,0
0.061,0,0
0.0614,0,0
0.0618,0.00607183,0.00608317
0.0622,0,0
0.0626,0,0
0.063,0.00539065,0.00539959
0.0634,0,0
0.0638,0,0
0.0642,0,0
0.0646,0,0
0.065,0,0
0.0654,0,0
0.0658,0.0114126,0.00808411
0.0662,0,0
0.0666,0,0
0.067,0,0
0.0674,0,0
0.0678,0,0
0.0682,0,0
0.0686,0,0
0.069,0,0
0.0694,0,0
0.0698,0,0
0.0702,0,0
0.0706,0,0
0.071,0,0
0.0714,0,0
0.0718,0,0
0.0722,0,0
0.0726,0,0
0.073,0,0
0.0734,0,0
0.0738,0,0
0.0742,0,0
0.0746,0,0
0.075,0,0
0.0754,0,0
0.0758,0,0
0.0762,0,0
0.0766,0,0
0.077,0,0
0.0774,0,0
0.0778,0,0
0.0782,0,0
0.0786,0,0
0.079,0,0
0.0794,0,0
0.0798,0,0
0.0802,0,0
0.0806,0,0
0.081,0,0
0.0814,0.00569359,0.00570351
0.0818,0.00598679,0.00599776
0.0822,0,0
0.0826,0,0
0.083,0,0
0.0834,0,0
0.0838,0,0
0.0842,0,0
0.0846,0,0
0.085,0,0
0.0854,0,0
0.0858,0,0
0.0862,0,0
0.0866,0,0
0.087,0,0
0.0874,0,0
0.0878,0,0
0.0882,0,0
0.0886,0,0
0.089,0.00563492,0.00564462
0.0894,0,0
0.0898,0,0
0.0902,0,0
0.0906,0,0
0.091,0,0
0.0914,0,0
0.0918,0,0
0.0922,0,0
0.0926,0,0
0.093,0,0
0.0934,0,0
0.0938,0,0
0.0942,0,0
0.0946,0,0
0.095,0.00596307,0.00597392
0.0954,0.000482765,0.00169985
0.0958,0,0
0.0962,0.00621793,0.00622972
0.0966,0,0
0.097,0,0
0.0974,0,0
0.0978,0.00635709,0.00636941
0.0982,0.00613747,0.00614895
0.0986,0,0
0.099,0,0
0.0994,0,0
0.0998,0,0
0.1002,0,0
0.1006,0,0
0.101,0,0
0.1014,0,0
0.1018,0,0
0.1022,0,0
0.1026,0,0
0.103,0,0
0.1034,0,0
0.1038,0,0
0.1042,0,0
0.1046,0,0
0.105,0,0
0.1054,0,0
0.1058,0,0
0.1062,0,0
0.1066,0,0
0.107,0,0
0.1074,0,0
0.1078,0,0
0.1082,0,0
0.1086,0,0
0.109,0.00646516,0.00700232
0.1094,0.00697699,0.00699178
0.1098,0,0
0.1102,0,0
0.1106,0,0
0.111,0,0
0.1114,0,0
0.1118,0,0
0.1122,0,0
0.1126,0,0
0.113,0,0
0.1134,0,0
0.1138,0.00822622,0.00824675
0.1142,0,0
0.1146,0,0
0.115,0,0
0.1154,0,0
0.1158,0.00907529,0.00910026
0.1162,0,0
0.1166,0,0
0.117,0,0
0.1174,0,0
0.1178,0,0
0.1182,0,0
0.1186,0,0
0.119,0,0
0.1194,0,0
0.1198,0,0
3
-0.1198,0.00643495,0.00644768
-0.1194,0,0
-0.119,0.00610045,0.00611188
-0.1186,0,0
-0.1182,0,0
-0.1178,0,0
-0.1174,0,0
-0.117,0.00593348,0.00594429
-0.1166,0,0
-0.1162,0,0
-0.1158,0,0
-0.1154,0,0
-0.115,0,0
-0.1146,0,0
-0.1142,0.00080777,0.00219255
-0.1138,0,0
-0.1134,0,0
-0.113,0,0
-0.1126,0,0
-0.1122,0,0
-0.1118,0,0
-0.1114,0,0
-0.111,0,0
-0.1106,0,0
-0.1102,0,0
-0.1098,0,0
-0.1094,0,0
-0.109,0,0
-0.1086,0,0
-0.1082,0,0
-0.1078,0,0
-0.1074,0,0
-0.107,0,0
-0.1066,0,0
-0.1062,0,0
-0.1058,0,0
-0.1054,0,0
-0.105,0,0
-0.1046,0,0
-0.1042,0,0
-0.1038,0,0
-0.1034,0.00628573,0.0062978
-0.103,0,0
-0.1026,0,0
-0.1022,0,0
-0.1018,0,0
-0.1014,0,0
-0.101,0,0
-0.1006,0,0
-0.1002,0,0
-0.0998,0.00115022,0.00271538
-0.0994,0,0
-0.099,0,0
-0.0986,0,0
-0.0982,0,0
-0.0978,0,0
-0.0974,0,0
-0.097,0,0
-0.0966,0,0
-0.0962,0,0
-0.0958,0,0
-0.0954,0,0
-0.095,0,0
-0.0946,0,0
-0.0942,0.00646765,0.00648038
-0.0938,0,0
-0.0934,0,0
-0.093,0.00630652,0.00631862
-0.0926,0,0
-0.0922,0,0
-0.0918,0,0
-0.0914,0.00604685,0.0062305
-0.091,0,0
-0.0906,0,0
-0.0902,0,0
-0.0898,0,0
-0.0894,0,0
-0.089,0,0
-0.0886,0,0
-0.0882,0,0
-0.0878,0,0
-0.0874,0,0
-0.087,0,0
-0.0866,0,0
-0.0862,0,0
-0.0858,0,0
-0.0854,0,0
-0.085,0,0
-0.0846,0,0
-0.0842,0,0
-0.0838,0,0
-0.0834,0.00618011,0.00619168
-0.083,0,0
-0.0826,0,0
-0.0822,0.00664863,0.00666201
-0.0818,0,0
-0.0814,0.00688935,0.00690371
-0.081,0,0
-0.0806,0,0
-0.0802,0,0
-0.0798,0,0
-0.0794,0,0
-0.079,0,0
-0.0786,0,0
-0.0782,0,0
-0.0778,0,0
-0.0774,0,0
-0.077,0,0
-0.0766,0,0
-0.0762,0,0
-0.0758,0,0
-0.0754,0,0
-0.075,0,0
-0.0746,0.00625891,0.00627073
-0.0742,0,0
-0.0738,0,0
-0.0734,0.00685452,0.00686868
-0.073,0.0062743,0.00628617
-0.0726,0,0
-0.0722,0,0
-0.0718,0,0
-0.0714,0,0
-0.071,0,0
-0.0706,0,0
-0.0702,0.00688144,0.00689569
-0.0698,0.00627637,0.00628822
-0.0694,0,0
-0.069,0,0
-0.0686,0,0
-0.0682,0,0
-0.0678,0,0
-0.0674,0.00619154,0.00620306
-0.067,0.00596887,0.00597957
-0.0666,0,0
-0.0662,0,0
-0.0658,0,0
-0.0654,0,0
-0.065,0,0
-0.0646,0,0
-0.0642,0.00540961,0.00597645
-0.0638,0,0
-0.0634,0,0
-0.063,0,0
-0.0626,0,0
-0.0622,0,0
-0.0618,0,0
-0.0614,0,0
-0.061,0,0
-0.0606,0,0
-0.0602,0,0
-0.0598,0.00640946,0.00642176
-0.0594,0,0
-0.059,0,0
-0.0586,0,0
-0.0582,0,0
-0.0578,0,0
-0.0574,0,0
-0.057,0,0
-0.0566,0,0
-0.0562,0,0
-0.0558,0,0
-0.0554,0,0
-0.055,0,0
-0.0546,0,0
-0.0542,0,0
-0.0538,0,0
-0.0534,0.00577466,0.00578461
-0.053,0,0
-0.0526,0,0
-0.0522,0,0
-0.0518,0,0
-0.0514,0,0
-0.051,0,0
-0.0506,0,0
-0.0502,0,0
-0.0498,0,0
-0.0494,0,0
-0.049,0,0
-0.0486,0,0
-0.0482,0,0
-0.0478,0,0
-0.0474,0,0
-0.047,0,0
-0.0466,0,0
-0.0462,0,0
-0.0458,0,0
-0.0454,0,0
-0.045,0,0
-0.0446,0,0
-0.0442,0,0
-0.0438,0.00613707,0.00614827
-0.0434,0,0
-0.043,0,0
-0.0426,0,0
-0.0422,0,0
-0.0418,0,0
-0.0414,0,0
-0.041,0,0
-0.0406,0.00711528,0.0071303
-0.0402,0,0
-0.0398,0,0
-0.0394,0,0
-0.039,0,0
-0.0386,0,0
-0.0382,0,0
-0.0378,0,0
-0.0374,0,0
-0.037,0,0
-0.0366,0,0
-0.0362,0,0
-0.0358,0,0
-0.0354,0,0
-0.035,0,0
-0.0346,0,0
-0.0342,0.00613779,0.00606822
-0.0338,0,0
-0.0334,0,0
-0.033,0,0
-0.0326,0.00589839,0.00590868
-0.0322,0.00676647,0.00678
-0.0318,0,0
-0.0314,0.00371752,0.00499742
-0.031,0.00618033,0.00619162
-0.0306,0.00591205,0.00592238
-0.0302,0,0
-0.0298,0,0
-0.0294,0,0
-0.029,0,0
-0.0286,0,0
-0.0282,0,0
-0.0278,0,0
-0.0274,0.00607953,0.00609044
-0.027,0.0060807,0.00609161
-0.0266,0,0
-0.0262,0,0
-0.0258,0,0
-0.0254,0.00595331,0.00596376
-0.025,0,0
-0.0246,0,0
-0.0242,0.00981354,0.00771967
-0.0238,0,0
-0.0234,0,0
-0.023,0,0
-0.0226,0,0
-0.0222,0,0
-0.0218,0,0
-0.0214,0.00568123,0.00569073
-0.021,0,0
-0.0206,0,0
-0.0202,0,0
-0.0198,0,0
-0.0194,0.00651067,0.00652312
-0.019,0,0
-0.0186,0,0
-0.0182,0.00590215,0.00591239
-0.0178,0,0
-0.0174,0,0
-0.017,0.00627767,0.00628924
-0.0166,0.00614007,0.00615113
-0.0162,0,0
-0.0158,0.00630463,0.00631629
-0.0154,0.00626343,0.00627494
-0.015,0,0
-0.0146,0,0
-0.0142,0,0
-0.0138,0,0
-0.0134,0,0
-0.013,0,0
-0.0126,0.00588504,0.00589519
-0.0122,0,0
-0.0118,0,0
-0.0114,0,0
-0.011,0,0
-0.0106,0.00655558,0.00656817
-0.0102,0,0
-0.0098,0,0
-0.0094,0,0
-0.009,0.00649912,0.00651147
-0.0086,0,0
-0.0082,0.00696781,0.006982
-0.0078,0,0
-0.0074,0,0
-0.007,0.0064158,0.00640898
-0.0066,0.00687073,0.00688452
-0.0062,0.00616684,0.00617795
-0.0058,0.00640205,0.00641402
-0.0054,0.0169382,0.0103457
-0.005,0.0134535,0.00941454
-0.0046,0.0125315,0.00887846
-0.0042,0,0
-0.0038,0.0202927,0.0119511
-0.0034,0.0202836,0.0114816
-0.003,0.057431,0.0192642
-0.0026,0.0986747,0.0248026
-0.0022,0.10989,0.0265779
-0.0018,0.282776,0.0415789
-0.0014,0.509378,0.0558436
-0.001,0.770548,0.0690911
-0.0006,0.996524,0.0789899
-0.0002,1.18118,0.0857498
0.0002,1.10705,0.0857752
0.0006,1.02618,0.083973
0.001,0.730528,0.0699487
0.0014,0.412555,0.0514673
0.0018,0.17197,0.032923
0.0022,0.0960371,0.0238857
0.0026,0.0392885,0.0155472
0.003,0.00783744,0.00706984
0.0034,0.0256164,0.0128335
0.0038,0.0137074,0.00971197
0.0042,0,0
0.0046,0,0
0.005,0,0
0.0054,0,0
0.0058,0,0
0.0062,0.00716838,0.00672249
0.0066,0,0
0.007,0.00665233,0.00666519
0.0074,0,0
0.0078,0.00626356,0.00627496
0.0082,0,0
0.0086,0,0
0.009,0.000299945,0.00140341
0.0094,0,0
0.0098,0.00810658,0.00704092
0.0102,0,0
0.0106,0,0
0.011,0,0
0.0114,0,0
0.0118,0.00656163,0.00657412
0.0122,0,0
0.0126,0,0
0.013,0,0
0.0134,0,0
0.0138,0.00361862,0.00483065
0.0142,0,0
0.0146,0,0
0.015,0.00639948,0.00641134
0.0154,0,0
0.0158,0,0
0.0162,0,0
0.0166,0,0
0.017,0,0
0.0174,0,0
0.0178,0,0
0.0182,0,0
0.0186,0,0
0.019,0,0
0.0194,0,0
0.0198,0,0
0.0202,0,0
0.0206,0,0
0.021,0,0
0.0214,0,0
0.0218,0.0064475,0.00645951
0.0222,0,0
0.0226,0,0
0.023,0,0
0.0234,0,0
0.0238,0,0
0.0242,0.0063595,0.00637118
0.0246,0,0
0.025,0,0
0.0254,0,0
0.0258,0,0
0.0262,0.00108205,0.00256724
0.0266,0.00601369,0.00602412
0.027,0,0
0.0274,0,0
0.0278,0,0
0.0282,0,0
0.0286,0,0
0.029,0,0
0.0294,0,0
0.0298,0.00888538,0.0078176
0.0302,0,0
0.0306,0,0
0.031,0,0
0.0314,0.00265727,0.00402788
0.0318,0,0
0.0322,0,0
0.0326,0,0
0.033,0,0
0.0334,0.00672376,0.00673676
0.0338,0,0
0.0342,0,0
0.0346,0,0
0.035,0,0
0.0354,0,0
0.0358,0,0
0.0362,0,0
0.0366,0,0
0.037,0,0
0.0374,0,0
0.0378,0,0
0.0382,0,0
0.0386,0,0
0.039,0,0
0.0394,0,0
0.0398,0,0
0.0402,0,0
0.0406,0,0
0.041,0,0
0.0414,0.00646287,0.00647485
0.0418,0,0
0.0422,0.00587641,0.00588631
0.0426,0,0
0.043,0,0
0.0434,0.00588219,0.00589211
0.0438,0,0
0.0442,0,0
0.0446,0,0
0.045,0,0
0.0454,0,0
0.0458,0,0
0.0462,0,0
0.0466,0,0
0.047,0,0
0.0474,0,0
0.0478,0,0
0.0482,0,0
0.0486,0,0
0.049,0,0
0.0494,0,0
0.0498,0,0
0.0502,0,0
0.0506,0,0
0.051,0,0
0.0514,0,0
0.0518,0,0
0.0522,0.00618112,0.00619204
0.0526,0,0
0.053,0.00647503,0.00648701
0.0534,0.00611388,0.00628956
0.0538,0,0
0.0542,0,0
0.0546,0,0
0.055,0,0
0.0554,0,0
0.0558,0,0
0.0562,0,0
0.0566,0,0
0.057,0,0
0.0574,0,0
0.0578,0,0
0.0582,0.00605839,0.00606885
0.0586,0,0
0.059,0.00621351,0.00622451
0.0594,0,0
0.0598,0,0
0.0602,0,0
0.0606,0,0
0.061,0,0
0.0614,0,0
0.0618,0,0
0.0622,0,0
0.0626,0,0
0.063,0,0
0.0634,0,0
0.0638,0,0
0.0642,0,0
0.0646,0,0
0.065,0,0
0.0654,0,0
0.0658,0,0
0.0662,0,0
0.0666,0,0
0.067,0,0
0.0674,0,0
0.0678,0,0
0.0682,0,0
0.0686,0,0
0.069,0,0
0.0694,0,0
0.0698,0,0
0.0702,0,0
0.0706,0,0
0.071,0,0
0.0714,0,0
0.0718,0,0
0.0722,0,0
0.0726,0,0
0.073,0,0
0.0734,0,0
0.0738,0,0
0.0742,0,0
0.0746,0,0
0.075,0,0
0.0754,0,0
0.0758,0,0
0.0762,0,0
0.0766,0,0
0.077,0,0
0.0774,0,0
0.0778,0,0
0.0782,0,0
0.0786,0.000913416,0.00249584
0.079,0,0
0.0794,0,0
0.0798,0,0
0.0802,0,0
0.0806,0,0
0.081,0,0
0.0814,0,0
0.0818,0,0
0.0822,0,0
0.0826,0,0
0.083,0,0
0.0834,0,0
0.0838,0.00591414,0.00592404
0.0842,0,0
0.0846,0,0
0.085,0,0
0.0854,0,0
0.0858,0,0
0.0862,0,0
0.0866,0.00655721,0.00656936
0.087,0,0
0.0874,0,0
0.0878,0.00611649,0.00612707
0.0882,0,0
0.0886,0,0
0.089,0,0
0.0894,0.00637777,0.00638926
0.0898,0,0
0.0902,0,0
0.0906,0.00610965,0.00612019
0.091,0,0
0.0914,0,0
0.0918,0,0
0.0922,0,0
0.0926,0,0
0.093,0,0
0.0934,0,0
0.0938,0,0
0.0942,0,0
0.0946,0,0
0.095,0,0
0.0954,0,0
0.0958,0,0
0.0962,0,0
0.0966,0,0
0.097,0,0
0.0974,0,0
0.0978,0,0
0.0982,0,0
0.0986,0,0
0.099,0,0
0.0994,0,0
0.0998,0,0
0.1002,0,0
0.1006,0,0
0.101,0,0
0.1014,0.00672333,0.00673606
0.1018,0,0
0.1022,0,0
0.1026,0,0
0.103,0,0
0.1034,0,0
0.1038,0.00756119,0.00757728
0.1042,0,0
0.1046,0,0
0.105,0,0
0.1054,0,0
0.1058,0,0
0.1062,0,0
0.1066,0,0
0.107,0,0
0.1074,0,0
0.1078,0,0
0.1082,0,0
0.1086,0,0
0.109,0,0
0.1094,0,0
0.1098,0,0
0.1102,0,0
0.1106,0,0
0.111,0,0
0.1114,0.00858005,0.00860073
0.1118,0,0
0.1122,0,0
0.1126,0,0
0.113,0,0
0.1134,0,0
0.1138,0,0
0.1142,0,0
0.1146,0.000394417,0.00207817
0.115,0,0
0.1154,0,0
0.1158,0,0
0.1162,0,0
0.1166,0,0
0.117,0,0
0.1174,0,0
0.1178,0.0102422,0.0102716
0.1182,0,0
0.1186,0,0
0.119,0,0
0.1194,0,0
0.1198,0,0
4
-0.1198,0,0
-0.1194,0,0
-0.119,0,0
-0.1186,0,0
-0.1182,0,0
-0.1178,0,0
-0.1174,0,0
-0.117,0,0
-0.1166,0,0
-0.1162,0,0
-0.1158,0,0
-0.1154,0,0
-0.115,0,0
-0.1146,0,0
-0.1142,0,0
-0.1138,0,0
-0.1134,0,0
-0.113,0,0
-0.1126,0,0
-0.1122,0,0
-0.1118,0,0
-0.1114,0,0
-0.111,0,0
-0.1106,0,0
-0.1102,0,0
-0.1098,0,0
-0.1094,0,0
-0.109,0,0
-0.1086,0,0
-0.1082,0,0
-0.1078,0,0
-0.1074,0,0
-0.107,0,0
-0.1066,0,0
-0.1062,0.00623929,0.00625114
-0.1058,0,0
-0.1054,0,0
-0.105,0,0
-0.1046,0,0
-0.1042,0,0
-0.1038,0,0
-0.1034,0,0
-0.103,0,0
-0.1026,0,0
-0.1022,0,0
-0.1018,0,0
-0.1014,0,0
-0.101,0,0
-0.1006,0,0
-0.1002,0,0
-0.0998,0,0
-0.0994,0,0
-0.099,0,0
-0.0986,0,0
-0.0982,0,0
-0.0978,0,0
-0.0974,0,0
-0.097,0,0
-0.0966,0,0
-0.0962,0,0
-0.0958,0,0
-0.0954,0,0
-0.095,0,0
-0.0946,0,0
-0.0942,0,0
-0.0938,0,0
-0.0934,0,0
-0.093,0,0
-0.0926,0,0
-0.0922,0,0
-0.0918,0,0
-0.0914,0.000350094,0.00150371
-0.091,0,0
-0.0906,0,0
-0.0902,0,0
-0.0898,0,0
-0.0894,0,0
-0.089,0,0
-0.0886,0,0
-0.0882,0,0
-0.0878,0,0
-0.0874,0,0
-0.087,0,0
-0.0866,0,0
-0.0862,0,0
-0.0858,0,0
-0.0854,0,0
-0.085,0,0
-0.0846,0,0
-0.0842,0,0
-0.0838,0,0
-0.0834,0.00210302,0.00362236
-0.083,0,0
-0.0826,0,0
-0.0822,0,0
-0.0818,0,0
-0.0814,0,0
-0.081,0,0
-0.0806,0,0
-0.0802,0.00602934,0.00604028
-0.0798,0,0
-0.0794,0,0
-0.079,0,0
-0.0786,0,0
-0.0782,0,0
-0.0778,0,0
-0.0774,0,0
-0.077,0,0
-0.0766,0,0
-0.0762,0,0
-0.0758,0,0
-0.0754,0,0
-0.075,0,0
-0.0746,0,0
-0.0742,0,0
-0.0738,0,0
-0.0734,0,0
-0.073,0,0
-0.0726,0,0
-0.0722,0,0
-0.0718,0,0
-0.0714,0,0
-0.071,0.00636227,0.00637441
-0.0706,0,0
-0.0702,0,0
-0.0698,0,0
-0.0694,0,0
-0.069,0,0
-0.0686,0,0
-0.0682,0,0
-0.0678,0,0
-0.0674,0,0
-0.067,0,0
-0.0666,0,0
-0.0662,0,0
-0.0658,0.005804,0.00581409
-0.0654,0.00616238,0.00617375
-0.065,0,0
-0.0646,0.00638982,0.00640204
-0.0642,0,0
-0.0638,0,0
-0.0634,0,0
-0.063,0,0
-0.0626,0,0
-0.0622,0.00631786,0.0063298
-0.0618,0,0
-0.0614,0,0
-0.061,0,0
-0.0606,0,0
-0.0602,0,0
-0.0598,0,0
-0.0594,0,0
-0.059,0,0
-0.0586,0,0
-0.0582,0,0
-0.0578,0,0
-0.0574,0,0
-0.057,0,0
-0.0566,0,0
-0.0562,0,0
-0.0558,0,0
-0.0554,0,0
-0.055,0,0
-0.0546,0,0
-0.0542,0.00626001,0.0062717
-0.0538,0,0
-0.0534,0,0
-0.053,0,0
-0.0526,0,0
-0.0522,0,0
-0.0518,0.0120711,0.00855095
-0.0514,0,0
-0.051,0,0
-0.0506,0,0
-0.0502,0,0
-0.0498,0,0
-0.0494,0,0
-0.049,0.00629771,0.00630953
-0.0486,0,0
-0.0482,0,0
-0.0478,0,0
-0.0474,0,0
-0.047,0,0
-0.0466,0,0
-0.0462,0,0
-0.0458,0,0
-0.0454,0,0
-0.045,0,0
-0.0446,0,0
-0.0442,0,0
-0.0438,0,0
-0.0434,0,0
-0.043,0,0
-0.0426,0,0
-0.0422,0.00585437,0.00586456
-0.0418,0,0
-0.0414,0,0
-0.041,0,0
-0.0406,0,0
-0.0402,0,0
-0.0398,0,0
-0.0394,0,0
-0.039,0,0
-0.0386,0,0
-0.0382,0,0
-0.0378,0,0
-0.0374,0,0
-0.037,0,0
-0.0366,0,0
-0.0362,0,0
-0.0358,0,0
-0.0354,0,0
-0.035,0,0
-0.0346,0,0
-0.0342,0.00579655,0.00588588
-0.0338,0,0
-0.0334,0,0
-0.033,0,0
-0.0326,0,0
-0.0322,0,0
-0.0318,0,0
-0.0314,0.00296045,0.00444946
-0.031,0,0
-0.0306,0,0
-0.0302,0,0
-0.0298,0,0
-0.0294,0,0
-0.029,0,0
-0.0286,0,0
-0.0282,0,0
-0.0278,0,0
-0.0274,0.00604457,0.00605541
-0.027,0,0
-0.0266,0,0
-0.0262,0.00604578,0.00605662
-0.0258,0.00647715,0.0064896
-0.0254,0,0
-0.025,0,0
-0.0246,0,0
-0.0242,0.00227264,0.00370214
-0.0238,0,0
-0.0234,0,0
-0.023,0,0
-0.0226,0.00608192,0.00609289
-0.0222,0.00615142,0.00616264
-0.0218,0,0
-0.0214,0,0
-0.021,0,0
-0.0206,0,0
-0.0202,0,0
-0.0198,0,0
-0.0194,0.0195454,0.0113074
-0.019,0,0
-0.0186,0,0
-0.0182,0.00611902,0.00613012
-0.0178,0,0
-0.0174,0,0
-0.017,0,0
-0.0166,0,0
-0.0162,0,0
-0.0158,0,0
-0.0154,0,0
-0.015,0.00638354,0.00639562
-0.0146,0,0
-0.0142,0,0
-0.0138,0,0
-0.0134,0,0
-0.013,0,0
-0.0126,0,0
-0.0122,0.00626133,0.00627295
-0.0118,0.00612776,0.00613889
-0.0114,0,0
-0.011,0,0
-0.0106,0,0
-0.0102,0,0
-0.0098,0,0
-0.0094,0,0
-0.009,0,0
-0.0086,0.00685786,0.0068718
-0.0082,0.00687395,0.00688795
-0.0078,0,0
-0.0074,0,0
-0.007,0.00220358,0.00372943
-0.0066,0.00677222,0.00678582
-0.0062,0,0
-0.0058,0,0
-0.0054,0.00609368,0.00610469
-0.005,0.00799166,0.00721771
-0.0046,0.00607279,0.00608373
-0.0042,0.0195024,0.011292
-0.0038,0.027603,0.0138299
-0.0034,0.0198992,0.011531
-0.003,0.0576901,0.01927
-0.0026,0.0795629,0.0221088
-0.0022,0.137048,0.0294609
-0.0018,0.254348,0.0392343
-0.0014,0.411049,0.0497034
-0.001,0.679129,0.0642883
-0.0006,0.949899,0.0764103
-0.0002,1.08806,0.0815184
0.0002,1.00736,0.0811692
0.0006,0.906509,0.078121
0.001,0.599601,0.0628261
0.0014,0.347767,0.046855
0.0018,0.0929421,0.0239708
0.0022,0.0725311,0.0205562
0.0026,0.0250217,0.0125342
0.003,0.0231916,0.0119724
0.0034,0.00633048,0.00634238
0.0038,0.0195965,0.0113384
0.0042,0.00671725,0.00673065
0.0046,0.00624763,0.00625922
0.005,0,0
0.0054,0,0
0.0058,0,0
0.0062,0,0
0.0066,0,0
0.007,0.00650895,0.00652154
0.0074,0,0
0.0078,0.00612617,0.00613732
0.0082,0,0
0.0086,0,0
0.009,0,0
0.0094,0,0
0.0098,0,0
0.0102,0,0
0.0106,0,0
0.011,0.00578329,0.00579323
0.0114,0.00626913,0.00628081
0.0118,0,0
0.0122,0,0
0.0126,0,0
0.013,0,0
0.0134,0,0
0.0138,0.00626387,0.00627553
0.0142,0,0
0.0146,0,0
0.015,0,0
0.0154,0,0
0.0158,0,0
0.0162,0.00623952,0.0062511
0.0166,0,0
0.017,0,0
0.0174,0,0
0.0178,0,0
0.0182,0,0
0.0186,0,0
0.019,0,0
0.0194,0.00606967,0.00608063
0.0198,0,0
0.0202,0,0
0.0206,0.00633024,0.00634216
0.021,0.00578002,0.00578996
0.0214,0.00577968,0.00578962
0.0218,0,0
0.0222,0,0
0.0226,0.00604814,0.00605903
0.023,0,0
0.0234,0.00623159,0.00624314
0.0238,0,0
0.0242,0,0
0.0246,0,0
0.025,0,0
0.0254,0,0
0.0258,0,0
0.0262,0.0048331,0.00534098
0.0266,0,0
0.027,0,0
0.0274,0,0
0.0278,0,0
0.0282,0,0
0.0286,0.00592932,0.00593979
0.029,0.00641445,0.0064267
0.0294,0,0
0.0298,0.0112199,0.00861443
0.0302,0,0
0.0306,0,0
0.031,0,0
0.0314,0.00331264,0.00442164
0.0318,0,0
0.0322,0,0
0.0326,0,0
0.033,0.00596374,0.00597433
0.0334,0,0
0.0338,0,0
0.0342,0,0
0.0346,0,0
0.035,0,0
0.0354,0,0
0.0358,0,0
0.0362,0,0
0.0366,0.00599697,0.00600768
0.037,0,0
0.0374,0,0
0.0378,0,0
0.0382,0,0
0.0386,0,0
0.039,0,0
0.0394,0,0
0.0398,0,0
0.0402,0,0
0.0406,0,0
0.041,0,0
0.0414,0.00626325,0.00627494
0.0418,0,0
0.0422,0.00565333,0.00566286
0.0426,0,0
0.043,0,0
0.0434,0,0
0.0438,0,0
0.0442,0,0
0.0446,0,0
0.045,0,0
0.0454,0,0
0.0458,0,0
0.0462,0,0
0.0466,0,0
0.047,0,0
0.0474,0,0
0.0478,0,0
0.0482,0,0
0.0486,0,0
0.049,0,0
0.0494,0,0
0.0498,0,0
0.0502,0,0
0.0506,0,0
0.051,0,0
0.0514,0,0
0.0518,0,0
0.0522,0,0
0.0526,0,0
0.053,0,0
0.0534,0.000318469,0.00140454
0.0538,0,0
0.0542,0,0
0.0546,0,0
0.055,0,0
0.0554,0,0
0.0558,0,0
0.0562,0,0
0.0566,0,0
0.057,0,0
0.0574,0,0
0.0578,0,0
0.0582,0,0
0.0586,0,0
0.059,0,0
0.0594,0.0058085,0.00581857
0.0598,0.00564318,0.00565269
0.0602,0,0
0.0606,0,0
0.061,0,0
0.0614,0,0
0.0618,0,0
0.0622,0.0125203,0.00886978
0.0626,0,0
0.063,0,0
0.0634,0,0
0.0638,0,0
0.0642,0,0
0.0646,0,0
0.065,0,0
0.0654,0,0
0.0658,0,0
0.0662,0.0065997,0.0066127
0.0666,0,0
0.067,0,0
0.0674,0,0
0.0678,0,0
0.0682,0,0
0.0686,0,0
0.069,0,0
0.0694,0,0
0.0698,0,0
0.0702,0,0
0.0706,0,0
0.071,0.00655942,0.00657226
0.0714,0,0
0.0718,0,0
0.0722,0,0
0.0726,0,0
0.073,0,0
0.0734,0,0
0.0738,0,0
0.0742,0,0
0.0746,0,0
0.075,0,0
0.0754,0,0
0.0758,0,0
0.0762,0,0
0.0766,0,0
0.077,0,0
0.0774,0,0
0.0778,0,0
0.0782,0.0125266,0.00887421
0.0786,0.00558121,0.0060106
0.079,0,0
0.0794,0.0057812,0.00579117
0.0798,0,0
0.0802,0,0
0.0806,0.00624995,0.00626161
0.081,0,0
0.0814,0,0
0.0818,0,0
0.0822,0,0
0.0826,0,0
0.083,0,0
0.0834,0,0
0.0838,0,0
0.0842,0,0
0.0846,0,0
0.085,0,0
0.0854,0.00588792,0.00589827
0.0858,0,0
0.0862,0,0
0.0866,0,0
0.087,0,0
0.0874,0,0
0.0878,0,0
0.0882,0,0
0.0886,0,0
0.089,0,0
0.0894,0,0
0.0898,0,0
0.0902,0,0
0.0906,0,0
0.091,0,0
0.0914,0,0
0.0918,0,0
0.0922,0,0
0.0926,0,0
0.093,0,0
0.0934,0,0
0.0938,0,0
0.0942,0,0
0.0946,0,0
0.095,0,0
0.0954,0,0
0.0958,0,0
0.0962,0,0
0.0966,0,0
0.097,0,0
0.0974,0,0
0.0978,0,0
0.0982,0,0
0.0986,0,0
0.099,0,0
0.0994,0,0
0.0998,0,0
0.1002,0,0
0.1006,0,0
0.101,0,0
0.1014,0,0
0.1018,0,0
0.1022,0,0
0.1026,0.00643545,0.0064478
0.103,0,0
0.1034,0,0
0.1038,0,0
0.1042,0,0
0.1046,0,0
0.105,0,0
0.1054,0,0
0.1058,0,0
0.1062,0,0
0.1066,0,0
0.107,0,0
0.1074,0,0
0.1078,0,0
0.1082,0,0
0.1086,0,0
0.109,0,0
0.1094,0,0
0.1098,0,0
0.1102,0,0
0.1106,0,0
0.111,0.00978994,0.00981846
0.1114,0,0
0.1118,0,0
0.1122,0,0
0.1126,0,0
0.113,0,0
0.1134,0,0
0.1138,0,0
0.1142,0,0
0.1146,0.00989801,0.0101132
0.115,0,0
0.1154,0,0
0.1158,0,0
0.1162,0,0
0.1166,0,0
0.117,0,0
0.1174,0,0
0.1178,0.00970311,0.0097311
0.1182,0,0
0.1186,0,0
0.119,0,0
0.1194,0,0
0.1198,0,0
5
-0.1198,0,0
-0.1194,0,0
-0.119,0.00616886,0.00618042
-0.1186,0,0
-0.1182,0.00599856,0.0060095
-0.1178,0,0
-0.1174,0,0
-0.117,0,0
-0.1166,0,0
-0.1162,0,0
-0.1158,0,0
-0.1154,0,0
-0.115,0,0
-0.1146,0,0
-0.1142,0,0
-0.1138,0,0
-0.1134,0,0
-0.113,0,0
-0.1126,0,0
-0.1122,0,0
-0.1118,0,0
-0.1114,0,0
-0.111,0,0
-0.1106,0,0
-0.1102,0,0
-0.1098,0,0
-0.1094,0,0
-0.109,0,0
-0.1086,0,0
-0.1082,0,0
-0.1078,0.00637621,0.00638848
-0.1074,0,0
-0.107,0,0
-0.1066,0,0
-0.1062,0,0
-0.1058,0,0
-0.1054,0,0
-0.105,0,0
-0.1046,0,0
-0.1042,0,0
-0.1038,0,0
-0.1034,0,0
-0.103,0,0
-0.1026,0,0
-0.1022,0,0
-0.1018,0,0
-0.1014,0,0
-0.101,0,0
-0.1006,0,0
-0.1002,0,0
-0.0998,0,0
-0.0994,0,0
-0.099,0,0
-0.0986,0,0
-0.0982,0,0
-0.0978,0,0
-0.0974,0,0
-0.097,0,0
-0.0966,0,0
-0.0962,0,0
-0.0958,0,0
-0.0954,0,0
-0.095,0,0
-0.0946,0,0
-0.0942,0,0
-0.0938,0,0
-0.0934,0,0
-0.093,0,0
-0.0926,0,0
-0.0922,0,0
-0.0918,0,0
-0.0914,0,0
-0.091,0,0
-0.0906,0,0
-0.0902,0,0
-0.0898,0,0
-0.0894,0,0
-0.089,0,0
-0.0886,0,0
-0.0882,0,0
-0.0878,0,0
-0.0874,0.00636315,0.00637519
-0.087,0,0
-0.0866,0,0
-0.0862,0,0
-0.0858,0,0
-0.0854,0,0
-0.085,0,0
-0.0846,0,0
-0.0842,0,0
-0.0838,0,0
-0.0834,0.00417382,0.00514069
-0.083,0,0
-0.0826,0,0
-0.0822,0,0
-0.0818,0,0
-0.0814,0,0
-0.081,0,0
-0.0806,0,0
-0.0802,0.00612199,0.00613309
-0.0798,0,0
-0.0794,0,0
-0.079,0,0
-0.0786,0,0
-0.0782,0,0
-0.0778,0,0
-0.0774,0,0
-0.077,0,0
-0.0766,0,0
-0.0762,0,0
-0.0758,0,0
-0.0754,0,0
-0.075,0,0
-0.0746,0,0
-0.0742,0,0
-0.0738,0,0
-0.0734,0,0
-0.073,0.0069754,0.00698975
-0.0726,0.00641702,0.00642917
-0.0722,0,0
-0.0718,0,0
-0.0714,0,0
-0.071,0,0
-0.0706,0,0
-0.0702,0,0
-0.0698,0,0
-0.0694,0,0
-0.069,0,0
-0.0686,0,0
-0.0682,0,0
-0.0678,0,0
-0.0674,0,0
-0.067,0,0
-0.0666,0.00655381,0.00656645
-0.0662,0,0
-0.0658,0,0
-0.0654,0,0
-0.065,0.00626925,0.0062808
-0.0646,0,0
-0.0642,0,0
-0.0638,0,0
-0.0634,0.00687724,0.00689113
-0.063,0,0
-0.0626,0,0
-0.0622,0,0
-0.0618,0.00605475,0.00606552
-0.0614,0,0
-0.061,0,0
-0.0606,0,0
-0.0602,0,0
-0.0598,0,0
-0.0594,0,0
-0.059,0,0
-0.0586,0,0
-0.0582,0,0
-0.0578,0,0
-0.0574,0,0
-0.057,0,0
-0.0566,0,0
-0.0562,0.00674013,0.00675343
-0.0558,0,0
-0.0554,0,0
-0.055,0,0
-0.0546,0,0
-0.0542,0,0
-0.0538,0.00659683,0.00660956
-0.0534,0,0
-0.053,0,0
-0.0526,0,0
-0.0522,0,0
-0.0518,0,0
-0.0514,0,0
-0.051,0,0
-0.0506,0,0
-0.0502,0,0
-0.0498,0,0
-0.0494,0,0
-0.049,0,0
-0.0486,0,0
-0.0482,0,0
-0.0478,0,0
-0.0474,0,0
-0.047,0,0
-0.0466,0,0
-0.0462,0.00686755,0.0068813
-0.0458,0,0
-0.0454,0,0
-0.045,0,0
-0.0446,0,0
-0.0442,0,0
-0.0438,0,0
-0.0434,0,0
-0.043,0,0
-0.0426,0,0
-0.0422,0,0
-0.0418,0,0
-0.0414,0.00618719,0.00619835
-0.041,0,0
-0.0406,0,0
-0.0402,0,0
-0.0398,0,0
-0.0394,0,0
-0.039,0.00692128,0.00693522
-0.0386,0,0
-0.0382,0,0
-0.0378,0,0
-0.0374,0,0
-0.037,0,0
-0.0366,0,0
-0.0362,0,0
-0.0358,0,0
-0.0354,0.00600775,0.00601825
-0.035,0,0
-0.0346,0,0
-0.0342,0,0
-0.0338,0,0
-0.0334,0,0
-0.033,0,0
-0.0326,0,0
-0.0322,0,0
-0.0318,0,0
-0.0314,0,0
-0.031,0,0
-0.0306,0,0
-0.0302,0,0
-0.0298,0.00642593,0.00643792
-0.0294,0,0
-0.029,0,0
-0.0286,0,0
-0.0282,0,0
-0.0278,0,0
-0.0274,0.0063859,0.00639773
-0.027,0,0
-0.0266,0.00618457,0.00619566
-0.0262,0.00618489,0.00619599
-0.0258,0,0
-0.0254,0,0
-0.025,0.00584689,0.0058568
-0.0246,0.0061493,0.00616026
-0.0242,0,0
-0.0238,0,0
-0.0234,0,0
-0.023,0,0
-0.0226,0,0
-0.0222,0,0
-0.0218,0,0
-0.0214,0,0
-0.021,0,0
-0.0206,0,0
-0.0202,0,0
-0.0198,0,0
-0.0194,0,0
-0.019,0,0
-0.0186,0,0
-0.0182,0,0
-0.0178,0.00690291,0.0069167
-0.0174,0.00619253,0.00620363
-0.017,0,0
-0.0166,0,0
-0.0162,0.00616715,0.00617816
-0.0158,0,0
-0.0154,0,0
-0.015,0,0
-0.0146,0,0
-0.0142,0,0
-0.0138,0,0
-0.0134,0,0
-0.013,0,0
-0.0126,0.00596458,0.00597487
-0.0122,0,0
-0.0118,0.00628385,0.00629527
-0.0114,0.0119763,0.00848321
-0.011,0,0
-0.0106,0,0
-0.0102,0,0
-0.0098,0.00629492,0.00630637
-0.0094,0.00601153,0.00602197
-0.009,0,0
-0.0086,0,0
-0.0082,0.000292105,0.00139966
-0.0078,0,0
-0.0074,0,0
-0.007,0,0
-0.0066,0,0
-0.0062,0,0
-0.0058,0,0
-0.0054,0.00667216,0.00668501
-0.005,0.00643914,0.00645111
-0.0046,0.00624139,0.00625263
-0.0042,0.00708811,0.00710261
-0.0038,0.0354726,0.0158964
-0.0034,0.0321362,0.0144183
-0.003,0.084353,0.023449
-0.0026,0.0996579,0.0249602
-0.0022,0.226263,0.0383239
-0.0018,0.299397,0.0431458
-0.0014,0.726605,0.0668793
-0.001,0.918015,0.075832
-0.0006,1.39385,0.0939339
-0.0002,1.27387,0.0894804
0.0002,1.17447,0.0887084
0.0006,0.829669,0.0758055
0.001,0.619038,0.0646667
0.0014,0.303465,0.0445001
0.0018,0.215933,0.0370304
0.0022,0.0616763,0.0192724
0.0026,0.0674439,0.020393
0.003,0,0
0.0034,0.0323653,0.0145027
0.0038,0.0132571,0.00939211
0.0042,0.0134704,0.00954695
0.0046,0.0194185,0.0112327
0.005,0.0124885,0.0088506
0.0054,0,0
0.0058,0,0
0.0062,0,0
0.0066,0,0
0.007,0,0
0.0074,0.0065473,0.00655967
0.0078,0,0
0.0082,0,0
0.0086,0,0
0.009,0,0
0.0094,0,0
0.0098,0,0
0.0102,0.00580933,0.00581907
0.0106,0,0
0.011,0.00595554,0.00596578
0.0114,0,0
0.0118,0,0
0.0122,0,0
0.0126,0,0
0.013,0,0
0.0134,0,0
0.0138,0,0
0.0142,0.013863,0.00982222
0.0146,0,0
0.015,0,0
0.0154,0,0
0.0158,0,0
0.0162,0,0
0.0166,0,0
0.017,0,0
0.0174,0,0
0.0178,0,0
0.0182,0.00613378,0.00614464
0.0186,0,0
0.019,0.00679561,0.00680894
0.0194,0,0
0.0198,0,0
0.0202,0,0
0.0206,0.00566101,0.00567026
0.021,0,0
0.0214,0,0
0.0218,0,0
0.0222,0,0
0.0226,0,0
0.023,0,0
0.0234,0.00642678,0.0064387
0.0238,0,0
0.0242,0,0
0.0246,0,0
0.025,0.00606813,0.00607876
0.0254,0.00606832,0.00607894
0.0258,0,0
0.0262,0,0
0.0266,0,0
0.027,0,0
0.0274,0,0
0.0278,0,0
0.0282,0.00677795,0.0067912
0.0286,0,0
0.029,0,0
0.0294,0,0
0.0298,0,0
0.0302,0,0
0.0306,0.0124019,0.00878542
0.031,0,0
0.0314,0,0
0.0318,0.00611271,0.00612349
0.0322,0,0
0.0326,0,0
0.033,0,0
0.0334,0,0
0.0338,0,0
0.0342,0,0
0.0346,0,0
0.035,0,0
0.0354,0.0123162,0.0087252
0.0358,0,0
0.0362,0.00619266,0.00620372
0.0366,0,0
0.037,0,0
0.0374,0,0
0.0378,0,0
0.0382,0,0
0.0386,0.00679034,0.00680363
0.039,0,0
0.0394,0,0
0.0398,0,0
0.0402,0,0
0.0406,0,0
0.041,0.00615204,0.00616294
0.0414,0,0
0.0418,0,0
0.0422,0,0
0.0426,0,0
0.043,0,0
0.0434,0,0
0.0438,0,0
0.0442,0,0
0.0446,0.00638345,0.00639518
0.045,0,0
0.0454,0,0
0.0458,0,0
0.0462,0,0
0.0466,0,0
0.047,0,0
0.0474,0,0
0.0478,0,0
0.0482,0,0
0.0486,0,0
0.049,0,0
0.0494,0,0
0.0498,0,0
0.0502,0,0
0.0506,0,0
0.051,0,0
0.0514,0.00581072,0.00582044
0.0518,0.00614482,0.00615568
0.0522,0,0
0.0526,0,0
0.053,0,0
0.0534,0,0
0.0538,0,0
0.0542,0,0
0.0546,0,0
0.055,0,0
0.0554,0,0
0.0558,0,0
0.0562,0,0
0.0566,0,0
0.057,0,0
0.0574,0,0
0.0578,0,0
0.0582,0,0
0.0586,0,0
0.059,0.0060503,0.00606082
0.0594,0,0
0.0598,0.00586387,0.00587375
0.0602,0.00615644,0.00616733
0.0606,0,0
0.061,0,0
0.0614,0,0
0.0618,0,0
0.0622,0,0
0.0626,0,0
0.063,0,0
0.0634,0,0
0.0638,0,0
0.0642,0.00635234,0.00636392
0.0646,0,0
0.065,0,0
0.0654,0,0
0.0658,0,0
0.0662,0,0
0.0666,0.00635817,0.00636976
0.067,0,0
0.0674,0,0
0.0678,0,0
0.0682,0,0
0.0686,0,0
0.069,0,0
0.0694,0,0
0.0698,0.00632679,0.00633825
0.0702,0,0
0.0706,0.00650633,0.00651846
0.071,0,0
0.0714,0,0
0.0718,0,0
0.0722,0,0
0.0726,0,0
0.073,0,0
0.0734,0,0
0.0738,0,0
0.0742,0,0
0.0746,0,0
0.075,0,0
0.0754,0,0
0.0758,0,0
0.0762,0,0
0.0766,0,0
0.077,0,0
0.0774,0,0
0.0778,0,0
0.0782,0,0
0.0786,0.00674042,0.0067534
0.079,0,0
0.0794,0,0
0.0798,0,0
0.0802,0,0
0.0806,0,0
0.081,0,0
0.0814,0.00665363,0.00666626
0.0818,0,0
0.0822,0.00631948,0.00633088
0.0826,0,0
0.083,0,0
0.0834,0.00648689,0.00649889
0.0838,0,0
0.0842,0,0
0.0846,0,0
0.085,0,0
0.0854,0,0
0.0858,0,0
0.0862,0,0
0.0866,0,0
0.087,0,0
0.0874,0,0
0.0878,0,0
0.0882,0,0
0.0886,0,0
0.089,0,0
0.0894,0,0
0.0898,0,0
0.0902,0,0
0.0906,0,0
0.091,0,0
0.0914,0,0
0.0918,0,0
0.0922,0,0
0.0926,0,0
0.093,0,0
0.0934,0,0
0.0938,0,0
0.0942,0,0
0.0946,0,0
0.095,0,0
0.0954,0,0
0.0958,0,0
0.0962,0,0
0.0966,0,0
0.097,0,0
0.0974,0,0
0.0978,0,0
0.0982,0.00660142,0.00661377
0.0986,0,0
0.099,0,0
0.0994,0,0
0.0998,0,0
0.1002,0,0
0.1006,0,0
0.101,0,0
0.1014,0.00704259,0.00705662
0.1018,0,0
0.1022,0,0
0.1026,0,0
0.103,0,0
0.1034,0,0
0.1038,0.00752907,0.00754509
0.1042,0,0
0.1046,0,0
0.105,0,0
0.1054,0,0
0.1058,0,0
0.1062,0,0
0.1066,0,0
0.107,0,0
0.1074,0,0
0.1078,0,0
0.1082,0.00817518,0.00819403
0.1086,0,0
0.109,0,0
0.1094,0,0
0.1098,0,0
0.1102,0.00819411,0.00821303
0.1106,0,0
0.111,0,0
0.1114,0,0
0.1118,0.00856197,0.00858261
0.1122,0,0
0.1126,0,0
0.113,0,0
0.1134,0,0
0.1138,0,0
0.1142,0,0
0.1146,0,0
0.115,0,0
0.1154,0,0
0.1158,0,0
0.1162,0,0
0.1166,0,0
0.117,0,0
0.1174,0,0
0.1178,0,0
0.1182,0.0100066,0.0100347
0.1186,0,0
0.119,0,0
0.1194,0,0
0.1198,0,0
6
-0.1198,0,0
-0.1194,0,0
-0.119,0,0
-0.1186,0,0
-0.1182,0,0
-0.1178,0,0
-0.1174,0,0
-0.117,0,0
-0.1166,0,0
-0.1162,0.00545579,0.00546593
-0.1158,0,0
-0.1154,0,0
-0.115,0.00543763,0.00544769
-0.1146,0,0
-0.1142,0,0
-0.1138,0,0
-0.1134,0,0
-0.113,0,0
-0.1126,0,0
-0.1122,0,0
-0.1118,0,0
-0.1114,0,0
-0.111,0,0
-0.1106,0,0
-0.1102,0,0
-0.1098,0,0
-0.1094,0,0
-0.109,0,0
-0.1086,0,0
-0.1082,0,0
-0.1078,0,0
-0.1074,0,0
-0.107,0,0
-0.1066,0,0
-0.1062,0,0
-0.1058,0.00594505,0.00595699
-0.1054,0,0
-0.105,0,0
-0.1046,0,0
-0.1042,0,0
-0.1038,0,0
-0.1034,0,0
-0.103,0,0
-0.1026,0,0
-0.1022,0,0
-0.1018,0,0
-0.1014,0,0
-0.101,0,0
-0.1006,0,0
-0.1002,0,0
-0.0998,0,0
-0.0994,0,0
-0.099,0,0
-0.0986,0,0
-0.0982,0,0
-0.0978,0,0
-0.0974,0,0
-0.097,0,0
-0.0966,0,0
-0.0962,0,0
-0.0958,0,0
-0.0954,0,0
-0.095,0,0
-0.0946,0,0
-0.0942,0,0
-0.0938,0,0
-0.0934,0,0
-0.093,0,0
-0.0926,0,0
-0.0922,0,0
-0.0918,0,0
-0.0914,0,0
-0.091,0,0
-0.0906,0,0
-0.0902,0,0
-0.0898,0,0
-0.0894,0,0
-0.089,0,0
-0.0886,0,0
-0.0882,0,0
-0.0878,0,0
-0.0874,0,0
-0.087,0,0
-0.0866,0,0
-0.0862,0,0
-0.0858,0,0
-0.0854,0,0
-0.085,0,0
-0.0846,0,0
-0.0842,0,0
-0.0838,0,0
-0.0834,0,0
-0.083,0,0
-0.0826,0,0
-0.0822,0,0
-0.0818,0,0
-0.0814,0,0
-0.081,0,0
-0.0806,0,0
-0.0802,0,0
-0.0798,0,0
-0.0794,0,0
-0.079,0,0
-0.0786,0,0
-0.0782,0,0
-0.0778,0,0
-0.0774,0,0
-0.077,0,0
-0.0766,0,0
-0.0762,0,0
-0.0758,0,0
-0.0754,0,0
-0.075,0,0
-0.0746,0,0
-0.0742,0,0
-0.0738,0.00617109,0.00618398
-0.0734,0,0
-0.073,0.00558265,0.0055932
-0.0726,0,0
-0.0722,0,0
-0.0718,0,0
-0.0714,0,0
-0.071,0,0
-0.0706,0,0
-0.0702,0,0
-0.0698,0,0
-0.0694,0.0062455,0.00625875
-0.069,0,0
-0.0686,0,0
-0.0682,0,0
-0.0678,0,0
-0.0674,0,0
-0.067,0,0
-0.0666,0,0
-0.0662,0,0
-0.0658,0,0
-0.0654,0,0
-0.065,0,0
-0.0646,0,0
-0.0642,0,0
-0.0638,0,0
-0.0634,0,0
-0.063,0,0
-0.0626,0,0
-0.0622,0.00552307,0.0055335
-0.0618,0,0
-0.0614,0,0
-0.061,0,0
-0.0606,0,0
-0.0602,0,0
-0.0598,0,0
-0.0594,0,0
-0.059,0,0
-0.0586,0,0
-0.0582,0,0
-0.0578,0,0
-0.0574,0,0
-0.057,0,0
-0.0566,0,0
-0.0562,0,0
-0.0558,0.00514269,0.00515178
-0.0554,0,0
-0.055,0,0
-0.0546,0,0
-0.0542,0,0
-0.0538,0,0
-0.0534,0,0
-0.053,0,0
-0.0526,0,0
-0.0522,0,0
-0.0518,0,0
-0.0514,0,0
-0.051,0,0
-0.0506,0,0
-0.0502,0,0
-0.0498,0,0
-0.0494,0,0
-0.049,0,0
-0.0486,0,0
-0.0482,0,0
-0.0478,0,0
-0.0474,0.0052894,0.00529907
-0.047,0,0
-0.0466,0,0
-0.0462,0,0
-0.0458,0,0
-0.0454,0,0
-0.045,0,0
-0.0446,0,0
-0.0442,0,0
-0.0438,0,0
-0.0434,0,0
-0.043,0,0
-0.0426,0,0
-0.0422,0,0
-0.0418,0,0
-0.0414,0,0
-0.041,0,0
-0.0406,0,0
-0.0402,0,0
-0.0398,0,0
-0.0394,0.00579048,0.00580214
-0.039,0.00519947,0.00520887
-0.0386,0,0
-0.0382,0,0
-0.0378,0,0
-0.0374,0,0
-0.037,0,0
-0.0366,0,0
-0.0362,0,0
-0.0358,0,0
-0.0354,0,0
-0.035,0,0
-0.0346,0,0
-0.0342,0,0
-0.0338,0,0
-0.0334,0,0
-0.033,0,0
-0.0326,0,0
-0.0322,0,0
-0.0318,0.00572502,0.00573647
-0.0314,0,0
-0.031,0,0
-0.0306,0,0
-0.0302,0,0
-0.0298,0,0
-0.0294,0,0
-0.029,0,0
-0.0286,0,0
-0.0282,0,0
-0.0278,0,0
-0.0274,0,0
-0.027,0,0
-0.0266,0.00528055,0.00529032
-0.0262,0,0
-0.0258,0,0
-0.0254,0,0
-0.025,0,0
-0.0246,0,0
-0.0242,0,0
-0.0238,0,0
-0.0234,0,0
-0.023,0,0
-0.0226,0,0
-0.0222,0.0051964,0.00520587
-0.0218,0,0
-0.0214,0,0
-0.021,0,0
-0.0206,0,0
-0.0202,0,0
-0.0198,0,0
-0.0194,0,0
-0.019,0,0
-0.0186,0,0
-0.0182,0,0
-0.0178,0,0
-0.0174,0.00509527,0.0051044
-0.017,0,0
-0.0166,0,0
-0.0162,0,0
-0.0158,0,0
-0.0154,0,0
-0.015,0,0
-0.0146,0,0
-0.0142,0,0
-0.0138,0,0
-0.0134,0,0
-0.013,0,0
-0.0126,0,0
-0.0122,0.00506018,0.0050692
-0.0118,0,0
-0.0114,0,0
-0.011,0,0
-0.0106,0,0
-0.0102,0,0
-0.0098,0,0
-0.0094,0.0049245,0.00493305
-0.009,0,0
-0.0086,0,0
-0.0082,0.00523029,0.00535884
-0.0078,0,0
-0.0074,0,0
-0.007,0,0
-0.0066,0,0
-0.0062,0,0
-0.0058,0,0
-0.0054,0,0
-0.005,0,0
-0.0046,0,0
-0.0042,0.0105874,0.00750045
-0.0038,0.00579103,0.00580287
-0.0034,0.00511302,0.00512225
-0.003,0.0270818,0.0121346
-0.0026,0.020346,0.0101913
-0.0022,0.0630393,0.0182342
-0.0018,0.120212,0.0246007
-0.0014,0.164701,0.0287341
-0.001,0.290242,0.0385172
-0.0006,0.33325,0.0414343
-0.0002,0.357128,0.0427596
0.0002,0.404208,0.0470678
0.0006,0.434317,0.0495509
0.001,0.367545,0.0449973
0.0014,0.29627,0.0396737
0.0018,0.197523,0.0320385
0.0022,0.131658,0.0253846
0.0026,0.0445272,0.0148829
0.003,0.0310767,0.012711
0.0034,0.0210952,0.0105684
0.0038,0.0162299,0.0093883
0.0042,0.0219893,0.01102
0.0046,0,0
0.005,0.0200851,0.0100639
0.0054,0.00510444,0.00518335
0.0058,0,0
0.0062,0,0
0.0066,0.00515973,0.00516914
0.007,0.00547389,0.00548447
0.0074,0.00534904,0.00535914
0.0078,0,0
0.0082,0,0
0.0086,0.00512492,0.00513419
0.009,0,0
0.0094,0,0
0.0098,0,0
0.0102,0,0
0.0106,0,0
0.011,0,0
0.0114,0,0
0.0118,0,0
0.0122,0.0053819,0.0053921
0.0126,0,0
0.013,0,0
0.0134,0,0
0.0138,0,0
0.0142,0,0
0.0146,0,0
0.015,0,0
0.0154,0,0
0.0158,0,0
0.0162,0,0
0.0166,0,0
0.017,0,0
0.0174,0,0
0.0178,0,0
0.0182,0.00505892,0.00506788
0.0186,0,0
0.019,0,0
0.0194,0,0
0.0198,0,0
0.0202,0,0
0.0206,0.00468775,0.00469541
0.021,0,0
0.0214,0,0
0.0218,0,0
0.0222,0.00504607,0.00505492
0.0226,0,0
0.023,0,0
0.0234,0.00547889,0.0054893
0.0238,0,0
0.0242,0.0046963,0.00499815
0.0246,0,0
0.025,0,0
0.0254,0,0
0.0258,0,0
0.0262,0,0
0.0266,0,0
0.027,0,0
0.0274,0,0
0.0278,0,0
0.0282,0,0
0.0286,0,0
0.029,0,0
0.0294,0,0
0.0298,0,0
0.0302,0,0
0.0306,0,0
0.031,0,0
0.0314,0,0
0.0318,0,0
0.0322,0,0
0.0326,0,0
0.033,0,0
0.0334,0,0
0.0338,0,0
0.0342,0,0
0.0346,0,0
0.035,0.00410536,0.00472939
0.0354,0,0
0.0358,0,0
0.0362,0,0
0.0366,0,0
0.037,0,0
0.0374,0,0
0.0378,0.00548847,0.00549867
0.0382,0,0
0.0386,0,0
0.039,0,0
0.0394,0,0
0.0398,0,0
0.0402,0,0
0.0406,0,0
0.041,0.00526275,0.00527207
0.0414,0,0
0.0418,0,0
0.0422,0.00501232,0.00502076
0.0426,0,0
0.043,0,0
0.0434,0,0
0.0438,0,0
0.0442,0,0
0.0446,0,0
0.045,0,0
0.0454,0,0
0.0458,0,0
0.0462,0,0
0.0466,0,0
0.047,0,0
0.0474,0,0
0.0478,0,0
0.0482,0,0
0.0486,0,0
0.049,0,0
0.0494,0,0
0.0498,0,0
0.0502,0,0
0.0506,0,0
0.051,0,0
0.0514,0,0
0.0518,0,0
0.0522,0,0
0.0526,0,0
0.053,0,0
0.0534,0,0
0.0538,0,0
0.0542,0,0
0.0546,0,0
0.055,0,0
0.0554,0,0
0.0558,0,0
0.0562,0,0
0.0566,0,0
0.057,0,0
0.0574,0,0
0.0578,0,0
0.0582,0,0
0.0586,0,0
0.059,0,0
0.0594,0,0
0.0598,0,0
0.0602,0,0
0.0606,0,0
0.061,0,0
0.0614,0.00513925,0.00514787
0.0618,0,0
0.0622,0,0
0.0626,0,0
0.063,0.00537707,0.00538647
0.0634,0,0
0.0638,0.00240213,0.00357736
0.0642,0,0
0.0646,0,0
0.065,0,0
0.0654,0,0
0.0658,0,0
0.0662,0,0
0.0666,0,0
0.067,0,0
0.0674,0,0
0.0678,0,0
0.0682,0,0
0.0686,0,0
0.069,0,0
0.0694,0,0
0.0698,0,0
0.0702,0.00579065,0.00580143
0.0706,0,0
0.071,0,0
0.0714,0,0
0.0718,0,0
0.0722,0,0
0.0726,0,0
0.073,0,0
0.0734,0,0
0.0738,0,0
0.0742,0,0
0.0746,0,0
0.075,0.0107745,0.00763183
0.0754,0,0
0.0758,0,0
0.0762,0,0
0.0766,0,0
0.077,0.0112873,0.0079957
0.0774,0,0
0.0778,0,0
0.0782,0,0
0.0786,0,0
0.079,0,0
0.0794,0,0
0.0798,0,0
0.0802,0,0
0.0806,0,0
0.081,0,0
0.0814,0,0
0.0818,0,0
0.0822,0,0
0.0826,0,0
0.083,0,0
0.0834,0,0
0.0838,0.00520004,0.00520857
0.0842,0.00515174,0.00516011
0.0846,0,0
0.085,0,0
0.0854,0,0
0.0858,0,0
0.0862,0,0
0.0866,0,0
0.087,0,0
0.0874,0,0
0.0878,0,0
0.0882,0,0
0.0886,0,0
0.089,0,0
0.0894,0,0
0.0898,0.00614737,0.00615918
0.0902,0,0
0.0906,0,0
0.091,0.00535477,0.00536372
0.0914,0,0
0.0918,0,0
0.0922,0,0
0.0926,0,0
0.093,0,0
0.0934,0,0
0.0938,0,0
0.0942,0,0
0.0946,0,0
0.095,0,0
0.0954,0,0
0.0958,0,0
0.0962,0,0
0.0966,0,0
0.097,0,0
0.0974,0,0
0.0978,0,0
0.0982,0,0
0.0986,0.00721024,0.00722629
0.099,0,0
0.0994,0,0
0.0998,0,0
0.1002,0,0
0.1006,0,0
0.101,0,0
0.1014,0,0
0.1018,0,0
0.1022,0,0
0.1026,0,0
0.103,0,0
0.1034,0,0
0.1038,0,0
0.1042,0,0
0.1046,0,0
0.105,0,0
0.1054,0,0
0.1058,0,0
0.1062,0,0
0.1066,0,0
0.107,0.00761107,0.00762882
0.1074,0.007299,0.00731533
0.1078,0,0
0.1082,0,0
0.1086,0,0
0.109,0,0
0.1094,0,0
0.1098,0,0
0.1102,0,0
0.1106,0,0
0.111,0,0
0.1114,0,0
0.1118,0,0
0.1122,0,0
0.1126,0,0
0.113,0,0
0.1134,0,0
0.1138,0,0
0.1142,0,0
0.1146,0,0
0.115,0,0
0.1154,0,0
0.1158,0,0
0.1162,0,0
0.1166,0.00954583,0.00957379
0.117,0,0
0.1174,0,0
0.1178,0,0
0.1182,0,0
0.1186,0,0
0.119,0,0
0.1194,0,0
0.1198,0,0
7
-0.1198,0,0
-0.1194,0,0
-0.119,0,0
-0.1186,0,0
-0.1182,0,0
-0.1178,0,0
-0.1174,0,0
-0.117,0,0
-0.1166,0,0
-0.1162,0,0
-0.1158,0,0
-0.1154,0,0
-0.115,0,0
-0.1146,0,0
-0.1142,0,0
-0.1138,0,0
-0.1134,0,0
-0.113,0,0
-0.1126,0,0
-0.1122,0,0
-0.1118,0,0
-0.1114,0,0
-0.111,0,0
-0.1106,0,0
-0.1102,0,0
-0.1098,0,0
-0.1094,0,0
-0.109,0,0
-0.1086,0,0
-0.1082,0,0
-0.1078,0,0
-0.1074,0,0
-0.107,0,0
-0.1066,0,0
-0.1062,0,0
-0.1058,0,0
-0.1054,0,0
-0.105,0,0
-0.1046,0,0
-0.1042,0,0
-0.1038,0,0
-0.1034,0,0
-0.103,0,0
-0.1026,0,0
-0.1022,0,0
-0.1018,0,0
-0.1014,0,0
-0.101,0,0
-0.1006,0,0
-0.1002,0,0
-0.0998,0,0
-0.0994,0,0
-0.099,0,0
-0.0986,0,0
-0.0982,0,0
-0.0978,0.00547963,0.00549019
-0.0974,0,0
-0.097,0,0
-0.0966,0,0
-0.0962,0,0
-0.0958,0.00632383,0.00633792
-0.0954,0,0
-0.095,0,0
-0.0946,0,0
-0.0942,0,0
-0.0938,0,0
-0.0934,0,0
-0.093,0,0
-0.0926,0,0
-0.0922,0,0
-0.0918,0,0
-0.0914,0,0
-0.091,0,0
-0.0906,0,0
-0.0902,0.00523808,0.00524781
-0.0898,0,0
-0.0894,0,0
-0.089,0.0102762,0.00727965
-0.0886,0,0
-0.0882,0,0
-0.0878,0,0
-0.0874,0,0
-0.087,0,0
-0.0866,0,0
-0.0862,0,0
-0.0858,0,0
-0.0854,0,0
-0.085,0,0
-0.0846,0,0
-0.0842,0,0
-0.0838,0,0
-0.0834,0,0
-0.083,0,0
-0.0826,0,0
-0.0822,0,0
-0.0818,0,0
-0.0814,0,0
-0.081,0,0
-0.0806,0,0
-0.0802,0,0
-0.0798,0,0
-0.0794,0,0
-0.079,0,0
-0.0786,0,0
-0.0782,0,0
-0.0778,0,0
-0.0774,0,0
-0.077,0,0
-0.0766,0,0
-0.0762,0,0
-0.0758,0,0
-0.0754,0,0
-0.075,0,0
-0.0746,0,0
-0.0742,0,0
-0.0738,0,0
-0.0734,0,0
-0.073,0,0
-0.0726,0,0
-0.0722,0.0104527,0.00740821
-0.0718,0,0
-0.0714,0,0
-0.071,0,0
-0.0706,0,0
-0.0702,0,0
-0.0698,0,0
-0.0694,0,0
-0.069,0,0
-0.0686,0,0
-0.0682,0,0
-0.0678,0,0
-0.0674,0,0
-0.067,0,0
-0.0666,0,0
-0.0662,0,0
-0.0658,0,0
-0.0654,0.0105619,0.00748218
-0.065,0,0
-0.0646,0,0
-0.0642,0,0
-0.0638,0.00557216,0.00558299
-0.0634,0,0
-0.063,0,0
-0.0626,0,0
-0.0622,0,0
-0.0618,0,0
-0.0614,0,0
-0.061,0.0055775,0.00558831
-0.0606,0,0
-0.0602,0.00557762,0.00558843
-0.0598,0,0
-0.0594,0,0
-0.059,0,0
-0.0586,0,0
-0.0582,0,0
-0.0578,0,0
-0.0574,0,0
-0.057,0,0
-0.0566,0,0
-0.0562,0,0
-0.0558,0.00511863,0.00512768
-0.0554,0,0
-0.055,0,0
-0.0546,0,0
-0.0542,0,0
-0.0538,0,0
-0.0534,0,0
-0.053,0,0
-0.0526,0,0
-0.0522,0,0
-0.0518,0,0
-0.0514,0,0
-0.051,0,0
-0.0506,0,0
-0.0502,0,0
-0.0498,0,0
-0.0494,0,0
-0.049,0,0
-0.0486,0,0
-0.0482,0,0
-0.0478,0,0
-0.0474,0,0
-0.047,0,0
-0.0466,0.00554593,0.00555642
-0.0462,0,0
-0.0458,0,0
-0.0454,0,0
-0.045,0,0
-0.0446,0,0
-0.0442,0,0
-0.0438,0,0
-0.0434,0,0
-0.043,0,0
-0.0426,0,0
-0.0422,0,0
-0.0418,0,0
-0.0414,0,0
-0.041,0,0
-0.0406,0,0
-0.0402,0.00555621,0.00556663
-0.0398,0,0
-0.0394,0.00597415,0.00598618
-0.039,0.00597794,0.00598998
-0.0386,0,0
-0.0382,0,0
-0.0378,0,0
-0.0374,0,0
-0.037,0,0
-0.0366,0,0
-0.0362,0,0
-0.0358,0,0
-0.0354,0,0
-0.035,0,0
-0.0346,0,0
-0.0342,0,0
-0.0338,0,0
-0.0334,0,0
-0.033,0,0
-0.0326,0,0
-0.0322,0,0
-0.0318,0,0
-0.0314,0,0
-0.031,0.00549702,0.00550706
-0.0306,0,0
-0.0302,0.00469903,0.00522542
-0.0298,0,0
-0.0294,0,0
-0.029,0,0
-0.0286,0,0
-0.0282,0,0
-0.0278,0,0
-0.0274,0,0
-0.027,0,0
-0.0266,0,0
-0.0262,0,0
-0.0258,0,0
-0.0254,0,0
-0.025,0.000940614,0.00220711
-0.0246,0,0
-0.0242,0,0
-0.0238,0,0
-0.0234,0,0
-0.023,0,0
-0.0226,0,0
-0.0222,0,0
-0.0218,0,0
-0.0214,0,0
-0.021,0,0
-0.0206,0,0
-0.0202,0,0
-0.0198,0,0
-0.0194,0,0
-0.019,0,0
-0.0186,0,0
-0.0182,0,0
-0.0178,0,0
-0.0174,0,0
-0.017,0,0
-0.0166,0,0
-0.0162,0,0
-0.0158,0,0
-0.0154,0,0
-0.015,0.00584096,0.00585194
-0.0146,0.00572436,0.0057349
-0.0142,9.33019e-05,0.000754899
-0.0138,0,0
-0.0134,0,0
-0.013,0,0
-0.0126,0.0055689,0.00557883
-0.0122,0,0
-0.0118,0,0
-0.0114,0,0
-0.011,0,0
-0.0106,0.0059606,0.00597193
-0.0102,0,0
-0.0098,0,0
-0.0094,0,0
-0.009,0,0
-0.0086,0,0
-0.0082,0,0
-0.0078,0,0
-0.0074,0,0
-0.007,0,0
-0.0066,0.0126753,0.00898084
-0.0062,0.00569113,0.00570139
-0.0058,0.00571106,0.00572139
-0.0054,0.00571454,0.00572487
-0.005,0.0117613,0.00833198
-0.0046,0.011406,0.00807984
-0.0042,0,0
-0.0038,0.00648483,0.00649809
-0.0034,0.0134514,0.00934943
-0.003,0.0384848,0.015227
-0.0026,0.0406016,0.0153792
-0.0022,0.110927,0.025825
-0.0018,0.199488,0.0334971
-0.0014,0.365482,0.045385
-0.001,0.405475,0.0483005
-0.0006,0.487091,0.0531954
-0.0002,0.674132,0.062478
0.0002,0.835676,0.0719231
0.0006,0.709543,0.0672966
0.001,0.609011,0.0615887
0.0014,0.419492,0.0501317
0.0018,0.249768,0.0383446
0.0022,0.170914,0.030778
0.0026,0.102265,0.0241811
0.003,0.0526528,0.017584
0.0034,0.0120478,0.00853508
0.0038,0.00613165,0.00614337
0.0042,0.0127985,0.00906801
0.0046,0.0180975,0.0104687
0.005,0.022795,0.0114218
0.0054,0.0176811,0.0101856
0.0058,0.0184282,0.0106599
0.0062,0.0117469,0.00832147
0.0066,0.0215524,0.0111725
0.007,0.0117335,0.00831201
0.0074,0.00469096,0.00535183
0.0078,0.013772,0.00902959
0.0082,0.0047019,0.00536851
0.0086,0,0
0.009,0.00612643,0.00613806
0.0094,0,0
0.0098,0,0
0.0102,0,0
0.0106,0,0
0.011,0.00555049,0.00556003
0.0114,0.00601843,0.00602964
0.0118,0.00614971,0.00616141
0.0122,0,0
0.0126,0,0
0.013,0,0
0.0134,0,0
0.0138,0,0
0.0142,0,0
0.0146,0,0
0.015,0.00599617,0.00600728
0.0154,0,0
0.0158,0,0
0.0162,0,0
0.0166,0,0
0.017,0,0
0.0174,0.00114892,0.00268998
0.0178,0,0
0.0182,0.00569816,0.0057082
0.0186,0.00569683,0.00570687
0.019,0,0
0.0194,0,0
0.0198,0,0
0.0202,0,0
0.0206,0,0
0.021,0,0
0.0214,0,0
0.0218,0,0
0.0222,0,0
0.0226,0,0
0.023,0,0
0.0234,0,0
0.0238,0,0
0.0242,0.000673058,0.001998
0.0246,0,0
0.025,0,0
0.0254,0,0
0.0258,0,0
0.0262,0,0
0.0266,0,0
0.027,0,0
0.0274,0.00604434,0.00605572
0.0278,0,0
0.0282,0,0
0.0286,0,0
0.029,0,0
0.0294,0,0
0.0298,0,0
0.0302,0,0
0.0306,0.00568478,0.00569487
0.031,0,0
0.0314,0,0
0.0318,0,0
0.0322,0,0
0.0326,0,0
0.033,0,0
0.0334,0,0
0.0338,0,0
0.0342,0,0
0.0346,0,0
0.035,0.00143536,0.00291296
0.0354,0.00558245,0.00559222
0.0358,0,0
0.0362,0,0
0.0366,0,0
0.037,0,0
0.0374,0.00554203,0.00555168
0.0378,0,0
0.0382,0,0
0.0386,0,0
0.039,0.00576631,0.00577678
0.0394,0,0
0.0398,0,0
0.0402,0,0
0.0406,0,0
0.041,0.0114984,0.00814738
0.0414,0,0
0.0418,0,0
0.0422,0,0
0.0426,0,0
0.043,0,0
0.0434,0.00554136,0.00555106
0.0438,0.00569961,0.00570988
0.0442,0,0
0.0446,0,0
0.045,0,0
0.0454,0,0
0.0458,0.0119702,0.00848031
0.0462,0.00567941,0.00568964
0.0466,0,0
0.047,0,0
0.0474,0,0
0.0478,0,0
0.0482,0,0
0.0486,0,0
0.049,0.00540909,0.0054184
0.0494,0,0
0.0498,0,0
0.0502,0,0
0.0506,0,0
0.051,0.00554782,0.00555764
0.0514,0,0
0.0518,0,0
0.0522,0,0
0.0526,0,0
0.053,0,0
0.0534,0,0
0.0538,0,0
0.0542,0,0
0.0546,0,0
0.055,0,0
0.0554,0,0
0.0558,0.00537585,0.00538513
0.0562,0.00569175,0.00570215
0.0566,0,0
0.057,0,0
0.0574,0,0
0.0578,0,0
0.0582,0,0
0.0586,0,0
0.059,0,0
0.0594,0,0
0.0598,0,0
0.0602,0,0
0.0606,0,0
0.061,0,0
0.0614,0,0
0.0618,0,0
0.0622,0,0
0.0626,0,0
0.063,0.00540159,0.00541104
0.0634,0,0
0.0638,0.00291365,0.0039443
0.0642,0,0
0.0646,0,0
0.065,0,0
0.0654,0,0
0.0658,0,0
0.0662,0.0057149,0.00572552
0.0666,0,0
0.067,0,0
0.0674,0,0
0.0678,0,0
0.0682,0,0
0.0686,0,0
0.069,0,0
0.0694,0.00568768,0.00569825
0.0698,0,0
0.0702,0,0
0.0706,0.00614042,0.00615275
0.071,0,0
0.0714,0,0
0.0718,0,0
0.0722,0,0
0.0726,0,0
0.073,0,0
0.0734,0,0
0.0738,0,0
0.0742,0,0
0.0746,0,0
0.075,0,0
0.0754,0,0
0.0758,0,0
0.0762,0.00562157,0.00563196
0.0766,0,0
0.077,0,0
0.0774,0,0
0.0778,0,0
0.0782,0,0
0.0786,0,0
0.079,0,0
0.0794,0.00523353,0.00524257
0.0798,0,0
0.0802,0,0
0.0806,0,0
0.081,0,0
0.0814,0,0
0.0818,0,0
0.0822,0,0
0.0826,0,0
0.083,0,0
0.0834,0.0055941,0.00560444
0.0838,0,0
0.0842,0,0
0.0846,0,0
0.085,0,0
0.0854,0,0
0.0858,0,0
0.0862,0,0
0.0866,0,0
0.087,0,0
0.0874,0,0
0.0878,0.0105936,0.00750481
0.0882,0,0
0.0886,0,0
0.089,0,0
0.0894,0,0
0.0898,0.00579773,0.00580887
0.0902,0,0
0.0906,0,0
0.091,0,0
0.0914,0,0
0.0918,0,0
0.0922,0,0
0.0926,0,0
0.093,0,0
0.0934,0,0
0.0938,0,0
0.0942,0,0
0.0946,0,0
0.095,0,0
0.0954,0,0
0.0958,0,0
0.0962,0,0
0.0966,0,0
0.097,0,0
0.0974,0,0
0.0978,0,0
0.0982,0,0
0.0986,0,0
0.099,0,0
0.0994,0,0
0.0998,0,0
0.1002,0,0
0.1006,0,0
0.101,0,0
0.1014,0,0
0.1018,0,0
0.1022,0,0
0.1026,0,0
0.103,0,0
0.1034,0,0
0.1038,0.0064087,0.00642233
0.1042,0.00673395,0.006749
0.1046,0,0
0.105,0,0
0.1054,0,0
0.1058,0,0
0.1062,0,0
0.1066,0,0
0.107,0,0
0.1074,0.00338332,0.00478944
0.1078,0.0071599,0.00717688
0.1082,0,0
0.1086,0,0
0.109,0,0
0.1094,0,0
0.1098,0,0
0.1102,0,0
0.1106,0,0
0.111,0,0
0.1114,0,0
0.1118,0,0
0.1122,0,0
0.1126,0,0
0.113,0,0
0.1134,0,0
0.1138,0,0
0.1142,0,0
0.1146,0,0
0.115,0,0
0.1154,0,0
0.1158,0,0
0.1162,0,0
0.1166,0,0
0.117,0,0
0.1174,0,0
0.1178,0,0
0.1182,0,0
0.1186,0,0
0.119,0.0101753,0.010209
0.1194,0,0
0.1198,0,0
8
-0.1198,0,0
-0.1194,0,0
-0.119,0,0
-0.1186,0,0
-0.1182,0,0
-0.1178,0,0
-0.1174,0,0
-0.117,0,0
-0.1166,0,0
-0.1162,0,0
-0.1158,0,0
-0.1154,0,0
-0.115,0,0
-0.1146,0,0
-0.1142,0,0
-0.1138,0,0
-0.1134,0,0
-0.113,0,0
-0.1126,0.00454343,0.0045532
-0.1122,0,0
-0.1118,0.00423016,0.00423863
-0.1114,0,0
-0.111,0.00388285,0.00388998
-0.1106,0,0
-0.1102,0,0
-0.1098,0,0
-0.1094,0,0
-0.109,0,0
-0.1086,0,0
-0.1082,0,0
-0.1078,0,0
-0.1074,0,0
-0.107,0,0
-0.1066,0,0
-0.1062,0,0
-0.1058,0,0
-0.1054,0,0
-0.105,0,0
-0.1046,0,0
-0.1042,0,0
-0.1038,0,0
-0.1034,0.00364202,0.00364823
-0.103,0,0
-0.1026,0,0
-0.1022,0,0
-0.1018,0,0
-0.1014,0.00370881,0.00371522
-0.101,0,0
-0.1006,0,0
-0.1002,0,0
-0.0998,0,0
-0.0994,0.00407434,0.00408206
-0.099,0.00421698,0.00422524
-0.0986,0,0
-0.0982,0,0
-0.0978,0,0
-0.0974,0,0
-0.097,0,0
-0.0966,0,0
-0.0962,0,0
-0.0958,0,0
-0.0954,0.00481851,0.00482924
-0.095,0,0
-0.0946,0,0
-0.0942,0,0
-0.0938,0,0
-0.0934,0,0
-0.093,0,0
-0.0926,0,0
-0.0922,0,0
-0.0918,0,0
-0.0914,0,0
-0.091,0,0
-0.0906,0,0
-0.0902,0,0
-0.0898,0,0
-0.0894,0,0
-0.089,0,0
-0.0886,0,0
-0.0882,0,0
-0.0878,0,0
-0.0874,0,0
-0.087,0,0
-0.0866,0,0
-0.0862,0,0
-0.0858,0,0
-0.0854,0,0
-0.085,0,0
-0.0846,0,0
-0.0842,0.00393366,0.00394072
-0.0838,0.00458166,0.00459123
-0.0834,0,0
-0.083,0,0
-0.0826,0,0
-0.0822,0.00442262,0.00443151
-0.0818,0,0
-0.0814,0,0
-0.081,0,0
-0.0806,0,0
-0.0802,0,0
-0.0798,0,0
-0.0794,0,0
-0.079,0,0
-0.0786,0,0
-0.0782,0,0
-0.0778,0,0
-0.0774,0,0
-0.077,0,0
-0.0766,0,0
-0.0762,0,0
-0.0758,0,0
-0.0754,0,0
-0.075,0,0
-0.0746,0.0043091,0.00431748
-0.0742,0,0
-0.0738,0,0
-0.0734,0,0
-0.073,0,0
-0.0726,0,0
-0.0722,0,0
-0.0718,0,0
-0.0714,0.00429333,0.00430163
-0.071,0,0
-0.0706,0,0
-0.0702,0,0
-0.0698,0,0
-0.0694,0,0
-0.069,0,0
-0.0686,0.000779844,0.00180392
-0.0682,0,0
-0.0678,0.00456159,0.00457094
-0.0674,0,0
-0.067,0,0
-0.0666,0,0
-0.0662,0,0
-0.0658,0,0
-0.0654,0,0
-0.065,0,0
-0.0646,0,0
-0.0642,0,0
-0.0638,0,0
-0.0634,0,0
-0.063,0,0
-0.0626,0,0
-0.0622,0,0
-0.0618,0,0
-0.0614,0,0
-0.061,0,0
-0.0606,0,0
-0.0602,0,0
-0.0598,0,0
-0.0594,0,0
-0.059,0,0
-0.0586,0,0
-0.0582,0,0
-0.0578,0,0
-0.0574,0,0
-0.057,0,0
-0.0566,0.0045511,0.00456037
-0.0562,0,0
-0.0558,0,0
-0.0554,0,0
-0.055,0,0
-0.0546,0,0
-0.0542,0,0
-0.0538,0,0
-0.0534,0.00385075,0.00385739
-0.053,0,0
-0.0526,0.00441048,0.00441919
-0.0522,0,0
-0.0518,0,0
-0.0514,0,0
-0.051,0,0
-0.0506,0,0
-0.0502,0,0
-0.0498,0,0
-0.0494,0,0
-0.049,0,0
-0.0486,0,0
-0.0482,0,0
-0.0478,0,0
-0.0474,0.00408772,0.0040952
-0.047,0,0
-0.0466,0,0
-0.0462,0,0
-0.0458,0,0
-0.0454,0.003976,0.00398307
-0.045,0,0
-0.0446,0,0
-0.0442,0,0
-0.0438,0,0
-0.0434,0,0
-0.043,0,0
-0.0426,0.00756168,0.00553635
-0.0422,0,0
-0.0418,0.00428911,0.00429734
-0.0414,0,0
-0.041,0,0
-0.0406,0,0
-0.0402,0,0
-0.0398,0.00315254,0.00356048
-0.0394,0,0
-0.039,0,0
-0.0386,0,0
-0.0382,0.00424063,0.00424866
-0.0378,0,0
-0.0374,0,0
-0.037,0,0
-0.0366,0,0
-0.0362,0.00404713,0.00405444
-0.0358,0,0
-0.0354,0,0
-0.035,0,0
-0.0346,0,0
-0.0342,0.00445936,0.00446823
-0.0338,0,0
-0.0334,0.00128338,0.00224527
-0.033,0,0
-0.0326,0,0
-0.0322,0,0
-0.0318,0,0
-0.0314,0.00443346,0.00444222
-0.031,0,0
-0.0306,0,0
-0.0302,0.0051164,0.00470273
-0.0298,0,0
-0.0294,0.00818194,0.00579607
-0.029,0,0
-0.0286,0.00410311,0.00411061
-0.0282,0,0
-0.0278,0,0
-0.0274,0.00415661,0.00416431
-0.027,0,0
-0.0266,0,0
-0.0262,0.00402623,0.00403344
-0.0258,0,0
-0.0254,0.00393976,0.00394667
-0.025,0.00311268,0.00344792
-0.0246,0,0
-0.0242,0,0
-0.0238,0,0
-0.0234,0.00407924,0.00408665
-0.023,0.00406382,0.00407116
-0.0226,0,0
-0.0222,0,0
-0.0218,0,0
-0.0214,0,0
-0.021,0.00815407,0.00577626
-0.0206,0,0
-0.0202,0,0
-0.0198,0,0
-0.0194,0.00430417,0.0043124
-0.019,0,0
-0.0186,0,0
-0.0182,0,0
-0.0178,0.00449539,0.00450437
-0.0174,0,0
-0.017,0,0
-0.0166,0.00405708,0.00406439
-0.0162,0.0040171,0.00402427
-0.0158,0,0
-0.0154,0,0
-0.015,0.00426175,0.00426981
-0.0146,0,0
-0.0142,0.00433499,0.00437715
-0.0138,0,0
-0.0134,0.00422747,0.0042354
-0.013,0,0
-0.0126,0,0
-0.0122,0,0
-0.0118,0,0
-0.0114,0.00390612,0.00391287
-0.011,0,0
-0.0106,0,0
-0.0102,0,0
-0.0098,0,0
-0.0094,0,0
-0.009,0,0
-0.0086,0.00459766,0.00460701
-0.0082,0.00461034,0.00461973
-0.0078,0.00406944,0.00407675
-0.0074,0.00412705,0.00413457
-0.007,0.00422209,0.00422996
-0.0066,0.00814643,0.00609955
-0.0062,0.00408338,0.00409073
-0.0058,0.00423939,0.00424732
-0.0054,0.0122911,0.00710911
-0.005,0.0254407,0.0104066
-0.0046,0.0255322,0.0102369
-0.0042,0.00424183,0.00424976
-0.0038,0.0139334,0.00806094
-0.0034,0.0520212,0.0149965
-0.003,0.0663481,0.0168451
-0.0026,0.0494393,0.0143013
-0.0022,0.163616,0.0264336
-0.0018,0.223824,0.0300938
-0.0014,0.344029,0.0373241
-0.001,0.49051,0.0448839
-0.0006,0.616881,0.0505807
-0.0002,0.675443,0.0528553
0.0002,0.748863,0.0575351
0.0006,0.609682,0.0526509
0.001,0.515938,0.0479039
0.0014,0.308813,0.0362462
0.0018,0.218041,0.0302105
0.0022,0.125761,0.0222576
0.0026,0.0639508,0.0162318
0.003,0.087497,0.0191298
0.0034,0.0466881,0.014105
0.0038,0.0294521,0.0113887
0.0042,0.00885824,0.00627813
0.0046,0.0126905,0.00734047
0.005,0.0122016,0.00706007
0.0054,0.0273794,0.0107777
0.0058,0.0140622,0.00779302
0.0062,0,0
0.0066,0.0271,0.0105316
0.007,0.0147268,0.0079844
0.0074,0.00098698,0.00206721
0.0078,0.0112036,0.00687271
0.0082,0.00965291,0.0064763
0.0086,0.00413352,0.00414099
0.009,0.0043417,0.00434994
0.0094,0,0
0.0098,0.00404464,0.00405179
0.0102,0,0
0.0106,0,0
0.011,0,0
0.0114,0.00426361,0.00427155
0.0118,0.00433919,0.00434741
0.0122,0,0
0.0126,0.00431768,0.00432582
0.013,0.00431841,0.00432655
0.0134,0,0
0.0138,0,0
0.0142,0.00465858,0.00466805
0.0146,0,0
0.015,0.00879859,0.0062371
0.0154,0.00444736,0.00445598
0.0158,0.0122175,0.00706994
0.0162,0,0
0.0166,0,0
0.017,0,0
0.0174,0.00363798,0.00403297
0.0178,0.00417284,0.00418042
0.0182,0,0
0.0186,0,0
0.019,0,0
0.0194,0,0
0.0198,0,0
0.0202,0,0
0.0206,0,0
0.021,0.00395464,0.00396144
0.0214,0,0
0.0218,0,0
0.0222,0.00403547,0.00404254
0.0226,0,0
0.023,0.00843314,0.00597406
0.0234,0.00456005,0.00442436
0.0238,0,0
0.0242,0,0
0.0246,0,0
0.025,0,0
0.0254,0,0
0.0258,0,0
0.0262,0,0
0.0266,0.00817972,0.00579561
0.027,0,0
0.0274,0,0
0.0278,0,0
0.0282,0,0
0.0286,0,0
0.029,0,0
0.0294,0.00456577,0.00457479
0.0298,0,0
0.0302,0.00165388,0.00262889
0.0306,0.00416449,0.00417199
0.031,0,0
0.0314,0,0
0.0318,0,0
0.0322,0,0
0.0326,0,0
0.033,0,0
0.0334,0,0
0.0338,0,0
0.0342,0,0
0.0346,0,0
0.035,0.00427639,0.00428429
0.0354,0,0
0.0358,0,0
0.0362,0,0
0.0366,0,0
0.037,0,0
0.0374,0.00403789,0.00404492
0.0378,0.00430966,0.00431767
0.0382,0,0
0.0386,0,0
0.039,0,0
0.0394,0,0
0.0398,0,0
0.0402,0,0
0.0406,0,0
0.041,0,0
0.0414,0,0
0.0418,0,0
0.0422,0,0
0.0426,0,0
0.043,0,0
0.0434,0.00392058,0.00392718
0.0438,0,0
0.0442,0,0
0.0446,0,0
0.045,0,0
0.0454,0,0
0.0458,0,0
0.0462,0,0
0.0466,0,0
0.047,0,0
0.0474,0,0
0.0478,0,0
0.0482,0,0
0.0486,0,0
0.049,0.0040144,0.0040213
0.0494,0.0120634,0.00697683
0.0498,0,0
0.0502,0,0
0.0506,0,0
0.051,0,0
0.0514,0,0
0.0518,0.00390805,0.00391458
0.0522,0,0
0.0526,0,0
0.053,0,0
0.0534,0,0
0.0538,0,0
0.0542,0,0
0.0546,0,0
0.055,0,0
0.0554,0,0
0.0558,0,0
0.0562,0,0
0.0566,0.00411123,0.00411842
0.057,0,0
0.0574,0,0
0.0578,0,0
0.0582,0.00397795,0.00398467
0.0586,0,0
0.059,0,0
0.0594,0.00408518,0.00409225
0.0598,0,0
0.0602,0,0
0.0606,0,0
0.061,0,0
0.0614,0,0
0.0618,0,0
0.0622,0,0
0.0626,0,0
0.063,0,0
0.0634,0,0
0.0638,0.00408953,0.00409658
0.0642,0,0
0.0646,0,0
0.065,0.00317136,0.00373491
0.0654,0,0
0.0658,0.00441923,0.00442744
0.0662,0,0
0.0666,0,0
0.067,0,0
0.0674,0,0
0.0678,0,0
0.0682,0,0
0.0686,0,0
0.069,0,0
0.0694,0,0
0.0698,0,0
0.0702,0,0
0.0706,0,0
0.071,0,0
0.0714,0,0
0.0718,0,0
0.0722,0,0
0.0726,0,0
0.073,0,0
0.0734,0,0
0.0738,0,0
0.0742,0,0
0.0746,0,0
0.075,0,0
0.0754,0,0
0.0758,0,0
0.0762,0,0
0.0766,0.00433938,0.00434718
0.077,0,0
0.0774,0.00434576,0.00435358
0.0778,0,0
0.0782,0,0
0.0786,0,0
0.079,0,0
0.0794,0.00418092,0.00418814
0.0798,0,0
0.0802,0,0
0.0806,0,0
0.081,0,0
0.0814,0.00423218,0.00423955
0.0818,0,0
0.0822,0,0
0.0826,0,0
0.083,0.00428245,0.00428999
0.0834,0.00407251,0.00407932
0.0838,0,0
0.0842,0.00395595,0.00396237
0.0846,0,0
0.085,0,0
0.0854,0,0
0.0858,0,0
0.0862,0,0
0.0866,0,0
0.087,0,0
0.0874,0,0
0.0878,0,0
0.0882,0,0
0.0886,0,0
0.089,0,0
0.0894,0,0
0.0898,0,0
0.0902,0,0
0.0906,0,0
0.091,0,0
0.0914,0,0
0.0918,0,0
0.0922,0.00420533,0.00421252
0.0926,0.00437099,0.00437876
0.093,0.00441681,0.00442474
0.0934,0,0
0.0938,0.00457928,0.0045878
0.0942,0,0
0.0946,0,0
0.095,0.00451295,0.00452121
0.0954,0.00433572,0.00434334
0.0958,0,0
0.0962,0,0
0.0966,0.00481543,0.00482482
0.097,0,0
0.0974,0,0
0.0978,0,0
0.0982,0,0
0.0986,0,0
0.099,0,0
0.0994,0,0
0.0998,0,0
0.1002,0,0
0.1006,0,0
0.101,0,0
0.1014,0,0
0.1018,0,0
0.1022,0,0
0.1026,0,0
0.103,0,0
0.1034,0,0
0.1038,0,0
0.1042,0,0
0.1046,0,0
0.105,0,0
0.1054,0,0
0.1058,0,0
0.1062,0,0
0.1066,0.00553239,0.00554472
0.107,0,0
0.1074,0.00276858,0.00392904
0.1078,0,0
0.1082,0,0
0.1086,0,0
0.109,0,0
0.1094,0,0
0.1098,0,0
0.1102,0,0
0.1106,0,0
0.111,0,0
0.1114,0.00677393,0.0067924
0.1118,0,0
0.1122,0.00617752,0.00619289
0.1126,0,0
0.113,0,0
0.1134,0,0
0.1138,0,0
0.1142,0,0
0.1146,0,0
0.115,0,0
0.1154,0,0
0.1158,0.00683081,0.0068496
0.1162,0,0
0.1166,0,0
0.117,0,0
0.1174,0,0
0.1178,0,0
0.1182,0,0
0.1186,0,0
0.119,0,0
0.1194,0,0
0.1198,0,0
9
-0.1198,0,0
-0.1194,0,0
-0.119,0,0
-0.1186,0,0
-0.1182,0,0
-0.1178,0,0
-0.1174,0,0
-0.117,0,0
-0.1166,0,0
-0.1162,0,0
-0.1158,0,0
-0.1154,0.00384482,0.00385211
-0.115,0,0
-0.1146,0,0
-0.1142,0.00367943,0.00368612
-0.1138,0,0
-0.1134,0,0
-0.113,0,0
-0.1126,0,0
-0.1122,0,0
-0.1118,0,0
-0.1114,0,0
-0.111,0,0
-0.1106,0.00368956,0.00369632
-0.1102,0,0
-0.1098,0,0
-0.1094,0,0
-0.109,0,0
-0.1086,0,0
-0.1082,0,0
-0.1078,0,0
-0.1074,0,0
-0.107,0,0
-0.1066,0,0
-0.1062,0,0
-0.1058,0,0
-0.1054,0,0
-0.105,0,0
-0.1046,0,0
-0.1042,0,0
-0.1038,0,0
-0.1034,0,0
-0.103,0,0
-0.1026,0,0
-0.1022,0,0
-0.1018,0,0
-0.1014,0,0
-0.101,0,0
-0.1006,0,0
-0.1002,0,0
-0.0998,0,0
-0.0994,0,0
-0.099,0,0
-0.0986,0,0
-0.0982,0.00370839,0.00371536
-0.0978,0,0
-0.0974,0,0
-0.097,0,0
-0.0966,0,0
-0.0962,0,0
-0.0958,0,0
-0.0954,0,0
-0.095,0,0
-0.0946,0,0
-0.0942,0,0
-0.0938,0,0
-0.0934,0,0
-0.093,0.0037073,0.00371431
-0.0926,0,0
-0.0922,0.00381822,0.00382567
-0.0918,0,0
-0.0914,0,0
-0.091,0,0
-0.0906,0,0
-0.0902,0,0
-0.0898,0,0
-0.0894,0,0
-0.089,0,0
-0.0886,0,0
-0.0882,0,0
-0.0878,0,0
-0.0874,0.00385307,0.0038607
-0.087,0,0
-0.0866,0,0
-0.0862,0,0
-0.0858,0,0
-0.0854,0,0
-0.085,0,0
-0.0846,0,0
-0.0842,0.00347871,0.00348495
-0.0838,0,0
-0.0834,0,0
-0.083,0,0
-0.0826,0,0
-0.0822,0,0
-0.0818,0,0
-0.0814,0,0
-0.081,0,0
-0.0806,0,0
-0.0802,0,0
-0.0798,0,0
-0.0794,0,0
-0.079,0,0
-0.0786,0,0
-0.0782,0,0
-0.0778,0,0
-0.0774,0,0
-0.077,0,0
-0.0766,0.00710091,0.00503052
-0.0762,0.00341756,0.00342363
-0.0758,0,0
-0.0754,0,0
-0.075,0,0
-0.0746,0,0
-0.0742,0,0
-0.0738,0,0
-0.0734,0.00792488,0.00561531
-0.073,0,0
-0.0726,0,0
-0.0722,0,0
-0.0718,0,0
-0.0714,0,0
-0.071,0,0
-0.0706,0,0
-0.0702,0,0
-0.0698,0,0
-0.0694,0,0
-0.069,0.00357092,0.00357759
-0.0686,0.00289993,0.00322336
-0.0682,0,0
-0.0678,0,0
-0.0674,0,0
-0.067,0.00332924,0.00333505
-0.0666,0.00367493,0.00368202
-0.0662,0.00734723,0.0052053
-0.0658,0.00330965,0.0033154
-0.0654,0,0
-0.065,0,0
-0.0646,0,0
-0.0642,0.00375449,0.00376189
-0.0638,0,0
-0.0634,0,0
-0.063,0,0
-0.0626,0,0
-0.0622,0.00358809,0.00359486
-0.0618,0,0
-0.0614,0,0
-0.061,0,0
-0.0606,0,0
-0.0602,0.00713974,0.00506023
-0.0598,0,0
-0.0594,0,0
-0.059,0,0
-0.0586,0.00366436,0.00367144
-0.0582,0,0
-0.0578,0,0
-0.0574,0,0
-0.057,0,0
-0.0566,0.00350311,0.0035096
-0.0562,0,0
-0.0558,0,0
-0.0554,0,0
-0.055,0,0
-0.0546,0.00347004,0.00347641
-0.0542,0,0
-0.0538,0.00679482,0.00481331
-0.0534,0,0
-0.053,0,0
-0.0526,0,0
-0.0522,0,0
-0.0518,0,0
-0.0514,0,0
-0.051,0,0
-0.0506,0,0
-0.0502,0,0
-0.0498,0.00342723,0.00343346
-0.0494,0.00323519,0.00324074
-0.049,0,0
-0.0486,0,0
-0.0482,0.00694178,0.00491852
-0.0478,0,0
-0.0474,0,0
-0.047,0,0
-0.0466,0,0
-0.0462,0,0
-0.0458,0.00376161,0.00376914
-0.0454,0.00334023,0.00334617
-0.045,0,0
-0.0446,0,0
-0.0442,0.00347632,0.00348277
-0.0438,0,0
-0.0434,0,0
-0.043,0,0
-0.0426,0.000432094,0.00121099
-0.0422,0,0
-0.0418,0.0068455,0.00485504
-0.0414,0.00336918,0.00337525
-0.041,0,0
-0.0406,0,0
-0.0402,0,0
-0.0398,0.00405668,0.00368959
-0.0394,0.00370281,0.00371015
-0.039,0,0
-0.0386,0,0
-0.0382,0,0
-0.0378,0.00353055,0.00353724
-0.0374,0.00352909,0.00353578
-0.037,0,0
-0.0366,0.00323254,0.00323816
-0.0362,0,0
-0.0358,0.00349895,0.00350553
-0.0354,0,0
-0.035,0,0
-0.0346,0.00671765,0.00475989
-0.0342,0.00656462,0.0046501
-0.0338,0.00350976,0.00351639
-0.0334,0.00541576,0.00419547
-0.033,0.00321071,0.00321627
-0.0326,0.00643969,0.00456149
-0.0322,0.0037035,0.00371091
-0.0318,0.0033043,0.0033102
-0.0314,0,0
-0.031,0.00337627,0.00338243
-0.0306,0,0
-0.0302,0.00322632,0.00323195
-0.0298,0,0
-0.0294,0,0
-0.029,0,0
-0.0286,0.00337235,0.00337852
-0.0282,0,0
-0.0278,0,0
-0.0274,0,0
-0.027,0,0
-0.0266,0,0
-0.0262,0,0
-0.0258,0,0
-0.0254,0,0
-0.025,0.00622402,0.00440851
-0.0246,0.00637273,0.00451403
-0.0242,0.00326929,0.00327511
-0.0238,0.00332902,0.00333506
-0.0234,0.00330162,0.00330756
-0.023,0.00662585,0.00469366
-0.0226,0,0
-0.0222,0,0
-0.0218,0.00616284,0.00436513
-0.0214,0,0
-0.021,0.00653312,0.00462835
-0.0206,0,0
-0.0202,0.00648766,0.00459563
-0.0198,0,0
-0.0194,0.00348903,0.0034957
-0.019,0,0
-0.0186,0,0
-0.0182,0.00330256,0.00330855
-0.0178,0.00363531,0.00364256
-0.0174,0,0
-0.017,0.00335026,0.00335643
-0.0166,0.00662308,0.00469206
-0.0162,0,0
-0.0158,0,0
-0.0154,0,0
-0.015,0,0
-0.0146,0,0
-0.0142,0.00333184,0.00333796
-0.0138,0,0
-0.0134,0.00373634,0.00374405
-0.013,0,0
-0.0126,0,0
-0.0122,0.00644108,0.00456265
-0.0118,0.00327893,0.00328488
-0.0114,0.00598772,0.00424098
-0.011,0.003121,0.0031264
-0.0106,0,0
-0.0102,0.00331998,0.00332609
-0.0098,0,0
-0.0094,0,0
-0.009,0,0
-0.0086,0.0070713,0.00501282
-0.0082,0.0183034,0.00820222
-0.0078,0.0101565,0.00587814
-0.0074,0.0323996,0.0102645
-0.007,0.0132257,0.0066255
-0.0066,0.00435159,0.00396548
-0.0062,0.0194913,0.00797255
-0.0058,0.0166314,0.00745233
-0.0054,0.00991382,0.00573698
-0.005,0.00664785,0.00470948
-0.0046,0.0220448,0.00849748
-0.0042,0.0303779,0.0101496
-0.0038,0.0219177,0.00896622
-0.0034,0.0506395,0.0132166
-0.003,0.0534731,0.0133987
-0.0026,0.0551023,0.0133928
-0.0022,0.123442,0.0203309
-0.0018,0.194484,0.0250018
-0.0014,0.462535,0.0383017
-0.001,0.580699,0.0432098
-0.0006,0.761537,0.0497344
-0.0002,0.900695,0.0539542
0.0002,0.850445,0.0541782
0.0006,0.664143,0.0485962
0.001,0.421995,0.0382429
0.0014,0.273943,0.0301655
0.0018,0.110076,0.0188994
0.0022,0.0581952,0.0133741
0.0026,0.0357099,0.0106048
0.003,0.0322897,0.0102298
0.0034,0.0563455,0.0136929
0.0038,0.0488159,0.012943
0.0042,0.010594,0.00612866
0.0046,0.0165445,0.0074131
0.005,0.0065642,0.0046502
0.0054,0.0149214,0.00703027
0.0058,0.00922223,0.00559201
0.0062,0.0219681,0.00831852
0.0066,0.0211485,0.00823656
0.007,0.0318154,0.0103018
0.0074,0.0199612,0.0081658
0.0078,0.012833,0.00643086
0.0082,0.0195863,0.00801545
0.0086,0.00629761,0.00446141
0.009,0.00653621,0.00463176
0.0094,0.00334673,0.00335308
0.0098,0,0
0.0102,0,0
0.0106,0,0
0.011,0,0
0.0114,0.00327652,0.00328262
0.0118,0.00333271,0.00333902
0.0122,0.0033451,0.00335147
0.0126,0,0
0.013,0,0
0.0134,0.00302587,0.00303108
0.0138,0.00326805,0.00327413
0.0142,0.00350963,0.00351665
0.0146,0.00350846,0.00351547
0.015,0,0
0.0154,0.00679852,0.0048166
0.0158,0.00629237,0.00445986
0.0162,0.00325009,0.00325612
0.0166,0.00314484,0.00315049
0.017,0.00336212,0.00336857
0.0174,0,0
0.0178,0,0
0.0182,0,0
0.0186,0,0
0.019,0,0
0.0194,0,0
0.0198,0,0
0.0202,0,0
0.0206,0.0094282,0.0054649
0.021,0,0
0.0214,0,0
0.0218,0,0
0.0222,0,0
0.0226,0.00313778,0.00314342
0.023,0,0
0.0234,0.00309181,0.00320572
0.0238,0.00641755,0.00454854
0.0242,0.00639423,0.00452971
0.0246,0,0
0.025,0,0
0.0254,0.00304695,0.00305228
0.0258,0,0
0.0262,0,0
0.0266,0,0
0.027,0.00661349,0.00469058
0.0274,0.00692358,0.00490546
0.0278,0,0
0.0282,0,0
0.0286,0,0
0.029,0,0
0.0294,0.00331535,0.00332168
0.0298,0,0
0.0302,0.00188477,0.00243197
0.0306,0.00307917,0.00308463
0.031,0,0
0.0314,0,0
0.0318,0.0030561,0.00306148
0.0322,0,0
0.0326,0,0
0.033,0,0
0.0334,0,0
0.0338,0,0
0.0342,0,0
0.0346,0.00319596,0.00320186
0.035,0.00311521,0.00312081
0.0354,0.00302881,0.00303411
0.0358,0,0
0.0362,0,0
0.0366,0.00314777,0.0031535
0.037,0,0
0.0374,0,0
0.0378,0,0
0.0382,0.00279681,0.00280133
0.0386,0,0
0.039,0.00313412,0.00313981
0.0394,0.00330792,0.00331426
0.0398,0,0
0.0402,0,0
0.0406,0,0
0.041,0.00319807,0.003204
0.0414,0.00319751,0.00320344
0.0418,0,0
0.0422,0.0029055,0.00291039
0.0426,0,0
0.043,0,0
0.0434,0,0
0.0438,0,0
0.0442,0.00328082,0.00328706
0.0446,0.00316696,0.00317278
0.045,0.00614555,0.00435331
0.0454,0,0
0.0458,0.00326674,0.00327293
0.0462,0,0
0.0466,0,0
0.047,0.00339128,0.00339796
0.0474,0,0
0.0478,0,0
0.0482,0,0
0.0486,0,0
0.049,0.00295865,0.00296374
0.0494,0,0
0.0498,0,0
0.0502,0.00305283,0.00305825
0.0506,0,0
0.051,0.00600145,0.00425141
0.0514,0.00573889,0.0040648
0.0518,0.00286871,0.00287351
0.0522,0.00606002,0.00429265
0.0526,0,0
0.053,0,0
0.0534,0,0
0.0538,0,0
0.0542,0,0
0.0546,0,0
0.055,0,0
0.0554,0.00590414,0.00418206
0.0558,0,0
0.0562,0,0
0.0566,0.00598563,0.00423989
0.057,0,0
0.0574,0,0
0.0578,0.00291179,0.00291675
0.0582,0,0
0.0586,0.00884982,0.00511828
0.059,0.00604753,0.00428382
0.0594,0.00295737,0.00296249
0.0598,0,0
0.0602,0.00602924,0.00427086
0.0606,0,0
0.061,0,0
0.0614,0,0
0.0618,0,0
0.0622,0,0
0.0626,0.00316055,0.00316642
0.063,0,0
0.0634,0,0
0.0638,0.00293231,0.00293737
0.0642,0,0
0.0646,0.0031337,0.00313948
0.065,0.000865967,0.00165034
0.0654,0.00306931,0.00307486
0.0658,0.00297526,0.00298048
0.0662,0.00315257,0.00315842
0.0666,0,0
0.067,0,0
0.0674,0,0
0.0678,0,0
0.0682,0,0
0.0686,0,0
0.069,0.00942936,0.00545416
0.0694,0.0062267,0.00441123
0.0698,0,0
0.0702,0,0
0.0706,0.00314667,0.00315253
0.071,0.00330559,0.00331206
0.0714,0.00311546,0.00312121
0.0718,0,0
0.0722,0.00320886,0.00321497
0.0726,0.00313747,0.0031433
0.073,0,0
0.0734,0.00282141,0.00282613
0.0738,0,0
0.0742,0,0
0.0746,0,0
0.075,0.00289357,0.00289854
0.0754,0,0
0.0758,0,0
0.0762,0.00621083,0.00439984
0.0766,0,0
0.077,0.003016,0.00302142
0.0774,0,0
0.0778,0,0
0.0782,0,0
0.0786,0,0
0.079,0.00627708,0.00444851
0.0794,0.00288828,0.00289327
0.0798,0,0
0.0802,0,0
0.0806,0,0
0.081,0.00317131,0.00317732
0.0814,0,0
0.0818,0.00305841,0.00306402
0.0822,0,0
0.0826,0,0
0.083,0.00308264,0.00308833
0.0834,0.00308134,0.00308703
0.0838,0,0
0.0842,0.00272979,0.00273426
0.0846,0,0
0.085,0,0
0.0854,0,0
0.0858,0,0
0.0862,0,0
0.0866,0,0
0.087,0.00288295,0.00288795
0.0874,0,0
0.0878,0.00286614,0.00287109
0.0882,0,0
0.0886,0,0
0.089,0,0
0.0894,0,0
0.0898,0.00636503,0.00450941
0.0902,0.00934381,0.00540482
0.0906,0,0
0.091,0,0
0.0914,0,0
0.0918,0.00282838,0.00283321
0.0922,0,0
0.0926,0,0
0.093,0,0
0.0934,0,0
0.0938,0.00307112,0.00307683
0.0942,0,0
0.0946,0,0
0.095,0,0
0.0954,0,0
0.0958,0,0
0.0962,0,0
0.0966,0,0
0.097,0,0
0.0974,0,0
0.0978,0,0
0.0982,0,0
0.0986,0,0
0.099,0,0
0.0994,0,0
0.0998,0,0
0.1002,0,0
0.1006,0.00345437,0.0034616
0.101,0,0
0.1014,0,0
0.1018,0,0
0.1022,0.00316346,0.00316952
0.1026,0,0
0.103,0,0
0.1034,0.00363028,0.00363827
0.1038,0,0
0.1042,0,0
0.1046,0.00366923,0.0036774
0.105,0.00366876,0.00367692
0.1054,0.00379578,0.00380452
0.1058,0,0
0.1062,0.00367522,0.00368341
0.1066,0.00369935,0.00370765
0.107,0,0
0.1074,0,0
0.1078,0,0
0.1082,0.00766594,0.00543347
0.1086,0.00379794,0.00380669
0.109,0,0
0.1094,0,0
0.1098,0,0
0.1102,0,0
0.1106,0.00418368,0.00419431
0.111,0.00479933,0.00481331
0.1114,0,0
0.1118,0,0
0.1122,0,0
0.1126,0,0
0.113,0.00444058,0.00445255
0.1134,0.00419315,0.00420383
0.1138,0,0
0.1142,0.00445686,0.00446892
0.1146,0,0
0.115,0,0
0.1154,0.00497306,0.00498808
0.1158,0,0
0.1162,0,0
0.1166,0,0
0.117,0,0
0.1174,0.00474493,0.00475861
0.1178,0.00472626,0.00473984
0.1182,0,0
0.1186,0.00477643,0.0047903
0.119,0,0
0.1194,0.00453109,0.00454358
0.1198,0,0
