# X , Y , E Distribution=true
1
-0.1198,0,0
-0.1194,0,0
-0.119,0,0
-0.1186,0,0
-0.1182,0,0
-0.1178,0,0
-0.1174,0,0
-0.117,0,0
-0.1166,0,0
-0.1162,0,0
-0.1158,0,0
-0.1154,0,0
-0.115,0.000302538,0.00198398
-0.1146,0,0
-0.1142,0,0
-0.1138,0,0
-0.1134,0,0
-0.113,0,0
-0.1126,0,0
-0.1122,0,0
-0.1118,0,0
-0.1114,0,0
-0.111,0,0
-0.1106,0,0
-0.1102,0,0
-0.1098,0,0
-0.1094,0,0
-0.109,0,0
-0.1086,0,0
-0.1082,0,0
-0.1078,0,0
-0.1074,0,0
-0.107,0,0
-0.1066,0,0
-0.1062,0.0118648,0.0118858
-0.1058,0,0
-0.1054,0,0
-0.105,0,0
-0.1046,0,0
-0.1042,0,0
-0.1038,0,0
-0.1034,0,0
-0.103,0,0
-0.1026,0,0
-0.1022,0,0
-0.1018,0,0
-0.1014,0,0
-0.101,0,0
-0.1006,0,0
-0.1002,0,0
-0.0998,0,0
-0.0994,0,0
-0.099,0,0
-0.0986,0,0
-0.0982,0,0
-0.0978,0,0
-0.0974,0,0
-0.097,0,0
-0.0966,0,0
-0.0962,0,0
-0.0958,0,0
-0.0954,0,0
-0.095,0,0
-0.0946,0.013035,0.0130602
-0.0942,0,0
-0.0938,0,0
-0.0934,0,0
-0.093,0,0
-0.0926,0,0
-0.0922,0,0
-0.0918,0,0
-0.0914,0,0
-0.091,0,0
-0.0906,0,0
-0.0902,0,0
-0.0898,0,0
-0.0894,0,0
-0.089,0,0
-0.0886,0,0
-0.0882,0,0
-0.0878,0,0
-0.0874,0,0
-0.087,0,0
-0.0866,0,0
-0.0862,0,0
-0.0858,0,0
-0.0854,0,0
-0.085,0,0
-0.0846,0.0124325,0.0124553
-0.0842,0,0
-0.0838,0,0
-0.0834,0,0
-0.083,0,0
-0.0826,0,0
-0.0822,0,0
-0.0818,0,0
-0.0814,0,0
-0.081,0,0
-0.0806,0,0
-0.0802,0,0
-0.0798,0,0
-0.0794,0,0
-0.079,0,0
-0.0786,0,0
-0.0782,0,0
-0.0778,0,0
-0.0774,0,0
-0.077,0,0
-0.0766,0,0
-0.0762,0,0
-0.0758,0,0
-0.0754,0,0
-0.075,0,0
-0.0746,0,0
-0.0742,0,0
-0.0738,0.0124927,0.0125157
-0.0734,0.0128446,0.0128688
-0.073,0.00421376,0.00738674
-0.0726,0,0
-0.0722,0,0
-0.0718,0,0
-0.0714,0,0
-0.071,0,0
-0.0706,0,0
-0.0702,0,0
-0.0698,0,0
-0.0694,0,0
-0.069,0,0
-0.0686,0,0
-0.0682,0,0
-0.0678,0.0113717,0.0113906
-0.0674,0,0
-0.067,0,0
-0.0666,0,0
-0.0662,0.0136059,0.013633
-0.0658,0,0
-0.0654,0.0131139,0.0131391
-0.065,0,0
-0.0646,0.0130149,0.0130397
-0.0642,0,0
-0.0638,0,0
-0.0634,0,0
-0.063,0,0
-0.0626,0,0
-0.0622,0.0128328,0.0128569
-0.0618,0,0
-0.0614,0,0
-0.061,0,0
-0.0606,0,0
-0.0602,0,0
-0.0598,0,0
-0.0594,0,0
-0.059,0.00161286,0.00455718
-0.0586,0,0
-0.0582,0,0
-0.0578,0,0
-0.0574,0,0
-0.057,0,0
-0.0566,0,0
-0.0562,0,0
-0.0558,0,0
-0.0554,0,0
-0.055,0,0
-0.0546,0,0
-0.0542,0,0
-0.0538,0,0
-0.0534,0,0
-0.053,0,0
-0.0526,0,0
-0.0522,0.0128388,0.0128628
-0.0518,0.0101904,0.0119178
-0.0514,0,0
-0.051,0,0
-0.0506,0,0
-0.0502,0,0
-0.0498,0,0
-0.0494,0,0
-0.049,0,0
-0.0486,0,0
-0.0482,0,0
-0.0478,0,0
-0.0474,0,0
-0.047,0,0
-0.0466,0,0
-0.0462,0,0
-0.0458,0,0
-0.0454,0,0
-0.045,0,0
-0.0446,0,0
-0.0442,0,0
-0.0438,0,0
-0.0434,0,0
-0.043,0,0
-0.0426,0,0
-0.0422,0.0123236,0.0123456
-0.0418,0,0
-0.0414,0,0
-0.041,0,0
-0.0406,0,0
-0.0402,0,0
-0.0398,0,0
-0.0394,0,0
-0.039,0,0
-0.0386,0,0
-0.0382,0,0
-0.0378,0,0
-0.0374,0,0
-0.037,0,0
-0.0366,0,0
-0.0362,0,0
-0.0358,0,0
-0.0354,0,0
-0.035,0,0
-0.0346,0,0
-0.0342,0,0
-0.0338,0,0
-0.0334,0,0
-0.033,0.0132865,0.013312
-0.0326,0,0
-0.0322,0,0
-0.0318,0,0
-0.0314,0,0
-0.031,0,0
-0.0306,0,0
-0.0302,0,0
-0.0298,0,0
-0.0294,0,0
-0.029,0,0
-0.0286,0,0
-0.0282,0,0
-0.0278,0,0
-0.0274,0,0
-0.027,0,0
-0.0266,0,0
-0.0262,0.0150577,0.0150903
-0.0258,0,0
-0.0254,0,0
-0.025,0.0120815,0.0121025
-0.0246,0,0
-0.0242,0.0256187,0.0181491
-0.0238,0,0
-0.0234,0,0
-0.023,0,0
-0.0226,0,0
-0.0222,0,0
-0.0218,0,0
-0.0214,0,0
-0.021,0.0116867,0.0117063
-0.0206,0,0
-0.0202,0,0
-0.0198,0,0
-0.0194,0,0
-0.019,0,0
-0.0186,0,0
-0.0182,0,0
-0.0178,0,0
-0.0174,0,0
-0.017,0,0
-0.0166,0.0117249,0.0121897
-0.0162,0,0
-0.0158,0,0
-0.0154,0,0
-0.015,0,0
-0.0146,0,0
-0.0142,0,0
-0.0138,0,0
-0.0134,0,0
-0.013,0,0
-0.0126,0,0
-0.0122,0,0
-0.0118,0,0
-0.0114,0,0
-0.011,0,0
-0.0106,0,0
-0.0102,0,0
-0.0098,0,0
-0.0094,0,0
-0.009,0,0
-0.0086,0,0
-0.0082,0.0128112,0.0128346
-0.0078,0,0
-0.0074,0.026735,0.0189564
-0.007,0,0
-0.0066,0,0
-0.0062,0.0130433,0.0130676
-0.0058,0,0
-0.0054,0.0370853,0.0214528
-0.005,0.0121088,0.0121297
-0.0046,0.050837,0.0254648
-0.0042,0.0145654,0.0145956
-0.0038,0.121492,0.0405782
-0.0034,0.0725834,0.0311437
-0.003,0.285039,0.0612365
-0.0026,0.305481,0.0652383
-0.0022,0.695074,0.0938943
-0.0018,1.49589,0.140653
-0.0014,2.45152,0.168572
-0.001,3.5886,0.208467
-0.0006,4.94573,0.253244
-0.0002,5.93915,0.27925
0.0002,4.78333,0.248034
0.0006,3.84267,0.217046
0.001,2.26388,0.168589
0.0014,1.36807,0.130435
0.0018,0.689073,0.0943218
0.0022,0.283737,0.0602609
0.0026,0.0687844,0.0299149
0.003,0.0524929,0.0263195
0.0034,0,0
0.0038,0,0
0.0042,0,0
0.0046,0.0367833,0.0212793
0.005,0.0129368,0.0129605
0.0054,0,0
0.0058,0,0
0.0062,0,0
0.0066,0.0142528,0.0142815
0.007,0.0125631,0.0125855
0.0074,0.0125653,0.0125877
0.0078,0,0
0.0082,0.00859501,0.0102802
0.0086,0,0
0.009,0.0133377,0.0133628
0.0094,0,0
0.0098,0,0
0.0102,0.0121791,0.0122001
0.0106,0.0125303,0.0125525
0.011,0.0121924,0.0122134
0.0114,0.0127237,0.0127466
0.0118,0,0
0.0122,0,0
0.0126,0,0
0.013,0,0
0.0134,0,0
0.0138,0.00676893,0.00937056
0.0142,0,0
0.0146,0,0
0.015,0,0
0.0154,0.0130376,0.0130615
0.0158,0,0
0.0162,0.0133611,0.0133863
0.0166,0,0
0.017,0,0
0.0174,0,0
0.0178,0,0
0.0182,0,0
0.0186,0,0
0.019,0,0
0.0194,0,0
0.0198,0,0
0.0202,0,0
0.0206,0,0
0.021,0,0
0.0214,0,0
0.0218,0,0
0.0222,0,0
0.0226,0,0
0.023,0,0
0.0234,0,0
0.0238,0,0
0.0242,0,0
0.0246,0.0135782,0.0136041
0.025,0,0
0.0254,0,0
0.0258,0,0
0.0262,0,0
0.0266,0.0132602,0.0132848
0.027,0,0
0.0274,0,0
0.0278,0,0
0.0282,0.0202734,0.0157905
0.0286,0,0
0.029,0,0
0.0294,0,0
0.0298,0.0134562,0.0134815
0.0302,0,0
0.0306,0,0
0.031,0,0
0.0314,0.012659,0.0126814
0.0318,0.0126616,0.0126839
0.0322,0.0258023,0.018278
0.0326,0,0
0.033,0,0
0.0334,0,0
0.0338,0,0
0.0342,0,0
0.0346,0,0
0.035,0.0141226,0.0141504
0.0354,0,0
0.0358,0.0252252,0.0178683
0.0362,0,0
0.0366,0.0128754,0.0128985
0.037,0,0
0.0374,0,0
0.0378,0.0138931,0.0139199
0.0382,0,0
0.0386,0,0
0.039,0,0
0.0394,0,0
0.0398,0.0131661,0.0131902
0.0402,0.0126027,0.0126247
0.0406,0,0
0.041,0,0
0.0414,0,0
0.0418,0,0
0.0422,0,0
0.0426,0,0
0.043,0,0
0.0434,0,0
0.0438,0,0
0.0442,0.0137599,0.0137862
0.0446,0,0
0.045,0,0
0.0454,0,0
0.0458,0,0
0.0462,0.00866306,0.010756
0.0466,0,0
0.047,0,0
0.0474,0,0
0.0478,0,0
0.0482,0,0
0.0486,0,0
0.049,0,0
0.0494,0,0
0.0498,0,0
0.0502,0,0
0.0506,0.025642,0.0181644
0.051,0,0
0.0514,0,0
0.0518,0,0
0.0522,0.00301336,0.00652428
0.0526,0,0
0.053,0,0
0.0534,0,0
0.0538,0,0
0.0542,0,0
0.0546,0,0
0.055,0,0
0.0554,0.0131571,0.013181
0.0558,0,0
0.0562,0,0
0.0566,0,0
0.057,0,0
0.0574,0,0
0.0578,0,0
0.0582,0,0
0.0586,0,0
0.059,0,0
0.0594,0,0
0.0598,0,0
0.0602,0,0
0.0606,0,0
0.061,0,0
0.0614,0,0
0.0618,0,0
0.0622,0.00254807,0.00588315
0.0626,0,0
0.063,0,0
0.0634,0,0
0.0638,0,0
0.0642,0,0
0.0646,0,0
0.065,0,0
0.0654,0,0
0.0658,0,0
0.0662,0,0
0.0666,0,0
0.067,0,0
0.0674,0,0
0.0678,0,0
0.0682,0,0
0.0686,0,0
0.069,0,0
0.0694,0,0
0.0698,0,0
0.0702,0,0
0.0706,0,0
0.071,0,0
0.0714,0,0
0.0718,0,0
0.0722,0,0
0.0726,0,0
0.073,0,0
0.0734,0,0
0.0738,0,0
0.0742,0,0
0.0746,0,0
0.075,0,0
0.0754,0,0
0.0758,0,0
0.0762,0,0
0.0766,0,0
0.077,0,0
0.0774,0,0
0.0778,0,0
0.0782,0,0
0.0786,0,0
0.079,0,0
0.0794,0,0
0.0798,0.0128105,0.0128328
0.0802,0,0
0.0806,0,0
0.081,0,0
0.0814,0,0
0.0818,0.0121158,0.0121358
0.0822,0,0
0.0826,0,0
0.083,0,0
0.0834,0,0
0.0838,0.0128496,0.012872
0.0842,0,0
0.0846,0,0
0.085,0,0
0.0854,0.0114895,0.0115075
0.0858,0,0
0.0862,0,0
0.0866,0.0126683,0.01269
0.087,0,0
0.0874,0,0
0.0878,0.0136098,0.0136349
0.0882,0.0080816,0.0107818
0.0886,0.000672391,0.00321421
0.089,0,0
0.0894,0,0
0.0898,0,0
0.0902,0,0
0.0906,0,0
0.091,0,0
0.0914,0,0
0.0918,0,0
0.0922,0,0
0.0926,0,0
0.093,0.00213356,0.00545183
0.0934,0,0
0.0938,0,0
0.0942,0,0
0.0946,0.0139178,0.013944
0.095,0,0
0.0954,0,0
0.0958,0,0
0.0962,0,0
0.0966,0,0
0.097,0,0
0.0974,0,0
0.0978,0,0
0.0982,0,0
0.0986,0,0
0.099,0,0
0.0994,0.00255879,0.00620387
0.0998,0,0
0.1002,0,0
0.1006,0,0
0.101,0,0
0.1014,0,0
0.1018,0.0155203,0.0155527
0.1022,0,0
0.1026,0,0
0.103,0,0
0.1034,0,0
0.1038,0,0
0.1042,0.0160208,0.0160553
0.1046,0,0
0.105,0,0
0.1054,0,0
0.1058,0.011591,0.0136003
0.1062,0,0
0.1066,0,0
0.107,0.0167629,0.0168006
0.1074,0,0
0.1078,0,0
0.1082,0,0
0.1086,0,0
0.109,0,0
0.1094,0,0
0.1098,0,0
0.1102,0,0
0.1106,0,0
0.111,0,0
0.1114,0,0
0.1118,0,0
0.1122,0,0
0.1126,0,0
0.113,0,0
0.1134,0,0
0.1138,0,0
0.1142,0,0
0.1146,0,0
0.115,0,0
0.1154,0,0
0.1158,0,0
0.1162,0,0
0.1166,0,0
0.117,0,0
0.1174,0,0
0.1178,0,0
0.1182,0,0
0.1186,0,0
0.119,0.022446,0.022513
0.1194,0,0
0.1198,0,0
2
-0.1198,0,0
-0.1194,0,0
-0.119,0,0
-0.1186,0,0
-0.1182,0,0
-0.1178,0,0
-0.1174,0,0
-0.117,0,0
-0.1166,0,0
-0.1162,0,0
-0.1158,0,0
-0.1154,0.00572282,0.0057333
-0.115,0.00591811,0.00600003
-0.1146,0,0
-0.1142,0,0
-0.1138,0,0
-0.1134,0,0
-0.113,0,0
-0.1126,0,0
-0.1122,0,0
-0.1118,0,0
-0.1114,0,0
-0.111,0,0
-0.1106,0,0
-0.1102,0,0
-0.1098,0,0
-0.1094,0,0
-0.109,0,0
-0.1086,0,0
-0.1082,0,0
-0.1078,0,0
-0.1074,0,0
-0.107,0,0
-0.1066,0,0
-0.1062,0,0
-0.1058,0,0
-0.1054,0,0
-0.105,0.00544634,0.00545581
-0.1046,0,0
-0.1042,0,0
-0.1038,0,0
-0.1034,0,0
-0.103,0,0
-0.1026,0,0
-0.1022,0,0
-0.1018,0,0
-0.1014,0,0
-0.101,0,0
-0.1006,0,0
-0.1002,0,0
-0.0998,0,0
-0.0994,0,0
-0.099,0,0
-0.0986,0,0
-0.0982,0,0
-0.0978,0,0
-0.0974,0,0
-0.097,0,0
-0.0966,0.00593184,0.00594305
-0.0962,0,0
-0.0958,0.0116338,0.00824178
-0.0954,0,0
-0.095,0,0
-0.0946,0,0
-0.0942,0,0
-0.0938,0,0
-0.0934,0,0
-0.093,0,0
-0.0926,0,0
-0.0922,0,0
-0.0918,0,0
-0.0914,0.00603799,0.00604959
-0.091,0,0
-0.0906,0,0
-0.0902,0,0
-0.0898,0,0
-0.0894,0,0
-0.089,0,0
-0.0886,0,0
-0.0882,0,0
-0.0878,0,0
-0.0874,0,0
-0.087,0,0
-0.0866,0,0
-0.0862,0,0
-0.0858,0,0
-0.0854,0.00594865,0.00595989
-0.085,0,0
-0.0846,0,0
-0.0842,0.00611095,0.00612281
-0.0838,0,0
-0.0834,0,0
-0.083,0.00554,0.00554975
-0.0826,0.00562245,0.00563249
-0.0822,0,0
-0.0818,0,0
-0.0814,0,0
-0.081,0,0
-0.0806,0,0
-0.0802,0,0
-0.0798,0,0
-0.0794,0,0
-0.079,0.00594336,0.00595457
-0.0786,0,0
-0.0782,0,0
-0.0778,0,0
-0.0774,0,0
-0.077,0,0
-0.0766,0,0
-0.0762,0,0
-0.0758,0,0
-0.0754,0,0
-0.075,0,0
-0.0746,0,0
-0.0742,0,0
-0.0738,0,0
-0.0734,0,0
-0.073,0.00402156,0.00491013
-0.0726,0,0
-0.0722,0,0
-0.0718,0,0
-0.0714,0,0
-0.071,0.00590525,0.0059163
-0.0706,0,0
-0.0702,0,0
-0.0698,0,0
-0.0694,0,0
-0.069,0.0063238,0.00633646
-0.0686,0,0
-0.0682,0,0
-0.0678,0,0
-0.0674,0.0124531,0.00882307
-0.067,0,0
-0.0666,0.00631021,0.00632281
-0.0662,0,0
-0.0658,0.00605759,0.0060692
-0.0654,0.0060603,0.00607192
-0.065,0,0
-0.0646,0,0
-0.0642,0,0
-0.0638,0,0
-0.0634,0,0
-0.063,0,0
-0.0626,0,0
-0.0622,0,0
-0.0618,0,0
-0.0614,0,0
-0.061,0,0
-0.0606,0,0
-0.0602,0,0
-0.0598,0,0
-0.0594,0,0
-0.059,0.0107053,0.00783824
-0.0586,0,0
-0.0582,0,0
-0.0578,0,0
-0.0574,0,0
-0.057,0,0
-0.0566,0,0
-0.0562,0.00594291,0.00595406
-0.0558,0,0
-0.0554,0,0
-0.055,0,0
-0.0546,0.00600035,0.00601172
-0.0542,0.00602816,0.00603963
-0.0538,2.97564e-07,4.12793e-05
-0.0534,0,0
-0.053,0,0
-0.0526,0,0
-0.0522,0.0105925,0.00792975
-0.0518,0.00170037,0.00330399
-0.0514,0,0
-0.051,0,0
-0.0506,0,0
-0.0502,0.00598441,0.00599571
-0.0498,0,0
-0.0494,0,0
-0.049,0,0
-0.0486,0,0
-0.0482,0.00587182,0.00588269
-0.0478,0,0
-0.0474,0.0059148,0.00592582
-0.047,0,0
-0.0466,0,0
-0.0462,0,0
-0.0458,0,0
-0.0454,0,0
-0.045,0,0
-0.0446,0,0
-0.0442,0,0
-0.0438,0.00571878,0.00572908
-0.0434,0,0
-0.043,0,0
-0.0426,0,0
-0.0422,0,0
-0.0418,0.00586806,0.0058789
-0.0414,0,0
-0.041,0.0130649,0.00925731
-0.0406,0,0
-0.0402,0.00591236,0.00592336
-0.0398,0,0
-0.0394,0,0
-0.039,0,0
-0.0386,0,0
-0.0382,0,0
-0.0378,0,0
-0.0374,0,0
-0.037,0,0
-0.0366,0,0
-0.0362,0.00620891,0.00622102
-0.0358,0,0
-0.0354,0,0
-0.035,0,0
-0.0346,0.00545855,0.00546791
-0.0342,0,0
-0.0338,0,0
-0.0334,0.00641909,0.00643203
-0.033,0,0
-0.0326,0,0
-0.0322,0,0
-0.0318,0.00597053,0.00598173
-0.0314,0.00613904,0.00615087
-0.031,0.00628545,0.00629785
-0.0306,0,0
-0.0302,0,0
-0.0298,0,0
-0.0294,0,0
-0.029,0,0
-0.0286,0,0
-0.0282,0.00607077,0.00608233
-0.0278,0.00560424,0.00561409
-0.0274,0.00560464,0.0056145
-0.027,0,0
-0.0266,0,0
-0.0262,0,0
-0.0258,0,0
-0.0254,0.00253738,0.00375259
-0.025,0.00577849,0.00578896
-0.0246,0,0
-0.0242,0,0
-0.0238,0,0
-0.0234,0,0
-0.023,0.00610652,0.0061182
-0.0226,0,0
-0.0222,0,0
-0.0218,0.0113887,0.0080674
-0.0214,0,0
-0.021,0,0
-0.0206,0,0
-0.0202,0,0
-0.0198,0,0
-0.0194,0,0
-0.019,0,0
-0.0186,0,0
-0.0182,0,0
-0.0178,0.000880412,0.00226698
-0.0174,0.00554105,0.00555066
-0.017,0,0
-0.0166,0,0
-0.0162,0,0
-0.0158,0,0
-0.0154,0,0
-0.015,0,0
-0.0146,0,0
-0.0142,0.0115425,0.00817996
-0.0138,0,0
-0.0134,0,0
-0.013,0.00547827,0.00548765
-0.0126,0.0111478,0.00789645
-0.0122,0,0
-0.0118,0,0
-0.0114,0,0
-0.011,0,0
-0.0106,0,0
-0.0102,0,0
-0.0098,0,0
-0.0094,0.0058069,0.00581743
-0.009,0,0
-0.0086,0.00659733,0.00661092
-0.0082,0,0
-0.0078,0.0058394,0.00585005
-0.0074,0,0
-0.007,0,0
-0.0066,0.0121218,0.00858764
-0.0062,0,0
-0.0058,0.00206784,0.0034626
-0.0054,0.0113335,0.00802975
-0.005,0.0165833,0.00959101
-0.0046,0.0343369,0.0141215
-0.0042,0.0198917,0.0115083
-0.0038,0.0303679,0.0136073
-0.0034,0.0648884,0.01989
-0.003,0.0941679,0.0237308
-0.0026,0.115146,0.0272433
-0.0022,0.247647,0.0379274
-0.0018,0.380529,0.0480126
-0.0014,0.615325,0.0569585
-0.001,1.10947,0.0781337
-0.0006,1.80596,0.10304
-0.0002,2.08041,0.11128
0.0002,1.96007,0.106951
0.0006,1.49685,0.0912722
0.001,1.12602,0.0802127
0.0014,0.72406,0.0639697
0.0018,0.210419,0.0351316
0.0022,0.132509,0.0278376
0.0026,0.0636954,0.0192764
0.003,0.00607452,0.00580278
0.0034,0.0116033,0.00822903
0.0038,0.0243171,0.0121816
0.0042,0,0
0.0046,0.0057428,0.00575307
0.005,0,0
0.0054,0.00577784,0.00578823
0.0058,0.00585972,0.00587041
0.0062,0.00633525,0.00634775
0.0066,0.012671,0.00897742
0.007,0.00390599,0.00472703
0.0074,0.00612303,0.0061347
0.0078,0.00564474,0.00565466
0.0082,0.00165927,0.00304198
0.0086,0.00532314,0.00533196
0.009,0,0
0.0094,0.00598357,0.00599471
0.0098,0.00552012,0.0055296
0.0102,0,0
0.0106,0.00551232,0.00552177
0.011,0.0055246,0.0055341
0.0114,0.00576465,0.00577499
0.0118,0,0
0.0122,0,0
0.0126,0.00582346,0.005834
0.013,0,0
0.0134,0,0
0.0138,0.00863833,0.00712251
0.0142,0,0
0.0146,0,0
0.015,0,0
0.0154,0,0
0.0158,0.0119001,0.00843021
0.0162,0,0
0.0166,0,0
0.017,0,0
0.0174,0,0
0.0178,0,0
0.0182,0,0
0.0186,0.0061636,0.0061754
0.019,0,0
0.0194,0,0
0.0198,0,0
0.0202,0,0
0.0206,0,0
0.021,0,0
0.0214,0,0
0.0218,0,0
0.0222,0,0
0.0226,0,0
0.023,0.00596146,0.00597248
0.0234,0,0
0.0238,0,0
0.0242,0.00606744,0.00607886
0.0246,0,0
0.025,0.00601932,0.00603056
0.0254,0,0
0.0258,0,0
0.0262,0,0
0.0266,0,0
0.027,0,0
0.0274,0.00556743,0.00557704
0.0278,0,0
0.0282,0.00191057,0.00325398
0.0286,0,0
0.029,0,0
0.0294,0,0
0.0298,0.00606036,0.00607174
0.0302,0.00588005,0.00589076
0.0306,0,0
0.031,0,0
0.0314,0,0
0.0318,0,0
0.0322,0.00590811,0.00591892
0.0326,0.00590854,0.00591935
0.033,0,0
0.0334,0,0
0.0338,0,0
0.0342,0,0
0.0346,0,0
0.035,0,0
0.0354,0.0057162,0.00572632
0.0358,0,0
0.0362,0.00551523,0.00552464
0.0366,0,0
0.037,0,0
0.0374,0,0
0.0378,0,0
0.0382,0,0
0.0386,0.00582824,0.00583874
0.039,0.00609813,0.00610963
0.0394,0,0
0.0398,0,0
0.0402,0,0
0.0406,0,0
0.041,0,0
0.0414,0,0
0.0418,0,0
0.0422,0.00577014,0.00578043
0.0426,0,0
0.043,0,0
0.0434,0,0
0.0438,0,0
0.0442,0,0
0.0446,0,0
0.045,0,0
0.0454,0,0
0.0458,0,0
0.0462,0,0
0.0466,0,0
0.047,0,0
0.0474,0,0
0.0478,0,0
0.0482,0.00570946,0.00571952
0.0486,0.00571013,0.00572019
0.049,0.00640954,0.00642221
0.0494,0,0
0.0498,0,0
0.0502,0,0
0.0506,0.00569933,0.00570935
0.051,0.00578359,0.00579391
0.0514,0,0
0.0518,0,0
0.0522,0.00494962,0.00559429
0.0526,0.00649853,0.00651154
0.053,0,0
0.0534,0,0
0.0538,0,0
0.0542,0,0
0.0546,0,0
0.055,0.00589606,0.00590677
0.0554,0,0
0.0558,0,0
0.0562,0,0
0.0566,0,0
0.057,0,0
0.0574,0.00578561,0.00579592
0.0578,0,0
0.0582,0,0
0.0586,0,0
0.059,0,0
0.0594,0.00595307,0.00596397
0.0598,0,0
0.0602,0,0
0.0606,0,0
0.061,0,0
0.0614,0,0
0.0618,0,0
0.0622,0.00490327,0.00545243
0.0626,0,0
0.063,0,0
0.0634,0,0
0.0638,0,0
0.0642,0,0
0.0646,0,0
0.065,0,0
0.0654,0,0
0.0658,0,0
0.0662,0,0
0.0666,0.00542976,0.00543881
0.067,0.0053623,0.00537113
0.0674,0,0
0.0678,0,0
0.0682,0,0
0.0686,0,0
0.069,0,0
0.0694,0,0
0.0698,0,0
0.0702,0,0
0.0706,0,0
0.071,0,0
0.0714,0,0
0.0718,0,0
0.0722,0,0
0.0726,0,0
0.073,0,0
0.0734,0,0
0.0738,0,0
0.0742,0,0
0.0746,0,0
0.075,0,0
0.0754,0,0
0.0758,0,0
0.0762,0.00582964,0.00584006
0.0766,0,0
0.077,0,0
0.0774,0,0
0.0778,0,0
0.0782,0,0
0.0786,0,0
0.079,0,0
0.0794,0,0
0.0798,0.00567764,0.00568751
0.0802,0,0
0.0806,0,0
0.081,0.00553806,0.00554745
0.0814,0,0
0.0818,0,0
0.0822,0,0
0.0826,0,0
0.083,0,0
0.0834,0.00541817,0.00542715
0.0838,0,0
0.0842,0.00537399,0.00538283
0.0846,0,0
0.085,0,0
0.0854,0.00470198,0.00512898
0.0858,0,0
0.0862,0,0
0.0866,0,0
0.087,0,0
0.0874,0,0
0.0878,0,0
0.0882,0.00276739,0.00419933
0.0886,0.00648,0.00664097
0.089,0.00612238,0.00613384
0.0894,0,0
0.0898,0,0
0.0902,0,0
0.0906,0,0
0.091,0,0
0.0914,0,0
0.0918,0,0
0.0922,0,0
0.0926,0,0
0.093,0.00519595,0.00565877
0.0934,0,0
0.0938,0,0
0.0942,0,0
0.0946,0,0
0.095,0,0
0.0954,0,0
0.0958,0,0
0.0962,0,0
0.0966,0,0
0.097,0,0
0.0974,0.0056726,0.00568241
0.0978,0,0
0.0982,0,0
0.0986,0,0
0.099,0,0
0.0994,0.00548506,0.00603569
0.0998,0.00695736,0.00697211
0.1002,0.00695816,0.00697291
0.1006,0,0
0.101,0,0
0.1014,0,0
0.1018,0,0
0.1022,0,0
0.1026,0,0
0.103,0,0
0.1034,0,0
0.1038,0,0
0.1042,0,0
0.1046,0,0
0.105,0.00692204,0.00693661
0.1054,0,0
0.1058,0.00889958,0.00791222
0.1062,0,0
0.1066,0,0
0.107,0,0
0.1074,0,0
0.1078,0,0
0.1082,0,0
0.1086,0,0
0.109,0,0
0.1094,0,0
0.1098,0,0
0.1102,0,0
0.1106,0,0
0.111,0,0
0.1114,0,0
0.1118,0,0
0.1122,0,0
0.1126,0,0
0.113,0,0
0.1134,0,0
0.1138,0,0
0.1142,0.00800951,0.00802897
0.1146,0,0
0.115,0,0
0.1154,0,0
0.1158,0,0
0.1162,0,0
0.1166,0.00997421,0.0100044
0.117,0.0100113,0.0100416
0.1174,0,0
0.1178,0,0
0.1182,0,0
0.1186,0,0
0.119,0.00985775,0.00988718
0.1194,0.0118406,0.0118831
0.1198,0,0
3
-0.1198,0,0
-0.1194,0,0
-0.119,0,0
-0.1186,0,0
-0.1182,0,0
-0.1178,0,0
-0.1174,0,0
-0.117,0.00640997,0.00642259
-0.1166,0,0
-0.1162,0,0
-0.1158,0,0
-0.1154,0,0
-0.115,0,0
-0.1146,0,0
-0.1142,0,0
-0.1138,0,0
-0.1134,0,0
-0.113,0,0
-0.1126,0,0
-0.1122,0,0
-0.1118,0,0
-0.1114,0,0
-0.111,0,0
-0.1106,0,0
-0.1102,0,0
-0.1098,0,0
-0.1094,0,0
-0.109,0.00646903,0.00648185
-0.1086,0,0
-0.1082,0,0
-0.1078,0,0
-0.1074,0,0
-0.107,0,0
-0.1066,0,0
-0.1062,0,0
-0.1058,0,0
-0.1054,0,0
-0.105,0,0
-0.1046,0,0
-0.1042,0,0
-0.1038,0,0
-0.1034,0.00634951,0.00636182
-0.103,0,0
-0.1026,0,0
-0.1022,0,0
-0.1018,0,0
-0.1014,0,0
-0.101,0,0
-0.1006,0,0
-0.1002,0.00586105,0.00587153
-0.0998,0,0
-0.0994,0,0
-0.099,0,0
-0.0986,0,0
-0.0982,0,0
-0.0978,0,0
-0.0974,0,0
-0.097,0,0
-0.0966,0,0
-0.0962,0,0
-0.0958,0,0
-0.0954,0,0
-0.095,0,0
-0.0946,0,0
-0.0942,0,0
-0.0938,0,0
-0.0934,0,0
-0.093,0,0
-0.0926,0,0
-0.0922,0,0
-0.0918,0,0
-0.0914,0,0
-0.091,0,0
-0.0906,0,0
-0.0902,0,0
-0.0898,0,0
-0.0894,0,0
-0.089,0,0
-0.0886,0,0
-0.0882,0,0
-0.0878,0,0
-0.0874,0,0
-0.087,0,0
-0.0866,0,0
-0.0862,0,0
-0.0858,0,0
-0.0854,0,0
-0.085,0,0
-0.0846,0.00605048,0.00606158
-0.0842,0,0
-0.0838,0,0
-0.0834,0,0
-0.083,0,0
-0.0826,0,0
-0.0822,0,0
-0.0818,0,0
-0.0814,0.00620213,0.00621377
-0.081,0,0
-0.0806,0,0
-0.0802,0,0
-0.0798,0,0
-0.0794,0,0
-0.079,0,0
-0.0786,0.00358538,0.00453076
-0.0782,0,0
-0.0778,0.00600909,0.00602
-0.0774,0,0
-0.077,0,0
-0.0766,0.00428881,0.0051899
-0.0762,0,0
-0.0758,0,0
-0.0754,0,0
-0.075,0,0
-0.0746,0,0
-0.0742,0,0
-0.0738,0,0
-0.0734,0,0
-0.073,0,0
-0.0726,0,0
-0.0722,0.00253605,0.00402826
-0.0718,0,0
-0.0714,0,0
-0.071,0,0
-0.0706,0,0
-0.0702,0,0
-0.0698,0,0
-0.0694,0,0
-0.069,0.00180124,0.00336508
-0.0686,0,0
-0.0682,0,0
-0.0678,0,0
-0.0674,0,0
-0.067,0,0
-0.0666,0,0
-0.0662,0,0
-0.0658,0,0
-0.0654,0,0
-0.065,0,0
-0.0646,0,0
-0.0642,0,0
-0.0638,0,0
-0.0634,0,0
-0.063,0,0
-0.0626,0,0
-0.0622,0,0
-0.0618,0,0
-0.0614,0,0
-0.061,0,0
-0.0606,0,0
-0.0602,0,0
-0.0598,0,0
-0.0594,0,0
-0.059,0,0
-0.0586,0,0
-0.0582,0,0
-0.0578,0.00588598,0.00589635
-0.0574,0,0
-0.057,0,0
-0.0566,0,0
-0.0562,0,0
-0.0558,0,0
-0.0554,0,0
-0.055,0,0
-0.0546,0,0
-0.0542,0,0
-0.0538,0.00602986,0.00604087
-0.0534,0,0
-0.053,0,0
-0.0526,0,0
-0.0522,0.00130688,0.00286402
-0.0518,0,0
-0.0514,0,0
-0.051,0,0
-0.0506,0,0
-0.0502,0,0
-0.0498,0,0
-0.0494,0,0
-0.049,0,0
-0.0486,0,0
-0.0482,0,0
-0.0478,0,0
-0.0474,0,0
-0.047,0,0
-0.0466,0,0
-0.0462,0,0
-0.0458,0,0
-0.0454,0,0
-0.045,0,0
-0.0446,0,0
-0.0442,0,0
-0.0438,0,0
-0.0434,0,0
-0.043,0,0
-0.0426,0,0
-0.0422,0,0
-0.0418,0,0
-0.0414,0,0
-0.041,0,0
-0.0406,0,0
-0.0402,0,0
-0.0398,0,0
-0.0394,0,0
-0.039,0,0
-0.0386,0.00596548,0.00597603
-0.0382,0,0
-0.0378,0,0
-0.0374,0,0
-0.037,0,0
-0.0366,0,0
-0.0362,0,0
-0.0358,0,0
-0.0354,0,0
-0.035,0,0
-0.0346,0,0
-0.0342,0,0
-0.0338,0,0
-0.0334,0,0
-0.033,0,0
-0.0326,0.00646142,0.00647377
-0.0322,0,0
-0.0318,0,0
-0.0314,0,0
-0.031,0,0
-0.0306,0,0
-0.0302,0,0
-0.0298,0,0
-0.0294,0,0
-0.029,0,0
-0.0286,0,0
-0.0282,0,0
-0.0278,0,0
-0.0274,0,0
-0.027,0,0
-0.0266,0,0
-0.0262,0,0
-0.0258,0,0
-0.0254,0.00906781,0.00731686
-0.025,0,0
-0.0246,0,0
-0.0242,0,0
-0.0238,0.00475259,0.00556256
-0.0234,0,0
-0.023,0.00649943,0.00651187
-0.0226,0,0
-0.0222,0.00584647,0.00585653
-0.0218,0,0
-0.0214,0,0
-0.021,0,0
-0.0206,0,0
-0.0202,0,0
-0.0198,0,0
-0.0194,0,0
-0.019,0,0
-0.0186,0,0
-0.0182,0,0
-0.0178,0.00526023,0.00572053
-0.0174,0,0
-0.017,0,0
-0.0166,0,0
-0.0162,0.00639215,0.00640414
-0.0158,0.0060719,0.00608272
-0.0154,0,0
-0.015,0,0
-0.0146,0,0
-0.0142,0.00956962,0.00772475
-0.0138,0,0
-0.0134,0,0
-0.013,0,0
-0.0126,0,0
-0.0122,0,0
-0.0118,0,0
-0.0114,0.00591389,0.00592414
-0.011,0,0
-0.0106,0.00170387,0.00317399
-0.0102,0,0
-0.0098,0,0
-0.0094,0,0
-0.009,0,0
-0.0086,0,0
-0.0082,0,0
-0.0078,0,0
-0.0074,0.00750195,0.00711361
-0.007,0.00612935,0.00614033
-0.0066,0,0
-0.0062,0.00634758,0.00635935
-0.0058,0.00396329,0.00495503
-0.0054,0,0
-0.005,0.0177208,0.0102489
-0.0046,0.0248541,0.0123503
-0.0042,0,0
-0.0038,0.0129308,0.00916076
-0.0034,0.0280198,0.0135131
-0.003,0.0840231,0.0231232
-0.0026,0.12178,0.0290086
-0.0022,0.147534,0.0299405
-0.0018,0.270507,0.0419331
-0.0014,0.427527,0.0491047
-0.001,0.780615,0.0677323
-0.0006,1.13409,0.0844727
-0.0002,1.32253,0.0917355
0.0002,1.10962,0.0832014
0.0006,0.952881,0.0753264
0.001,0.689153,0.0646501
0.0014,0.256754,0.0393618
0.0018,0.163396,0.0320206
0.0022,0.103831,0.0254283
0.0026,0.0423387,0.016373
0.003,0.0183998,0.0108354
0.0034,0.00650718,0.0065195
0.0038,0.00650799,0.00652032
0.0042,0,0
0.0046,0.00586782,0.00587784
0.005,0.00628978,0.00630129
0.0054,0,0
0.0058,0,0
0.0062,0,0
0.0066,0,0
0.007,0.00192231,0.0034323
0.0074,0,0
0.0078,0,0
0.0082,0,0
0.0086,0.0123228,0.00872913
0.009,0.00616241,0.00617344
0.0094,0,0
0.0098,0,0
0.0102,0,0
0.0106,0,0
0.011,0.00592401,0.00593419
0.0114,0.00618186,0.00619294
0.0118,0,0
0.0122,0,0
0.0126,0,0
0.013,0,0
0.0134,0,0
0.0138,0,0
0.0142,0,0
0.0146,0,0
0.015,0,0
0.0154,0.00657322,0.00658573
0.0158,0,0
0.0162,0,0
0.0166,0,0
0.017,0,0
0.0174,0,0
0.0178,0,0
0.0182,0,0
0.0186,0.00695211,0.00696609
0.019,0,0
0.0194,0,0
0.0198,0,0
0.0202,0,0
0.0206,0,0
0.021,0.0061449,0.00615582
0.0214,0,0
0.0218,0,0
0.0222,0,0
0.0226,0,0
0.023,0,0
0.0234,0,0
0.0238,0.00640468,0.00641652
0.0242,0,0
0.0246,0,0
0.025,0,0
0.0254,0,0
0.0258,0,0
0.0262,0,0
0.0266,0,0
0.027,0,0
0.0274,0.00598668,0.00599701
0.0278,0,0
0.0282,0,0
0.0286,0,0
0.029,0,0
0.0294,0,0
0.0298,0,0
0.0302,0,0
0.0306,0,0
0.031,0,0
0.0314,0,0
0.0318,0,0
0.0322,0,0
0.0326,0,0
0.033,0.0122621,0.00868591
0.0334,0,0
0.0338,0,0
0.0342,0.00697965,0.00699366
0.0346,0,0
0.035,0,0
0.0354,0,0
0.0358,0,0
0.0362,0,0
0.0366,0,0
0.037,0,0
0.0374,0.00655574,0.00656809
0.0378,0,0
0.0382,0.000197497,0.00111546
0.0386,0,0
0.039,0,0
0.0394,0,0
0.0398,0,0
0.0402,0,0
0.0406,0,0
0.041,0,0
0.0414,0,0
0.0418,0,0
0.0422,0,0
0.0426,0,0
0.043,0,0
0.0434,0.0062895,0.00630083
0.0438,0,0
0.0442,0,0
0.0446,0,0
0.045,0,0
0.0454,0,0
0.0458,0,0
0.0462,0,0
0.0466,0,0
0.047,0.000920941,0.00244046
0.0474,0,0
0.0478,0,0
0.0482,0,0
0.0486,0,0
0.049,0,0
0.0494,0,0
0.0498,0,0
0.0502,0.00614817,0.00615898
0.0506,0,0
0.051,0,0
0.0514,0,0
0.0518,0,0
0.0522,0,0
0.0526,0,0
0.053,0.00603054,0.00604092
0.0534,0,0
0.0538,0.0020377,0.00350194
0.0542,0,0
0.0546,0,0
0.055,0.00636367,0.00637523
0.0554,0,0
0.0558,0,0
0.0562,0,0
0.0566,0,0
0.057,0,0
0.0574,0,0
0.0578,0.00660993,0.00662239
0.0582,0,0
0.0586,0,0
0.059,0.00631809,0.00632947
0.0594,0,0
0.0598,0,0
0.0602,0,0
0.0606,0.0014964,0.00313372
0.061,0.0064784,0.00649035
0.0614,0,0
0.0618,0,0
0.0622,0,0
0.0626,0,0
0.063,0,0
0.0634,0,0
0.0638,0,0
0.0642,0,0
0.0646,0,0
0.065,0,0
0.0654,0,0
0.0658,0,0
0.0662,0,0
0.0666,0.00639681,0.00640845
0.067,0,0
0.0674,0,0
0.0678,0,0
0.0682,0,0
0.0686,0,0
0.069,0,0
0.0694,0,0
0.0698,0,0
0.0702,0,0
0.0706,0,0
0.071,0,0
0.0714,0,0
0.0718,0,0
0.0722,0,0
0.0726,0,0
0.073,0,0
0.0734,0,0
0.0738,0,0
0.0742,0,0
0.0746,0.00651461,0.00652665
0.075,0,0
0.0754,0,0
0.0758,0,0
0.0762,0,0
0.0766,0,0
0.077,0.00608962,0.00610014
0.0774,0,0
0.0778,0,0
0.0782,0,0
0.0786,0,0
0.079,0,0
0.0794,0,0
0.0798,0,0
0.0802,0,0
0.0806,0,0
0.081,0,0
0.0814,0,0
0.0818,0,0
0.0822,0,0
0.0826,0.00428261,0.0051823
0.083,0,0
0.0834,0,0
0.0838,0,0
0.0842,0,0
0.0846,0,0
0.085,0,0
0.0854,0.00094486,0.00239092
0.0858,0,0
0.0862,0,0
0.0866,0,0
0.087,0,0
0.0874,0,0
0.0878,0,0
0.0882,0,0
0.0886,0.00733064,0.00734582
0.089,0,0
0.0894,0,0
0.0898,0,0
0.0902,0,0
0.0906,0,0
0.091,0.00622113,0.00623206
0.0914,0,0
0.0918,0,0
0.0922,0,0
0.0926,0,0
0.093,0,0
0.0934,0,0
0.0938,0,0
0.0942,0,0
0.0946,0,0
0.095,0,0
0.0954,0.006181,0.00619178
0.0958,0,0
0.0962,0,0
0.0966,0,0
0.097,0.00610193,0.00611243
0.0974,0,0
0.0978,0,0
0.0982,0.0072267,0.00724142
0.0986,0.00695648,0.00697012
0.099,0.000663994,0.0021717
0.0994,0.00705491,0.00706893
0.0998,0,0
0.1002,0,0
0.1006,0,0
0.101,0,0
0.1014,0,0
0.1018,0,0
0.1022,0,0
0.1026,0,0
0.103,0,0
0.1034,0,0
0.1038,0,0
0.1042,0,0
0.1046,0,0
0.105,0,0
0.1054,0,0
0.1058,0.000789706,0.00245069
0.1062,0,0
0.1066,0,0
0.107,0,0
0.1074,0,0
0.1078,0.0180898,0.012824
0.1082,0.00783989,0.00785717
0.1086,0,0
0.109,0,0
0.1094,0,0
0.1098,0,0
0.1102,0,0
0.1106,0,0
0.111,0,0
0.1114,0,0
0.1118,0,0
0.1122,0,0
0.1126,0,0
0.113,0,0
0.1134,0,0
0.1138,0,0
0.1142,0,0
0.1146,0,0
0.115,0,0
0.1154,0,0
0.1158,0,0
0.1162,0.00521454,0.00782359
0.1166,0,0
0.117,0,0
0.1174,0,0
0.1178,0,0
0.1182,0,0
0.1186,0,0
0.119,0,0
0.1194,0,0
0.1198,0,0
4
-0.1198,0,0
-0.1194,0,0
-0.119,0,0
-0.1186,0,0
-0.1182,0,0
-0.1178,0,0
-0.1174,0,0
-0.117,0,0
-0.1166,0,0
-0.1162,0,0
-0.1158,0,0
-0.1154,0,0
-0.115,0,0
-0.1146,0,0
-0.1142,0,0
-0.1138,0,0
-0.1134,0,0
-0.113,0,0
-0.1126,0,0
-0.1122,0,0
-0.1118,0,0
-0.1114,0,0
-0.111,0,0
-0.1106,0,0
-0.1102,0,0
-0.1098,0,0
-0.1094,0,0
-0.109,0,0
-0.1086,0,0
-0.1082,0,0
-0.1078,0,0
-0.1074,0,0
-0.107,0,0
-0.1066,0,0
-0.1062,0,0
-0.1058,0,0
-0.1054,0,0
-0.105,0,0
-0.1046,0,0
-0.1042,0,0
-0.1038,0,0
-0.1034,0,0
-0.103,0,0
-0.1026,0,0
-0.1022,0,0
-0.1018,0,0
-0.1014,0,0
-0.101,0,0
-0.1006,0,0
-0.1002,0,0
-0.0998,0,0
-0.0994,0,0
-0.099,0,0
-0.0986,0.00577295,0.00578306
-0.0982,0,0
-0.0978,0,0
-0.0974,0,0
-0.097,0,0
-0.0966,0,0
-0.0962,0,0
-0.0958,0,0
-0.0954,0,0
-0.095,0,0
-0.0946,0,0
-0.0942,0,0
-0.0938,0,0
-0.0934,0,0
-0.093,0.00693531,0.00694985
-0.0926,0,0
-0.0922,0,0
-0.0918,0,0
-0.0914,0,0
-0.091,0,0
-0.0906,0,0
-0.0902,0,0
-0.0898,0,0
-0.0894,0,0
-0.089,0,0
-0.0886,0,0
-0.0882,0,0
-0.0878,0,0
-0.0874,0.00642879,0.00644126
-0.087,0,0
-0.0866,0,0
-0.0862,0,0
-0.0858,0,0
-0.0854,0,0
-0.085,0,0
-0.0846,0,0
-0.0842,0,0
-0.0838,0,0
-0.0834,0,0
-0.083,0,0
-0.0826,0,0
-0.0822,0,0
-0.0818,0,0
-0.0814,0,0
-0.081,0,0
-0.0806,0.00606746,0.00607854
-0.0802,0,0
-0.0798,0,0
-0.0794,0,0
-0.079,0,0
-0.0786,0.00213137,0.00350235
-0.0782,0,0
-0.0778,0,0
-0.0774,0,0
-0.077,0,0
-0.0766,0.00197744,0.00353263
-0.0762,0,0
-0.0758,0,0
-0.0754,0,0
-0.075,0,0
-0.0746,0,0
-0.0742,0,0
-0.0738,0,0
-0.0734,0,0
-0.073,0,0
-0.0726,0,0
-0.0722,0.00385407,0.00497632
-0.0718,0,0
-0.0714,0,0
-0.071,0,0
-0.0706,0,0
-0.0702,0,0
-0.0698,0,0
-0.0694,0,0
-0.069,0.00447806,0.00531551
-0.0686,0,0
-0.0682,0,0
-0.0678,0,0
-0.0674,0,0
-0.067,0,0
-0.0666,0,0
-0.0662,0,0
-0.0658,0,0
-0.0654,0.00620891,0.00622045
-0.065,0,0
-0.0646,0,0
-0.0642,0,0
-0.0638,0,0
-0.0634,0.0128185,0.00908144
-0.063,0,0
-0.0626,0,0
-0.0622,0,0
-0.0618,0,0
-0.0614,0,0
-0.061,0,0
-0.0606,0,0
-0.0602,0,0
-0.0598,0,0
-0.0594,0,0
-0.059,0,0
-0.0586,0,0
-0.0582,0.00645044,0.00646287
-0.0578,0,0
-0.0574,0,0
-0.057,0,0
-0.0566,0,0
-0.0562,0,0
-0.0558,0,0
-0.0554,0,0
-0.055,0,0
-0.0546,0,0
-0.0542,0,0
-0.0538,0,0
-0.0534,0,0
-0.053,0,0
-0.0526,0,0
-0.0522,0,0
-0.0518,0,0
-0.0514,0,0
-0.051,0,0
-0.0506,0,0
-0.0502,0,0
-0.0498,0,0
-0.0494,0.00593407,0.00594457
-0.049,0,0
-0.0486,0,0
-0.0482,0,0
-0.0478,0,0
-0.0474,0,0
-0.047,0,0
-0.0466,0,0
-0.0462,0,0
-0.0458,0,0
-0.0454,0,0
-0.045,0,0
-0.0446,0,0
-0.0442,0,0
-0.0438,0,0
-0.0434,0.00389166,0.00491768
-0.043,0,0
-0.0426,0,0
-0.0422,0,0
-0.0418,0,0
-0.0414,0,0
-0.041,0,0
-0.0406,0,0
-0.0402,0,0
-0.0398,0,0
-0.0394,0,0
-0.039,0,0
-0.0386,0,0
-0.0382,0,0
-0.0378,0,0
-0.0374,0,0
-0.037,0,0
-0.0366,0,0
-0.0362,0,0
-0.0358,0,0
-0.0354,0,0
-0.035,0,0
-0.0346,0,0
-0.0342,0,0
-0.0338,0,0
-0.0334,0,0
-0.033,0,0
-0.0326,0,0
-0.0322,0,0
-0.0318,0,0
-0.0314,0,0
-0.031,0,0
-0.0306,0.00616484,0.00617613
-0.0302,0,0
-0.0298,0,0
-0.0294,0,0
-0.029,0,0
-0.0286,0,0
-0.0282,0.00641862,0.00643084
-0.0278,0,0
-0.0274,0,0
-0.027,0,0
-0.0266,0,0
-0.0262,0,0
-0.0258,0,0
-0.0254,0,0
-0.025,0,0
-0.0246,0,0
-0.0242,0.00624396,0.00625553
-0.0238,0.00172108,0.00333571
-0.0234,0,0
-0.023,0,0
-0.0226,0,0
-0.0222,0,0
-0.0218,0,0
-0.0214,0,0
-0.021,0,0
-0.0206,0,0
-0.0202,0,0
-0.0198,0,0
-0.0194,0,0
-0.019,0,0
-0.0186,0,0
-0.0182,0,0
-0.0178,0,0
-0.0174,0.0058501,0.00586024
-0.017,0,0
-0.0166,0,0
-0.0162,0.00632874,0.00634061
-0.0158,0.00601054,0.00602125
-0.0154,0.00621707,0.00622853
-0.015,0,0
-0.0146,0,0
-0.0142,0.00271207,0.004012
-0.0138,0,0
-0.0134,0,0
-0.013,0.00577879,0.00578869
-0.0126,0,0
-0.0122,0,0
-0.0118,0,0
-0.0114,0.00590249,0.00591282
-0.011,0.00584308,0.00585321
-0.0106,0.00413684,0.00491513
-0.0102,0,0
-0.0098,0.000945859,0.00237149
-0.0094,0.00611981,0.00613091
-0.009,0,0
-0.0086,0,0
-0.0082,0,0
-0.0078,0.00615122,0.00616244
-0.0074,0.00543314,0.00579307
-0.007,0,0
-0.0066,0,0
-0.0062,0,0
-0.0058,0,0
-0.0054,0,0
-0.005,0.0174525,0.0100937
-0.0046,0.0118913,0.00842576
-0.0042,0,0
-0.0038,0.00636363,0.00637564
-0.0034,0.0256696,0.0128593
-0.003,0.0565565,0.0188898
-0.0026,0.0694238,0.0218243
-0.0022,0.165858,0.0322375
-0.0018,0.194082,0.0350777
-0.0014,0.418563,0.0481506
-0.001,0.707117,0.0640339
-0.0006,0.952932,0.0768451
-0.0002,1.07657,0.0820305
0.0002,0.967299,0.0769637
0.0006,0.787111,0.067841
0.001,0.590114,0.0594456
0.0014,0.327601,0.044037
0.0018,0.133461,0.0286675
0.0022,0.062418,0.0195197
0.0026,0.0620243,0.0196616
0.003,0.0372396,0.0152478
0.0034,0.0120534,0.00854453
0.0038,0.00637868,0.00639076
0.0042,0,0
0.0046,0,0
0.005,0,0
0.0054,0,0
0.0058,0,0
0.0062,0,0
0.0066,0,0
0.007,0,0
0.0074,0.00641715,0.00642938
0.0078,0.00591584,0.00592623
0.0082,0,0
0.0086,0,0
0.009,0.0123595,0.00875838
0.0094,0,0
0.0098,0,0
0.0102,0,0
0.0106,0.00594595,0.00595645
0.011,0,0
0.0114,0,0
0.0118,0,0
0.0122,0,0
0.0126,0,0
0.013,0.00609321,0.00610424
0.0134,0,0
0.0138,0,0
0.0142,0,0
0.0146,0,0
0.015,0.00558544,0.00559472
0.0154,0,0
0.0158,0,0
0.0162,0,0
0.0166,0,0
0.017,0,0
0.0174,0,0
0.0178,0,0
0.0182,0,0
0.0186,0,0
0.019,0,0
0.0194,0.00641273,0.00642497
0.0198,0.0189156,0.0109415
0.0202,0,0
0.0206,0.00638905,0.00640119
0.021,0,0
0.0214,0.00596927,0.00597987
0.0218,0,0
0.0222,0,0
0.0226,0,0
0.023,0,0
0.0234,0,0
0.0238,0,0
0.0242,0,0
0.0246,0,0
0.025,0,0
0.0254,0,0
0.0258,0,0
0.0262,0,0
0.0266,0,0
0.027,0,0
0.0274,0,0
0.0278,0,0
0.0282,0,0
0.0286,0,0
0.029,0,0
0.0294,0,0
0.0298,0,0
0.0302,0,0
0.0306,0,0
0.031,0,0
0.0314,0,0
0.0318,0,0
0.0322,0.00603774,0.00604859
0.0326,0,0
0.033,0,0
0.0334,0,0
0.0338,0,0
0.0342,0,0
0.0346,0,0
0.035,0,0
0.0354,0.00593887,0.00594937
0.0358,0,0
0.0362,0,0
0.0366,0,0
0.037,0,0
0.0374,0,0
0.0378,0.00648019,0.0064927
0.0382,0.00585953,0.00596467
0.0386,0,0
0.039,0,0
0.0394,0,0
0.0398,0,0
0.0402,0,0
0.0406,0,0
0.041,0,0
0.0414,0.0131026,0.00928303
0.0418,0,0
0.0422,0,0
0.0426,0,0
0.043,0,0
0.0434,0,0
0.0438,0,0
0.0442,0,0
0.0446,0,0
0.045,0,0
0.0454,0.00575523,0.00576511
0.0458,0.00589381,0.00590417
0.0462,0,0
0.0466,0,0
0.047,0.0120308,0.00885321
0.0474,0,0
0.0478,0,0
0.0482,0,0
0.0486,0,0
0.049,0,0
0.0494,0,0
0.0498,0,0
0.0502,0,0
0.0506,0,0
0.051,0,0
0.0514,0,0
0.0518,0,0
0.0522,0,0
0.0526,0,0
0.053,0,0
0.0534,0,0
0.0538,0.00994263,0.00773456
0.0542,0,0
0.0546,0,0
0.055,0,0
0.0554,0.00629295,0.00630476
0.0558,0,0
0.0562,0.00588019,0.00589051
0.0566,0.00621109,0.0062226
0.057,0,0
0.0574,0.00597074,0.00598138
0.0578,0,0
0.0582,0,0
0.0586,0,0
0.059,0,0
0.0594,0,0
0.0598,0,0
0.0602,0,0
0.0606,0.00481445,0.00549276
0.061,0,0
0.0614,0,0
0.0618,0,0
0.0622,0,0
0.0626,0,0
0.063,0.00586858,0.00587886
0.0634,0,0
0.0638,0,0
0.0642,0,0
0.0646,0,0
0.065,0,0
0.0654,0,0
0.0658,0,0
0.0662,0,0
0.0666,0,0
0.067,0,0
0.0674,0,0
0.0678,0,0
0.0682,0,0
0.0686,0,0
0.069,0,0
0.0694,0,0
0.0698,0,0
0.0702,0,0
0.0706,0,0
0.071,0,0
0.0714,0,0
0.0718,0,0
0.0722,0,0
0.0726,0,0
0.073,0,0
0.0734,0,0
0.0738,0,0
0.0742,0,0
0.0746,0,0
0.075,0,0
0.0754,0,0
0.0758,0,0
0.0762,0,0
0.0766,0,0
0.077,0,0
0.0774,0,0
0.0778,0.0061638,0.00617514
0.0782,0,0
0.0786,0,0
0.079,0,0
0.0794,0,0
0.0798,0,0
0.0802,0,0
0.0806,0,0
0.081,0,0
0.0814,0,0
0.0818,0.00551304,0.00552211
0.0822,0.00604398,0.00605489
0.0826,0.00186413,0.00332906
0.083,0,0
0.0834,0,0
0.0838,0,0
0.0842,0,0
0.0846,0,0
0.085,0,0
0.0854,0,0
0.0858,0,0
0.0862,0,0
0.0866,0,0
0.087,0,0
0.0874,0,0
0.0878,0,0
0.0882,0,0
0.0886,0,0
0.089,0,0
0.0894,0,0
0.0898,0,0
0.0902,0,0
0.0906,0,0
0.091,0,0
0.0914,0,0
0.0918,0,0
0.0922,0.00552271,0.00553182
0.0926,0,0
0.093,0,0
0.0934,0,0
0.0938,0,0
0.0942,0,0
0.0946,0,0
0.095,0,0
0.0954,0,0
0.0958,0,0
0.0962,0,0
0.0966,0,0
0.097,0,0
0.0974,0,0
0.0978,0,0
0.0982,0,0
0.0986,0,0
0.099,0.0127406,0.00924649
0.0994,0,0
0.0998,0,0
0.1002,0,0
0.1006,0,0
0.101,0,0
0.1014,0,0
0.1018,0,0
0.1022,0.00648867,0.00650123
0.1026,0.00646318,0.00647563
0.103,0,0
0.1034,0,0
0.1038,0,0
0.1042,0,0
0.1046,0,0
0.105,0,0
0.1054,0,0
0.1058,0.00640359,0.0067805
0.1062,0,0
0.1066,0,0
0.107,0,0
0.1074,0,0
0.1078,0,0
0.1082,0,0
0.1086,0.00858939,0.00861136
0.109,0,0
0.1094,0,0
0.1098,0,0
0.1102,0,0
0.1106,0,0
0.111,0,0
0.1114,0,0
0.1118,0,0
0.1122,0,0
0.1126,0,0
0.113,0,0
0.1134,0,0
0.1138,0,0
0.1142,0,0
0.1146,0,0
0.115,0,0
0.1154,0,0
0.1158,0,0
0.1162,0.00608396,0.00820922
0.1166,0,0
0.117,0,0
0.1174,0,0
0.1178,0,0
0.1182,0,0
0.1186,0,0
0.119,0,0
0.1194,0.0120654,0.0121086
0.1198,0,0
5
-0.1198,0,0
-0.1194,0.00643416,0.00644675
-0.119,0,0
-0.1186,0,0
-0.1182,0,0
-0.1178,0,0
-0.1174,0,0
-0.117,0,0
-0.1166,0,0
-0.1162,0,0
-0.1158,0,0
-0.1154,0,0
-0.115,0,0
-0.1146,0.00637251,0.00638482
-0.1142,0,0
-0.1138,0,0
-0.1134,0,0
-0.113,0,0
-0.1126,0,0
-0.1122,0,0
-0.1118,0.00641756,0.00643002
-0.1114,0,0
-0.111,0,0
-0.1106,0,0
-0.1102,0,0
-0.1098,0,0
-0.1094,0,0
-0.109,0,0
-0.1086,0,0
-0.1082,0.00641061,0.00642301
-0.1078,0,0
-0.1074,0,0
-0.107,0,0
-0.1066,0,0
-0.1062,0,0
-0.1058,0,0
-0.1054,0,0
-0.105,0,0
-0.1046,0,0
-0.1042,0,0
-0.1038,0,0
-0.1034,0,0
-0.103,0,0
-0.1026,0,0
-0.1022,0,0
-0.1018,0,0
-0.1014,0,0
-0.101,0,0
-0.1006,0,0
-0.1002,0,0
-0.0998,0,0
-0.0994,0.00658445,0.00659745
-0.099,0,0
-0.0986,0,0
-0.0982,0,0
-0.0978,0,0
-0.0974,0,0
-0.097,0,0
-0.0966,0,0
-0.0962,0.00583936,0.00584957
-0.0958,0,0
-0.0954,0,0
-0.095,0,0
-0.0946,0,0
-0.0942,0,0
-0.0938,0,0
-0.0934,0,0
-0.093,0,0
-0.0926,0.00657674,0.00658965
-0.0922,0,0
-0.0918,0,0
-0.0914,0,0
-0.091,0,0
-0.0906,0,0
-0.0902,0,0
-0.0898,0,0
-0.0894,0,0
-0.089,0,0
-0.0886,0,0
-0.0882,0,0
-0.0878,0,0
-0.0874,0,0
-0.087,0,0
-0.0866,0,0
-0.0862,0,0
-0.0858,0,0
-0.0854,0,0
-0.085,0,0
-0.0846,0,0
-0.0842,0,0
-0.0838,0,0
-0.0834,0,0
-0.083,0,0
-0.0826,0,0
-0.0822,0,0
-0.0818,0,0
-0.0814,0,0
-0.081,0,0
-0.0806,0,0
-0.0802,0,0
-0.0798,0,0
-0.0794,0,0
-0.079,0,0
-0.0786,0,0
-0.0782,0,0
-0.0778,0,0
-0.0774,0,0
-0.077,0,0
-0.0766,0,0
-0.0762,0,0
-0.0758,0,0
-0.0754,0,0
-0.075,0,0
-0.0746,0,0
-0.0742,0,0
-0.0738,0.00621082,0.0062222
-0.0734,0,0
-0.073,0,0
-0.0726,0,0
-0.0722,0,0
-0.0718,0,0
-0.0714,0,0
-0.071,0,0
-0.0706,0,0
-0.0702,0,0
-0.0698,0,0
-0.0694,0,0
-0.069,0,0
-0.0686,0,0
-0.0682,0.00591078,0.00592107
-0.0678,0,0
-0.0674,0,0
-0.067,0,0
-0.0666,0,0
-0.0662,0,0
-0.0658,0,0
-0.0654,0,0
-0.065,0,0
-0.0646,0,0
-0.0642,0,0
-0.0638,0,0
-0.0634,0,0
-0.063,0,0
-0.0626,0,0
-0.0622,0,0
-0.0618,0,0
-0.0614,0,0
-0.061,0,0
-0.0606,0,0
-0.0602,0,0
-0.0598,0,0
-0.0594,0,0
-0.059,0,0
-0.0586,0,0
-0.0582,0,0
-0.0578,0.00624715,0.00625859
-0.0574,0,0
-0.057,0,0
-0.0566,0.00692658,0.00694063
-0.0562,0,0
-0.0558,0,0
-0.0554,0,0
-0.055,0,0
-0.0546,0.00647175,0.00648401
-0.0542,0,0
-0.0538,0,0
-0.0534,0,0
-0.053,0,0
-0.0526,0,0
-0.0522,0.00700414,0.00701848
-0.0518,0.00689935,0.00691327
-0.0514,0,0
-0.051,0,0
-0.0506,0,0
-0.0502,0,0
-0.0498,0,0
-0.0494,0,0
-0.049,0,0
-0.0486,0,0
-0.0482,0,0
-0.0478,0,0
-0.0474,0,0
-0.047,0,0
-0.0466,0,0
-0.0462,0,0
-0.0458,0,0
-0.0454,0,0
-0.045,0.00648683,0.0064991
-0.0446,0,0
-0.0442,0.00628048,0.00629198
-0.0438,0,0
-0.0434,0.00234835,0.00386027
-0.043,0,0
-0.0426,0,0
-0.0422,0,0
-0.0418,0,0
-0.0414,0,0
-0.041,0.00632405,0.0063357
-0.0406,0,0
-0.0402,0.00601624,0.00602678
-0.0398,0,0
-0.0394,0,0
-0.039,0,0
-0.0386,0.00863277,0.00745195
-0.0382,0,0
-0.0378,0.00614165,0.00615262
-0.0374,0,0
-0.037,0,0
-0.0366,0,0
-0.0362,0,0
-0.0358,0,0
-0.0354,0,0
-0.035,0,0
-0.0346,0.00590153,0.00591166
-0.0342,0,0
-0.0338,0,0
-0.0334,0,0
-0.033,0,0
-0.0326,0,0
-0.0322,0,0
-0.0318,0,0
-0.0314,0,0
-0.031,0,0
-0.0306,0.00630376,0.00631529
-0.0302,0,0
-0.0298,0,0
-0.0294,0,0
-0.029,0.0064589,0.00647101
-0.0286,0,0
-0.0282,0,0
-0.0278,0,0
-0.0274,0,0
-0.027,0.0063033,0.00631482
-0.0266,0,0
-0.0262,0,0
-0.0258,0,0
-0.0254,0,0
-0.025,0,0
-0.0246,0,0
-0.0242,0,0
-0.0238,0,0
-0.0234,0.0065919,0.00660449
-0.023,0.00660394,0.00661658
-0.0226,0,0
-0.0222,0,0
-0.0218,0,0
-0.0214,0,0
-0.021,0,0
-0.0206,0,0
-0.0202,0.00680909,0.00682251
-0.0198,0,0
-0.0194,0,0
-0.019,0.00669331,0.00670628
-0.0186,0,0
-0.0182,0,0
-0.0178,0.00629021,0.00630166
-0.0174,0,0
-0.017,0.00603179,0.00604232
-0.0166,0,0
-0.0162,0.00623815,0.00624941
-0.0158,0.0061582,0.00616917
-0.0154,0,0
-0.015,0,0
-0.0146,0,0
-0.0142,0,0
-0.0138,0,0
-0.0134,0,0
-0.013,0.0118478,0.008392
-0.0126,0,0
-0.0122,0.00676807,0.00678131
-0.0118,0,0
-0.0114,0,0
-0.011,0,0
-0.0106,0,0
-0.0102,0,0
-0.0098,0.00510839,0.00558229
-0.0094,0,0
-0.009,0,0
-0.0086,0,0
-0.0082,0.0135016,0.0095657
-0.0078,0.00631458,0.0063261
-0.0074,0.00685485,0.00686841
-0.007,0.0130608,0.00926438
-0.0066,0,0
-0.0062,0,0
-0.0058,0,0
-0.0054,0.00624827,0.00625954
-0.005,0.0120168,0.00851195
-0.0046,0.0187734,0.0108584
-0.0042,0.0071703,0.00718514
-0.0038,0.0133493,0.00945759
-0.0034,0.045903,0.0173829
-0.003,0.045159,0.0171023
-0.0026,0.155859,0.0328146
-0.0022,0.225383,0.0371814
-0.0018,0.368591,0.0487404
-0.0014,0.615026,0.0591928
-0.001,0.762611,0.0674139
-0.0006,1.11752,0.0842422
-0.0002,1.32836,0.0924321
0.0002,1.0198,0.080099
0.0006,0.84595,0.0712494
0.001,0.545466,0.057965
0.0014,0.3906,0.0487604
0.0018,0.154676,0.0313054
0.0022,0.0624839,0.0197963
0.0026,0.0387335,0.0158504
0.003,0.0249037,0.0125449
0.0034,0.0193187,0.0111744
0.0038,0.0065662,0.00657863
0.0042,0.00591794,0.00592805
0.0046,0.0124028,0.0087858
0.005,0,0
0.0054,0.00634189,0.0063535
0.0058,0.0129293,0.0091616
0.0062,0,0
0.0066,0,0
0.007,0,0
0.0074,0,0
0.0078,0.00609067,0.00610137
0.0082,0,0
0.0086,0,0
0.009,0,0
0.0094,0,0
0.0098,0,0
0.0102,0.00595301,0.00596324
0.0106,0,0
0.011,0,0
0.0114,0,0
0.0118,0.0064283,0.00644023
0.0122,0,0
0.0126,0.00561748,0.00562659
0.013,0.0123489,0.00874877
0.0134,0.00693637,0.00695025
0.0138,0,0
0.0142,0,0
0.0146,0.00575434,0.0057639
0.015,0,0
0.0154,0,0
0.0158,0.0064082,0.00642005
0.0162,0,0
0.0166,0,0
0.017,0,0
0.0174,0,0
0.0178,0,0
0.0182,0,0
0.0186,0,0
0.019,0,0
0.0194,0,0
0.0198,0,0
0.0202,0,0
0.0206,0,0
0.021,0,0
0.0214,0,0
0.0218,0,0
0.0222,0,0
0.0226,0,0
0.023,0.006411,0.00642285
0.0234,0,0
0.0238,0,0
0.0242,0,0
0.0246,0,0
0.025,0.00647059,0.00648267
0.0254,0,0
0.0258,0,0
0.0262,0,0
0.0266,0,0
0.027,0,0
0.0274,0,0
0.0278,0,0
0.0282,0,0
0.0286,0,0
0.029,0,0
0.0294,0,0
0.0298,0,0
0.0302,0,0
0.0306,0.00660238,0.00661495
0.031,0,0
0.0314,0,0
0.0318,0,0
0.0322,0,0
0.0326,0,0
0.033,0,0
0.0334,0,0
0.0338,0,0
0.0342,0,0
0.0346,0.0068167,0.00683009
0.035,0,0
0.0354,0,0
0.0358,0,0
0.0362,0,0
0.0366,0,0
0.037,0,0
0.0374,0,0
0.0378,0.00669882,0.00671176
0.0382,0.00621421,0.00622534
0.0386,0,0
0.039,0,0
0.0394,0,0
0.0398,0,0
0.0402,0,0
0.0406,0,0
0.041,0,0
0.0414,0,0
0.0418,0,0
0.0422,0,0
0.0426,0.00606866,0.00607927
0.043,0,0
0.0434,0,0
0.0438,0,0
0.0442,0,0
0.0446,0.0188166,0.0108835
0.045,0,0
0.0454,0,0
0.0458,0,0
0.0462,0,0
0.0466,0,0
0.047,0,0
0.0474,0,0
0.0478,0,0
0.0482,0,0
0.0486,0,0
0.049,0,0
0.0494,0,0
0.0498,0.00633935,0.00635092
0.0502,0,0
0.0506,0,0
0.051,0,0
0.0514,0,0
0.0518,0,0
0.0522,0,0
0.0526,0,0
0.053,0,0
0.0534,0,0
0.0538,0,0
0.0542,0,0
0.0546,0,0
0.055,0,0
0.0554,0.00630628,0.00631771
0.0558,0,0
0.0562,0,0
0.0566,0,0
0.057,0,0
0.0574,0,0
0.0578,0,0
0.0582,0,0
0.0586,0,0
0.059,0,0
0.0594,0,0
0.0598,0,0
0.0602,0,0
0.0606,0,0
0.061,0,0
0.0614,0,0
0.0618,0,0
0.0622,0,0
0.0626,0,0
0.063,0,0
0.0634,0,0
0.0638,0,0
0.0642,0,0
0.0646,0,0
0.065,0,0
0.0654,0,0
0.0658,0,0
0.0662,0,0
0.0666,0,0
0.067,0,0
0.0674,0,0
0.0678,0,0
0.0682,0.0117569,0.00832776
0.0686,0,0
0.069,0,0
0.0694,0,0
0.0698,0,0
0.0702,0,0
0.0706,0,0
0.071,0,0
0.0714,0,0
0.0718,0,0
0.0722,0,0
0.0726,0,0
0.073,0,0
0.0734,0.00609913,0.00610977
0.0738,0,0
0.0742,0,0
0.0746,0,0
0.075,0,0
0.0754,0,0
0.0758,0,0
0.0762,0,0
0.0766,0.00621471,0.00622575
0.077,0,0
0.0774,0,0
0.0778,0,0
0.0782,0,0
0.0786,0,0
0.079,0,0
0.0794,0,0
0.0798,0,0
0.0802,0.00610311,0.00611374
0.0806,0,0
0.081,0,0
0.0814,0,0
0.0818,0,0
0.0822,0,0
0.0826,0,0
0.083,0.00586029,0.00587009
0.0834,0,0
0.0838,0,0
0.0842,0,0
0.0846,0,0
0.085,0,0
0.0854,0,0
0.0858,0,0
0.0862,0,0
0.0866,0,0
0.087,0,0
0.0874,0,0
0.0878,0,0
0.0882,0,0
0.0886,0,0
0.089,0,0
0.0894,0,0
0.0898,0,0
0.0902,0,0
0.0906,0,0
0.091,0,0
0.0914,0,0
0.0918,0,0
0.0922,0,0
0.0926,0,0
0.093,0,0
0.0934,0,0
0.0938,0,0
0.0942,0,0
0.0946,0,0
0.095,0,0
0.0954,0,0
0.0958,0,0
0.0962,0,0
0.0966,0,0
0.097,0,0
0.0974,0,0
0.0978,0,0
0.0982,0,0
0.0986,0,0
0.099,0,0
0.0994,0,0
0.0998,0.00748565,0.00750152
0.1002,0,0
0.1006,0,0
0.101,0,0
0.1014,0,0
0.1018,0,0
0.1022,0,0
0.1026,0,0
0.103,0,0
0.1034,0,0
0.1038,0,0
0.1042,0.00760737,0.00762372
0.1046,0,0
0.105,0,0
0.1054,0,0
0.1058,0,0
0.1062,0,0
0.1066,0,0
0.107,0,0
0.1074,0,0
0.1078,0,0
0.1082,0,0
0.1086,0,0
0.109,0,0
0.1094,0.00927821,0.00930247
0.1098,0,0
0.1102,0.00835461,0.00837427
0.1106,0,0
0.111,0.0083834,0.00843464
0.1114,0,0
0.1118,0,0
0.1122,0,0
0.1126,0,0
0.113,0,0
0.1134,0,0
0.1138,0.00947852,0.00950379
0.1142,0,0
0.1146,0,0
0.115,0,0
0.1154,0,0
0.1158,0,0
0.1162,0,0
0.1166,0,0
0.117,0,0
0.1174,0.00776986,0.0087326
0.1178,0,0
0.1182,0,0
0.1186,0,0
0.119,0,0
0.1194,0,0
0.1198,0,0
6
-0.1198,0,0
-0.1194,0,0
-0.119,0,0
-0.1186,0,0
-0.1182,0.00560949,0.00562023
-0.1178,0,0
-0.1174,0,0
-0.117,0,0
-0.1166,0,0
-0.1162,0,0
-0.1158,0,0
-0.1154,0,0
-0.115,0,0
-0.1146,0,0
-0.1142,0,0
-0.1138,0,0
-0.1134,0,0
-0.113,0,0
-0.1126,0,0
-0.1122,0,0
-0.1118,0,0
-0.1114,0,0
-0.111,0,0
-0.1106,0,0
-0.1102,0,0
-0.1098,0,0
-0.1094,0,0
-0.109,0,0
-0.1086,0,0
-0.1082,0,0
-0.1078,0,0
-0.1074,0.00573078,0.00574189
-0.107,0,0
-0.1066,0,0
-0.1062,0,0
-0.1058,0,0
-0.1054,0,0
-0.105,0,0
-0.1046,0.00579598,0.00580732
-0.1042,0,0
-0.1038,0,0
-0.1034,0,0
-0.103,0,0
-0.1026,0,0
-0.1022,0,0
-0.1018,0,0
-0.1014,0,0
-0.101,0,0
-0.1006,0,0
-0.1002,0,0
-0.0998,0,0
-0.0994,0,0
-0.099,0,0
-0.0986,0,0
-0.0982,0,0
-0.0978,0,0
-0.0974,0,0
-0.097,0,0
-0.0966,0,0
-0.0962,0,0
-0.0958,0,0
-0.0954,0,0
-0.095,0,0
-0.0946,0,0
-0.0942,0,0
-0.0938,0,0
-0.0934,0,0
-0.093,0,0
-0.0926,0,0
-0.0922,0,0
-0.0918,0.00612899,0.00614153
-0.0914,0,0
-0.091,0,0
-0.0906,0,0
-0.0902,0,0
-0.0898,0,0
-0.0894,0,0
-0.089,0,0
-0.0886,0,0
-0.0882,0,0
-0.0878,0.00548904,0.00549909
-0.0874,0,0
-0.087,0,0
-0.0866,0,0
-0.0862,0,0
-0.0858,0,0
-0.0854,0,0
-0.085,0,0
-0.0846,0,0
-0.0842,0.00579677,0.00580802
-0.0838,0.00533843,0.00534798
-0.0834,0,0
-0.083,0,0
-0.0826,0,0
-0.0822,0,0
-0.0818,0,0
-0.0814,0,0
-0.081,0,0
-0.0806,0,0
-0.0802,0,0
-0.0798,0,0
-0.0794,0,0
-0.079,0,0
-0.0786,0.00511856,0.00512738
-0.0782,0,0
-0.0778,0,0
-0.0774,0,0
-0.077,0,0
-0.0766,0,0
-0.0762,0,0
-0.0758,0,0
-0.0754,0,0
-0.075,0,0
-0.0746,0,0
-0.0742,0,0
-0.0738,0,0
-0.0734,0,0
-0.073,0,0
-0.0726,0,0
-0.0722,0,0
-0.0718,0,0
-0.0714,0,0
-0.071,0,0
-0.0706,0.00569187,0.00570287
-0.0702,0,0
-0.0698,0,0
-0.0694,0,0
-0.069,0,0
-0.0686,0,0
-0.0682,0,0
-0.0678,0,0
-0.0674,0,0
-0.067,0,0
-0.0666,0,0
-0.0662,0,0
-0.0658,0,0
-0.0654,0,0
-0.065,0,0
-0.0646,0,0
-0.0642,0,0
-0.0638,0,0
-0.0634,0,0
-0.063,0,0
-0.0626,0,0
-0.0622,0,0
-0.0618,0,0
-0.0614,0,0
-0.061,0.00563092,0.00564177
-0.0606,0,0
-0.0602,0,0
-0.0598,0,0
-0.0594,0.0104376,0.00739372
-0.059,0,0
-0.0586,0,0
-0.0582,0,0
-0.0578,0,0
-0.0574,0,0
-0.057,0,0
-0.0566,0,0
-0.0562,0,0
-0.0558,0,0
-0.0554,0,0
-0.055,0,0
-0.0546,0,0
-0.0542,0,0
-0.0538,0,0
-0.0534,0,0
-0.053,0,0
-0.0526,0,0
-0.0522,0.00593943,0.00595159
-0.0518,0,0
-0.0514,0,0
-0.051,0,0
-0.0506,0,0
-0.0502,0,0
-0.0498,0,0
-0.0494,0,0
-0.049,0.0053086,0.00531834
-0.0486,0.00530684,0.00531658
-0.0482,0,0
-0.0478,0,0
-0.0474,0.011069,0.007842
-0.047,0,0
-0.0466,0,0
-0.0462,0,0
-0.0458,0,0
-0.0454,0,0
-0.045,0.01114,0.00789239
-0.0446,0,0
-0.0442,0,0
-0.0438,0,0
-0.0434,0,0
-0.043,0,0
-0.0426,0,0
-0.0422,0,0
-0.0418,0,0
-0.0414,0,0
-0.041,0.00529929,0.00530905
-0.0406,0,0
-0.0402,0,0
-0.0398,0,0
-0.0394,0,0
-0.039,0,0
-0.0386,0.00351259,0.00435509
-0.0382,0,0
-0.0378,0,0
-0.0374,0,0
-0.037,0,0
-0.0366,0,0
-0.0362,0,0
-0.0358,0,0
-0.0354,0,0
-0.035,0,0
-0.0346,0.00491638,0.00492482
-0.0342,0,0
-0.0338,0,0
-0.0334,0,0
-0.033,0,0
-0.0326,0,0
-0.0322,0,0
-0.0318,0,0
-0.0314,0,0
-0.031,0,0
-0.0306,0,0
-0.0302,0,0
-0.0298,0,0
-0.0294,0,0
-0.029,0,0
-0.0286,0,0
-0.0282,0,0
-0.0278,0,0
-0.0274,0,0
-0.027,0,0
-0.0266,0,0
-0.0262,0,0
-0.0258,0.00617019,0.00618352
-0.0254,0,0
-0.025,0,0
-0.0246,0,0
-0.0242,0,0
-0.0238,0,0
-0.0234,0.00536338,0.00537347
-0.023,0,0
-0.0226,0,0
-0.0222,0,0
-0.0218,0.00508102,0.00509009
-0.0214,0,0
-0.021,0,0
-0.0206,0,0
-0.0202,0,0
-0.0198,0,0
-0.0194,0.00586554,0.00587763
-0.019,0,0
-0.0186,0,0
-0.0182,0,0
-0.0178,0,0
-0.0174,0,0
-0.017,0,0
-0.0166,0,0
-0.0162,0.00533157,0.00534157
-0.0158,0,0
-0.0154,0,0
-0.015,0,0
-0.0146,0,0
-0.0142,0,0
-0.0138,0.00539536,0.00540561
-0.0134,0,0
-0.013,0,0
-0.0126,0,0
-0.0122,0.00555277,0.00556363
-0.0118,0,0
-0.0114,0,0
-0.011,0,0
-0.0106,0,0
-0.0102,0.00509064,0.00509978
-0.0098,0,0
-0.0094,0.00514367,0.005153
-0.009,0,0
-0.0086,0.0116835,0.00827854
-0.0082,0,0
-0.0078,0.00516838,0.0051778
-0.0074,0,0
-0.007,0,0
-0.0066,0,0
-0.0062,0,0
-0.0058,0,0
-0.0054,0,0
-0.005,0.00978496,0.00693103
-0.0046,0.00511403,0.00512326
-0.0042,0.00585885,0.00587097
-0.0038,0,0
-0.0034,0.0107781,0.0076358
-0.003,0.0156631,0.00905979
-0.0026,0.0678163,0.0196278
-0.0022,0.0744114,0.0193008
-0.0018,0.13217,0.0266181
-0.0014,0.152156,0.0265326
-0.001,0.221592,0.0327462
-0.0006,0.36703,0.0436505
-0.0002,0.454257,0.0488082
0.0002,0.47703,0.0495383
0.0006,0.345215,0.0410605
0.001,0.285515,0.0379079
0.0014,0.247051,0.0350037
0.0018,0.144265,0.0273146
0.0022,0.0965047,0.0221815
0.0026,0.0316067,0.0129339
0.003,0.0450456,0.015027
0.0034,0.0210205,0.0105298
0.0038,0.0107176,0.00759282
0.0042,0.0100751,0.00714298
0.0046,0.0101243,0.00717175
0.005,0,0
0.0054,0.00494164,0.00502571
0.0058,0.00516517,0.00517459
0.0062,0.00539284,0.00540311
0.0066,0,0
0.007,0,0
0.0074,0,0
0.0078,0,0
0.0082,0.00469318,0.00470096
0.0086,0.00506994,0.00507901
0.009,0,0
0.0094,0.00527772,0.00528755
0.0098,0,0
0.0102,0,0
0.0106,0,0
0.011,0,0
0.0114,0,0
0.0118,0.0052653,0.00527507
0.0122,0,0
0.0126,0,0
0.013,0,0
0.0134,0,0
0.0138,0,0
0.0142,0,0
0.0146,0,0
0.015,0,0
0.0154,0,0
0.0158,0.00535026,0.00536031
0.0162,0,0
0.0166,0,0
0.017,0,0
0.0174,0,0
0.0178,0,0
0.0182,0,0
0.0186,0,0
0.019,0.00523663,0.00524621
0.0194,0,0
0.0198,0,0
0.0202,0,0
0.0206,0,0
0.021,0,0
0.0214,0,0
0.0218,0,0
0.0222,0,0
0.0226,0,0
0.023,0,0
0.0234,0,0
0.0238,0,0
0.0242,0.00450695,0.00495859
0.0246,0,0
0.025,0,0
0.0254,0.00515864,0.00516784
0.0258,0.00511035,0.00511937
0.0262,0,0
0.0266,0,0
0.027,0,0
0.0274,0,0
0.0278,0,0
0.0282,0,0
0.0286,0,0
0.029,0,0
0.0294,0,0
0.0298,0,0
0.0302,0,0
0.0306,0,0
0.031,0,0
0.0314,0.00515822,0.00516733
0.0318,0,0
0.0322,0,0
0.0326,0.00552268,0.00553309
0.033,0,0
0.0334,0,0
0.0338,0,0
0.0342,0,0
0.0346,0,0
0.035,0.00426353,0.00481106
0.0354,0,0
0.0358,0,0
0.0362,0,0
0.0366,0,0
0.037,0,0
0.0374,0,0
0.0378,0,0
0.0382,0,0
0.0386,0,0
0.039,0,0
0.0394,0,0
0.0398,0,0
0.0402,0,0
0.0406,0,0
0.041,0,0
0.0414,0,0
0.0418,0.00530092,0.00531037
0.0422,0,0
0.0426,0,0
0.043,0,0
0.0434,0,0
0.0438,0.00537606,0.00538575
0.0442,0,0
0.0446,0.00539434,0.00540408
0.045,0,0
0.0454,0,0
0.0458,0,0
0.0462,0,0
0.0466,0,0
0.047,0,0
0.0474,0,0
0.0478,0,0
0.0482,0,0
0.0486,0.00529565,0.00530498
0.049,0,0
0.0494,0,0
0.0498,0,0
0.0502,0,0
0.0506,0,0
0.051,0,0
0.0514,0.00524124,0.00525034
0.0518,0,0
0.0522,0,0
0.0526,0,0
0.053,0,0
0.0534,0,0
0.0538,0,0
0.0542,0,0
0.0546,0,0
0.055,0,0
0.0554,0,0
0.0558,0,0
0.0562,0,0
0.0566,0,0
0.057,0,0
0.0574,0.00542906,0.00543873
0.0578,0,0
0.0582,0,0
0.0586,0,0
0.059,0,0
0.0594,0,0
0.0598,0,0
0.0602,0,0
0.0606,0,0
0.061,0,0
0.0614,0,0
0.0618,0,0
0.0622,0,0
0.0626,0,0
0.063,0,0
0.0634,0,0
0.0638,0,0
0.0642,0,0
0.0646,0,0
0.065,0.00544216,0.00545176
0.0654,0,0
0.0658,0,0
0.0662,0,0
0.0666,0,0
0.067,0,0
0.0674,0,0
0.0678,0.00574459,0.00575525
0.0682,0,0
0.0686,0,0
0.069,0,0
0.0694,0,0
0.0698,0,0
0.0702,0.0054112,0.00542061
0.0706,0,0
0.071,0,0
0.0714,0,0
0.0718,0,0
0.0722,0,0
0.0726,0,0
0.073,0,0
0.0734,0,0
0.0738,0,0
0.0742,0,0
0.0746,0,0
0.075,0,0
0.0754,0,0
0.0758,0,0
0.0762,0,0
0.0766,0,0
0.077,0,0
0.0774,0,0
0.0778,0,0
0.0782,0,0
0.0786,0.00537318,0.00538236
0.079,0,0
0.0794,0,0
0.0798,0,0
0.0802,0,0
0.0806,0,0
0.081,0,0
0.0814,0,0
0.0818,0,0
0.0822,0,0
0.0826,0,0
0.083,0,0
0.0834,0,0
0.0838,0,0
0.0842,0,0
0.0846,0,0
0.085,0,0
0.0854,0,0
0.0858,0,0
0.0862,0,0
0.0866,0,0
0.087,0,0
0.0874,0,0
0.0878,0,0
0.0882,0,0
0.0886,0,0
0.089,0,0
0.0894,0,0
0.0898,0,0
0.0902,0,0
0.0906,0,0
0.091,0,0
0.0914,0,0
0.0918,0.00122952,0.00263552
0.0922,0,0
0.0926,0,0
0.093,0,0
0.0934,0,0
0.0938,0,0
0.0942,0,0
0.0946,0,0
0.095,0,0
0.0954,0,0
0.0958,0,0
0.0962,0,0
0.0966,0,0
0.097,0,0
0.0974,0,0
0.0978,0,0
0.0982,0,0
0.0986,0,0
0.099,0,0
0.0994,0,0
0.0998,0,0
0.1002,0,0
0.1006,0,0
0.101,0,0
0.1014,0,0
0.1018,0,0
0.1022,0,0
0.1026,0,0
0.103,0,0
0.1034,0,0
0.1038,0,0
0.1042,0.000429448,0.00173743
0.1046,0,0
0.105,0.00691935,0.00693405
0.1054,0.00686203,0.00687648
0.1058,0,0
0.1062,0,0
0.1066,0,0
0.107,0,0
0.1074,0,0
0.1078,0,0
0.1082,0,0
0.1086,0,0
0.109,0,0
0.1094,0,0
0.1098,0.00768742,0.00770551
0.1102,0,0
0.1106,0,0
0.111,5.75441e-05,0.00067024
0.1114,0,0
0.1118,0,0
0.1122,0,0
0.1126,0,0
0.113,0.00961943,0.00964775
0.1134,0,0
0.1138,0,0
0.1142,0,0
0.1146,0,0
0.115,0,0
0.1154,0,0
0.1158,0,0
0.1162,0,0
0.1166,0,0
0.117,0,0
0.1174,0.00182016,0.00404098
0.1178,0,0
0.1182,0,0
0.1186,0,0
0.119,0,0
0.1194,0,0
0.1198,0,0
7
-0.1198,0,0
-0.1194,0,0
-0.119,0,0
-0.1186,0,0
-0.1182,0,0
-0.1178,0,0
-0.1174,0,0
-0.117,0,0
-0.1166,0,0
-0.1162,0,0
-0.1158,0,0
-0.1154,0,0
-0.115,0,0
-0.1146,0,0
-0.1142,0,0
-0.1138,0,0
-0.1134,0,0
-0.113,0,0
-0.1126,0,0
-0.1122,0.00561386,0.00562481
-0.1118,0,0
-0.1114,0,0
-0.111,0,0
-0.1106,0.00523337,0.0052429
-0.1102,0,0
-0.1098,0,0
-0.1094,0,0
-0.109,0,0
-0.1086,0,0
-0.1082,0,0
-0.1078,0,0
-0.1074,0,0
-0.107,0,0
-0.1066,0,0
-0.1062,0,0
-0.1058,0,0
-0.1054,0,0
-0.105,0,0
-0.1046,0,0
-0.1042,0,0
-0.1038,0,0
-0.1034,0,0
-0.103,0.00550119,0.00551179
-0.1026,0.00546796,0.00547843
-0.1022,0,0
-0.1018,0,0
-0.1014,0,0
-0.101,0,0
-0.1006,0,0
-0.1002,0,0
-0.0998,0,0
-0.0994,0,0
-0.099,0,0
-0.0986,0,0
-0.0982,0,0
-0.0978,0,0
-0.0974,0,0
-0.097,0,0
-0.0966,0,0
-0.0962,0,0
-0.0958,0,0
-0.0954,0,0
-0.095,0,0
-0.0946,0,0
-0.0942,0,0
-0.0938,0,0
-0.0934,0,0
-0.093,0,0
-0.0926,0,0
-0.0922,0,0
-0.0918,0,0
-0.0914,0,0
-0.091,0,0
-0.0906,0,0
-0.0902,0,0
-0.0898,0,0
-0.0894,0,0
-0.089,0.00504643,0.00505546
-0.0886,0,0
-0.0882,0,0
-0.0878,0,0
-0.0874,0,0
-0.087,0,0
-0.0866,0,0
-0.0862,0,0
-0.0858,0,0
-0.0854,0,0
-0.085,0,0
-0.0846,0,0
-0.0842,0,0
-0.0838,0,0
-0.0834,0,0
-0.083,0,0
-0.0826,0,0
-0.0822,0,0
-0.0818,0,0
-0.0814,0,0
-0.081,0,0
-0.0806,0,0
-0.0802,0,0
-0.0798,0,0
-0.0794,0,0
-0.079,0,0
-0.0786,0,0
-0.0782,0,0
-0.0778,0,0
-0.0774,0,0
-0.077,0,0
-0.0766,0,0
-0.0762,0,0
-0.0758,0,0
-0.0754,0,0
-0.075,0,0
-0.0746,0,0
-0.0742,0,0
-0.0738,0,0
-0.0734,0,0
-0.073,0,0
-0.0726,0,0
-0.0722,0,0
-0.0718,0,0
-0.0714,0,0
-0.071,0,0
-0.0706,0.00550431,0.00551495
-0.0702,0,0
-0.0698,0,0
-0.0694,0,0
-0.069,0,0
-0.0686,0,0
-0.0682,0,0
-0.0678,0,0
-0.0674,0,0
-0.067,0,0
-0.0666,0,0
-0.0662,0,0
-0.0658,0,0
-0.0654,0,0
-0.065,0,0
-0.0646,0,0
-0.0642,0,0
-0.0638,0.00549619,0.00550672
-0.0634,0,0
-0.063,0,0
-0.0626,0,0
-0.0622,0.00538214,0.00539222
-0.0618,0,0
-0.0614,0,0
-0.061,0,0
-0.0606,0,0
-0.0602,0,0
-0.0598,0,0
-0.0594,0,0
-0.059,0,0
-0.0586,0,0
-0.0582,0.00556022,0.00557093
-0.0578,0,0
-0.0574,0,0
-0.057,0,0
-0.0566,0,0
-0.0562,0,0
-0.0558,0,0
-0.0554,0,0
-0.055,0.00519713,0.00520645
-0.0546,0,0
-0.0542,0.0050227,0.00527498
-0.0538,0.00595492,0.00596714
-0.0534,0,0
-0.053,0,0
-0.0526,0,0
-0.0522,0,0
-0.0518,0,0
-0.0514,0,0
-0.051,0,0
-0.0506,0,0
-0.0502,0,0
-0.0498,0,0
-0.0494,0,0
-0.049,0.0105268,0.00745828
-0.0486,0.00550793,0.0055183
-0.0482,0,0
-0.0478,0,0
-0.0474,0,0
-0.047,0,0
-0.0466,0,0
-0.0462,0,0
-0.0458,0,0
-0.0454,0,0
-0.045,0,0
-0.0446,0.00556343,0.00557396
-0.0442,0,0
-0.0438,0,0
-0.0434,0,0
-0.043,0,0
-0.0426,0,0
-0.0422,0,0
-0.0418,0,0
-0.0414,0,0
-0.041,0,0
-0.0406,0,0
-0.0402,0,0
-0.0398,0.00585038,0.00586193
-0.0394,0,0
-0.039,0,0
-0.0386,0,0
-0.0382,0,0
-0.0378,0,0
-0.0374,0,0
-0.037,0,0
-0.0366,0,0
-0.0362,0,0
-0.0358,0,0
-0.0354,0,0
-0.035,0,0
-0.0346,0,0
-0.0342,0,0
-0.0338,0,0
-0.0334,0.00573651,0.00574748
-0.033,0,0
-0.0326,0,0
-0.0322,0,0
-0.0318,0,0
-0.0314,0.00593568,0.00594739
-0.031,0,0
-0.0306,0,0
-0.0302,0,0
-0.0298,0,0
-0.0294,0,0
-0.029,0,0
-0.0286,0.00567058,0.00568122
-0.0282,0,0
-0.0278,0.00273628,0.00393447
-0.0274,0,0
-0.027,0.00569174,0.00570242
-0.0266,0,0
-0.0262,0,0
-0.0258,0,0
-0.0254,0,0
-0.025,0,0
-0.0246,0,0
-0.0242,0,0
-0.0238,0,0
-0.0234,0,0
-0.023,0,0
-0.0226,0,0
-0.0222,0,0
-0.0218,0,0
-0.0214,0.00542155,0.00543113
-0.021,0,0
-0.0206,0.00514714,0.00515577
-0.0202,0,0
-0.0198,0,0
-0.0194,0.00558791,0.00559805
-0.019,0,0
-0.0186,0,0
-0.0182,0,0
-0.0178,0,0
-0.0174,0,0
-0.017,0,0
-0.0166,0,0
-0.0162,0,0
-0.0158,0,0
-0.0154,0,0
-0.015,0,0
-0.0146,0,0
-0.0142,0,0
-0.0138,0,0
-0.0134,0,0
-0.013,0,0
-0.0126,0,0
-0.0122,0.00611581,0.00612777
-0.0118,0,0
-0.0114,0,0
-0.011,0,0
-0.0106,0,0
-0.0102,0,0
-0.0098,0,0
-0.0094,0.0060313,0.00604288
-0.009,0,0
-0.0086,0,0
-0.0082,0,0
-0.0078,0.00574411,0.00575458
-0.0074,0.0119902,0.0085016
-0.007,0.0113025,0.00800639
-0.0066,0.00597253,0.00598383
-0.0062,0,0
-0.0058,0.00601044,0.00602187
-0.0054,0.00570296,0.00571324
-0.005,0,0
-0.0046,0.00544887,0.00545824
-0.0042,0.0192142,0.0111221
-0.0038,0.0311025,0.0137808
-0.0034,0.0421185,0.0159498
-0.003,0.0299425,0.0133079
-0.0026,0.0766801,0.0221877
-0.0022,0.0642891,0.0192644
-0.0018,0.189955,0.0333734
-0.0014,0.25156,0.0362674
-0.001,0.4392,0.0490194
-0.0006,0.598371,0.0591914
-0.0002,0.761634,0.0670871
0.0002,0.691732,0.0633197
0.0006,0.73705,0.0638112
0.001,0.51224,0.0538008
0.0014,0.434264,0.0494428
0.0018,0.336573,0.0443497
0.0022,0.205097,0.0344476
0.0026,0.0760376,0.0211397
0.003,0.0629831,0.0190475
0.0034,0.026438,0.0125688
0.0038,0.0482008,0.0170748
0.0042,0.00778584,0.00681742
0.0046,0.027925,0.0125136
0.005,0.0116212,0.00823282
0.0054,0.0117367,0.00825303
0.0058,0.00586649,0.00587719
0.0062,0.0188167,0.0108865
0.0066,0.0128277,0.00908915
0.007,0.00571316,0.0057233
0.0074,0.0122772,0.00869786
0.0078,0,0
0.0082,0.00557551,0.00558515
0.0086,0.0111107,0.00787589
0.009,0,0
0.0094,0,0
0.0098,0.00569613,0.00570619
0.0102,0.00553619,0.00554569
0.0106,0.00566831,0.00561423
0.011,0,0
0.0114,0.00579309,0.00580348
0.0118,0.00551118,0.00552059
0.0122,0,0
0.0126,0,0
0.013,0.00566624,0.00567617
0.0134,0,0
0.0138,0.00576629,0.00577657
0.0142,0,0
0.0146,0,0
0.015,0,0
0.0154,0,0
0.0158,0.00607595,0.00608736
0.0162,0,0
0.0166,0,0
0.017,0,0
0.0174,0,0
0.0178,0,0
0.0182,0,0
0.0186,0,0
0.019,0,0
0.0194,0,0
0.0198,0,0
0.0202,0,0
0.0206,0,0
0.021,0,0
0.0214,0,0
0.0218,0.00586741,0.00587809
0.0222,0,0
0.0226,0,0
0.023,0,0
0.0234,0,0
0.0238,0,0
0.0242,0.00709459,0.00656917
0.0246,0,0
0.025,0,0
0.0254,0,0
0.0258,0,0
0.0262,0.00553073,0.00554024
0.0266,0,0
0.027,0,0
0.0274,0,0
0.0278,0,0
0.0282,0,0
0.0286,0,0
0.029,0,0
0.0294,0,0
0.0298,0,0
0.0302,0.0114237,0.00809417
0.0306,0,0
0.031,0,0
0.0314,0,0
0.0318,0.00087577,0.00222775
0.0322,0,0
0.0326,0,0
0.033,0.00602724,0.00603861
0.0334,0,0
0.0338,0,0
0.0342,0,0
0.0346,0,0
0.035,0.00124289,0.00270581
0.0354,0,0
0.0358,0.0055929,0.00560272
0.0362,0,0
0.0366,0,0
0.037,0.00599512,0.00600641
0.0374,0,0
0.0378,0.00569801,0.00570821
0.0382,0,0
0.0386,0,0
0.039,0,0
0.0394,0,0
0.0398,0.00580409,0.0058147
0.0402,0,0
0.0406,0,0
0.041,0,0
0.0414,0,0
0.0418,0,0
0.0422,0,0
0.0426,0,0
0.043,0,0
0.0434,0,0
0.0438,0.00575083,0.00576129
0.0442,0,0
0.0446,0,0
0.045,0,0
0.0454,0,0
0.0458,0,0
0.0462,0,0
0.0466,0,0
0.047,0,0
0.0474,0.00550809,0.00551772
0.0478,0,0
0.0482,0,0
0.0486,0.00554037,0.00555013
0.049,0,0
0.0494,0,0
0.0498,0.00594571,0.00595697
0.0502,0,0
0.0506,0,0
0.051,0,0
0.0514,0,0
0.0518,0,0
0.0522,0,0
0.0526,0.00586657,0.00587756
0.053,0,0
0.0534,0.00538551,0.00539479
0.0538,0,0
0.0542,0,0
0.0546,0,0
0.055,0,0
0.0554,0,0
0.0558,0,0
0.0562,0,0
0.0566,0,0
0.057,0.00609633,0.00610827
0.0574,0,0
0.0578,0,0
0.0582,0,0
0.0586,0,0
0.059,0,0
0.0594,0.00568499,0.0056954
0.0598,0,0
0.0602,0,0
0.0606,0,0
0.061,0,0
0.0614,0,0
0.0618,0,0
0.0622,0.00545739,0.00546702
0.0626,0.00534131,0.00535054
0.063,0,0
0.0634,0,0
0.0638,0,0
0.0642,0,0
0.0646,0,0
0.065,0,0
0.0654,0,0
0.0658,0,0
0.0662,0,0
0.0666,0,0
0.067,0,0
0.0674,0,0
0.0678,0,0
0.0682,0.0104219,0.00738191
0.0686,0,0
0.069,0,0
0.0694,0,0
0.0698,0,0
0.0702,0,0
0.0706,0,0
0.071,0.00517499,0.00524238
0.0714,0,0
0.0718,0,0
0.0722,0,0
0.0726,0,0
0.073,0,0
0.0734,0,0
0.0738,0,0
0.0742,0,0
0.0746,0,0
0.075,0,0
0.0754,0,0
0.0758,0,0
0.0762,0,0
0.0766,0,0
0.077,0,0
0.0774,0,0
0.0778,0,0
0.0782,0,0
0.0786,0.00518042,0.00518927
0.079,0,0
0.0794,0,0
0.0798,0,0
0.0802,0.00527957,0.00528877
0.0806,0,0
0.081,0,0
0.0814,0,0
0.0818,0,0
0.0822,0,0
0.0826,0,0
0.083,0,0
0.0834,0,0
0.0838,0,0
0.0842,0,0
0.0846,0,0
0.085,0,0
0.0854,0,0
0.0858,0.00515105,0.00515984
0.0862,0,0
0.0866,0,0
0.087,0,0
0.0874,0,0
0.0878,0,0
0.0882,0,0
0.0886,0,0
0.089,0,0
0.0894,0,0
0.0898,0,0
0.0902,0,0
0.0906,0.00573393,0.00574483
0.091,0,0
0.0914,0,0
0.0918,0.00413537,0.00468581
0.0922,0,0
0.0926,0,0
0.093,0,0
0.0934,0,0
0.0938,0,0
0.0942,0,0
0.0946,0.0048859,0.00519014
0.095,0,0
0.0954,0,0
0.0958,0,0
0.0962,0,0
0.0966,0,0
0.097,0,0
0.0974,0,0
0.0978,0,0
0.0982,0,0
0.0986,0,0
0.099,0,0
0.0994,0,0
0.0998,0,0
0.1002,0,0
0.1006,0,0
0.101,0,0
0.1014,0,0
0.1018,0,0
0.1022,0,0
0.1026,0,0
0.103,0,0
0.1034,0.00632256,0.00633584
0.1038,0,0
0.1042,0.00607758,0.00628656
0.1046,0,0
0.105,0,0
0.1054,0,0
0.1058,0,0
0.1062,0,0
0.1066,0,0
0.107,0,0
0.1074,0.00680556,0.00682091
0.1078,0,0
0.1082,0,0
0.1086,0,0
0.109,0,0
0.1094,0,0
0.1098,0,0
0.1102,0,0
0.1106,0.00285111,0.00442191
0.111,0,0
0.1114,0,0
0.1118,0,0
0.1122,0,0
0.1126,0.00831131,0.00833408
0.113,0,0
0.1134,0,0
0.1138,0,0
0.1142,0,0
0.1146,0,0
0.115,0,0
0.1154,0,0
0.1158,0,0
0.1162,0.00950223,0.0095318
0.1166,0,0
0.117,0,0
0.1174,0,0
0.1178,0,0
0.1182,0,0
0.1186,0,0
0.119,0,0
0.1194,0,0
0.1198,0,0
8
-0.1198,0,0
-0.1194,0,0
-0.119,0,0
-0.1186,0,0
-0.1182,0,0
-0.1178,0,0
-0.1174,0,0
-0.117,0,0
-0.1166,0,0
-0.1162,0,0
-0.1158,0,0
-0.1154,0,0
-0.115,0,0
-0.1146,0,0
-0.1142,0,0
-0.1138,0,0
-0.1134,0,0
-0.113,0,0
-0.1126,0,0
-0.1122,0,0
-0.1118,0,0
-0.1114,0,0
-0.111,0,0
-0.1106,0,0
-0.1102,0,0
-0.1098,0,0
-0.1094,0,0
-0.109,0,0
-0.1086,0,0
-0.1082,0,0
-0.1078,0,0
-0.1074,0,0
-0.107,0,0
-0.1066,0.00370154,0.00370798
-0.1062,0,0
-0.1058,0,0
-0.1054,0,0
-0.105,0,0
-0.1046,0,0
-0.1042,0.00810145,0.00573947
-0.1038,0,0
-0.1034,0,0
-0.103,0,0
-0.1026,0,0
-0.1022,0,0
-0.1018,0,0
-0.1014,0,0
-0.101,0,0
-0.1006,0,0
-0.1002,0,0
-0.0998,0,0
-0.0994,0,0
-0.099,0.00396495,0.00397226
-0.0986,0,0
-0.0982,0,0
-0.0978,0.00404967,0.00405728
-0.0974,0,0
-0.097,0,0
-0.0966,0,0
-0.0962,0,0
-0.0958,0,0
-0.0954,0,0
-0.095,0.00288317,0.00345326
-0.0946,0,0
-0.0942,0,0
-0.0938,0,0
-0.0934,0,0
-0.093,0,0
-0.0926,0,0
-0.0922,0,0
-0.0918,0,0
-0.0914,0.00417519,0.00418321
-0.091,0,0
-0.0906,0,0
-0.0902,0,0
-0.0898,0,0
-0.0894,0,0
-0.089,0,0
-0.0886,0,0
-0.0882,0,0
-0.0878,0,0
-0.0874,0,0
-0.087,0,0
-0.0866,0,0
-0.0862,0,0
-0.0858,0,0
-0.0854,0,0
-0.085,0,0
-0.0846,0,0
-0.0842,0,0
-0.0838,0.00429948,0.0043079
-0.0834,0,0
-0.083,0.00392039,0.00392739
-0.0826,0,0
-0.0822,0,0
-0.0818,0.003991,0.00399824
-0.0814,0,0
-0.081,0,0
-0.0806,0,0
-0.0802,0.004025,0.00403236
-0.0798,0,0
-0.0794,0,0
-0.079,0,0
-0.0786,0,0
-0.0782,0,0
-0.0778,0,0
-0.0774,0,0
-0.077,0.00420177,0.00420975
-0.0766,0,0
-0.0762,0,0
-0.0758,0,0
-0.0754,0,0
-0.075,0,0
-0.0746,0,0
-0.0742,0.00404068,0.00404805
-0.0738,0,0
-0.0734,0,0
-0.073,0,0
-0.0726,0,0
-0.0722,0.00848894,0.00601412
-0.0718,0,0
-0.0714,0,0
-0.071,0,0
-0.0706,0,0
-0.0702,0,0
-0.0698,0,0
-0.0694,0,0
-0.069,0,0
-0.0686,0,0
-0.0682,0,0
-0.0678,0,0
-0.0674,0,0
-0.067,0.00432542,0.00433382
-0.0666,0,0
-0.0662,0.00853538,0.006047
-0.0658,0,0
-0.0654,0,0
-0.065,0,0
-0.0646,0,0
-0.0642,0,0
-0.0638,0,0
-0.0634,0,0
-0.063,0.00427437,0.00428257
-0.0626,0,0
-0.0622,0,0
-0.0618,0,0
-0.0614,0,0
-0.061,0,0
-0.0606,0.00411975,0.00412735
-0.0602,0,0
-0.0598,0,0
-0.0594,0,0
-0.059,0,0
-0.0586,0,0
-0.0582,0,0
-0.0578,0,0
-0.0574,0,0
-0.057,0,0
-0.0566,0,0
-0.0562,0,0
-0.0558,0,0
-0.0554,0,0
-0.055,0.00400573,0.00401291
-0.0546,0,0
-0.0542,0.000382058,0.00127659
-0.0538,0,0
-0.0534,0,0
-0.053,0,0
-0.0526,0.00426019,0.00426831
-0.0522,0,0
-0.0518,0,0
-0.0514,0,0
-0.051,0,0
-0.0506,0,0
-0.0502,0,0
-0.0498,0,0
-0.0494,0,0
-0.049,0,0
-0.0486,0.00420735,0.00421527
-0.0482,0,0
-0.0478,0.00427691,0.0042851
-0.0474,0,0
-0.047,0,0
-0.0466,0.00388617,0.00389293
-0.0462,0.00430122,0.0043095
-0.0458,0,0
-0.0454,0,0
-0.045,0.00300712,0.00360845
-0.0446,0,0
-0.0442,0,0
-0.0438,0,0
-0.0434,0,0
-0.043,0.00389914,0.00390594
-0.0426,0.0042923,0.00430054
-0.0422,0,0
-0.0418,0,0
-0.0414,0,0
-0.041,0,0
-0.0406,0,0
-0.0402,0,0
-0.0398,0,0
-0.0394,0.00418388,0.0041917
-0.039,0,0
-0.0386,0,0
-0.0382,0,0
-0.0378,0,0
-0.0374,0,0
-0.037,0,0
-0.0366,0,0
-0.0362,0,0
-0.0358,0,0
-0.0354,0,0
-0.035,0.00387222,0.00387891
-0.0346,0,0
-0.0342,0,0
-0.0338,0.00394105,0.00394798
-0.0334,0.00428874,0.00429695
-0.033,0,0
-0.0326,0,0
-0.0322,0,0
-0.0318,0,0
-0.0314,0.00432125,0.00432957
-0.031,0,0
-0.0306,0.00378643,0.00379282
-0.0302,0.00888386,0.00629428
-0.0298,0,0
-0.0294,0,0
-0.029,0,0
-0.0286,0,0
-0.0282,0.00427332,0.00428146
-0.0278,0.00214878,0.00300119
-0.0274,0.00410254,0.00411003
-0.027,0,0
-0.0266,0,0
-0.0262,0.00408908,0.00409653
-0.0258,0.00485494,0.00486543
-0.0254,0,0
-0.025,0,0
-0.0246,0,0
-0.0242,0,0
-0.0238,0,0
-0.0234,0.0042275,0.00423545
-0.023,0,0
-0.0226,0,0
-0.0222,0.00415601,0.00416369
-0.0218,0,0
-0.0214,0,0
-0.021,0,0
-0.0206,0,0
-0.0202,0.00443376,0.0044425
-0.0198,0.00408024,0.00408764
-0.0194,0,0
-0.019,0,0
-0.0186,0,0
-0.0182,0,0
-0.0178,0.00399339,0.00400047
-0.0174,0.00390301,0.00390978
-0.017,0,0
-0.0166,0,0
-0.0162,0,0
-0.0158,0,0
-0.0154,0,0
-0.015,0,0
-0.0146,0,0
-0.0142,0.00395,0.00395692
-0.0138,0,0
-0.0134,0,0
-0.013,0.00307778,0.00346791
-0.0126,0,0
-0.0122,0.00418208,0.00418983
-0.0118,0,0
-0.0114,0,0
-0.011,0,0
-0.0106,0,0
-0.0102,0,0
-0.0098,0,0
-0.0094,0,0
-0.009,0,0
-0.0086,0.00466027,0.00466986
-0.0082,0.0044111,0.0044197
-0.0078,0,0
-0.0074,0.00826095,0.00585204
-0.007,0.0044825,0.00449137
-0.0066,0,0
-0.0062,0,0
-0.0058,0.00239186,0.00321708
-0.0054,0.011952,0.00691382
-0.005,0.00780537,0.00552873
-0.0046,0.0163867,0.0082082
-0.0042,0.00906521,0.00642704
-0.0038,0.00976949,0.00654743
-0.0034,0.0474255,0.0143268
-0.003,0.0525819,0.0149067
-0.0026,0.0817392,0.0193211
-0.0022,0.164255,0.0259116
-0.0018,0.204078,0.029617
-0.0014,0.301894,0.033549
-0.001,0.407063,0.0397874
-0.0006,0.668503,0.0528018
-0.0002,0.606589,0.0505855
0.0002,0.662866,0.0523391
0.0006,0.500341,0.0443219
0.001,0.332839,0.0365638
0.0014,0.305997,0.0350264
0.0018,0.215885,0.0299731
0.0022,0.152546,0.0250472
0.0026,0.0801107,0.0184233
0.003,0.0713089,0.0168671
0.0034,0.0864797,0.0191135
0.0038,0.0343503,0.0121682
0.0042,0.0349155,0.0121155
0.0046,0.0159429,0.00798761
0.005,0.0125176,0.00724025
0.0054,0.00821028,0.00581599
0.0058,0.0295108,0.0111769
0.0062,0.0253924,0.0106178
0.0066,0.022891,0.0102581
0.007,0.0176668,0.00862387
0.0074,0.00435298,0.00436127
0.0078,0.00796526,0.00564229
0.0082,0.00790447,0.00559898
0.0086,0.00494146,0.00450324
0.009,0.00430196,0.00431005
0.0094,0,0
0.0098,0.00403605,0.00404317
0.0102,0.00392849,0.00393524
0.0106,0.0039492,0.00400223
0.011,0,0
0.0114,0,0
0.0118,0,0
0.0122,0.00390483,0.00391149
0.0126,0,0
0.013,0,0
0.0134,0,0
0.0138,0,0
0.0142,0,0
0.0146,0.00380653,0.00381285
0.015,0,0
0.0154,0,0
0.0158,0,0
0.0162,0,0
0.0166,0.00464866,0.00465807
0.017,0,0
0.0174,0,0
0.0178,0,0
0.0182,0,0
0.0186,0,0
0.019,0,0
0.0194,0,0
0.0198,0.00438422,0.00439258
0.0202,0,0
0.0206,0.00392255,0.00414832
0.021,0,0
0.0214,0,0
0.0218,0,0
0.0222,0,0
0.0226,0,0
0.023,0,0
0.0234,0,0
0.0238,0,0
0.0242,0,0
0.0246,0,0
0.025,0,0
0.0254,0.0041098,0.00411713
0.0258,0,0
0.0262,0,0
0.0266,0,0
0.027,0,0
0.0274,0,0
0.0278,0,0
0.0282,0.000221147,0.000927819
0.0286,0,0
0.029,0.00388264,0.00388916
0.0294,0,0
0.0298,0,0
0.0302,0,0
0.0306,0,0
0.031,0,0
0.0314,0,0
0.0318,0.00344839,0.00375816
0.0322,0,0
0.0326,0,0
0.033,0,0
0.0334,0.0039647,0.00397149
0.0338,0,0
0.0342,0.00830919,0.00588603
0.0346,0,0
0.035,0.00455213,0.00456107
0.0354,0.0124583,0.00720696
0.0358,0,0
0.0362,0,0
0.0366,0,0
0.037,0,0
0.0374,0,0
0.0378,0,0
0.0382,0,0
0.0386,0.00418196,0.0041895
0.039,0,0
0.0394,0.00437696,0.00438521
0.0398,0,0
0.0402,0,0
0.0406,0,0
0.041,0,0
0.0414,0,0
0.0418,0,0
0.0422,0,0
0.0426,0,0
0.043,0.00406841,0.00407553
0.0434,0,0
0.0438,0,0
0.0442,0,0
0.0446,0,0
0.045,0,0
0.0454,0,0
0.0458,0,0
0.0462,0,0
0.0466,0.0046737,0.00468307
0.047,0,0
0.0474,0.00407632,0.00408345
0.0478,0,0
0.0482,0,0
0.0486,0,0
0.049,0,0
0.0494,0,0
0.0498,0,0
0.0502,0,0
0.0506,0.00416556,0.00417298
0.051,0,0
0.0514,0,0
0.0518,0,0
0.0522,0,0
0.0526,0,0
0.053,0,0
0.0534,0,0
0.0538,0.00353304,0.00377135
0.0542,0,0
0.0546,0,0
0.055,0,0
0.0554,0,0
0.0558,0,0
0.0562,0,0
0.0566,0,0
0.057,0.00460377,0.00461278
0.0574,0,0
0.0578,0,0
0.0582,0,0
0.0586,0,0
0.059,0,0
0.0594,0,0
0.0598,0,0
0.0602,0,0
0.0606,0.00435733,0.00436537
0.061,0,0
0.0614,0,0
0.0618,0,0
0.0622,0,0
0.0626,0,0
0.063,0,0
0.0634,0,0
0.0638,0,0
0.0642,0,0
0.0646,0,0
0.065,0.00419108,0.00419847
0.0654,0,0
0.0658,0,0
0.0662,0,0
0.0666,0,0
0.067,0,0
0.0674,0.00423808,0.00424562
0.0678,0,0
0.0682,0.00398378,0.00399043
0.0686,0,0
0.069,0,0
0.0694,0,0
0.0698,0,0
0.0702,0,0
0.0706,0.00421691,0.00422433
0.071,9.20048e-05,0.000619054
0.0714,0,0
0.0718,0,0
0.0722,0,0
0.0726,0,0
0.073,0.00426711,0.00427468
0.0734,0,0
0.0738,0,0
0.0742,0.00432067,0.00432842
0.0746,0,0
0.075,0,0
0.0754,0,0
0.0758,0,0
0.0762,0,0
0.0766,0,0
0.077,0,0
0.0774,0,0
0.0778,0.00441101,0.00441906
0.0782,0,0
0.0786,0,0
0.079,0,0
0.0794,0,0
0.0798,0,0
0.0802,0.00260456,0.00332266
0.0806,0,0
0.081,0,0
0.0814,0,0
0.0818,0,0
0.0822,0,0
0.0826,0,0
0.083,0.00406538,0.00407217
0.0834,0,0
0.0838,0,0
0.0842,0,0
0.0846,0,0
0.085,0,0
0.0854,0.00415967,0.00416676
0.0858,0,0
0.0862,0,0
0.0866,0,0
0.087,0,0
0.0874,0,0
0.0878,0,0
0.0882,0,0
0.0886,0.005071,0.0050815
0.089,0,0
0.0894,0,0
0.0898,0,0
0.0902,0,0
0.0906,0,0
0.091,0,0
0.0914,0,0
0.0918,0,0
0.0922,0,0
0.0926,0.00481873,0.00482817
0.093,0,0
0.0934,0,0
0.0938,0,0
0.0942,0,0
0.0946,0.000497007,0.00149743
0.095,0,0
0.0954,0.00451681,0.00452508
0.0958,0,0
0.0962,0,0
0.0966,0,0
0.097,0,0
0.0974,0,0
0.0978,0,0
0.0982,0,0
0.0986,0,0
0.099,0.00492947,0.00493929
0.0994,0,0
0.0998,0,0
0.1002,0,0
0.1006,0,0
0.101,0,0
0.1014,0,0
0.1018,0,0
0.1022,0,0
0.1026,0,0
0.103,0,0
0.1034,0,0
0.1038,0,0
0.1042,0.00532937,0.00534082
0.1046,0,0
0.105,0,0
0.1054,0,0
0.1058,0,0
0.1062,0.00528419,0.00529544
0.1066,0,0
0.107,0,0
0.1074,0,0
0.1078,0.0126219,0.00894772
0.1082,0,0
0.1086,0,0
0.109,0,0
0.1094,0.00639741,0.00641389
0.1098,0.00584337,0.00585712
0.1102,0,0
0.1106,0.00326255,0.00428476
0.111,0,0
0.1114,0,0
0.1118,0,0
0.1122,0,0
0.1126,0,0
0.113,0,0
0.1134,0,0
0.1138,0,0
0.1142,0,0
0.1146,0,0
0.115,0,0
0.1154,0,0
0.1158,0,0
0.1162,0,0
0.1166,0,0
0.117,0,0
0.1174,0,0
0.1178,0,0
0.1182,0,0
0.1186,0,0
0.119,0,0
0.1194,0,0
0.1198,0,0
9
-0.1198,0,0
-0.1194,0,0
-0.119,0,0
-0.1186,0,0
-0.1182,0.00389716,0.00390461
-0.1178,0,0
-0.1174,0,0
-0.117,0,0
-0.1166,0,0
-0.1162,0.00397952,0.00398732
-0.1158,0,0
-0.1154,0,0
-0.115,0,0
-0.1146,0,0
-0.1142,0,0
-0.1138,0.00805558,0.00570751
-0.1134,0.00773153,0.00547748
-0.113,0,0
-0.1126,0.0036523,0.0036589
-0.1122,0,0
-0.1118,0,0
-0.1114,0,0
-0.111,0,0
-0.1106,0,0
-0.1102,0,0
-0.1098,0,0
-0.1094,0,0
-0.109,0,0
-0.1086,0,0
-0.1082,0.00387636,0.00388385
-0.1078,0,0
-0.1074,0,0
-0.107,0,0
-0.1066,0.00353369,0.00353993
-0.1062,0,0
-0.1058,0,0
-0.1054,0,0
-0.105,0,0
-0.1046,0,0
-0.1042,0,0
-0.1038,0,0
-0.1034,0,0
-0.103,0,0
-0.1026,0,0
-0.1022,0,0
-0.1018,0,0
-0.1014,0,0
-0.101,0,0
-0.1006,0,0
-0.1002,0,0
-0.0998,0.00357759,0.00358406
-0.0994,0,0
-0.099,0,0
-0.0986,0,0
-0.0982,0,0
-0.0978,0.00364643,0.00365317
-0.0974,0,0
-0.097,0,0
-0.0966,0,0
-0.0962,0,0
-0.0958,0,0
-0.0954,0,0
-0.095,0.0011231,0.0020535
-0.0946,0,0
-0.0942,0,0
-0.0938,0,0
-0.0934,0,0
-0.093,0,0
-0.0926,0,0
-0.0922,0.00398767,0.00399579
-0.0918,0,0
-0.0914,0,0
-0.091,0,0
-0.0906,0,0
-0.0902,0,0
-0.0898,0,0
-0.0894,0,0
-0.089,0,0
-0.0886,0,0
-0.0882,0,0
-0.0878,0,0
-0.0874,0,0
-0.087,0,0
-0.0866,0,0
-0.0862,0.00381167,0.00381914
-0.0858,0,0
-0.0854,0,0
-0.085,0,0
-0.0846,0,0
-0.0842,0,0
-0.0838,0,0
-0.0834,0,0
-0.083,0,0
-0.0826,0,0
-0.0822,0,0
-0.0818,0,0
-0.0814,0,0
-0.081,0,0
-0.0806,0,0
-0.0802,0,0
-0.0798,0,0
-0.0794,0,0
-0.079,0,0
-0.0786,0,0
-0.0782,0.00362063,0.00362743
-0.0778,0,0
-0.0774,0,0
-0.077,0.00365815,0.0036651
-0.0766,0,0
-0.0762,0,0
-0.0758,0.00357801,0.00358467
-0.0754,0,0
-0.075,0,0
-0.0746,0.00334852,0.00335436
-0.0742,0.00357581,0.00358247
-0.0738,0,0
-0.0734,0,0
-0.073,0,0
-0.0726,0.00372721,0.00373445
-0.0722,0,0
-0.0718,0,0
-0.0714,0,0
-0.071,0.00347371,0.00348002
-0.0706,0,0
-0.0702,0.00685787,0.00487261
-0.0698,0,0
-0.0694,0,0
-0.069,0.00359813,0.00360491
-0.0686,0,0
-0.0682,0,0
-0.0678,0,0
-0.0674,0,0
-0.067,0,0
-0.0666,0,0
-0.0662,0,0
-0.0658,0,0
-0.0654,0,0
-0.065,0,0
-0.0646,0,0
-0.0642,0,0
-0.0638,0,0
-0.0634,0.00728719,0.0051627
-0.063,0,0
-0.0626,0.00334256,0.00334843
-0.0622,0,0
-0.0618,0,0
-0.0614,0,0
-0.061,0,0
-0.0606,0,0
-0.0602,0,0
-0.0598,0,0
-0.0594,0.00678265,0.00480464
-0.059,0,0
-0.0586,0,0
-0.0582,0,0
-0.0578,0,0
-0.0574,0,0
-0.057,0,0
-0.0566,0,0
-0.0562,0,0
-0.0558,0.00341263,0.00341879
-0.0554,0,0
-0.055,0,0
-0.0546,0.00357812,0.00358489
-0.0542,0.00340098,0.0034071
-0.0538,0,0
-0.0534,0.00387304,0.00388098
-0.053,0,0
-0.0526,0.00386395,0.00387186
-0.0522,0,0
-0.0518,0.00380369,0.00381135
-0.0514,0,0
-0.051,0.00330579,0.00331159
-0.0506,0,0
-0.0502,0,0
-0.0498,0,0
-0.0494,0,0
-0.049,0,0
-0.0486,0,0
-0.0482,0,0
-0.0478,0.00348077,0.00348721
-0.0474,0,0
-0.047,0,0
-0.0466,0.00361771,0.00362468
-0.0462,0,0
-0.0458,0.00364317,0.00365023
-0.0454,0,0
-0.045,0.00109692,0.00199713
-0.0446,0.00365303,0.00366014
-0.0442,0.00343259,0.00343887
-0.0438,0.00337491,0.00338098
-0.0434,0,0
-0.043,0,0
-0.0426,0.00326508,0.00327077
-0.0422,0,0
-0.0418,0,0
-0.0414,0.00384341,0.00385131
-0.041,0.00344181,0.00344815
-0.0406,0,0
-0.0402,0,0
-0.0398,0,0
-0.0394,0,0
-0.039,0.00698411,0.00494776
-0.0386,0.0069436,0.00491901
-0.0382,0,0
-0.0378,0.00340787,0.0034141
-0.0374,0.00340644,0.00341267
-0.037,0,0
-0.0366,0.00345446,0.00346087
-0.0362,0,0
-0.0358,0,0
-0.0354,0.00354491,0.00355167
-0.035,0.0032108,0.00321635
-0.0346,0,0
-0.0342,0,0
-0.0338,0,0
-0.0334,0,0
-0.033,0,0
-0.0326,0.00353902,0.00354577
-0.0322,0.00350577,0.0035124
-0.0318,0.00693895,0.00491577
-0.0314,0.00365017,0.00365737
-0.031,0,0
-0.0306,0,0
-0.0302,0,0
-0.0298,0,0
-0.0294,0,0
-0.029,0,0
-0.0286,0.00345788,0.00346437
-0.0282,0,0
-0.0278,0.00342859,0.00343497
-0.0274,0,0
-0.027,0,0
-0.0266,0,0
-0.0262,0.00334907,0.00335517
-0.0258,0.00334513,0.00335122
-0.0254,0,0
-0.025,0,0
-0.0246,0.0104955,0.00607115
-0.0242,0,0
-0.0238,0,0
-0.0234,0,0
-0.023,0,0
-0.0226,0,0
-0.0222,0,0
-0.0218,0.00314673,0.00315214
-0.0214,0,0
-0.021,0.00305867,0.00306378
-0.0206,0,0
-0.0202,0,0
-0.0198,0.00330966,0.00331566
-0.0194,0,0
-0.019,0,0
-0.0186,0,0
-0.0182,0,0
-0.0178,0,0
-0.0174,0,0
-0.017,0,0
-0.0166,0,0
-0.0162,0.00340655,0.00341294
-0.0158,0.00323349,0.00323925
-0.0154,0.00330863,0.00331466
-0.015,0,0
-0.0146,0.0031765,0.00318206
-0.0142,0,0
-0.0138,0.00343939,0.00344592
-0.0134,0.00317632,0.00318189
-0.013,0.00377969,0.00344278
-0.0126,0.00335062,0.00335683
-0.0122,0,0
-0.0118,0.00668612,0.00473655
-0.0114,0.00315653,0.00316204
-0.011,0.00311087,0.00311623
-0.0106,0.00328937,0.00329537
-0.0102,0,0
-0.0098,0.00326587,0.00327179
-0.0094,0.0134375,0.00673405
-0.009,0.0064926,0.00460861
-0.0086,0.0060763,0.00430386
-0.0082,0.0207875,0.00850543
-0.0078,0.0130959,0.00655989
-0.0074,0.0133735,0.00670361
-0.007,0.0135256,0.00678402
-0.0066,0.0303441,0.0101353
-0.0062,0.0202561,0.00828569
-0.0058,0.0219468,0.0086613
-0.0054,0.00943379,0.00545713
-0.005,0.00615589,0.00436037
-0.0046,0.00953324,0.00551522
-0.0042,0.0110918,0.00641713
-0.0038,0.032853,0.0105959
-0.0034,0.0270977,0.00959881
-0.003,0.061484,0.0143519
-0.0026,0.0595896,0.0144999
-0.0022,0.169752,0.0236239
-0.0018,0.212007,0.026691
-0.0014,0.354394,0.0322172
-0.001,0.664807,0.0450086
-0.0006,0.820181,0.0517479
-0.0002,0.979341,0.0568425
0.0002,0.819656,0.05144
0.0006,0.577373,0.0422158
0.001,0.411329,0.0360793
0.0014,0.241954,0.027467
0.0018,0.139336,0.0212622
0.0022,0.0745373,0.0155106
0.0026,0.07859,0.0160812
0.003,0.0159848,0.00713982
0.0034,0.0527248,0.0132061
0.0038,0.0134188,0.0067221
0.0042,0.0140142,0.00673605
0.0046,0.0122298,0.00612679
0.005,0.019348,0.0079135
0.0054,0.00960031,0.00555295
0.0058,0,0
0.0062,0.000894753,0.00176959
0.0066,0.0105999,0.00613238
0.007,0.0220761,0.00851221
0.0074,0.0100935,0.00583863
0.0078,0.00930152,0.00537968
0.0082,0.00610255,0.00432262
0.0086,0.0144162,0.00660182
0.009,0.00962541,0.00556897
0.0094,0,0
0.0098,0.00302528,0.00303047
0.0102,0.00604376,0.00428092
0.0106,0,0
0.011,0.00302381,0.003029
0.0114,0,0
0.0118,0.00652254,0.00462069
0.0122,0,0
0.0126,0,0
0.013,0.00625887,0.00443418
0.0134,0,0
0.0138,0,0
0.0142,0.00306678,0.00307213
0.0146,0.00291267,0.0029175
0.015,0,0
0.0154,0,0
0.0158,0.00648092,0.00459117
0.0162,0.00329035,0.00329652
0.0166,0.00330754,0.00331379
0.017,0.00328514,0.0032913
0.0174,0.00993928,0.00574976
0.0178,0,0
0.0182,0,0
0.0186,0,0
0.019,0.00319848,0.00320433
0.0194,0,0
0.0198,0,0
0.0202,0.00331951,0.00332582
0.0206,0.00697711,0.00482096
0.021,0,0
0.0214,0,0
0.0218,0,0
0.0222,0,0
0.0226,0.00284173,0.00284636
0.023,0,0
0.0234,0,0
0.0238,0,0
0.0242,0,0
0.0246,0,0
0.025,0.00324991,0.00325598
0.0254,0.00625281,0.00442935
0.0258,0.00924453,0.00534685
0.0262,0,0
0.0266,0.00322342,0.00322939
0.027,0.00655023,0.00464044
0.0274,0.00599974,0.00424978
0.0278,0,0
0.0282,0.00275351,0.00284027
0.0286,0,0
0.029,0,0
0.0294,0,0
0.0298,0,0
0.0302,0.00316109,0.00316685
0.0306,0.00330332,0.0033096
0.031,0,0
0.0314,0,0
0.0318,0.00305978,0.00306517
0.0322,0,0
0.0326,0,0
0.033,0.00611132,0.00432898
0.0334,0.00611297,0.00433015
0.0338,0,0
0.0342,0.003475,0.00348197
0.0346,0.00347419,0.00348116
0.035,0,0
0.0354,0.00306081,0.00306622
0.0358,0.00303497,0.00304029
0.0362,0.00309654,0.00310208
0.0366,0,0
0.037,0,0
0.0374,0.00325457,0.0032607
0.0378,0,0
0.0382,0,0
0.0386,0,0
0.039,0,0
0.0394,0,0
0.0398,0.0063119,0.00447135
0.0402,0.00299794,0.00300314
0.0406,0,0
0.041,0,0
0.0414,0.00343368,0.00344051
0.0418,0.00343304,0.00343987
0.0422,0,0
0.0426,0,0
0.043,0.0030756,0.00308109
0.0434,0,0
0.0438,0.00313454,0.00314024
0.0442,0.00328433,0.00329059
0.0446,0.00622342,0.00440857
0.045,0,0
0.0454,0,0
0.0458,0,0
0.0462,0.00604952,0.00428517
0.0466,0.0034535,0.00346042
0.047,0.00317379,0.00317964
0.0474,0,0
0.0478,0,0
0.0482,0,0
0.0486,0,0
0.049,0,0
0.0494,0.00303612,0.00304148
0.0498,0.00325383,0.00325998
0.0502,0.00313386,0.00313958
0.0506,0.00306337,0.00306883
0.051,0.00306253,0.00306798
0.0514,0,0
0.0518,0.00297934,0.00298451
0.0522,0,0
0.0526,0,0
0.053,0,0
0.0534,0,0
0.0538,0.000350404,0.00101589
0.0542,0.00315392,0.00315972
0.0546,0,0
0.055,0,0
0.0554,0,0
0.0558,0,0
0.0562,0.00307997,0.00308551
0.0566,0,0
0.057,0,0
0.0574,0,0
0.0578,0.0029252,0.00293021
0.0582,0.00321983,0.00322589
0.0586,0,0
0.059,0.00307459,0.00308013
0.0594,0,0
0.0598,0.00312547,0.00313119
0.0602,0,0
0.0606,0.00314654,0.00315234
0.061,0,0
0.0614,0.00293889,0.00294396
0.0618,0,0
0.0622,0,0
0.0626,0.00294179,0.00294687
0.063,0,0
0.0634,0,0
0.0638,0,0
0.0642,0,0
0.0646,0.00330336,0.00330978
0.065,0,0
0.0654,0,0
0.0658,0,0
0.0662,0,0
0.0666,0,0
0.067,0.00279205,0.00279664
0.0674,0,0
0.0678,0.00314156,0.00314738
0.0682,0,0
0.0686,0,0
0.069,0,0
0.0694,0.00301452,0.00301989
0.0698,0,0
0.0702,0,0
0.0706,0.00594767,0.00421304
0.071,0.00292456,0.00292962
0.0714,0.00305086,0.00305637
0.0718,0,0
0.0722,0,0
0.0726,0.00288269,0.00288762
0.073,0,0
0.0734,0,0
0.0738,0,0
0.0742,0,0
0.0746,0,0
0.075,0,0
0.0754,0.00296518,0.0029704
0.0758,0.00605915,0.00429219
0.0762,0,0
0.0766,0,0
0.077,0,0
0.0774,0.0028953,0.0029003
0.0778,0,0
0.0782,0.00308327,0.00308894
0.0786,0.0032145,0.00322066
0.079,0.0027934,0.00279806
0.0794,0.00287468,0.00287962
0.0798,0.00290847,0.00291352
0.0802,0.00111671,0.00180665
0.0806,0.00300812,0.00301353
0.081,0.00283225,0.00283705
0.0814,0,0
0.0818,0,0
0.0822,0,0
0.0826,0.00294912,0.00295433
0.083,0.00554833,0.00392983
0.0834,0,0
0.0838,0,0
0.0842,0,0
0.0846,0.00303641,0.00304194
0.085,0,0
0.0854,0,0
0.0858,0,0
0.0862,0,0
0.0866,0,0
0.087,0.00279098,0.00279568
0.0874,0.00590062,0.00417979
0.0878,0,0
0.0882,0,0
0.0886,0.00343203,0.00343913
0.089,0.00269009,0.00269446
0.0894,0.00537869,0.00380948
0.0898,0.00621646,0.00440395
0.0902,0.00571745,0.00404983
0.0906,0,0
0.091,0,0
0.0914,0.00318275,0.00318887
0.0918,0.00580467,0.00411173
0.0922,0,0
0.0926,0,0
0.093,0,0
0.0934,0,0
0.0938,0.00317948,0.0031856
0.0942,0,0
0.0946,0,0
0.095,0.00301067,0.00301616
0.0954,0,0
0.0958,0,0
0.0962,0,0
0.0966,0.00328077,0.00328729
0.097,0.0028376,0.00284248
0.0974,0,0
0.0978,0,0
0.0982,0,0
0.0986,0,0
0.099,0.00328729,0.00329384
0.0994,0.0066473,0.00470983
0.0998,0,0
0.1002,0.00357631,0.00358406
0.1006,0.00330003,0.00330663
0.101,0,0
0.1014,0,0
0.1018,0.00343876,0.00344593
0.1022,0.00636698,0.00451084
0.1026,0.00317698,0.0031831
0.103,0,0
0.1034,0,0
0.1038,0,0
0.1042,0.0035439,0.00355152
0.1046,0,0
0.105,0,0
0.1054,0,0
0.1058,0,0
0.1062,0,0
0.1066,0,0
0.107,0,0
0.1074,0,0
0.1078,0,0
0.1082,0,0
0.1086,0,0
0.109,0,0
0.1094,0,0
0.1098,0,0
0.1102,0.00411002,0.00412027
0.1106,0,0
0.111,0,0
0.1114,0.00379471,0.00380345
0.1118,0.0077629,0.00550214
0.1122,0,0
0.1126,0,0
0.113,0,0
0.1134,0.00438763,0.00439932
0.1138,0,0
0.1142,0,0
0.1146,0,0
0.115,0,0
0.1154,0,0
0.1158,0,0
0.1162,0,0
0.1166,0,0
0.117,0,0
0.1174,0,0
0.1178,0.00458205,0.00459481
0.1182,0.00934636,0.00662942
0.1186,0,0
0.119,0,0
0.1194,0.0111834,0.00794664
0.1198,0,0
